0 2e-06
1.05 -0.001664
2.1 -0.003107
3.14999999999999 -0.004234
4.19999999999999 -0.005136
5.25 -0.005633
6.30000000000001 -0.005837
7.35000000000002 -0.005988
8.40000000000001 -0.006108
9.44999999999999 -0.006196
10.5 -0.006227
11.5499999999999 -0.006249
12.5999999999999 -0.006262
13.6499999999999 -0.00627
14.6999999999999 -0.006276
15.7499999999999 -0.006276
16.7999999999999 -0.00627
17.8499999999999 -0.00626
18.9 -0.006246
19.95 -0.006225
21 -0.006199
22.0500000000001 -0.006167
23.1000000000001 -0.006128
24.1500000000002 -0.006086
25.2000000000002 -0.006039
26.2500000000002 -0.005987
27.3000000000003 -0.00593
28.3500000000003 -0.00587
29.4000000000004 -0.005802
30.4500000000004 -0.005715
31.5000000000004 -0.004919
32.5500000000005 -0.00412
33.6000000000005 -0.003704
34.6500000000006 -0.003516
35.7000000000006 -0.003379
36.7500000000006 -0.003232
37.8000000000007 -0.00311
38.8500000000007 -0.002801
39.9000000000008 -0.00197
40.9500000000008 -0.001335
42.0000000000008 -0.001096
43.0500000000009 -0.000935
44.1000000000009 -0.000796
45.150000000001 -0.000668
46.200000000001 -0.000549
47.250000000001 -0.000473
48.3000000000011 -0.000412
49.3500000000011 -0.000355
50.4000000000011 -0.0003
51.4500000000012 -0.000247
52.5000000000012 -0.000196
53.5500000000013 -0.000147
54.6000000000013 -9.9e-05
55.6500000000013 -5.2e-05
56.7000000000014 -6e-06
57.7500000000014 3.8e-05
58.8000000000015 8e-05
59.8500000000015 0.000122
60.9000000000015 0.000163
61.9500000000016 0.000202
63.0000000000016 0.000243
64.0500000000017 0.000288
65.1000000000017 0.000333
66.1500000000017 0.000377
67.2000000000018 0.000421
68.2500000000018 0.000464
69.3000000000019 0.000506
70.3500000000019 0.000548
71.4000000000019 0.00059
72.450000000002 0.000628
73.500000000002 0.000662
74.5500000000021 0.000694
75.6000000000021 0.000723
76.6500000000021 0.000751
77.7000000000022 0.000778
78.7500000000022 0.000804
79.8000000000023 0.000829
80.8500000000023 0.000854
81.9000000000023 0.000877
82.9500000000024 0.0009
84.0000000000024 0.000921
85.0500000000025 0.000941
86.1000000000025 0.000961
87.1500000000025 0.000979
88.2000000000026 0.000997
89.2500000000026 0.001014
90.3000000000027 0.001029
91.3500000000027 0.001044
92.4000000000027 0.001059
93.4500000000028 0.001072
94.5000000000028 0.001084
95.5500000000029 0.001096
96.6000000000029 0.001107
97.6500000000029 0.001117
98.700000000003 0.001126
99.750000000003 0.001134
100.800000000003 0.001142
101.850000000003 0.001148
102.900000000003 0.001154
103.950000000003 0.001159
105.000000000003 0.001163
106.050000000003 0.001167
107.100000000003 0.00117
108.150000000003 0.001172
109.200000000003 0.001173
110.250000000003 0.001173
111.300000000003 0.001173
112.350000000003 0.001172
113.400000000004 0.001171
114.450000000004 0.001169
115.500000000004 0.001166
116.550000000004 0.001162
117.600000000004 0.001158
118.650000000004 0.001154
119.700000000004 0.001149
120.750000000004 0.001143
121.800000000004 0.001137
122.850000000004 0.00113
123.900000000004 0.001123
124.950000000004 0.001116
126.000000000004 0.001108
127.050000000004 0.001099
128.100000000004 0.00109
129.150000000004 0.001081
130.200000000004 0.001072
131.250000000004 0.001062
132.300000000004 0.001052
133.350000000004 0.001041
134.400000000004 0.001031
135.450000000004 0.001019
136.500000000004 0.001008
137.550000000004 0.000997
138.600000000004 0.000985
139.650000000005 0.000973
140.700000000005 0.000961
141.750000000005 0.000948
142.800000000005 0.000936
143.850000000005 0.000922
144.900000000005 0.000909
145.950000000005 0.000894
147.000000000005 0.000877
148.050000000005 0.000861
149.100000000005 0.000843
150.150000000005 -0.024488
151.200000000005 -0.13749
152.250000000005 -0.232748
153.300000000005 -0.305277
154.350000000005 -0.374489
155.400000000005 -0.429468
156.450000000005 -0.475006
157.500000000005 -0.508501
158.550000000005 -0.536376
159.600000000005 -0.529437
160.650000000005 -0.554983
161.700000000005 -0.574134
162.750000000005 -0.590598
163.800000000005 -0.600254
164.850000000005 -0.586666
165.900000000006 -0.59758
166.950000000006 -0.602735
168.000000000006 -0.588581
169.050000000006 -0.607355
170.100000000006 -0.620099
171.150000000006 -0.620064
172.200000000006 -0.61844
173.250000000006 -0.624576
174.300000000006 -0.626849
175.350000000006 -0.61984
176.400000000006 -0.625192
177.450000000006 -0.607876
178.500000000006 -0.613983
179.550000000006 -0.621722
180.600000000006 -0.626142
181.650000000006 -0.622468
182.700000000006 -0.625767
183.750000000006 -0.607529
184.800000000006 -0.606679
185.850000000006 -0.62557
186.900000000006 -0.616302
187.950000000006 -0.637211
189.000000000006 -0.623362
190.050000000006 -0.617906
191.100000000006 -0.617198
192.150000000007 -0.613375
193.200000000007 -0.61331
194.250000000007 -0.61234
195.300000000007 -0.602584
196.350000000007 -0.599518
197.400000000007 -0.610867
198.450000000007 -0.606557
199.500000000007 -0.628964
200.550000000007 -0.638679
201.600000000007 -0.620403
202.650000000007 -0.639681
203.700000000007 -0.634949
204.750000000007 -0.636505
205.800000000007 -0.637025
206.850000000007 -0.637387
207.900000000007 -0.632144
208.950000000007 -0.637035
210.000000000007 -0.636431
211.050000000007 -0.633676
212.100000000007 -0.629027
213.150000000007 -0.634994
214.200000000007 -0.631822
215.250000000007 -0.634384
216.300000000007 -0.63121
217.350000000007 -0.63063
218.400000000008 -0.633439
219.450000000008 -0.633608
220.500000000008 -0.628661
221.550000000008 -0.626542
222.600000000008 -0.629104
223.650000000008 -0.629023
224.700000000008 -0.63489
225.750000000008 -0.629123
226.800000000008 -0.631354
227.850000000008 -0.628511
228.900000000008 -0.630687
229.950000000008 -0.630163
231.000000000008 -0.630823
232.050000000008 -0.630685
233.100000000008 -0.631139
234.150000000008 -0.631628
235.200000000008 -0.634238
236.250000000008 -0.63065
237.300000000008 -0.629129
238.350000000008 -0.631638
239.400000000008 -0.630114
240.450000000008 -0.628964
241.500000000008 -0.631068
242.550000000008 -0.631138
243.600000000008 -0.628678
244.650000000009 -0.62901
245.700000000009 -0.626622
246.750000000009 -0.627804
247.800000000009 -0.624687
248.850000000009 -0.6247
249.900000000009 -0.628669
250.950000000009 -0.620981
252.000000000009 -0.626079
253.050000000009 -0.621287
254.100000000009 -0.610173
255.150000000009 -0.596773
256.200000000009 -0.581934
257.250000000008 -0.563233
258.300000000007 -0.545605
259.350000000006 -0.525695
260.400000000005 -0.494452
261.450000000004 -0.466694
262.500000000003 -0.431544
263.550000000002 -0.393453
264.600000000001 -0.355649
265.65 -0.317555
266.699999999999 -0.277215
267.749999999998 -0.237898
268.799999999997 -0.20314
269.849999999996 -0.172282
270.899999999995 -0.138989
271.949999999994 -0.106575
272.999999999993 -0.078851
274.049999999993 -0.049554
275.099999999992 -0.031647
276.149999999991 -0.018789
277.19999999999 -0.009131
278.249999999989 -0.005305
279.299999999988 -0.001508
280.349999999987 0.000216
281.399999999986 0.000105
282.449999999985 -0.000878
283.499999999984 -0.001167
284.549999999983 -0.000319
285.599999999982 -8.9e-05
286.649999999981 -0.001356
287.69999999998 -0.000819
288.749999999979 0.000231
289.799999999978 -0.001667
290.849999999977 3e-06
291.899999999976 -0.000517
292.949999999975 -0.000579
293.999999999974 -6e-05
295.049999999973 -0.000439
296.099999999972 -0.000722
297.149999999971 -2.6e-05
298.199999999971 -0.000896
299.24999999997 0.00049
300.299999999969 0.000219
301.349999999968 -0.000435
302.399999999967 -0.000788
303.449999999966 0.000611
304.499999999965 -0.001311
305.549999999964 0.000169
306.599999999963 0.000318
307.649999999962 -0.000491
308.699999999961 -1.8e-05
309.74999999996 -0.002741
310.799999999959 -0.001259
311.849999999958 0.000596
312.899999999957 -6.4e-05
313.949999999956 0.000229
314.999999999955 -9.8e-05
316.049999999954 0.000196
317.099999999953 -4.7e-05
318.149999999952 0.000106
319.199999999951 0.000116
320.24999999995 1.1e-05
321.29999999995 0.000986
322.349999999949 -0.000906
323.399999999948 -0.00118
324.449999999947 0.000855
325.499999999946 0.000433
326.549999999945 -0.000325
327.599999999944 -7.5e-05
328.649999999943 -8.7e-05
329.699999999942 -0.001114
330.749999999941 0.000998
331.79999999994 0.000397
332.849999999939 -2.1e-05
333.899999999938 -0.000101
334.949999999937 -0.002221
335.999999999936 -0.001143
337.049999999935 0.000734
338.099999999934 -4.7e-05
339.149999999933 0.000282
340.199999999932 0.000534
341.249999999931 -0.000627
342.29999999993 -5.1e-05
343.349999999929 -0.001057
344.399999999929 -0.000103
345.449999999928 4e-06
346.499999999927 0.001608
347.549999999926 0.000782
348.599999999925 0.000393
349.649999999924 -0.000726
