1.32 1.42
9.72 1.45
18.12 1.49
26.52 1.5
34.92 1.48
43.44 1.51
51.84 1.52
60.12 1.51
68.52 1.47
76.92 1.46
85.32 1.49
93.84 1.5
102.12 1.5
110.52 1.47
119.04 1.48
127.32 1.53
135.72 1.52
144.12 1.49
152.64 1.5
160.92 1.55
169.44 1.57
177.96 1.57
186.12 1.51
194.52 1.5
202.92 1.5
211.32 1.51
219.72 1.5
228.12 1.56
236.52 1.55
245.04 1.52
253.44 1.49
261.84 1.5
270.12 1.52
278.52 1.51
287.04 1.49
295.32 1.52
303.72 1.58
312.24 1.59
320.64 1.58
328.92 1.59
337.44 1.55
345.72 1.51
354.12 1.55
362.52 1.52
370.92 1.52
379.32 1.5
387.72 1.52
396.12 1.52
404.52 1.5
412.92 1.47
421.32 1.49
429.72 1.49
438.12 1.5
446.52 1.55
454.92 1.58
463.44 1.55
471.72 1.5
480.12 1.51
488.52 1.5
496.92 1.49
509.76 2.25
517.44 2.76
528.12 3.35
537.84 2.81
550.68 3.31
564.36 3.78
573.24 3.81
585.36 3.5
593.88 2.86
602.76 3.13
612.12 2.93
621.96 2.82
634.56 2.91
643.32 3.42
653.52 3.69
666.0 3.7
674.76 3.63
685.8 3.36
696.84 3.45
705.6 3.3
716.88 3.29
729.96 3.2
741.6 3.29
751.68 3.39
762.0 3.8
771.36 3.63
781.08 3.31
791.52 3.04
801.84 3.21
811.56 3.02
824.52 3.23
834.48 3.26
846.24 3.15
856.56 3.06
866.52 3.29
879.6 3.34
890.16 3.33
900.0 3.24
909.6 3.14
919.56 3.06
930.48 3.19
939.6 2.97
951.48 2.98
963.48 3.1
974.04 3.17
986.04 3.07
996.12 2.81
1008.12 3.21
1016.4 3.38
1026.72 3.49
1037.16 3.31
1048.8 3.42
1059.72 3.17
1068.36 3.16
1079.88 3.13
1089.48 2.98
1100.04 3.23
1112.04 3.49
1122.84 3.36
1135.32 3.2
1144.08 2.86
1154.64 2.74
1165.8 2.92
1176.36 3.09
1186.68 3.52
1198.08 3.49
1215.48 4.21
1223.52 4.12
1234.8 3.13
1246.08 3.28
1255.44 3.33
1266.36 3.18
1276.92 3.05
1287.6 3.14
1298.76 3.15
1311.48 3.5
1320.72 3.49
1328.76 2.95
1341.84 2.7
1349.88 3.0
1362.96 3.52
1370.64 3.33
1380.12 3.05
1389.84 3.03
1403.04 3.45
1412.76 3.0
1424.28 2.93
1435.56 3.23
1446.96 3.1
1459.44 3.1
1470.48 3.7
1479.24 3.33
1491.0 3.57
1501.56 3.67
1511.76 3.89
1523.52 4.0
1534.44 3.57
1544.16 3.12
1555.92 3.52
1567.92 3.44
1577.16 3.51
1587.12 3.06
1597.44 3.27
1611.12 3.58
1621.08 3.79
1633.08 3.47
1643.88 3.21
1655.88 3.28
1665.36 3.14
1679.76 3.41
1690.44 3.5
1698.96 3.57
1708.8 3.08
1717.56 2.49
1729.32 2.6
1740.36 2.86
1753.2 3.37
1763.76 3.66
1774.56 3.46
1786.44 3.52
1795.44 3.04
1805.04 2.84
1816.08 3.03
1828.56 3.33
1839.24 3.4
1847.88 3.03
1857.12 2.64
1867.8 3.02
1877.28 3.34
1891.08 3.65
1900.44 3.61
1912.44 3.57
1921.44 3.18
1930.8 2.82
1941.24 3.06
1953.12 3.46
1963.56 3.46
1974.6 3.3
1986.0 3.29
1996.44 3.26
2007.12 3.2
2015.64 2.96
2025.72 2.91
2037.96 2.94
2047.2 2.94
2058.84 2.93
2071.44 3.23
2079.72 3.29
2089.68 3.21
2098.8 2.61
2109.24 2.67
2120.88 2.74
2132.52 3.18
2145.24 3.35
2153.64 3.35
2166.72 3.51
2174.52 2.78
2183.4 2.36
2193.96 2.49
2203.92 2.97
2215.44 3.02
2224.92 2.92
2235.6 2.96
2246.76 2.97
2257.68 3.19
2268.24 2.97
2279.28 2.94
2290.8 3.08
2301.48 3.44
2311.2 3.45
2321.64 3.28
2333.28 3.19
2344.92 3.4
2355.84 3.67
2364.36 3.39
2375.04 3.18
2386.2 3.03
2397.24 3.14
2411.64 3.6
2421.0 3.68
2431.44 3.65
2442.84 3.62
2453.16 3.28
2462.64 3.61
2474.4 3.58
2488.08 3.41
2497.2 3.48
2507.52 3.3
2516.16 2.99
2526.72 3.18
2536.44 3.31
2548.92 3.45
2558.64 3.42
2570.04 3.34
2579.4 3.18
2589.0 3.2
2600.64 3.34
2608.68 3.18
2621.16 3.26
2631.72 2.98
2641.08 2.98
2654.28 3.44
2664.24 3.7
2675.28 3.48
2685.36 3.24
2696.28 3.57
2705.4 3.2
2715.12 2.84
2724.0 2.73
2733.0 2.73
2744.04 3.19
2757.96 3.63
2770.8 3.78
2781.12 3.41
2791.56 2.91
2802.12 2.84
2814.0 2.91
2822.88 3.13
2834.28 3.39
2844.0 3.0
2853.12 2.79
2862.6 2.87
2873.4 3.0
2884.56 3.1
2895.36 3.23
2908.68 3.56
2919.36 3.19
2928.0 3.15
2939.28 3.02
2952.12 3.24
2961.72 3.08
2971.92 2.91
2981.28 3.16
2992.08 3.35
2999.4 3.07
3012.24 3.1
3019.92 2.87
3030.6 3.02
3042.12 2.96
3059.28 3.63
3068.4 3.44
3077.76 3.09
3089.16 2.65
3097.8 2.66
