220.500000000008 14395.6304377356
221.550000000008 14433.6049794704
222.600000000008 14470.8757420496
223.650000000008 14507.4429430293
224.700000000008 14543.3067960328
225.750000000008 14578.4675107548
226.800000000008 14612.9252929662
227.850000000008 14646.6803445184
228.900000000008 14679.7328633483
229.950000000008 14712.0830434822
231.000000000008 14743.7310750399
232.050000000008 14774.6771442397
233.100000000008 14804.9214334015
234.150000000008 14834.4641209516
235.200000000008 14863.3053814263
236.250000000008 14891.4453854756
237.300000000008 14918.8842998671
238.350000000008 14945.62228749
239.400000000008 14971.6595073579
240.450000000008 14996.996114613
241.500000000008 15021.6322605293
242.550000000008 15045.5680925156
243.600000000008 15068.8037541193
244.650000000009 15091.3393850291
245.700000000009 15113.1751210782
246.750000000009 15134.3110942473
247.800000000009 15154.7474326676
248.850000000009 15174.4842606233
249.900000000009 15193.5216985545
250.950000000009 15211.8598630602
252.000000000009 15229.4988668999
253.050000000009 15246.4388189973
254.100000000009 15262.6798244416
255.150000000009 15278.2219844904
256.200000000009 15293.0653993584
257.250000000008 15307.2131952537
258.300000000007 15320.6775373482
259.350000000006 15333.4721421695
260.400000000005 15345.6100533621
261.450000000004 15357.1028948208
262.500000000003 15367.9615058575
263.550000000002 15378.1967927397
264.600000000001 15387.8187813272
265.65 15396.8384267492
266.699999999999 15405.2660771513
267.749999999998 15413.1123479304
268.799999999997 15420.388875722
269.849999999996 15427.1086604364
270.899999999995 15433.2858675168
271.949999999994 15438.9363050345
272.999999999993 15444.0764622569
274.049999999993 15448.724134542
275.099999999992 15452.8978310666
276.149999999991 15456.6170800499
277.19999999999 15459.9027242221
278.249999999989 15462.7767694121
279.299999999988 15465.2620998533
280.349999999987 15467.3822849797
281.399999999986 15469.1614438127
282.449999999985 15470.6239799586
283.499999999984 15471.7943354651
284.549999999983 15472.6968628294
285.599999999982 15473.3556071756
286.649999999981 15473.7941513137
287.69999999998 15474.0354387881
288.749999999979 15474.1020466162
289.799999999978 15474.0989270839
290.849999999977 15474.0957352662
291.899999999976 15474.0924711643
292.949999999975 15474.0891347795
293.999999999974 15474.085726113
295.049999999973 15474.0822451663
296.099999999972 15474.0786919405
297.149999999971 15474.075066437
298.199999999971 15474.071368657
299.24999999997 15474.067598602
300.299999999969 15474.063756273
301.349999999968 15474.0598416715
302.399999999967 15474.0558547988
303.449999999966 15474.0517956561
304.499999999965 15474.0476642447
305.549999999964 15474.0434605659
306.599999999963 15474.039184621
307.649999999962 15474.0348364113
308.699999999961 15474.0304159382
309.74999999996 15474.0259232028
310.799999999959 15474.0213582065
311.849999999958 15474.0167209506
312.899999999957 15474.0120114363
313.949999999956 15474.007229665
314.999999999955 15474.0023756379
316.049999999954 15473.9974493564
317.099999999953 15473.9924508218
318.149999999952 15473.9873800352
319.199999999951 15473.9822369981
320.24999999995 15473.9770217117
321.29999999995 15473.9717341773
322.349999999949 15473.9663743962
323.399999999948 15473.9609423697
324.449999999947 15473.9554380991
325.499999999946 15473.9498615856
326.549999999945 15473.9442128306
327.599999999944 15473.9384918354
328.649999999943 15473.9326986012
329.699999999942 15473.9268331293
330.749999999941 15473.9208954211
331.79999999994 15473.9148854778
332.849999999939 15473.9088033008
333.899999999938 15473.9026488912
334.949999999937 15473.8964222504
335.999999999936 15473.8901233797
337.049999999935 15473.8837522804
338.099999999934 15473.8773089538
339.149999999933 15473.8707934011
340.199999999932 15473.8642056237
341.249999999931 15473.8575456228
342.29999999993 15473.8508133997
343.349999999929 15473.8440089558
344.399999999929 15473.8371322923
345.449999999928 15473.8301834105
346.499999999927 15473.8231623117
347.549999999926 15473.8160689972
348.599999999925 15473.8089034682
349.649999999924 15473.8016657262
