1.44 -275.87
4.68 -269.16
8.16 -251.03
11.4 -246.76
14.76 -237.36
18.24 -222.78
21.48 -221.89
24.96 -209.01
28.2 -209.1
31.56 -203.84
34.92 -204.02
38.4 -199.73
41.64 -206.73
45.0 -206.81
48.36 -206.36
51.84 -199.92
55.08 -204.7
58.44 -203.65
61.8 -202.42
65.28 -195.11
68.52 -199.29
71.88 -197.82
75.36 -190.37
78.6 -194.86
82.08 -187.44
85.32 -191.97
88.68 -190.58
92.16 -183.64
95.4 -188.29
98.88 -181.12
102.12 -185.86
105.72 -173.23
108.84 -184.0
112.2 -183.34
115.56 -182.37
118.92 -181.81
122.4 -175.04
125.64 -180.5
129.0 -180.09
132.36 -179.38
135.84 -173.18
139.2 -172.92
142.68 -166.82
145.8 -178.43
149.4 -166.17
152.64 -171.97
155.88 -177.79
159.24 -177.78
162.6 -177.8
165.96 -177.85
169.32 -177.94
172.68 -178.06
176.04 -178.2
179.4 -178.38
182.88 -173.07
186.12 -179.15
189.48 -179.39
192.84 -179.65
196.2 -179.92
199.56 -180.56
202.92 -180.85
206.4 -175.32
209.64 -181.5
213.0 -182.18
216.48 -176.67
219.72 -182.87
223.08 -183.56
226.56 -178.08
229.92 -178.79
233.16 -185.0
236.52 -185.37
239.88 -186.07
243.36 -180.59
246.6 -187.13
250.08 -181.64
253.32 -188.17
256.68 -188.51
260.04 -189.18
263.4 -189.5
266.76 -190.15
270.12 -190.8
273.48 -191.09
276.84 -191.72
280.2 -191.98
283.56 -192.58
286.92 -193.17
290.28 -193.39
293.64 -193.95
297.0 -194.14
300.36 -194.66
303.72 -195.18
307.08 -195.32
310.56 -189.95
313.8 -196.25
317.16 -196.69
320.64 -190.93
323.88 -197.18
327.24 -197.58
330.6 -197.61
334.08 -192.13
337.44 -192.49
340.68 -198.67
344.04 -198.99
347.4 -198.94
350.88 -193.4
354.12 -199.53
357.6 -193.95
360.84 -199.7
364.2 -199.96
367.56 -200.2
370.92 -200.43
374.4 -194.82
377.64 -200.53
381.0 -200.74
384.36 -200.95
387.72 -201.15
391.08 -201.34
394.44 -201.52
397.8 -201.35
401.16 -201.51
404.52 -201.67
407.88 -201.83
411.24 -201.98
414.6 -202.12
418.08 -196.41
421.44 -196.19
424.68 -202.16
428.16 -196.43
431.52 -196.54
434.76 -202.49
438.12 -202.59
441.6 -196.86
444.96 -196.95
448.32 -197.05
451.56 -202.63
454.92 -202.72
458.4 -196.95
461.76 -197.02
465.0 -202.94
468.36 -203.01
471.84 -197.23
475.08 -203.14
478.44 -203.19
481.8 -203.26
485.28 -197.47
488.52 -203.37
491.88 -203.07
495.24 -203.11
498.6 -203.16
503.04 -150.59
506.76 -174.03
510.36 -203.32
514.8 -150.81
521.52 -151.06
526.08 -174.71
529.2 -186.65
534.12 -192.98
538.68 -176.0
543.12 -205.87
549.0 -206.86
554.4 -149.12
557.64 -155.7
562.56 -121.87
565.92 -204.65
570.36 -153.44
574.32 -166.51
578.04 -191.28
582.24 -192.95
586.92 -212.48
591.84 -220.58
598.08 -124.24
601.08 -184.22
604.32 -191.75
607.8 -187.77
612.72 -196.33
617.04 -152.02
624.12 -179.51
627.48 -222.42
633.6 -214.43
639.84 -241.55
645.6 -250.76
652.2 -137.62
656.88 -116.49
659.52 -234.83
663.6 -201.94
668.28 -262.79
673.8 -242.11
677.88 -249.85
682.32 -199.17
685.68 -241.45
690.24 -266.55
696.84 -151.89
701.04 -194.07
706.2 -271.47
712.2 -267.14
715.44 -273.73
718.8 -274.46
726.0 -170.59
729.72 -276.38
734.52 -206.98
737.52 -265.83
744.24 -266.66
749.28 -267.16
753.12 -285.0
756.6 -279.39
761.64 -238.7
766.92 -268.05
771.84 -233.02
777.48 -285.55
782.76 -232.83
787.8 -232.67
792.72 -197.42
797.28 -261.53
804.48 -237.88
809.88 -179.25
812.4 -260.99
816.6 -260.9
822.0 -243.28
826.08 -249.07
829.2 -260.7
833.4 -219.68
837.0 -248.79
843.96 -277.85
848.28 -231.02
853.44 -265.96
856.92 -260.03
861.0 -265.77
865.08 -271.47
871.32 -171.87
874.08 -282.78
878.76 -259.28
882.96 -259.2
887.76 -270.82
892.2 -218.18
897.84 -188.9
903.0 -264.85
906.6 -253.17
912.84 -235.6
915.96 -247.27
920.76 -258.9
925.56 -229.62
928.68 -282.16
932.4 -264.57
935.76 -264.5
939.12 -264.42
945.24 -170.74
950.04 -223.19
954.96 -269.78
960.0 -269.62
965.04 -187.65
969.96 -234.3
976.44 -205.04
979.92 -240.17
985.32 -222.82
988.68 -263.87
994.08 -246.59
997.68 -275.98
1002.36 -252.83
1006.44 -258.87
1011.0 -282.45
1016.16 -276.81
1021.92 -241.92
1025.88 -212.79
1030.44 -277.16
1033.92 -271.37
1038.36 -259.7
1043.04 -277.17
1047.96 -282.89
1053.0 -241.85
1057.08 -247.58
1061.28 -247.5
1067.4 -276.59
1073.88 -206.36
1080.48 -212.09
1083.6 -223.74
1087.2 -252.92
1092.72 -270.37
1096.44 -252.74
1103.04 -258.36
1108.08 -217.22
1110.96 -281.36
1116.12 -193.41
1118.76 -269.21
1122.36 -257.32
1126.92 -239.54
1131.36 -268.52
1136.52 -221.5
1141.2 -157.01
1145.04 -256.2
1149.24 -256.06
1153.44 -255.96
1158.6 -209.11
1163.04 -279.18
1166.76 -261.62
1170.48 -244.06
1176.96 -255.66
1183.08 -243.85
1187.76 -220.38
1192.8 -261.15
1199.28 -231.69
1208.76 -300.65
1212.6 -335.19
1217.16 -329.24
1222.44 -335.94
1226.16 -374.76
1231.92 -407.43
1237.92 -391.11
1242.72 -428.23
1245.6 -467.12
1251.48 -458.11
1256.52 -485.37
1259.28 -529.38
1264.2 -479.41
1266.96 -563.86
1270.32 -581.01
1274.52 -601.93
1278.48 -632.75
1282.44 -662.98
1289.16 -652.02
1294.08 -719.44
1299.96 -660.85
1304.16 -717.34
1307.04 -750.92
1310.04 -778.66
1314.48 -781.27
1319.52 -755.41
1323.12 -794.61
1327.68 -788.78
1333.32 -813.51
1338.12 -835.05
1343.76 -856.88
1350.24 -796.5
1353.48 -842.65
1358.04 -863.4
1362.6 -842.4
1368.0 -819.74
1371.72 -838.97
1376.04 -786.79
1380.12 -827.81
1385.52 -801.88
1388.52 -814.36
1394.4 -803.73
1399.08 -771.25
1402.68 -793.1
1407.12 -771.95
1410.96 -780.95
1415.28 -765.16
1421.28 -704.01
1425.24 -746.8
1428.96 -719.89
1433.4 -696.8
1438.56 -636.6
1441.8 -674.81
1444.8 -684.37
1451.16 -562.18
1453.32 -655.72
1458.84 -617.5
1462.92 -612.36
1466.28 -644.25
1471.68 -612.26
1477.44 -561.47
1484.4 -486.13
1487.52 -568.37
1492.8 -495.84
1497.48 -454.33
1500.96 -434.94
1504.8 -478.49
1510.8 -449.76
1514.16 -478.15
1520.04 -375.02
1524.24 -401.26
1529.04 -396.82
1535.64 -340.78
1539.48 -387.69
1543.08 -365.64
1547.28 -354.11
1550.52 -351.46
1554.36 -318.43
1562.16 -288.53
1565.64 -316.73
1571.16 -286.42
1575.24 -288.36
1580.88 -253.19
1587.24 -304.71
1591.92 -277.51
1596.36 -262.72
1600.92 -282.6
1606.8 -196.06
1608.84 -258.69
1614.84 -248.07
1619.52 -221.13
1623.36 -194.96
1628.04 -209.25
1632.36 -241.54
1635.24 -263.17
1640.4 -213.53
1644.0 -199.99
1647.12 -251.08
1653.72 -213.22
1657.56 -229.33
1665.12 -226.98
1670.76 -237.35
1678.2 -201.15
1682.64 -230.01
1685.64 -247.43
1690.8 -200.68
1693.44 -235.84
1697.16 -218.51
1700.28 -230.43
1704.6 -224.95
1711.44 -178.88
1715.64 -220.3
1719.72 -226.72
1724.4 -244.98
1728.0 -233.88
1732.8 -246.39
1736.76 -217.85
1741.56 -230.36
1748.04 -243.15
1753.44 -226.54
1759.68 -251.01
1763.76 -216.71
1768.8 -217.67
1773.6 -230.28
1777.44 -248.53
1781.76 -243.48
1787.28 -261.95
1791.36 -268.43
1797.24 -228.3
1802.16 -193.77
1804.32 -252.41
1809.12 -264.51
1817.76 -171.66
1820.28 -253.67
1825.92 -265.83
1831.08 -219.55
1835.88 -231.68
1839.72 -249.54
1843.56 -267.38
1846.8 -273.48
1852.08 -221.25
1856.16 -268.26
1862.64 -198.52
1866.0 -239.63
1870.8 -251.61
1876.32 -228.57
1879.68 -269.66
1883.88 -269.85
1889.4 -205.74
1892.28 -270.07
1898.28 -264.31
1904.16 -264.34
1908.6 -252.69
1913.16 -235.17
1917.6 -223.49
1921.32 -246.87
1926.48 -241.04
1931.52 -241.05
1934.28 -270.28
1938.72 -217.65
1942.08 -258.49
1945.2 -270.1
1950.72 -246.52
1954.32 -275.58
1959.0 -211.06
1961.64 -245.96
1967.76 -193.0
1971.96 -233.63
1978.44 -244.89
1984.32 -244.54
1988.76 -232.59
1992.36 -261.61
1995.6 -267.28
2001.6 -261.15
2005.68 -225.91
2012.52 -260.7
2020.32 -248.79
2024.28 -260.4
2028.6 -254.49
2033.16 -236.9
2036.76 -225.18
2040.12 -266.06
2045.52 -166.67
2049.6 -213.39
2052.0 -260.16
2055.72 -242.65
2062.8 -266.15
2069.28 -155.33
2072.16 -260.65
2076.48 -255.09
2080.8 -249.64
2083.68 -273.3
2088.12 -221.2
2091.96 -239.14
2096.4 -227.89
2100.24 -204.89
2105.04 -176.12
2108.04 -275.75
2113.92 -276.34
2120.04 -224.39
2124.96 -271.71
2129.76 -243.06
2136.0 -267.19
2139.96 -279.38
2145.36 -262.57
2150.16 -274.92
2156.16 -269.92
2160.0 -247.1
2163.12 -259.23
2170.08 -248.43
2175.24 -243.22
2178.24 -261.12
2182.2 -232.37
2188.44 -256.37
2194.68 -239.32
2201.52 -274.81
2208.84 -286.95
2213.16 -281.39
2217.36 -240.78
2221.2 -258.57
2224.32 -270.46
2227.56 -276.5
2233.08 -253.4
2235.72 -288.58
2241.48 -253.74
2247.48 -288.94
2252.64 -283.11
2258.16 -259.67
2263.8 -271.23
2267.76 -282.78
2275.68 -264.9
2279.52 -282.25
2285.04 -258.59
2287.8 -287.68
2294.52 -164.6
2296.44 -275.52
2301.0 -257.74
2304.84 -275.07
2309.64 -245.61
2314.68 -286.26
2319.12 -274.31
2326.2 -215.36
2328.6 -261.92
2332.56 -273.25
2337.72 -226.02
2342.16 -254.82
2346.84 -271.91
2350.08 -277.46
2354.4 -230.3
2361.84 -235.42
2364.36 -276.09
2369.16 -246.46
2375.28 -275.18
2379.12 -251.51
2383.92 -221.94
2387.64 -204.14
2390.64 -262.36
2394.96 -256.2
2399.16 -214.97
2403.72 -238.01
2407.92 -237.72
2412.6 -254.95
2419.08 -266.25
2424.72 -236.75
2429.76 -277.43
2434.92 -271.39
2439.0 -277.09
2443.44 -224.33
2447.52 -189.13
2454.6 -253.19
2458.68 -258.95
2464.44 -264.69
2467.68 -270.48
2472.12 -217.83
2475.6 -252.85
2479.32 -235.24
2483.88 -258.5
2490.12 -240.8
2497.08 -269.86
2502.24 -182.12
2504.88 -258.05
2508.0 -269.7
2514.12 -217.01
2516.52 -263.71
2520.6 -269.45
2525.88 -175.77
2529.72 -234.03
2533.56 -251.35
2539.2 -262.67
2543.16 -233.17
2546.52 -273.82
2550.0 -267.69
2554.92 -273.11
2560.68 -237.52
2566.56 -236.96
2572.92 -172.01
2577.6 -270.85
2583.96 -205.91
2589.12 -199.58
2594.16 -240.11
2598.24 -245.73
2602.56 -239.69
2606.88 -233.7
2611.68 -245.21
2615.76 -250.88
2623.8 -227.15
2626.68 -250.39
2631.84 -244.34
2634.84 -261.77
2638.56 -244.13
2643.72 -238.12
2646.6 -261.4
2651.4 -232.05
2655.96 -173.49
2659.44 -249.37
2663.16 -231.74
2669.16 -225.79
2672.64 -219.91
2677.92 -208.19
2680.44 -249.1
2684.52 -214.04
2687.28 -243.25
2691.96 -260.74
2695.44 -254.85
2700.96 -190.42
2704.2 -237.04
2710.68 -248.42
2713.68 -265.81
2718.96 -212.97
2722.68 -195.25
2726.16 -230.17
2730.72 -253.36
2737.08 -229.78
2741.88 -241.35
2746.68 -212.09
2750.88 -253.01
2755.68 -264.79
2762.88 -241.68
2766.72 -218.49
2769.96 -224.52
2774.52 -248.18
2778.6 -254.32
2781.84 -260.41
2787.24 -243.28
2792.16 -249.45
2795.88 -232.19
2799.48 -220.77
2802.0 -261.89
2805.96 -233.01
2809.68 -215.79
2813.16 -251.17
2818.68 -228.29
2822.16 -263.65
2829.0 -258.39
2833.56 -241.24
2837.16 -270.75
2841.6 -259.38
2847.6 -253.92
2851.92 -248.31
2857.08 -201.84
2861.4 -237.12
2869.2 -184.91
2871.48 -237.63
2876.52 -237.9
2879.4 -261.43
2884.08 -238.3
2888.88 -209.32
2893.56 -267.98
2899.92 -204.06
2902.56 -239.3
2908.08 -257.2
2912.64 -239.96
2916.6 -251.89
2923.68 -275.71
2929.44 -241.03
2933.76 -276.38
2939.28 -212.45
2944.08 -224.46
2947.2 -236.35
2952.96 -201.68
2955.84 -266.15
2962.2 -202.31
2965.56 -243.46
2969.16 -272.97
2973.84 -249.93
2978.76 -256.09
2983.08 -209.57
2988.36 -279.89
2995.2 -192.44
2997.84 -268.45
3003.0 -262.7
3009.0 -216.06
3013.8 -268.74
3018.48 -245.44
3021.36 -268.85
3030.36 -239.71
3033.36 -257.25
3037.68 -210.52
3042.12 -280.66
3047.04 -245.59
3051.6 -268.9
3056.28 -245.43
3059.76 -280.4
3064.44 -256.84
3069.96 -274.11
3075.0 -273.83
3081.0 -267.62
3086.76 -232.19
3090.96 -272.82
3097.68 -272.4
