3.12 2
9.24 2
15.24 2
21.6 2
27.48 2
33.48 2
39.72 2
45.96 3
51.84 3
57.96 2
64.08 2
70.32 2
76.32 2
82.56 2
88.8 2
94.68 2
100.92 2
106.92 2
113.16 2
119.16 2
125.4 2
131.4 2
137.64 2
143.76 2
149.76 2
156.12 2
162.12 2
168.12 2
174.36 2
180.48 2
186.48 2
192.72 2
198.84 2
204.84 2
211.08 2
217.2 2
223.32 2
229.44 2
235.68 2
241.8 2
247.68 2
253.8 2
259.92 2
266.04 2
272.16 2
278.4 2
284.4 2
290.64 2
296.76 2
302.88 2
309.0 2
315.0 2
321.24 2
327.24 2
333.36 2
339.48 2
345.72 2
351.72 2
357.96 2
364.08 2
370.08 2
376.44 2
382.68 2
388.56 2
394.8 2
401.16 2
406.8 2
413.16 2
419.28 2
425.4 2
431.52 2
437.64 2
443.52 2
449.64 2
455.76 2
462.0 2
468.0 2
474.24 2
480.36 2
486.36 2
492.6 2
498.6 2
504.72 2
510.84 2
516.96 2
523.08 2
529.32 2
535.44 2
541.44 2
547.68 2
553.68 2
559.92 2
565.92 2
572.28 2
578.28 2
584.64 2
590.76 2
596.52 2
602.88 2
608.76 2
615.0 2
621.12 2
627.12 2
633.24 2
639.36 2
645.6 2
651.6 2
657.84 2
663.96 2
670.08 2
676.08 2
682.32 2
688.44 2
694.56 2
701.04 2
706.68 2
713.04 2
719.04 2
725.16 2
731.28 2
737.52 2
743.4 2
749.64 2
755.76 2
761.76 2
768.0 2
774.12 2
780.24 2
786.24 2
792.48 2
798.48 2
804.6 2
810.84 2
816.84 2
823.08 2
829.2 2
835.2 2
841.44 2
847.68 2
853.56 2
859.68 2
865.8 2
872.04 2
878.04 2
884.16 2
890.28 2
896.52 2
902.64 2
908.64 2
914.88 2
920.88 2
927.12 2
933.12 2
939.36 2
945.48 2
951.72 2
957.84 2
964.32 2
969.84 2
976.08 2
982.08 2
988.32 2
994.44 2
1000.68 2
1007.28 2
1013.52 2
1019.64 2
1025.76 2
1031.76 2
1038.0 2
1044.0 2
1050.12 2
1056.24 2
1062.48 2
1068.6 2
1074.72 2
1080.72 2
1086.96 2
1093.08 2
1099.2 2
1105.2 2
1111.32 2
1117.56 2
1123.8 2
1129.68 2
1135.8 2
1142.04 2
1148.04 2
1154.4 2
1160.4 2
1166.52 2
1172.64 2
1178.64 2
1184.76 2
1191.0 2
1197.12 2
1203.12 2
1209.36 2
1215.36 2
1221.48 2
1227.72 2
1233.72 2
1239.96 2
1246.08 2
1252.08 2
1258.2 2
1264.32 2
1270.44 2
1276.56 2
1282.68 2
1288.8 2
1294.92 2
1301.16 2
1307.16 2
1313.28 2
1319.52 2
1325.76 2
1331.64 2
1337.76 2
1344.0 2
1350.12 2
1356.12 2
1362.36 2
1368.48 2
1375.08 2
1380.6 2
1386.72 2
1393.08 2
1398.96 2
1405.2 2
1411.44 2
1417.44 2
1423.56 2
1429.68 2
1435.8 2
1441.8 2
1447.92 2
1454.04 2
1460.16 2
1466.64 2
1472.4 2
1478.64 2
1484.88 2
1491.12 2
1497.0 2
1503.0 2
1509.24 2
1515.24 2
1521.36 2
1527.48 2
1533.72 2
1539.96 2
1545.96 2
1552.2 2
1558.08 2
1564.2 2
1570.44 2
1576.44 2
1582.68 2
1588.92 2
1594.8 2
1601.04 2
1607.16 2
1613.16 2
1619.28 2
1625.4 2
1631.52 2
1637.64 2
1643.76 2
1649.88 2
1656.12 2
1662.24 2
1668.36 2
1674.48 2
1680.48 2
1686.6 2
1692.72 2
1699.08 2
1711.32 2
1717.2 2
1723.32 1
1729.44 1
1735.56 1
1741.8 1
1747.92 1
1754.04 1
1760.04 1
1766.16 1
1772.28 1
1778.52 1
1784.64 1
1790.64 1
1797.0 1
1803.0 1
1809.0 1
1815.12 1
1821.36 1
1827.36 1
1833.72 1
1839.72 1
1845.72 1
1851.96 1
1858.08 1
1864.08 1
1870.2 1
1876.32 1
1882.44 1
1888.56 1
1894.8 1
1900.92 1
1906.92 1
1913.04 1
1919.4 1
1925.28 1
1931.52 1
1937.88 1
1943.76 1
1949.76 1
1956.0 1
1962.0 1
1968.48 1
1974.36 1
1980.36 1
1986.48 1
1992.6 1
1998.72 1
2004.84 1
2010.96 1
2017.2 1
2023.32 1
2029.44 1
2035.44 1
2041.68 1
2047.68 1
2054.04 1
2059.92 1
2066.04 1
2072.16 1
2078.28 1
2084.52 1
2090.52 1
2096.76 1
2102.88 1
2109.0 1
2115.0 1
2121.12 1
2127.48 1
2133.36 1
2139.48 1
2145.72 1
2151.72 1
2157.84 1
2163.96 1
2170.2 1
2176.2 1
2182.44 1
2188.44 1
2194.68 1
2200.68 1
2206.8 1
2213.04 1
2219.04 1
2225.16 1
2231.28 1
2237.64 1
2243.64 1
2249.76 1
2256.0 1
2261.88 1
2268.12 1
2274.12 1
2280.24 1
2286.48 1
2292.6 1
2298.6 1
2304.72 1
2310.96 1
2317.32 1
2323.08 1
2329.2 1
2335.44 1
2341.8 1
2347.56 1
2353.68 1
2359.92 1
2365.92 1
2372.16 1
2378.28 1
2384.52 1
2390.64 1
2396.52 1
2402.64 1
2409.0 1
2414.88 1
2421.0 1
2427.48 1
2433.24 1
2439.36 1
2445.72 1
2451.72 1
2457.72 1
2463.96 1
2470.08 1
2476.2 1
2482.32 1
2488.32 1
2494.44 1
2500.68 1
2506.68 1
2512.8 1
2519.04 1
2525.04 1
2531.28 1
2537.52 1
2543.4 1
2549.52 1
2555.76 1
2562.0 1
2567.88 1
2574.12 1
2580.24 1
2586.36 1
2592.48 1
2598.48 1
2604.6 1
2610.72 1
2616.84 1
2623.08 1
2629.2 1
2635.44 1
2641.32 1
2647.8 1
2653.68 1
2659.92 1
2665.92 1
2672.04 1
2678.16 1
2684.16 1
2690.4 1
2696.4 1
2702.64 1
2708.64 1
2714.88 1
2720.88 1
2727.12 1
2733.24 1
2739.36 1
2745.36 1
2751.48 1
2757.6 1
2763.84 1
2769.96 1
2775.96 1
2782.2 1
2788.44 1
2794.32 1
