0.0 0.55
0.72 0.34
1.44 0.25
2.16 0.26
2.88 0.07
3.6 0.06
4.32 0.06
5.04 0.06
5.76 0.06
6.48 0.06
7.2 0.05
7.92 0.06
8.64 0.06
9.36 0.06
10.08 0.06
10.8 0.06
11.52 0.08
12.24 0.06
12.96 0.09
13.68 0.07
14.4 0.15
15.12 0.06
15.84 0.06
16.56 0.06
17.28 0.05
18.0 0.06
18.72 0.06
19.44 0.06
20.16 0.06
20.88 0.06
21.6 0.06
22.32 0.06
23.04 0.06
23.76 0.06
24.48 0.09
25.2 0.06
25.92 0.06
26.64 0.06
27.36 0.06
28.08 0.06
28.8 0.06
29.52 0.06
30.24 0.07
30.96 0.07
31.68 0.07
32.4 0.08
33.12 0.06
33.84 0.14
34.56 0.09
35.28 0.06
36.0 0.05
36.72 0.11
37.44 0.1
38.16 0.09
38.88 0.05
39.6 0.06
40.32 0.08
41.04 0.09
41.76 0.12
42.48 0.06
43.2 0.06
43.92 0.09
44.64 0.07
45.36 0.33
46.08 0.23
46.8 0.19
47.52 0.21
48.24 0.27
48.96 0.19
49.68 0.19
50.4 0.19
51.12 0.17
51.84 0.13
52.56 0.14
53.28 0.14
54.0 0.12
54.72 0.07
55.44 0.08
56.16 0.08
56.88 0.07
57.6 0.07
58.32 0.07
59.04 0.07
59.76 0.07
60.48 0.07
61.2 0.07
61.92 0.07
62.64 0.08
63.36 0.07
64.08 0.07
64.8 0.08
65.52 0.08
66.24 0.08
66.96 0.07
67.68 0.07
68.4 0.07
69.12 0.07
69.84 0.06
70.56 0.06
71.28 0.08
72.0 0.07
72.72 0.07
73.44 0.08
74.16 0.07
74.88 0.09
75.6 0.09
76.32 0.09
77.04 0.07
77.76 0.07
78.48 0.07
79.2 0.06
79.92 0.07
80.64 0.07
81.36 0.07
82.08 0.06
82.8 0.09
83.52 0.07
84.24 0.07
84.96 0.07
85.68 0.07
86.4 0.06
87.12 0.05
87.84 0.06
88.56 0.08
89.28 0.06
90.0 0.06
90.72 0.05
91.44 0.06
92.16 0.05
92.88 0.06
93.6 0.14
94.32 0.05
95.04 0.05
95.76 0.05
96.48 0.1
97.2 0.05
97.92 0.06
98.64 0.06
99.36 0.06
100.08 0.06
100.8 0.06
101.52 0.06
102.24 0.06
102.96 0.06
103.68 0.06
104.4 0.06
105.12 0.06
105.84 0.06
106.56 0.06
107.28 0.06
108.0 0.06
108.72 0.06
109.44 0.06
110.16 0.06
110.88 0.15
111.6 0.06
112.32 0.06
113.04 0.09
113.76 0.06
114.48 0.06
115.2 0.06
115.92 0.06
116.64 0.06
117.36 0.06
118.08 0.06
118.8 0.06
119.52 0.06
120.24 0.06
120.96 0.06
121.68 0.06
122.4 0.06
123.12 0.07
123.84 0.06
124.56 0.06
125.28 0.06
126.0 0.06
126.72 0.06
127.44 0.06
128.16 0.06
128.88 0.06
129.6 0.06
130.32 0.06
131.04 0.06
131.76 0.06
132.48 0.06
133.2 0.06
133.92 0.06
134.64 0.05
135.36 0.05
136.08 0.05
136.8 0.05
137.52 0.15
138.24 0.05
138.96 0.05
139.68 0.05
140.4 0.06
141.12 0.06
141.84 0.05
142.56 0.06
143.28 0.05
144.0 0.05
144.72 0.05
145.44 0.05
146.16 0.06
146.88 0.05
147.6 0.05
148.32 0.05
149.04 0.05
149.76 0.05
150.48 0.05
151.2 0.05
151.92 0.05
152.64 0.05
153.36 0.05
154.08 0.05
154.8 0.05
155.52 0.06
156.24 0.06
156.96 0.06
157.68 0.06
158.4 0.06
159.12 0.06
159.84 0.06
160.56 0.06
161.28 0.06
162.0 0.06
162.72 0.06
163.44 0.06
164.16 0.06
164.88 0.06
165.6 0.05
166.32 0.05
167.04 0.05
167.76 0.05
168.48 0.05
169.2 0.05
169.92 0.05
170.64 0.05
171.36 0.07
172.08 0.05
172.8 0.05
173.52 0.05
174.24 0.05
174.96 0.05
175.68 0.05
176.4 0.06
177.12 0.06
177.84 0.06
178.56 0.06
179.28 0.06
180.0 0.06
180.72 0.06
181.44 0.05
182.16 0.09
182.88 0.09
183.6 0.09
184.32 0.08
185.04 0.07
185.76 0.06
186.48 0.06
187.2 0.05
187.92 0.06
188.64 0.06
189.36 0.06
190.08 0.06
190.8 0.06
191.52 0.05
192.24 0.06
192.96 0.05
193.68 0.05
194.4 0.06
195.12 0.06
195.84 0.06
196.56 0.16
197.28 0.06
198.0 0.06
198.72 0.06
199.44 0.06
200.16 0.06
200.88 0.06
201.6 0.05
202.32 0.05
203.04 0.05
203.76 0.05
204.48 0.06
205.2 0.05
205.92 0.05
206.64 0.05
207.36 0.06
208.08 0.06
208.8 0.06
209.52 0.06
210.24 0.06
210.96 0.06
211.68 0.06
212.4 0.06
213.12 0.06
213.84 0.06
214.56 0.06
215.28 0.08
216.0 0.05
216.72 0.06
217.44 0.06
218.16 0.06
218.88 0.06
219.6 0.06
220.32 0.06
221.04 0.06
221.76 0.06
222.48 0.06
223.2 0.06
223.92 0.06
224.64 0.06
225.36 0.06
226.08 0.06
226.8 0.06
227.52 0.06
228.24 0.06
228.96 0.06
229.68 0.06
230.4 0.06
231.12 0.06
231.84 0.14
232.56 0.06
233.28 0.06
234.0 0.06
234.72 0.06
235.44 0.06
236.16 0.06
236.88 0.06
237.6 0.06
238.32 0.06
239.04 0.06
239.76 0.06
240.48 0.06
241.2 0.06
241.92 0.06
242.64 0.06
243.36 0.06
244.08 0.06
244.8 0.06
245.52 0.06
246.24 0.05
246.96 0.05
247.68 0.05
248.4 0.05
249.12 0.05
249.84 0.05
250.56 0.05
251.28 0.05
252.0 0.05
252.72 0.05
253.44 0.07
254.16 0.05
254.88 0.06
255.6 0.08
256.32 0.07
257.04 0.07
257.76 0.05
258.48 0.06
259.2 0.07
259.92 0.07
260.64 0.07
261.36 0.06
262.08 0.08
262.8 0.08
263.52 0.07
264.24 0.07
264.96 0.07
265.68 0.07
266.4 0.08
267.12 0.07
267.84 0.07
268.56 0.07
269.28 0.07
270.0 0.07
270.72 0.07
271.44 0.07
272.16 0.07
272.88 0.07
273.6 0.07
274.32 0.07
275.04 0.06
275.76 0.08
276.48 0.05
277.2 0.05
277.92 0.05
278.64 0.05
279.36 0.05
280.08 0.05
280.8 0.06
281.52 0.05
282.24 0.06
282.96 0.06
283.68 0.05
284.4 0.06
285.12 0.06
285.84 0.06
286.56 0.06
287.28 0.06
288.0 0.06
288.72 0.06
289.44 0.06
290.16 0.06
290.88 0.06
291.6 0.06
292.32 0.06
293.04 0.06
293.76 0.07
294.48 0.06
295.2 0.06
295.92 0.06
296.64 0.07
297.36 0.06
298.08 0.06
298.8 0.06
299.52 0.06
300.24 0.06
300.96 0.06
301.68 0.06
302.4 0.06
303.12 0.06
303.84 0.05
304.56 0.06
305.28 0.05
306.0 0.08
306.72 0.06
307.44 0.06
308.16 0.06
308.88 0.06
309.6 0.06
310.32 0.05
311.04 0.12
311.76 0.05
312.48 0.05
313.2 0.05
313.92 0.05
314.64 0.05
315.36 0.05
316.08 0.05
316.8 0.05
317.52 0.05
318.24 0.05
318.96 0.05
319.68 0.05
320.4 0.05
321.12 0.05
321.84 0.05
322.56 0.05
323.28 0.05
324.0 0.06
324.72 0.06
325.44 0.06
326.16 0.05
326.88 0.05
327.6 0.05
328.32 0.07
329.04 0.05
329.76 0.05
330.48 0.06
331.2 0.05
331.92 0.05
332.64 0.05
333.36 0.05
334.08 0.05
334.8 0.05
335.52 0.05
336.24 0.05
336.96 0.05
337.68 0.05
338.4 0.05
339.12 0.05
339.84 0.05
340.56 0.06
341.28 0.07
342.0 0.06
342.72 0.09
343.44 0.06
344.16 0.06
344.88 0.06
345.6 0.06
346.32 0.06
347.04 0.06
347.76 0.06
348.48 0.06
349.2 0.06
349.92 0.06
350.64 0.09
351.36 0.06
352.08 0.06
352.8 0.06
353.52 0.06
354.24 0.06
354.96 0.06
355.68 0.06
356.4 0.06
357.12 0.06
357.84 0.06
358.56 0.06
359.28 0.1
360.0 0.05
360.72 0.06
361.44 0.06
362.16 0.05
362.88 0.05
363.6 0.05
364.32 0.05
365.04 0.05
365.76 0.05
366.48 0.05
367.2 0.05
367.92 0.05
368.64 0.05
369.36 0.05
370.08 0.06
370.8 0.06
371.52 0.06
372.24 0.06
372.96 0.06
373.68 0.06
374.4 0.06
375.12 0.06
375.84 0.06
376.56 0.07
377.28 0.06
378.0 0.06
378.72 0.06
379.44 0.05
380.16 0.05
380.88 0.05
381.6 0.05
382.32 0.05
383.04 0.05
383.76 0.05
384.48 0.05
385.2 0.07
385.92 0.05
386.64 0.05
387.36 0.05
388.08 0.05
388.8 0.05
389.52 0.05
390.24 0.06
390.96 0.06
391.68 0.06
392.4 0.06
393.12 0.06
393.84 0.06
394.56 0.06
395.28 0.06
396.0 0.06
396.72 0.06
397.44 0.06
398.16 0.06
398.88 0.06
399.6 0.05
400.32 0.05
401.04 0.05
401.76 0.05
402.48 0.05
403.2 0.05
403.92 0.05
404.64 0.05
405.36 0.09
406.08 0.06
406.8 0.06
407.52 0.06
408.24 0.06
408.96 0.06
409.68 0.06
410.4 0.06
411.12 0.06
411.84 0.06
412.56 0.06
413.28 0.06
414.0 0.06
414.72 0.06
415.44 0.06
416.16 0.06
416.88 0.06
417.6 0.06
418.32 0.06
419.04 0.06
419.76 0.05
420.48 0.05
421.2 0.05
421.92 0.05
422.64 0.05
423.36 0.05
424.08 0.05
424.8 0.05
425.52 0.05
426.24 0.05
426.96 0.05
427.68 0.05
428.4 0.05
429.12 0.05
429.84 0.05
430.56 0.05
431.28 0.05
432.0 0.05
432.72 0.05
433.44 0.05
434.16 0.05
434.88 0.05
435.6 0.05
436.32 0.05
437.04 0.05
437.76 0.05
438.48 0.05
439.2 0.05
439.92 0.05
440.64 0.05
441.36 0.05
442.08 0.05
442.8 0.05
443.52 0.05
444.24 0.06
444.96 0.06
445.68 0.06
446.4 0.06
447.12 0.06
447.84 0.06
448.56 0.06
449.28 0.06
450.0 0.06
450.72 0.06
451.44 0.06
452.16 0.06
452.88 0.06
453.6 0.06
454.32 0.05
455.04 0.07
455.76 0.05
456.48 0.05
457.2 0.05
457.92 0.05
458.64 0.05
459.36 0.05
460.08 0.05
460.8 0.05
461.52 0.05
462.24 0.05
462.96 0.05
463.68 0.09
464.4 0.05
465.12 0.05
465.84 0.05
466.56 0.05
467.28 0.05
468.0 0.05
468.72 0.05
469.44 0.05
470.16 0.05
470.88 0.05
471.6 0.05
472.32 0.1
473.04 0.05
473.76 0.12
474.48 0.05
475.2 0.05
475.92 0.05
476.64 0.05
477.36 0.05
478.08 0.05
478.8 0.05
479.52 0.06
480.24 0.05
480.96 0.05
481.68 0.05
482.4 0.05
483.12 0.05
483.84 0.05
484.56 0.05
485.28 0.05
486.0 0.05
486.72 0.05
487.44 0.05
488.16 0.05
488.88 0.05
489.6 0.15
490.32 0.05
491.04 0.05
491.76 0.05
492.48 0.05
493.2 0.05
493.92 0.05
494.64 0.05
495.36 0.05
496.08 0.05
496.8 0.05
497.52 0.05
498.24 0.05
498.96 0.05
499.68 0.05
500.4 0.05
501.12 0.05
501.84 0.05
502.56 0.05
503.28 0.05
504.0 0.05
504.72 0.05
505.44 0.05
506.16 0.05
506.88 0.05
507.6 0.05
508.32 0.06
509.04 0.06
509.76 0.06
510.48 0.06
511.2 0.06
511.92 0.06
512.64 0.06
513.36 0.06
514.08 0.06
514.8 0.06
515.52 0.06
516.24 0.06
516.96 0.06
517.68 0.05
518.4 0.05
519.12 0.05
519.84 0.07
520.56 0.05
521.28 0.05
522.0 0.05
522.72 0.05
523.44 0.05
524.16 0.05
524.88 0.05
525.6 0.05
526.32 0.05
527.04 0.05
527.76 0.05
528.48 0.05
529.2 0.05
529.92 0.05
530.64 0.05
531.36 0.05
532.08 0.05
532.8 0.05
533.52 0.05
534.24 0.05
534.96 0.05
535.68 0.05
536.4 0.05
537.12 0.05
537.84 0.05
538.56 0.05
539.28 0.05
540.0 0.05
540.72 0.05
541.44 0.05
542.16 0.05
542.88 0.05
543.6 0.05
544.32 0.05
545.04 0.05
545.76 0.05
546.48 0.05
547.2 0.05
547.92 0.05
548.64 0.05
549.36 0.05
550.08 0.05
550.8 0.05
551.52 0.05
552.24 0.05
552.96 0.05
553.68 0.05
554.4 0.05
555.12 0.05
555.84 0.05
556.56 0.05
557.28 0.05
558.0 0.05
558.72 0.05
559.44 0.05
560.16 0.05
560.88 0.05
561.6 0.05
562.32 0.05
563.04 0.05
563.76 0.05
564.48 0.05
565.2 0.07
565.92 0.05
566.64 0.05
567.36 0.05
568.08 0.05
568.8 0.05
569.52 0.05
570.24 0.05
570.96 0.05
571.68 0.05
572.4 0.05
573.12 0.05
573.84 0.05
574.56 0.05
575.28 0.05
576.0 0.05
576.72 0.05
577.44 0.05
578.16 0.05
578.88 0.05
579.6 0.05
580.32 0.05
581.04 0.05
581.76 0.05
582.48 0.05
583.2 0.05
583.92 0.05
584.64 0.05
585.36 0.05
586.08 0.05
586.8 0.05
587.52 0.05
588.24 0.05
588.96 0.05
589.68 0.05
590.4 0.05
591.12 0.05
591.84 0.05
592.56 0.05
593.28 0.05
594.0 0.05
594.72 0.05
595.44 0.06
596.16 0.05
596.88 0.05
597.6 0.05
598.32 0.05
599.04 0.05
599.76 0.05
600.48 0.05
601.2 0.05
601.92 0.05
602.64 0.05
603.36 0.05
604.08 0.05
604.8 0.05
605.52 0.05
606.24 0.05
606.96 0.05
607.68 0.05
608.4 0.05
609.12 0.08
609.84 0.05
610.56 0.05
611.28 0.05
612.0 0.05
612.72 0.05
613.44 0.05
614.16 0.06
614.88 0.06
615.6 0.06
616.32 0.06
617.04 0.06
617.76 0.06
618.48 0.12
619.2 0.06
619.92 0.06
620.64 0.06
621.36 0.06
622.08 0.06
622.8 0.17
623.52 0.05
624.24 0.05
624.96 0.05
625.68 0.05
626.4 0.05
627.12 0.05
627.84 0.05
628.56 0.05
629.28 0.05
630.0 0.05
630.72 0.05
631.44 0.07
632.16 0.05
632.88 0.05
633.6 0.05
634.32 0.05
635.04 0.05
635.76 0.05
636.48 0.05
637.2 0.05
637.92 0.05
638.64 0.05
639.36 0.05
640.08 0.05
640.8 0.05
641.52 0.05
642.24 0.05
642.96 0.05
643.68 0.1
644.4 0.05
645.12 0.05
645.84 0.05
646.56 0.05
647.28 0.05
648.0 0.05
648.72 0.05
649.44 0.05
650.16 0.07
650.88 0.05
651.6 0.05
652.32 0.05
653.04 0.05
653.76 0.06
654.48 0.05
655.2 0.11
655.92 0.05
656.64 0.06
657.36 0.06
658.08 0.06
658.8 0.06
659.52 0.06
660.24 0.06
660.96 0.06
661.68 0.06
662.4 0.06
663.12 0.06
663.84 0.06
664.56 0.06
665.28 0.06
666.0 0.06
666.72 0.07
667.44 0.05
668.16 0.05
668.88 0.05
669.6 0.05
670.32 0.05
671.04 0.05
671.76 0.05
672.48 0.06
673.2 0.05
673.92 0.05
674.64 0.05
675.36 0.05
676.08 0.06
676.8 0.06
677.52 0.06
678.24 0.06
678.96 0.06
679.68 0.06
680.4 0.06
681.12 0.06
681.84 0.06
682.56 0.06
683.28 0.06
684.0 0.06
684.72 0.06
685.44 0.05
686.16 0.05
686.88 0.05
687.6 0.16
688.32 0.05
689.04 0.05
689.76 0.05
690.48 0.05
691.2 0.05
691.92 0.05
692.64 0.05
693.36 0.05
694.08 0.05
694.8 0.05
695.52 0.05
696.24 0.05
696.96 0.05
697.68 0.05
698.4 0.05
699.12 0.05
699.84 0.05
700.56 0.05
701.28 0.05
702.0 0.05
702.72 0.05
703.44 0.06
704.16 0.05
704.88 0.05
705.6 0.05
706.32 0.05
707.04 0.05
707.76 0.05
708.48 0.05
709.2 0.05
709.92 0.05
710.64 0.05
711.36 0.05
712.08 0.05
712.8 0.05
713.52 0.05
714.24 0.05
714.96 0.06
715.68 0.05
716.4 0.05
717.12 0.05
717.84 0.05
718.56 0.05
719.28 0.05
720.0 0.06
720.72 0.06
721.44 0.06
722.16 0.06
722.88 0.06
723.6 0.06
724.32 0.06
725.04 0.06
725.76 0.06
726.48 0.06
727.2 0.06
727.92 0.06
728.64 0.06
729.36 0.06
730.08 0.06
730.8 0.06
731.52 0.06
732.24 0.06
732.96 0.06
733.68 0.07
734.4 0.07
735.12 0.07
735.84 0.08
736.56 0.07
737.28 0.07
738.0 0.06
738.72 0.06
739.44 0.06
740.16 0.06
740.88 0.06
741.6 0.06
742.32 0.06
743.04 0.05
743.76 0.06
744.48 0.06
745.2 0.05
745.92 0.05
746.64 0.05
747.36 0.05
748.08 0.05
748.8 0.06
749.52 0.06
750.24 0.06
750.96 0.06
751.68 0.06
752.4 0.06
753.12 0.06
753.84 0.12
754.56 0.06
755.28 0.06
756.0 0.06
756.72 0.06
757.44 0.06
758.16 0.06
758.88 0.15
759.6 0.05
760.32 0.05
761.04 0.05
761.76 0.06
762.48 0.06
763.2 0.06
763.92 0.06
764.64 0.06
765.36 0.06
766.08 0.06
766.8 0.05
767.52 0.06
768.24 0.05
768.96 0.06
769.68 0.05
770.4 0.05
771.12 0.05
771.84 0.05
772.56 0.05
773.28 0.05
774.0 0.05
774.72 0.05
775.44 0.08
776.16 0.05
776.88 0.05
777.6 0.05
778.32 0.05
779.04 0.06
779.76 0.06
780.48 0.05
781.2 0.06
781.92 0.06
782.64 0.06
783.36 0.06
784.08 0.06
784.8 0.06
785.52 0.06
786.24 0.06
786.96 0.06
787.68 0.06
788.4 0.05
789.12 0.05
789.84 0.08
790.56 0.05
791.28 0.05
792.0 0.05
792.72 0.05
793.44 0.05
794.16 0.05
794.88 0.05
795.6 0.05
796.32 0.07
797.04 0.08
797.76 0.07
798.48 0.09
799.2 0.07
799.92 0.13
800.64 0.09
801.36 0.05
802.08 0.05
802.8 0.05
803.52 0.05
804.24 0.05
804.96 0.05
805.68 0.05
806.4 0.06
807.12 0.06
807.84 0.06
808.56 0.06
809.28 0.06
810.0 0.06
810.72 0.06
811.44 0.06
812.16 0.06
812.88 0.06
813.6 0.06
814.32 0.06
815.04 0.06
815.76 0.05
816.48 0.05
817.2 0.05
817.92 0.05
818.64 0.05
819.36 0.05
820.08 0.05
820.8 0.05
821.52 0.05
822.24 0.05
822.96 0.05
823.68 0.05
824.4 0.05
825.12 0.14
825.84 0.05
826.56 0.05
827.28 0.05
828.0 0.05
828.72 0.05
829.44 0.05
830.16 0.05
830.88 0.05
831.6 0.07
832.32 0.05
833.04 0.05
833.76 0.05
834.48 0.05
835.2 0.05
835.92 0.05
836.64 0.05
837.36 0.05
838.08 0.05
838.8 0.05
839.52 0.05
840.24 0.05
840.96 0.05
841.68 0.05
842.4 0.05
843.12 0.05
843.84 0.05
844.56 0.05
845.28 0.05
846.0 0.05
846.72 0.05
847.44 0.1
848.16 0.05
848.88 0.05
849.6 0.05
850.32 0.05
851.04 0.05
851.76 0.05
852.48 0.05
853.2 0.05
853.92 0.05
854.64 0.05
855.36 0.05
856.08 0.05
856.8 0.05
857.52 0.05
858.24 0.05
858.96 0.05
859.68 0.06
860.4 0.05
861.12 0.05
861.84 0.05
862.56 0.05
863.28 0.05
864.0 0.05
864.72 0.09
865.44 0.07
866.16 0.07
866.88 0.07
867.6 0.07
868.32 0.08
869.04 0.09
869.76 0.06
870.48 0.05
871.2 0.05
871.92 0.05
872.64 0.05
873.36 0.05
874.08 0.2
874.8 0.05
875.52 0.05
876.24 0.05
876.96 0.06
877.68 0.05
878.4 0.05
879.12 0.05
879.84 0.05
880.56 0.05
881.28 0.05
882.0 0.05
882.72 0.05
883.44 0.05
884.16 0.05
884.88 0.05
885.6 0.05
886.32 0.05
887.04 0.05
887.76 0.05
888.48 0.1
889.2 0.06
889.92 0.06
890.64 0.06
891.36 0.06
892.08 0.06
892.8 0.06
893.52 0.06
894.24 0.06
894.96 0.06
895.68 0.06
896.4 0.06
897.12 0.06
897.84 0.06
898.56 0.05
899.28 0.05
900.0 0.05
900.72 0.05
901.44 0.05
902.16 0.05
902.88 0.05
903.6 0.05
904.32 0.05
905.04 0.05
905.76 0.05
906.48 0.05
907.2 0.05
907.92 0.05
908.64 0.05
909.36 0.05
910.08 0.05
910.8 0.05
911.52 0.05
912.24 0.05
912.96 0.05
913.68 0.05
914.4 0.05
915.12 0.05
915.84 0.05
916.56 0.05
917.28 0.05
918.0 0.05
918.72 0.05
919.44 0.05
920.16 0.06
920.88 0.05
921.6 0.05
922.32 0.05
923.04 0.1
923.76 0.05
924.48 0.05
925.2 0.05
925.92 0.05
926.64 0.05
927.36 0.05
928.08 0.05
928.8 0.05
929.52 0.05
930.24 0.05
930.96 0.05
931.68 0.05
932.4 0.05
933.12 0.06
933.84 0.1
934.56 0.05
935.28 0.05
936.0 0.05
936.72 0.05
937.44 0.05
938.16 0.05
938.88 0.05
939.6 0.09
940.32 0.05
941.04 0.06
941.76 0.06
942.48 0.06
943.2 0.06
943.92 0.06
944.64 0.06
945.36 0.06
946.08 0.06
946.8 0.06
947.52 0.06
948.24 0.06
948.96 0.06
949.68 0.06
950.4 0.08
951.12 0.05
951.84 0.05
952.56 0.05
953.28 0.05
954.0 0.05
954.72 0.05
955.44 0.05
956.16 0.05
956.88 0.05
957.6 0.05
958.32 0.05
959.04 0.05
959.76 0.05
960.48 0.05
961.2 0.05
961.92 0.05
962.64 0.06
963.36 0.06
964.08 0.06
964.8 0.05
965.52 0.05
966.24 0.05
966.96 0.05
967.68 0.05
968.4 0.05
969.12 0.05
969.84 0.05
970.56 0.05
971.28 0.05
972.0 0.06
972.72 0.06
973.44 0.06
974.16 0.06
974.88 0.06
975.6 0.06
976.32 0.06
977.04 0.06
977.76 0.06
978.48 0.06
979.2 0.06
979.92 0.06
980.64 0.13
981.36 0.07
982.08 0.06
982.8 0.06
983.52 0.06
984.24 0.06
984.96 0.06
985.68 0.06
986.4 0.06
987.12 0.06
987.84 0.06
988.56 0.06
989.28 0.06
990.0 0.06
990.72 0.05
991.44 0.05
992.16 0.05
992.88 0.05
993.6 0.05
994.32 0.05
995.04 0.05
995.76 0.05
996.48 0.05
997.2 0.05
997.92 0.05
998.64 0.05
999.36 0.05
1000.08 0.05
1000.8 0.05
1001.52 0.05
1002.24 0.05
1002.96 0.05
1003.68 0.06
1004.4 0.06
1005.12 0.06
1005.84 0.06
1006.56 0.06
1007.28 0.05
1008.0 0.06
1008.72 0.06
1009.44 0.06
1010.16 0.06
1010.88 0.06
1011.6 0.05
1012.32 0.06
1013.04 0.05
1013.76 0.06
1014.48 0.05
1015.2 0.07
1015.92 0.07
1016.64 0.07
1017.36 0.06
1018.08 0.08
1018.8 0.07
1019.52 0.08
1020.24 0.07
1020.96 0.05
1021.68 0.06
1022.4 0.05
1023.12 0.05
1023.84 0.05
1024.56 0.05
1025.28 0.05
1026.0 0.05
1026.72 0.05
1027.44 0.05
1028.16 0.05
1028.88 0.05
1029.6 0.05
1030.32 0.05
1031.04 0.05
1031.76 0.05
1032.48 0.05
1033.2 0.05
1033.92 0.08
1034.64 0.05
1035.36 0.05
1036.08 0.06
1036.8 0.06
1037.52 0.07
1038.24 0.06
1038.96 0.06
1039.68 0.06
1040.4 0.06
1041.12 0.06
1041.84 0.06
1042.56 0.08
1043.28 0.06
1044.0 0.05
1044.72 0.05
1045.44 0.06
1046.16 0.06
1046.88 0.06
1047.6 0.06
1048.32 0.06
1049.04 0.06
1049.76 0.06
1050.48 0.06
1051.2 0.06
1051.92 0.06
1052.64 0.06
1053.36 0.06
1054.08 0.06
1054.8 0.06
1055.52 0.08
1056.24 0.08
1056.96 0.08
1057.68 0.09
1058.4 0.08
1059.12 0.06
1059.84 0.07
1060.56 0.07
1061.28 0.06
1062.0 0.07
1062.72 0.06
1063.44 0.06
1064.16 0.06
1064.88 0.07
1065.6 0.07
1066.32 0.06
1067.04 0.07
1067.76 0.06
1068.48 0.06
1069.2 0.06
1069.92 0.06
1070.64 0.06
1071.36 0.06
1072.08 0.06
1072.8 0.06
1073.52 0.05
1074.24 0.05
1074.96 0.05
1075.68 0.05
1076.4 0.05
1077.12 0.05
1077.84 0.05
1078.56 0.05
1079.28 0.05
1080.0 0.05
1080.72 0.05
1081.44 0.05
1082.16 0.05
1082.88 0.05
1083.6 0.05
1084.32 0.07
1085.04 0.08
1085.76 0.07
1086.48 0.08
1087.2 0.07
1087.92 0.07
1088.64 0.06
1089.36 0.05
1090.08 0.05
1090.8 0.05
1091.52 0.06
1092.24 0.06
1092.96 0.06
1093.68 0.06
1094.4 0.06
1095.12 0.06
1095.84 0.06
1096.56 0.06
1097.28 0.06
1098.0 0.06
1098.72 0.06
1099.44 0.06
1100.16 0.06
1100.88 0.05
1101.6 0.06
1102.32 0.05
1103.04 0.05
1103.76 0.06
1104.48 0.05
1105.2 0.06
1105.92 0.05
1106.64 0.05
1107.36 0.05
1108.08 0.05
1108.8 0.05
1109.52 0.05
1110.24 0.05
1110.96 0.05
1111.68 0.06
1112.4 0.05
1113.12 0.09
1113.84 0.05
1114.56 0.05
1115.28 0.05
1116.0 0.05
1116.72 0.05
1117.44 0.05
1118.16 0.05
1118.88 0.05
1119.6 0.05
1120.32 0.05
1121.04 0.05
1121.76 0.05
1122.48 0.05
1123.2 0.05
1123.92 0.05
1124.64 0.05
1125.36 0.05
1126.08 0.05
1126.8 0.05
1127.52 0.05
1128.24 0.05
1128.96 0.05
1129.68 0.05
1130.4 0.05
1131.12 0.05
1131.84 0.05
1132.56 0.05
1133.28 0.05
1134.0 0.05
1134.72 0.05
1135.44 0.05
1136.16 0.05
1136.88 0.05
1137.6 0.07
1138.32 0.05
1139.04 0.05
1139.76 0.05
1140.48 0.09
1141.2 0.05
1141.92 0.05
1142.64 0.05
1143.36 0.05
1144.08 0.05
1144.8 0.05
1145.52 0.05
1146.24 0.05
1146.96 0.05
1147.68 0.05
1148.4 0.05
1149.12 0.07
1149.84 0.05
1150.56 0.05
1151.28 0.05
1152.0 0.05
1152.72 0.05
1153.44 0.05
1154.16 0.05
1154.88 0.05
1155.6 0.05
1156.32 0.05
1157.04 0.05
1157.76 0.06
1158.48 0.05
1159.2 0.06
1159.92 0.05
1160.64 0.05
1161.36 0.05
1162.08 0.05
1162.8 0.07
1163.52 0.05
1164.24 0.05
1164.96 0.05
1165.68 0.05
1166.4 0.06
1167.12 0.06
1167.84 0.05
1168.56 0.05
1169.28 0.05
1170.0 0.05
1170.72 0.05
1171.44 0.05
1172.16 0.05
1172.88 0.05
1173.6 0.05
1174.32 0.05
1175.04 0.05
1175.76 0.05
1176.48 0.08
1177.2 0.05
1177.92 0.05
1178.64 0.05
1179.36 0.05
1180.08 0.05
1180.8 0.05
1181.52 0.05
1182.24 0.05
1182.96 0.05
1183.68 0.05
1184.4 0.05
1185.12 0.05
1185.84 0.05
1186.56 0.05
1187.28 0.05
1188.0 0.05
1188.72 0.05
1189.44 0.05
1190.16 0.18
1190.88 0.05
1191.6 0.05
1192.32 0.05
1193.04 0.05
1193.76 0.05
1194.48 0.05
1195.2 0.05
1195.92 0.05
1196.64 0.05
1197.36 0.05
1198.08 0.05
1198.8 0.05
1199.52 0.05
1200.24 0.05
1200.96 0.05
1201.68 0.05
1202.4 0.05
1203.12 0.05
1203.84 0.05
1204.56 0.05
1205.28 0.05
1206.0 0.05
1206.72 0.05
1207.44 0.05
1208.16 0.05
1208.88 0.05
1209.6 0.05
1210.32 0.05
1211.04 0.05
1211.76 0.05
1212.48 0.05
1213.2 0.05
1213.92 0.05
1214.64 0.05
1215.36 0.05
1216.08 0.08
1216.8 0.05
1217.52 0.05
1218.24 0.05
1218.96 0.05
1219.68 0.05
1220.4 0.05
1221.12 0.05
1221.84 0.05
1222.56 0.05
1223.28 0.05
1224.0 0.05
1224.72 0.05
1225.44 0.05
1226.16 0.05
1226.88 0.05
1227.6 0.05
1228.32 0.05
1229.04 0.05
1229.76 0.05
1230.48 0.05
1231.2 0.05
1231.92 0.05
1232.64 0.05
1233.36 0.05
1234.08 0.05
1234.8 0.05
1235.52 0.05
1236.24 0.05
1236.96 0.05
1237.68 0.05
1238.4 0.05
1239.12 0.05
1239.84 0.05
1240.56 0.05
1241.28 0.05
1242.0 0.05
1242.72 0.05
1243.44 0.05
1244.16 0.05
1244.88 0.05
1245.6 0.05
1246.32 0.05
1247.04 0.05
1247.76 0.05
1248.48 0.06
1249.2 0.06
1249.92 0.1
1250.64 0.06
1251.36 0.06
1252.08 0.06
1252.8 0.06
1253.52 0.06
1254.24 0.06
1254.96 0.06
1255.68 0.06
1256.4 0.06
1257.12 0.06
1257.84 0.06
1258.56 0.06
1259.28 0.06
1260.0 0.06
1260.72 0.06
1261.44 0.06
1262.16 0.06
1262.88 0.06
1263.6 0.06
1264.32 0.06
1265.04 0.06
1265.76 0.06
1266.48 0.08
1267.2 0.05
1267.92 0.05
1268.64 0.05
1269.36 0.05
1270.08 0.05
1270.8 0.05
1271.52 0.05
1272.24 0.05
1272.96 0.05
1273.68 0.05
1274.4 0.05
1275.12 0.14
1275.84 0.08
1276.56 0.05
1277.28 0.07
1278.0 0.07
1278.72 0.07
1279.44 0.07
1280.16 0.07
1280.88 0.06
1281.6 0.06
1282.32 0.06
1283.04 0.06
1283.76 0.06
1284.48 0.06
1285.2 0.06
1285.92 0.06
1286.64 0.06
1287.36 0.06
1288.08 0.06
1288.8 0.06
1289.52 0.06
1290.24 0.06
1290.96 0.06
1291.68 0.06
1292.4 0.06
1293.12 0.06
1293.84 0.06
1294.56 0.06
1295.28 0.06
1296.0 0.05
1296.72 0.05
1297.44 0.06
1298.16 0.05
1298.88 0.05
1299.6 0.05
1300.32 0.06
1301.04 0.06
1301.76 0.05
1302.48 0.05
1303.2 0.11
1303.92 0.05
1304.64 0.05
1305.36 0.05
1306.08 0.05
1306.8 0.05
1307.52 0.05
1308.24 0.05
1308.96 0.05
1309.68 0.05
1310.4 0.05
1311.12 0.05
1311.84 0.05
1312.56 0.05
1313.28 0.05
1314.0 0.05
1314.72 0.05
1315.44 0.05
1316.16 0.05
1316.88 0.05
1317.6 0.05
1318.32 0.05
1319.04 0.05
1319.76 0.05
1320.48 0.05
1321.2 0.05
1321.92 0.05
1322.64 0.05
1323.36 0.05
1324.08 0.05
1324.8 0.05
1325.52 0.18
1326.24 0.05
1326.96 0.05
1327.68 0.05
1328.4 0.06
1329.12 0.06
1329.84 0.06
1330.56 0.06
1331.28 0.06
1332.0 0.06
1332.72 0.06
1333.44 0.06
1334.16 0.06
1334.88 0.06
1335.6 0.06
1336.32 0.11
1337.04 0.06
1337.76 0.06
1338.48 0.05
1339.2 0.05
1339.92 0.05
1340.64 0.05
1341.36 0.05
1342.08 0.05
1342.8 0.05
1343.52 0.05
1344.24 0.05
1344.96 0.05
1345.68 0.05
1346.4 0.05
1347.12 0.05
1347.84 0.05
1348.56 0.05
1349.28 0.05
1350.0 0.05
1350.72 0.05
1351.44 0.05
1352.16 0.05
1352.88 0.05
1353.6 0.05
1354.32 0.05
1355.04 0.05
1355.76 0.05
1356.48 0.05
1357.2 0.05
1357.92 0.05
1358.64 0.05
1359.36 0.05
1360.08 0.05
1360.8 0.05
1361.52 0.05
1362.24 0.05
1362.96 0.05
1363.68 0.09
1364.4 0.05
1365.12 0.05
1365.84 0.05
1366.56 0.05
1367.28 0.05
1368.0 0.05
1368.72 0.05
1369.44 0.05
1370.16 0.05
1370.88 0.05
1371.6 0.05
1372.32 0.05
1373.04 0.05
1373.76 0.05
1374.48 0.05
1375.2 0.05
1375.92 0.05
1376.64 0.05
1377.36 0.05
1378.08 0.05
1378.8 0.05
1379.52 0.06
1380.24 0.06
1380.96 0.05
1381.68 0.05
1382.4 0.05
1383.12 0.05
1383.84 0.05
1384.56 0.05
1385.28 0.05
1386.0 0.05
1386.72 0.05
1387.44 0.05
1388.16 0.05
1388.88 0.05
1389.6 0.05
1390.32 0.05
1391.04 0.05
1391.76 0.05
1392.48 0.05
1393.2 0.05
1393.92 0.05
1394.64 0.07
1395.36 0.05
1396.08 0.05
1396.8 0.05
1397.52 0.05
1398.24 0.05
1398.96 0.05
1399.68 0.05
1400.4 0.05
1401.12 0.05
1401.84 0.05
1402.56 0.06
1403.28 0.05
1404.0 0.06
1404.72 0.05
1405.44 0.05
1406.16 0.05
1406.88 0.05
1407.6 0.05
1408.32 0.05
1409.04 0.05
1409.76 0.05
1410.48 0.05
1411.2 0.05
1411.92 0.05
1412.64 0.05
1413.36 0.05
1414.08 0.05
1414.8 0.05
1415.52 0.05
1416.24 0.05
1416.96 0.05
1417.68 0.05
1418.4 0.05
1419.12 0.05
1419.84 0.05
1420.56 0.05
1421.28 0.05
1422.0 0.05
1422.72 0.05
1423.44 0.05
1424.16 0.05
1424.88 0.05
1425.6 0.05
1426.32 0.05
1427.04 0.05
1427.76 0.05
1428.48 0.05
1429.2 0.05
1429.92 0.05
1430.64 0.05
1431.36 0.05
1432.08 0.05
1432.8 0.05
1433.52 0.05
1434.24 0.05
1434.96 0.05
1435.68 0.05
1436.4 0.05
1437.12 0.05
1437.84 0.05
1438.56 0.05
1439.28 0.05
1440.0 0.05
1440.72 0.05
1441.44 0.05
1442.16 0.05
1442.88 0.05
1443.6 0.05
1444.32 0.05
1445.04 0.05
1445.76 0.05
1446.48 0.05
1447.2 0.06
1447.92 0.06
1448.64 0.05
1449.36 0.06
1450.08 0.06
1450.8 0.06
1451.52 0.06
1452.24 0.06
1452.96 0.06
1453.68 0.06
1454.4 0.06
1455.12 0.06
1455.84 0.06
1456.56 0.06
1457.28 0.05
1458.0 0.05
1458.72 0.05
1459.44 0.05
1460.16 0.05
1460.88 0.05
1461.6 0.05
1462.32 0.05
1463.04 0.05
1463.76 0.05
1464.48 0.05
1465.2 0.05
1465.92 0.05
1466.64 0.05
1467.36 0.05
1468.08 0.05
1468.8 0.05
1469.52 0.05
1470.24 0.05
1470.96 0.05
1471.68 0.05
1472.4 0.05
1473.12 0.05
1473.84 0.05
1474.56 0.05
1475.28 0.05
1476.0 0.05
1476.72 0.05
1477.44 0.05
1478.16 0.05
1478.88 0.05
1479.6 0.05
1480.32 0.05
1481.04 0.09
1481.76 0.05
1482.48 0.05
1483.2 0.05
1483.92 0.05
1484.64 0.05
1485.36 0.06
1486.08 0.05
1486.8 0.06
1487.52 0.05
1488.24 0.05
1488.96 0.05
1489.68 0.05
1490.4 0.05
1491.12 0.05
1491.84 0.05
1492.56 0.05
1493.28 0.05
1494.0 0.05
1494.72 0.06
1495.44 0.05
1496.16 0.05
1496.88 0.05
1497.6 0.05
1498.32 0.05
1499.04 0.05
1499.76 0.05
1500.48 0.05
1501.2 0.06
1501.92 0.06
1502.64 0.06
1503.36 0.06
1504.08 0.06
1504.8 0.06
1505.52 0.06
1506.24 0.06
1506.96 0.06
1507.68 0.06
1508.4 0.06
1509.12 0.06
1509.84 0.06
1510.56 0.05
1511.28 0.05
1512.0 0.05
1512.72 0.05
1513.44 0.05
1514.16 0.05
1514.88 0.05
1515.6 0.05
1516.32 0.05
1517.04 0.05
1517.76 0.05
1518.48 0.05
1519.2 0.05
1519.92 0.05
1520.64 0.05
1521.36 0.05
1522.08 0.05
1522.8 0.05
1523.52 0.05
1524.24 0.05
1524.96 0.05
1525.68 0.05
1526.4 0.05
1527.12 0.05
1527.84 0.09
1528.56 0.05
1529.28 0.05
1530.0 0.05
1530.72 0.05
1531.44 0.05
1532.16 0.05
1532.88 0.05
1533.6 0.05
1534.32 0.05
1535.04 0.05
1535.76 0.05
1536.48 0.05
1537.2 0.05
1537.92 0.05
1538.64 0.05
1539.36 0.05
1540.08 0.06
1540.8 0.05
1541.52 0.05
1542.24 0.05
1542.96 0.05
1543.68 0.05
1544.4 0.05
1545.12 0.05
1545.84 0.05
1546.56 0.05
1547.28 0.05
1548.0 0.05
1548.72 0.05
1549.44 0.05
1550.16 0.05
1550.88 0.05
1551.6 0.05
1552.32 0.05
1553.04 0.05
1553.76 0.05
1554.48 0.05
1555.2 0.05
1555.92 0.05
1556.64 0.05
1557.36 0.09
1558.08 0.05
1558.8 0.05
1559.52 0.05
1560.24 0.05
1560.96 0.05
1561.68 0.05
1562.4 0.05
1563.12 0.05
1563.84 0.05
1564.56 0.05
1565.28 0.05
1566.0 0.05
1566.72 0.05
1567.44 0.05
1568.16 0.05
1568.88 0.06
1569.6 0.13
1570.32 0.06
1571.04 0.06
1571.76 0.05
1572.48 0.05
1573.2 0.05
1573.92 0.05
1574.64 0.05
1575.36 0.05
1576.08 0.05
1576.8 0.06
1577.52 0.06
1578.24 0.06
1578.96 0.06
1579.68 0.06
1580.4 0.06
1581.12 0.06
1581.84 0.06
1582.56 0.06
1583.28 0.06
1584.0 0.06
1584.72 0.06
1585.44 0.06
1586.16 0.05
1586.88 0.07
1587.6 0.05
1588.32 0.05
1589.04 0.05
1589.76 0.05
1590.48 0.05
1591.2 0.05
1591.92 0.05
1592.64 0.05
1593.36 0.05
1594.08 0.05
1594.8 0.05
1595.52 0.06
1596.24 0.07
1596.96 0.07
1597.68 0.06
1598.4 0.06
1599.12 0.06
1599.84 0.06
1600.56 0.06
1601.28 0.06
1602.0 0.05
1602.72 0.06
1603.44 0.06
1604.16 0.06
1604.88 0.06
1605.6 0.06
1606.32 0.05
1607.04 0.06
1607.76 0.05
1608.48 0.05
1609.2 0.05
1609.92 0.05
1610.64 0.05
1611.36 0.05
1612.08 0.05
1612.8 0.05
1613.52 0.05
1614.24 0.05
1614.96 0.05
1615.68 0.05
1616.4 0.05
1617.12 0.12
1617.84 0.05
1618.56 0.05
1619.28 0.05
1620.0 0.05
1620.72 0.05
1621.44 0.05
1622.16 0.13
1622.88 0.05
1623.6 0.05
1624.32 0.05
1625.04 0.05
1625.76 0.05
1626.48 0.05
1627.2 0.05
1627.92 0.05
1628.64 0.05
1629.36 0.05
1630.08 0.05
1630.8 0.05
1631.52 0.05
1632.24 0.13
1632.96 0.05
1633.68 0.05
1634.4 0.05
1635.12 0.05
1635.84 0.05
1636.56 0.05
1637.28 0.05
1638.0 0.05
1638.72 0.05
1639.44 0.05
1640.16 0.05
1640.88 0.05
1641.6 0.05
1642.32 0.05
1643.04 0.05
1643.76 0.05
1644.48 0.05
1645.2 0.05
1645.92 0.05
1646.64 0.05
1647.36 0.05
1648.08 0.05
1648.8 0.06
1649.52 0.05
1650.24 0.05
1650.96 0.05
1651.68 0.05
1652.4 0.05
1653.12 0.05
1653.84 0.05
1654.56 0.05
1655.28 0.06
1656.0 0.05
1656.72 0.05
1657.44 0.05
1658.16 0.05
1658.88 0.05
1659.6 0.05
1660.32 0.05
1661.04 0.05
1661.76 0.05
1662.48 0.05
1663.2 0.05
1663.92 0.05
1664.64 0.05
1665.36 0.05
1666.08 0.05
1666.8 0.05
1667.52 0.05
1668.24 0.05
1668.96 0.05
1669.68 0.05
1670.4 0.05
1671.12 0.05
1671.84 0.05
1672.56 0.08
1673.28 0.05
1674.0 0.05
1674.72 0.05
1675.44 0.06
1676.16 0.05
1676.88 0.05
1677.6 0.05
1678.32 0.05
1679.04 0.05
1679.76 0.05
1680.48 0.05
1681.2 0.05
1681.92 0.05
1682.64 0.05
1683.36 0.05
1684.08 0.05
1684.8 0.05
1685.52 0.05
1686.24 0.05
1686.96 0.05
1687.68 0.05
1688.4 0.05
1689.12 0.05
1689.84 0.05
1690.56 0.05
1691.28 0.05
1692.0 0.05
1692.72 0.05
1693.44 0.05
1694.16 0.05
1694.88 0.05
1695.6 0.05
1696.32 0.05
1697.04 0.05
1697.76 0.05
1698.48 0.05
1699.2 0.05
1699.92 0.05
1700.64 0.05
1701.36 0.06
1702.08 0.05
1702.8 0.05
1703.52 0.05
1704.24 0.05
1704.96 0.05
1705.68 0.05
1706.4 0.06
1707.12 0.05
1707.84 0.06
1708.56 0.07
1709.28 0.07
1710.0 0.07
1710.72 0.07
1711.44 0.06
1712.16 0.06
1712.88 0.06
1713.6 0.05
1714.32 0.06
1715.04 0.06
1715.76 0.07
1716.48 0.07
1717.2 0.06
1717.92 0.06
1718.64 0.06
1719.36 0.06
1720.08 0.09
1720.8 0.06
1721.52 0.08
1722.24 0.08
1722.96 0.06
1723.68 0.06
1724.4 0.07
1725.12 0.06
1725.84 0.07
1726.56 0.06
1727.28 0.06
1728.0 0.06
1728.72 0.06
1729.44 0.06
1730.16 0.06
1730.88 0.06
1731.6 0.06
1732.32 0.06
1733.04 0.06
1733.76 0.05
1734.48 0.06
1735.2 0.05
1735.92 0.05
1736.64 0.05
1737.36 0.05
1738.08 0.05
1738.8 0.05
1739.52 0.05
1740.24 0.05
1740.96 0.05
1741.68 0.05
1742.4 0.05
1743.12 0.05
1743.84 0.05
1744.56 0.05
1745.28 0.05
1746.0 0.05
1746.72 0.05
1747.44 0.05
1748.16 0.05
1748.88 0.05
1749.6 0.05
1750.32 0.05
1751.04 0.05
1751.76 0.05
1752.48 0.08
1753.2 0.05
1753.92 0.05
1754.64 0.05
1755.36 0.05
1756.08 0.05
1756.8 0.05
1757.52 0.1
1758.24 0.05
1758.96 0.05
1759.68 0.05
1760.4 0.05
1761.12 0.05
1761.84 0.05
1762.56 0.05
1763.28 0.05
1764.0 0.05
1764.72 0.05
1765.44 0.05
1766.16 0.05
1766.88 0.05
1767.6 0.05
1768.32 0.05
1769.04 0.05
1769.76 0.05
1770.48 0.05
1771.2 0.05
1771.92 0.05
1772.64 0.05
1773.36 0.05
1774.08 0.05
1774.8 0.05
1775.52 0.05
1776.24 0.05
1776.96 0.05
1777.68 0.05
1778.4 0.05
1779.12 0.05
1779.84 0.05
1780.56 0.05
1781.28 0.05
1782.0 0.05
1782.72 0.05
1783.44 0.05
1784.16 0.05
1784.88 0.05
1785.6 0.05
1786.32 0.05
1787.04 0.05
1787.76 0.05
1788.48 0.05
1789.2 0.05
1789.92 0.05
1790.64 0.05
1791.36 0.05
1792.08 0.05
1792.8 0.05
1793.52 0.05
1794.24 0.05
1794.96 0.05
1795.68 0.05
1796.4 0.05
1797.12 0.05
1797.84 0.05
1798.56 0.05
1799.28 0.09
1800.0 0.05
1800.72 0.05
1801.44 0.05
1802.16 0.05
1802.88 0.05
1803.6 0.05
1804.32 0.05
1805.04 0.06
1805.76 0.05
1806.48 0.05
1807.2 0.05
1807.92 0.05
1808.64 0.05
1809.36 0.05
1810.08 0.05
1810.8 0.05
1811.52 0.05
1812.24 0.05
1812.96 0.05
1813.68 0.05
1814.4 0.05
1815.12 0.05
1815.84 0.05
1816.56 0.05
1817.28 0.05
1818.0 0.05
1818.72 0.05
1819.44 0.05
1820.16 0.05
1820.88 0.05
1821.6 0.05
1822.32 0.05
1823.04 0.05
1823.76 0.05
1824.48 0.05
1825.2 0.05
1825.92 0.05
1826.64 0.05
1827.36 0.05
1828.08 0.05
1828.8 0.05
1829.52 0.05
1830.24 0.06
1830.96 0.05
1831.68 0.05
1832.4 0.05
1833.12 0.05
1833.84 0.05
1834.56 0.05
1835.28 0.05
1836.0 0.05
1836.72 0.12
1837.44 0.05
1838.16 0.05
1838.88 0.05
1839.6 0.05
1840.32 0.05
1841.04 0.05
1841.76 0.05
1842.48 0.05
1843.2 0.05
1843.92 0.05
1844.64 0.05
1845.36 0.05
1846.08 0.06
1846.8 0.05
1847.52 0.05
1848.24 0.06
1848.96 0.08
1849.68 0.05
1850.4 0.05
1851.12 0.05
1851.84 0.05
1852.56 0.05
1853.28 0.05
1854.0 0.05
1854.72 0.05
1855.44 0.05
1856.16 0.05
1856.88 0.05
1857.6 0.05
1858.32 0.05
1859.04 0.05
1859.76 0.05
1860.48 0.05
1861.2 0.06
1861.92 0.05
1862.64 0.05
1863.36 0.05
1864.08 0.05
1864.8 0.06
1865.52 0.06
1866.24 0.06
1866.96 0.06
1867.68 0.05
1868.4 0.06
1869.12 0.06
1869.84 0.06
1870.56 0.06
1871.28 0.06
1872.0 0.06
1872.72 0.06
1873.44 0.06
1874.16 0.06
1874.88 0.05
1875.6 0.05
1876.32 0.06
1877.04 0.06
1877.76 0.06
1878.48 0.05
1879.2 0.05
1879.92 0.05
1880.64 0.05
1881.36 0.05
1882.08 0.05
1882.8 0.05
1883.52 0.05
1884.24 0.05
1884.96 0.05
1885.68 0.05
1886.4 0.05
1887.12 0.05
1887.84 0.05
1888.56 0.05
1889.28 0.05
1890.0 0.05
1890.72 0.05
1891.44 0.05
1892.16 0.05
1892.88 0.07
1893.6 0.05
1894.32 0.05
1895.04 0.05
1895.76 0.06
1896.48 0.06
1897.2 0.06
1897.92 0.06
1898.64 0.06
1899.36 0.05
1900.08 0.05
1900.8 0.05
1901.52 0.05
1902.24 0.05
1902.96 0.05
1903.68 0.05
1904.4 0.06
1905.12 0.06
1905.84 0.11
1906.56 0.05
1907.28 0.12
1908.0 0.05
1908.72 0.05
1909.44 0.05
1910.16 0.06
1910.88 0.05
1911.6 0.05
1912.32 0.05
1913.04 0.05
1913.76 0.05
1914.48 0.05
1915.2 0.05
1915.92 0.05
1916.64 0.05
1917.36 0.05
1918.08 0.05
1918.8 0.05
1919.52 0.05
1920.24 0.08
1920.96 0.06
1921.68 0.05
1922.4 0.05
1923.12 0.05
1923.84 0.05
1924.56 0.06
1925.28 0.05
1926.0 0.05
1926.72 0.06
1927.44 0.06
1928.16 0.06
1928.88 0.06
1929.6 0.06
1930.32 0.06
1931.04 0.06
1931.76 0.06
1932.48 0.06
1933.2 0.07
1933.92 0.07
1934.64 0.06
1935.36 0.06
1936.08 0.05
1936.8 0.05
1937.52 0.12
1938.24 0.05
1938.96 0.05
1939.68 0.05
1940.4 0.05
1941.12 0.05
1941.84 0.05
1942.56 0.05
1943.28 0.05
1944.0 0.05
1944.72 0.05
1945.44 0.05
1946.16 0.06
1946.88 0.05
1947.6 0.05
1948.32 0.1
1949.04 0.06
1949.76 0.05
1950.48 0.07
1951.2 0.05
1951.92 0.05
1952.64 0.05
1953.36 0.05
1954.08 0.05
1954.8 0.05
1955.52 0.05
1956.24 0.05
1956.96 0.06
1957.68 0.06
1958.4 0.06
1959.12 0.05
1959.84 0.05
1960.56 0.05
1961.28 0.05
1962.0 0.05
1962.72 0.05
1963.44 0.05
1964.16 0.05
1964.88 0.05
1965.6 0.05
1966.32 0.05
1967.04 0.05
1967.76 0.05
1968.48 0.05
1969.2 0.05
1969.92 0.05
1970.64 0.05
1971.36 0.05
1972.08 0.06
1972.8 0.05
1973.52 0.05
1974.24 0.05
1974.96 0.05
1975.68 0.05
1976.4 0.05
1977.12 0.05
1977.84 0.05
1978.56 0.05
1979.28 0.05
1980.0 0.05
1980.72 0.05
1981.44 0.05
1982.16 0.05
1982.88 0.05
1983.6 0.05
1984.32 0.05
1985.04 0.05
1985.76 0.05
1986.48 0.05
1987.2 0.05
1987.92 0.05
1988.64 0.05
1989.36 0.05
1990.08 0.05
1990.8 0.05
1991.52 0.05
1992.24 0.05
1992.96 0.05
1993.68 0.05
1994.4 0.05
1995.12 0.05
1995.84 0.05
1996.56 0.05
1997.28 0.05
1998.0 0.05
1998.72 0.05
1999.44 0.05
