0.0 50589.83
1.2 56337.32
2.4 61815.66
3.6 61945.46
4.8 57276.75
6.0 52968.02
7.2 49024.79
8.4 45324.65
9.6 41896.0
10.8 38682.78
12.0 35671.76
13.2 32895.28
14.4 30271.17
15.6 27848.82
16.8 25596.6
18.0 23488.8
19.2 21541.48
20.4 19703.76
21.6 18014.6
22.8 16404.98
24.0 14905.9
25.2 13515.08
26.4 12206.71
27.6 10998.42
28.8 9865.24
30.0 8807.1
31.2 7817.47
32.4 6891.61
33.6 6030.79
34.8 5222.58
36.0 4470.16
37.2 3769.38
38.4 3110.6
39.6 2494.47
40.8 1915.63
42.0 1375.95
43.2 873.08
44.4 400.06
45.6 -959.07
46.8 -3236.35
48.0 -5519.63
49.2 -7801.85
50.4 -10075.94
51.6 -12347.42
52.8 -22413.08
54.0 -31908.56
55.2 -29007.28
56.4 -26349.49
57.6 -23913.5
58.8 -21651.43
60.0 -19601.36
61.2 -17685.64
62.4 -15941.52
63.6 -14327.36
64.8 -12840.34
66.0 -11490.6
67.2 -10247.17
68.4 -9117.33
69.6 -8075.63
70.8 -7126.81
72.0 -6262.89
73.2 -5469.7
74.4 -4756.84
75.6 -4101.28
76.8 -3508.78
78.0 -2974.42
79.2 -2491.6
80.4 -2058.68
81.6 -1657.27
82.8 -1299.26
84.0 -976.71
85.2 -686.22
86.4 -432.28
87.6 -194.31
88.8 8.28
90.0 175.74
91.2 317.96
92.4 438.02
93.6 541.51
94.8 626.43
96.0 701.87
97.2 759.48
98.4 793.21
99.6 813.25
100.8 823.09
102.0 830.07
103.2 832.3
104.4 834.52
105.6 833.08
106.8 823.71
108.0 825.49
109.2 821.97
110.4 821.2
111.6 814.09
112.8 801.75
114.0 798.12
115.2 792.09
116.4 788.76
117.6 779.06
118.8 762.82
120.0 759.57
121.2 754.8
122.4 740.12
123.6 723.13
124.8 710.37
126.0 696.27
127.2 681.55
128.4 672.42
129.6 662.61
130.8 661.51
132.0 664.69
133.2 668.3
134.4 666.53
135.6 664.33
136.8 666.37
138.0 676.84
139.2 700.62
140.4 729.06
141.6 754.08
142.8 781.21
144.0 805.95
145.2 837.23
146.4 860.26
147.6 881.41
148.8 896.08
150.0 913.43
151.2 937.75
152.4 962.65
153.6 987.8
154.8 1012.54
156.0 1032.0
157.2 1054.7
158.4 1074.81
159.6 1093.58
160.8 1113.3
162.0 1130.1
163.2 1167.87
164.4 1200.68
165.6 1230.01
166.8 1262.62
168.0 1295.08
169.2 1329.66
170.4 1358.15
171.6 1388.07
172.8 1412.32
174.0 1432.16
175.2 1458.88
176.4 1483.19
177.6 1505.24
178.8 1527.66
180.0 1551.28
181.2 1577.29
182.4 1600.22
183.6 1622.18
184.8 1644.96
186.0 1670.75
187.2 1708.66
188.4 1748.27
189.6 1793.02
190.8 1831.96
192.0 1861.56
193.2 1891.11
194.4 1920.87
195.6 1949.58
196.8 1981.48
198.0 2023.59
199.2 2062.27
200.4 2098.91
201.6 2140.86
202.8 2181.04
204.0 2223.87
205.2 2266.01
206.4 2309.53
207.6 2356.63
208.8 2401.82
210.0 2441.17
211.2 2478.94
212.4 2523.01
213.6 2572.37
214.8 2622.59
216.0 2673.44
217.2 2722.38
218.4 2771.25
219.6 2812.55
220.8 2848.03
222.0 2885.62
223.2 2921.55
224.4 2955.97
225.6 2985.79
226.8 3011.6
228.0 3038.92
229.2 3064.75
230.4 3092.8
231.6 3118.81
232.8 3134.06
234.0 3153.93
235.2 3175.68
236.4 3201.19
237.6 3226.45
238.8 3243.1
240.0 3257.53
241.2 3271.47
242.4 3284.86
243.6 3297.11
244.8 3316.68
246.0 3334.56
247.2 3351.28
248.4 3370.42
249.6 3389.81
250.8 3413.25
252.0 3434.82
253.2 3456.4
254.4 3479.48
255.6 3503.32
256.8 3530.82
258.0 3557.83
259.2 3592.27
260.4 3625.87
261.6 3662.41
262.8 3689.4
264.0 3711.41
265.2 3738.91
266.4 3770.29
267.6 3806.38
268.8 3841.42
270.0 3875.15
271.2 3904.08
272.4 3936.59
273.6 3978.95
274.8 4020.73
276.0 4058.94
277.2 4101.26
278.4 4142.76
279.6 4192.55
280.8 4242.91
282.0 4293.65
283.2 4343.71
284.4 4390.89
285.6 4437.05
286.8 4477.78
288.0 4511.54
289.2 4545.34
290.4 4577.92
291.6 4606.54
292.8 4636.75
294.0 4672.62
295.2 4705.15
296.4 4734.46
297.6 4763.91
298.8 4792.22
300.0 4819.48
301.2 4846.18
302.4 4870.85
303.6 4896.13
304.8 4920.29
306.0 4937.36
307.2 4952.37
308.4 4966.4
309.6 4973.21
310.8 4978.07
312.0 4990.58
313.2 5003.04
314.4 5011.25
315.6 5023.07
316.8 5035.21
318.0 5047.34
319.2 5060.45
320.4 5072.01
321.6 5081.41
322.8 5087.09
324.0 5089.55
325.2 5091.31
326.4 5093.55
327.6 5099.1
328.8 5108.53
330.0 5112.49
331.2 5111.32
332.4 5113.51
333.6 5117.97
334.8 5124.03
336.0 5130.51
337.2 5137.53
338.4 5145.4
339.6 5152.73
340.8 5159.91
342.0 5165.82
343.2 5170.07
344.4 5172.19
345.6 5173.49
346.8 5179.99
348.0 5188.58
349.2 5198.11
350.4 5205.2
351.6 5211.51
352.8 5219.85
354.0 5227.84
355.2 5235.28
356.4 5242.4
357.6 5249.26
358.8 5256.32
360.0 5263.83
361.2 5271.49
362.4 5280.42
363.6 5291.11
364.8 5302.33
366.0 5313.51
367.2 5313.62
368.4 5312.81
369.6 5311.55
370.8 5318.51
372.0 5328.32
373.2 5338.4
374.4 5347.69
375.6 5355.55
376.8 5359.09
378.0 5357.32
379.2 5349.22
380.4 5338.41
381.6 5318.14
382.8 5298.12
384.0 5271.17
385.2 5247.22
386.4 5226.81
387.6 5209.56
388.8 5193.44
390.0 5175.54
391.2 5157.32
392.4 5140.34
393.6 5125.07
394.8 5111.43
396.0 5096.7
397.2 5080.25
398.4 5051.71
399.6 5028.46
400.8 5009.3
402.0 4977.44
403.2 4946.77
404.4 4921.93
405.6 4898.4
406.8 4877.99
408.0 4871.65
409.2 4866.81
410.4 4858.95
411.6 4852.87
412.8 4848.31
414.0 4839.44
415.2 4831.8
416.4 4826.98
417.6 4827.17
418.8 4834.09
420.0 4844.9
421.2 4856.83
422.4 4870.11
423.6 4890.92
424.8 4920.77
426.0 4947.69
427.2 4972.25
428.4 4991.04
429.6 5009.73
430.8 5029.41
432.0 5042.8
433.2 5053.47
434.4 5060.91
435.6 5069.04
436.8 5081.47
438.0 5097.51
439.2 5119.63
440.4 5137.33
441.6 5154.01
442.8 5182.63
444.0 5209.77
445.2 5234.91
446.4 5256.01
447.6 5273.96
448.8 5290.84
450.0 5309.26
451.2 5329.86
452.4 5347.0
453.6 5361.33
454.8 5376.39
456.0 5390.27
457.2 5402.93
458.4 5412.28
459.6 5418.16
460.8 5430.21
462.0 5442.87
463.2 5453.16
464.4 5463.98
465.6 5475.51
466.8 5488.18
468.0 5500.53
469.2 5511.81
470.4 5521.06
471.6 5527.23
472.8 5537.77
474.0 5550.99
475.2 5560.24
476.4 5567.79
477.6 5569.37
478.8 5573.17
480.0 5578.02
481.2 5585.07
482.4 5591.65
483.6 5599.44
484.8 5603.38
486.0 5592.24
487.2 5586.39
488.4 5582.84
489.6 5578.99
490.8 5574.12
492.0 5566.58
493.2 5559.06
494.4 5550.19
495.6 5546.16
496.8 5540.79
498.0 5526.52
499.2 5515.71
500.4 5506.96
501.6 5493.15
502.8 5479.01
504.0 5462.67
505.2 5447.65
506.4 5433.58
507.6 5426.02
508.8 5419.33
510.0 5408.43
511.2 5400.74
512.4 5395.58
513.6 5386.88
514.8 5375.41
516.0 5364.42
517.2 5355.61
518.4 5349.95
519.6 5345.63
520.8 5342.12
522.0 5340.52
523.2 5339.19
524.4 5338.53
525.6 5344.92
526.8 5356.92
528.0 5363.4
529.2 5367.19
530.4 5366.0
531.6 5364.13
532.8 5361.19
534.0 5360.88
535.2 5361.22
536.4 5360.24
537.6 5358.73
538.8 5356.21
540.0 5352.66
541.2 5348.28
542.4 5348.27
543.6 5348.32
544.8 5349.05
546.0 5347.86
547.2 5344.51
548.4 5339.19
549.6 5333.28
550.8 5327.41
552.0 5321.56
553.2 5316.34
554.4 5316.2
555.6 5317.47
556.8 5318.13
558.0 5318.33
559.2 5318.36
560.4 5316.85
561.6 5314.07
562.8 5309.01
564.0 5303.27
565.2 5296.99
566.4 5291.12
567.6 5285.74
568.8 5282.31
570.0 5279.05
571.2 5277.53
572.4 5274.21
573.6 5266.26
574.8 5259.2
576.0 5252.8
577.2 5243.82
578.4 5236.33
579.6 5233.82
580.8 5230.5
582.0 5226.45
583.2 5223.15
584.4 5219.7
585.6 5206.32
586.8 5191.92
588.0 5176.93
589.2 5163.23
590.4 5150.62
591.6 5127.61
592.8 5101.79
594.0 5073.59
595.2 5048.94
596.4 5026.35
597.6 5010.95
598.8 4996.72
600.0 4983.02
601.2 4971.94
602.4 4961.55
603.6 4945.7
604.8 4928.13
606.0 4907.87
607.2 4886.39
608.4 4858.1
609.6 4833.06
610.8 4810.62
612.0 4782.78
613.2 4759.31
614.4 4742.28
615.6 4724.65
616.8 4707.33
618.0 4691.6
619.2 4677.43
620.4 4665.05
621.6 4652.71
622.8 4639.8
624.0 4623.18
625.2 4607.02
626.4 4601.68
627.6 4600.13
628.8 4601.74
630.0 4605.41
631.2 4608.95
632.4 4625.92
633.6 4643.15
634.8 4661.15
636.0 4675.5
637.2 4687.09
638.4 4697.65
639.6 4707.21
640.8 4716.69
642.0 4721.17
643.2 4720.86
644.4 4728.41
645.6 4737.48
646.8 4747.01
648.0 4754.87
649.2 4757.24
650.4 4761.36
651.6 4766.17
652.8 4779.08
654.0 4791.56
655.2 4804.46
656.4 4815.94
657.6 4826.13
658.8 4841.01
660.0 4853.59
661.2 4866.56
662.4 4877.13
663.6 4882.74
664.8 4892.97
666.0 4904.16
667.2 4918.54
668.4 4930.95
669.6 4941.14
670.8 4949.02
672.0 4954.53
673.2 4960.59
674.4 4965.69
675.6 4968.69
676.8 4974.31
678.0 4983.38
679.2 4990.91
680.4 4997.08
681.6 5002.56
682.8 5009.01
684.0 5018.61
685.2 5023.38
686.4 5025.18
687.6 5032.11
688.8 5043.76
690.0 5063.37
691.2 5074.34
692.4 5080.0
693.6 5073.54
694.8 5065.31
696.0 5056.34
697.2 5046.32
698.4 5033.43
699.6 5019.24
700.8 5006.96
702.0 4976.73
703.2 4951.84
704.4 4933.29
705.6 4917.43
706.8 4903.62
708.0 4891.84
709.2 4880.4
710.4 4870.11
711.6 4863.55
712.8 4858.69
714.0 4851.58
715.2 4845.35
716.4 4841.42
717.6 4836.67
718.8 4832.66
720.0 4828.6
721.2 4825.19
722.4 4821.92
723.6 4818.13
724.8 4813.33
726.0 4813.64
727.2 4815.6
728.4 4806.79
729.6 4796.99
730.8 4782.45
732.0 4774.73
733.2 4770.29
734.4 4779.58
735.6 4787.22
736.8 4795.29
738.0 4802.45
739.2 4810.08
740.4 4814.82
741.6 4822.82
742.8 4845.13
744.0 4867.82
745.2 4890.07
746.4 4909.46
747.6 4927.54
748.8 4943.87
750.0 4958.7
751.2 4972.8
752.4 4984.77
753.6 4996.59
754.8 5014.4
756.0 5030.38
757.2 5044.23
758.4 5054.55
759.6 5059.84
760.8 5069.26
762.0 5078.33
763.2 5085.19
764.4 5093.75
765.6 5103.34
766.8 5102.37
768.0 5097.21
769.2 5101.79
770.4 5111.07
771.6 5128.42
772.8 5142.34
774.0 5152.95
775.2 5160.36
776.4 5165.57
777.6 5159.47
778.8 5159.95
780.0 5162.73
781.2 5167.47
782.4 5173.27
783.6 5181.63
784.8 5189.7
786.0 5196.31
787.2 5203.88
788.4 5210.14
789.6 5211.25
790.8 5212.62
792.0 5214.36
793.2 5213.0
794.4 5210.75
795.6 5209.33
796.8 5207.69
798.0 5205.38
799.2 5209.54
800.4 5215.55
801.6 5217.88
802.8 5219.68
804.0 5221.53
805.2 5222.79
806.4 5223.65
807.6 5239.03
808.8 5253.59
810.0 5266.44
811.2 5275.36
812.4 5281.86
813.6 5293.17
814.8 5303.63
816.0 5311.63
817.2 5324.47
818.4 5344.26
819.6 5359.86
820.8 5372.06
822.0 5387.85
823.2 5400.2
824.4 5407.06
825.6 5410.54
826.8 5411.34
828.0 5403.56
829.2 5393.58
830.4 5384.82
831.6 5377.21
832.8 5370.52
834.0 5365.66
835.2 5361.52
836.4 5356.84
837.6 5352.55
838.8 5348.77
840.0 5344.88
841.2 5341.0
842.4 5333.58
843.6 5325.95
844.8 5318.33
846.0 5311.05
847.2 5304.07
848.4 5289.18
849.6 5272.39
850.8 5257.21
852.0 5243.38
853.2 5229.61
854.4 5218.09
855.6 5208.03
856.8 5186.95
858.0 5162.69
859.2 5141.35
860.4 5124.56
861.6 5109.37
862.8 5087.6
864.0 5069.25
865.2 5054.19
866.4 5044.03
867.6 5034.86
868.8 5036.66
870.0 5036.75
871.2 5036.39
872.4 5034.27
873.6 5030.0
874.8 5022.76
876.0 5015.49
877.2 5008.68
878.4 5002.22
879.6 4999.39
880.8 4994.44
882.0 4987.73
883.2 4988.4
884.4 4988.39
885.6 4987.79
886.8 4985.61
888.0 4981.93
889.2 4975.23
890.4 4966.5
891.6 4960.87
892.8 4956.72
894.0 4953.66
895.2 4946.37
896.4 4938.57
897.6 4947.17
898.8 4953.83
900.0 4959.6
901.2 4961.6
902.4 4961.48
903.6 4966.18
904.8 4969.93
906.0 4970.89
907.2 4966.17
908.4 4953.87
909.6 4943.51
910.8 4933.95
912.0 4927.21
913.2 4924.38
914.4 4924.81
915.6 4925.75
916.8 4926.67
918.0 4927.38
919.2 4928.08
920.4 4928.89
921.6 4930.76
922.8 4932.68
924.0 4934.39
925.2 4936.27
926.4 4937.18
927.6 4938.71
928.8 4941.77
930.0 4954.41
931.2 4968.23
932.4 4977.83
933.6 4989.14
934.8 5000.38
936.0 5014.91
937.2 5028.07
938.4 5033.36
939.6 5037.06
940.8 5038.1
942.0 5039.73
943.2 5043.02
944.4 5046.1
945.6 5047.81
946.8 5046.87
948.0 5050.05
949.2 5057.18
950.4 5060.47
951.6 5063.73
952.8 5060.58
954.0 5056.29
955.2 5052.7
956.4 5048.29
957.6 5044.08
958.8 5032.82
960.0 5019.57
961.2 4998.93
962.4 4981.68
963.6 4965.68
964.8 4938.6
966.0 4901.63
967.2 4867.16
968.4 4837.27
969.6 4812.03
970.8 4793.56
972.0 4779.3
973.2 4768.86
974.4 4760.08
975.6 4751.71
976.8 4742.79
978.0 4734.03
979.2 4732.76
980.4 4731.62
981.6 4730.79
982.8 4733.25
984.0 4737.11
985.2 4742.45
986.4 4748.24
987.6 4756.96
988.8 4767.77
990.0 4779.48
991.2 4786.1
992.4 4792.45
993.6 4799.62
994.8 4803.94
996.0 4807.15
997.2 4810.79
998.4 4814.09
999.6 4823.94
1000.8 4835.03
1002.0 4849.3
1003.2 4861.21
1004.4 4833.94
1005.6 4799.08
1006.8 4764.74
1008.0 4714.55
1009.2 4661.96
1010.4 4587.64
1011.6 4512.94
1012.8 4426.0
1014.0 4334.17
1015.2 4238.74
1016.4 4129.64
1017.6 4029.2
1018.8 3918.81
1020.0 3809.81
1021.2 3698.72
1022.4 3580.27
1023.6 3469.18
1024.8 3349.44
1026.0 3235.87
1027.2 3119.55
1028.4 3002.72
1029.6 2891.92
1030.8 2773.06
1032.0 2666.66
1033.2 2561.67
1034.4 2461.52
1035.6 2369.0
1036.8 2274.77
1038.0 2187.95
1039.2 2094.67
1040.4 2005.31
1041.6 1919.53
1042.8 1833.46
1044.0 1761.64
1045.2 1723.17
1046.4 1695.67
1047.6 1681.03
1048.8 1672.32
1050.0 1669.39
1051.2 1681.44
1052.4 1700.24
1053.6 1731.19
1054.8 1771.5
1056.0 1819.06
1057.2 1874.87
1058.4 1929.69
1059.6 1990.1
1060.8 2053.07
1062.0 2119.15
1063.2 2186.44
1064.4 2253.01
1065.6 2323.12
1066.8 2393.71
1068.0 2468.59
1069.2 2545.9
1070.4 2623.79
1071.6 2702.35
1072.8 2778.56
1074.0 2849.5
1075.2 2918.55
1076.4 2987.22
1077.6 3061.47
1078.8 3135.2
1080.0 3215.34
1081.2 3293.4
1082.4 3370.71
1083.6 3450.39
1084.8 3527.04
1086.0 3598.09
1087.2 3667.29
1088.4 3736.46
1089.6 3809.49
1090.8 3884.06
1092.0 3958.98
1093.2 4033.02
1094.4 4101.37
1095.6 4167.48
1096.8 4231.99
1098.0 4292.3
1099.2 4350.74
1100.4 4411.88
1101.6 4474.27
1102.8 4537.42
1104.0 4598.17
1105.2 4656.79
1106.4 4716.87
1107.6 4775.58
1108.8 4833.2
1110.0 4883.22
1111.2 4924.83
1112.4 4971.93
1113.6 5019.93
1114.8 5071.16
1116.0 5122.43
1117.2 5175.34
1118.4 5224.96
1119.6 5272.37
1120.8 5316.47
1122.0 5360.54
1123.2 5403.74
1124.4 5440.1
1125.6 5474.74
1126.8 5514.64
1128.0 5554.61
1129.2 5594.47
1130.4 5637.3
1131.6 5679.45
1132.8 5713.77
1134.0 5747.32
1135.2 5783.06
1136.4 5817.22
1137.6 5850.77
1138.8 5882.24
1140.0 5913.35
1141.2 5942.38
1142.4 5969.09
1143.6 5992.27
1144.8 6021.35
1146.0 6050.98
1147.2 6077.21
1148.4 6104.41
1149.6 6132.43
1150.8 6167.33
1152.0 6205.28
1153.2 6237.18
1154.4 6268.03
1155.6 6292.18
1156.8 6316.97
1158.0 6341.66
1159.2 6362.92
1160.4 6381.22
1161.6 6394.19
1162.8 6407.81
1164.0 6420.24
1165.2 6432.18
1166.4 6444.77
1167.6 6457.94
1168.8 6470.73
1170.0 6481.16
1171.2 6491.33
1172.4 6502.56
1173.6 6513.29
1174.8 6524.12
1176.0 6525.06
1177.2 6525.3
1178.4 6525.12
1179.6 6526.95
1180.8 6530.8
1182.0 6532.69
1183.2 6533.88
1184.4 6525.68
1185.6 6519.0
1186.8 6514.66
1188.0 6508.27
1189.2 6503.56
1190.4 6499.6
1191.6 6495.11
1192.8 6491.43
1194.0 6477.0
1195.2 6461.5
1196.4 6453.75
1197.6 6444.83
1198.8 6434.41
1200.0 6422.46
1201.2 6413.0
1202.4 6394.82
1203.6 6377.09
1204.8 6362.85
1206.0 6356.14
1207.2 6353.31
1208.4 6348.04
1209.6 6342.46
1210.8 6333.34
1212.0 6323.48
1213.2 6314.78
1214.4 6306.05
1215.6 6301.69
1216.8 6303.01
1218.0 6300.97
1219.2 6282.5
1220.4 6266.3
1221.6 6251.82
1222.8 6237.45
1224.0 6228.34
1225.2 6224.02
1226.4 6218.16
1227.6 6213.39
1228.8 6202.67
1230.0 6192.09
1231.2 6178.93
1232.4 6167.32
1233.6 6157.81
1234.8 6160.82
1236.0 6163.66
1237.2 6164.51
1238.4 6164.48
1239.6 6164.22
1240.8 6159.99
1242.0 6155.73
1243.2 6152.5
1244.4 6148.49
1245.6 6143.85
1246.8 6135.12
1248.0 6125.68
1249.2 6115.72
1250.4 6107.54
1251.6 6100.95
1252.8 6093.09
1254.0 6085.56
1255.2 6069.51
1256.4 6052.09
1257.6 6034.42
1258.8 6028.94
1260.0 6030.5
1261.2 6026.06
1262.4 6020.78
1263.6 6014.37
1264.8 6010.88
1266.0 6009.77
1267.2 6006.43
1268.4 6003.1
1269.6 6001.12
1270.8 5999.06
1272.0 5996.81
1273.2 5989.7
1274.4 5978.53
1275.6 5961.89
1276.8 5945.42
1278.0 5928.68
1279.2 5913.73
1280.4 5900.36
1281.6 5890.05
1282.8 5882.08
1284.0 5878.96
1285.2 5872.63
1286.4 5859.87
1287.6 5850.91
1288.8 5843.33
1290.0 5834.88
1291.2 5826.81
1292.4 5819.21
1293.6 5808.26
1294.8 5796.2
1296.0 5794.06
1297.2 5791.06
1298.4 5786.4
1299.6 5778.13
1300.8 5765.23
1302.0 5750.54
1303.2 5734.49
1304.4 5712.29
1305.6 5690.77
1306.8 5668.49
1308.0 5646.87
1309.2 5627.63
1310.4 5605.65
1311.6 5584.35
1312.8 5562.38
1314.0 5548.57
1315.2 5537.95
1316.4 5518.81
1317.6 5498.07
1318.8 5478.04
1320.0 5454.84
1321.2 5428.62
1322.4 5400.51
1323.6 5374.74
1324.8 5348.59
1326.0 5325.26
1327.2 5303.93
1328.4 5284.05
1329.6 5264.66
1330.8 5246.79
1332.0 5229.83
1333.2 5214.03
1334.4 5201.85
1335.6 5190.84
1336.8 5178.67
1338.0 5166.95
1339.2 5155.49
1340.4 5149.41
1341.6 5146.24
1342.8 5138.27
1344.0 5129.25
1345.2 5123.5
1346.4 5118.55
1347.6 5114.33
1348.8 5106.75
1350.0 5097.52
1351.2 5087.11
1352.4 5077.75
1353.6 5070.02
1354.8 5060.53
1356.0 5050.82
1357.2 5057.4
1358.4 5061.07
1359.6 5064.36
1360.8 5067.18
1362.0 5069.64
1363.2 5072.31
1364.4 5074.37
1365.6 5072.37
1366.8 5073.0
1368.0 5075.8
1369.2 5075.46
1370.4 5073.8
1371.6 5066.59
1372.8 5058.1
1374.0 5048.73
1375.2 5034.74
1376.4 5001.04
1377.6 4966.64
1378.8 4933.26
1380.0 4895.61
1381.2 4861.46
1382.4 4830.83
1383.6 4811.11
1384.8 4794.87
1386.0 4784.54
1387.2 4774.43
1388.4 4766.56
1389.6 4756.68
1390.8 4745.92
1392.0 4741.09
1393.2 4735.14
1394.4 4724.16
1395.6 4714.66
1396.8 4707.11
1398.0 4698.26
1399.2 4689.99
1400.4 4683.1
1401.6 4681.11
1402.8 4681.85
1404.0 4684.69
1405.2 4687.74
1406.4 4692.4
1407.6 4695.95
1408.8 4698.66
1410.0 4700.1
1411.2 4700.78
1412.4 4697.11
1413.6 4695.39
1414.8 4696.79
1416.0 4712.75
1417.2 4735.29
1418.4 4754.49
1419.6 4774.42
1420.8 4798.32
1422.0 4819.21
1423.2 4838.53
1424.4 4856.25
1425.6 4872.71
1426.8 4889.59
1428.0 4904.26
1429.2 4918.65
1430.4 4934.77
1431.6 4949.95
1432.8 4958.31
1434.0 4967.82
1435.2 4981.77
1436.4 4992.24
1437.6 5000.55
1438.8 5004.81
1440.0 5005.73
1441.2 5006.27
1442.4 5005.86
1443.6 5004.98
1444.8 5005.01
1446.0 5005.28
1447.2 5008.81
1448.4 5014.87
1449.6 5020.74
1450.8 5029.36
1452.0 5037.42
1453.2 5054.39
1454.4 5069.05
1455.6 5082.07
1456.8 5093.14
1458.0 5102.2
1459.2 5108.54
1460.4 5114.9
1461.6 5122.96
1462.8 5128.96
1464.0 5133.52
1465.2 5132.71
1466.4 5129.67
1467.6 5111.64
1468.8 5088.33
1470.0 5060.84
1471.2 5041.18
1472.4 5024.21
1473.6 5016.14
1474.8 5009.92
1476.0 5004.19
1477.2 5002.77
1478.4 5002.7
1479.6 5006.18
1480.8 5007.47
1482.0 5004.34
1483.2 5003.57
1484.4 5003.44
1485.6 4996.87
1486.8 4986.94
1488.0 4965.14
1489.2 4941.86
1490.4 4919.31
1491.6 4891.28
1492.8 4858.76
1494.0 4828.1
1495.2 4800.33
1496.4 4775.4
1497.6 4752.12
1498.8 4729.98
1500.0 4717.42
1501.2 4706.21
1502.4 4692.75
1503.6 4683.13
1504.8 4675.83
1506.0 4678.3
1507.2 4685.24
1508.4 4704.97
1509.6 4725.38
1510.8 4747.52
1512.0 4765.47
1513.2 4780.26
1514.4 4785.47
1515.6 4790.55
1516.8 4796.79
1518.0 4802.86
1519.2 4808.81
1520.4 4807.62
1521.6 4808.54
1522.8 4813.02
1524.0 4818.29
1525.2 4824.22
1526.4 4836.63
1527.6 4853.02
1528.8 4881.88
1530.0 4907.66
1531.2 4932.08
1532.4 4967.12
1533.6 5001.52
1534.8 5034.8
1536.0 5065.28
1537.2 5094.13
1538.4 5120.45
1539.6 5146.55
1540.8 5163.52
1542.0 5178.13
1543.2 5195.32
1544.4 5206.32
1545.6 5212.22
1546.8 5214.82
1548.0 5216.11
1549.2 5216.11
1550.4 5214.88
1551.6 5211.38
1552.8 5204.16
1554.0 5196.3
1555.2 5198.03
1556.4 5198.72
1557.6 5198.23
1558.8 5198.12
1560.0 5198.04
1561.2 5207.47
1562.4 5215.55
1563.6 5222.43
1564.8 5226.76
1566.0 5229.43
1567.2 5232.68
1568.4 5235.3
1569.6 5236.4
1570.8 5237.32
1572.0 5238.19
1573.2 5235.81
1574.4 5232.72
1575.6 5232.36
1576.8 5230.49
1578.0 5226.77
1579.2 5225.03
1580.4 5223.94
1581.6 5230.97
1582.8 5235.8
1584.0 5236.17
1585.2 5240.14
1586.4 5245.68
1587.6 5247.12
1588.8 5247.27
1590.0 5240.98
1591.2 5239.07
1592.4 5240.63
1593.6 5249.29
1594.8 5258.66
1596.0 5266.14
1597.2 5269.03
1598.4 5267.1
1599.6 5260.53
1600.8 5249.38
1602.0 5232.23
1603.2 5216.25
1604.4 5201.75
1605.6 5185.04
1606.8 5165.44
1608.0 5146.75
1609.2 5130.39
1610.4 5112.28
1611.6 5092.58
1612.8 5073.61
1614.0 5060.19
1615.2 5048.56
1616.4 5037.27
1617.6 5026.24
1618.8 5016.96
1620.0 5009.57
1621.2 5002.05
1622.4 4995.14
1623.6 4987.0
1624.8 4978.39
1626.0 4970.66
1627.2 4963.39
1628.4 4953.69
1629.6 4943.97
1630.8 4938.25
1632.0 4932.2
1633.2 4926.86
1634.4 4920.43
1635.6 4913.84
1636.8 4907.23
1638.0 4903.58
1639.2 4903.5
1640.4 4908.43
1641.6 4915.78
1642.8 4930.58
1644.0 4943.02
1645.2 4953.88
1646.4 4968.77
1647.6 4984.22
1648.8 4998.6
1650.0 5012.77
1651.2 5030.45
1652.4 5046.08
1653.6 5062.36
1654.8 5074.74
1656.0 5084.59
1657.2 5090.8
1658.4 5096.05
1659.6 5101.23
1660.8 5102.98
1662.0 5102.69
1663.2 5099.33
1664.4 5097.42
1665.6 5098.96
1666.8 5097.73
1668.0 5094.16
1669.2 5095.24
1670.4 5096.94
1671.6 5098.29
1672.8 5099.49
1674.0 5100.52
1675.2 5098.27
1676.4 5094.8
1677.6 5085.15
1678.8 5075.01
1680.0 5063.96
1681.2 5055.83
1682.4 5050.7
1683.6 5047.2
1684.8 5043.31
1686.0 5038.75
1687.2 5033.57
1688.4 5029.67
1689.6 5030.48
1690.8 5031.42
1692.0 5022.28
1693.2 5015.24
1694.4 5009.92
1695.6 5008.56
1696.8 5006.61
1698.0 5001.72
1699.2 4996.71
1700.4 4982.9
1701.6 4969.17
1702.8 4955.84
1704.0 4943.46
1705.2 4931.99
1706.4 -35070.13
1707.6 -85070.13
1708.8 -135070.13
1710.0 -134248.84
1711.2 -128013.39
1712.4 -121834.99
1713.6 -115831.58
1714.8 -109969.88
1716.0 -104231.22
1717.2 -98653.04
1718.4 -93175.54
1719.6 -87862.67
1720.8 -82661.98
1722.0 -77597.76
1723.2 -72664.86
1724.4 -69768.73
1725.6 -66904.98
1726.8 -64066.02
1728.0 -61260.35
1729.2 -58477.65
1730.4 -55721.21
1731.6 -53000.99
1732.8 -50310.08
1734.0 -47650.39
1735.2 -45026.63
1736.4 -42431.15
1737.6 -39874.21
1738.8 -37349.49
1740.0 -34857.19
1741.2 -32403.36
1742.4 -29989.45
1743.6 -27615.58
1744.8 -25283.91
1746.0 -22992.95
1747.2 -20742.93
1748.4 -18534.56
1749.6 -16366.56
1750.8 -14241.95
1752.0 -12160.99
1753.2 -10121.31
1754.4 -8119.15
1755.6 -6159.86
1756.8 -4240.61
1758.0 -2362.75
1759.2 -533.02
1760.4 1257.05
1761.6 3005.16
1762.8 4712.12
1764.0 6377.01
1765.2 8000.53
1766.4 9582.71
1767.6 11123.23
1768.8 12622.87
1770.0 14081.18
1771.2 15499.45
1772.4 16877.16
1773.6 18214.07
1774.8 19511.5
1776.0 20769.12
1777.2 21987.4
1778.4 23166.57
1779.6 24306.97
1780.8 25408.57
1782.0 26472.49
1783.2 27498.62
1784.4 28487.46
1785.6 29440.12
1786.8 30356.35
1788.0 31235.8
1789.2 32079.2
1790.4 32887.59
1791.6 33657.54
1792.8 34391.96
1794.0 35089.12
1795.2 35751.46
1796.4 36377.9
1797.6 36969.53
1798.8 37527.03
1800.0 38049.99
1801.2 38541.08
1802.4 38999.67
1803.6 39425.67
1804.8 39821.31
1806.0 40184.83
1807.2 40517.94
1808.4 40820.79
1809.6 41091.85
1810.8 41332.33
1812.0 41540.84
1813.2 41720.54
1814.4 41868.9
1815.6 41988.86
1816.8 42081.21
1818.0 42144.99
1819.2 42183.35
1820.4 42194.55
1821.6 42181.7
1822.8 42143.13
1824.0 42080.12
1825.2 41995.35
1826.4 41886.16
1827.6 41756.15
1828.8 41604.65
1830.0 41432.53
1831.2 41241.07
1832.4 41028.88
1833.6 40800.35
1834.8 40551.05
1836.0 40285.63
1837.2 40004.94
1838.4 39707.66
1839.6 39397.67
1840.8 39071.85
1842.0 38733.61
1843.2 38382.72
1844.4 38019.66
1845.6 37644.99
1846.8 37259.8
1848.0 36865.96
1849.2 36461.47
1850.4 36047.74
1851.6 35624.85
1852.8 35192.83
1854.0 34753.67
1855.2 34306.18
1856.4 33852.24
1857.6 33391.56
1858.8 32924.14
1860.0 32452.13
1861.2 31974.1
1862.4 31491.82
1863.6 31004.38
1864.8 30512.33
1866.0 30018.29
1867.2 29519.55
1868.4 29019.0
1869.6 28514.58
1870.8 28008.02
1872.0 27499.83
1873.2 26989.06
1874.4 26477.49
1875.6 25964.86
1876.8 25452.29
1878.0 24940.03
1879.2 24427.21
1880.4 23915.77
1881.6 23404.27
1882.8 22894.46
1884.0 22386.06
1885.2 21879.16
1886.4 21374.6
1887.6 20871.26
1888.8 20371.07
1890.0 19873.3
1891.2 19378.8
1892.4 18887.66
1893.6 18399.7
1894.8 17915.95
1896.0 17435.19
1897.2 16958.54
1898.4 16486.15
1899.6 16018.48
1900.8 15556.14
1902.0 15098.16
1903.2 14645.38
1904.4 14197.13
1905.6 13754.14
1906.8 13315.4
1908.0 12882.43
1909.2 12455.69
1910.4 12033.1
1911.6 11615.15
1912.8 11203.33
1914.0 10798.3
1915.2 10399.96
1916.4 10007.44
1917.6 9621.31
1918.8 9241.71
1920.0 8868.74
1921.2 8502.53
1922.4 8142.35
1923.6 7789.03
1924.8 7442.41
1926.0 7103.31
1927.2 6771.12
1928.4 6445.71
1929.6 6127.02
1930.8 5815.64
1932.0 5510.85
1933.2 5213.78
1934.4 4924.28
1935.6 4642.66
1936.8 4367.22
1938.0 4101.47
1939.2 3842.1
1940.4 3591.13
1941.6 3347.41
1942.8 3110.4
1944.0 2881.79
1945.2 2660.48
1946.4 2446.28
1947.6 2240.41
1948.8 2041.88
1950.0 1851.32
1951.2 1670.83
1952.4 1496.4
1953.6 1329.25
1954.8 1169.42
1956.0 1016.87
1957.2 870.32
1958.4 731.41
1959.6 599.4
1960.8 473.68
1962.0 353.94
1963.2 241.52
1964.4 134.96
1965.6 33.96
1966.8 -60.85
1968.0 -148.07
1969.2 -229.84
1970.4 -304.67
1971.6 -368.28
1972.8 -424.97
1974.0 -481.58
1975.2 -533.13
1976.4 -581.19
1977.6 -616.88
1978.8 -648.4
1980.0 -681.4
1981.2 -706.16
1982.4 -723.98
1983.6 -740.25
1984.8 -754.85
1986.0 -767.52
1987.2 -775.67
1988.4 -776.59
1989.6 -773.48
1990.8 -765.91
1992.0 -758.47
1993.2 -745.28
1994.4 -730.74
1995.6 -712.2
1996.8 -690.65
1998.0 -667.11
1999.2 -639.33
2000.4 -609.98
2001.6 -576.72
2002.8 -545.12
2004.0 -504.98
2005.2 -465.08
2006.4 -420.05
2007.6 -372.78
2008.8 -324.88
2010.0 -272.91
2011.2 -218.77
2012.4 -164.85
2013.6 -107.79
2014.8 -47.03
2016.0 18.51
2017.2 82.87
2018.4 148.85
2019.6 216.77
2020.8 285.18
2022.0 355.93
2023.2 427.09
2024.4 499.44
2025.6 573.1
2026.8 647.98
2028.0 724.34
2029.2 800.87
2030.4 878.76
2031.6 956.95
2032.8 1035.84
2034.0 1114.86
2035.2 1193.99
2036.4 1273.11
2037.6 1353.0
2038.8 1433.73
2040.0 1514.61
2041.2 1594.81
2042.4 1674.98
2043.6 1756.07
2044.8 1837.61
2046.0 1918.89
2047.2 1999.08
2048.4 2079.34
2049.6 2159.45
2050.8 2239.16
2052.0 2317.27
2053.2 2395.77
2054.4 2473.34
2055.6 2550.24
2056.8 2628.4
2058.0 2705.12
2059.2 2779.46
2060.4 2855.52
2061.6 2930.64
2062.8 3005.72
2064.0 3079.6
2065.2 3153.43
2066.4 3225.49
2067.6 3297.25
2068.8 3368.21
2070.0 3439.07
2071.2 3510.26
2072.4 3580.69
2073.6 3649.8
2074.8 3718.78
2076.0 3786.6
2077.2 3853.14
2078.4 3918.89
2079.6 3982.64
2080.8 4045.4
2082.0 4106.58
2083.2 4167.81
2084.4 4227.76
2085.6 4286.86
2086.8 4345.14
2088.0 4402.39
2089.2 4458.22
2090.4 4512.66
2091.6 4565.63
2092.8 4617.13
2094.0 4668.43
2095.2 4719.1
2096.4 4768.21
2097.6 4816.93
2098.8 4864.45
2100.0 4910.01
2101.2 4954.66
2102.4 4997.73
2103.6 5039.71
2104.8 5080.48
2106.0 5119.78
2107.2 5157.94
2108.4 5194.55
2109.6 5230.15
2110.8 5264.6
2112.0 5297.97
2113.2 5329.86
2114.4 5358.71
2115.6 5386.16
2116.8 5412.64
2118.0 5439.44
2119.2 5464.46
2120.4 5488.04
2121.6 5510.65
2122.8 5532.35
2124.0 5553.06
2125.2 5572.85
2126.4 5591.91
2127.6 5609.89
2128.8 5626.41
2130.0 5641.94
2131.2 5656.65
2132.4 5670.44
2133.6 5683.43
2134.8 5695.38
2136.0 5706.42
2137.2 5716.57
2138.4 5725.95
2139.6 5734.69
2140.8 5742.46
2142.0 5749.62
2143.2 5756.05
2144.4 5761.75
2145.6 5766.75
2146.8 5770.47
2148.0 5774.17
2149.2 5777.39
2150.4 5780.06
2151.6 5781.86
2152.8 5783.85
2154.0 5784.76
2155.2 5787.27
2156.4 5788.74
2157.6 5788.69
2158.8 5788.51
2160.0 5787.9
2161.2 5785.65
2162.4 5782.54
2163.6 5779.05
2164.8 5775.42
2166.0 5771.37
2167.2 5765.81
2168.4 5760.16
2169.6 5754.64
2170.8 5749.16
2172.0 5743.31
2173.2 5736.83
2174.4 5730.1
2175.6 5723.41
2176.8 5716.5
2178.0 5709.42
2179.2 5702.08
2180.4 5694.45
2181.6 5686.45
2182.8 5678.14
2184.0 5669.57
2185.2 5660.38
2186.4 5650.81
2187.6 5640.49
2188.8 5630.11
2190.0 5619.81
2191.2 5609.58
2192.4 5599.14
2193.6 5587.78
2194.8 5576.2
2196.0 5564.18
2197.2 5552.9
2198.4 5542.02
2199.6 5530.32
2200.8 5518.47
2202.0 5507.49
2203.2 5496.35
2204.4 5485.01
2205.6 5473.59
2206.8 5462.26
2208.0 5451.72
2209.2 5444.47
2210.4 5443.0
2211.6 5442.78
2212.8 5442.64
2214.0 5442.41
2215.2 5442.19
2216.4 5441.97
2217.6 5441.57
2218.8 5441.26
2220.0 5439.64
2221.2 5431.17
2222.4 5430.3
2223.6 5425.45
2224.8 5410.93
2226.0 5395.64
2227.2 5380.5
2228.4 5365.59
2229.6 5350.73
2230.8 5336.25
2232.0 5321.79
2233.2 5307.74
2234.4 5294.7
2235.6 5281.78
2236.8 5269.15
2238.0 5256.43
2239.2 5243.39
2240.4 5231.74
2241.6 5220.35
2242.8 5207.97
2244.0 5195.7
2245.2 5183.77
2246.4 5171.23
2247.6 5158.67
2248.8 5146.47
2250.0 5134.35
2251.2 5122.28
2252.4 5110.12
2253.6 5097.34
2254.8 5084.68
2256.0 5072.61
2257.2 5060.43
2258.4 5049.02
2259.6 5039.6
2260.8 5030.27
2262.0 5019.83
2263.2 5009.61
2264.4 4999.91
2265.6 4989.22
2266.8 4978.53
2268.0 4968.25
2269.2 4959.9
2270.4 4951.45
2271.6 4943.37
2272.8 4935.99
2274.0 4928.41
2275.2 4921.43
2276.4 4914.51
2277.6 4907.87
2278.8 4901.8
2280.0 4896.2
2281.2 4890.67
2282.4 4885.49
2283.6 4881.15
2284.8 4876.88
2286.0 4872.51
2287.2 4868.55
2288.4 4864.87
2289.6 4861.04
2290.8 4857.38
2292.0 4853.49
2293.2 4850.36
2294.4 4847.56
2295.6 4845.84
2296.8 4845.11
2298.0 4844.86
2299.2 4844.89
2300.4 4845.13
2301.6 4845.05
2302.8 4844.99
2304.0 4845.18
2305.2 4845.69
2306.4 4846.44
2307.6 4846.83
2308.8 4846.83
2310.0 4846.86
2311.2 4847.04
2312.4 4846.9
2313.6 4846.8
2314.8 4847.11
2316.0 4846.84
2317.2 4846.9
2318.4 4846.57
2319.6 4846.49
2320.8 4846.33
2322.0 4846.41
2323.2 4846.63
2324.4 4846.83
2325.6 4846.86
2326.8 4847.1
2328.0 4847.12
2329.2 4846.89
2330.4 4846.92
2331.6 4847.23
2332.8 4848.04
2334.0 4849.14
2335.2 4850.4
2336.4 4851.74
2337.6 4853.32
2338.8 4855.02
2340.0 4856.51
2341.2 4857.76
2342.4 4857.81
2343.6 4857.66
2344.8 4857.65
2346.0 4857.61
2347.2 4857.63
2348.4 4857.83
2349.6 4858.04
2350.8 4858.01
2352.0 4857.97
2353.2 4857.82
2354.4 4857.91
2355.6 4858.13
2356.8 4859.03
2358.0 4860.39
2359.2 4862.39
2360.4 4864.04
2361.6 4866.0
2362.8 4868.08
2364.0 4869.89
2365.2 4871.48
2366.4 4873.13
2367.6 4874.89
2368.8 4876.66
2370.0 4878.44
2371.2 4880.39
2372.4 4882.26
2373.6 4883.94
2374.8 4885.77
2376.0 4887.68
2377.2 4889.78
2378.4 4891.83
2379.6 4893.66
2380.8 4895.32
2382.0 4895.4
2383.2 4896.27
2384.4 4897.35
2385.6 4897.93
2386.8 4898.79
2388.0 4899.93
2389.2 4900.68
2390.4 4901.2
2391.6 4901.22
2392.8 4901.42
2394.0 4901.91
2395.2 4902.52
2396.4 4903.19
2397.6 4904.42
2398.8 4905.63
2400.0 4906.57
2401.2 4907.67
2402.4 4908.9
2403.6 4910.16
2404.8 4911.46
2406.0 4912.53
2407.2 4913.5
2408.4 4914.24
2409.6 4914.71
2410.8 4915.04
2412.0 4915.12
2413.2 4915.41
2414.4 4916.01
2415.6 4916.74
2416.8 4917.53
2418.0 4917.82
2419.2 4918.06
2420.4 4918.29
2421.6 4919.73
2422.8 4921.82
2424.0 4923.99
2425.2 4926.29
2426.4 4928.2
2427.6 4929.76
2428.8 4930.36
2430.0 4931.32
2431.2 4932.62
2432.4 4934.72
2433.6 4936.85
2434.8 4939.1
2436.0 4941.39
2437.2 4944.0
2438.4 4947.42
2439.6 4949.91
2440.8 4951.69
2442.0 4953.92
2443.2 4956.42
2444.4 4958.99
2445.6 4961.45
2446.8 4965.02
2448.0 4968.17
2449.2 4970.56
2450.4 4973.08
2451.6 4975.58
2452.8 4978.5
2454.0 4981.23
2455.2 4983.28
2456.4 4984.97
2457.6 4986.43
2458.8 4988.52
2460.0 4990.69
2461.2 4992.99
2462.4 4994.99
2463.6 4996.7
2464.8 4998.47
2466.0 5000.46
2467.2 5003.49
2468.4 5007.57
2469.6 5012.88
2470.8 5016.87
2472.0 5020.29
2473.2 5023.51
2474.4 5026.92
2475.6 5030.17
2476.8 5032.41
2478.0 5035.43
2479.2 5039.1
2480.4 5042.58
2481.6 5045.13
2482.8 5047.15
2484.0 5048.76
2485.2 5050.19
2486.4 5051.65
2487.6 5053.36
2488.8 5054.75
2490.0 5056.6
2491.2 5058.32
2492.4 5059.74
2493.6 5060.73
2494.8 5061.76
2496.0 5063.26
2497.2 5064.93
2498.4 5066.34
2499.6 5067.57
2500.8 5068.71
2502.0 5068.82
2503.2 5068.85
2504.4 5068.78
2505.6 5068.93
2506.8 5068.79
2508.0 5068.88
2509.2 5068.85
2510.4 5068.79
2511.6 5069.01
2512.8 5069.01
2514.0 5069.02
2515.2 5068.97
2516.4 5068.93
2517.6 5069.08
2518.8 5069.74
2520.0 5070.45
2521.2 5071.0
2522.4 5070.95
2523.6 5070.86
2524.8 5071.0
2526.0 5072.01
2527.2 5072.01
2528.4 5071.96
2529.6 5071.8
2530.8 5071.66
2532.0 5071.47
2533.2 5071.28
2534.4 5071.58
2535.6 5071.77
2536.8 5071.74
2538.0 5071.47
2539.2 5070.94
2540.4 5069.94
2541.6 5069.34
2542.8 5068.74
2544.0 5068.68
2545.2 5068.72
2546.4 5068.65
2547.6 5068.6
2548.8 5068.27
2550.0 5068.37
2551.2 5068.23
2552.4 5067.85
2553.6 5065.66
2554.8 5062.85
2556.0 5060.01
2557.2 5056.98
2558.4 5054.18
2559.6 5051.12
2560.8 5049.03
2562.0 5047.15
2563.2 5045.06
2564.4 5043.9
2565.6 5042.49
2566.8 5041.93
2568.0 5041.9
2569.2 5041.94
2570.4 5041.74
2571.6 5041.87
2572.8 5042.19
2574.0 5042.05
2575.2 5042.07
2576.4 5042.2
2577.6 5041.96
2578.8 5041.91
2580.0 5041.89
2581.2 5041.91
2582.4 5042.09
2583.6 5042.25
2584.8 5042.12
2586.0 5041.96
2587.2 5041.9
2588.4 5042.17
2589.6 5042.14
2590.8 5042.11
2592.0 5042.04
2593.2 5042.18
2594.4 5042.26
2595.6 5042.07
2596.8 5042.2
2598.0 5042.24
2599.2 5042.19
2600.4 5042.12
2601.6 5042.26
2602.8 5042.2
2604.0 5042.47
2605.2 5042.75
2606.4 5042.84
2607.6 5042.86
2608.8 5042.78
2610.0 5042.2
2611.2 5042.25
2612.4 5042.11
2613.6 5042.15
2614.8 5042.16
2616.0 5042.12
2617.2 5042.13
2618.4 5042.06
2619.6 5041.99
2620.8 5042.19
2622.0 5042.24
2623.2 5042.22
2624.4 5042.04
2625.6 5042.13
2626.8 5041.9
2628.0 5042.23
2629.2 5042.08
2630.4 5042.03
2631.6 5042.18
2632.8 5042.33
2634.0 5041.93
2635.2 5041.93
2636.4 5042.04
2637.6 5042.14
2638.8 5042.21
2640.0 5042.03
2641.2 5042.02
2642.4 5042.02
2643.6 5042.04
2644.8 5041.99
2646.0 5042.2
2647.2 5042.32
2648.4 5042.11
2649.6 5042.32
2650.8 5042.06
2652.0 5042.23
2653.2 5042.11
2654.4 5042.2
2655.6 5041.97
2656.8 5041.95
2658.0 5041.93
2659.2 5042.02
2660.4 5041.96
2661.6 5041.98
2662.8 5042.36
2664.0 5041.95
2665.2 5041.98
2666.4 5042.12
2667.6 5041.88
2668.8 5042.05
2670.0 5042.12
2671.2 5042.04
2672.4 5042.15
2673.6 5042.09
2674.8 5041.93
2676.0 5040.28
2677.2 5040.3
2678.4 5040.28
2679.6 5040.33
2680.8 5040.32
2682.0 5040.31
2683.2 5040.35
2684.4 5040.23
2685.6 5040.28
2686.8 5040.22
2688.0 5040.24
2689.2 5040.47
2690.4 5040.41
2691.6 5040.39
2692.8 5040.46
2694.0 5040.46
2695.2 5040.46
2696.4 5040.47
2697.6 5040.47
2698.8 5040.32
2700.0 5040.36
2701.2 5040.32
2702.4 5040.31
2703.6 5040.27
2704.8 5040.31
2706.0 5040.31
2707.2 5040.29
2708.4 5040.38
2709.6 5040.32
2710.8 5040.34
2712.0 5040.35
2713.2 5040.35
2714.4 5040.35
2715.6 5040.37
2716.8 5040.37
2718.0 5040.34
2719.2 5040.39
2720.4 5040.4
2721.6 5040.39
2722.8 5040.39
2724.0 5040.39
2725.2 5040.37
2726.4 5040.37
2727.6 5040.33
2728.8 5040.35
2730.0 5040.31
2731.2 5040.3
2732.4 5040.29
2733.6 5040.33
2734.8 5040.31
2736.0 5040.24
2737.2 5040.28
2738.4 5040.17
2739.6 5038.06
2740.8 5035.93
2742.0 5032.92
2743.2 5029.39
2744.4 5025.81
2745.6 5022.35
2746.8 5018.47
2748.0 5014.79
2749.2 5011.5
2750.4 5008.78
2751.6 5006.4
2752.8 5003.62
2754.0 5000.31
2755.2 4996.98
2756.4 4993.94
2757.6 4991.16
2758.8 4988.72
2760.0 4986.42
2761.2 4984.08
2762.4 4981.42
2763.6 4978.71
2764.8 4976.07
2766.0 4972.64
2767.2 4969.07
2768.4 4966.44
2769.6 4964.56
2770.8 4962.54
2772.0 4961.15
2773.2 4959.44
2774.4 4957.18
2775.6 4954.62
2776.8 4952.43
2778.0 4949.95
2779.2 4948.5
2780.4 4947.59
2781.6 4946.79
2782.8 4946.68
2784.0 4946.69
2785.2 4946.81
2786.4 4946.85
2787.6 4946.79
2788.8 4946.53
2790.0 4946.11
2791.2 4945.96
2792.4 4945.94
2793.6 4945.94
2794.8 4945.99
2796.0 4945.99
2797.2 4945.93
2798.4 4945.94
2799.6 4945.94
