0 9997.15015425865
1.05 9180.7726624088
2.1 8472.95502743874
3.14999999999999 7919.58051178817
4.19999999999999 7476.45406535091
5.25 7231.27422638931
6.30000000000001 7129.38310745983
7.35000000000002 7053.89486958492
8.40000000000001 6993.49335606123
9.44999999999999 6948.37012488252
10.5 6931.32049779701
11.5499999999999 6919.05046653959
12.5999999999999 6910.64750076216
13.6499999999999 6904.76186648756
14.6999999999999 6900.30182630985
15.7499999999999 6898.51455039136
16.7999999999999 6899.48499237024
17.8499999999999 6902.63234556946
18.9 6907.77641762152
19.95 6916.17785163441
21 6927.20739938913
22.0500000000001 6940.89495683683
23.1000000000001 6958.28795185941
24.1500000000002 6977.17840909966
25.2000000000002 6998.35545725679
26.2500000000002 7022.18236539619
27.3000000000003 7048.06246674793
28.3500000000003 7076.02292290811
29.4000000000004 7107.37084013954
30.4500000000004 7148.39459515287
31.5000000000004 7536.7881220464
32.5500000000005 7927.30403594915
33.6000000000005 8129.74566710495
34.6500000000006 8221.08261516716
35.7000000000006 8287.05195002594
36.7500000000006 8358.23883197489
37.8000000000007 8416.88872824331
38.8500000000007 8567.53231912208
39.9000000000008 8973.92851967064
40.9500000000008 9284.98825479456
42.0000000000008 9401.32663600829
43.0500000000009 9480.03794664921
44.1000000000009 9548.19099527737
45.150000000001 9610.27503620639
46.200000000001 9668.5681824805
47.250000000001 9705.77238416136
48.3000000000011 9735.65084711164
49.3500000000011 9763.44097935713
50.4000000000011 9790.3938900012
51.4500000000012 9816.03166403055
52.5000000000012 9840.95740233451
53.5500000000013 9865.16927245918
54.6000000000013 9888.60752184096
55.6500000000013 9911.24999643248
56.7000000000014 9933.91155879835
57.7500000000014 9955.40385306373
58.8000000000015 9976.33538413412
59.8500000000015 9996.70385431289
60.9000000000015 10016.6435616763
61.9500000000016 10036.1793659498
63.0000000000016 10056.0599983463
64.0500000000017 10078.3955571667
65.1000000000017 10100.5473835983
66.1500000000017 10122.3187577047
67.2000000000018 10143.8014425652
68.2500000000018 10164.9455958588
69.3000000000019 10185.8034478334
70.3500000000019 10206.5364171237
71.4000000000019 10227.0246187808
72.450000000002 10245.8825015886
73.500000000002 10262.9202170365
74.5500000000021 10278.4932697589
75.6000000000021 10293.1137227614
76.6500000000021 10306.8767122706
77.7000000000022 10320.3919227967
78.7500000000022 10333.5241860808
79.8000000000023 10346.1778438269
80.8500000000023 10358.2914884877
81.9000000000023 10370.0443866419
82.9500000000024 10381.2675406774
84.0000000000024 10392.0413798211
85.0500000000025 10402.2748666925
86.1000000000025 10412.0614300815
87.1500000000025 10421.4290425819
88.2000000000026 10430.3619963696
89.2500000000026 10438.8802329925
90.3000000000027 10446.9046175959
91.3500000000027 10454.5500849996
92.4000000000027 10461.8097277488
93.4500000000028 10468.6514669551
94.5000000000028 10475.0812975242
95.5500000000029 10481.1023320635
96.6000000000029 10486.7171263527
97.6500000000029 10491.9284810556
98.700000000003 10496.7383474184
99.750000000003 10501.148208869
100.800000000003 10505.1588977931
101.850000000003 10508.7141940739
102.900000000003 10511.8531522966
103.950000000003 10514.6014225075
105.000000000003 10516.9904758553
106.050000000003 10519.02327141
107.100000000003 10520.6994050517
108.150000000003 10522.0252696798
109.200000000003 10522.9985087786
110.250000000003 10523.6213978555
111.300000000003 10523.8954620852
112.350000000003 10523.8264718394
113.400000000004 10523.4083978465
114.450000000004 10522.6813314727
115.500000000004 10521.6332536468
116.550000000004 10520.2819386215
117.600000000004 10518.6498841433
118.650000000004 10516.7325640809
119.700000000004 10514.5481582967
120.750000000004 10512.1088752133
121.800000000004 10509.4022445448
122.850000000004 10506.4926138927
123.900000000004 10503.3309272872
124.950000000004 10499.9484678148
126.000000000004 10496.3475632707
127.050000000004 10492.5749701683
128.100000000004 10488.592898623
129.150000000004 10484.4363913454
130.200000000004 10480.0819095526
131.250000000004 10475.5562895308
132.300000000004 10470.8974336466
133.350000000004 10466.0617610582
134.400000000004 10461.0839329107
135.450000000004 10455.9815265376
136.500000000004 10450.7400826081
137.550000000004 10445.3651574102
138.600000000004 10439.8687730548
139.650000000005 10434.2671314
140.700000000005 10428.5737514909
141.750000000005 10422.7652039231
142.800000000005 10416.8898149409
143.850000000005 10410.6546315515
144.900000000005 10404.2257142042
145.950000000005 10397.0568237393
147.000000000005 10389.212509416
148.050000000005 10381.4726166416
149.100000000005 10372.8907694838
150.150000000005 -2039.47545403068
151.200000000005 -57434.1048331262
152.250000000005 -104163.608936298
153.300000000005 -139779.901516034
154.350000000005 -173791.8954435
155.400000000005 -200845.712945293
156.450000000005 -223287.622630048
157.500000000005 -239838.128954128
158.550000000005 -253642.861570946
159.600000000005 -250390.265368431
160.650000000005 -263056.366892377
161.700000000005 -272593.515398723
162.750000000005 -280818.769618826
163.800000000005 -285707.841778599
164.850000000005 -279205.423480794
165.900000000006 -284708.694010139
166.950000000006 -287390.149341822
168.000000000006 -280606.188333347
169.050000000006 -289957.842448344
170.100000000006 -296355.31882962
171.150000000006 -296493.805386353
172.200000000006 -295853.037682871
173.250000000006 -299011.382437067
174.300000000006 -300276.642648493
175.350000000006 -296991.074792168
176.400000000006 -299761.2861437
177.450000000006 -291423.228086277
178.500000000006 -294556.715605677
179.550000000006 -298490.817023835
180.600000000006 -300797.763049529
181.650000000006 -299138.714740995
182.700000000006 -300893.222679785
183.750000000006 -292090.239345672
184.800000000006 -291804.296736393
185.850000000006 -301193.133312561
186.900000000006 -296781.966892247
187.950000000006 -307157.585229374
189.000000000006 -300501.144133607
190.050000000006 -297952.566372124
191.100000000006 -297727.771147164
192.150000000007 -295976.359804503
193.200000000007 -296064.76716926
194.250000000007 -295707.736435849
195.300000000007 -291042.362682754
196.350000000007 -289653.500892985
197.400000000007 -295326.354060771
198.450000000007 -293323.896564383
199.500000000007 -304413.664652592
200.550000000007 -309285.872281877
201.600000000007 -300440.183834655
202.650000000007 -309991.880250344
203.700000000007 -307780.386636016
204.750000000007 -308648.59878039
205.800000000007 -309007.350505282
206.850000000007 -309286.855169464
207.900000000007 -306817.741619826
208.950000000007 -309313.347127386
210.000000000007 -309114.499046763
211.050000000007 -307859.547883264
212.100000000007 -305674.826990596
213.150000000007 -308689.70388239
214.200000000007 -307225.883252422
215.250000000007 -308569.128004852
216.300000000007 -307100.874391987
217.350000000007 -306900.819575068
218.400000000008 -308360.663727556
219.450000000008 -308524.91683015
220.500000000008 -306180.453568093
221.550000000008 -305219.100661814
222.600000000008 -306550.444227669
223.650000000008 -306585.219605137
224.700000000008 -309532.682240343
225.750000000008 -306778.034757087
226.800000000008 -307940.476730689
227.850000000008 -306615.041323328
228.900000000008 -307747.479203467
229.950000000008 -307555.193220435
231.000000000008 -307941.10469947
232.050000000008 -307934.228656418
233.100000000008 -308215.87833828
234.150000000008 -308513.250273682
235.200000000008 -309848.697682924
236.250000000008 -308144.977771267
237.300000000008 -307452.344668762
238.350000000008 -308732.381230663
239.400000000008 -308034.936331777
240.450000000008 -307518.755732456
241.500000000008 -308595.600304162
242.550000000008 -308674.218558645
243.600000000008 -307511.341895077
244.650000000009 -307714.717848958
245.700000000009 -306583.518542024
246.750000000009 -307200.070922661
247.800000000009 -305708.70518875
248.850000000009 -305749.006343859
249.900000000009 -307725.867557732
250.950000000009 -303989.424459573
252.000000000009 -306516.538462564
253.050000000009 -304195.72330185
254.100000000009 -298774.703083437
255.150000000009 -292232.306799288
256.200000000009 -284982.263249734
257.250000000008 -275837.946640737
258.300000000007 -267217.696036321
259.350000000006 -257477.25093815
260.400000000005 -242181.62485328
261.450000000004 -228591.726825293
262.500000000003 -211378.339764692
263.550000000002 -192722.500179547
264.600000000001 -174205.648151955
265.65 -155545.645998994
266.699999999999 -135783.811692307
267.749999999998 -116522.502282619
268.799999999997 -99493.7399108907
269.849999999996 -84376.2002095276
270.899999999995 -68064.195480308
271.949999999994 -52183.169307476
272.999999999993 -38599.1034663588
274.049999999993 -24244.2858376921
275.099999999992 -15470.6121145329
276.149999999991 -9170.22528890939
277.19999999999 -4437.92678055362
278.249999999989 -2563.09896030779
279.299999999988 -703.007019199092
280.349999999987 141.985989110973
281.399999999986 87.7512899566056
282.449999999985 -394.282219504381
283.499999999984 -535.913561100279
284.549999999983 -120.327591093621
285.599999999982 -7.29056107708422
286.649999999981 -628.348957005597
287.69999999998 -365.268903702503
288.749999999979 149.494440739181
289.799999999978 -780.878843968914
290.849999999977 37.6348971845446
291.899999999976 -217.48154630641
292.949999999975 -247.433512278211
293.999999999974 6.82986790323006
295.049999999973 -178.876376448008
296.099999999972 -317.501309142279
297.149999999971 23.1032029530699
298.199999999971 -403.011802086417
299.24999999997 276.074580307428
300.299999999969 143.317065071306
301.349999999968 -177.023766719964
302.399999999967 -349.870226596269
303.449999999966 335.51370995795
304.499999999965 -606.496183494645
305.549999999964 118.765925082724
306.599999999963 191.984168485617
307.649999999962 -204.526731147466
308.699999999961 27.0932481061465
309.74999999996 -1306.94771394064
310.799999999959 -580.738565556402
311.849999999958 328.052219766613
312.899999999957 4.80692869390734
313.949999999956 148.168113712534
314.999999999955 -12.1704908220559
316.049999999954 132.257095587245
317.099999999953 13.1538741388513
318.149999999952 88.1650012406284
319.199999999951 92.7107097196061
320.24999999995 41.3453329308311
321.29999999995 519.226827569772
322.349999999949 -407.755802386447
323.399999999948 -542.001121099741
324.449999999947 455.167552679731
325.499999999946 247.946500073911
326.549999999945 -123.37085377108
327.599999999944 -0.812234201183725
328.649999999943 -6.44889156913867
329.699999999942 -509.692514426213
330.749999999941 525.25626396329
331.79999999994 230.673706514003
332.849999999939 25.5252010227211
333.899999999938 -13.5141289380157
334.949999999937 -1052.36387974832
335.999999999936 -524.280638897052
337.049999999935 395.820971985022
338.099999999934 12.9247578018182
339.149999999933 174.325180938209
340.199999999932 297.79696613592
341.249999999931 -271.269268862733
342.29999999993 11.0904794518641
343.349999999929 -481.982719511865
344.399999999929 -14.4490748852537
345.449999999928 38.0949480232545
346.499999999927 823.752084761307
347.549999999926 419.027198310574
348.599999999925 228.508454706596
349.649999999924 -319.667185575551
