16.7099999999999 600.697240618327
17.7599999999999 608.528886289427
18.81 819.282724196154
19.86 932.044156495263
20.91 1046.11961580484
21.9600000000001 1162.43717803314
23.0100000000001 1274.93111325869
24.0600000000002 1386.66933963095
25.1100000000002 1497.70785767458
26.1600000000002 1596.01060907159
27.2100000000003 1706.77897214559
28.2600000000003 1803.97528629726
29.3100000000004 1908.6476104867
30.3600000000004 2009.8469928339
31.4100000000004 2108.61418715807
32.4600000000005 2212.76151895186
33.5100000000005 2414.37714037947
34.5600000000005 2413.75340967287
35.6100000000006 2598.25139010814
36.6600000000006 2661.57694425371
37.7100000000007 2657.25546466193
38.7600000000007 2651.89133061284
39.8100000000007 2844.95537978075
40.8600000000008 2908.22026621146
41.9100000000008 2960.4727449243
42.9600000000009 3000.00070056434
44.0100000000009 3058.38792688471
45.0600000000009 3114.0650022461
46.110000000001 3172.46690663789
47.160000000001 3242.60187196772
48.2100000000011 3308.38958386949
49.2600000000011 3361.47443124834
50.3100000000011 3424.53019144088
51.3600000000012 3570.50339311563
52.4100000000012 3598.01416916614
53.4600000000013 3596.77585427256
54.5100000000013 3739.46095204124
55.5600000000013 3739.7388048075
56.6100000000014 3873.88253938206
57.6600000000014 3940.50449877891
58.7100000000015 4023.42614044938
59.7600000000015 4084.01910076946
60.8100000000015 4150.9067266444
61.8600000000016 4153.94504746218
62.9100000000016 4294.41907880416
63.9600000000017 4367.95734925578
65.0100000000017 4432.73690018007
66.0600000000017 4586.42564265927
67.1100000000018 4590.12661856888
68.1600000000018 4659.96597030585
69.2100000000019 4753.43050079063
70.2600000000019 4805.54876755171
71.3100000000019 4984.69840309191
72.360000000002 4987.85662993482
73.410000000002 5122.18037533036
74.4600000000021 5124.7260877304
75.5100000000021 5174.59184301171
76.5600000000021 5176.47709641399
77.6100000000022 5366.96940287824
78.6600000000022 5434.9940303251
79.7100000000023 5519.61014713701
80.7600000000023 5574.65475734359
81.8100000000023 5678.39952086525
82.8600000000024 5750.03365322328
83.9100000000024 5819.16780794858
84.9600000000025 5899.41374283098
86.0100000000025 5932.52658340879
87.0600000000025 6042.63861679414
88.1100000000026 6109.38155567636
89.1600000000026 6207.71972438085
90.2100000000027 6289.17684100067
91.2600000000027 6358.55966522605
92.3100000000027 6439.52651882137
93.3600000000028 6492.99027873466
94.4100000000028 6552.54126707549
95.4600000000029 6661.17303580898
96.5100000000029 6660.1643962438
97.5600000000029 6805.98455457728
98.610000000003 6882.75785371255
99.660000000003 6929.77492590507
100.710000000003 7017.63489592959
101.760000000003 7076.49613151968
102.810000000003 7135.99998862284
103.860000000003 7199.31154056225
104.910000000003 7257.27188027527
105.960000000003 7438.63296166615
107.010000000003 7435.10875922648
108.060000000003 7566.30726394717
109.110000000003 7627.17761824831
110.160000000003 7691.88955718506
111.210000000003 7744.78758338416
112.260000000003 7810.05224717955
113.310000000004 7875.85283516436
114.360000000004 7956.71812572098
115.410000000004 7955.10811952878
116.460000000004 8063.02448973106
117.510000000004 8161.03706749962
118.560000000004 8226.92050411256
119.610000000004 8373.26412681821
120.660000000004 8373.36503793507
121.710000000004 8439.80572746023
122.760000000004 8501.83748837961
123.810000000004 8557.46555098684
124.860000000004 8699.37518468927
125.910000000004 8772.48358563515
126.960000000004 8858.49604541872
128.010000000004 8927.54060031204
129.060000000004 8991.69261437233
130.110000000004 9073.42884177061
131.160000000004 9075.04667841776
132.210000000004 9190.67466333989
133.260000000004 9192.71813742028
134.310000000004 9227.65553865865
135.360000000004 9367.30198908495
136.410000000004 9469.32294123549
137.460000000004 9535.01310923872
138.510000000004 9595.79305931762
139.560000000005 9733.60992990766
140.610000000005 9802.27024579452
141.660000000005 9804.71975471331
142.710000000005 9869.44155143103
143.760000000005 10025.8696266093
144.810000000005 10098.108127481
145.860000000005 10099.9944524295
146.910000000005 10146.4782974139
147.960000000005 10164.2574252384
149.010000000005 10315.3483462696
150.060000000005 10375.4640567546
151.110000000005 10473.0907755299
152.160000000005 10545.9397067755
153.210000000005 10610.7180299409
154.260000000005 10737.8270696554
155.310000000005 10739.8181035242
156.360000000005 10798.9098385771
157.410000000005 10837.5045585498
158.460000000005 10841.7820541505
159.510000000005 10884.5718010104
160.560000000005 10907.3534103258
161.610000000005 10933.0023458709
162.660000000005 10972.4627114016
163.710000000005 11000.6664136524
164.760000000005 11018.4825661844
165.810000000006 11089.0352757384
166.860000000006 11165.3880739611
167.910000000006 11280.1495763635
168.960000000006 11366.4306119437
170.010000000006 11458.1609648369
171.060000000006 11535.0559594547
172.110000000006 11616.9739995909
173.160000000006 11697.8526954174
174.210000000006 11784.9365310908
175.260000000006 11875.2644977421
176.310000000006 11959.2778004706
177.360000000006 12040.5979485962
178.410000000006 12136.0764628332
179.460000000006 12208.5389276026
180.510000000006 12292.4921230412
181.560000000006 12368.8801959613
182.610000000006 12442.9333554259
183.660000000006 12506.770416738
184.710000000006 12565.2089806799
185.760000000006 12631.259902225
186.810000000006 12683.7048869628
187.860000000006 12752.4255440481
188.910000000006 12799.4444012463
189.960000000006 12849.7273909512
191.010000000006 12895.6963179939
192.060000000007 12937.5513356274
193.110000000007 12980.7219629978
194.160000000007 13036.3421326027
195.210000000007 13074.3080943105
196.260000000007 13114.4258012233
197.310000000007 13148.3134245485
198.360000000007 13183.9045548666
199.410000000007 13216.5197310953
200.460000000007 13249.7603662412
201.510000000007 13288.7722064034
202.560000000007 13325.3227921205
203.610000000007 13357.9838264657
204.660000000007 13400.2993544131
205.710000000007 13437.2610917433
206.760000000007 13473.288204214
207.810000000007 13525.195940218
208.860000000007 13580.414334883
209.910000000007 13632.3906429052
210.960000000007 13679.2698250509
212.010000000007 13727.5572746602
213.060000000007 13776.2787360756
214.110000000007 13825.3646594744
215.160000000007 13869.6480344883
216.210000000007 13913.9758699415
217.260000000007 13960.4678864842
218.310000000008 14002.8442541703
219.360000000008 14034.4486218697
220.410000000008 14082.8779632664
221.460000000008 14134.6370446422
222.510000000008 14174.4425413899
223.560000000008 14187.6431380582
224.610000000008 14214.4217822502
225.660000000008 14265.9366518495
226.710000000008 14306.4560641753
227.760000000008 14343.6382781773
228.810000000008 14365.318688076
229.860000000008 14394.8661016961
230.910000000008 14413.4360468844
231.960000000008 14468.8269861596
233.010000000008 14507.575541967
234.060000000008 14537.273727888
235.110000000008 14568.6987520286
236.160000000008 14601.8897529224
237.210000000008 14633.9607608399
238.260000000008 14668.2876133362
239.310000000008 14699.0856536854
240.360000000008 14730.310449268
241.410000000008 14768.2516052393
242.460000000008 14797.0659103246
243.510000000008 14823.1283550741
244.560000000009 14857.9896955309
245.610000000009 14882.4063501359
246.660000000009 14904.4935890312
247.710000000009 14943.7943913747
248.760000000009 14968.6759706437
249.810000000009 14996.3429436852
250.860000000009 15030.4289812978
251.910000000009 15052.9697791276
252.960000000009 15072.5080735928
254.010000000009 15100.1507169397
255.060000000009 15120.9111630322
256.110000000009 15140.7971451643
257.160000000008 15174.0446063514
258.210000000007 15192.0564868143
259.260000000006 15208.5907925501
260.310000000005 15227.5490529957
261.360000000004 15250.6103984734
262.410000000003 15264.0871627832
263.460000000002 15286.9569756814
264.510000000001 15299.7009159808
265.56 15316.889183027
266.609999999999 15332.6282724185
267.659999999998 15344.0221631264
268.709999999997 15354.238942304
269.759999999996 15365.6430754164
270.809999999995 15374.2249881008
271.859999999994 15379.7616647935
272.909999999994 15387.307876325
273.959999999993 15392.3030647019
275.009999999992 15399.2363203402
276.059999999991 15406.4823911218
277.10999999999 15412.8344308124
278.159999999989 15414.2825841132
279.209999999988 15419.1138162037
280.259999999987 15423.6074539222
281.309999999986 15427.3512737976
282.359999999985 15428.8671893594
283.409999999984 15427.5196353994
284.459999999983 15432.8292733759
285.509999999982 15435.1298994522
286.559999999981 15437.7168576099
287.60999999998 15440.3115566268
288.659999999979 15441.9339380643
289.709999999978 15443.4120362558
290.759999999977 15444.904228779
291.809999999976 15447.9407404026
292.859999999975 15447.676692406
293.909999999974 15451.631970514
294.959999999973 15452.3073763538
296.009999999973 15452.3079990924
297.059999999972 15452.1632727705
298.109999999971 15455.4212348255
299.15999999997 15455.4218371555
300.209999999969 15453.186239818
301.259999999968 15453.5336675755
302.309999999967 15454.4518123377
303.359999999966 15454.8724438003
304.409999999965 15458.9688273304
305.459999999964 15458.6995235578
306.509999999963 15457.6118039961
307.559999999962 15455.9841694743
308.609999999961 15455.2262094371
309.65999999996 15455.2268593729
310.709999999959 15450.9742471552
311.759999999958 15451.5410459973
312.809999999957 15452.8376590168
313.859999999956 15452.8024448357
314.909999999955 15453.3045566031
315.959999999954 15454.7231443632
317.009999999953 15454.7238330983
318.059999999952 15452.5189080985
319.109999999952 15455.0686435567
320.159999999951 15455.8533528957
321.20999999995 15456.6362037096
322.259999999949 15457.8649697773
323.309999999948 15459.0843470453
324.359999999947 15459.0524637033
325.409999999946 15459.6505110446
326.459999999945 15459.9825626053
327.509999999944 15462.9941417101
328.559999999943 15462.9947975068
329.609999999942 15462.8986433318
330.659999999941 15467.8279706755
331.70999999994 15468.329340892
332.759999999939 15468.3299576972
333.809999999938 15468.2659520596
334.859999999937 15468.2753078524
335.909999999936 15467.1814272767
336.959999999935 15468.2753673456
338.009999999934 15471.385031872
339.059999999933 15472.3619566044
340.109999999932 15473.2448835044
341.159999999931 15474.2112543236
342.209999999931 15474.6218470914
343.25999999993 15475.5725293045
344.309999999929 15475.7623458735
345.359999999928 15475.8636252907
346.409999999927 15478.1469332685
347.459999999926 15478.5575091485
348.509999999925 15478.5580850114
349.559999999924 15479.3439982309
