220.410000000008 14082.8779632664
221.460000000008 14134.6370446422
222.510000000008 14174.4425413899
223.560000000008 14187.6431380582
224.610000000008 14214.4217822502
225.660000000008 14265.9366518495
226.710000000008 14306.4560641753
227.760000000008 14343.6382781773
228.810000000008 14365.318688076
229.860000000008 14394.8661016961
230.910000000008 14413.4360468844
231.960000000008 14468.8269861596
233.010000000008 14507.575541967
234.060000000008 14537.273727888
235.110000000008 14568.6987520286
236.160000000008 14601.8897529224
237.210000000008 14633.9607608399
238.260000000008 14668.2876133362
239.310000000008 14699.0856536854
240.360000000008 14730.310449268
241.410000000008 14768.2516052393
242.460000000008 14797.0659103246
243.510000000008 14823.1283550741
244.560000000009 14857.9896955309
245.610000000009 14882.4063501359
246.660000000009 14904.4935890312
247.710000000009 14943.7943913747
248.760000000009 14968.6759706437
249.810000000009 14996.3429436852
250.860000000009 15030.4289812978
251.910000000009 15052.9697791276
252.960000000009 15072.5080735928
254.010000000009 15100.1507169397
255.060000000009 15120.9111630322
256.110000000009 15140.7971451643
257.160000000008 15174.0446063514
258.210000000007 15192.0564868143
259.260000000006 15208.5907925501
260.310000000005 15227.5490529957
261.360000000004 15250.6103984734
262.410000000003 15264.0871627832
263.460000000002 15286.9569756814
264.510000000001 15299.7009159808
265.56 15316.889183027
266.609999999999 15332.6282724185
267.659999999998 15344.0221631264
268.709999999997 15354.238942304
269.759999999996 15365.6430754164
270.809999999995 15374.2249881008
271.859999999994 15379.7616647935
272.909999999994 15387.307876325
273.959999999993 15392.3030647019
275.009999999992 15399.2363203402
276.059999999991 15406.4823911218
277.10999999999 15412.8344308124
278.159999999989 15414.2825841132
279.209999999988 15419.1138162037
280.259999999987 15423.6074539222
281.309999999986 15427.3512737976
282.359999999985 15428.8671893594
283.409999999984 15427.5196353994
284.459999999983 15432.8292733759
285.509999999982 15435.1298994522
286.559999999981 15437.7168576099
287.60999999998 15440.3115566268
288.659999999979 15441.9339380643
289.709999999978 15443.4120362558
290.759999999977 15444.904228779
291.809999999976 15447.9407404026
292.859999999975 15447.676692406
293.909999999974 15451.631970514
294.959999999973 15452.3073763538
296.009999999973 15452.3079990924
297.059999999972 15452.1632727705
298.109999999971 15455.4212348255
299.15999999997 15455.4218371555
300.209999999969 15453.186239818
301.259999999968 15453.5336675755
302.309999999967 15454.4518123377
303.359999999966 15454.8724438003
304.409999999965 15458.9688273304
305.459999999964 15458.6995235578
306.509999999963 15457.6118039961
307.559999999962 15455.9841694743
308.609999999961 15455.2262094371
309.65999999996 15455.2268593729
310.709999999959 15450.9742471552
311.759999999958 15451.5410459973
312.809999999957 15452.8376590168
313.859999999956 15452.8024448357
314.909999999955 15453.3045566031
315.959999999954 15454.7231443632
317.009999999953 15454.7238330983
318.059999999952 15452.5189080985
319.109999999952 15455.0686435567
320.159999999951 15455.8533528957
321.20999999995 15456.6362037096
322.259999999949 15457.8649697773
323.309999999948 15459.0843470453
324.359999999947 15459.0524637033
325.409999999946 15459.6505110446
326.459999999945 15459.9825626053
327.509999999944 15462.9941417101
328.559999999943 15462.9947975068
329.609999999942 15462.8986433318
330.659999999941 15467.8279706755
331.70999999994 15468.329340892
332.759999999939 15468.3299576972
333.809999999938 15468.2659520596
334.859999999937 15468.2753078524
335.909999999936 15467.1814272767
336.959999999935 15468.2753673456
338.009999999934 15471.385031872
339.059999999933 15472.3619566044
340.109999999932 15473.2448835044
341.159999999931 15474.2112543236
342.209999999931 15474.6218470914
343.25999999993 15475.5725293045
344.309999999929 15475.7623458735
345.359999999928 15475.8636252907
346.409999999927 15478.1469332685
347.459999999926 15478.5575091485
348.509999999925 15478.5580850114
349.559999999924 15479.3439982309
