220.410000000008 14263.1773350277
221.460000000008 14307.6613093929
222.510000000008 14344.5974427609
223.560000000008 14371.8905986138
224.610000000008 14403.7282492261
225.660000000008 14447.8151046526
226.710000000008 14485.1501448246
227.760000000008 14519.1488945929
228.810000000008 14546.9744123516
229.860000000008 14578.2160660069
230.910000000008 14604.15006031
231.960000000008 14647.4089208052
233.010000000008 14681.4471286165
234.060000000008 14711.2088612455
235.110000000008 14741.3632253531
236.160000000008 14771.7599040112
237.210000000008 14800.298586479
238.260000000008 14831.561166348
239.310000000008 14859.7382684517
240.360000000008 14887.8585082515
241.410000000008 14919.3658263624
242.460000000008 14944.6731150346
243.510000000008 14969.3501726508
244.560000000009 14997.342312001
245.610000000009 15020.5132208892
246.660000000009 15043.0768603683
247.710000000009 15071.7423309082
248.760000000009 15093.1679814872
249.810000000009 15116.8249998417
250.860000000009 15142.0943577672
251.910000000009 15162.0171840764
252.960000000009 15180.2678718561
254.010000000009 15201.5488293974
255.060000000009 15219.0063352425
256.110000000009 15236.8429099558
257.160000000008 15259.850842844
258.210000000007 15274.813854859
259.260000000006 15289.3471176024
260.310000000005 15305.0728012599
261.360000000004 15321.4122056224
262.410000000003 15333.4203844892
263.460000000002 15348.7995699612
264.510000000001 15359.0023082901
265.56 15372.0112714267
266.609999999999 15383.314422013
267.659999999998 15392.524650969
268.709999999997 15400.8981879397
269.759999999996 15409.3310794791
270.809999999995 15415.7956318767
271.859999999994 15421.8139955191
272.909999999994 15427.2868851646
273.959999999993 15432.3651617515
275.009999999992 15437.3936285278
276.059999999991 15442.2406767794
277.10999999999 15446.7921978377
278.159999999989 15449.1910225919
279.209999999988 15452.4899774046
280.259999999987 15455.4732014676
281.309999999986 15457.7373498761
282.359999999985 15459.4752903333
283.409999999984 15460.2898715249
284.459999999983 15463.1617306545
285.509999999982 15464.7682609606
286.559999999981 15466.3358164625
287.60999999998 15467.8127006966
288.659999999979 15468.633553774
289.709999999978 15469.6620513495
290.759999999977 15470.3501531764
291.809999999976 15471.4316481215
292.859999999975 15471.6808811102
293.909999999974 15473.3069758979
294.959999999973 15473.7984513338
296.009999999973 15473.7987625371
297.059999999972 15474.3928706354
298.109999999971 15475.5296202402
299.15999999997 15475.5299212291
300.209999999969 15475.6016223809
301.259999999968 15476.0111501839
302.309999999967 15476.5557716645
303.359999999966 15476.9760872062
304.409999999965 15478.3147552068
305.459999999964 15478.5701933027
306.509999999963 15478.6136631435
307.559999999962 15478.5222430009
308.609999999961 15478.6481027758
309.65999999996 15478.6484275338
310.709999999959 15477.8966281759
311.759999999958 15478.6685447017
312.809999999957 15479.6228000986
313.859999999956 15479.9292436775
314.909999999955 15480.3624312987
315.959999999954 15481.0320858414
317.009999999953 15481.0324299754
318.059999999952 15481.1043856314
319.109999999952 15482.0566347274
320.159999999951 15482.5679220103
321.20999999995 15483.0787428845
322.259999999949 15483.7009583465
323.309999999948 15484.3208226195
324.359999999947 15484.6206047985
325.409999999946 15485.08525178
326.459999999945 15485.4834510464
327.509999999944 15486.8585751529
328.559999999943 15486.8589027806
329.609999999942 15487.1501361333
330.659999999941 15489.0042382777
331.70999999994 15489.4447164979
332.759999999939 15489.4450246163
333.809999999938 15490.05188526
334.859999999937 15490.3694762582
335.909999999936 15490.4040121046
336.959999999935 15490.9925018414
338.009999999934 15492.0769239821
339.059999999933 15492.6361672939
340.109999999932 15493.1644282932
341.159999999931 15493.7210271416
342.209999999931 15494.1313232109
343.25999999993 15494.6764952495
344.309999999929 15495.0391591056
345.359999999928 15495.3722113466
346.409999999927 15496.5652762574
347.459999999926 15496.975563866
348.509999999925 15496.9758514626
349.559999999924 15497.4798621985
