16.7099999999999 1665.76697628466
17.7599999999999 1672.66401767758
18.81 1825.33962570202
19.86 1905.84925166135
20.91 1985.29280627709
21.9600000000001 2065.50711130269
23.0100000000001 2143.91280257331
24.0600000000002 2221.81739041487
25.1100000000002 2300.12523351298
26.1600000000002 2375.31006847747
27.2100000000003 2452.90193680973
28.2600000000003 2527.28809877012
29.3100000000004 2602.53692989047
30.3600000000004 2677.84147575509
31.4100000000004 2751.69019289078
32.4600000000005 2826.90265292259
33.5100000000005 2974.45815268817
34.5600000000005 2973.87859069264
35.6100000000006 3117.18930016094
36.6600000000006 3183.15999542461
37.7100000000007 3179.12565567706
38.7600000000007 3174.11772811382
39.8100000000007 3374.108004528
40.8600000000008 3436.18427092278
41.9100000000008 3496.37953896684
42.9600000000009 3553.84653344277
44.0100000000009 3614.49568808682
45.0600000000009 3674.90668154407
46.110000000001 3736.33870601474
47.160000000001 3800.31026834926
48.2100000000011 3864.04077243804
49.2600000000011 3926.62510845351
50.3100000000011 3991.62952008738
51.3600000000012 4128.66306122777
52.4100000000012 4189.6730826091
53.4600000000013 4188.5247168375
54.5100000000013 4327.06189710099
55.5600000000013 4327.31969300962
56.6100000000014 4464.73978856652
57.6600000000014 4534.59817968647
58.7100000000015 4607.35053746045
59.7600000000015 4676.95922534293
60.8100000000015 4747.82612471737
61.8600000000016 4750.64158555931
62.9100000000016 4892.54583114831
63.9600000000017 4964.99417570451
65.0100000000017 5036.19228850339
66.0600000000017 5179.59123674057
67.1100000000018 5183.02117680819
68.1600000000018 5255.08951811681
69.2100000000019 5330.80647660951
70.2600000000019 5400.12760179784
71.3100000000019 5547.45156500094
72.360000000002 5550.38791984573
73.410000000002 5690.29745101603
74.4600000000021 5692.66259032903
75.5100000000021 5760.60568131529
76.5600000000021 5762.35341070048
77.6100000000022 5968.50085529511
78.6600000000022 6038.88136737122
79.7100000000023 6111.72559751124
80.7600000000023 6179.94871420405
81.8100000000023 6256.19886664468
82.8600000000024 6326.13488719199
83.9100000000024 6395.26658117553
84.9600000000025 6465.62430857888
86.0100000000025 6528.63049806376
87.0600000000025 6662.0957794493
88.1100000000026 6730.53697447922
89.1600000000026 6803.91390805824
90.2100000000027 6874.60557844087
91.2600000000027 6943.21039734194
92.3100000000027 7014.29371301121
93.3600000000028 7080.26461451163
94.4100000000028 7147.3449800338
95.4600000000029 7222.03699732687
96.5100000000029 7221.09923725265
97.5600000000029 7359.56658768225
98.610000000003 7428.23048399345
99.660000000003 7491.94887606074
100.710000000003 7561.82020891405
101.760000000003 7627.52471867936
102.810000000003 7692.24952421182
103.860000000003 7757.48466734396
104.910000000003 7822.3074429551
105.960000000003 7965.00063824015
107.010000000003 7961.70922694688
108.060000000003 8096.41642484102
109.110000000003 8161.64037400398
110.160000000003 8228.23699405035
111.210000000003 8292.1333207565
112.260000000003 8358.42349088591
113.310000000004 8425.21356996108
114.360000000004 8494.6103896786
115.410000000004 8493.10818357413
116.460000000004 8625.98512629602
117.510000000004 8699.13560952463
118.560000000004 8768.35528888196
119.610000000004 8908.056614111
120.660000000004 8908.15080698931
121.710000000004 8977.05981312034
122.760000000004 9045.67163485977
123.810000000004 9113.66512876614
124.860000000004 9253.79985174258
125.910000000004 9325.11040467176
126.960000000004 9399.37213895133
128.010000000004 9469.94781265956
129.060000000004 9539.77235135826
130.110000000004 9612.27779303929
131.160000000004 9613.78685532625
132.210000000004 9750.00144093381
133.260000000004 9751.90285077161
134.310000000004 9817.4536402779
135.360000000004 9957.7642745485
136.410000000004 10033.8355881169
137.460000000004 10105.1660894035
138.510000000004 10174.9112293321
139.560000000005 10315.0458915249
140.610000000005 10386.0233199774
141.660000000005 10388.2953275186
142.710000000005 10458.6597092031
143.760000000005 10601.6232886979
144.810000000005 10672.881880345
145.860000000005 10674.6330581077
146.910000000005 10741.7442077182
147.960000000005 10805.2984194122
149.010000000005 10947.0337998705
150.060000000005 11016.2128707468
151.110000000005 11091.1308155342
152.160000000005 11160.5115649582
153.210000000005 11221.8272371898
154.260000000005 11318.8928597696
155.310000000005 11320.7393538298
156.360000000005 11385.4621933995
157.410000000005 11413.8887262409
158.460000000005 11417.857296458
159.510000000005 11460.2486814082
160.560000000005 11483.3314591137
161.610000000005 11507.4857857635
162.660000000005 11532.952449722
163.710000000005 11557.7099525677
164.760000000005 11582.5051526239
165.810000000006 11630.0823573595
166.860000000006 11695.805399243
167.910000000006 11784.2271088615
168.960000000006 11870.229110236
170.010000000006 11957.6708676547
171.060000000006 12047.2256213744
172.110000000006 12123.0777534184
173.160000000006 12203.9426650931
174.210000000006 12284.1498725824
175.260000000006 12369.1000902224
176.310000000006 12447.7216118234
177.360000000006 12524.3580561645
178.410000000006 12602.2923959619
179.460000000006 12676.4950267992
180.510000000006 12751.5738377319
181.560000000006 12823.9670092153
182.610000000006 12893.4830412958
183.660000000006 12956.5682314524
184.710000000006 13014.5683462923
185.760000000006 13071.2388978613
186.810000000006 13122.5435325553
187.860000000006 13172.2730287897
188.910000000006 13216.7994936905
189.960000000006 13259.0786551196
191.010000000006 13303.5871433335
192.060000000007 13341.6094306829
193.110000000007 13378.5950036967
194.160000000007 13416.519895684
195.210000000007 13451.0504895642
196.260000000007 13485.364655115
197.310000000007 13518.8929534909
198.360000000007 13552.909443599
199.410000000007 13585.7035631054
200.460000000007 13618.4798199616
201.510000000007 13651.13162243
202.560000000007 13683.060175552
203.610000000007 13715.0847223016
204.660000000007 13749.2743989953
205.710000000007 13782.0596284074
206.760000000007 13814.6396152591
207.810000000007 13862.5278211427
208.860000000007 13908.8154038115
209.910000000007 13955.5900117866
210.960000000007 13997.8131445196
212.010000000007 14045.1046489975
213.060000000007 14089.1230424394
214.110000000007 14132.999011949
215.160000000007 14172.5898439638
216.210000000007 14216.678349486
217.260000000007 14257.9284310443
218.310000000008 14295.5595232184
219.360000000008 14336.1974038253
220.410000000008 14375.9236144162
221.460000000008 14415.8822406553
222.510000000008 14450.9054651034
223.560000000008 14486.2513746985
224.610000000008 14520.7714444719
225.660000000008 14560.2666922357
226.710000000008 14595.4788176384
227.760000000008 14627.3552579176
228.810000000008 14658.4253267496
229.860000000008 14690.3173684045
230.910000000008 14720.0873341413
231.960000000008 14756.1263367595
233.010000000008 14787.1528036447
234.060000000008 14816.5951007457
235.110000000008 14845.6664456647
236.160000000008 14874.1210267609
237.210000000008 14900.3048255955
238.260000000008 14929.4715856177
239.310000000008 14955.7950669864
240.360000000008 14981.7922457882
241.410000000008 15009.354861873
242.460000000008 15032.3241396031
243.510000000008 15055.8130700828
244.560000000009 15079.6474563143
245.610000000009 15101.6988234152
246.660000000009 15124.0445632835
247.710000000009 15146.5744554782
248.760000000009 15165.6961535972
249.810000000009 15186.7575420413
250.860000000009 15206.9099349374
251.910000000009 15224.9876754709
252.960000000009 15242.0775587935
254.010000000009 15259.5692567502
255.060000000009 15274.8248024303
256.110000000009 15291.0955626739
257.160000000008 15308.3964219343
258.210000000007 15321.3268549841
259.260000000006 15334.3601515659
260.310000000005 15347.9783554598
261.360000000004 15360.5118032456
262.410000000003 15371.3111037218
263.460000000002 15382.574664362
264.510000000001 15391.0832680439
265.56 15401.6307517884
266.609999999999 15410.3775437665
267.659999999998 15418.1111857213
268.709999999997 15425.1723231254
269.759999999996 15431.7910155209
270.809999999995 15436.843994394
271.859999999994 15442.5912826696
272.909999999994 15446.6819577243
273.959999999993 15451.2879693085
275.009999999992 15455.0241893434
276.059999999991 15458.4057320987
277.10999999999 15461.7569074021
278.159999999989 15464.0157702681
279.209999999988 15466.2465354672
280.259999999987 15468.1994331645
281.309999999986 15469.4771339284
282.359999999985 15470.8405124112
283.409999999984 15471.9279795372
284.459999999983 15473.5804241975
285.509999999982 15474.57302399
286.559999999981 15475.4609777213
287.60999999998 15476.2683967431
288.659999999979 15476.5548975806
289.709999999978 15477.4342828406
290.759999999977 15477.8840956318
291.809999999976 15478.386424696
292.859999999975 15478.787559294
293.909999999974 15479.7236919872
294.959999999973 15480.1605775109
296.009999999973 15480.1606810241
297.059999999972 15480.9734882597
298.109999999971 15481.481908731
299.15999999997 15481.4820088258
300.209999999969 15482.2369089704
301.259999999968 15482.6647100181
302.309999999967 15483.098594549
303.359999999966 15483.5186994768
304.409999999965 15484.0405833149
305.459999999964 15484.4513046802
306.509999999963 15484.8296454323
307.559999999962 15485.193037852
308.609999999961 15485.5805108349
309.65999999996 15485.5806188077
310.709999999959 15485.8654250469
311.759999999958 15486.697956338
312.809999999957 15487.5506965341
313.859999999956 15487.9581887387
314.909999999955 15488.3708358576
315.959999999954 15488.8185783745
317.009999999953 15488.8186927744
318.059999999952 15489.5647706534
319.109999999952 15490.0438270555
320.159999999951 15490.474018682
321.20999999995 15490.9041576916
322.259999999949 15491.3466364402
323.309999999948 15491.788852169
324.359999999947 15492.1867179096
325.409999999946 15492.6117384607
326.459999999945 15493.0293986976
327.509999999944 15493.9198474481
328.559999999943 15493.9199562964
329.609999999942 15494.3257694295
330.659999999941 15495.269233941
331.70999999994 15495.6915692829
332.759999999939 15495.6916716101
333.809999999938 15496.4970389412
334.859999999937 15496.9057718622
335.909999999936 15497.2742781804
336.959999999935 15497.7130010291
338.009999999934 15498.1977169365
339.059999999933 15498.6331934678
340.109999999932 15499.0563462476
341.159999999931 15499.4915262821
342.209999999931 15499.9016245525
343.25999999993 15500.3266439748
344.309999999929 15500.7403661412
345.359999999928 15501.1419193124
346.409999999927 15502.012143012
347.459999999926 15502.4222384396
348.509999999925 15502.4223338587
349.559999999924 15502.842793534
