220.410000000008 14375.9236144162
221.460000000008 14415.8822406553
222.510000000008 14450.9054651034
223.560000000008 14486.2513746985
224.610000000008 14520.7714444719
225.660000000008 14560.2666922357
226.710000000008 14595.4788176384
227.760000000008 14627.3552579176
228.810000000008 14658.4253267496
229.860000000008 14690.3173684045
230.910000000008 14720.0873341413
231.960000000008 14756.1263367595
233.010000000008 14787.1528036447
234.060000000008 14816.5951007457
235.110000000008 14845.6664456647
236.160000000008 14874.1210267609
237.210000000008 14900.3048255955
238.260000000008 14929.4715856177
239.310000000008 14955.7950669864
240.360000000008 14981.7922457882
241.410000000008 15009.354861873
242.460000000008 15032.3241396031
243.510000000008 15055.8130700828
244.560000000009 15079.6474563143
245.610000000009 15101.6988234152
246.660000000009 15124.0445632835
247.710000000009 15146.5744554782
248.760000000009 15165.6961535972
249.810000000009 15186.7575420413
250.860000000009 15206.9099349374
251.910000000009 15224.9876754709
252.960000000009 15242.0775587935
254.010000000009 15259.5692567502
255.060000000009 15274.8248024303
256.110000000009 15291.0955626739
257.160000000008 15308.3964219343
258.210000000007 15321.3268549841
259.260000000006 15334.3601515659
260.310000000005 15347.9783554598
261.360000000004 15360.5118032456
262.410000000003 15371.3111037218
263.460000000002 15382.574664362
264.510000000001 15391.0832680439
265.56 15401.6307517884
266.609999999999 15410.3775437665
267.659999999998 15418.1111857213
268.709999999997 15425.1723231254
269.759999999996 15431.7910155209
270.809999999995 15436.843994394
271.859999999994 15442.5912826696
272.909999999994 15446.6819577243
273.959999999993 15451.2879693085
275.009999999992 15455.0241893434
276.059999999991 15458.4057320987
277.10999999999 15461.7569074021
278.159999999989 15464.0157702681
279.209999999988 15466.2465354672
280.259999999987 15468.1994331645
281.309999999986 15469.4771339284
282.359999999985 15470.8405124112
283.409999999984 15471.9279795372
284.459999999983 15473.5804241975
285.509999999982 15474.57302399
286.559999999981 15475.4609777213
287.60999999998 15476.2683967431
288.659999999979 15476.5548975806
289.709999999978 15477.4342828406
290.759999999977 15477.8840956318
291.809999999976 15478.386424696
292.859999999975 15478.787559294
293.909999999974 15479.7236919872
294.959999999973 15480.1605775109
296.009999999973 15480.1606810241
297.059999999972 15480.9734882597
298.109999999971 15481.481908731
299.15999999997 15481.4820088258
300.209999999969 15482.2369089704
301.259999999968 15482.6647100181
302.309999999967 15483.098594549
303.359999999966 15483.5186994768
304.409999999965 15484.0405833149
305.459999999964 15484.4513046802
306.509999999963 15484.8296454323
307.559999999962 15485.193037852
308.609999999961 15485.5805108349
309.65999999996 15485.5806188077
310.709999999959 15485.8654250469
311.759999999958 15486.697956338
312.809999999957 15487.5506965341
313.859999999956 15487.9581887387
314.909999999955 15488.3708358576
315.959999999954 15488.8185783745
317.009999999953 15488.8186927744
318.059999999952 15489.5647706534
319.109999999952 15490.0438270555
320.159999999951 15490.474018682
321.20999999995 15490.9041576916
322.259999999949 15491.3466364402
323.309999999948 15491.788852169
324.359999999947 15492.1867179096
325.409999999946 15492.6117384607
326.459999999945 15493.0293986976
327.509999999944 15493.9198474481
328.559999999943 15493.9199562964
329.609999999942 15494.3257694295
330.659999999941 15495.269233941
331.70999999994 15495.6915692829
332.759999999939 15495.6916716101
333.809999999938 15496.4970389412
334.859999999937 15496.9057718622
335.909999999936 15497.2742781804
336.959999999935 15497.7130010291
338.009999999934 15498.1977169365
339.059999999933 15498.6331934678
340.109999999932 15499.0563462476
341.159999999931 15499.4915262821
342.209999999931 15499.9016245525
343.25999999993 15500.3266439748
344.309999999929 15500.7403661412
345.359999999928 15501.1419193124
346.409999999927 15502.012143012
347.459999999926 15502.4222384396
348.509999999925 15502.4223338587
349.559999999924 15502.842793534
