2.88 2.12
13.2 2.29
23.4 2.24
33.6 2.24
43.68 2.25
54.0 2.21
64.2 2.25
74.28 2.24
84.48 2.22
94.68 2.22
105.0 2.21
115.08 2.2
125.28 2.23
135.6 2.25
145.68 2.21
156.0 2.22
166.08 2.21
176.64 2.21
186.6 2.24
196.92 2.24
207.12 2.25
217.2 2.25
227.4 2.24
237.6 2.22
247.8 2.21
257.88 2.22
268.08 2.21
278.4 2.23
288.48 2.21
298.68 2.16
308.88 2.2
319.2 2.19
329.28 2.21
339.6 2.25
349.92 2.24
360.0 2.25
370.32 2.26
380.4 2.23
390.48 2.21
400.68 2.19
411.0 2.18
421.2 2.18
431.4 2.2
441.84 2.25
451.68 2.27
462.0 2.26
472.08 2.3
482.28 2.25
492.6 2.24
502.68 2.22
512.88 2.16
523.2 2.18
533.28 2.21
543.6 2.24
553.8 2.25
564.0 2.26
574.32 2.24
584.4 2.24
594.48 2.23
604.92 2.23
615.0 2.23
625.2 2.23
635.4 2.23
645.48 2.25
655.8 2.24
666.0 2.23
676.32 2.28
686.28 2.26
696.6 2.27
706.68 2.28
717.0 2.25
727.08 2.25
737.4 2.25
747.48 2.23
757.8 2.23
767.88 2.2
778.08 2.2
788.4 2.23
798.48 2.21
809.04 2.24
819.0 2.24
829.32 2.23
839.4 2.27
849.48 2.24
859.8 2.24
869.88 2.21
880.08 2.2
890.4 2.21
900.6 2.22
910.68 2.22
920.88 2.21
931.08 2.19
941.4 2.24
951.84 2.28
961.92 2.3
972.12 2.3
982.08 2.25
992.4 2.23
1003.32 2.29
1013.52 2.6
1023.84 2.9
1033.8 3.16
1044.12 3.4
1054.2 3.37
1064.52 3.35
1074.72 3.36
1085.04 3.35
1095.24 3.34
1105.32 3.34
1115.52 3.37
1125.84 3.36
1135.8 3.34
1146.24 3.36
1156.44 3.37
1166.52 3.37
1176.72 3.38
1186.8 3.37
1197.12 3.32
1207.44 3.33
1217.52 3.34
1227.6 3.34
1238.16 3.41
1248.24 3.41
1258.32 3.41
1268.52 3.45
1278.6 3.38
1288.92 3.4
1299.12 3.39
1309.2 3.39
1319.52 3.39
1329.72 3.35
1340.04 3.36
1350.0 3.36
1360.68 3.38
1370.4 3.39
1380.6 3.41
1390.8 3.39
1401.0 3.35
1411.2 3.36
1421.52 3.35
1431.6 3.32
1441.8 3.33
1452.24 3.34
1462.32 3.39
1472.4 3.42
1482.72 3.43
1492.92 3.43
1503.0 3.34
1513.56 3.38
1523.4 3.38
1533.6 3.36
1543.92 3.39
1554.0 3.34
1564.2 3.36
1574.4 3.36
1584.84 3.4
1594.8 3.42
1605.0 3.41
1615.2 3.41
1625.4 3.37
1635.84 3.38
1645.92 3.38
1656.0 3.38
1666.44 3.38
1676.52 3.34
1686.6 3.33
1697.04 3.36
1713.12 3.34
1723.32 3.37
1734.0 3.38
1743.84 3.36
1753.92 3.38
1764.24 3.35
1774.44 3.35
1784.64 3.39
1794.84 3.38
1804.92 3.39
1815.36 3.39
1825.56 3.38
1835.52 3.4
1845.84 3.4
1855.92 3.38
1866.12 3.35
1876.32 3.32
1886.52 3.32
1896.96 3.33
1907.16 3.36
1917.12 3.36
1927.44 3.39
1937.64 3.37
1947.96 3.35
1958.04 3.39
1968.24 3.39
1978.56 3.43
1988.64 3.43
1998.72 3.38
2009.04 3.37
2019.36 3.36
2029.44 3.35
2039.52 3.35
2049.84 3.33
2060.04 3.32
2070.12 3.3
2080.32 3.33
2090.52 3.34
2100.96 3.36
2110.92 3.4
2121.12 3.4
2131.68 3.41
2141.64 3.4
2151.72 3.38
2161.92 3.38
2172.36 3.38
2182.44 3.35
2192.64 3.37
2202.72 3.35
2213.16 3.36
2223.24 3.39
2233.44 3.4
2243.64 3.41
2253.72 3.38
2264.04 3.4
2274.12 3.36
2284.32 3.34
2294.52 3.35
2304.72 3.31
2315.04 3.3
2325.24 3.35
2335.8 3.39
2345.52 3.39
2355.72 3.4
2365.92 3.37
2376.12 3.32
2386.32 3.32
2396.76 3.34
2406.84 3.33
2417.04 3.33
2427.24 3.36
2437.44 3.35
2447.52 3.34
2457.96 3.4
2467.92 3.4
2478.12 3.37
2488.32 3.4
2498.64 3.33
2508.84 3.35
2518.92 3.36
2529.12 3.32
2539.32 3.34
2549.64 3.32
2559.96 3.36
2570.04 3.39
2580.24 3.36
2590.32 3.37
2600.52 3.37
2610.72 3.36
2620.92 3.35
2631.12 3.38
2641.44 3.36
2651.52 3.35
2661.72 3.36
2672.04 3.32
2682.24 3.33
2692.32 3.34
2702.52 3.34
2712.72 3.34
2722.92 3.34
2733.12 3.34
2743.32 3.36
2753.64 3.37
2763.84 3.35
2773.92 3.38
2784.24 3.36
2794.44 3.35
