16.7099999999999 0.899999999999999
17.7599999999999 1.95
18.81 1.02
19.86 1.08
20.91 1.14
21.9600000000001 1.2
23.0100000000001 1.26
24.0600000000002 1.32
25.1100000000002 1.38
26.1600000000002 1.44
27.2100000000003 1.5
28.2600000000003 1.56
29.3100000000004 1.62
30.3600000000004 1.68
31.4100000000004 1.74
32.4600000000005 1.8
33.5100000000005 0.869999999999997
34.5600000000005 1.92
35.6100000000006 0.990000000000002
36.6600000000006 1.05
37.7100000000007 2.1
38.7600000000007 3.15
39.8100000000007 1.23
40.8600000000008 1.29
41.9100000000008 1.34999999999999
42.9600000000009 1.41
44.0100000000009 1.47
45.0600000000009 1.53
46.110000000001 1.59
47.160000000001 1.65
48.2100000000011 1.71
49.2600000000011 1.77
50.3100000000011 1.83000000000001
51.3600000000012 0.899999999999999
52.4100000000012 0.960000000000001
53.4600000000013 2.01000000000001
54.5100000000013 1.08
55.5600000000013 2.13
56.6100000000014 1.2
57.6600000000014 1.26
58.7100000000015 1.32
59.7600000000015 1.38
60.8100000000015 1.44
61.8600000000016 2.49
62.9100000000016 1.56
63.9600000000017 1.62
65.0100000000017 1.68000000000001
66.0600000000017 0.75
67.1100000000018 1.8
68.1600000000018 1.86
69.2100000000019 1.92
70.2600000000019 1.98
71.3100000000019 1.05
72.360000000002 2.09999999999999
73.410000000002 1.17
74.4600000000021 2.22
75.5100000000021 2.28
76.5600000000021 3.33
77.6100000000022 1.41
78.6600000000022 1.47
79.7100000000023 1.53
80.7600000000023 1.59
81.8100000000023 1.65000000000001
82.8600000000024 1.70999999999999
83.9100000000024 1.77
84.9600000000025 1.83
86.0100000000025 1.89
87.0600000000025 0.960000000000008
88.1100000000026 1.02
89.1600000000026 1.08
90.2100000000027 1.14
91.2600000000027 1.2
92.3100000000027 1.26000000000001
93.3600000000028 1.32000000000001
94.4100000000028 1.38
95.4600000000029 1.44
96.5100000000029 2.49000000000001
97.5600000000029 1.56
98.610000000003 1.62
99.660000000003 1.67999999999999
100.710000000003 1.73999999999999
101.760000000003 1.80000000000001
102.810000000003 1.86
103.860000000003 1.92
104.910000000003 1.98
105.960000000003 1.05
107.010000000003 2.10000000000001
108.060000000003 1.17
109.110000000003 1.23
110.160000000003 1.28999999999999
111.210000000003 1.34999999999999
112.260000000003 1.41000000000001
113.310000000004 1.47
114.360000000004 1.53
115.410000000004 2.58
116.460000000004 1.64999999999999
117.510000000004 1.71000000000001
118.560000000004 1.77000000000001
119.610000000004 0.840000000000003
120.660000000004 1.89
121.710000000004 1.94999999999999
122.760000000004 2.01000000000001
123.810000000004 2.07000000000001
124.860000000004 1.14
125.910000000004 1.2
126.960000000004 1.25999999999999
128.010000000004 1.31999999999999
129.060000000004 1.38000000000001
130.110000000004 1.44
131.160000000004 2.49000000000001
132.210000000004 1.56
133.260000000004 2.60999999999999
134.310000000004 2.67000000000002
135.360000000004 1.73999999999998
136.410000000004 1.80000000000001
137.460000000004 1.86000000000001
138.510000000004 1.91999999999999
139.560000000005 0.990000000000009
140.610000000005 1.04999999999998
141.660000000005 2.09999999999999
142.710000000005 2.16
143.760000000005 1.22999999999999
144.810000000005 1.28999999999999
145.860000000005 2.33999999999997
146.910000000005 2.40000000000001
147.960000000005 2.46000000000001
149.010000000005 1.53
150.060000000005 1.59
151.110000000005 1.64999999999998
152.160000000005 1.71000000000001
153.210000000005 1.77000000000001
154.260000000005 0.840000000000003
155.310000000005 1.89000000000001
156.360000000005 0.95999999999998
157.410000000005 1.02000000000001
158.460000000005 2.07000000000002
159.510000000005 1.13999999999999
160.560000000005 1.20000000000002
161.610000000005 1.25999999999999
162.660000000005 1.31999999999999
163.710000000005 1.38
164.760000000005 1.44
165.810000000006 1.5
166.860000000006 1.55999999999997
167.910000000006 1.62
168.960000000006 1.68000000000001
170.010000000006 1.73999999999998
171.060000000006 0.810000000000002
172.110000000006 1.85999999999999
173.160000000006 1.91999999999999
174.210000000006 1.98000000000002
175.260000000006 1.04999999999998
176.310000000006 1.11000000000001
177.360000000006 1.16999999999999
178.410000000006 1.22999999999999
179.460000000006 1.29000000000002
180.510000000006 1.34999999999999
181.560000000006 1.41
182.610000000006 1.47
183.660000000006 1.53
184.710000000006 1.59
185.760000000006 1.65000000000001
186.810000000006 1.71000000000001
187.860000000006 1.76999999999998
188.910000000006 1.82999999999998
189.960000000006 1.89000000000001
191.010000000006 0.95999999999998
192.060000000007 1.02000000000001
193.110000000007 1.07999999999998
194.160000000007 1.13999999999999
195.210000000007 1.20000000000002
196.260000000007 1.25999999999999
197.310000000007 1.31999999999999
198.360000000007 1.38
199.410000000007 1.44
200.460000000007 1.5
201.510000000007 1.56
202.560000000007 1.62
203.610000000007 1.67999999999998
204.660000000007 1.74000000000001
205.710000000007 1.80000000000001
206.760000000007 2.84999999999999
207.810000000007 0.930000000000007
208.860000000007 0.989999999999981
209.910000000007 1.05000000000001
210.960000000007 2.10000000000002
212.010000000007 1.16999999999999
213.060000000007 1.22999999999999
214.110000000007 1.28999999999999
215.160000000007 2.34
216.210000000007 1.41
217.260000000007 1.47
218.310000000008 2.52000000000001
219.360000000008 1.58999999999997
220.410000000008 1.65000000000001
221.460000000008 1.71000000000001
222.510000000008 2.75999999999999
223.560000000008 1.83000000000001
224.610000000008 1.88999999999999
225.660000000008 0.960000000000008
226.710000000008 1.02000000000001
227.760000000008 2.06999999999999
228.810000000008 2.13
229.860000000008 2.19
230.910000000008 2.25
231.960000000008 1.32000000000002
233.010000000008 1.38
234.060000000008 1.44
235.110000000008 1.5
236.160000000008 1.56
237.210000000008 2.61000000000001
238.260000000008 1.67999999999998
239.310000000008 1.74000000000001
240.360000000008 1.79999999999998
241.410000000008 0.870000000000005
242.460000000008 1.92000000000002
243.510000000008 1.97999999999999
244.560000000009 2.03999999999999
245.610000000009 2.09999999999999
246.660000000009 1.16999999999999
247.710000000009 1.23000000000002
248.760000000009 2.28
249.810000000009 1.34999999999999
250.860000000009 1.41
251.910000000009 1.47
252.960000000009 1.53
254.010000000009 1.59
255.060000000009 2.64000000000001
256.110000000009 1.70999999999998
257.160000000008 0.779999999999973
258.210000000007 1.82999999999998
259.260000000006 1.89000000000004
260.310000000005 0.95999999999998
261.360000000004 1.01999999999998
262.410000000003 1.07999999999998
263.460000000002 1.13999999999999
264.510000000001 2.19
265.56 1.25999999999999
266.609999999999 1.31999999999999
267.659999999998 1.38
268.709999999997 1.44
269.759999999996 1.5
270.809999999995 2.54999999999995
271.859999999994 1.62
272.909999999994 2.67000000000002
273.959999999993 1.74000000000001
275.009999999992 1.80000000000001
276.059999999991 1.85999999999996
277.10999999999 0.930000000000007
278.159999999989 0.990000000000009
279.209999999988 1.05000000000001
280.259999999987 1.11000000000001
281.309999999986 2.15999999999997
282.359999999985 2.21999999999997
283.409999999984 2.27999999999997
284.459999999983 1.35000000000002
285.509999999982 1.41000000000003
286.559999999981 1.46999999999997
287.60999999998 1.52999999999997
288.659999999979 2.57999999999998
289.709999999978 1.65000000000003
290.759999999977 1.71000000000004
291.809999999976 1.76999999999998
292.859999999975 1.82999999999998
293.909999999974 0.899999999999977
294.959999999973 0.960000000000036
296.009999999973 2.01000000000005
297.059999999972 1.07999999999998
298.109999999971 1.13999999999999
299.15999999997 2.19
300.209999999969 1.25999999999999
301.259999999968 1.31999999999999
302.309999999967 1.38
303.359999999966 1.44
304.409999999965 1.5
305.459999999964 1.56
306.509999999963 1.62
307.559999999962 1.67999999999995
308.609999999961 1.74000000000001
309.65999999996 2.79000000000002
310.709999999959 2.85000000000002
311.759999999958 1.92000000000002
312.809999999957 0.989999999999952
313.859999999956 1.05000000000001
314.909999999955 1.11000000000001
315.959999999954 1.17000000000002
317.009999999953 2.22000000000003
318.059999999952 1.28999999999996
319.109999999952 1.34999999999997
320.159999999951 1.41000000000003
321.20999999995 1.47000000000003
322.259999999949 1.53000000000003
323.309999999948 1.58999999999997
324.359999999947 1.64999999999998
325.409999999946 1.70999999999998
326.459999999945 1.76999999999998
327.509999999944 0.840000000000032
328.559999999943 1.88999999999999
329.609999999942 1.94999999999999
330.659999999941 1.01999999999998
331.70999999994 1.07999999999998
332.759999999939 2.13
333.809999999938 1.19999999999999
334.859999999937 1.25999999999999
335.909999999936 1.31999999999999
336.959999999935 1.38
338.009999999934 1.44
339.059999999933 1.5
340.109999999932 1.56
341.159999999931 1.62
342.209999999931 1.68000000000001
343.25999999993 1.74000000000001
344.309999999929 1.79999999999995
345.359999999928 1.86000000000001
346.409999999927 0.930000000000007
347.459999999926 0.990000000000009
348.509999999925 2.04000000000002
349.559999999924 2.09999999999997
