0.0 50.01
1.2 50.13
2.4 50.25
3.6 50.36
4.8 50.46
6.0 50.55
7.2 50.64
8.4 50.71
9.6 50.78
10.8 50.84
12.0 50.89
13.2 50.94
14.4 50.98
15.6 51.02
16.8 51.05
18.0 51.08
19.2 51.1
20.4 51.12
21.6 51.14
22.8 51.15
24.0 51.16
25.2 51.17
26.4 51.18
27.6 51.18
28.8 51.18
30.0 51.18
31.2 51.17
32.4 51.14
33.6 51.09
34.8 51.02
36.0 50.95
37.2 50.89
38.4 50.83
39.6 50.78
40.8 50.73
42.0 50.68
43.2 50.64
44.4 50.6
45.6 50.56
46.8 50.53
48.0 50.5
49.2 50.47
50.4 50.44
51.6 50.41
52.8 50.39
54.0 50.36
55.2 50.34
56.4 50.32
57.6 50.3
58.8 50.28
60.0 50.26
61.2 50.24
62.4 50.23
63.6 50.21
64.8 50.2
66.0 50.18
67.2 50.17
68.4 50.15
69.6 50.14
70.8 50.13
72.0 50.11
73.2 50.1
74.4 50.09
75.6 50.07
76.8 50.06
78.0 50.05
79.2 50.04
80.4 50.02
81.6 50.01
82.8 50.0
84.0 49.99
85.2 49.98
86.4 49.96
87.6 49.95
88.8 49.94
90.0 49.93
91.2 49.92
92.4 49.91
93.6 49.89
94.8 49.88
96.0 49.87
97.2 49.86
98.4 49.85
99.6 49.83
100.8 49.82
102.0 49.81
103.2 49.8
104.4 49.79
105.6 49.78
106.8 49.76
108.0 49.75
109.2 49.74
110.4 49.73
111.6 49.72
112.8 49.7
114.0 49.69
115.2 49.68
116.4 49.67
117.6 49.66
118.8 49.65
120.0 49.63
121.2 49.62
122.4 49.61
123.6 49.6
124.8 49.59
126.0 49.58
127.2 49.56
128.4 49.55
129.6 49.54
130.8 49.53
132.0 49.52
133.2 49.51
134.4 49.5
135.6 49.49
136.8 49.47
138.0 49.46
139.2 49.45
140.4 49.44
141.6 49.43
142.8 49.42
144.0 49.41
145.2 49.4
146.4 49.39
147.6 49.38
148.8 49.37
150.0 49.36
151.2 49.35
152.4 49.34
153.6 49.33
154.8 49.32
156.0 49.31
157.2 49.3
158.4 49.29
159.6 49.28
160.8 49.27
162.0 49.26
163.2 49.25
164.4 49.24
165.6 49.23
166.8 49.22
168.0 49.21
169.2 49.2
170.4 49.19
171.6 49.18
172.8 49.17
174.0 49.16
175.2 49.16
176.4 49.15
177.6 49.14
178.8 49.13
180.0 49.12
181.2 49.11
182.4 49.1
183.6 49.1
184.8 49.09
186.0 49.08
187.2 49.07
188.4 49.06
189.6 49.06
190.8 49.05
192.0 49.04
193.2 49.03
194.4 49.03
195.6 49.02
196.8 49.01
198.0 49.0
199.2 49.0
200.4 48.99
201.6 48.98
202.8 48.98
204.0 48.97
205.2 48.96
206.4 48.96
207.6 48.95
208.8 48.95
210.0 48.94
211.2 48.93
212.4 48.93
213.6 48.92
214.8 48.91
216.0 48.91
217.2 48.9
218.4 48.9
219.6 48.89
220.8 48.89
222.0 48.88
223.2 48.88
224.4 48.87
225.6 48.87
226.8 48.86
228.0 48.86
229.2 48.85
230.4 48.85
231.6 48.84
232.8 48.84
234.0 48.83
235.2 48.83
236.4 48.82
237.6 48.82
238.8 48.82
240.0 48.81
241.2 48.81
242.4 48.8
243.6 48.8
244.8 48.8
246.0 48.79
247.2 48.79
248.4 48.78
249.6 48.78
250.8 48.78
252.0 48.77
253.2 48.77
254.4 48.77
255.6 48.77
256.8 48.76
258.0 48.76
259.2 48.76
260.4 48.75
261.6 48.75
262.8 48.75
264.0 48.75
265.2 48.74
266.4 48.74
267.6 48.74
268.8 48.74
270.0 48.73
271.2 48.73
272.4 48.73
273.6 48.73
274.8 48.72
276.0 48.72
277.2 48.72
278.4 48.72
279.6 48.72
280.8 48.72
282.0 48.71
283.2 48.71
284.4 48.71
285.6 48.71
286.8 48.71
288.0 48.71
289.2 48.7
290.4 48.7
291.6 48.7
292.8 48.7
294.0 48.7
295.2 48.7
296.4 48.7
297.6 48.7
298.8 48.7
300.0 48.69
301.2 48.69
302.4 48.69
303.6 48.69
304.8 48.69
306.0 48.69
307.2 48.69
308.4 48.69
309.6 48.69
310.8 48.69
312.0 48.69
313.2 48.69
314.4 48.69
315.6 48.69
316.8 48.69
318.0 48.69
319.2 48.69
320.4 48.69
321.6 48.69
322.8 48.69
324.0 48.68
325.2 48.68
326.4 48.68
327.6 48.68
328.8 48.68
330.0 48.68
331.2 48.68
332.4 48.68
333.6 48.68
334.8 48.68
336.0 48.68
337.2 48.68
338.4 48.68
339.6 48.68
340.8 48.68
342.0 48.69
343.2 48.69
344.4 48.69
345.6 48.69
346.8 48.69
348.0 48.69
349.2 48.69
350.4 48.69
351.6 48.69
352.8 48.69
354.0 48.69
355.2 48.69
356.4 48.69
357.6 48.69
358.8 48.69
360.0 48.69
361.2 48.69
362.4 48.69
363.6 48.69
364.8 48.69
366.0 48.69
367.2 48.69
368.4 48.69
369.6 48.69
370.8 48.69
372.0 48.69
373.2 48.69
374.4 48.69
375.6 48.69
376.8 48.69
378.0 48.69
379.2 48.69
380.4 48.69
381.6 48.69
382.8 48.69
384.0 48.69
385.2 48.69
386.4 48.69
387.6 48.69
388.8 48.69
390.0 48.7
391.2 48.7
392.4 48.7
393.6 48.7
394.8 48.7
396.0 48.7
397.2 48.7
398.4 48.7
399.6 48.7
400.8 48.7
402.0 48.7
403.2 48.7
404.4 48.7
405.6 48.7
406.8 48.7
408.0 48.7
409.2 48.7
410.4 48.7
411.6 48.7
412.8 48.7
414.0 48.7
415.2 48.7
416.4 48.7
417.6 48.7
418.8 48.7
420.0 48.7
421.2 48.7
422.4 48.7
423.6 48.7
424.8 48.7
426.0 48.7
427.2 48.7
428.4 48.7
429.6 48.7
430.8 48.7
432.0 48.7
433.2 48.7
434.4 48.7
435.6 48.7
436.8 48.7
438.0 48.7
439.2 48.7
440.4 48.7
441.6 48.7
442.8 48.7
444.0 48.7
445.2 48.7
446.4 48.7
447.6 48.7
448.8 48.7
450.0 48.7
451.2 48.71
452.4 48.71
453.6 48.71
454.8 48.71
456.0 48.71
457.2 48.71
458.4 48.71
459.6 48.71
460.8 48.71
462.0 48.71
463.2 48.71
464.4 48.71
465.6 48.71
466.8 48.71
468.0 48.71
469.2 48.71
470.4 48.71
471.6 48.71
472.8 48.71
474.0 48.71
475.2 48.71
476.4 48.71
477.6 48.71
478.8 48.71
480.0 48.71
481.2 48.71
482.4 48.71
483.6 48.71
484.8 48.71
486.0 48.71
487.2 48.71
488.4 48.71
489.6 48.71
490.8 48.71
492.0 48.71
493.2 48.71
494.4 48.71
495.6 48.71
496.8 48.71
498.0 48.71
499.2 48.71
500.4 48.71
501.6 48.71
502.8 48.71
504.0 48.71
505.2 48.71
506.4 48.71
507.6 48.71
508.8 48.71
510.0 48.71
511.2 48.71
512.4 48.71
513.6 48.71
514.8 48.71
516.0 48.71
517.2 48.71
518.4 48.71
519.6 48.7
520.8 48.7
522.0 48.7
523.2 48.7
524.4 48.7
525.6 48.7
526.8 48.7
528.0 48.7
529.2 48.69
530.4 48.69
531.6 48.69
532.8 48.69
534.0 48.68
535.2 48.68
536.4 48.68
537.6 48.68
538.8 48.67
540.0 48.67
541.2 48.67
542.4 48.66
543.6 48.66
544.8 48.66
546.0 48.65
547.2 48.65
548.4 48.65
549.6 48.64
550.8 48.64
552.0 48.63
553.2 48.63
554.4 48.63
555.6 48.62
556.8 48.62
558.0 48.61
559.2 48.61
560.4 48.6
561.6 48.6
562.8 48.59
564.0 48.59
565.2 48.58
566.4 48.58
567.6 48.57
568.8 48.57
570.0 48.56
571.2 48.56
572.4 48.55
573.6 48.54
574.8 48.54
576.0 48.53
577.2 48.52
578.4 48.52
579.6 48.51
580.8 48.51
582.0 48.5
583.2 48.49
584.4 48.49
585.6 48.48
586.8 48.47
588.0 48.47
589.2 48.46
590.4 48.45
591.6 48.45
592.8 48.44
594.0 48.43
595.2 48.43
596.4 48.42
597.6 48.41
598.8 48.41
600.0 48.4
601.2 48.39
602.4 48.39
603.6 48.38
604.8 48.37
606.0 48.37
607.2 48.36
608.4 48.35
609.6 48.35
610.8 48.34
612.0 48.33
613.2 48.33
614.4 48.32
615.6 48.32
616.8 48.31
618.0 48.31
619.2 48.3
620.4 48.29
621.6 48.29
622.8 48.28
624.0 48.28
625.2 48.27
626.4 48.27
627.6 48.26
628.8 48.26
630.0 48.25
631.2 48.25
632.4 48.24
633.6 48.24
634.8 48.23
636.0 48.23
637.2 48.23
638.4 48.22
639.6 48.22
640.8 48.21
642.0 48.21
643.2 48.21
644.4 48.21
645.6 48.2
646.8 48.2
648.0 48.2
649.2 48.2
650.4 48.19
651.6 48.19
652.8 48.19
654.0 48.19
655.2 48.19
656.4 48.19
657.6 48.19
658.8 48.19
660.0 48.18
661.2 48.18
662.4 48.18
663.6 48.18
664.8 48.18
666.0 48.18
667.2 48.18
668.4 48.18
669.6 48.19
670.8 48.19
672.0 48.19
673.2 48.19
674.4 48.19
675.6 48.19
676.8 48.19
678.0 48.19
679.2 48.2
680.4 48.2
681.6 48.2
682.8 48.2
684.0 48.21
685.2 48.21
686.4 48.21
687.6 48.22
688.8 48.22
690.0 48.22
691.2 48.23
692.4 48.23
693.6 48.24
694.8 48.24
696.0 48.25
697.2 48.25
698.4 48.25
699.6 48.26
700.8 48.26
702.0 48.27
703.2 48.27
704.4 48.28
705.6 48.28
706.8 48.29
708.0 48.29
709.2 48.3
710.4 48.3
711.6 48.31
712.8 48.31
714.0 48.32
715.2 48.32
716.4 48.33
717.6 48.33
718.8 48.34
720.0 48.35
721.2 48.35
722.4 48.36
723.6 48.36
724.8 48.37
726.0 48.37
727.2 48.38
728.4 48.38
729.6 48.39
730.8 48.39
732.0 48.4
733.2 48.4
734.4 48.41
735.6 48.41
736.8 48.42
738.0 48.42
739.2 48.43
740.4 48.43
741.6 48.44
742.8 48.44
744.0 48.45
745.2 48.45
746.4 48.46
747.6 48.46
748.8 48.47
750.0 48.47
751.2 48.48
752.4 48.48
753.6 48.48
754.8 48.49
756.0 48.49
757.2 48.5
758.4 48.5
759.6 48.51
760.8 48.51
762.0 48.52
763.2 48.52
764.4 48.53
765.6 48.53
766.8 48.54
768.0 48.54
769.2 48.55
770.4 48.55
771.6 48.56
772.8 48.56
774.0 48.57
775.2 48.57
776.4 48.58
777.6 48.58
778.8 48.59
780.0 48.59
781.2 48.59
782.4 48.6
783.6 48.6
784.8 48.61
786.0 48.61
787.2 48.62
788.4 48.62
789.6 48.62
790.8 48.63
792.0 48.63
793.2 48.63
794.4 48.64
795.6 48.64
796.8 48.64
798.0 48.65
799.2 48.65
800.4 48.65
801.6 48.66
802.8 48.66
804.0 48.66
805.2 48.66
806.4 48.67
807.6 48.67
808.8 48.67
810.0 48.67
811.2 48.67
812.4 48.68
813.6 48.68
814.8 48.68
816.0 48.68
817.2 48.68
818.4 48.68
819.6 48.68
820.8 48.68
822.0 48.69
823.2 48.69
824.4 48.69
825.6 48.69
826.8 48.69
828.0 48.69
829.2 48.69
830.4 48.69
831.6 48.69
832.8 48.69
834.0 48.7
835.2 48.7
836.4 48.7
837.6 48.7
838.8 48.7
840.0 48.7
841.2 48.7
842.4 48.7
843.6 48.7
844.8 48.7
846.0 48.7
847.2 48.7
848.4 48.7
849.6 48.7
850.8 48.71
852.0 48.71
853.2 48.71
854.4 48.71
855.6 48.71
856.8 48.71
858.0 48.71
859.2 48.71
860.4 48.71
861.6 48.71
862.8 48.71
864.0 48.71
865.2 48.71
866.4 48.71
867.6 48.71
868.8 48.72
870.0 48.72
871.2 48.72
872.4 48.72
873.6 48.72
874.8 48.72
876.0 48.72
877.2 48.72
878.4 48.72
879.6 48.72
880.8 48.72
882.0 48.72
883.2 48.72
884.4 48.72
885.6 48.72
886.8 48.72
888.0 48.72
889.2 48.72
890.4 48.72
891.6 48.72
892.8 48.72
894.0 48.72
895.2 48.72
896.4 48.72
897.6 48.72
898.8 48.72
900.0 48.72
901.2 48.72
902.4 48.72
903.6 48.71
904.8 48.71
906.0 48.71
907.2 48.71
908.4 48.71
909.6 48.71
910.8 48.71
912.0 48.71
913.2 48.71
914.4 48.71
915.6 48.71
916.8 48.71
918.0 48.71
919.2 48.71
920.4 48.71
921.6 48.71
922.8 48.71
924.0 48.71
925.2 48.71
926.4 48.71
927.6 48.71
928.8 48.71
930.0 48.71
931.2 48.71
932.4 48.71
933.6 48.71
934.8 48.71
936.0 48.71
937.2 48.71
938.4 48.71
939.6 48.71
940.8 48.71
942.0 48.71
943.2 48.71
944.4 48.72
945.6 48.72
946.8 48.72
948.0 48.72
949.2 48.72
950.4 48.72
951.6 48.72
952.8 48.72
954.0 48.72
955.2 48.72
956.4 48.72
957.6 48.72
958.8 48.72
960.0 48.72
961.2 48.72
962.4 48.72
963.6 48.72
964.8 48.72
966.0 48.72
967.2 48.72
968.4 48.72
969.6 48.72
970.8 48.72
972.0 48.72
973.2 48.72
974.4 48.72
975.6 48.72
976.8 48.72
978.0 48.72
979.2 48.72
980.4 48.71
981.6 48.71
982.8 48.71
984.0 48.71
985.2 48.71
986.4 48.71
987.6 48.7
988.8 48.7
990.0 48.7
991.2 48.7
992.4 48.7
993.6 48.7
994.8 48.7
996.0 48.69
997.2 48.69
998.4 48.69
999.6 48.69
1000.8 48.69
1002.0 48.69
1003.2 48.69
1004.4 48.69
1005.6 48.68
1006.8 48.68
1008.0 48.68
1009.2 48.68
1010.4 48.68
1011.6 48.68
1012.8 48.68
1014.0 48.68
1015.2 48.68
1016.4 48.68
1017.6 48.68
1018.8 48.68
1020.0 48.68
1021.2 48.68
1022.4 48.68
1023.6 48.68
1024.8 48.68
1026.0 48.68
1027.2 48.68
1028.4 48.68
1029.6 48.68
1030.8 48.68
1032.0 48.68
1033.2 48.68
1034.4 48.68
1035.6 48.68
1036.8 48.68
1038.0 48.68
1039.2 48.68
1040.4 48.68
1041.6 48.68
1042.8 48.68
1044.0 48.68
1045.2 48.69
1046.4 48.69
1047.6 48.69
1048.8 48.69
1050.0 48.69
1051.2 48.69
1052.4 48.69
1053.6 48.69
1054.8 48.69
1056.0 48.7
1057.2 48.7
1058.4 48.7
1059.6 48.7
1060.8 48.7
1062.0 48.7
1063.2 48.7
1064.4 48.7
1065.6 48.7
1066.8 48.7
1068.0 48.7
1069.2 48.7
1070.4 48.7
1071.6 48.7
1072.8 48.7
1074.0 48.7
1075.2 48.7
1076.4 48.71
1077.6 48.71
1078.8 48.71
1080.0 48.71
1081.2 48.71
1082.4 48.71
1083.6 48.71
1084.8 48.71
1086.0 48.71
1087.2 48.71
1088.4 48.71
1089.6 48.71
1090.8 48.71
1092.0 48.71
1093.2 48.71
1094.4 48.71
1095.6 48.71
1096.8 48.71
1098.0 48.71
1099.2 48.71
1100.4 48.71
1101.6 48.71
1102.8 48.71
1104.0 48.71
1105.2 48.72
1106.4 48.72
1107.6 48.72
1108.8 48.72
1110.0 48.72
1111.2 48.72
1112.4 48.72
1113.6 48.72
1114.8 48.72
1116.0 48.72
1117.2 48.73
1118.4 48.73
1119.6 48.73
1120.8 48.73
1122.0 48.73
1123.2 48.73
1124.4 48.73
1125.6 48.73
1126.8 48.73
1128.0 48.73
1129.2 48.73
1130.4 48.73
1131.6 48.74
1132.8 48.74
1134.0 48.74
1135.2 48.74
1136.4 48.74
1137.6 48.74
1138.8 48.74
1140.0 48.74
1141.2 48.74
1142.4 48.74
1143.6 48.74
1144.8 48.74
1146.0 48.74
1147.2 48.74
1148.4 48.74
1149.6 48.74
1150.8 48.74
1152.0 48.74
1153.2 48.74
1154.4 48.74
1155.6 48.73
1156.8 48.73
1158.0 48.73
1159.2 48.73
1160.4 48.73
1161.6 48.73
1162.8 48.73
1164.0 48.73
1165.2 48.73
1166.4 48.73
1167.6 48.73
1168.8 48.73
1170.0 48.73
1171.2 48.73
1172.4 48.73
1173.6 48.72
1174.8 48.72
1176.0 48.72
1177.2 48.72
1178.4 48.72
1179.6 48.72
1180.8 48.72
1182.0 48.72
1183.2 48.72
1184.4 48.72
1185.6 48.72
1186.8 48.72
1188.0 48.72
1189.2 48.72
1190.4 48.72
1191.6 48.72
1192.8 48.72
1194.0 48.72
1195.2 48.72
1196.4 48.72
1197.6 48.72
1198.8 48.72
1200.0 48.73
1201.2 48.73
1202.4 48.73
1203.6 48.73
1204.8 48.68
1206.0 48.45
1207.2 48.09
1208.4 47.74
1209.6 47.41
1210.8 47.1
1212.0 46.8
1213.2 46.51
1214.4 46.24
1215.6 45.99
1216.8 45.74
1218.0 45.51
1219.2 45.3
1220.4 45.09
1221.6 44.9
1222.8 44.73
1224.0 44.57
1225.2 44.42
1226.4 44.29
1227.6 44.16
1228.8 44.05
1230.0 43.95
1231.2 43.85
1232.4 43.77
1233.6 43.69
1234.8 43.62
1236.0 43.56
1237.2 43.51
1238.4 43.46
1239.6 43.42
1240.8 43.38
1242.0 43.35
1243.2 43.33
1244.4 43.31
1245.6 43.29
1246.8 43.28
1248.0 43.27
1249.2 43.27
1250.4 43.27
1251.6 43.27
1252.8 43.28
1254.0 43.29
1255.2 43.3
1256.4 43.32
1257.6 43.33
1258.8 43.35
1260.0 43.38
1261.2 43.4
1262.4 43.43
1263.6 43.46
1264.8 43.49
1266.0 43.52
1267.2 43.55
1268.4 43.59
1269.6 43.63
1270.8 43.67
1272.0 43.71
1273.2 43.75
1274.4 43.79
1275.6 43.83
1276.8 43.88
1278.0 43.92
1279.2 43.97
1280.4 44.02
1281.6 44.07
1282.8 44.12
1284.0 44.17
1285.2 44.22
1286.4 44.27
1287.6 44.32
1288.8 44.37
1290.0 44.43
1291.2 44.48
1292.4 44.54
1293.6 44.59
1294.8 44.65
1296.0 44.7
1297.2 44.76
1298.4 44.82
1299.6 44.87
1300.8 44.93
1302.0 44.99
1303.2 45.04
1304.4 45.1
1305.6 45.16
1306.8 45.22
1308.0 45.28
1309.2 45.33
1310.4 45.39
1311.6 45.45
1312.8 45.51
1314.0 45.57
1315.2 45.63
1316.4 45.69
1317.6 45.75
1318.8 45.8
1320.0 45.86
1321.2 45.92
1322.4 45.98
1323.6 46.04
1324.8 46.1
1326.0 46.16
1327.2 46.22
1328.4 46.28
1329.6 46.34
1330.8 46.4
1332.0 46.46
1333.2 46.52
1334.4 46.58
1335.6 46.64
1336.8 46.7
1338.0 46.76
1339.2 46.82
1340.4 46.88
1341.6 46.94
1342.8 46.99
1344.0 47.05
1345.2 47.11
1346.4 47.17
1347.6 47.23
1348.8 47.28
1350.0 47.34
1351.2 47.4
1352.4 47.45
1353.6 47.51
1354.8 47.57
1356.0 47.62
1357.2 47.68
1358.4 47.73
1359.6 47.79
1360.8 47.84
1362.0 47.9
1363.2 47.95
1364.4 48.01
1365.6 48.06
1366.8 48.11
1368.0 48.17
1369.2 48.22
1370.4 48.27
1371.6 48.32
1372.8 48.37
1374.0 48.42
1375.2 48.47
1376.4 48.52
1377.6 48.57
1378.8 48.62
1380.0 48.67
1381.2 48.72
1382.4 48.77
1383.6 48.82
1384.8 48.87
1386.0 48.91
1387.2 48.96
1388.4 49.01
1389.6 49.05
1390.8 49.1
1392.0 49.14
1393.2 49.19
1394.4 49.23
1395.6 49.27
1396.8 49.32
1398.0 49.36
1399.2 49.4
1400.4 49.44
1401.6 49.49
1402.8 49.53
1404.0 49.57
1405.2 49.61
1406.4 49.65
1407.6 49.69
1408.8 49.72
1410.0 49.76
1411.2 49.8
1412.4 49.84
1413.6 49.87
1414.8 49.91
1416.0 49.95
1417.2 49.98
1418.4 50.02
1419.6 50.05
1420.8 50.08
1422.0 50.12
1423.2 50.15
1424.4 50.18
1425.6 50.21
1426.8 50.25
1428.0 50.28
1429.2 50.31
1430.4 50.34
1431.6 50.36
1432.8 50.39
1434.0 50.42
1435.2 50.45
1436.4 50.47
1437.6 50.5
1438.8 50.53
1440.0 50.55
1441.2 50.58
1442.4 50.6
1443.6 50.62
1444.8 50.65
1446.0 50.67
1447.2 50.69
1448.4 50.71
1449.6 50.73
1450.8 50.75
1452.0 50.77
1453.2 50.79
1454.4 50.81
1455.6 50.83
1456.8 50.84
1458.0 50.86
1459.2 50.88
1460.4 50.89
1461.6 50.91
1462.8 50.92
1464.0 50.94
1465.2 50.95
1466.4 50.96
1467.6 50.98
1468.8 50.99
1470.0 51.0
1471.2 51.01
1472.4 51.02
1473.6 51.03
1474.8 51.04
1476.0 51.06
1477.2 51.07
1478.4 51.09
1479.6 51.11
1480.8 51.14
1482.0 51.17
1483.2 51.19
1484.4 51.23
1485.6 51.26
1486.8 51.29
1488.0 51.32
1489.2 51.36
1490.4 51.39
1491.6 51.43
1492.8 51.46
1494.0 51.49
1495.2 51.53
1496.4 51.56
1497.6 51.59
1498.8 51.62
1500.0 51.65
1501.2 51.68
1502.4 51.71
1503.6 51.73
1504.8 51.76
1506.0 51.78
1507.2 51.8
1508.4 51.82
1509.6 51.85
1510.8 51.86
1512.0 51.88
1513.2 51.9
1514.4 51.91
1515.6 51.93
1516.8 51.94
1518.0 51.95
1519.2 51.96
1520.4 51.97
1521.6 51.98
1522.8 51.98
1524.0 51.99
1525.2 51.99
1526.4 52.0
1527.6 52.0
1528.8 52.0
1530.0 52.0
1531.2 51.99
1532.4 51.99
1533.6 51.99
1534.8 51.98
1536.0 51.97
1537.2 51.97
1538.4 51.96
1539.6 51.95
1540.8 51.94
1542.0 51.93
1543.2 51.92
1544.4 51.9
1545.6 51.89
1546.8 51.87
1548.0 51.86
1549.2 51.84
1550.4 51.83
1551.6 51.81
1552.8 51.79
1554.0 51.77
1555.2 51.75
1556.4 51.73
1557.6 51.71
1558.8 51.69
1560.0 51.67
1561.2 51.65
1562.4 51.63
1563.6 51.6
1564.8 51.57
1566.0 51.54
1567.2 51.5
1568.4 51.45
1569.6 51.4
1570.8 51.35
1572.0 51.3
1573.2 51.25
1574.4 51.2
1575.6 51.15
1576.8 51.11
1578.0 51.07
1579.2 51.03
1580.4 50.99
1581.6 50.95
1582.8 50.91
1584.0 50.88
1585.2 50.85
1586.4 50.81
1587.6 50.78
1588.8 50.75
1590.0 50.71
1591.2 50.67
1592.4 50.63
1593.6 50.59
1594.8 50.55
1596.0 50.52
1597.2 50.48
1598.4 50.45
1599.6 50.42
1600.8 50.39
1602.0 50.36
1603.2 50.34
1604.4 50.31
1605.6 50.28
1606.8 50.26
1608.0 50.24
1609.2 50.21
1610.4 50.19
1611.6 50.17
1612.8 50.15
1614.0 50.13
1615.2 50.11
1616.4 50.09
1617.6 50.07
1618.8 50.05
1620.0 50.03
1621.2 50.01
1622.4 49.99
1623.6 49.98
1624.8 49.96
1626.0 49.94
1627.2 49.92
1628.4 49.9
1629.6 49.89
1630.8 49.87
1632.0 49.85
1633.2 49.84
1634.4 49.82
1635.6 49.8
1636.8 49.79
1638.0 49.77
1639.2 49.75
1640.4 49.74
1641.6 49.72
1642.8 49.7
1644.0 49.69
1645.2 49.67
1646.4 49.66
1647.6 49.64
1648.8 49.63
1650.0 49.61
1651.2 49.59
1652.4 49.58
1653.6 49.56
1654.8 49.55
1656.0 49.53
1657.2 49.52
1658.4 49.5
1659.6 49.49
1660.8 49.47
1662.0 49.46
1663.2 49.44
1664.4 49.43
1665.6 49.41
1666.8 49.4
1668.0 49.39
1669.2 49.37
1670.4 49.36
1671.6 49.34
1672.8 49.33
1674.0 49.31
1675.2 49.3
1676.4 49.28
1677.6 49.27
1678.8 49.25
1680.0 49.24
1681.2 49.22
1682.4 49.21
1683.6 49.19
1684.8 49.18
1686.0 49.16
1687.2 49.15
1688.4 49.14
1689.6 49.12
1690.8 49.11
1692.0 49.09
1693.2 49.08
1694.4 49.07
1695.6 49.05
1696.8 49.04
1698.0 49.03
1699.2 49.01
1700.4 49.0
1701.6 48.99
1702.8 48.98
1704.0 48.96
1705.2 48.95
1706.4 48.94
1707.6 48.93
1708.8 48.92
1710.0 48.91
1711.2 48.9
1712.4 48.89
1713.6 48.88
1714.8 48.87
1716.0 48.86
1717.2 48.85
1718.4 48.84
1719.6 48.83
1720.8 48.82
1722.0 48.81
1723.2 48.8
1724.4 48.8
1725.6 48.79
1726.8 48.78
1728.0 48.77
1729.2 48.76
1730.4 48.76
1731.6 48.75
1732.8 48.74
1734.0 48.74
1735.2 48.73
1736.4 48.72
1737.6 48.72
1738.8 48.71
1740.0 48.7
1741.2 48.7
1742.4 48.69
1743.6 48.69
1744.8 48.68
1746.0 48.68
1747.2 48.67
1748.4 48.67
1749.6 48.66
1750.8 48.66
1752.0 48.65
1753.2 48.65
1754.4 48.65
1755.6 48.64
1756.8 48.64
1758.0 48.64
1759.2 48.63
1760.4 48.63
1761.6 48.62
1762.8 48.62
1764.0 48.62
1765.2 48.61
1766.4 48.61
1767.6 48.61
1768.8 48.6
1770.0 48.6
1771.2 48.6
1772.4 48.59
1773.6 48.59
1774.8 48.59
1776.0 48.59
1777.2 48.58
1778.4 48.58
1779.6 48.58
1780.8 48.58
1782.0 48.58
1783.2 48.57
1784.4 48.57
1785.6 48.57
1786.8 48.57
1788.0 48.57
1789.2 48.57
1790.4 48.57
1791.6 48.57
1792.8 48.57
1794.0 48.57
1795.2 48.57
1796.4 48.57
1797.6 48.57
1798.8 48.57
1800.0 48.57
1801.2 48.57
1802.4 48.57
1803.6 48.57
1804.8 48.57
1806.0 48.57
1807.2 48.57
1808.4 48.58
1809.6 48.58
1810.8 48.58
1812.0 48.58
1813.2 48.58
1814.4 48.58
1815.6 48.58
1816.8 48.59
1818.0 48.59
1819.2 48.59
1820.4 48.59
1821.6 48.59
1822.8 48.59
1824.0 48.59
1825.2 48.59
1826.4 48.59
1827.6 48.59
1828.8 48.59
1830.0 48.59
1831.2 48.59
1832.4 48.59
1833.6 48.59
1834.8 48.6
1836.0 48.6
1837.2 48.6
1838.4 48.6
1839.6 48.6
1840.8 48.6
1842.0 48.6
1843.2 48.6
1844.4 48.6
1845.6 48.6
1846.8 48.6
1848.0 48.6
1849.2 48.6
1850.4 48.6
1851.6 48.6
1852.8 48.61
1854.0 48.61
1855.2 48.61
1856.4 48.61
1857.6 48.61
1858.8 48.61
1860.0 48.61
1861.2 48.61
1862.4 48.61
1863.6 48.61
1864.8 48.61
1866.0 48.62
1867.2 48.62
1868.4 48.62
1869.6 48.62
1870.8 48.62
1872.0 48.62
1873.2 48.62
1874.4 48.62
1875.6 48.62
1876.8 48.62
1878.0 48.62
1879.2 48.62
1880.4 48.62
1881.6 48.62
1882.8 48.63
1884.0 48.63
1885.2 48.63
1886.4 48.63
1887.6 48.63
1888.8 48.63
1890.0 48.63
1891.2 48.63
1892.4 48.64
1893.6 48.64
1894.8 48.64
1896.0 48.64
1897.2 48.64
1898.4 48.64
1899.6 48.64
1900.8 48.65
1902.0 48.65
1903.2 48.65
1904.4 48.65
1905.6 48.65
1906.8 48.65
1908.0 48.65
1909.2 48.66
1910.4 48.66
1911.6 48.66
1912.8 48.66
1914.0 48.66
1915.2 48.66
1916.4 48.66
1917.6 48.66
1918.8 48.66
1920.0 48.67
1921.2 48.67
1922.4 48.67
1923.6 48.67
1924.8 48.67
1926.0 48.67
1927.2 48.67
1928.4 48.67
1929.6 48.67
1930.8 48.67
1932.0 48.67
1933.2 48.68
1934.4 48.68
1935.6 48.68
1936.8 48.68
1938.0 48.68
1939.2 48.68
1940.4 48.68
1941.6 48.68
1942.8 48.68
1944.0 48.68
1945.2 48.69
1946.4 48.69
1947.6 48.69
1948.8 48.69
1950.0 48.69
1951.2 48.69
1952.4 48.7
1953.6 48.7
1954.8 48.7
1956.0 48.7
1957.2 48.7
1958.4 48.7
1959.6 48.7
1960.8 48.71
1962.0 48.71
1963.2 48.71
1964.4 48.71
1965.6 48.71
1966.8 48.71
1968.0 48.72
1969.2 48.72
1970.4 48.72
1971.6 48.72
1972.8 48.72
1974.0 48.72
1975.2 48.72
1976.4 48.73
1977.6 48.73
1978.8 48.73
1980.0 48.73
1981.2 48.73
1982.4 48.73
1983.6 48.73
1984.8 48.73
1986.0 48.73
1987.2 48.73
1988.4 48.73
1989.6 48.74
1990.8 48.74
1992.0 48.74
1993.2 48.74
1994.4 48.74
1995.6 48.74
1996.8 48.74
1998.0 48.74
1999.2 48.74
2000.4 48.74
2001.6 48.74
2002.8 48.74
2004.0 48.74
2005.2 48.74
2006.4 48.74
2007.6 48.74
2008.8 48.74
2010.0 48.74
2011.2 48.74
2012.4 48.74
2013.6 48.74
2014.8 48.74
2016.0 48.74
2017.2 48.74
2018.4 48.74
2019.6 48.74
2020.8 48.74
2022.0 48.74
2023.2 48.74
2024.4 48.73
2025.6 48.73
2026.8 48.73
2028.0 48.73
2029.2 48.73
2030.4 48.73
2031.6 48.73
2032.8 48.73
2034.0 48.73
2035.2 48.73
2036.4 48.73
2037.6 48.73
2038.8 48.73
2040.0 48.73
2041.2 48.73
2042.4 48.72
2043.6 48.72
2044.8 48.72
2046.0 48.72
2047.2 48.72
2048.4 48.72
2049.6 48.72
2050.8 48.72
2052.0 48.72
2053.2 48.72
2054.4 48.72
2055.6 48.72
2056.8 48.72
2058.0 48.71
2059.2 48.71
2060.4 48.71
2061.6 48.71
2062.8 48.71
2064.0 48.71
2065.2 48.71
2066.4 48.71
2067.6 48.71
2068.8 48.7
2070.0 48.7
2071.2 48.7
2072.4 48.7
2073.6 48.7
2074.8 48.69
2076.0 48.69
2077.2 48.69
2078.4 48.69
2079.6 48.69
2080.8 48.68
2082.0 48.68
2083.2 48.68
2084.4 48.67
2085.6 48.67
2086.8 48.67
2088.0 48.67
2089.2 48.66
2090.4 48.66
2091.6 48.66
2092.8 48.66
2094.0 48.66
2095.2 48.65
2096.4 48.65
2097.6 48.65
2098.8 48.65
2100.0 48.65
2101.2 48.65
2102.4 48.64
2103.6 48.64
2104.8 48.64
2106.0 48.64
2107.2 48.64
2108.4 48.64
2109.6 48.64
2110.8 48.64
2112.0 48.63
2113.2 48.63
2114.4 48.63
2115.6 48.63
2116.8 48.63
2118.0 48.63
2119.2 48.63
2120.4 48.63
2121.6 48.62
2122.8 48.62
2124.0 48.62
2125.2 48.62
2126.4 48.62
2127.6 48.62
2128.8 48.62
2130.0 48.62
2131.2 48.61
2132.4 48.61
2133.6 48.61
2134.8 48.61
2136.0 48.61
2137.2 48.61
2138.4 48.61
2139.6 48.61
2140.8 48.61
2142.0 48.6
2143.2 48.6
2144.4 48.6
2145.6 48.6
2146.8 48.6
2148.0 48.6
2149.2 48.6
2150.4 48.59
2151.6 48.59
2152.8 48.59
2154.0 48.59
2155.2 48.59
2156.4 48.59
2157.6 48.59
2158.8 48.59
2160.0 48.59
2161.2 48.58
2162.4 48.58
2163.6 48.58
2164.8 48.58
2166.0 48.58
2167.2 48.58
2168.4 48.58
2169.6 48.58
2170.8 48.58
2172.0 48.58
2173.2 48.58
2174.4 48.58
2175.6 48.58
2176.8 48.58
2178.0 48.58
2179.2 48.58
2180.4 48.58
2181.6 48.58
2182.8 48.58
2184.0 48.58
2185.2 48.58
2186.4 48.58
2187.6 48.58
2188.8 48.58
2190.0 48.58
2191.2 48.59
2192.4 48.59
2193.6 48.59
2194.8 48.59
2196.0 48.59
2197.2 48.59
2198.4 48.59
2199.6 48.6
2200.8 48.6
2202.0 48.6
2203.2 48.6
2204.4 48.6
2205.6 48.6
2206.8 48.6
2208.0 48.6
2209.2 48.6
2210.4 48.61
2211.6 48.61
2212.8 48.61
2214.0 48.61
2215.2 48.61
2216.4 48.61
2217.6 48.61
2218.8 48.61
2220.0 48.61
2221.2 48.61
2222.4 48.61
2223.6 48.61
2224.8 48.61
2226.0 48.61
2227.2 48.62
2228.4 48.62
2229.6 48.62
2230.8 48.62
2232.0 48.62
2233.2 48.62
2234.4 48.62
2235.6 48.62
2236.8 48.62
2238.0 48.62
2239.2 48.63
2240.4 48.63
2241.6 48.63
2242.8 48.63
2244.0 48.63
2245.2 48.63
2246.4 48.63
2247.6 48.64
2248.8 48.64
2250.0 48.64
2251.2 48.64
2252.4 48.64
2253.6 48.65
2254.8 48.65
2256.0 48.65
2257.2 48.65
2258.4 48.65
2259.6 48.66
2260.8 48.66
2262.0 48.66
2263.2 48.66
2264.4 48.66
2265.6 48.67
2266.8 48.67
2268.0 48.67
2269.2 48.67
2270.4 48.67
2271.6 48.68
2272.8 48.68
2274.0 48.68
2275.2 48.68
2276.4 48.69
2277.6 48.69
2278.8 48.69
2280.0 48.69
2281.2 48.69
2282.4 48.69
2283.6 48.7
2284.8 48.7
2286.0 48.7
2287.2 48.7
2288.4 48.7
2289.6 48.7
2290.8 48.71
2292.0 48.71
2293.2 48.71
2294.4 48.71
2295.6 48.71
2296.8 48.71
2298.0 48.71
2299.2 48.72
2300.4 48.72
2301.6 48.72
2302.8 48.72
2304.0 48.72
2305.2 48.72
2306.4 48.72
2307.6 48.72
2308.8 48.72
2310.0 48.72
2311.2 48.73
2312.4 48.73
2313.6 48.73
2314.8 48.73
2316.0 48.73
2317.2 48.73
2318.4 48.73
2319.6 48.73
2320.8 48.73
2322.0 48.73
2323.2 48.73
2324.4 48.74
2325.6 48.74
2326.8 48.74
2328.0 48.74
2329.2 48.74
2330.4 48.74
2331.6 48.74
2332.8 48.75
2334.0 48.75
2335.2 48.75
2336.4 48.75
2337.6 48.75
2338.8 48.75
2340.0 48.75
2341.2 48.76
2342.4 48.76
2343.6 48.76
2344.8 48.76
2346.0 48.76
2347.2 48.76
2348.4 48.76
2349.6 48.76
2350.8 48.76
2352.0 48.76
2353.2 48.77
2354.4 48.77
2355.6 48.77
2356.8 48.77
2358.0 48.77
2359.2 48.77
2360.4 48.77
2361.6 48.77
2362.8 48.77
2364.0 48.77
2365.2 48.77
2366.4 48.77
2367.6 48.77
2368.8 48.77
2370.0 48.77
2371.2 48.77
2372.4 48.78
2373.6 48.78
2374.8 48.78
2376.0 48.78
2377.2 48.78
2378.4 48.78
2379.6 48.78
2380.8 48.78
2382.0 48.77
2383.2 48.77
2384.4 48.77
2385.6 48.77
2386.8 48.77
2388.0 48.77
2389.2 48.77
2390.4 48.77
2391.6 48.77
2392.8 48.77
2394.0 48.77
2395.2 48.77
2396.4 48.77
2397.6 48.77
2398.8 48.77
2400.0 48.77
2401.2 48.77
2402.4 48.77
2403.6 48.77
2404.8 48.77
2406.0 48.77
2407.2 48.77
2408.4 48.77
2409.6 48.77
2410.8 48.77
2412.0 48.77
2413.2 48.77
2414.4 48.77
2415.6 48.77
2416.8 48.77
2418.0 48.77
2419.2 48.77
2420.4 48.77
2421.6 48.77
2422.8 48.77
2424.0 48.77
2425.2 48.77
2426.4 48.77
2427.6 48.76
2428.8 48.76
2430.0 48.76
2431.2 48.76
2432.4 48.76
2433.6 48.76
2434.8 48.76
2436.0 48.76
2437.2 48.76
2438.4 48.76
2439.6 48.76
2440.8 48.76
2442.0 48.76
2443.2 48.75
2444.4 48.75
2445.6 48.75
2446.8 48.75
2448.0 48.75
2449.2 48.75
2450.4 48.75
2451.6 48.75
2452.8 48.75
2454.0 48.75
2455.2 48.75
2456.4 48.75
2457.6 48.75
2458.8 48.75
2460.0 48.74
2461.2 48.74
2462.4 48.74
2463.6 48.74
2464.8 48.74
2466.0 48.74
2467.2 48.74
2468.4 48.74
2469.6 48.74
2470.8 48.74
2472.0 48.74
2473.2 48.73
2474.4 48.73
2475.6 48.73
2476.8 48.73
2478.0 48.73
2479.2 48.73
2480.4 48.73
2481.6 48.73
2482.8 48.73
2484.0 48.73
2485.2 48.73
2486.4 48.73
2487.6 48.73
2488.8 48.73
2490.0 48.73
2491.2 48.73
2492.4 48.73
2493.6 48.73
2494.8 48.73
2496.0 48.73
2497.2 48.73
2498.4 48.73
2499.6 48.73
2500.8 48.73
2502.0 48.73
2503.2 48.73
2504.4 48.73
2505.6 48.73
2506.8 48.73
2508.0 48.72
2509.2 48.72
2510.4 48.72
2511.6 48.72
2512.8 48.72
2514.0 48.72
2515.2 48.72
2516.4 48.72
2517.6 48.72
2518.8 48.72
2520.0 48.72
2521.2 48.72
2522.4 48.72
2523.6 48.72
2524.8 48.72
2526.0 48.72
2527.2 48.73
2528.4 48.73
2529.6 48.73
2530.8 48.73
2532.0 48.73
2533.2 48.73
2534.4 48.73
2535.6 48.73
2536.8 48.73
2538.0 48.73
2539.2 48.73
2540.4 48.74
2541.6 48.74
2542.8 48.74
2544.0 48.74
2545.2 48.74
2546.4 48.74
2547.6 48.74
2548.8 48.74
2550.0 48.74
2551.2 48.75
2552.4 48.75
2553.6 48.75
2554.8 48.75
2556.0 48.75
2557.2 48.75
2558.4 48.75
2559.6 48.75
2560.8 48.76
2562.0 48.76
2563.2 48.76
2564.4 48.76
2565.6 48.76
2566.8 48.76
2568.0 48.76
2569.2 48.76
2570.4 48.77
2571.6 48.77
2572.8 48.77
2574.0 48.77
2575.2 48.77
2576.4 48.77
2577.6 48.77
2578.8 48.77
2580.0 48.77
2581.2 48.78
2582.4 48.78
2583.6 48.78
2584.8 48.78
2586.0 48.78
2587.2 48.78
2588.4 48.78
2589.6 48.78
2590.8 48.78
2592.0 48.78
2593.2 48.78
2594.4 48.78
2595.6 48.78
2596.8 48.78
2598.0 48.78
2599.2 48.78
2600.4 48.77
2601.6 48.77
2602.8 48.77
2604.0 48.77
2605.2 48.77
2606.4 48.77
2607.6 48.77
2608.8 48.77
2610.0 48.77
2611.2 48.76
2612.4 48.76
2613.6 48.76
2614.8 48.76
2616.0 48.76
2617.2 48.76
2618.4 48.76
2619.6 48.76
2620.8 48.76
2622.0 48.76
2623.2 48.76
2624.4 48.76
2625.6 48.76
2626.8 48.76
2628.0 48.76
2629.2 48.76
2630.4 48.76
2631.6 48.75
2632.8 48.75
2634.0 48.75
2635.2 48.75
2636.4 48.75
2637.6 48.75
2638.8 48.75
2640.0 48.75
2641.2 48.75
2642.4 48.75
2643.6 48.75
2644.8 48.75
2646.0 48.75
2647.2 48.75
2648.4 48.75
2649.6 48.74
2650.8 48.74
2652.0 48.74
2653.2 48.74
2654.4 48.74
2655.6 48.74
2656.8 48.74
2658.0 48.74
2659.2 48.74
2660.4 48.74
2661.6 48.74
2662.8 48.74
2664.0 48.74
2665.2 48.74
2666.4 48.74
2667.6 48.74
2668.8 48.74
2670.0 48.73
2671.2 48.73
2672.4 48.73
2673.6 48.73
2674.8 48.73
2676.0 48.73
2677.2 48.73
2678.4 48.73
2679.6 48.73
2680.8 48.73
2682.0 48.73
2683.2 48.72
2684.4 48.72
2685.6 48.72
2686.8 48.72
2688.0 48.72
2689.2 48.72
2690.4 48.72
2691.6 48.72
2692.8 48.72
2694.0 48.72
2695.2 48.72
2696.4 48.72
2697.6 48.72
2698.8 48.72
2700.0 48.72
2701.2 48.72
2702.4 48.72
2703.6 48.72
2704.8 48.72
2706.0 48.72
2707.2 48.72
2708.4 48.72
2709.6 48.73
2710.8 48.73
2712.0 48.73
2713.2 48.73
2714.4 48.73
2715.6 48.73
2716.8 48.73
2718.0 48.73
2719.2 48.73
2720.4 48.73
2721.6 48.73
2722.8 48.73
2724.0 48.73
2725.2 48.73
2726.4 48.73
2727.6 48.73
2728.8 48.73
2730.0 48.73
2731.2 48.73
2732.4 48.73
2733.6 48.73
2734.8 48.73
2736.0 48.73
2737.2 48.73
2738.4 48.73
2739.6 48.73
2740.8 48.73
2742.0 48.73
2743.2 48.73
2744.4 48.73
2745.6 48.73
2746.8 48.73
2748.0 48.73
2749.2 48.73
2750.4 48.73
2751.6 48.72
2752.8 48.72
2754.0 48.72
2755.2 48.72
2756.4 48.72
2757.6 48.72
2758.8 48.72
2760.0 48.71
2761.2 48.71
2762.4 48.71
2763.6 48.71
2764.8 48.71
2766.0 48.7
2767.2 48.7
2768.4 48.7
2769.6 48.7
2770.8 48.7
2772.0 48.69
2773.2 48.69
2774.4 48.69
2775.6 48.69
2776.8 48.69
2778.0 48.68
2779.2 48.68
2780.4 48.68
2781.6 48.68
2782.8 48.68
2784.0 48.68
2785.2 48.67
2786.4 48.67
2787.6 48.67
2788.8 48.67
2790.0 48.67
2791.2 48.67
2792.4 48.67
2793.6 48.66
2794.8 48.66
2796.0 48.66
2797.2 48.66
2798.4 48.66
2799.6 48.66
2800.8 48.66
2802.0 48.66
2803.2 48.65
2804.4 48.65
2805.6 48.65
2806.8 48.65
2808.0 48.65
2809.2 48.65
2810.4 48.65
2811.6 48.65
2812.8 48.64
2814.0 48.64
2815.2 48.64
2816.4 48.64
2817.6 48.64
2818.8 48.64
2820.0 48.64
2821.2 48.64
2822.4 48.64
2823.6 48.64
2824.8 48.64
2826.0 48.63
2827.2 48.63
2828.4 48.63
2829.6 48.63
2830.8 48.63
2832.0 48.63
2833.2 48.63
2834.4 48.63
2835.6 48.63
2836.8 48.63
2838.0 48.63
2839.2 48.63
2840.4 48.63
2841.6 48.63
2842.8 48.63
2844.0 48.63
2845.2 48.63
2846.4 48.63
2847.6 48.63
2848.8 48.63
2850.0 48.63
2851.2 48.63
2852.4 48.63
2853.6 48.63
2854.8 48.63
2856.0 48.63
2857.2 48.63
2858.4 48.63
2859.6 48.63
2860.8 48.64
2862.0 48.64
2863.2 48.64
2864.4 48.64
2865.6 48.64
2866.8 48.64
2868.0 48.64
2869.2 48.64
2870.4 48.64
2871.6 48.64
2872.8 48.64
2874.0 48.64
2875.2 48.64
2876.4 48.64
2877.6 48.64
2878.8 48.64
2880.0 48.64
2881.2 48.64
2882.4 48.64
2883.6 48.64
2884.8 48.64
2886.0 48.64
2887.2 48.64
2888.4 48.64
2889.6 48.64
2890.8 48.64
2892.0 48.64
2893.2 48.64
2894.4 48.64
2895.6 48.64
2896.8 48.64
2898.0 48.64
2899.2 48.64
2900.4 48.64
2901.6 48.64
2902.8 48.64
2904.0 48.64
2905.2 48.64
2906.4 48.64
2907.6 48.64
2908.8 48.64
2910.0 48.64
2911.2 48.64
2912.4 48.64
2913.6 48.64
2914.8 48.64
2916.0 48.64
2917.2 48.64
2918.4 48.64
2919.6 48.64
2920.8 48.64
2922.0 48.64
2923.2 48.64
2924.4 48.64
2925.6 48.64
2926.8 48.64
2928.0 48.64
2929.2 48.64
2930.4 48.64
2931.6 48.64
2932.8 48.64
2934.0 48.64
2935.2 48.64
2936.4 48.64
2937.6 48.64
2938.8 48.64
2940.0 48.64
2941.2 48.64
2942.4 48.64
2943.6 48.64
2944.8 48.64
2946.0 48.64
2947.2 48.64
2948.4 48.64
2949.6 48.64
2950.8 48.64
2952.0 48.64
2953.2 48.64
2954.4 48.64
2955.6 48.64
2956.8 48.64
2958.0 48.64
2959.2 48.63
2960.4 48.63
2961.6 48.63
2962.8 48.63
2964.0 48.63
2965.2 48.63
2966.4 48.63
2967.6 48.63
2968.8 48.63
2970.0 48.63
2971.2 48.63
2972.4 48.63
2973.6 48.63
2974.8 48.63
2976.0 48.63
2977.2 48.63
2978.4 48.63
2979.6 48.63
2980.8 48.63
2982.0 48.63
2983.2 48.63
2984.4 48.63
2985.6 48.64
2986.8 48.64
2988.0 48.64
2989.2 48.64
2990.4 48.64
2991.6 48.64
2992.8 48.64
2994.0 48.64
2995.2 48.64
2996.4 48.64
2997.6 48.65
2998.8 48.65
3000.0 48.65
3001.2 48.65
3002.4 48.65
3003.6 48.65
3004.8 48.65
3006.0 48.65
3007.2 48.65
3008.4 48.65
3009.6 48.66
3010.8 48.66
3012.0 48.66
3013.2 48.66
3014.4 48.66
3015.6 48.66
3016.8 48.66
3018.0 48.66
3019.2 48.66
3020.4 48.66
3021.6 48.66
3022.8 48.66
3024.0 48.67
3025.2 48.67
3026.4 48.67
3027.6 48.67
3028.8 48.67
3030.0 48.67
3031.2 48.67
3032.4 48.67
3033.6 48.67
3034.8 48.67
3036.0 48.67
3037.2 48.67
3038.4 48.67
3039.6 48.67
3040.8 48.68
3042.0 48.68
3043.2 48.68
3044.4 48.68
3045.6 48.68
3046.8 48.68
3048.0 48.68
3049.2 48.68
3050.4 48.68
3051.6 48.68
3052.8 48.68
3054.0 48.69
3055.2 48.69
3056.4 48.69
3057.6 48.69
3058.8 48.69
3060.0 48.69
3061.2 48.69
3062.4 48.69
3063.6 48.7
3064.8 48.7
3066.0 48.7
3067.2 48.7
3068.4 48.7
3069.6 48.7
3070.8 48.7
3072.0 48.71
3073.2 48.71
3074.4 48.71
3075.6 48.71
3076.8 48.71
3078.0 48.71
3079.2 48.72
3080.4 48.72
3081.6 48.72
3082.8 48.72
3084.0 48.72
3085.2 48.72
3086.4 48.72
3087.6 48.73
3088.8 48.73
3090.0 48.73
3091.2 48.73
3092.4 48.73
3093.6 48.73
3094.8 48.73
3096.0 48.73
3097.2 48.73
3098.4 48.73
3099.6 48.74
