0.0 3
1.2 3
2.4 3
3.6 2
4.8 2
6.0 2
7.2 2
8.4 2
9.6 2
10.8 2
12.0 2
13.2 2
14.4 2
15.6 2
16.8 2
18.0 2
19.2 2
20.4 2
21.6 2
22.8 2
24.0 2
25.2 2
26.4 2
27.6 2
28.8 2
30.0 2
31.2 2
32.4 2
33.6 2
34.8 2
36.0 2
37.2 2
38.4 2
39.6 2
40.8 2
42.0 2
43.2 2
44.4 2
45.6 1
46.8 1
48.0 1
49.2 1
50.4 1
51.6 1
52.8 1
54.0 2
55.2 2
56.4 2
57.6 2
58.8 2
60.0 2
61.2 2
62.4 2
63.6 2
64.8 2
66.0 2
67.2 2
68.4 2
69.6 2
70.8 2
72.0 2
73.2 2
74.4 2
75.6 2
76.8 2
78.0 2
79.2 2
80.4 2
81.6 2
82.8 2
84.0 2
85.2 2
86.4 2
87.6 2
88.8 2
90.0 2
91.2 2
92.4 2
93.6 2
94.8 2
96.0 2
97.2 2
98.4 2
99.6 2
100.8 2
102.0 2
103.2 2
104.4 2
105.6 2
106.8 2
108.0 2
109.2 2
110.4 2
111.6 2
112.8 2
114.0 2
115.2 2
116.4 2
117.6 2
118.8 2
120.0 2
121.2 2
122.4 2
123.6 2
124.8 2
126.0 2
127.2 2
128.4 2
129.6 2
130.8 2
132.0 2
133.2 2
134.4 2
135.6 2
136.8 2
138.0 2
139.2 2
140.4 2
141.6 2
142.8 2
144.0 2
145.2 2
146.4 2
147.6 2
148.8 2
150.0 2
151.2 2
152.4 2
153.6 2
154.8 2
156.0 2
157.2 2
158.4 2
159.6 2
160.8 2
162.0 2
163.2 2
164.4 2
165.6 2
166.8 2
168.0 2
169.2 2
170.4 2
171.6 2
172.8 2
174.0 2
175.2 2
176.4 2
177.6 2
178.8 2
180.0 2
181.2 2
182.4 2
183.6 2
184.8 2
186.0 2
187.2 2
188.4 2
189.6 2
190.8 2
192.0 2
193.2 2
194.4 2
195.6 2
196.8 2
198.0 2
199.2 2
200.4 2
201.6 2
202.8 2
204.0 2
205.2 2
206.4 2
207.6 2
208.8 2
210.0 2
211.2 2
212.4 2
213.6 2
214.8 2
216.0 2
217.2 2
218.4 2
219.6 2
220.8 2
222.0 2
223.2 2
224.4 2
225.6 2
226.8 2
228.0 2
229.2 2
230.4 2
231.6 2
232.8 2
234.0 2
235.2 2
236.4 2
237.6 2
238.8 2
240.0 2
241.2 2
242.4 2
243.6 2
244.8 2
246.0 2
247.2 2
248.4 2
249.6 2
250.8 2
252.0 2
253.2 2
254.4 2
255.6 2
256.8 2
258.0 2
259.2 2
260.4 2
261.6 2
262.8 2
264.0 2
265.2 2
266.4 2
267.6 2
268.8 2
270.0 2
271.2 2
272.4 2
273.6 2
274.8 2
276.0 2
277.2 2
278.4 2
279.6 2
280.8 2
282.0 2
283.2 2
284.4 2
285.6 2
286.8 2
288.0 2
289.2 2
290.4 2
291.6 2
292.8 2
294.0 2
295.2 2
296.4 2
297.6 2
298.8 2
300.0 2
301.2 2
302.4 2
303.6 2
304.8 2
306.0 2
307.2 2
308.4 2
309.6 2
310.8 2
312.0 2
313.2 2
314.4 2
315.6 2
316.8 2
318.0 2
319.2 2
320.4 2
321.6 2
322.8 2
324.0 2
325.2 2
326.4 2
327.6 2
328.8 2
330.0 2
331.2 2
332.4 2
333.6 2
334.8 2
336.0 2
337.2 2
338.4 2
339.6 2
340.8 2
342.0 2
343.2 2
344.4 2
345.6 2
346.8 2
348.0 2
349.2 2
350.4 2
351.6 2
352.8 2
354.0 2
355.2 2
356.4 2
357.6 2
358.8 2
360.0 2
361.2 2
362.4 2
363.6 2
364.8 2
366.0 2
367.2 2
368.4 2
369.6 2
370.8 2
372.0 2
373.2 2
374.4 2
375.6 2
376.8 2
378.0 2
379.2 2
380.4 2
381.6 2
382.8 2
384.0 2
385.2 2
386.4 2
387.6 2
388.8 2
390.0 2
391.2 2
392.4 2
393.6 2
394.8 2
396.0 2
397.2 2
398.4 2
399.6 2
400.8 2
402.0 2
403.2 2
404.4 2
405.6 2
406.8 2
408.0 2
409.2 2
410.4 2
411.6 2
412.8 2
414.0 2
415.2 2
416.4 2
417.6 2
418.8 2
420.0 2
421.2 2
422.4 2
423.6 2
424.8 2
426.0 2
427.2 2
428.4 2
429.6 2
430.8 2
432.0 2
433.2 2
434.4 2
435.6 2
436.8 2
438.0 2
439.2 2
440.4 2
441.6 2
442.8 2
444.0 2
445.2 2
446.4 2
447.6 2
448.8 2
450.0 2
451.2 2
452.4 2
453.6 2
454.8 2
456.0 2
457.2 2
458.4 2
459.6 2
460.8 2
462.0 2
463.2 2
464.4 2
465.6 2
466.8 2
468.0 2
469.2 2
470.4 2
471.6 2
472.8 2
474.0 2
475.2 2
476.4 2
477.6 2
478.8 2
480.0 2
481.2 2
482.4 2
483.6 2
484.8 2
486.0 2
487.2 2
488.4 2
489.6 2
490.8 2
492.0 2
493.2 2
494.4 2
495.6 2
496.8 2
498.0 2
499.2 2
500.4 2
501.6 2
502.8 2
504.0 2
505.2 2
506.4 2
507.6 2
508.8 2
510.0 2
511.2 2
512.4 2
513.6 2
514.8 2
516.0 2
517.2 2
518.4 2
519.6 2
520.8 2
522.0 2
523.2 2
524.4 2
525.6 2
526.8 2
528.0 2
529.2 2
530.4 2
531.6 2
532.8 2
534.0 2
535.2 2
536.4 2
537.6 2
538.8 2
540.0 2
541.2 2
542.4 2
543.6 2
544.8 2
546.0 2
547.2 2
548.4 2
549.6 2
550.8 2
552.0 2
553.2 2
554.4 2
555.6 2
556.8 2
558.0 2
559.2 2
560.4 2
561.6 2
562.8 2
564.0 2
565.2 2
566.4 2
567.6 2
568.8 2
570.0 2
571.2 2
572.4 2
573.6 2
574.8 2
576.0 2
577.2 2
578.4 2
579.6 2
580.8 2
582.0 2
583.2 2
584.4 2
585.6 2
586.8 2
588.0 2
589.2 2
590.4 2
591.6 2
592.8 2
594.0 2
595.2 2
596.4 2
597.6 2
598.8 2
600.0 2
601.2 2
602.4 2
603.6 2
604.8 2
606.0 2
607.2 2
608.4 2
609.6 2
610.8 2
612.0 2
613.2 2
614.4 2
615.6 2
616.8 2
618.0 2
619.2 2
620.4 2
621.6 2
622.8 2
624.0 2
625.2 2
626.4 2
627.6 2
628.8 2
630.0 2
631.2 2
632.4 2
633.6 2
634.8 2
636.0 2
637.2 2
638.4 2
639.6 2
640.8 2
642.0 2
643.2 2
644.4 2
645.6 2
646.8 2
648.0 2
649.2 2
650.4 2
651.6 2
652.8 2
654.0 2
655.2 2
656.4 2
657.6 2
658.8 2
660.0 2
661.2 2
662.4 2
663.6 2
664.8 2
666.0 2
667.2 2
668.4 2
669.6 2
670.8 2
672.0 2
673.2 2
674.4 2
675.6 2
676.8 2
678.0 2
679.2 2
680.4 2
681.6 2
682.8 2
684.0 2
685.2 2
686.4 2
687.6 2
688.8 2
690.0 2
691.2 2
692.4 2
693.6 2
694.8 2
696.0 2
697.2 2
698.4 2
699.6 2
700.8 2
702.0 2
703.2 2
704.4 2
705.6 2
706.8 2
708.0 2
709.2 2
710.4 2
711.6 2
712.8 2
714.0 2
715.2 2
716.4 2
717.6 2
718.8 2
720.0 2
721.2 2
722.4 2
723.6 2
724.8 2
726.0 2
727.2 2
728.4 2
729.6 2
730.8 2
732.0 2
733.2 2
734.4 2
735.6 2
736.8 2
738.0 2
739.2 2
740.4 2
741.6 2
742.8 2
744.0 2
745.2 2
746.4 2
747.6 2
748.8 2
750.0 2
751.2 2
752.4 2
753.6 2
754.8 2
756.0 2
757.2 2
758.4 2
759.6 2
760.8 2
762.0 2
763.2 2
764.4 2
765.6 2
766.8 2
768.0 2
769.2 2
770.4 2
771.6 2
772.8 2
774.0 2
775.2 2
776.4 2
777.6 2
778.8 2
780.0 2
781.2 2
782.4 2
783.6 2
784.8 2
786.0 2
787.2 2
788.4 2
789.6 2
790.8 2
792.0 2
793.2 2
794.4 2
795.6 2
796.8 2
798.0 2
799.2 2
800.4 2
801.6 2
802.8 2
804.0 2
805.2 2
806.4 2
807.6 2
808.8 2
810.0 2
811.2 2
812.4 2
813.6 2
814.8 2
816.0 2
817.2 2
818.4 2
819.6 2
820.8 2
822.0 2
823.2 2
824.4 2
825.6 2
826.8 2
828.0 2
829.2 2
830.4 2
831.6 2
832.8 2
834.0 2
835.2 2
836.4 2
837.6 2
838.8 2
840.0 2
841.2 2
842.4 2
843.6 2
844.8 2
846.0 2
847.2 2
848.4 2
849.6 2
850.8 2
852.0 2
853.2 2
854.4 2
855.6 2
856.8 2
858.0 2
859.2 2
860.4 2
861.6 2
862.8 2
864.0 2
865.2 2
866.4 2
867.6 2
868.8 2
870.0 2
871.2 2
872.4 2
873.6 2
874.8 2
876.0 2
877.2 2
878.4 2
879.6 2
880.8 2
882.0 2
883.2 2
884.4 2
885.6 2
886.8 2
888.0 2
889.2 2
890.4 2
891.6 2
892.8 2
894.0 2
895.2 2
896.4 2
897.6 2
898.8 2
900.0 2
901.2 2
902.4 2
903.6 2
904.8 2
906.0 2
907.2 2
908.4 2
909.6 2
910.8 2
912.0 2
913.2 2
914.4 2
915.6 2
916.8 2
918.0 2
919.2 2
920.4 2
921.6 2
922.8 2
924.0 2
925.2 2
926.4 2
927.6 2
928.8 2
930.0 2
931.2 2
932.4 2
933.6 2
934.8 2
936.0 2
937.2 2
938.4 2
939.6 2
940.8 2
942.0 2
943.2 2
944.4 2
945.6 2
946.8 2
948.0 2
949.2 2
950.4 2
951.6 2
952.8 2
954.0 2
955.2 2
956.4 2
957.6 2
958.8 2
960.0 2
961.2 2
962.4 2
963.6 2
964.8 2
966.0 2
967.2 2
968.4 2
969.6 2
970.8 2
972.0 2
973.2 2
974.4 2
975.6 2
976.8 2
978.0 2
979.2 2
980.4 2
981.6 2
982.8 2
984.0 2
985.2 2
986.4 2
987.6 2
988.8 2
990.0 2
991.2 2
992.4 2
993.6 2
994.8 2
996.0 2
997.2 2
998.4 2
999.6 2
1000.8 2
1002.0 2
1003.2 2
1004.4 2
1005.6 2
1006.8 2
1008.0 2
1009.2 2
1010.4 2
1011.6 2
1012.8 2
1014.0 2
1015.2 2
1016.4 2
1017.6 2
1018.8 2
1020.0 2
1021.2 2
1022.4 2
1023.6 2
1024.8 2
1026.0 2
1027.2 2
1028.4 2
1029.6 2
1030.8 2
1032.0 2
1033.2 2
1034.4 2
1035.6 2
1036.8 2
1038.0 2
1039.2 2
1040.4 2
1041.6 2
1042.8 2
1044.0 2
1045.2 2
1046.4 2
1047.6 2
1048.8 2
1050.0 2
1051.2 2
1052.4 2
1053.6 2
1054.8 2
1056.0 2
1057.2 2
1058.4 2
1059.6 2
1060.8 2
1062.0 2
1063.2 2
1064.4 2
1065.6 2
1066.8 2
1068.0 2
1069.2 2
1070.4 2
1071.6 2
1072.8 2
1074.0 2
1075.2 2
1076.4 2
1077.6 2
1078.8 2
1080.0 2
1081.2 2
1082.4 2
1083.6 2
1084.8 2
1086.0 2
1087.2 2
1088.4 2
1089.6 2
1090.8 2
1092.0 2
1093.2 2
1094.4 2
1095.6 2
1096.8 2
1098.0 2
1099.2 2
1100.4 2
1101.6 2
1102.8 2
1104.0 2
1105.2 2
1106.4 2
1107.6 2
1108.8 2
1110.0 2
1111.2 2
1112.4 2
1113.6 2
1114.8 2
1116.0 2
1117.2 2
1118.4 2
1119.6 2
1120.8 2
1122.0 2
1123.2 2
1124.4 2
1125.6 2
1126.8 2
1128.0 2
1129.2 2
1130.4 2
1131.6 2
1132.8 2
1134.0 2
1135.2 2
1136.4 2
1137.6 2
1138.8 2
1140.0 2
1141.2 2
1142.4 2
1143.6 2
1144.8 2
1146.0 2
1147.2 2
1148.4 2
1149.6 2
1150.8 2
1152.0 2
1153.2 2
1154.4 2
1155.6 2
1156.8 2
1158.0 2
1159.2 2
1160.4 2
1161.6 2
1162.8 2
1164.0 2
1165.2 2
1166.4 2
1167.6 2
1168.8 2
1170.0 2
1171.2 2
1172.4 2
1173.6 2
1174.8 2
1176.0 2
1177.2 2
1178.4 2
1179.6 2
1180.8 2
1182.0 2
1183.2 2
1184.4 2
1185.6 2
1186.8 2
1188.0 2
1189.2 2
1190.4 2
1191.6 2
1192.8 2
1194.0 2
1195.2 2
1196.4 2
1197.6 2
1198.8 2
1200.0 2
1201.2 2
1202.4 2
1203.6 2
1204.8 2
1206.0 2
1207.2 2
1208.4 2
1209.6 2
1210.8 2
1212.0 2
1213.2 2
1214.4 2
1215.6 2
1216.8 2
1218.0 2
1219.2 2
1220.4 2
1221.6 2
1222.8 2
1224.0 2
1225.2 2
1226.4 2
1227.6 2
1228.8 2
1230.0 2
1231.2 2
1232.4 2
1233.6 2
1234.8 2
1236.0 2
1237.2 2
1238.4 2
1239.6 2
1240.8 2
1242.0 2
1243.2 2
1244.4 2
1245.6 2
1246.8 2
1248.0 2
1249.2 2
1250.4 2
1251.6 2
1252.8 2
1254.0 2
1255.2 2
1256.4 2
1257.6 2
1258.8 2
1260.0 2
1261.2 2
1262.4 2
1263.6 2
1264.8 2
1266.0 2
1267.2 2
1268.4 2
1269.6 2
1270.8 2
1272.0 2
1273.2 2
1274.4 2
1275.6 2
1276.8 2
1278.0 2
1279.2 2
1280.4 2
1281.6 2
1282.8 2
1284.0 2
1285.2 2
1286.4 2
1287.6 2
1288.8 2
1290.0 2
1291.2 2
1292.4 2
1293.6 2
1294.8 2
1296.0 2
1297.2 2
1298.4 2
1299.6 2
1300.8 2
1302.0 2
1303.2 2
1304.4 2
1305.6 2
1306.8 2
1308.0 2
1309.2 2
1310.4 2
1311.6 2
1312.8 2
1314.0 2
1315.2 2
1316.4 2
1317.6 2
1318.8 2
1320.0 2
1321.2 2
1322.4 2
1323.6 2
1324.8 2
1326.0 2
1327.2 2
1328.4 2
1329.6 2
1330.8 2
1332.0 2
1333.2 2
1334.4 2
1335.6 2
1336.8 2
1338.0 2
1339.2 2
1340.4 2
1341.6 2
1342.8 2
1344.0 2
1345.2 2
1346.4 2
1347.6 2
1348.8 2
1350.0 2
1351.2 2
1352.4 2
1353.6 2
1354.8 2
1356.0 2
1357.2 2
1358.4 2
1359.6 2
1360.8 2
1362.0 2
1363.2 2
1364.4 2
1365.6 2
1366.8 2
1368.0 2
1369.2 2
1370.4 2
1371.6 2
1372.8 2
1374.0 2
1375.2 2
1376.4 2
1377.6 2
1378.8 2
1380.0 2
1381.2 2
1382.4 2
1383.6 2
1384.8 2
1386.0 2
1387.2 2
1388.4 2
1389.6 2
1390.8 2
1392.0 2
1393.2 2
1394.4 2
1395.6 2
1396.8 2
1398.0 2
1399.2 2
1400.4 2
1401.6 2
1402.8 2
1404.0 2
1405.2 2
1406.4 2
1407.6 2
1408.8 2
1410.0 2
1411.2 2
1412.4 2
1413.6 2
1414.8 2
1416.0 2
1417.2 2
1418.4 2
1419.6 2
1420.8 2
1422.0 2
1423.2 2
1424.4 2
1425.6 2
1426.8 2
1428.0 2
1429.2 2
1430.4 2
1431.6 2
1432.8 2
1434.0 2
1435.2 2
1436.4 2
1437.6 2
1438.8 2
1440.0 2
1441.2 2
1442.4 2
1443.6 2
1444.8 2
1446.0 2
1447.2 2
1448.4 2
1449.6 2
1450.8 2
1452.0 2
1453.2 2
1454.4 2
1455.6 2
1456.8 2
1458.0 2
1459.2 2
1460.4 2
1461.6 2
1462.8 2
1464.0 2
1465.2 2
1466.4 2
1467.6 2
1468.8 2
1470.0 2
1471.2 2
1472.4 2
1473.6 2
1474.8 2
1476.0 2
1477.2 2
1478.4 2
1479.6 2
1480.8 2
1482.0 2
1483.2 2
1484.4 2
1485.6 2
1486.8 2
1488.0 2
1489.2 2
1490.4 2
1491.6 2
1492.8 2
1494.0 2
1495.2 2
1496.4 2
1497.6 2
1498.8 2
1500.0 2
1501.2 2
1502.4 2
1503.6 2
1504.8 2
1506.0 2
1507.2 2
1508.4 2
1509.6 2
1510.8 2
1512.0 2
1513.2 2
1514.4 2
1515.6 2
1516.8 2
1518.0 2
1519.2 2
1520.4 2
1521.6 2
1522.8 2
1524.0 2
1525.2 2
1526.4 2
1527.6 2
1528.8 2
1530.0 2
1531.2 2
1532.4 2
1533.6 2
1534.8 2
1536.0 2
1537.2 2
1538.4 2
1539.6 2
1540.8 2
1542.0 2
1543.2 2
1544.4 2
1545.6 2
1546.8 2
1548.0 2
1549.2 2
1550.4 2
1551.6 2
1552.8 2
1554.0 2
1555.2 2
1556.4 2
1557.6 2
1558.8 2
1560.0 2
1561.2 2
1562.4 2
1563.6 2
1564.8 2
1566.0 2
1567.2 2
1568.4 2
1569.6 2
1570.8 2
1572.0 2
1573.2 2
1574.4 2
1575.6 2
1576.8 2
1578.0 2
1579.2 2
1580.4 2
1581.6 2
1582.8 2
1584.0 2
1585.2 2
1586.4 2
1587.6 2
1588.8 2
1590.0 2
1591.2 2
1592.4 2
1593.6 2
1594.8 2
1596.0 2
1597.2 2
1598.4 2
1599.6 2
1600.8 2
1602.0 2
1603.2 2
1604.4 2
1605.6 2
1606.8 2
1608.0 2
1609.2 2
1610.4 2
1611.6 2
1612.8 2
1614.0 2
1615.2 2
1616.4 2
1617.6 2
1618.8 2
1620.0 2
1621.2 2
1622.4 2
1623.6 2
1624.8 2
1626.0 2
1627.2 2
1628.4 2
1629.6 2
1630.8 2
1632.0 2
1633.2 2
1634.4 2
1635.6 2
1636.8 2
1638.0 2
1639.2 2
1640.4 2
1641.6 2
1642.8 2
1644.0 2
1645.2 2
1646.4 2
1647.6 2
1648.8 2
1650.0 2
1651.2 2
1652.4 2
1653.6 2
1654.8 2
1656.0 2
1657.2 2
1658.4 2
1659.6 2
1660.8 2
1662.0 2
1663.2 2
1664.4 2
1665.6 2
1666.8 2
1668.0 2
1669.2 2
1670.4 2
1671.6 2
1672.8 2
1674.0 2
1675.2 2
1676.4 2
1677.6 2
1678.8 2
1680.0 2
1681.2 2
1682.4 2
1683.6 2
1684.8 2
1686.0 2
1687.2 2
1688.4 2
1689.6 2
1690.8 2
1692.0 2
1693.2 2
1694.4 2
1695.6 2
1696.8 2
1698.0 2
1699.2 2
1700.4 2
1701.6 2
1702.8 2
1704.0 2
1705.2 2
1706.4 0
1707.6 0
1708.8 0
1710.0 2
1711.2 2
1712.4 2
1713.6 2
1714.8 2
1716.0 2
1717.2 2
1718.4 2
1719.6 2
1720.8 2
1722.0 2
1723.2 2
1724.4 3
1725.6 3
1726.8 3
1728.0 3
1729.2 3
1730.4 3
1731.6 3
1732.8 3
1734.0 3
1735.2 3
1736.4 3
1737.6 3
1738.8 3
1740.0 3
1741.2 3
1742.4 3
1743.6 3
1744.8 3
1746.0 3
1747.2 3
1748.4 3
1749.6 3
1750.8 3
1752.0 3
1753.2 3
1754.4 3
1755.6 3
1756.8 3
1758.0 3
1759.2 3
1760.4 3
1761.6 3
1762.8 3
1764.0 3
1765.2 3
1766.4 3
1767.6 3
1768.8 3
1770.0 3
1771.2 3
1772.4 3
1773.6 3
1774.8 3
1776.0 3
1777.2 3
1778.4 3
1779.6 3
1780.8 3
1782.0 3
1783.2 3
1784.4 3
1785.6 3
1786.8 3
1788.0 3
1789.2 3
1790.4 3
1791.6 3
1792.8 3
1794.0 3
1795.2 3
1796.4 3
1797.6 3
1798.8 3
1800.0 3
1801.2 3
1802.4 3
1803.6 3
1804.8 3
1806.0 3
1807.2 3
1808.4 3
1809.6 3
1810.8 3
1812.0 3
1813.2 3
1814.4 3
1815.6 3
1816.8 3
1818.0 3
1819.2 3
1820.4 3
1821.6 3
1822.8 3
1824.0 3
1825.2 3
1826.4 3
1827.6 3
1828.8 3
1830.0 3
1831.2 3
1832.4 3
1833.6 3
1834.8 3
1836.0 3
1837.2 3
1838.4 3
1839.6 3
1840.8 3
1842.0 3
1843.2 3
1844.4 3
1845.6 3
1846.8 3
1848.0 3
1849.2 3
1850.4 3
1851.6 3
1852.8 3
1854.0 3
1855.2 3
1856.4 3
1857.6 3
1858.8 3
1860.0 3
1861.2 3
1862.4 3
1863.6 3
1864.8 3
1866.0 3
1867.2 3
1868.4 3
1869.6 3
1870.8 3
1872.0 3
1873.2 3
1874.4 3
1875.6 3
1876.8 3
1878.0 3
1879.2 3
1880.4 3
1881.6 3
1882.8 3
1884.0 3
1885.2 3
1886.4 3
1887.6 3
1888.8 3
1890.0 3
1891.2 3
1892.4 3
1893.6 3
1894.8 3
1896.0 3
1897.2 3
1898.4 3
1899.6 3
1900.8 3
1902.0 3
1903.2 3
1904.4 3
1905.6 3
1906.8 3
1908.0 3
1909.2 3
1910.4 3
1911.6 3
1912.8 3
1914.0 3
1915.2 3
1916.4 3
1917.6 3
1918.8 3
1920.0 3
1921.2 3
1922.4 3
1923.6 3
1924.8 3
1926.0 3
1927.2 3
1928.4 3
1929.6 3
1930.8 3
1932.0 3
1933.2 3
1934.4 3
1935.6 3
1936.8 3
1938.0 3
1939.2 3
1940.4 3
1941.6 3
1942.8 3
1944.0 3
1945.2 3
1946.4 3
1947.6 3
1948.8 3
1950.0 3
1951.2 3
1952.4 3
1953.6 3
1954.8 3
1956.0 3
1957.2 3
1958.4 3
1959.6 3
1960.8 3
1962.0 3
1963.2 3
1964.4 3
1965.6 3
1966.8 3
1968.0 3
1969.2 3
1970.4 3
1971.6 3
1972.8 3
1974.0 3
1975.2 3
1976.4 3
1977.6 3
1978.8 3
1980.0 3
1981.2 3
1982.4 3
1983.6 3
1984.8 3
1986.0 3
1987.2 3
1988.4 3
1989.6 3
1990.8 3
1992.0 3
1993.2 3
1994.4 3
1995.6 3
1996.8 3
1998.0 3
1999.2 3
2000.4 3
2001.6 3
2002.8 3
2004.0 3
2005.2 3
2006.4 3
2007.6 3
2008.8 3
2010.0 3
2011.2 3
2012.4 3
2013.6 3
2014.8 3
2016.0 3
2017.2 3
2018.4 3
2019.6 3
2020.8 3
2022.0 3
2023.2 3
2024.4 3
2025.6 3
2026.8 3
2028.0 3
2029.2 3
2030.4 3
2031.6 3
2032.8 3
2034.0 3
2035.2 3
2036.4 3
2037.6 3
2038.8 3
2040.0 3
2041.2 3
2042.4 3
2043.6 3
2044.8 3
2046.0 3
2047.2 3
2048.4 3
2049.6 3
2050.8 3
2052.0 3
2053.2 3
2054.4 3
2055.6 3
2056.8 3
2058.0 3
2059.2 3
2060.4 3
2061.6 3
2062.8 3
2064.0 3
2065.2 3
2066.4 3
2067.6 3
2068.8 3
2070.0 3
2071.2 3
2072.4 3
2073.6 3
2074.8 3
2076.0 3
2077.2 3
2078.4 3
2079.6 3
2080.8 3
2082.0 3
2083.2 3
2084.4 3
2085.6 3
2086.8 3
2088.0 3
2089.2 3
2090.4 3
2091.6 3
2092.8 3
2094.0 3
2095.2 3
2096.4 3
2097.6 3
2098.8 3
2100.0 3
2101.2 3
2102.4 3
2103.6 3
2104.8 3
2106.0 3
2107.2 3
2108.4 3
2109.6 3
2110.8 3
2112.0 3
2113.2 3
2114.4 3
2115.6 3
2116.8 3
2118.0 3
2119.2 3
2120.4 3
2121.6 3
2122.8 3
2124.0 3
2125.2 3
2126.4 3
2127.6 3
2128.8 3
2130.0 3
2131.2 3
2132.4 3
2133.6 3
2134.8 3
2136.0 3
2137.2 3
2138.4 3
2139.6 3
2140.8 3
2142.0 3
2143.2 3
2144.4 3
2145.6 3
2146.8 3
2148.0 3
2149.2 3
2150.4 3
2151.6 3
2152.8 3
2154.0 3
2155.2 3
2156.4 3
2157.6 3
2158.8 3
2160.0 3
2161.2 3
2162.4 3
2163.6 3
2164.8 3
2166.0 3
2167.2 3
2168.4 3
2169.6 3
2170.8 3
2172.0 3
2173.2 3
2174.4 3
2175.6 3
2176.8 3
2178.0 3
2179.2 3
2180.4 3
2181.6 3
2182.8 3
2184.0 3
2185.2 3
2186.4 3
2187.6 3
2188.8 3
2190.0 3
2191.2 3
2192.4 3
2193.6 3
2194.8 3
2196.0 3
2197.2 3
2198.4 3
2199.6 3
2200.8 3
2202.0 3
2203.2 3
2204.4 3
2205.6 3
2206.8 3
2208.0 3
2209.2 3
2210.4 3
2211.6 3
2212.8 3
2214.0 3
2215.2 3
2216.4 3
2217.6 3
2218.8 3
2220.0 3
2221.2 3
2222.4 3
2223.6 3
2224.8 3
2226.0 3
2227.2 3
2228.4 3
2229.6 3
2230.8 3
2232.0 3
2233.2 3
2234.4 3
2235.6 3
2236.8 3
2238.0 3
2239.2 3
2240.4 3
2241.6 3
2242.8 3
2244.0 3
2245.2 3
2246.4 3
2247.6 3
2248.8 3
2250.0 3
2251.2 3
2252.4 3
2253.6 3
2254.8 3
2256.0 3
2257.2 3
2258.4 3
2259.6 3
2260.8 3
2262.0 3
2263.2 3
2264.4 3
2265.6 3
2266.8 3
2268.0 3
2269.2 3
2270.4 3
2271.6 3
2272.8 3
2274.0 3
2275.2 3
2276.4 3
2277.6 3
2278.8 3
2280.0 3
2281.2 3
2282.4 3
2283.6 3
2284.8 3
2286.0 3
2287.2 3
2288.4 3
2289.6 3
2290.8 3
2292.0 3
2293.2 3
2294.4 3
2295.6 3
2296.8 3
2298.0 3
2299.2 3
2300.4 3
2301.6 3
2302.8 3
2304.0 3
2305.2 3
2306.4 3
2307.6 3
2308.8 3
2310.0 3
2311.2 3
2312.4 3
2313.6 3
2314.8 3
2316.0 3
2317.2 3
2318.4 3
2319.6 3
2320.8 3
2322.0 3
2323.2 3
2324.4 3
2325.6 3
2326.8 3
2328.0 3
2329.2 3
2330.4 3
2331.6 3
2332.8 3
2334.0 3
2335.2 3
2336.4 3
2337.6 3
2338.8 3
2340.0 3
2341.2 3
2342.4 3
2343.6 3
2344.8 3
2346.0 3
2347.2 3
2348.4 3
2349.6 3
2350.8 3
2352.0 3
2353.2 3
2354.4 3
2355.6 3
2356.8 3
2358.0 3
2359.2 3
2360.4 3
2361.6 3
2362.8 3
2364.0 3
2365.2 3
2366.4 3
2367.6 3
2368.8 3
2370.0 3
2371.2 3
2372.4 3
2373.6 3
2374.8 3
2376.0 3
2377.2 3
2378.4 3
2379.6 3
2380.8 3
2382.0 3
2383.2 3
2384.4 3
2385.6 3
2386.8 3
2388.0 3
2389.2 3
2390.4 3
2391.6 3
2392.8 3
2394.0 3
2395.2 3
2396.4 3
2397.6 3
2398.8 3
2400.0 3
2401.2 3
2402.4 3
2403.6 3
2404.8 3
2406.0 3
2407.2 3
2408.4 3
2409.6 3
2410.8 3
2412.0 3
2413.2 3
2414.4 3
2415.6 3
2416.8 3
2418.0 3
2419.2 3
2420.4 3
2421.6 3
2422.8 3
2424.0 3
2425.2 3
2426.4 3
2427.6 3
2428.8 3
2430.0 3
2431.2 3
2432.4 3
2433.6 3
2434.8 3
2436.0 3
2437.2 3
2438.4 3
2439.6 3
2440.8 3
2442.0 3
2443.2 3
2444.4 3
2445.6 3
2446.8 3
2448.0 3
2449.2 3
2450.4 3
2451.6 3
2452.8 3
2454.0 3
2455.2 3
2456.4 3
2457.6 3
2458.8 3
2460.0 3
2461.2 3
2462.4 3
2463.6 3
2464.8 3
2466.0 3
2467.2 3
2468.4 3
2469.6 3
2470.8 3
2472.0 3
2473.2 3
2474.4 3
2475.6 3
2476.8 3
2478.0 3
2479.2 3
2480.4 3
2481.6 3
2482.8 3
2484.0 3
2485.2 3
2486.4 3
2487.6 3
2488.8 3
2490.0 3
2491.2 3
2492.4 3
2493.6 3
2494.8 3
2496.0 3
2497.2 3
2498.4 3
2499.6 3
2500.8 3
2502.0 3
2503.2 3
2504.4 3
2505.6 3
2506.8 3
2508.0 3
2509.2 3
2510.4 3
2511.6 3
2512.8 3
2514.0 3
2515.2 3
2516.4 3
2517.6 3
2518.8 3
2520.0 3
2521.2 3
2522.4 3
2523.6 3
2524.8 3
2526.0 3
2527.2 3
2528.4 3
2529.6 3
2530.8 3
2532.0 3
2533.2 3
2534.4 3
2535.6 3
2536.8 3
2538.0 3
2539.2 3
2540.4 3
2541.6 3
2542.8 3
2544.0 3
2545.2 3
2546.4 3
2547.6 3
2548.8 3
2550.0 3
2551.2 3
2552.4 3
2553.6 3
2554.8 3
2556.0 3
2557.2 3
2558.4 3
2559.6 3
2560.8 3
2562.0 3
2563.2 3
2564.4 3
2565.6 3
2566.8 3
2568.0 3
2569.2 3
2570.4 3
2571.6 3
2572.8 3
2574.0 3
2575.2 3
2576.4 3
2577.6 3
2578.8 3
2580.0 3
2581.2 3
2582.4 3
2583.6 3
2584.8 3
2586.0 3
2587.2 3
2588.4 3
2589.6 3
2590.8 3
2592.0 3
2593.2 3
2594.4 3
2595.6 3
2596.8 3
2598.0 3
2599.2 3
2600.4 3
2601.6 3
2602.8 3
2604.0 3
2605.2 3
2606.4 3
2607.6 3
2608.8 3
2610.0 3
2611.2 3
2612.4 3
2613.6 3
2614.8 3
2616.0 3
2617.2 3
2618.4 3
2619.6 3
2620.8 3
2622.0 3
2623.2 3
2624.4 3
2625.6 3
2626.8 3
2628.0 3
2629.2 3
2630.4 3
2631.6 3
2632.8 3
2634.0 3
2635.2 3
2636.4 3
2637.6 3
2638.8 3
2640.0 3
2641.2 3
2642.4 3
2643.6 3
2644.8 3
2646.0 3
2647.2 3
2648.4 3
2649.6 3
2650.8 3
2652.0 3
2653.2 3
2654.4 3
2655.6 3
2656.8 3
2658.0 3
2659.2 3
2660.4 3
2661.6 3
2662.8 3
2664.0 3
2665.2 3
2666.4 3
2667.6 3
2668.8 3
2670.0 3
2671.2 3
2672.4 3
2673.6 3
2674.8 3
2676.0 3
2677.2 3
2678.4 3
2679.6 3
2680.8 3
2682.0 3
2683.2 3
2684.4 3
2685.6 3
2686.8 3
2688.0 3
2689.2 3
2690.4 3
2691.6 3
2692.8 3
2694.0 3
2695.2 3
2696.4 3
2697.6 3
2698.8 3
2700.0 3
2701.2 3
2702.4 3
2703.6 3
2704.8 3
2706.0 3
2707.2 3
2708.4 3
2709.6 3
2710.8 3
2712.0 3
2713.2 3
2714.4 3
2715.6 3
2716.8 3
2718.0 3
2719.2 3
2720.4 3
2721.6 3
2722.8 3
2724.0 3
2725.2 3
2726.4 3
2727.6 3
2728.8 3
2730.0 3
2731.2 3
2732.4 3
2733.6 3
2734.8 3
2736.0 3
2737.2 3
2738.4 3
2739.6 3
2740.8 3
2742.0 3
2743.2 3
2744.4 3
2745.6 3
2746.8 3
2748.0 3
2749.2 3
2750.4 3
2751.6 3
2752.8 3
2754.0 3
2755.2 3
2756.4 3
2757.6 3
2758.8 3
2760.0 3
2761.2 3
2762.4 3
2763.6 3
2764.8 3
2766.0 3
2767.2 3
2768.4 3
2769.6 3
2770.8 3
2772.0 3
2773.2 3
2774.4 3
2775.6 3
2776.8 3
2778.0 3
2779.2 3
2780.4 3
2781.6 3
2782.8 3
2784.0 3
2785.2 3
2786.4 3
2787.6 3
2788.8 3
2790.0 3
2791.2 3
2792.4 3
2793.6 3
2794.8 3
2796.0 3
2797.2 3
2798.4 3
2799.6 3
