0.0 1
0.72 1
1.44 1
2.16 1
2.88 2
3.6 2
4.32 2
5.04 2
5.76 2
6.48 2
7.2 2
7.92 2
8.64 2
9.36 2
10.08 2
10.8 2
11.52 2
12.24 2
12.96 2
13.68 2
14.4 2
15.12 2
15.84 2
16.56 2
17.28 2
18.0 2
18.72 2
19.44 2
20.16 2
20.88 2
21.6 2
22.32 2
23.04 2
23.76 2
24.48 2
25.2 2
25.92 2
26.64 2
27.36 2
28.08 2
28.8 2
29.52 2
30.24 2
30.96 2
31.68 2
32.4 2
33.12 2
33.84 2
34.56 2
35.28 2
36.0 2
36.72 2
37.44 2
38.16 2
38.88 2
39.6 2
40.32 2
41.04 2
41.76 2
42.48 2
43.2 2
43.92 2
44.64 2
45.36 3
46.08 3
46.8 3
47.52 3
48.24 3
48.96 3
49.68 3
50.4 3
51.12 3
51.84 3
52.56 3
53.28 3
54.0 3
54.72 2
55.44 2
56.16 2
56.88 2
57.6 2
58.32 2
59.04 2
59.76 2
60.48 2
61.2 2
61.92 2
62.64 2
63.36 2
64.08 2
64.8 2
65.52 2
66.24 2
66.96 2
67.68 2
68.4 2
69.12 2
69.84 2
70.56 2
71.28 2
72.0 2
72.72 2
73.44 2
74.16 2
74.88 2
75.6 2
76.32 2
77.04 2
77.76 2
78.48 2
79.2 2
79.92 2
80.64 2
81.36 2
82.08 2
82.8 2
83.52 2
84.24 2
84.96 2
85.68 2
86.4 2
87.12 2
87.84 2
88.56 2
89.28 2
90.0 2
90.72 2
91.44 2
92.16 2
92.88 2
93.6 2
94.32 2
95.04 2
95.76 2
96.48 2
97.2 2
97.92 2
98.64 2
99.36 2
100.08 2
100.8 2
101.52 2
102.24 2
102.96 2
103.68 2
104.4 2
105.12 2
105.84 2
106.56 2
107.28 2
108.0 2
108.72 2
109.44 2
110.16 2
110.88 2
111.6 2
112.32 2
113.04 2
113.76 2
114.48 2
115.2 2
115.92 2
116.64 2
117.36 2
118.08 2
118.8 2
119.52 2
120.24 2
120.96 2
121.68 2
122.4 2
123.12 2
123.84 2
124.56 2
125.28 2
126.0 2
126.72 2
127.44 2
128.16 2
128.88 2
129.6 2
130.32 2
131.04 2
131.76 2
132.48 2
133.2 2
133.92 2
134.64 2
135.36 2
136.08 2
136.8 2
137.52 2
138.24 2
138.96 2
139.68 2
140.4 2
141.12 2
141.84 2
142.56 2
143.28 2
144.0 2
144.72 2
145.44 2
146.16 2
146.88 2
147.6 2
148.32 2
149.04 2
149.76 2
150.48 2
151.2 2
151.92 2
152.64 2
153.36 2
154.08 2
154.8 2
155.52 2
156.24 2
156.96 2
157.68 2
158.4 2
159.12 2
159.84 2
160.56 2
161.28 2
162.0 2
162.72 2
163.44 2
164.16 2
164.88 2
165.6 2
166.32 2
167.04 2
167.76 2
168.48 2
169.2 2
169.92 2
170.64 2
171.36 2
172.08 2
172.8 2
173.52 2
174.24 2
174.96 2
175.68 2
176.4 2
177.12 2
177.84 2
178.56 2
179.28 2
180.0 2
180.72 2
181.44 2
182.16 2
182.88 2
183.6 2
184.32 2
185.04 2
185.76 2
186.48 2
187.2 2
187.92 2
188.64 2
189.36 2
190.08 2
190.8 2
191.52 2
192.24 2
192.96 2
193.68 2
194.4 2
195.12 2
195.84 2
196.56 2
197.28 2
198.0 2
198.72 2
199.44 2
200.16 2
200.88 2
201.6 2
202.32 2
203.04 2
203.76 2
204.48 2
205.2 2
205.92 2
206.64 2
207.36 2
208.08 2
208.8 2
209.52 2
210.24 2
210.96 2
211.68 2
212.4 2
213.12 2
213.84 2
214.56 2
215.28 2
216.0 2
216.72 2
217.44 2
218.16 2
218.88 2
219.6 2
220.32 2
221.04 2
221.76 2
222.48 2
223.2 2
223.92 2
224.64 2
225.36 2
226.08 2
226.8 2
227.52 2
228.24 2
228.96 2
229.68 2
230.4 2
231.12 2
231.84 2
232.56 2
233.28 2
234.0 2
234.72 2
235.44 2
236.16 2
236.88 2
237.6 2
238.32 2
239.04 2
239.76 2
240.48 2
241.2 2
241.92 2
242.64 2
243.36 2
244.08 2
244.8 2
245.52 2
246.24 2
246.96 2
247.68 2
248.4 2
249.12 2
249.84 2
250.56 2
251.28 2
252.0 2
252.72 2
253.44 2
254.16 2
254.88 2
255.6 2
256.32 2
257.04 2
257.76 2
258.48 2
259.2 2
259.92 2
260.64 2
261.36 2
262.08 2
262.8 2
263.52 2
264.24 2
264.96 2
265.68 2
266.4 2
267.12 2
267.84 2
268.56 2
269.28 2
270.0 2
270.72 2
271.44 2
272.16 2
272.88 2
273.6 2
274.32 2
275.04 2
275.76 2
276.48 2
277.2 2
277.92 2
278.64 2
279.36 2
280.08 2
280.8 2
281.52 2
282.24 2
282.96 2
283.68 2
284.4 2
285.12 2
285.84 2
286.56 2
287.28 2
288.0 2
288.72 2
289.44 2
290.16 2
290.88 2
291.6 2
292.32 2
293.04 2
293.76 2
294.48 2
295.2 2
295.92 2
296.64 2
297.36 2
298.08 2
298.8 2
299.52 2
300.24 2
300.96 2
301.68 2
302.4 2
303.12 2
303.84 2
304.56 2
305.28 2
306.0 2
306.72 2
307.44 2
308.16 2
308.88 2
309.6 2
310.32 2
311.04 2
311.76 2
312.48 2
313.2 2
313.92 2
314.64 2
315.36 2
316.08 2
316.8 2
317.52 2
318.24 2
318.96 2
319.68 2
320.4 2
321.12 2
321.84 2
322.56 2
323.28 2
324.0 2
324.72 2
325.44 2
326.16 2
326.88 2
327.6 2
328.32 2
329.04 2
329.76 2
330.48 2
331.2 2
331.92 2
332.64 2
333.36 2
334.08 2
334.8 2
335.52 2
336.24 2
336.96 2
337.68 2
338.4 2
339.12 2
339.84 2
340.56 2
341.28 2
342.0 2
342.72 2
343.44 2
344.16 2
344.88 2
345.6 2
346.32 2
347.04 2
347.76 2
348.48 2
349.2 2
349.92 2
350.64 2
351.36 2
352.08 2
352.8 2
353.52 2
354.24 2
354.96 2
355.68 2
356.4 2
357.12 2
357.84 2
358.56 2
359.28 2
360.0 2
360.72 2
361.44 2
362.16 2
362.88 2
363.6 2
364.32 2
365.04 2
365.76 2
366.48 2
367.2 2
367.92 2
368.64 2
369.36 2
370.08 2
370.8 2
371.52 2
372.24 2
372.96 2
373.68 2
374.4 2
375.12 2
375.84 2
376.56 2
377.28 2
378.0 2
378.72 2
379.44 2
380.16 2
380.88 2
381.6 2
382.32 2
383.04 2
383.76 2
384.48 2
385.2 2
385.92 2
386.64 2
387.36 2
388.08 2
388.8 2
389.52 2
390.24 2
390.96 2
391.68 2
392.4 2
393.12 2
393.84 2
394.56 2
395.28 2
396.0 2
396.72 2
397.44 2
398.16 2
398.88 2
399.6 2
400.32 2
401.04 2
401.76 2
402.48 2
403.2 2
403.92 2
404.64 2
405.36 2
406.08 2
406.8 2
407.52 2
408.24 2
408.96 2
409.68 2
410.4 2
411.12 2
411.84 2
412.56 2
413.28 2
414.0 2
414.72 2
415.44 2
416.16 2
416.88 2
417.6 2
418.32 2
419.04 2
419.76 2
420.48 2
421.2 2
421.92 2
422.64 2
423.36 2
424.08 2
424.8 2
425.52 2
426.24 2
426.96 2
427.68 2
428.4 2
429.12 2
429.84 2
430.56 2
431.28 2
432.0 2
432.72 2
433.44 2
434.16 2
434.88 2
435.6 2
436.32 2
437.04 2
437.76 2
438.48 2
439.2 2
439.92 2
440.64 2
441.36 2
442.08 2
442.8 2
443.52 2
444.24 2
444.96 2
445.68 2
446.4 2
447.12 2
447.84 2
448.56 2
449.28 2
450.0 2
450.72 2
451.44 2
452.16 2
452.88 2
453.6 2
454.32 2
455.04 2
455.76 2
456.48 2
457.2 2
457.92 2
458.64 2
459.36 2
460.08 2
460.8 2
461.52 2
462.24 2
462.96 2
463.68 2
464.4 2
465.12 2
465.84 2
466.56 2
467.28 2
468.0 2
468.72 2
469.44 2
470.16 2
470.88 2
471.6 2
472.32 2
473.04 2
473.76 2
474.48 2
475.2 2
475.92 2
476.64 2
477.36 2
478.08 2
478.8 2
479.52 2
480.24 2
480.96 2
481.68 2
482.4 2
483.12 2
483.84 2
484.56 2
485.28 2
486.0 2
486.72 2
487.44 2
488.16 2
488.88 2
489.6 2
490.32 2
491.04 2
491.76 2
492.48 2
493.2 2
493.92 2
494.64 2
495.36 2
496.08 2
496.8 2
497.52 2
498.24 2
498.96 2
499.68 2
500.4 2
501.12 2
501.84 2
502.56 2
503.28 2
504.0 2
504.72 2
505.44 2
506.16 2
506.88 2
507.6 2
508.32 2
509.04 2
509.76 2
510.48 2
511.2 2
511.92 2
512.64 2
513.36 2
514.08 2
514.8 2
515.52 2
516.24 2
516.96 2
517.68 2
518.4 2
519.12 2
519.84 2
520.56 2
521.28 2
522.0 2
522.72 2
523.44 2
524.16 2
524.88 2
525.6 2
526.32 2
527.04 2
527.76 2
528.48 2
529.2 2
529.92 2
530.64 2
531.36 2
532.08 2
532.8 2
533.52 2
534.24 2
534.96 2
535.68 2
536.4 2
537.12 2
537.84 2
538.56 2
539.28 2
540.0 2
540.72 2
541.44 2
542.16 2
542.88 2
543.6 2
544.32 2
545.04 2
545.76 2
546.48 2
547.2 2
547.92 2
548.64 2
549.36 2
550.08 2
550.8 2
551.52 2
552.24 2
552.96 2
553.68 2
554.4 2
555.12 2
555.84 2
556.56 2
557.28 2
558.0 2
558.72 2
559.44 2
560.16 2
560.88 2
561.6 2
562.32 2
563.04 2
563.76 2
564.48 2
565.2 2
565.92 2
566.64 2
567.36 2
568.08 2
568.8 2
569.52 2
570.24 2
570.96 2
571.68 2
572.4 2
573.12 2
573.84 2
574.56 2
575.28 2
576.0 2
576.72 2
577.44 2
578.16 2
578.88 2
579.6 2
580.32 2
581.04 2
581.76 2
582.48 2
583.2 2
583.92 2
584.64 2
585.36 2
586.08 2
586.8 2
587.52 2
588.24 2
588.96 2
589.68 2
590.4 2
591.12 2
591.84 2
592.56 2
593.28 2
594.0 2
594.72 2
595.44 2
596.16 2
596.88 2
597.6 2
598.32 2
599.04 2
599.76 2
600.48 2
601.2 2
601.92 2
602.64 2
603.36 2
604.08 2
604.8 2
605.52 2
606.24 2
606.96 2
607.68 2
608.4 2
609.12 2
609.84 2
610.56 2
611.28 2
612.0 2
612.72 2
613.44 2
614.16 2
614.88 2
615.6 2
616.32 2
617.04 2
617.76 2
618.48 2
619.2 2
619.92 2
620.64 2
621.36 2
622.08 2
622.8 2
623.52 2
624.24 2
624.96 2
625.68 2
626.4 2
627.12 2
627.84 2
628.56 2
629.28 2
630.0 2
630.72 2
631.44 2
632.16 2
632.88 2
633.6 2
634.32 2
635.04 2
635.76 2
636.48 2
637.2 2
637.92 2
638.64 2
639.36 2
640.08 2
640.8 2
641.52 2
642.24 2
642.96 2
643.68 2
644.4 2
645.12 2
645.84 2
646.56 2
647.28 2
648.0 2
648.72 2
649.44 2
650.16 2
650.88 2
651.6 2
652.32 2
653.04 2
653.76 2
654.48 2
655.2 2
655.92 2
656.64 2
657.36 2
658.08 2
658.8 2
659.52 2
660.24 2
660.96 2
661.68 2
662.4 2
663.12 2
663.84 2
664.56 2
665.28 2
666.0 2
666.72 2
667.44 2
668.16 2
668.88 2
669.6 2
670.32 2
671.04 2
671.76 2
672.48 2
673.2 2
673.92 2
674.64 2
675.36 2
676.08 2
676.8 2
677.52 2
678.24 2
678.96 2
679.68 2
680.4 2
681.12 2
681.84 2
682.56 2
683.28 2
684.0 2
684.72 2
685.44 2
686.16 2
686.88 2
687.6 2
688.32 2
689.04 2
689.76 2
690.48 2
691.2 2
691.92 2
692.64 2
693.36 2
694.08 2
694.8 2
695.52 2
696.24 2
696.96 2
697.68 2
698.4 2
699.12 2
699.84 2
700.56 2
701.28 2
702.0 2
702.72 2
703.44 2
704.16 2
704.88 2
705.6 2
706.32 2
707.04 2
707.76 2
708.48 2
709.2 2
709.92 2
710.64 2
711.36 2
712.08 2
712.8 2
713.52 2
714.24 2
714.96 2
715.68 2
716.4 2
717.12 2
717.84 2
718.56 2
719.28 2
720.0 2
720.72 2
721.44 2
722.16 2
722.88 2
723.6 2
724.32 2
725.04 2
725.76 2
726.48 2
727.2 2
727.92 2
728.64 2
729.36 2
730.08 2
730.8 2
731.52 2
732.24 2
732.96 2
733.68 2
734.4 2
735.12 2
735.84 2
736.56 2
737.28 2
738.0 2
738.72 2
739.44 2
740.16 2
740.88 2
741.6 2
742.32 2
743.04 2
743.76 2
744.48 2
745.2 2
745.92 2
746.64 2
747.36 2
748.08 2
748.8 2
749.52 2
750.24 2
750.96 2
751.68 2
752.4 2
753.12 2
753.84 2
754.56 2
755.28 2
756.0 2
756.72 2
757.44 2
758.16 2
758.88 2
759.6 2
760.32 2
761.04 2
761.76 2
762.48 2
763.2 2
763.92 2
764.64 2
765.36 2
766.08 2
766.8 2
767.52 2
768.24 2
768.96 2
769.68 2
770.4 2
771.12 2
771.84 2
772.56 2
773.28 2
774.0 2
774.72 2
775.44 2
776.16 2
776.88 2
777.6 2
778.32 2
779.04 2
779.76 2
780.48 2
781.2 2
781.92 2
782.64 2
783.36 2
784.08 2
784.8 2
785.52 2
786.24 2
786.96 2
787.68 2
788.4 2
789.12 2
789.84 2
790.56 2
791.28 2
792.0 2
792.72 2
793.44 2
794.16 2
794.88 2
795.6 2
796.32 2
797.04 2
797.76 2
798.48 2
799.2 2
799.92 2
800.64 2
801.36 2
802.08 2
802.8 2
803.52 2
804.24 2
804.96 2
805.68 2
806.4 2
807.12 2
807.84 2
808.56 2
809.28 2
810.0 2
810.72 2
811.44 2
812.16 2
812.88 2
813.6 2
814.32 2
815.04 2
815.76 2
816.48 2
817.2 2
817.92 2
818.64 2
819.36 2
820.08 2
820.8 2
821.52 2
822.24 2
822.96 2
823.68 2
824.4 2
825.12 2
825.84 2
826.56 2
827.28 2
828.0 2
828.72 2
829.44 2
830.16 2
830.88 2
831.6 2
832.32 2
833.04 2
833.76 2
834.48 2
835.2 2
835.92 2
836.64 2
837.36 2
838.08 2
838.8 2
839.52 2
840.24 2
840.96 2
841.68 2
842.4 2
843.12 2
843.84 2
844.56 2
845.28 2
846.0 2
846.72 2
847.44 2
848.16 2
848.88 2
849.6 2
850.32 2
851.04 2
851.76 2
852.48 2
853.2 2
853.92 2
854.64 2
855.36 2
856.08 2
856.8 2
857.52 2
858.24 2
858.96 2
859.68 2
860.4 2
861.12 2
861.84 2
862.56 2
863.28 2
864.0 2
864.72 2
865.44 2
866.16 2
866.88 2
867.6 2
868.32 2
869.04 2
869.76 2
870.48 2
871.2 2
871.92 2
872.64 2
873.36 2
874.08 2
874.8 2
875.52 2
876.24 2
876.96 2
877.68 2
878.4 2
879.12 2
879.84 2
880.56 2
881.28 2
882.0 2
882.72 2
883.44 2
884.16 2
884.88 2
885.6 2
886.32 2
887.04 2
887.76 2
888.48 2
889.2 2
889.92 2
890.64 2
891.36 2
892.08 2
892.8 2
893.52 2
894.24 2
894.96 2
895.68 2
896.4 2
897.12 2
897.84 2
898.56 2
899.28 2
900.0 2
900.72 2
901.44 2
902.16 2
902.88 2
903.6 2
904.32 2
905.04 2
905.76 2
906.48 2
907.2 2
907.92 2
908.64 2
909.36 2
910.08 2
910.8 2
911.52 2
912.24 2
912.96 2
913.68 2
914.4 2
915.12 2
915.84 2
916.56 2
917.28 2
918.0 2
918.72 2
919.44 2
920.16 2
920.88 2
921.6 2
922.32 2
923.04 2
923.76 2
924.48 2
925.2 2
925.92 2
926.64 2
927.36 2
928.08 2
928.8 2
929.52 2
930.24 2
930.96 2
931.68 2
932.4 2
933.12 2
933.84 2
934.56 2
935.28 2
936.0 2
936.72 2
937.44 2
938.16 2
938.88 2
939.6 2
940.32 2
941.04 2
941.76 2
942.48 2
943.2 2
943.92 2
944.64 2
945.36 2
946.08 2
946.8 2
947.52 2
948.24 2
948.96 2
949.68 2
950.4 2
951.12 2
951.84 2
952.56 2
953.28 2
954.0 2
954.72 2
955.44 2
956.16 2
956.88 2
957.6 2
958.32 2
959.04 2
959.76 2
960.48 2
961.2 2
961.92 2
962.64 2
963.36 2
964.08 2
964.8 2
965.52 2
966.24 2
966.96 2
967.68 2
968.4 2
969.12 2
969.84 2
970.56 2
971.28 2
972.0 2
972.72 2
973.44 2
974.16 2
974.88 2
975.6 2
976.32 2
977.04 2
977.76 2
978.48 2
979.2 2
979.92 2
980.64 2
981.36 2
982.08 2
982.8 2
983.52 2
984.24 2
984.96 2
985.68 2
986.4 2
987.12 2
987.84 2
988.56 2
989.28 2
990.0 2
990.72 2
991.44 2
992.16 2
992.88 2
993.6 2
994.32 2
995.04 2
995.76 2
996.48 2
997.2 2
997.92 2
998.64 2
999.36 2
1000.08 2
1000.8 2
1001.52 2
1002.24 2
1002.96 2
1003.68 2
1004.4 2
1005.12 2
1005.84 2
1006.56 2
1007.28 2
1008.0 2
1008.72 2
1009.44 2
1010.16 2
1010.88 2
1011.6 2
1012.32 2
1013.04 2
1013.76 2
1014.48 2
1015.2 2
1015.92 2
1016.64 2
1017.36 2
1018.08 2
1018.8 2
1019.52 2
1020.24 2
1020.96 2
1021.68 2
1022.4 2
1023.12 2
1023.84 2
1024.56 2
1025.28 2
1026.0 2
1026.72 2
1027.44 2
1028.16 2
1028.88 2
1029.6 2
1030.32 2
1031.04 2
1031.76 2
1032.48 2
1033.2 2
1033.92 2
1034.64 2
1035.36 2
1036.08 2
1036.8 2
1037.52 2
1038.24 2
1038.96 2
1039.68 2
1040.4 2
1041.12 2
1041.84 2
1042.56 2
1043.28 2
1044.0 2
1044.72 2
1045.44 2
1046.16 2
1046.88 2
1047.6 2
1048.32 2
1049.04 2
1049.76 2
1050.48 2
1051.2 2
1051.92 2
1052.64 2
1053.36 2
1054.08 2
1054.8 2
1055.52 2
1056.24 2
1056.96 2
1057.68 2
1058.4 2
1059.12 2
1059.84 2
1060.56 2
1061.28 2
1062.0 2
1062.72 2
1063.44 2
1064.16 2
1064.88 2
1065.6 2
1066.32 2
1067.04 2
1067.76 2
1068.48 2
1069.2 2
1069.92 2
1070.64 2
1071.36 2
1072.08 2
1072.8 2
1073.52 2
1074.24 2
1074.96 2
1075.68 2
1076.4 2
1077.12 2
1077.84 2
1078.56 2
1079.28 2
1080.0 2
1080.72 2
1081.44 2
1082.16 2
1082.88 2
1083.6 2
1084.32 2
1085.04 2
1085.76 2
1086.48 2
1087.2 2
1087.92 2
1088.64 2
1089.36 2
1090.08 2
1090.8 2
1091.52 2
1092.24 2
1092.96 2
1093.68 2
1094.4 2
1095.12 2
1095.84 2
1096.56 2
1097.28 2
1098.0 2
1098.72 2
1099.44 2
1100.16 2
1100.88 2
1101.6 2
1102.32 2
1103.04 2
1103.76 2
1104.48 2
1105.2 2
1105.92 2
1106.64 2
1107.36 2
1108.08 2
1108.8 2
1109.52 2
1110.24 2
1110.96 2
1111.68 2
1112.4 2
1113.12 2
1113.84 2
1114.56 2
1115.28 2
1116.0 2
1116.72 2
1117.44 2
1118.16 2
1118.88 2
1119.6 2
1120.32 2
1121.04 2
1121.76 2
1122.48 2
1123.2 2
1123.92 2
1124.64 2
1125.36 2
1126.08 2
1126.8 2
1127.52 2
1128.24 2
1128.96 2
1129.68 2
1130.4 2
1131.12 2
1131.84 2
1132.56 2
1133.28 2
1134.0 2
1134.72 2
1135.44 2
1136.16 2
1136.88 2
1137.6 2
1138.32 2
1139.04 2
1139.76 2
1140.48 2
1141.2 2
1141.92 2
1142.64 2
1143.36 2
1144.08 2
1144.8 2
1145.52 2
1146.24 2
1146.96 2
1147.68 2
1148.4 2
1149.12 2
1149.84 2
1150.56 2
1151.28 2
1152.0 2
1152.72 2
1153.44 2
1154.16 2
1154.88 2
1155.6 2
1156.32 2
1157.04 2
1157.76 2
1158.48 2
1159.2 2
1159.92 2
1160.64 2
1161.36 2
1162.08 2
1162.8 2
1163.52 2
1164.24 2
1164.96 2
1165.68 2
1166.4 2
1167.12 2
1167.84 2
1168.56 2
1169.28 2
1170.0 2
1170.72 2
1171.44 2
1172.16 2
1172.88 2
1173.6 2
1174.32 2
1175.04 2
1175.76 2
1176.48 2
1177.2 2
1177.92 2
1178.64 2
1179.36 2
1180.08 2
1180.8 2
1181.52 2
1182.24 2
1182.96 2
1183.68 2
1184.4 2
1185.12 2
1185.84 2
1186.56 2
1187.28 2
1188.0 2
1188.72 2
1189.44 2
1190.16 2
1190.88 2
1191.6 2
1192.32 2
1193.04 2
1193.76 2
1194.48 2
1195.2 2
1195.92 2
1196.64 2
1197.36 2
1198.08 2
1198.8 2
1199.52 2
1200.24 2
1200.96 2
1201.68 2
1202.4 2
1203.12 2
1203.84 2
1204.56 2
1205.28 2
1206.0 2
1206.72 2
1207.44 2
1208.16 2
1208.88 2
1209.6 2
1210.32 2
1211.04 2
1211.76 2
1212.48 2
1213.2 2
1213.92 2
1214.64 2
1215.36 2
1216.08 2
1216.8 2
1217.52 2
1218.24 2
1218.96 2
1219.68 2
1220.4 2
1221.12 2
1221.84 2
1222.56 2
1223.28 2
1224.0 2
1224.72 2
1225.44 2
1226.16 2
1226.88 2
1227.6 2
1228.32 2
1229.04 2
1229.76 2
1230.48 2
1231.2 2
1231.92 2
1232.64 2
1233.36 2
1234.08 2
1234.8 2
1235.52 2
1236.24 2
1236.96 2
1237.68 2
1238.4 2
1239.12 2
1239.84 2
1240.56 2
1241.28 2
1242.0 2
1242.72 2
1243.44 2
1244.16 2
1244.88 2
1245.6 2
1246.32 2
1247.04 2
1247.76 2
1248.48 2
1249.2 2
1249.92 2
1250.64 2
1251.36 2
1252.08 2
1252.8 2
1253.52 2
1254.24 2
1254.96 2
1255.68 2
1256.4 2
1257.12 2
1257.84 2
1258.56 2
1259.28 2
1260.0 2
1260.72 2
1261.44 2
1262.16 2
1262.88 2
1263.6 2
1264.32 2
1265.04 2
1265.76 2
1266.48 2
1267.2 2
1267.92 2
1268.64 2
1269.36 2
1270.08 2
1270.8 2
1271.52 2
1272.24 2
1272.96 2
1273.68 2
1274.4 2
1275.12 2
1275.84 2
1276.56 2
1277.28 2
1278.0 2
1278.72 2
1279.44 2
1280.16 2
1280.88 2
1281.6 2
1282.32 2
1283.04 2
1283.76 2
1284.48 2
1285.2 2
1285.92 2
1286.64 2
1287.36 2
1288.08 2
1288.8 2
1289.52 2
1290.24 2
1290.96 2
1291.68 2
1292.4 2
1293.12 2
1293.84 2
1294.56 2
1295.28 2
1296.0 2
1296.72 2
1297.44 2
1298.16 2
1298.88 2
1299.6 2
1300.32 2
1301.04 2
1301.76 2
1302.48 2
1303.2 2
1303.92 2
1304.64 2
1305.36 2
1306.08 2
1306.8 2
1307.52 2
1308.24 2
1308.96 2
1309.68 2
1310.4 2
1311.12 2
1311.84 2
1312.56 2
1313.28 2
1314.0 2
1314.72 2
1315.44 2
1316.16 2
1316.88 2
1317.6 2
1318.32 2
1319.04 2
1319.76 2
1320.48 2
1321.2 2
1321.92 2
1322.64 2
1323.36 2
1324.08 2
1324.8 2
1325.52 2
1326.24 2
1326.96 2
1327.68 2
1328.4 2
1329.12 2
1329.84 2
1330.56 2
1331.28 2
1332.0 2
1332.72 2
1333.44 2
1334.16 2
1334.88 2
1335.6 2
1336.32 2
1337.04 2
1337.76 2
1338.48 2
1339.2 2
1339.92 2
1340.64 2
1341.36 2
1342.08 2
1342.8 2
1343.52 2
1344.24 2
1344.96 2
1345.68 2
1346.4 2
1347.12 2
1347.84 2
1348.56 2
1349.28 2
1350.0 2
1350.72 2
1351.44 2
1352.16 2
1352.88 2
1353.6 2
1354.32 2
1355.04 2
1355.76 2
1356.48 2
1357.2 2
1357.92 2
1358.64 2
1359.36 2
1360.08 2
1360.8 2
1361.52 2
1362.24 2
1362.96 2
1363.68 2
1364.4 2
1365.12 2
1365.84 2
1366.56 2
1367.28 2
1368.0 2
1368.72 2
1369.44 2
1370.16 2
1370.88 2
1371.6 2
1372.32 2
1373.04 2
1373.76 2
1374.48 2
1375.2 2
1375.92 2
1376.64 2
1377.36 2
1378.08 2
1378.8 2
1379.52 2
1380.24 2
1380.96 2
1381.68 2
1382.4 2
1383.12 2
1383.84 2
1384.56 2
1385.28 2
1386.0 2
1386.72 2
1387.44 2
1388.16 2
1388.88 2
1389.6 2
1390.32 2
1391.04 2
1391.76 2
1392.48 2
1393.2 2
1393.92 2
1394.64 2
1395.36 2
1396.08 2
1396.8 2
1397.52 2
1398.24 2
1398.96 2
1399.68 2
1400.4 2
1401.12 2
1401.84 2
1402.56 2
1403.28 2
1404.0 2
1404.72 2
1405.44 2
1406.16 2
1406.88 2
1407.6 2
1408.32 2
1409.04 2
1409.76 2
1410.48 2
1411.2 2
1411.92 2
1412.64 2
1413.36 2
1414.08 2
1414.8 2
1415.52 2
1416.24 2
1416.96 2
1417.68 2
1418.4 2
1419.12 2
1419.84 2
1420.56 2
1421.28 2
1422.0 2
1422.72 2
1423.44 2
1424.16 2
1424.88 2
1425.6 2
1426.32 2
1427.04 2
1427.76 2
1428.48 2
1429.2 2
1429.92 2
1430.64 2
1431.36 2
1432.08 2
1432.8 2
1433.52 2
1434.24 2
1434.96 2
1435.68 2
1436.4 2
1437.12 2
1437.84 2
1438.56 2
1439.28 2
1440.0 2
1440.72 2
1441.44 2
1442.16 2
1442.88 2
1443.6 2
1444.32 2
1445.04 2
1445.76 2
1446.48 2
1447.2 2
1447.92 2
1448.64 2
1449.36 2
1450.08 2
1450.8 2
1451.52 2
1452.24 2
1452.96 2
1453.68 2
1454.4 2
1455.12 2
1455.84 2
1456.56 2
1457.28 2
1458.0 2
1458.72 2
1459.44 2
1460.16 2
1460.88 2
1461.6 2
1462.32 2
1463.04 2
1463.76 2
1464.48 2
1465.2 2
1465.92 2
1466.64 2
1467.36 2
1468.08 2
1468.8 2
1469.52 2
1470.24 2
1470.96 2
1471.68 2
1472.4 2
1473.12 2
1473.84 2
1474.56 2
1475.28 2
1476.0 2
1476.72 2
1477.44 2
1478.16 2
1478.88 2
1479.6 2
1480.32 2
1481.04 2
1481.76 2
1482.48 2
1483.2 2
1483.92 2
1484.64 2
1485.36 2
1486.08 2
1486.8 2
1487.52 2
1488.24 2
1488.96 2
1489.68 2
1490.4 2
1491.12 2
1491.84 2
1492.56 2
1493.28 2
1494.0 2
1494.72 2
1495.44 2
1496.16 2
1496.88 2
1497.6 2
1498.32 2
1499.04 2
1499.76 2
1500.48 2
1501.2 2
1501.92 2
1502.64 2
1503.36 2
1504.08 2
1504.8 2
1505.52 2
1506.24 2
1506.96 2
1507.68 2
1508.4 2
1509.12 2
1509.84 2
1510.56 2
1511.28 2
1512.0 2
1512.72 2
1513.44 2
1514.16 2
1514.88 2
1515.6 2
1516.32 2
1517.04 2
1517.76 2
1518.48 2
1519.2 2
1519.92 2
1520.64 2
1521.36 2
1522.08 2
1522.8 2
1523.52 2
1524.24 2
1524.96 2
1525.68 2
1526.4 2
1527.12 2
1527.84 2
1528.56 2
1529.28 2
1530.0 2
1530.72 2
1531.44 2
1532.16 2
1532.88 2
1533.6 2
1534.32 2
1535.04 2
1535.76 2
1536.48 2
1537.2 2
1537.92 2
1538.64 2
1539.36 2
1540.08 2
1540.8 2
1541.52 2
1542.24 2
1542.96 2
1543.68 2
1544.4 2
1545.12 2
1545.84 2
1546.56 2
1547.28 2
1548.0 2
1548.72 2
1549.44 2
1550.16 2
1550.88 2
1551.6 2
1552.32 2
1553.04 2
1553.76 2
1554.48 2
1555.2 2
1555.92 2
1556.64 2
1557.36 2
1558.08 2
1558.8 2
1559.52 2
1560.24 2
1560.96 2
1561.68 2
1562.4 2
1563.12 2
1563.84 2
1564.56 2
1565.28 2
1566.0 2
1566.72 2
1567.44 2
1568.16 2
1568.88 2
1569.6 2
1570.32 2
1571.04 2
1571.76 2
1572.48 2
1573.2 2
1573.92 2
1574.64 2
1575.36 2
1576.08 2
1576.8 2
1577.52 2
1578.24 2
1578.96 2
1579.68 2
1580.4 2
1581.12 2
1581.84 2
1582.56 2
1583.28 2
1584.0 2
1584.72 2
1585.44 2
1586.16 2
1586.88 2
1587.6 2
1588.32 2
1589.04 2
1589.76 2
1590.48 2
1591.2 2
1591.92 2
1592.64 2
1593.36 2
1594.08 2
1594.8 2
1595.52 2
1596.24 2
1596.96 2
1597.68 2
1598.4 2
1599.12 2
1599.84 2
1600.56 2
1601.28 2
1602.0 2
1602.72 2
1603.44 2
1604.16 2
1604.88 2
1605.6 2
1606.32 2
1607.04 2
1607.76 2
1608.48 2
1609.2 2
1609.92 2
1610.64 2
1611.36 2
1612.08 2
1612.8 2
1613.52 2
1614.24 2
1614.96 2
1615.68 2
1616.4 2
1617.12 2
1617.84 2
1618.56 2
1619.28 2
1620.0 2
1620.72 2
1621.44 2
1622.16 2
1622.88 2
1623.6 2
1624.32 2
1625.04 2
1625.76 2
1626.48 2
1627.2 2
1627.92 2
1628.64 2
1629.36 2
1630.08 2
1630.8 2
1631.52 2
1632.24 2
1632.96 2
1633.68 2
1634.4 2
1635.12 2
1635.84 2
1636.56 2
1637.28 2
1638.0 2
1638.72 2
1639.44 2
1640.16 2
1640.88 2
1641.6 2
1642.32 2
1643.04 2
1643.76 2
1644.48 2
1645.2 2
1645.92 2
1646.64 2
1647.36 2
1648.08 2
1648.8 2
1649.52 2
1650.24 2
1650.96 2
1651.68 2
1652.4 2
1653.12 2
1653.84 2
1654.56 2
1655.28 2
1656.0 2
1656.72 2
1657.44 2
1658.16 2
1658.88 2
1659.6 2
1660.32 2
1661.04 2
1661.76 2
1662.48 2
1663.2 2
1663.92 2
1664.64 2
1665.36 2
1666.08 2
1666.8 2
1667.52 2
1668.24 2
1668.96 2
1669.68 2
1670.4 2
1671.12 2
1671.84 2
1672.56 2
1673.28 2
1674.0 2
1674.72 2
1675.44 2
1676.16 2
1676.88 2
1677.6 2
1678.32 2
1679.04 2
1679.76 2
1680.48 2
1681.2 2
1681.92 2
1682.64 2
1683.36 2
1684.08 2
1684.8 2
1685.52 2
1686.24 2
1686.96 2
1687.68 2
1688.4 2
1689.12 2
1689.84 2
1690.56 2
1691.28 2
1692.0 2
1692.72 2
1693.44 2
1694.16 2
1694.88 2
1695.6 2
1696.32 2
1697.04 2
1697.76 2
1698.48 2
1699.2 2
1699.92 2
1700.64 2
1701.36 2
1702.08 2
1702.8 2
1703.52 2
1704.24 2
1704.96 2
1705.68 4
1706.4 4
1707.12 4
1707.84 4
1708.56 4
1709.28 2
1710.0 2
1710.72 2
1711.44 2
1712.16 2
1712.88 2
1713.6 2
1714.32 2
1715.04 2
1715.76 2
1716.48 2
1717.2 2
1717.92 2
1718.64 2
1719.36 2
1720.08 2
1720.8 2
1721.52 2
1722.24 2
1722.96 2
1723.68 2
1724.4 2
1725.12 2
1725.84 2
1726.56 2
1727.28 2
1728.0 2
1728.72 2
1729.44 2
1730.16 2
1730.88 2
1731.6 2
1732.32 2
1733.04 2
1733.76 2
1734.48 2
1735.2 2
1735.92 2
1736.64 2
1737.36 2
1738.08 2
1738.8 2
1739.52 2
1740.24 2
1740.96 2
1741.68 2
1742.4 2
1743.12 2
1743.84 2
1744.56 2
1745.28 2
1746.0 2
1746.72 2
1747.44 2
1748.16 2
1748.88 2
1749.6 2
1750.32 2
1751.04 2
1751.76 2
1752.48 2
1753.2 2
1753.92 2
1754.64 2
1755.36 2
1756.08 2
1756.8 2
1757.52 2
1758.24 2
1758.96 2
1759.68 2
1760.4 2
1761.12 2
1761.84 2
1762.56 2
1763.28 2
1764.0 2
1764.72 2
1765.44 2
1766.16 2
1766.88 2
1767.6 2
1768.32 2
1769.04 2
1769.76 2
1770.48 2
1771.2 2
1771.92 2
1772.64 2
1773.36 2
1774.08 2
1774.8 2
1775.52 2
1776.24 2
1776.96 2
1777.68 2
1778.4 2
1779.12 2
1779.84 2
1780.56 2
1781.28 2
1782.0 2
1782.72 2
1783.44 2
1784.16 2
1784.88 2
1785.6 2
1786.32 2
1787.04 2
1787.76 2
1788.48 2
1789.2 2
1789.92 2
1790.64 2
1791.36 2
1792.08 2
1792.8 2
1793.52 2
1794.24 2
1794.96 2
1795.68 2
1796.4 2
1797.12 2
1797.84 2
1798.56 2
1799.28 2
1800.0 2
1800.72 2
1801.44 2
1802.16 2
1802.88 2
1803.6 2
1804.32 2
1805.04 2
1805.76 2
1806.48 2
1807.2 2
1807.92 2
1808.64 2
1809.36 2
1810.08 2
1810.8 2
1811.52 2
1812.24 2
1812.96 2
1813.68 2
1814.4 2
1815.12 2
1815.84 2
1816.56 2
1817.28 2
1818.0 2
1818.72 2
1819.44 2
1820.16 2
1820.88 2
1821.6 2
1822.32 2
1823.04 2
1823.76 2
1824.48 2
1825.2 2
1825.92 2
1826.64 2
1827.36 2
1828.08 2
1828.8 2
1829.52 2
1830.24 2
1830.96 2
1831.68 2
1832.4 2
1833.12 2
1833.84 2
1834.56 2
1835.28 2
1836.0 2
1836.72 2
1837.44 2
1838.16 2
1838.88 2
1839.6 2
1840.32 2
1841.04 2
1841.76 2
1842.48 2
1843.2 2
1843.92 2
1844.64 2
1845.36 2
1846.08 2
1846.8 2
1847.52 2
1848.24 2
1848.96 2
1849.68 2
1850.4 2
1851.12 2
1851.84 2
1852.56 2
1853.28 2
1854.0 2
1854.72 2
1855.44 2
1856.16 2
1856.88 2
1857.6 2
1858.32 2
1859.04 2
1859.76 2
1860.48 2
1861.2 2
1861.92 2
1862.64 2
1863.36 2
1864.08 2
1864.8 2
1865.52 2
1866.24 2
1866.96 2
1867.68 2
1868.4 2
1869.12 2
1869.84 2
1870.56 2
1871.28 2
1872.0 2
1872.72 2
1873.44 2
1874.16 2
1874.88 2
1875.6 2
1876.32 2
1877.04 2
1877.76 2
1878.48 2
1879.2 2
1879.92 2
1880.64 2
1881.36 2
1882.08 2
1882.8 2
1883.52 2
1884.24 2
1884.96 2
1885.68 2
1886.4 2
1887.12 2
1887.84 2
1888.56 2
1889.28 2
1890.0 2
1890.72 2
1891.44 2
1892.16 2
1892.88 2
1893.6 2
1894.32 2
1895.04 2
1895.76 2
1896.48 2
1897.2 2
1897.92 2
1898.64 2
1899.36 2
1900.08 2
1900.8 2
1901.52 2
1902.24 2
1902.96 2
1903.68 2
1904.4 2
1905.12 2
1905.84 2
1906.56 2
1907.28 2
1908.0 2
1908.72 2
1909.44 2
1910.16 2
1910.88 2
1911.6 2
1912.32 2
1913.04 2
1913.76 2
1914.48 2
1915.2 2
1915.92 2
1916.64 2
1917.36 2
1918.08 2
1918.8 2
1919.52 2
1920.24 2
1920.96 2
1921.68 2
1922.4 2
1923.12 2
1923.84 2
1924.56 2
1925.28 2
1926.0 2
1926.72 2
1927.44 2
1928.16 2
1928.88 2
1929.6 2
1930.32 2
1931.04 2
1931.76 2
1932.48 2
1933.2 2
1933.92 2
1934.64 2
1935.36 2
1936.08 2
1936.8 2
1937.52 2
1938.24 2
1938.96 2
1939.68 2
1940.4 2
1941.12 2
1941.84 2
1942.56 2
1943.28 2
1944.0 2
1944.72 2
1945.44 2
1946.16 2
1946.88 2
1947.6 2
1948.32 2
1949.04 2
1949.76 2
1950.48 2
1951.2 2
1951.92 2
1952.64 2
1953.36 2
1954.08 2
1954.8 2
1955.52 2
1956.24 2
1956.96 2
1957.68 2
1958.4 2
1959.12 2
1959.84 2
1960.56 2
1961.28 2
1962.0 2
1962.72 2
1963.44 2
1964.16 2
1964.88 2
1965.6 2
1966.32 2
1967.04 2
1967.76 2
1968.48 2
1969.2 2
1969.92 2
1970.64 2
1971.36 2
1972.08 2
1972.8 2
1973.52 2
1974.24 2
1974.96 2
1975.68 2
1976.4 2
1977.12 2
1977.84 2
1978.56 2
1979.28 2
1980.0 2
1980.72 2
1981.44 2
1982.16 2
1982.88 2
1983.6 2
1984.32 2
1985.04 2
1985.76 2
1986.48 2
1987.2 2
1987.92 2
1988.64 2
1989.36 2
1990.08 2
1990.8 2
1991.52 2
1992.24 2
1992.96 2
1993.68 2
1994.4 2
1995.12 2
1995.84 2
1996.56 2
1997.28 2
1998.0 2
1998.72 2
1999.44 2
