1700.04 0
1700.16 0
1700.28 0
1700.4 0
1700.52 0
1700.64 0
1700.76 0
1700.88 0
1701.0 0
1701.12 0
1701.24 0
1701.36 0
1701.48 0
1701.6 0
1701.72 0
1701.84 0
1701.96 0
1702.08 0
1702.2 0
1702.32 0
1702.44 0
1702.56 0
1702.68 0
1702.8 0
1702.92 0
1703.04 0
1703.16 0
1703.28 0
1703.4 0
1703.52 0
1703.64 0
1703.76 0
1703.88 0
1704.0 0
1704.12 0
1704.24 0
1704.36 0
1704.48 0
1704.6 0
1704.72 0
1704.84 0
1704.96 0
1705.08 0
1705.2 0
1705.32 0
1705.44 0
1705.56 0
1705.68 0
1705.8 0
1705.92 0
1706.04 0
1706.16 0
1706.28 0
1706.4 0
1706.52 0
1706.64 0
1706.76 0
1706.88 0
1707.0 0
1707.12 0
1707.24 0
1707.36 0
1707.48 0
1707.6 0
1707.72 0
1707.84 0
1707.96 0
1708.08 0
1708.2 0
1708.32 0
1708.44 0
1708.56 0
1708.68 0
1708.8 0
1708.92 0
1709.04 0
1709.16 0
1709.28 0
1709.4 0
1709.52 0
1709.64 0
1709.76 0
1709.88 0
1710.0 0
