1190.04 -191.1
1190.16 -267.06
1190.28 -261.21
1190.4 -255.37
1190.52 -249.52
1190.64 -243.67
1190.76 -237.83
1190.88 -231.98
1191.0 -226.13
1191.12 -220.28
1191.24 -214.44
1191.36 -208.59
1191.48 -202.74
1191.6 -196.89
1191.72 -191.05
1191.84 -185.2
1191.96 -179.35
1192.08 -173.5
1192.2 -167.66
1192.32 -161.81
1192.44 -155.96
1192.56 -150.11
1192.68 -144.27
1192.8 -261.15
1192.92 -255.3
1193.04 -249.45
1193.16 -243.61
1193.28 -237.76
1193.4 -231.91
1193.52 -226.06
1193.64 -220.21
1193.76 -214.37
1193.88 -208.52
1194.0 -202.67
1194.12 -196.82
1194.24 -190.98
1194.36 -185.13
1194.48 -179.28
1194.6 -255.24
1194.72 -249.39
1194.84 -243.55
1194.96 -237.7
1195.08 -231.85
1195.2 -226.0
1195.32 -220.15
1195.44 -214.31
1195.56 -208.46
1195.68 -202.61
1195.8 -196.76
1195.92 -190.91
1196.04 -185.07
1196.16 -261.03
1196.28 -255.18
1196.4 -249.33
1196.52 -243.48
1196.64 -237.64
1196.76 -231.79
1196.88 -225.94
1197.0 -220.09
1197.12 -214.24
1197.24 -208.39
1197.36 -202.55
1197.48 -196.7
1197.6 -190.85
1197.72 -185.0
1197.84 -179.15
1197.96 -173.3
1198.08 -208.37
1198.2 -202.52
1198.32 -196.67
1198.44 -190.82
1198.56 -184.97
1198.68 -179.12
1198.8 -173.27
1198.92 -167.43
1199.04 -161.58
1199.16 -155.73
1199.28 -231.69
1199.4 -225.84
1199.52 -219.99
1199.64 -214.14
1199.76 -208.29
1199.88 -202.45
1200.0 -196.6
1200.12 -190.75
1200.24 -184.9
1200.36 -179.05
1200.48 -173.2
1200.6 -167.35
1200.72 -161.5
1200.84 -155.65
1200.96 -149.81
1201.08 -143.96
1201.2 -138.11
1201.32 -132.26
1201.44 -126.41
1201.56 -120.56
1201.68 -114.71
1201.8 -108.86
1201.92 -103.01
1202.04 -97.16
1202.16 -91.31
1202.28 -85.47
1202.4 -79.62
1202.52 -73.77
1202.64 -67.92
1202.76 -62.07
1202.88 -56.22
1203.0 -50.37
1203.12 -44.52
1203.24 -38.67
1203.36 -32.82
1203.48 -26.97
1203.6 -21.12
1203.72 -15.27
1203.84 -9.42
1203.96 -3.58
1204.08 2.27
1204.2 8.06
1204.32 13.77
1204.44 19.42
1204.56 24.99
1204.68 30.5
1204.8 35.95
1204.92 41.32
1205.04 46.62
1205.16 51.86
1205.28 57.02
1205.4 62.12
1205.52 67.15
1205.64 72.1
1205.76 76.99
1205.88 81.81
1206.0 86.56
1206.12 91.24
1206.24 95.85
1206.36 100.38
1206.48 -263.32
1206.6 -258.85
1206.72 -254.37
1206.84 -249.9
1206.96 -245.42
1207.08 -240.94
1207.2 -236.45
1207.32 -231.97
1207.44 -227.48
1207.56 -222.99
1207.68 -259.39
1207.8 -295.81
1207.92 -291.31
1208.04 -286.81
1208.16 -282.3
1208.28 -277.8
1208.4 -273.29
1208.52 -268.77
1208.64 -264.26
1208.76 -300.65
1208.88 -296.13
1209.0 -291.61
1209.12 -287.09
1209.24 -282.56
1209.36 -318.93
1209.48 -314.4
1209.6 -309.87
1209.72 -305.33
1209.84 -300.79
1209.96 -295.63
1210.08 -289.95
1210.2 -284.28
1210.32 -278.61
1210.44 -272.94
1210.56 -267.28
1210.68 -261.62
1210.8 -255.96
1210.92 -250.31
1211.04 -244.66
1211.16 -239.02
1211.28 -233.37
1211.4 -227.74
1211.52 -222.1
1211.64 -216.47
1211.76 -210.85
1211.88 -287.04
1212.0 -281.42
1212.12 -275.81
1212.24 -270.2
1212.36 -305.49
1212.48 -299.88
1212.6 -335.19
1212.72 -329.59
1212.84 -324.0
1212.96 -318.4
1213.08 -312.82
1213.2 -307.23
1213.32 -301.65
1213.44 -336.98
1213.56 -331.41
1213.68 -325.83
1213.8 -320.27
1213.92 -314.7
1214.04 -309.14
1214.16 -303.58
1214.28 -298.02
1214.4 -292.47
1214.52 -286.92
1214.64 -281.38
1214.76 -275.83
1214.88 -270.29
1215.0 -264.76
1215.12 -259.22
1215.24 -253.69
1215.36 -329.97
1215.48 -324.45
1215.6 -318.93
1215.72 -313.41
1215.84 -307.9
1215.96 -302.38
1216.08 -296.87
1216.2 -291.37
1216.32 -285.86
1216.44 -321.27
1216.56 -315.77
1216.68 -310.28
1216.8 -304.79
1216.92 -299.3
1217.04 -293.81
1217.16 -329.24
1217.28 -323.76
1217.4 -318.28
1217.52 -312.8
1217.64 -307.33
1217.76 -301.86
1217.88 -296.39
1218.0 -290.93
1218.12 -285.47
1218.24 -280.01
1218.36 -274.55
1218.48 -269.1
1218.6 -263.65
1218.72 -258.2
1218.84 -252.75
1218.96 -247.31
1219.08 -241.87
1219.2 -236.43
1219.32 -230.99
1219.44 -348.28
1219.56 -342.85
1219.68 -337.42
1219.8 -332.0
1219.92 -326.57
