975.0 2
975.12 2
975.24 2
975.36 2
975.48 2
975.6 2
975.72 2
975.84 2
975.96 2
976.08 2
976.2 2
976.32 2
976.44 2
976.56 2
976.68 2
976.8 2
976.92 2
977.04 2
977.16 2
977.28 2
977.4 2
977.52 2
977.64 2
977.76 2
977.88 2
978.0 2
978.12 2
978.24 2
978.36 2
978.48 2
978.6 2
978.72 2
978.84 2
978.96 2
979.08 2
979.2 2
979.32 2
979.44 2
979.56 2
979.68 2
979.8 2
979.92 2
980.04 2
980.16 2
980.28 2
980.4 2
980.52 2
980.64 2
980.76 2
980.88 2
981.0 2
981.12 2
981.24 2
981.36 2
981.48 2
981.6 2
981.72 2
981.84 2
981.96 2
982.08 2
982.2 2
982.32 2
982.44 2
982.56 2
982.68 2
982.8 2
982.92 2
983.04 2
983.16 2
983.28 2
983.4 2
983.52 2
983.64 2
983.76 2
983.88 2
984.0 2
984.12 2
984.24 2
984.36 2
984.48 2
984.6 2
984.72 2
984.84 2
984.96 2
985.08 2
985.2 2
985.32 2
985.44 2
985.56 2
985.68 2
985.8 2
985.92 2
986.04 2
986.16 2
986.28 2
986.4 2
986.52 2
986.64 2
986.76 2
986.88 2
987.0 2
987.12 2
987.24 2
987.36 2
987.48 2
987.6 2
987.72 2
987.84 2
987.96 2
988.08 2
988.2 2
988.32 2
988.44 2
988.56 2
988.68 2
988.8 2
988.92 2
989.04 2
989.16 2
989.28 2
989.4 2
989.52 2
989.64 2
989.76 2
989.88 2
990.0 2
990.12 2
990.24 2
990.36 2
990.48 2
990.6 2
990.72 2
990.84 2
990.96 2
991.08 2
991.2 2
991.32 2
991.44 2
991.56 2
991.68 2
991.8 2
991.92 2
992.04 2
992.16 2
992.28 2
992.4 2
992.52 2
992.64 2
992.76 2
992.88 2
993.0 2
993.12 2
993.24 2
993.36 2
993.48 2
993.6 2
993.72 2
993.84 2
993.96 2
994.08 2
994.2 2
994.32 2
994.44 2
994.56 2
994.68 2
994.8 2
994.92 2
995.04 2
995.16 2
995.28 2
995.4 2
995.52 2
995.64 2
995.76 2
995.88 2
996.0 2
996.12 2
996.24 2
996.36 2
996.48 2
996.6 2
996.72 2
996.84 2
996.96 2
997.08 2
997.2 2
997.32 2
997.44 2
997.56 2
997.68 2
997.8 2
997.92 2
998.04 2
998.16 2
998.28 2
998.4 2
998.52 2
998.64 2
998.76 2
998.88 2
999.0 2
999.12 2
999.24 2
999.36 2
999.48 2
999.6 2
999.72 2
999.84 2
999.96 2
1000.08 2
1000.2 2
1000.32 2
1000.44 2
1000.56 2
1000.68 2
1000.8 2
1000.92 2
1001.04 2
1001.16 2
1001.28 2
1001.4 2
1001.52 2
1001.64 2
1001.76 2
1001.88 2
1002.0 2
1002.12 2
1002.24 2
1002.36 2
1002.48 2
1002.6 2
1002.72 2
1002.84 2
1002.96 2
1003.08 2
1003.2 2
1003.32 2
1003.44 2
1003.56 2
1003.68 2
1003.8 2
1003.92 2
1004.04 2
1004.16 2
1004.28 2
1004.4 2
1004.52 2
1004.64 2
1004.76 2
1004.88 2
1005.0 2
1005.12 2
1005.24 2
1005.36 2
1005.48 2
1005.6 2
1005.72 2
1005.84 2
1005.96 2
1006.08 2
1006.2 2
1006.32 2
1006.44 2
1006.56 2
1006.68 2
1006.8 2
1006.92 2
1007.04 2
1007.16 2
1007.28 2
1007.4 2
1007.52 2
1007.64 2
1007.76 2
1007.88 2
1008.0 2
1008.12 2
1008.24 2
1008.36 2
1008.48 2
1008.6 2
1008.72 2
1008.84 2
1008.96 2
1009.08 2
1009.2 2
1009.32 2
1009.44 2
1009.56 2
1009.68 2
1009.8 2
1009.92 2
1010.04 2
1010.16 2
1010.28 2
1010.4 2
1010.52 2
1010.64 2
1010.76 2
1010.88 2
1011.0 2
1011.12 2
1011.24 2
1011.36 2
1011.48 2
1011.6 2
1011.72 2
1011.84 2
1011.96 2
1012.08 2
1012.2 2
1012.32 2
1012.44 2
1012.56 2
1012.68 2
1012.8 2
1012.92 2
1013.04 2
1013.16 2
1013.28 2
1013.4 2
1013.52 2
1013.64 2
1013.76 2
1013.88 2
1014.0 2
1014.12 2
1014.24 2
1014.36 2
1014.48 2
1014.6 2
1014.72 2
1014.84 2
1014.96 2
1015.08 2
1015.2 2
1015.32 2
1015.44 2
1015.56 2
1015.68 2
1015.8 2
1015.92 2
1016.04 2
1016.16 2
1016.28 2
1016.4 2
1016.52 2
1016.64 2
1016.76 2
1016.88 2
1017.0 2
1017.12 2
1017.24 2
1017.36 2
1017.48 2
1017.6 2
1017.72 2
1017.84 2
1017.96 2
1018.08 2
1018.2 2
1018.32 2
1018.44 2
1018.56 2
1018.68 2
1018.8 2
1018.92 2
1019.04 2
1019.16 2
1019.28 2
1019.4 2
1019.52 2
1019.64 2
1019.76 2
1019.88 2
1020.0 2
1020.12 2
1020.24 2
1020.36 2
1020.48 2
1020.6 2
1020.72 2
1020.84 2
1020.96 2
1021.08 2
1021.2 2
1021.32 2
1021.44 2
1021.56 2
1021.68 2
1021.8 2
1021.92 2
1022.04 2
1022.16 2
1022.28 2
1022.4 2
1022.52 2
1022.64 2
1022.76 2
1022.88 2
1023.0 2
1023.12 2
1023.24 2
1023.36 2
1023.48 2
1023.6 2
1023.72 2
1023.84 2
1023.96 2
1024.08 2
1024.2 2
1024.32 2
1024.44 2
1024.56 2
1024.68 2
1024.8 2
1024.92 2
1025.04 2
1025.16 2
1025.28 2
1025.4 2
1025.52 2
1025.64 2
1025.76 2
1025.88 2
1026.0 2
1026.12 2
1026.24 2
1026.36 2
1026.48 2
1026.6 2
1026.72 2
1026.84 2
1026.96 2
1027.08 2
1027.2 2
1027.32 2
1027.44 2
1027.56 2
1027.68 2
1027.8 2
1027.92 2
1028.04 2
1028.16 2
1028.28 2
1028.4 2
1028.52 2
1028.64 2
1028.76 2
1028.88 2
1029.0 2
1029.12 2
1029.24 2
1029.36 2
1029.48 2
1029.6 2
1029.72 2
1029.84 2
1029.96 2
1030.08 2
1030.2 2
1030.32 2
1030.44 2
1030.56 2
1030.68 2
1030.8 2
1030.92 2
1031.04 2
1031.16 2
1031.28 2
1031.4 2
1031.52 2
1031.64 2
1031.76 2
1031.88 2
1032.0 2
1032.12 2
1032.24 2
1032.36 2
1032.48 2
1032.6 2
1032.72 2
1032.84 2
1032.96 2
1033.08 2
1033.2 2
1033.32 2
1033.44 2
1033.56 2
1033.68 2
1033.8 2
1033.92 2
1034.04 2
1034.16 2
1034.28 2
1034.4 2
1034.52 2
1034.64 2
1034.76 2
1034.88 2
1035.0 2
1035.12 2
1035.24 2
1035.36 2
1035.48 2
1035.6 2
1035.72 2
1035.84 2
1035.96 2
1036.08 2
1036.2 2
1036.32 2
1036.44 2
1036.56 2
1036.68 2
1036.8 2
1036.92 2
1037.04 2
1037.16 2
1037.28 2
1037.4 2
1037.52 2
1037.64 2
1037.76 2
1037.88 2
1038.0 2
1038.12 2
1038.24 2
1038.36 2
1038.48 2
1038.6 2
1038.72 2
1038.84 2
1038.96 2
1039.08 2
1039.2 2
1039.32 2
1039.44 2
1039.56 2
1039.68 2
1039.8 2
1039.92 2
1040.04 2
1040.16 2
1040.28 2
1040.4 2
1040.52 2
1040.64 2
1040.76 2
1040.88 2
1041.0 2
1041.12 2
1041.24 2
1041.36 2
1041.48 2
1041.6 2
1041.72 2
1041.84 2
1041.96 2
1042.08 2
1042.2 2
1042.32 2
1042.44 2
1042.56 2
1042.68 2
1042.8 2
1042.92 2
1043.04 2
1043.16 2
1043.28 2
1043.4 2
1043.52 2
1043.64 2
1043.76 2
1043.88 2
1044.0 2
1044.12 2
1044.24 2
1044.36 2
1044.48 2
1044.6 2
1044.72 2
1044.84 2
1044.96 2
1045.08 2
1045.2 2
1045.32 2
1045.44 2
1045.56 2
1045.68 2
1045.8 2
1045.92 2
1046.04 2
1046.16 2
1046.28 2
1046.4 2
1046.52 2
1046.64 2
1046.76 2
1046.88 2
1047.0 2
1047.12 2
1047.24 2
1047.36 2
1047.48 2
1047.6 2
1047.72 2
1047.84 2
1047.96 2
1048.08 2
1048.2 2
1048.32 2
1048.44 2
1048.56 2
1048.68 2
1048.8 2
1048.92 2
1049.04 2
1049.16 2
1049.28 2
1049.4 2
1049.52 2
1049.64 2
1049.76 2
1049.88 2
1050.0 2
