115.08 5626.73
115.2 5632.64
115.32 5638.55
115.44 5644.46
115.56 5650.33
115.68 5656.23
115.8 5662.14
115.92 5668.05
116.04 5673.96
116.16 5679.87
116.28 5685.78
116.4 5691.68
116.52 5698.27
116.64 5704.18
116.76 5710.09
116.88 5716.0
117.0 5721.91
117.12 5727.81
117.24 5733.88
117.36 5739.79
117.48 5745.7
117.6 5751.61
117.72 5757.51
117.84 5763.42
117.96 5769.33
118.08 5776.12
118.2 5782.03
118.32 5787.93
118.44 5793.84
118.56 5799.75
118.68 5805.65
118.8 5811.56
118.92 5818.07
119.04 5823.98
119.16 5829.88
119.28 5835.79
119.4 5841.7
119.52 5847.6
119.64 5853.51
119.76 5859.37
119.88 5865.28
120.0 5871.18
120.12 5877.09
120.24 5882.99
120.36 5888.9
120.48 5894.81
120.6 5901.31
120.72 5907.22
120.84 5913.13
120.96 5919.03
121.08 5924.94
121.2 5930.84
121.32 5936.75
121.44 5943.53
121.56 5949.43
121.68 5955.34
121.8 5961.24
121.92 5967.15
122.04 5973.06
122.16 5978.96
122.28 5984.87
122.4 5990.81
122.52 5996.72
122.64 6002.62
122.76 6008.53
122.88 6014.43
123.0 6020.34
123.12 6026.74
123.24 6032.65
123.36 6038.55
123.48 6044.46
123.6 6050.36
123.72 6056.27
123.84 6062.17
123.96 6068.08
124.08 6074.37
124.2 6080.28
124.32 6086.18
124.44 6092.09
124.56 6097.99
124.68 6103.89
124.8 6109.8
124.92 6116.01
125.04 6121.92
125.16 6127.82
125.28 6133.72
125.4 6139.63
125.52 6145.53
125.64 6151.29
125.76 6157.19
125.88 6163.09
126.0 6169.0
126.12 6174.9
126.24 6180.8
126.36 6186.71
126.48 6193.2
126.6 6199.11
126.72 6205.01
126.84 6210.91
126.96 6216.82
127.08 6222.72
127.2 6228.62
127.32 6234.52
127.44 6240.81
127.56 6246.71
127.68 6252.61
127.8 6258.52
127.92 6264.42
128.04 6270.32
128.16 6276.09
128.28 6281.99
128.4 6287.89
128.52 6293.79
128.64 6299.69
128.76 6305.6
128.88 6311.5
129.0 6317.98
129.12 6323.88
129.24 6329.79
129.36 6335.69
129.48 6341.59
129.6 6347.49
129.72 6353.39
129.84 6359.88
129.96 6365.78
