115.08 5814.87
115.2 5820.78
115.32 5826.69
115.44 5832.6
115.56 5839.11
115.68 5845.01
115.8 5850.92
115.92 5856.83
116.04 5862.74
116.16 5868.65
116.28 5874.56
116.4 5880.46
116.52 5887.06
116.64 5892.97
116.76 5898.88
116.88 5904.79
117.0 5910.7
117.12 5916.6
117.24 5922.43
117.36 5928.34
117.48 5934.25
117.6 5940.16
117.72 5946.06
117.84 5951.97
117.96 5957.88
118.08 5964.49
118.2 5970.4
118.32 5976.3
118.44 5982.21
118.56 5988.12
118.68 5994.02
118.8 5999.93
118.92 6006.44
119.04 6012.35
119.16 6018.25
119.28 6024.16
119.4 6030.07
119.52 6035.97
119.64 6041.88
119.76 6047.7
119.88 6053.61
120.0 6059.51
120.12 6065.42
120.24 6071.32
120.36 6077.23
120.48 6083.14
120.6 6089.63
120.72 6095.54
120.84 6101.45
120.96 6107.35
121.08 6113.26
121.2 6119.16
121.32 6125.07
121.44 6131.67
121.56 6137.57
121.68 6143.48
121.8 6149.38
121.92 6155.29
122.04 6161.2
122.16 6167.1
122.28 6173.01
122.4 6178.91
122.52 6184.82
122.64 6190.72
122.76 6196.63
122.88 6202.53
123.0 6208.44
123.12 6214.84
123.24 6220.75
123.36 6226.65
123.48 6232.56
123.6 6238.46
123.72 6244.37
123.84 6250.27
123.96 6256.18
124.08 6262.66
124.2 6268.57
124.32 6274.47
124.44 6280.38
124.56 6286.28
124.68 6292.18
124.8 6298.09
124.92 6303.8
125.04 6309.71
125.16 6315.61
125.28 6321.51
125.4 6327.42
125.52 6333.32
125.64 6339.74
125.76 6345.64
125.88 6351.54
126.0 6357.45
126.12 6363.35
126.24 6369.25
126.36 6375.16
126.48 6381.64
126.6 6387.55
126.72 6393.45
126.84 6399.35
126.96 6405.26
127.08 6411.16
127.2 6417.06
127.32 6422.96
127.44 6429.44
127.56 6435.34
127.68 6441.24
127.8 6447.15
127.92 6453.05
128.04 6458.95
128.16 6464.68
128.28 6470.58
128.4 6476.48
128.52 6482.38
128.64 6488.28
128.76 6494.19
128.88 6500.09
129.0 6506.57
129.12 6512.47
129.24 6518.38
129.36 6524.28
129.48 6530.18
129.6 6536.08
129.72 6541.98
129.84 6548.47
129.96 6554.37
