0 1
1.05 1
2.1 1
3.14999999999999 2
4.19999999999999 2
5.25 2
6.30000000000001 2
7.35000000000002 2
8.40000000000001 1
9.44999999999999 1
10.5 1
11.5499999999999 1
12.5999999999999 2
13.6499999999999 1
14.6999999999999 1
15.7499999999999 1
16.7999999999999 2
17.8499999999999 2
18.9 2
19.95 2
21 2
22.0500000000001 2
23.1000000000001 2
24.1500000000002 2
25.2000000000002 2
26.2500000000002 2
27.3000000000003 2
28.3500000000003 2
29.4000000000004 2
30.4500000000004 2
31.5000000000004 2
32.5500000000005 2
33.6000000000005 1
34.6500000000006 2
35.7000000000006 1
36.7500000000006 1
37.8000000000007 1
38.8500000000007 2
39.9000000000008 1
40.9500000000008 1
42.0000000000008 1
43.0500000000009 2
44.1000000000009 2
45.150000000001 2
46.200000000001 2
47.250000000001 1
48.3000000000011 2
49.3500000000011 2
50.4000000000011 2
51.4500000000012 2
52.5000000000012 2
53.5500000000013 2
54.6000000000013 2
55.6500000000013 2
56.7000000000014 2
57.7500000000014 2
58.8000000000015 2
59.8500000000015 2
60.9000000000015 2
61.9500000000016 2
63.0000000000016 2
64.0500000000017 2
65.1000000000017 2
66.1500000000017 2
67.2000000000018 2
68.2500000000018 2
69.3000000000019 2
70.3500000000019 2
71.4000000000019 2
72.450000000002 2
73.500000000002 2
74.5500000000021 2
75.6000000000021 2
76.6500000000021 2
77.7000000000022 2
78.7500000000022 2
79.8000000000023 2
80.8500000000023 2
81.9000000000023 2
82.9500000000024 2
84.0000000000024 1
85.0500000000025 2
86.1000000000025 2
87.1500000000025 2
88.2000000000026 2
89.2500000000026 2
90.3000000000027 2
91.3500000000027 2
92.4000000000027 2
93.4500000000028 2
94.5000000000028 2
95.5500000000029 2
96.6000000000029 2
97.6500000000029 2
98.700000000003 2
99.750000000003 2
100.800000000003 2
101.850000000003 2
102.900000000003 1
103.950000000003 2
105.000000000003 2
106.050000000003 1
107.100000000003 2
108.150000000003 1
109.200000000003 1
110.250000000003 2
111.300000000003 2
112.350000000003 2
113.400000000004 2
114.450000000004 2
115.500000000004 2
116.550000000004 2
117.600000000004 2
118.650000000004 2
119.700000000004 1
120.750000000004 1
121.800000000004 2
122.850000000004 2
123.900000000004 2
124.950000000004 2
126.000000000004 2
127.050000000004 2
128.100000000004 2
129.150000000004 2
130.200000000004 2
131.250000000004 2
132.300000000004 2
133.350000000004 2
134.400000000004 2
135.450000000004 2
136.500000000004 2
137.550000000004 2
138.600000000004 2
139.650000000005 2
140.700000000005 2
141.750000000005 2
142.800000000005 2
143.850000000005 2
144.900000000005 2
145.950000000005 2
147.000000000005 2
148.050000000005 2
149.100000000005 2
150.150000000005 2
151.200000000005 2
152.250000000005 2
153.300000000005 2
154.350000000005 2
155.400000000005 2
156.450000000005 2
157.500000000005 2
158.550000000005 2
159.600000000005 2
160.650000000005 2
161.700000000005 2
162.750000000005 2
163.800000000005 2
164.850000000005 4
165.900000000006 4
166.950000000006 4
168.000000000006 4
169.050000000006 2
170.100000000006 2
171.150000000006 2
172.200000000006 2
173.250000000006 2
174.300000000006 2
175.350000000006 2
176.400000000006 2
177.450000000006 2
178.500000000006 2
179.550000000006 2
180.600000000006 2
181.650000000006 2
182.700000000006 2
183.750000000006 2
184.800000000006 2
185.850000000006 2
186.900000000006 2
187.950000000006 2
189.000000000006 2
190.050000000006 2
191.100000000006 2
192.150000000007 2
193.200000000007 2
194.250000000007 2
195.300000000007 2
196.350000000007 2
197.400000000007 2
198.450000000007 2
199.500000000007 2
200.550000000007 2
201.600000000007 2
202.650000000007 2
203.700000000007 2
204.750000000007 2
205.800000000007 3
206.850000000007 3
207.900000000007 3
208.950000000007 3
210.000000000007 3
211.050000000007 3
212.100000000007 3
213.150000000007 3
214.200000000007 3
215.250000000007 3
216.300000000007 3
217.350000000007 3
218.400000000008 3
219.450000000008 3
220.500000000008 3
221.550000000008 3
222.600000000008 3
223.650000000008 3
224.700000000008 3
225.750000000008 3
226.800000000008 3
227.850000000008 3
228.900000000008 3
229.950000000008 3
231.000000000008 3
232.050000000008 3
233.100000000008 3
234.150000000008 3
235.200000000008 3
236.250000000008 3
237.300000000008 3
238.350000000008 3
239.400000000008 3
240.450000000008 3
241.500000000008 3
242.550000000008 3
243.600000000008 3
244.650000000009 3
245.700000000009 3
246.750000000009 3
247.800000000009 3
248.850000000009 3
249.900000000009 3
250.950000000009 3
252.000000000009 3
253.050000000009 3
254.100000000009 3
255.150000000009 3
256.200000000009 2
257.250000000008 2
258.300000000007 2
259.350000000006 2
260.400000000005 2
261.450000000004 2
262.500000000003 2
263.550000000002 2
264.600000000001 2
265.65 2
266.699999999999 2
267.749999999998 2
268.799999999997 2
269.849999999996 2
270.899999999995 2
271.949999999994 2
272.999999999993 2
274.049999999993 2
275.099999999992 2
276.149999999991 2
277.19999999999 2
278.249999999989 2
279.299999999988 2
280.349999999987 2
281.399999999986 2
282.449999999985 2
283.499999999984 2
284.549999999983 2
285.599999999982 2
286.649999999981 2
287.69999999998 2
288.749999999979 2
289.799999999978 2
290.849999999977 2
291.899999999976 2
292.949999999975 2
293.999999999974 2
295.049999999973 2
296.099999999972 2
297.149999999971 2
298.199999999971 2
299.24999999997 2
300.299999999969 2
301.349999999968 2
302.399999999967 2
303.449999999966 2
304.499999999965 2
305.549999999964 2
306.599999999963 2
307.649999999962 2
308.699999999961 2
309.74999999996 2
310.799999999959 2
311.849999999958 2
312.899999999957 2
313.949999999956 2
314.999999999955 2
316.049999999954 2
317.099999999953 2
318.149999999952 2
319.199999999951 2
320.24999999995 2
321.29999999995 2
322.349999999949 2
323.399999999948 2
324.449999999947 2
325.499999999946 2
326.549999999945 2
327.599999999944 2
328.649999999943 2
329.699999999942 2
330.749999999941 2
331.79999999994 2
332.849999999939 2
333.899999999938 2
334.949999999937 2
335.999999999936 2
337.049999999935 2
338.099999999934 2
339.149999999933 2
340.199999999932 2
341.249999999931 1
342.29999999993 1
343.349999999929 1
344.399999999929 1
345.449999999928 1
346.499999999927 1
347.549999999926 1
348.599999999925 1
349.649999999924 1
