0 0.016215
0.75 0.014228
1.5 0.012473
2.25 0.010708
3 0.009246
3.74999999999999 0.00782
4.49999999999999 0.006398
5.25 0.005105
6.00000000000001 0.003969
6.75000000000001 0.002896
7.50000000000002 0.00186
8.25000000000002 0.000996
9 0.000215
9.74999999999998 -0.000361
10.5 -0.000697
11.25 -0.000932
11.9999999999999 -0.001143
12.7499999999999 -0.00132
13.4999999999999 -0.001458
14.2499999999999 -0.001578
14.9999999999999 0.001039
15.7499999999999 0.071989
16.4999999999999 0.145439
17.2499999999999 0.182902
17.9999999999999 0.208611
18.75 0.234318
19.5 0.25996
20.25 0.285554
21 0.310872
21.7500000000001 0.336127
22.5000000000001 0.360741
23.2500000000001 0.384871
24.0000000000002 0.408139
24.7500000000002 0.430577
25.5000000000002 0.452219
26.2500000000002 0.473015
27.0000000000003 0.492963
27.7500000000003 0.512069
28.5000000000003 0.530467
29.2500000000004 0.54812
30.0000000000004 0.564951
30.7500000000004 0.580809
31.5000000000004 0.596078
32.2500000000005 0.610621
33.0000000000005 0.624163
33.7500000000005 0.636801
34.5000000000005 0.648647
35.2500000000006 0.659245
36.0000000000006 0.669145
36.7500000000006 0.678379
37.5000000000007 0.686683
38.2500000000007 0.694295
39.0000000000007 0.70133
39.7500000000007 0.707401
40.5000000000008 0.712649
41.2500000000008 0.71715
42.0000000000008 0.720694
42.7500000000009 0.723311
43.5000000000009 0.725583
44.2500000000009 0.727204
45.0000000000009 0.728129
45.750000000001 0.728548
46.500000000001 0.728418
47.250000000001 0.727851
48.0000000000011 0.726702
48.7500000000011 0.72513
49.5000000000011 0.722809
50.2500000000011 0.719775
51.0000000000012 0.716159
51.7500000000012 0.711987
52.5000000000012 0.706858
53.2500000000013 0.701135
54.0000000000013 0.694751
54.7500000000013 0.68756
55.5000000000013 0.679902
56.2500000000014 0.671835
57.0000000000014 0.663193
57.7500000000014 0.6541
58.5000000000015 0.644388
59.2500000000015 0.634198
60.0000000000015 0.623528
60.7500000000015 0.612482
61.5000000000016 0.600657
62.2500000000016 0.588686
63.0000000000016 0.576304
63.7500000000017 0.563434
64.5000000000017 0.550221
65.2500000000017 0.536566
66.0000000000017 0.522555
66.7500000000018 0.507985
67.5000000000018 0.493091
68.2500000000018 0.477933
69.0000000000018 0.462365
69.7500000000019 0.446601
70.5000000000019 0.43073
71.2500000000019 0.414587
72.000000000002 0.398346
72.750000000002 0.382084
73.500000000002 0.365733
74.250000000002 0.349318
75.0000000000021 0.332821
75.7500000000021 0.316256
76.5000000000021 0.299737
77.2500000000022 0.282984
78.0000000000022 0.266326
78.7500000000022 0.249646
79.5000000000022 0.232917
80.2500000000023 0.216187
81.0000000000023 0.199412
81.7500000000023 0.182766
82.5000000000024 0.166266
83.2500000000024 0.149753
84.0000000000024 0.133369
84.7500000000024 0.117192
85.5000000000025 0.100993
86.2500000000025 0.085048
87.0000000000025 0.069218
87.7500000000026 0.053656
88.5000000000026 0.03816
89.2500000000026 0.022697
90.0000000000026 0.00761
90.7500000000027 -0.007248
91.5000000000027 -0.021011
92.2500000000027 -0.029099
93.0000000000028 -0.035758
93.7500000000028 -0.039347
94.5000000000028 -0.045835
95.2500000000028 -0.056657
96.0000000000029 -0.060847
96.7500000000029 -0.070463
97.5000000000029 -0.080444
98.250000000003 -0.089712
99.000000000003 -0.098144
99.750000000003 -0.105641
100.500000000003 -0.108964
101.250000000003 -0.115822
102.000000000003 -0.121998
102.750000000003 -0.123042
103.500000000003 -0.131824
104.250000000003 -0.136536
105.000000000003 -0.144432
105.750000000003 -0.151374
106.500000000003 -0.154237
107.250000000003 -0.160409
108.000000000003 -0.173955
108.750000000003 -0.18128
109.500000000003 -0.186257
110.250000000003 -0.189239
111.000000000003 -0.19408
111.750000000003 -0.198781
112.500000000003 -0.20392
113.250000000004 -0.205369
114.000000000004 -0.213502
114.750000000004 -0.218311
115.500000000004 -0.222066
116.250000000004 -0.225822
117.000000000004 -0.231406
117.750000000004 -0.232815
118.500000000004 -0.240304
119.250000000004 -0.243274
120.000000000004 -0.249615
120.750000000004 -0.255712
121.500000000004 -0.258843
122.250000000004 -0.264636
123.000000000004 -0.270433
123.750000000004 -0.276372
124.500000000004 -0.282921
125.250000000004 -0.284683
126.000000000004 -0.285829
126.750000000004 -0.287675
127.500000000004 -0.292216
128.250000000004 -0.294504
129.000000000004 -0.29918
129.750000000004 -0.299673
130.500000000004 -0.30248
131.250000000004 -0.298785
132.000000000004 -0.301156
132.750000000004 -0.304422
133.500000000004 -0.308531
134.250000000004 -0.310607
135.000000000004 -0.314041
135.750000000004 -0.315033
136.500000000004 -0.314935
137.250000000004 -0.320028
138.000000000004 -0.324787
138.750000000004 -0.329782
139.500000000005 -0.331106
140.250000000005 -0.332305
141.000000000005 -0.333845
141.750000000005 -0.334361
142.500000000005 -0.335259
143.250000000005 -0.335539
144.000000000005 -0.335604
144.750000000005 -0.335819
145.500000000005 -0.334973
146.250000000005 -0.333935
147.000000000005 -0.333859
147.750000000005 -0.333013
148.500000000005 -0.332478
149.250000000005 -0.331623
150.000000000005 -0.331075
150.750000000005 -0.328744
151.500000000005 -0.327075
152.250000000005 -0.324735
153.000000000005 -0.321353
153.750000000005 -0.319398
154.500000000005 -0.316559
155.250000000005 -0.313725
156.000000000005 -0.310834
156.750000000005 -0.307077
157.500000000005 -0.303923
158.250000000005 -0.301559
159.000000000005 -0.298804
159.750000000005 -0.296119
160.500000000005 -0.29322
161.250000000005 -0.289596
162.000000000005 -0.285973
162.750000000005 -0.282674
163.500000000005 -0.278493
164.250000000005 -0.274627
165.000000000005 -0.271227
165.750000000006 -0.267204
166.500000000006 -0.263131
167.250000000006 -0.259893
168.000000000006 -0.255754
168.750000000006 -0.251904
169.500000000006 -0.248114
170.250000000006 -0.243949
171.000000000006 -0.239561
171.750000000006 -0.235631
172.500000000006 -0.231323
173.250000000006 -0.227212
174.000000000006 -0.223304
174.750000000006 -0.218719
175.500000000006 -0.214666
176.250000000006 -0.210501
177.000000000006 -0.206487
177.750000000006 -0.202445
178.500000000006 -0.197739
179.250000000006 -0.193419
180.000000000006 -0.188547
180.750000000006 -0.184495
181.500000000006 -0.179033
182.250000000006 -0.173596
183.000000000006 -0.168727
183.750000000006 -0.16298
184.500000000006 -0.157816
185.250000000006 -0.153096
186.000000000006 -0.148001
186.750000000006 -0.14342
187.500000000006 -0.137459
188.250000000006 -0.1321
189.000000000006 -0.126526
189.750000000006 -0.121247
190.500000000006 -0.115413
191.250000000006 -0.110354
192.000000000007 -0.104549
192.750000000007 -0.096642
193.500000000007 -0.089242
194.250000000007 -0.082911
195.000000000007 -0.076917
195.750000000007 -0.071633
196.500000000007 -0.067486
197.250000000007 -0.059557
198.000000000007 -0.05174
198.750000000007 -0.045871
199.500000000007 -0.037728
200.250000000007 -0.031615
201.000000000007 -0.02485
201.750000000007 -0.020085
202.500000000007 -0.01387
203.250000000007 -0.007718
204.000000000007 -0.002315
204.750000000007 0.002947
205.500000000007 0.008053
206.250000000007 0.013109
207.000000000007 0.017997
207.750000000007 0.022673
208.500000000007 0.027224
209.250000000007 0.031781
210.000000000007 0.036169
210.750000000007 0.040487
211.500000000007 0.0446
212.250000000007 0.04836
213.000000000007 0.051992
213.750000000007 0.055572
214.500000000007 0.059006
215.250000000007 0.062376
216.000000000007 0.065599
216.750000000007 0.068585
217.500000000007 0.071331
218.250000000008 0.073887
219.000000000008 0.07629
219.750000000008 0.07862
220.500000000008 0.080784
221.250000000008 0.082799
222.000000000008 0.084609
222.750000000008 0.086206
223.500000000008 0.087557
224.250000000008 0.088722
225.000000000008 0.089753
225.750000000008 0.090538
226.500000000008 0.091168
227.250000000008 0.091763
228.000000000008 0.09226
228.750000000008 0.092646
229.500000000008 0.09293
230.250000000008 0.09311
231.000000000008 0.093219
231.750000000008 0.093249
232.500000000008 0.093198
233.250000000008 0.093065
234.000000000008 0.092862
234.750000000008 0.092585
235.500000000008 0.092212
236.250000000008 0.091773
237.000000000008 0.091254
237.750000000008 0.090713
238.500000000008 0.08995
239.250000000008 0.089085
240.000000000008 0.087997
240.750000000008 0.086804
241.500000000008 0.085506
242.250000000008 0.084053
243.000000000008 0.082417
243.750000000008 0.080624
244.500000000008 0.078753
245.250000000009 0.076741
246.000000000009 0.074657
246.750000000009 0.072495
247.500000000009 0.070283
248.250000000009 0.068066
249.000000000009 0.065785
249.750000000009 0.063411
250.500000000009 0.060949
251.250000000009 0.058465
252.000000000009 0.055643
252.750000000009 0.05279
253.500000000009 0.049865
254.250000000009 0.047019
255.000000000009 0.044318
255.750000000009 0.041537
256.500000000008 0.038639
257.250000000008 0.035712
258.000000000007 0.032744
258.750000000006 0.029834
259.500000000006 0.026817
260.250000000005 0.023793
261.000000000004 0.020771
261.750000000004 0.017619
262.500000000003 0.014504
263.250000000002 0.011424
264.000000000002 0.008395
264.750000000001 0.001424
265.5 -0.003544
266.25 -0.00652
266.999999999999 -0.009635
267.749999999998 -0.012621
268.499999999998 -0.015521
269.249999999997 -0.019347
269.999999999996 -0.022575
270.749999999996 -0.026383
271.499999999995 -0.028605
272.249999999994 -0.033867
272.999999999993 -0.036055
273.749999999993 -0.037023
274.499999999992 -0.038209
275.249999999991 -0.041404
275.999999999991 -0.042691
276.74999999999 -0.041424
277.499999999989 -0.044504
278.249999999989 -0.045171
278.999999999988 -0.049632
279.749999999987 -0.064697
280.499999999987 -0.065911
281.249999999986 -0.092673
281.999999999985 -0.141949
282.749999999985 -0.155331
283.499999999984 -0.159655
284.249999999983 -0.161165
284.999999999983 -0.160549
285.749999999982 -0.159862
286.499999999981 -0.15848
287.249999999981 -0.158207
287.99999999998 -0.163978
288.749999999979 -0.175692
289.499999999978 -0.174214
290.249999999978 -0.172835
290.999999999977 -0.170487
291.749999999976 -0.169301
292.499999999976 -0.170058
293.249999999975 -0.16721
293.999999999974 -0.16494
294.749999999974 -0.162067
295.499999999973 -0.165355
296.249999999972 -0.162734
296.999999999972 -0.159526
297.749999999971 -0.156605
298.49999999997 -0.153151
299.24999999997 -0.150251
299.999999999969 -0.145962
300.749999999968 -0.142381
301.499999999968 -0.138944
302.249999999967 -0.134655
302.999999999966 -0.131646
303.749999999965 -0.128191
304.499999999965 -0.124683
305.249999999964 -0.121185
305.999999999963 -0.119003
306.749999999963 -0.11451
307.499999999962 -0.111011
308.249999999961 -0.114341
308.999999999961 -0.111284
309.74999999996 -0.106794
310.499999999959 -0.103142
311.249999999959 -0.099615
311.999999999958 -0.095689
312.749999999957 -0.09152
313.499999999957 -0.088162
314.249999999956 -0.08386
314.999999999955 -0.080008
315.749999999955 -0.075975
316.499999999954 -0.072091
317.249999999953 -0.066385
317.999999999953 -0.063255
318.749999999952 -0.059437
319.499999999951 -0.06155
320.24999999995 -0.056461
320.99999999995 -0.053642
321.749999999949 -0.051577
322.499999999948 -0.05107
323.249999999948 -0.048123
323.999999999947 -0.043795
324.749999999946 -0.040381
325.499999999946 -0.064842
326.249999999945 -0.059927
326.999999999944 -0.056464
327.749999999944 -0.052507
328.499999999943 -0.067911
329.249999999942 -0.061666
329.999999999942 -0.057066
330.749999999941 -0.053448
331.49999999994 -0.054218
332.24999999994 -0.050135
332.999999999939 -0.053842
333.749999999938 -0.048364
334.499999999938 -0.043409
335.249999999937 -0.039789
335.999999999936 -0.034575
336.749999999935 -0.032417
337.499999999935 -0.029719
338.249999999934 -0.026352
338.999999999933 -0.03648
339.749999999933 -0.045221
340.499999999932 -0.05323
341.249999999931 -0.047255
341.999999999931 -0.047374
342.74999999993 -0.050541
343.499999999929 -0.044166
344.249999999929 -0.039788
344.999999999928 -0.038721
345.749999999927 -0.03555
346.499999999927 -0.031552
347.249999999926 -0.025713
347.999999999925 -0.021259
348.749999999925 -0.018368
349.499999999924 -0.014089
350.249999999923 -0.011647
350.999999999923 -0.008306
351.749999999922 -0.004491
352.499999999921 -0.001006
353.24999999992 0.002364
353.99999999992 0.004588
354.749999999919 0.0078
355.499999999918 0.010955
356.249999999918 0.013979
356.999999999917 0.01689
357.749999999916 0.019675
358.499999999916 0.022515
359.249999999915 0.025191
359.999999999914 0.027737
360.749999999914 0.030202
361.499999999913 0.021493
362.249999999912 0.024007
362.999999999912 0.024078
363.749999999911 0.016629
364.49999999991 0.005066
365.24999999991 0.006734
365.999999999909 0.003999
366.749999999908 -0.001691
367.499999999908 -0.01601
368.249999999907 -0.020211
368.999999999906 -0.025849
369.749999999905 -0.025704
370.499999999905 -0.022583
371.249999999904 -0.034403
371.999999999903 -0.041122
372.749999999903 -0.043471
373.499999999902 -0.043262
374.249999999901 -0.042936
374.999999999901 -0.044467
375.7499999999 -0.04172
376.499999999899 -0.059578
377.249999999899 -0.063752
377.999999999898 -0.068442
378.749999999897 -0.067004
379.499999999897 -0.068934
380.249999999896 -0.071398
380.999999999895 -0.075917
381.749999999895 -0.076106
382.499999999894 -0.08643
383.249999999893 -0.093929
383.999999999893 -0.097275
384.749999999892 -0.096264
385.499999999891 -0.095353
386.24999999989 -0.090994
386.99999999989 -0.087435
387.749999999889 -0.083769
388.499999999888 -0.092315
389.249999999888 -0.089155
389.999999999887 -0.088121
390.749999999886 -0.088606
391.499999999886 -0.08228
392.249999999885 -0.081054
392.999999999884 -0.072149
393.749999999884 -0.065957
394.499999999883 -0.05883
395.249999999882 -0.062756
395.999999999882 -0.058245
396.749999999881 -0.052146
397.49999999988 -0.045487
398.24999999988 -0.040125
398.999999999879 -0.034532
399.749999999878 -0.030549
400.499999999878 -0.034029
401.249999999877 -0.028691
401.999999999876 -0.026191
402.749999999875 -0.01744
403.499999999875 -0.013541
404.249999999874 -0.007125
404.999999999873 -0.001626
405.749999999873 0.003694
406.499999999872 0.008911
407.249999999871 0.010821
407.999999999871 0.011891
408.74999999987 0.011477
409.499999999869 0.014475
410.249999999869 0.016051
410.999999999868 0.014115
411.749999999867 0.018947
412.499999999867 0.02368
413.249999999866 0.028248
413.999999999865 0.018551
414.749999999865 0.003076
415.499999999864 0.000802
416.249999999863 0.005788
416.999999999862 -0.001184
417.749999999862 0.001222
418.499999999861 0.002172
419.24999999986 0.007082
419.99999999986 0.009897
420.749999999859 0.005857
421.499999999858 0.004585
422.249999999858 0.003438
422.999999999857 0.008248
423.749999999856 0.008246
424.499999999856 0.010921
425.249999999855 0.012719
425.999999999854 0.006413
426.749999999854 -0.002929
427.499999999853 -0.011637
428.249999999852 -0.025836
428.999999999852 -0.027416
429.749999999851 -0.024478
430.49999999985 -0.026222
431.24999999985 -0.024095
431.999999999849 -0.022732
432.749999999848 -0.020782
433.499999999847 -0.023823
434.249999999847 -0.01921
434.999999999846 -0.014135
435.749999999845 -0.017455
436.499999999845 -0.021596
437.249999999844 -0.021013
437.999999999843 -0.015883
438.749999999843 -0.015756
439.499999999842 -0.015133
440.249999999841 -0.013621
440.999999999841 -0.00968
441.74999999984 -0.005916
442.499999999839 -0.012971
443.249999999839 -0.017527
443.999999999838 -0.0171
444.749999999837 -0.011645
445.499999999837 -0.014576
446.249999999836 -0.013534
446.999999999835 -0.013008
447.749999999835 -0.008396
448.499999999834 -0.006638
449.249999999833 -0.009854
449.999999999832 -0.008569
450.749999999832 -0.008923
451.499999999831 -0.009661
452.24999999983 -0.012658
452.99999999983 -0.011775
453.749999999829 -0.014796
454.499999999828 -0.017346
455.249999999828 -0.022172
455.999999999827 -0.021829
456.749999999826 -0.016921
457.499999999826 -0.013163
458.249999999825 -0.01098
458.999999999824 -0.009929
459.749999999824 -0.006953
460.499999999823 -0.006538
461.249999999822 -0.005482
461.999999999822 -0.006134
462.749999999821 -0.004101
463.49999999982 -0.011735
464.24999999982 -0.013068
464.999999999819 -0.001833
465.749999999818 -0.000469
466.499999999817 -0.003849
467.249999999817 -0.003877
467.999999999816 -0.004461
468.749999999815 -0.004062
469.499999999815 -0.000922
470.249999999814 -0.005291
470.999999999813 -0.009515
471.749999999813 -0.010161
472.499999999812 -0.0064
473.249999999811 -0.00602
473.999999999811 -0.009307
474.74999999981 -0.008115
475.499999999809 -0.004786
476.249999999809 -0.009069
476.999999999808 -0.011032
477.749999999807 -0.012296
478.499999999807 -0.011742
479.249999999806 -0.010171
479.999999999805 -0.012601
480.749999999805 -0.014536
481.499999999804 -0.016165
482.249999999803 -0.018742
482.999999999802 -0.022869
483.749999999802 -0.023823
484.499999999801 -0.016874
485.2499999998 -0.015966
485.9999999998 -0.015481
486.749999999799 -0.018354
487.499999999798 -0.026089
488.249999999798 -0.024822
488.999999999797 -0.025313
489.749999999796 -0.027992
490.499999999796 -0.02615
491.249999999795 -0.020729
491.999999999794 -0.025583
492.749999999794 -0.019297
493.499999999793 -0.016358
494.249999999792 -0.016579
494.999999999792 -0.015955
495.749999999791 -0.017409
496.49999999979 -0.01897
497.24999999979 -0.018807
497.999999999789 -0.016626
498.749999999788 -0.018542
499.499999999787 -0.017879
500.249999999787 -0.015686
500.999999999786 -0.009197
501.749999999785 -0.008916
502.499999999785 -0.008455
503.249999999784 -0.008991
503.999999999783 -0.007573
504.749999999783 -0.006727
505.499999999782 -0.006246
506.249999999781 -0.003425
506.999999999781 0.000242
507.74999999978 -0.000557
508.499999999779 -0.001891
509.249999999779 -0.003905
509.999999999778 -0.004664
510.749999999777 -0.005492
511.499999999777 -0.005171
512.249999999776 -0.003254
512.999999999775 -0.00257
513.749999999775 -0.007367
514.499999999774 -0.012418
515.249999999773 -0.010315
515.999999999773 -0.01056
516.749999999772 -0.011116
517.499999999771 -0.013463
518.24999999977 -0.011389
518.99999999977 -0.010839
519.749999999769 -0.009581
520.499999999768 -0.009969
521.249999999768 -0.009267
521.999999999767 -0.004736
522.749999999766 -0.003479
523.499999999766 -0.002512
524.249999999765 -0.00244
524.999999999764 -0.005938
525.749999999764 -0.005401
526.499999999763 -0.010252
527.249999999762 -0.011252
527.999999999762 -0.0045
528.749999999761 -0.002898
529.49999999976 -0.006147
530.24999999976 -0.006498
530.999999999759 -0.006297
531.749999999758 -0.003435
532.499999999758 -0.004571
533.249999999757 -0.004538
533.999999999756 -0.002604
534.749999999755 -0.002604
535.499999999755 -0.006579
536.249999999754 -0.005886
536.999999999753 -0.004181
537.749999999753 -0.014193
538.499999999752 -0.011118
539.249999999751 -0.012495
539.999999999751 -0.02133
540.74999999975 -0.019737
541.499999999749 -0.016629
542.249999999749 -0.015113
542.999999999748 -0.013286
543.749999999747 -0.014202
544.499999999747 -0.010874
545.249999999746 -0.012344
545.999999999745 -0.014966
546.749999999745 -0.010025
547.499999999744 -0.010204
548.249999999743 -0.012239
548.999999999742 -0.007008
549.749999999742 -0.002195
550.499999999741 -0.002544
551.24999999974 -0.002899
551.99999999974 -0.002628
552.749999999739 -0.003018
553.499999999738 -0.000464
554.249999999738 -0.000197
554.999999999737 -0.000439
555.749999999736 -0.000252
556.499999999736 3.7e-05
557.249999999735 -0.00489
557.999999999734 -0.004453
558.749999999734 -0.001899
559.499999999733 -0.000862
560.249999999732 0.001289
560.999999999732 0.00034
561.749999999731 0.001931
562.49999999973 0.005347
563.24999999973 0.007119
563.999999999729 0.007634
564.749999999728 0.00843
565.499999999727 0.011137
566.249999999727 0.013034
566.999999999726 0.009959
567.749999999725 -0.005074
568.499999999725 -0.007433
569.249999999724 -0.006691
569.999999999723 -0.008877
570.749999999723 -0.005103
571.499999999722 -0.002937
572.249999999721 -0.005788
572.999999999721 -0.008239
573.74999999972 -0.007062
574.499999999719 -0.004777
575.249999999719 -0.003537
575.999999999718 -0.00485
576.749999999717 -0.005055
577.499999999717 -0.004179
578.249999999716 -0.001217
578.999999999715 -0.001766
579.749999999715 -0.002422
580.499999999714 -0.011387
581.249999999713 -0.011385
581.999999999712 -0.011577
582.749999999712 -0.011001
583.499999999711 -0.01
584.24999999971 -0.011787
584.99999999971 -0.009504
585.749999999709 -0.0099
586.499999999708 -0.008804
587.249999999708 -0.009926
587.999999999707 -0.005063
588.749999999706 -0.007942
589.499999999706 -0.005935
590.249999999705 -0.003313
590.999999999704 -0.003327
591.749999999704 -0.002661
592.499999999703 -0.001223
593.249999999702 0.000251
593.999999999702 -0.004243
594.749999999701 -0.005455
595.4999999997 -0.004362
596.2499999997 -0.001724
596.999999999699 0.001883
597.749999999698 0.001994
598.499999999697 0.002376
599.249999999697 0.005306
599.999999999696 0.007854
600.749999999695 0.007492
601.499999999695 0.007051
602.249999999694 -0.014993
602.999999999693 -0.01362
603.749999999693 -0.012616
604.499999999692 -0.011899
605.249999999691 -0.011664
605.999999999691 -0.008955
606.74999999969 -0.008834
607.499999999689 -0.009397
608.249999999689 -0.007216
608.999999999688 -0.005291
609.749999999687 -0.009161
610.499999999687 -0.018099
611.249999999686 -0.019148
611.999999999685 -0.016528
612.749999999685 -0.016954
613.499999999684 -0.014268
614.249999999683 -0.011342
614.999999999682 -0.008841
615.749999999682 -0.008891
616.499999999681 -0.015766
617.24999999968 -0.012732
617.99999999968 -0.007883
618.749999999679 -0.005615
619.499999999678 -0.005642
620.249999999678 -0.003995
620.999999999677 -0.000394
621.749999999676 0.001875
622.499999999676 0.003309
623.249999999675 0.004682
623.999999999674 0.006616
624.749999999674 0.009472
625.499999999673 0.005767
626.249999999672 -0.004646
626.999999999672 -0.00592
627.749999999671 -0.002341
628.49999999967 -0.005157
629.24999999967 -0.004019
629.999999999669 -0.001617
630.749999999668 0.001948
631.499999999667 0.003637
632.249999999667 0.004088
632.999999999666 0.006035
633.749999999665 0.004997
634.499999999665 0.004805
635.249999999664 0.005758
635.999999999663 0.008135
636.749999999663 0.009565
637.499999999662 -0.002285
638.249999999661 -0.006604
638.999999999661 -0.006727
639.74999999966 -0.004167
640.499999999659 -0.000608
641.249999999659 0.000981
641.999999999658 0.002996
642.749999999657 0.004686
643.499999999657 0.008131
644.249999999656 0.006989
644.999999999655 -0.00378
645.749999999655 -0.009186
646.499999999654 -0.005688
647.249999999653 -0.004709
647.999999999652 -0.002926
648.749999999652 -0.002961
649.499999999651 0.001151
650.24999999965 0.002128
650.99999999965 0.003229
651.749999999649 -0.005529
652.499999999648 -0.002649
653.249999999648 -0.000816
653.999999999647 0.000219
654.749999999646 0.001525
655.499999999646 0.003404
656.249999999645 -0.002002
656.999999999644 -0.004347
657.749999999644 -0.007886
658.499999999643 -0.004328
659.249999999642 -0.002094
659.999999999642 -0.001542
660.749999999641 0.000997
661.49999999964 -0.004295
662.249999999639 -0.010064
662.999999999639 -0.008304
663.749999999638 -0.005425
664.499999999637 -0.005248
665.249999999637 -0.008212
665.999999999636 -0.006406
666.749999999635 -0.003706
667.499999999635 0.000256
668.249999999634 -0.000733
668.999999999633 -0.000565
669.749999999633 0.001597
670.499999999632 -0.004482
671.249999999631 -0.001777
671.999999999631 -0.001909
672.74999999963 -2.6e-05
673.499999999629 0.001849
674.249999999629 0.006028
674.999999999628 0.002526
675.749999999627 0.003845
676.499999999627 0.007412
677.249999999626 0.009406
677.999999999625 0.011056
678.749999999624 0.011259
679.499999999624 0.013513
680.249999999623 0.016993
680.999999999622 0.004304
681.749999999622 -0.002129
682.499999999621 -0.006112
683.24999999962 -0.0031
683.99999999962 -0.00074
684.749999999619 -0.000613
685.499999999618 -0.004397
686.249999999618 -0.00029
686.999999999617 -0.007656
687.749999999616 -0.007623
688.499999999616 -0.006562
689.249999999615 -0.002039
689.999999999614 -0.007467
690.749999999614 -0.007265
691.499999999613 -0.004845
692.249999999612 -0.000658
692.999999999612 0.002565
693.749999999611 0.004259
694.49999999961 0.005629
695.249999999609 0.00249
695.999999999609 -0.004898
696.749999999608 -0.003742
697.499999999607 -0.002108
698.249999999607 -6e-06
698.999999999606 -0.004799
699.749999999605 -0.005925
700.499999999605 -0.00288
701.249999999604 -0.006464
701.999999999603 -0.026977
702.749999999603 -0.033072
703.499999999602 -0.049917
704.249999999601 -0.045375
704.999999999601 -0.039348
705.7499999996 -0.038971
706.499999999599 -0.041646
707.249999999599 -0.035925
707.999999999598 -0.030822
708.749999999597 -0.026229
709.499999999597 -0.021457
710.249999999596 -0.016258
710.999999999595 -0.019755
711.749999999594 -0.015479
712.499999999594 -0.012073
713.249999999593 -0.007122
713.999999999592 -0.003409
714.749999999592 -0.004363
715.499999999591 -0.021675
716.24999999959 -0.016594
716.99999999959 -0.010616
717.749999999589 -0.005268
718.499999999588 -0.001071
719.249999999588 0.003339
719.999999999587 0.008085
720.749999999586 0.010608
721.499999999586 0.014817
722.249999999585 0.018252
722.999999999584 0.020801
723.749999999584 0.023529
724.499999999583 0.02598
725.249999999582 0.028105
725.999999999582 0.02921
726.749999999581 0.032367
727.49999999958 0.031082
728.249999999579 -0.017402
728.999999999579 -0.043507
729.749999999578 -0.036821
730.499999999577 -0.033482
731.249999999577 -0.028236
731.999999999576 -0.022019
732.749999999575 -0.016144
733.499999999575 -0.013803
734.249999999574 -0.015071
734.999999999573 -0.011831
735.749999999573 -0.00644
736.499999999572 -0.001473
737.249999999571 0.002771
737.999999999571 0.007776
738.74999999957 -0.004459
739.499999999569 -0.036569
740.249999999569 -0.054142
740.999999999568 -0.046747
741.749999999567 -0.038629
742.499999999567 -0.0332
743.249999999566 -0.026279
743.999999999565 -0.019661
744.749999999564 -0.012665
745.499999999564 -0.007052
746.249999999563 -0.00087
746.999999999562 0.004869
747.749999999562 -0.00175
748.499999999561 -0.009113
749.24999999956 -0.003782
749.99999999956 0.002283
750.749999999559 0.009472
751.499999999558 0.01243
752.249999999558 0.016501
752.999999999557 0.021034
753.749999999556 0.024345
754.499999999556 0.028866
755.249999999555 0.030396
755.999999999554 0.032638
756.749999999554 0.015806
757.499999999553 0.006202
758.249999999552 -0.006306
758.999999999552 -0.000898
759.749999999551 0.005219
760.49999999955 0.009706
761.249999999549 0.013939
761.999999999549 0.017108
762.749999999548 0.021482
763.499999999547 0.025819
764.249999999547 0.027905
764.999999999546 0.029952
765.749999999545 0.032137
766.499999999545 0.037275
767.249999999544 0.038351
767.999999999543 0.041803
768.749999999543 0.044275
769.499999999542 0.045996
770.249999999541 0.046508
770.999999999541 0.046403
771.74999999954 0.047519
772.499999999539 0.022097
773.249999999539 -0.02998
773.999999999538 -0.065633
774.749999999537 -0.059516
775.499999999536 -0.05271
776.249999999536 -0.046084
776.999999999535 -0.041311
777.749999999534 -0.035698
778.499999999534 -0.029094
779.249999999533 -0.026135
779.999999999532 -0.020657
780.749999999532 -0.015633
781.499999999531 -0.011815
782.24999999953 -0.00706
782.99999999953 -0.002789
783.749999999529 0.002187
784.499999999528 0.007982
785.249999999528 0.014127
785.999999999527 0.015534
786.749999999526 0.0184
787.499999999526 0.019244
788.249999999525 0.025345
788.999999999524 0.027643
789.749999999524 0.031846
790.499999999523 0.035462
791.249999999522 0.040694
791.999999999521 0.043271
792.749999999521 0.045916
793.49999999952 0.04791
794.249999999519 0.052832
794.999999999519 0.051357
795.749999999518 0.048797
796.499999999517 0.046985
797.249999999517 0.049189
797.999999999516 0.050816
798.749999999515 0.04621
799.499999999515 0.04541
