16.7399999999999 -4916.10750744482
17.4899999999999 -4901.22598855563
18.2399999999999 -4897.49987218863
18.99 -4881.30769182244
19.74 -4877.05330133729
20.49 -4902.32840298016
21.24 -4884.20243098581
21.9900000000001 -4879.14571054939
22.7400000000001 -4878.10085488702
23.4900000000001 -4875.69071181965
24.2400000000002 -4854.66610399388
24.9900000000002 -4851.53025617902
25.7400000000002 -4828.82969996723
26.4900000000002 -4839.15456405216
27.2400000000003 -4815.10384076643
27.9900000000003 -4806.91078825196
28.7400000000003 -4795.77866781902
29.4900000000004 -4791.41527355585
30.2400000000004 -4764.25447460905
30.9900000000004 -4736.06909302384
31.7400000000004 -4743.83915111541
32.4900000000005 -4735.89987344299
33.2400000000005 -4705.51073437401
33.9900000000005 -4692.89473973399
34.7400000000006 -4679.08957070017
35.4900000000006 -4646.26156297341
36.2400000000006 -4627.74078720268
36.9900000000006 -4617.43738053053
37.7400000000007 -4604.11029223317
38.4900000000007 -4585.79180223183
39.2400000000007 -4549.16037518216
39.9900000000008 -4511.5417781862
40.7400000000008 -4514.25905025318
41.4900000000008 -4494.04281225946
42.2400000000008 -4373.35816310836
42.9900000000009 -4426.11374006725
43.7400000000009 -4409.69110804722
44.4900000000009 -4388.69293246533
45.240000000001 -4369.02110421693
45.990000000001 -4326.17701575977
46.740000000001 -4297.37688182974
47.490000000001 -4277.32345102961
48.2400000000011 -4251.17460006156
48.9900000000011 -4205.93505955037
49.7400000000011 -4181.16920866483
50.4900000000012 -4134.66304151108
51.2400000000012 -4126.45831495206
51.9900000000012 -4079.10779648769
52.7400000000012 -4040.68856393622
53.4900000000013 -4020.00063689569
54.2400000000013 -3971.32827790818
54.9900000000013 -3936.24357121152
55.7400000000014 -3912.91909350434
56.4900000000014 -3863.15058764182
57.2400000000014 -3853.64523506555
57.9900000000014 -3803.46812236532
58.7400000000015 -3766.84943920454
59.4900000000015 -3737.65696496198
60.2400000000015 -3686.90065440961
60.9900000000016 -3652.85145242644
61.7400000000016 -3620.18847434502
62.4900000000016 -3593.13746996413
63.2400000000016 -3561.89991327238
63.9900000000017 -3510.88854439501
64.7400000000017 -3476.6184422279
65.4900000000017 -3449.64354449288
66.2400000000017 -3413.36641406036
66.9900000000018 -3385.58233954752
67.7400000000018 -3335.12332045646
68.4900000000018 -3284.64597546755
69.2400000000019 -3236.21912313381
69.9900000000019 -3206.12029483151
70.7400000000019 -3188.43562601449
71.4900000000019 -3163.18322157867
72.240000000002 -3132.4802212489
72.990000000002 -3105.28899197268
73.740000000002 -3057.13457132652
74.4900000000021 -3024.95459468617
75.2400000000021 -2993.10822277651
75.9900000000021 -2970.21486606678
76.7400000000021 -2923.78299233634
77.4900000000022 -2897.59682922209
78.2400000000022 -2871.35622651526
78.9900000000022 -2826.303032171
79.7400000000023 -2795.83331239314
80.4900000000023 -2765.78630665788
81.2400000000023 -2722.41943564654
81.9900000000023 -2726.65682300814
82.7400000000024 -2684.43065616851
83.4900000000024 -2662.5930409456
84.2400000000024 -2639.18041475202
84.9900000000025 -2620.6557710727
85.7400000000025 -2580.76726854611
86.4900000000025 -2554.35759502512
87.2400000000025 -2540.36973366376
87.9900000000026 -2525.38347854424
88.7400000000026 -2487.90030012507
89.4900000000026 -2450.83653923852
90.2400000000027 -2414.19099376831
90.9900000000027 -2432.93608298142
91.7400000000027 -2397.98056797513
92.4900000000027 -2382.72002958352
93.2400000000028 -2363.42546528379
93.9900000000028 -2352.4186817794
94.7400000000028 -2341.12316648734
95.4900000000029 -2307.82249944214
96.2400000000029 -2274.55329014195
96.9900000000029 -2276.11010706751
97.7400000000029 -2267.40626011227
98.490000000003 -2235.61703953444
99.240000000003 -2221.78733286779
99.990000000003 -2213.21159183349
100.740000000003 -2198.25495338349
101.490000000003 -2167.83599012858
102.240000000003 -2150.76439612852
102.990000000003 -2144.24765152958
103.740000000003 -2114.63836302775
104.490000000003 -2085.11037909293
105.240000000003 -2059.540256925
105.990000000003 -2044.91994578935
106.740000000003 -2016.59959273888
107.490000000003 -2044.90198093878
108.240000000003 -2035.08211068119
108.990000000003 -2027.23754962226
109.740000000003 -2024.04275199466
110.490000000003 -1997.49509652592
111.240000000003 -1989.28710024428
111.990000000003 -1982.90271308528
112.740000000004 -1977.81127796589
113.490000000004 -1971.18265141843
114.240000000004 -1946.02260870578
114.990000000004 -1936.25854959962
115.740000000004 -1927.16414656826
116.490000000004 -1925.42676227018
117.240000000004 -1901.41724348446
117.990000000004 -1877.42840416474
118.740000000004 -1853.5956559984
119.490000000004 -1811.85292235153
120.240000000004 -1788.99916719535
120.990000000004 -1855.05081722619
121.740000000004 -1847.96548979674
122.490000000004 -1849.97107132792
123.240000000004 -1828.32200789288
123.990000000004 -1825.43092420597
124.740000000004 -1804.31671375308
125.490000000004 -1816.94768705839
126.240000000004 -1796.35594160983
126.990000000004 -1794.61525428164
127.740000000004 -1791.96065677489
128.490000000004 -1788.98505364059
129.240000000004 -1769.32424287463
129.990000000004 -1762.86865381406
130.740000000004 -1766.84833920949
131.490000000004 -1747.53611373529
132.240000000004 -1739.88794520055
132.990000000004 -1743.69302875593
133.740000000004 -1735.69217284384
134.490000000004 -1717.27098632475
135.240000000004 -1705.35340338776
135.990000000004 -1687.41675867077
136.740000000004 -1718.62250650982
137.490000000004 -1700.91632460024
138.240000000004 -1720.43424735378
138.990000000004 -1703.38831218668
139.740000000005 -1702.56690785483
140.490000000005 -1700.78764532618
141.240000000005 -1702.86333718935
141.990000000005 -1686.48323600919
142.740000000005 -1683.41378712107
143.490000000005 -1681.98659699017
144.240000000005 -1685.37482689953
144.990000000005 -1669.52036493881
145.740000000005 -1669.34031423837
146.490000000005 -1667.53920813132
147.240000000005 -1651.95726170979
147.990000000005 -1653.03797068738
148.740000000005 -1651.969537042
149.490000000005 -1657.22210978734
150.240000000005 -1641.94176985626
150.990000000005 -1631.98908057019
151.740000000005 -1642.98872459491
152.490000000005 -1627.78595296444
153.240000000005 -1641.47545532691
153.990000000005 -1588.51908383638
154.740000000005 -1628.45782012802
155.490000000005 -1613.359507783
156.240000000005 -1627.38547542158
156.990000000005 -1630.04705348309
157.740000000005 -1615.09445193712
158.490000000005 -1614.62903464716
159.240000000005 -1599.61151467968
159.990000000005 -1594.54294606057
160.740000000005 -1599.04198122968
161.490000000005 -1594.82746052737
162.240000000005 -1579.86577941795
162.990000000005 -1578.24088415826
163.740000000005 -1581.13382072452
164.490000000005 -1578.33092928815
165.240000000005 -1563.30970991294
165.990000000006 -1561.97877001582
166.740000000006 -1561.65330797111
167.490000000006 -1565.83633644119
168.240000000006 -1567.49869343862
168.990000000006 -1552.32275510702
169.740000000006 -1549.5858523395
170.490000000006 -1551.89114879391
171.240000000006 -1545.8021303036
171.990000000006 -1530.58819181393
172.740000000006 -1533.60007737355
173.490000000006 -1535.19765825343
174.240000000006 -1531.90589628803
174.990000000006 -1536.71010931685
175.740000000006 -1521.30919100387
176.490000000006 -1512.82901092374
177.240000000006 -1522.71332812224
177.990000000006 -1507.15905179954
178.740000000006 -1503.49043762943
179.490000000006 -1509.23635919217
180.240000000006 -1509.78729455034
180.990000000006 -1494.07880531203
181.740000000006 -1488.06903374025
182.490000000006 -1496.09079666914
183.240000000006 -1496.58560838205
183.990000000006 -1480.69871445187
184.740000000006 -1503.88084367414
185.490000000006 -1488.01656001168
186.240000000006 -1491.31040026943
186.990000000006 -1493.26939756853
187.740000000006 -1496.81433083189
188.490000000006 -1480.76341549863
189.240000000006 -1483.36304920751
189.990000000006 -1484.95245310885
190.740000000006 -1468.68725358976
191.490000000006 -1472.26329427012
192.240000000007 -1471.74435275443
192.990000000007 -1455.20552218312
193.740000000007 -1457.00261328018
194.490000000007 -1463.69809144712
195.240000000007 -1446.71271930604
195.990000000007 -1468.05331311344
196.740000000007 -1451.08596602934
197.490000000007 -1447.59909171477
198.240000000007 -1430.28664799827
198.990000000007 -1425.93918723353
199.740000000007 -1458.58921439112
200.490000000007 -1440.98533714869
201.240000000007 -1423.01566108748
201.990000000007 -1444.85026328626
202.740000000007 -1446.43384361487
203.490000000007 -1428.23976464968
204.240000000007 -1427.94650432475
204.990000000007 -1427.91912733519
205.740000000007 -1425.04122029407
206.490000000007 -1406.3794152877
207.240000000007 -1407.34959546312
207.990000000007 -1400.80840920356
208.740000000007 -1381.75268021394
209.490000000007 -1379.06984231963
210.240000000007 -1379.27711745542
210.990000000007 -1359.75911762293
211.740000000007 -1354.50768140237
212.490000000007 -1353.69018927029
213.240000000007 -1333.76450004435
213.990000000007 -1315.00683835327
214.740000000007 -1319.43787087661
215.490000000007 -1327.85115303176
216.240000000007 -1323.05996136726
216.990000000007 -1320.16715143213
217.740000000007 -1327.60531196411
218.490000000008 -1323.3824005131
219.240000000008 -1302.62782789486
219.990000000008 -1294.04529808919
220.740000000008 -1273.02016854667
221.490000000008 -1292.63055691575
222.240000000008 -1271.43939973212
222.990000000008 -1267.63660265555
223.740000000008 -1260.05841742974
224.490000000008 -1238.57857188801
225.240000000008 -1229.31097571821
225.990000000008 -1230.85847703279
226.740000000008 -1225.54537841655
227.490000000008 -1223.27889090784
228.240000000008 -1201.45105542451
228.990000000008 -1199.58623511615
229.740000000008 -1177.45167840895
230.490000000008 -1164.16411634997
231.240000000008 -1161.06268644424
231.990000000008 -1163.08084491794
232.740000000008 -1157.77711742343
233.490000000008 -1152.39021007345
234.240000000008 -1130.0494147374
234.990000000008 -1122.52777138339
235.740000000008 -1099.99511878764
236.490000000008 -1115.57368950384
237.240000000008 -1093.03042801725
237.990000000008 -1084.81428771846
238.740000000008 -1081.1921567764
239.490000000008 -1076.4840960784
240.240000000008 -1053.81182245106
240.990000000008 -1046.50685469708
241.740000000008 -1034.95183431255
242.490000000008 -1034.85418223738
243.240000000008 -1033.69853361442
243.990000000008 -1011.00328535515
244.740000000009 -988.114776045469
245.490000000009 -966.401298149274
246.240000000009 -971.482803612299
246.990000000009 -948.650709903387
247.740000000009 -930.066329238439
248.490000000009 -962.968606658199
249.240000000009 -956.684702963146
249.990000000009 -934.094537647632
250.740000000009 -927.913554547026
251.490000000009 -921.212461368084
252.240000000009 -916.609770078263
252.990000000009 -894.196077570546
253.740000000009 -892.313885356359
254.490000000009 -884.778820289549
255.240000000009 -862.437621298974
255.990000000009 -854.019332065926
256.740000000008 -831.707678814614
257.490000000008 -849.683604208441
258.240000000007 -845.524378609928
258.990000000006 -823.50020089533
259.740000000006 -816.933848537279
260.490000000005 -811.43592742655
261.240000000004 -806.505096960994
261.990000000003 -784.814301755781
262.740000000003 -782.672047525812
263.490000000002 -780.092345836449
264.240000000001 -758.51313896126
264.990000000001 -739.143137770726
265.74 -746.323181420415
266.489999999999 -738.524844976015
267.239999999999 -717.583123489531
267.989999999998 -712.085074864324
268.739999999997 -715.456220277597
269.489999999997 -713.76507665664
270.239999999996 -713.74475118479
270.989999999995 -708.634454941651
271.739999999995 -688.314614633923
272.489999999994 -687.101792149929
273.239999999993 -684.952731979144
273.989999999993 -679.191556768051
274.739999999992 -659.234753638937
275.489999999991 -659.353193973402
276.239999999991 -656.937766479261
276.98999999999 -651.41311097922
277.739999999989 -631.690465298019
278.489999999988 -631.514448906079
279.239999999988 -622.644325799269
279.989999999987 -627.730268452122
280.739999999986 -608.710085297834
281.489999999986 -589.979331904349
282.239999999985 -571.933024355208
282.989999999984 -605.998997349871
283.739999999984 -589.896866943734
284.489999999983 -591.859034780047
285.239999999982 -597.505067250564
285.989999999982 -598.549726578554
286.739999999981 -582.667808281745
287.48999999998 -583.349438442963
288.23999999998 -567.572364573352
288.989999999979 -584.912212079569
289.739999999978 -569.834440607135
290.489999999978 -573.29975336285
291.239999999977 -577.30080245557
291.989999999976 -562.226035081064
292.739999999976 -583.398524152342
293.489999999975 -568.549890755556
294.239999999974 -571.705240068032
294.989999999973 -556.72469743497
295.739999999973 -576.058714293982
296.489999999972 -561.411274461266
297.239999999971 -564.7560545282
297.989999999971 -566.006632279578
298.73999999997 -551.28893830185
299.489999999969 -552.573294664511
300.239999999969 -557.936914327302
300.989999999968 -560.1603702059
301.739999999967 -545.346994476422
302.489999999967 -544.464951869862
303.239999999966 -550.746421160236
303.989999999965 -554.948870673687
304.739999999965 -555.991088014755
305.489999999964 -560.112056670294
306.239999999963 -545.243496871454
306.989999999963 -540.537815146826
307.739999999962 -525.575048207588
308.489999999961 -552.852683222643
309.239999999961 -538.017900549764
309.98999999996 -532.819260720903
310.739999999959 -539.497598557195
311.489999999958 -524.525427196736
312.239999999958 -527.004715518566
312.989999999957 -531.487981136918
313.739999999956 -535.395332627532
314.489999999956 -520.143251854892
315.239999999955 -513.655112608798
315.989999999954 -520.506271078132
316.739999999954 -525.230183760162
317.489999999953 -509.745226132885
318.239999999952 -510.723775288555
318.989999999952 -495.004906155875
319.739999999951 -486.816822125799
320.48999999995 -518.648673811255
321.23999999995 -503.016633882814
321.989999999949 -493.990580647255
322.739999999948 -506.780780231933
323.489999999948 -491.035541510307
324.239999999947 -487.676425593907
324.989999999946 -471.749797740678
325.739999999945 -489.390838153472
326.489999999945 -498.910581918277
327.239999999944 -483.571049799617
327.989999999943 -467.990203301889
328.739999999943 -486.644858955395
329.489999999942 -489.054006533807
330.239999999941 -473.878387730567
330.989999999941 -466.312966374572
331.73999999994 -476.429469857081
332.489999999939 -461.132935742603
333.239999999939 -454.120960677401
333.989999999938 -468.834624520305
334.739999999937 -469.985747651938
335.489999999937 -468.934375372954
336.239999999936 -453.477035344793
336.989999999935 -457.506809095538
337.739999999935 -459.408107277397
338.489999999934 -443.684438466407
339.239999999933 -427.87212016091
339.989999999933 -411.332910294882
340.739999999932 -453.167686279233
341.489999999931 -438.00709465177
342.23999999993 -430.755482521978
342.98999999993 -432.201778538042
343.739999999929 -439.869905565098
344.489999999928 -448.483495303953
345.239999999928 -433.245249919863
345.989999999927 -429.410893168178
346.739999999926 -436.326754268877
347.489999999926 -437.409828579748
348.239999999925 -438.891647655495
348.989999999924 -423.365270459934
349.739999999924 -422.143960051781
350.489999999923 -428.622796993227
351.239999999922 -412.777193973042
351.989999999922 -411.390760354058
352.739999999921 -417.635196252504
353.48999999992 -412.904346648711
354.23999999992 -419.018624166745
354.989999999919 -402.851133089504
355.739999999918 -401.05345636894
356.489999999918 -402.767356992256
357.239999999917 -403.864400624515
357.989999999916 -408.53766663192
358.739999999915 -392.011810882975
359.489999999915 -392.913806813712
360.239999999914 -392.155257434004
360.989999999913 -375.350778022698
361.739999999913 -370.529935207167
362.489999999912 -377.097375507351
363.239999999911 -360.312206657528
363.989999999911 -356.222423799902
364.73999999991 -356.927947408562
365.489999999909 -364.913200506092
366.239999999909 -348.522244656322
366.989999999908 -343.861227202054
367.739999999907 -344.556967839802
368.489999999907 -350.576890145438
369.239999999906 -350.955247572756
369.989999999905 -358.755624429051
370.739999999905 -343.228554412571
371.489999999904 -338.189473957013
372.239999999903 -323.022484336279
372.989999999903 -348.846410822405
373.739999999902 -333.913841499244
374.489999999901 -337.575266804732
375.2399999999 -338.634836030066
375.9899999999 -323.654935818539
376.739999999899 -312.634141366293
377.489999999898 -330.421353288841
378.239999999898 -331.102310877024
378.989999999897 -316.886341814445
379.739999999896 -319.344630412173
380.489999999896 -324.441785090486
381.239999999895 -324.377953340657
381.989999999894 -310.561485457791
382.739999999894 -309.349195391944
383.489999999893 -316.630072587596
384.239999999892 -321.425064012532
384.989999999892 -308.313097100133
385.739999999891 -338.049580312514
386.48999999989 -324.941714018093
387.23999999989 -327.209155323045
387.989999999889 -313.894754951336
388.739999999888 -306.491241347214
389.489999999888 -321.419372048023
390.239999999887 -308.263959332854
390.989999999886 -332.568585840322
391.739999999885 -319.533887003362
392.489999999885 -319.418829939682
393.239999999884 -331.059134488321
393.989999999883 -332.708444565838
394.739999999883 -319.272414446568
395.489999999882 -313.076264067422
396.239999999881 -329.71715995028
396.989999999881 -333.776976808868
397.73999999988 -336.125976028739
398.489999999879 -322.444372907995
399.239999999879 -327.739355424514
399.989999999878 -313.706685159774
400.739999999877 -305.12534325296
401.489999999877 -317.08086415936
402.239999999876 -317.52843179789
402.989999999875 -329.277407144754
403.739999999875 -331.539206948511
404.489999999874 -335.223842014165
405.239999999873 -320.801629767448
405.989999999873 -321.160838676368
406.739999999872 -306.40457608745
407.489999999871 -306.64076226704
408.23999999987 -308.848624104068
408.98999999987 -309.425004862739
409.739999999869 -315.210215563479
410.489999999868 -300.336731506528
411.239999999868 -300.89770091253
411.989999999867 -309.146262756406
412.739999999866 -312.075302780007
413.489999999866 -296.806094887659
414.239999999865 -281.449786063006
414.989999999864 -264.753207741844
415.739999999864 -302.773192336319
416.489999999863 -288.025999183968
417.239999999862 -284.201262557221
417.989999999862 -294.350146139083
418.739999999861 -296.110201223571
419.48999999986 -300.931089615306
420.23999999986 -286.104707380985
420.989999999859 -283.630732847524
421.739999999858 -268.796837842124
422.489999999858 -295.371078100761
423.239999999857 -280.544638164983
423.989999999856 -280.66610242424
424.739999999855 -285.876480511762
425.489999999855 -270.829756658064
426.239999999854 -264.786034817543
426.989999999853 -250.030022574487
427.739999999853 -249.009841730858
428.489999999852 -281.252182977723
429.239999999851 -227.363746591786
429.989999999851 -261.227554698003
430.73999999985 -271.437142245212
431.489999999849 -274.323401917264
432.239999999849 -260.307766486379
432.989999999848 -266.343426505809
433.739999999847 -266.128300811141
434.489999999847 -275.771761169448
435.239999999846 -261.521645642559
435.989999999845 -260.273680939169
436.739999999845 -261.604135854204
437.489999999844 -269.194096387441
438.239999999843 -255.049149962946
438.989999999842 -257.440950709753
439.739999999842 -261.869085667294
440.489999999841 -266.22282960354
441.23999999984 -269.979841997559
441.98999999984 -255.685195252097
442.739999999839 -250.133172852787
443.489999999838 -236.037912745865
444.239999999838 -265.805813308222
444.989999999837 -251.664641557082
445.739999999836 -251.976786144182
446.489999999836 -256.906081555104
447.239999999835 -262.325948627049
447.989999999834 -248.112958924916
448.739999999834 -251.408181980757
449.489999999833 -251.040713231171
450.239999999832 -236.785427402798
450.989999999832 -238.091871173941
451.739999999831 -244.050311429376
452.48999999983 -246.362844089706
453.23999999983 -232.195740353341
453.989999999829 -232.591908029242
454.739999999828 -239.247684588763
455.489999999827 -239.706701490064
456.239999999827 -250.635590532133
456.989999999826 -236.676703458303
457.739999999825 -239.191682816735
458.489999999825 -243.689396730534
459.239999999824 -246.026091444514
459.989999999823 -231.859150828498
460.739999999823 -233.195529781211
461.489999999822 -239.655580914731
462.239999999821 -241.397393978104
462.989999999821 -227.164258650546
463.73999999982 -212.872123077968
464.489999999819 -198.993641711785
465.239999999819 -239.002711048681
465.989999999818 -224.664390903033
466.739999999817 -220.786305574476
467.489999999817 -230.861533332129
468.239999999816 -234.174726972925
468.989999999815 -236.918956694225
469.739999999815 -222.714865925144
470.489999999814 -222.445508666191
471.239999999813 -224.779720048139
471.989999999812 -233.925044928654
472.739999999812 -219.819014243393
473.489999999811 -222.217102123345
474.23999999981 -224.086137823842
474.98999999981 -230.599394827788
475.739999999809 -216.449770604209
476.489999999808 -213.720973029492
477.239999999808 -221.891934194376
477.989999999807 -207.837608950557
478.739999999806 -207.314078005851
479.489999999806 -215.519772381449
480.239999999805 -217.546671448114
480.989999999804 -203.575691585039
481.739999999804 -199.012501846279
482.489999999803 -207.417350088219
483.239999999802 -211.733483987267
483.989999999802 -198.058749905761
484.739999999801 -190.503648262312
485.4899999998 -207.780777800826
486.2399999998 -214.642212376047
486.989999999799 -200.796526870553
487.739999999798 -193.4351841846
488.489999999797 -206.749683190506
489.239999999797 -208.69551975563
489.989999999796 -212.701026996513
490.739999999795 -220.865796009024
491.489999999795 -207.340123290515
492.239999999794 -193.692887097818
492.989999999793 -213.328796285817
493.739999999793 -199.661928561133
494.489999999792 -198.941144626981
495.239999999791 -206.987854571275
495.989999999791 -206.162131280728
496.73999999979 -192.650595143618
497.489999999789 -198.199537827989
498.239999999789 -206.31032099355
498.989999999788 -207.656118307976
499.739999999787 -213.665556922386
500.489999999787 -200.137488302982
501.239999999786 -206.076155701028
501.989999999785 -208.848494287812
502.739999999785 -195.054277127526
503.489999999784 -195.301125326162
504.239999999783 -200.673156626203
504.989999999782 -207.049496273402
505.739999999782 -210.777237596189
506.489999999781 -214.962391189955
507.23999999978 -201.155534969394
507.98999999978 -203.260772563657
508.739999999779 -189.32779824886
509.489999999778 -187.410048687847
510.239999999778 -192.722834694821
510.989999999777 -200.118848895424
511.739999999776 -205.406671139973
512.489999999776 -191.573073323237
513.239999999775 -192.22965978147
513.989999999774 -178.402670665708
514.739999999774 -202.520099527372
515.489999999773 -188.856803305472
516.239999999772 -181.381452014455
516.989999999772 -190.480334717363
517.739999999771 -197.520179342825
518.48999999977 -183.94297723498
519.23999999977 -187.902514304336
519.989999999769 -195.461065322508
520.739999999768 -198.861449617287
521.489999999768 -203.764022418772
522.239999999767 -190.082075367807
522.989999999766 -182.50490975982
523.739999999765 -197.202712786078
524.489999999765 -183.382095794879
525.239999999764 -177.952958765195
525.989999999763 -180.247782053782
526.739999999763 -189.360986637544
527.489999999762 -175.832714788122
528.239999999761 -172.48715368921
528.989999999761 -187.217280660804
529.73999999976 -188.464460845394
530.489999999759 -174.818818868877
531.239999999759 -175.112976369659
531.989999999758 -186.735583373813
532.739999999757 -189.047889793028
533.489999999757 -194.957333770372
534.239999999756 -181.233778546228
534.989999999755 -180.968229185901
535.739999999755 -181.182826987442
536.489999999754 -192.341823396622
537.239999999753 -178.66083472509
537.989999999753 -174.938312020402
538.739999999752 -188.322568520101
539.489999999751 -174.741909467737
540.23999999975 -164.52710005213
540.98999999975 -178.122646534523
541.739999999749 -186.485068936022
542.489999999748 -191.177812427336
543.239999999748 -177.733309820259
543.989999999747 -175.224800532686
544.739999999746 -185.570523938625
545.489999999746 -183.431782425459
546.239999999745 -170.148551790857
546.989999999744 -172.222982130332
547.739999999744 -179.968600091156
548.489999999743 -166.537177947228
549.239999999742 -191.472485448713
549.989999999742 -140.781501424192
550.739999999741 -180.399388882924
551.48999999974 -185.393645202858
552.23999999974 -171.771965792935
552.989999999739 -171.646508845005
553.739999999738 -179.734263419084
554.489999999738 -184.690800291626
555.239999999737 -170.999487984322
555.989999999736 -170.829106205766
556.739999999735 -174.754420013217
557.489999999735 -175.038303631641
558.239999999734 -186.299953373603
558.989999999733 -172.721621542387
559.739999999733 -171.002419757234
560.489999999732 -182.680766716939
561.239999999731 -182.906423440077
561.989999999731 -189.335601132693
562.73999999973 -175.660163629594
563.489999999729 -179.963201438676
564.239999999729 -184.215478796569
564.989999999728 -186.837359552311
565.739999999727 -172.9977556446
566.489999999727 -177.154704492912
567.239999999726 -163.171505014958
567.989999999725 -152.76950511633
568.739999999725 -164.584729376687
569.489999999724 -170.711969443934
570.239999999723 -173.696048874179
570.989999999722 -181.306454238544
571.739999999722 -167.785696022991
572.489999999721 -162.960839779142
573.23999999972 -149.558201889878
573.98999999972 -179.910848551965
574.739999999719 -166.43412586715
575.489999999718 -161.111116982599
576.239999999718 -173.450804754203
576.989999999717 -159.916553275318
577.739999999716 -161.894934611543
578.489999999716 -170.531692702088
579.239999999715 -169.313092010333
579.989999999714 -155.760421917174
580.739999999714 -154.269227275067
581.489999999713 -164.692182857543
582.239999999712 -172.004404751743
582.989999999712 -178.788989298502
583.739999999711 -165.401289270044
584.48999999971 -155.114713927417
585.23999999971 -171.800573831497
585.989999999709 -172.836658976269
586.739999999708 -159.518459857608
587.489999999707 -146.034473207602
588.239999999707 -137.373958954661
588.989999999706 -176.635876916165
589.739999999705 -163.189931428793
590.489999999705 -162.16033258061
591.239999999704 -166.761474163293
591.989999999703 -174.456392511634
592.739999999703 -160.91976133263
593.489999999702 -162.90195996361
594.239999999701 -149.3138431969
594.989999999701 -171.128372482313
595.7399999997 -176.762335361201
596.489999999699 -163.323420677272
597.239999999699 -168.903448735174
597.989999999698 -171.853211708696
598.739999999697 -176.296977262522
599.489999999697 -162.670041064273
600.239999999696 -166.044871624696
600.989999999695 -169.37787704667
601.739999999695 -155.631154237503
602.489999999694 -152.170674366045
603.239999999693 -162.717547078252
603.989999999692 -168.582560075077
604.739999999692 -155.276299969689
605.489999999691 -156.005845863308
606.23999999969 -162.35150228887
606.98999999969 -148.977725001741
607.739999999689 -174.495562712952
608.489999999688 -161.146008650605
609.239999999688 -159.177417365095
609.989999999687 -145.817686325573
610.739999999686 -167.839363002634
611.489999999686 -154.870706785196
612.239999999685 -161.428112523672
612.989999999684 -160.153486209131
613.739999999684 -174.474199879356
614.489999999683 -161.262940556848
615.239999999682 -159.446742637316
615.989999999682 -146.144760198389
616.739999999681 -174.443615433139
617.48999999968 -177.801626744628
618.23999999968 -164.636101982433
618.989999999679 -167.406898484072
619.739999999678 -168.544193640979
620.489999999677 -176.412254094231
621.239999999677 -163.095521402122
621.989999999676 -165.70929013537
622.739999999675 -171.88519912782
623.489999999675 -173.298363662034
624.239999999674 -159.840457188872
624.989999999673 -165.384058222983
625.739999999673 -151.765126659739
626.489999999672 -173.106294677869
627.239999999671 -123.214389781063
627.989999999671 -164.159312917909
628.73999999967 -164.736592069665
629.489999999669 -171.557606364447
630.239999999669 -158.266442047307
630.989999999668 -164.497219232555
631.739999999667 -168.603412932079
632.489999999667 -170.557163286587
633.239999999666 -157.079875603724
633.989999999665 -159.589344293441
634.739999999665 -164.148071459232
635.489999999664 -171.794217596684
636.239999999663 -158.208052201167
636.989999999662 -159.085194752254
637.739999999662 -145.49359709766
638.489999999661 -142.635099536333
639.23999999966 -151.583069381212
639.98999999966 -156.366196242815
640.739999999659 -166.776640848231
641.489999999658 -170.391957686256
642.239999999658 -156.89495490363
642.989999999657 -157.374619078168
643.739999999656 -165.516661323344
644.489999999656 -151.87535760402
645.239999999655 -143.789832506481
645.989999999654 -151.20249447572
646.739999999654 -164.833895558907
647.489999999653 -167.018554592756
648.239999999652 -153.665128405128
648.989999999652 -153.275369148416
649.739999999651 -163.655764850546
650.48999999965 -166.740370439471
651.23999999965 -153.233889963884
651.989999999649 -147.168724901202
652.739999999648 -157.64098784618
653.489999999647 -166.501072168668
654.239999999647 -166.968224030709
654.989999999646 -153.614816563973
655.739999999645 -158.758580280805
656.489999999645 -145.287861791461
657.239999999644 -138.771230541769
657.989999999643 -174.038148106142
658.739999999643 -160.842013184342
659.489999999642 -164.565568613545
660.239999999641 -167.694732022216
660.989999999641 -154.313026191311
661.73999999964 -155.468397745268
662.489999999639 -159.249097954888
663.239999999639 -169.320281924018
663.989999999638 -156.055085020498
664.739999999637 -153.141850278442
665.489999999637 -159.536325531835
666.239999999636 -168.541480665095
666.989999999635 -172.782395185147
667.739999999635 -159.484429947067
668.489999999634 -159.550589635451
669.239999999633 -165.289757136827
669.989999999632 -151.912993335525
670.739999999632 -149.466297911781
671.489999999631 -160.991255298595
672.23999999963 -163.641991451987
672.98999999963 -150.311936844266
673.739999999629 -154.496607954
674.489999999628 -162.740707085256
675.239999999628 -162.142527204076
675.989999999627 -170.378671618987
676.739999999626 -156.88320126277
677.489999999626 -158.833944161835
678.239999999625 -165.378696570244
678.989999999624 -167.704867507526
679.739999999624 -173.61867133835
680.489999999623 -159.939359933356
681.239999999622 -156.055211358174
681.989999999622 -142.749176361543
682.739999999621 -145.998258273831
683.48999999962 -156.967566986388
684.239999999619 -162.1990484893
684.989999999619 -148.759369201858
685.739999999618 -171.60907915262
686.489999999617 -158.289444308596
687.239999999617 -144.819500254932
687.989999999616 -138.436444194727
688.739999999615 -171.612672461579
689.489999999615 -158.322762015641
690.239999999614 -144.859063627012
690.989999999613 -165.36541660897
691.739999999613 -170.653440934465
692.489999999612 -157.34028051712
693.239999999611 -160.475331372683
693.989999999611 -165.605328517471
694.73999999961 -152.0601351852
695.489999999609 -151.053418867527
696.239999999609 -150.570500172182
696.989999999608 -163.673576033232
697.739999999607 -165.245732709338
698.489999999607 -151.949843634645
699.239999999606 -147.347389582761
699.989999999605 -158.389905407359
700.739999999604 -145.113122710815
701.489999999604 -131.732405975699
702.239999999603 -153.631182215365
702.989999999602 -140.92396675763
703.739999999602 -165.331258169263
704.489999999601 -174.737822464543
705.2399999996 -162.438273365601
705.9899999996 -160.309540693329
706.739999999599 -172.310771359159
707.489999999598 -159.922572988811
708.239999999598 -161.918053609828
708.989999999597 -169.489503726989
709.739999999596 -175.917138011536
710.489999999596 -163.133839886901
711.239999999595 -159.691057082521
711.989999999594 -170.704073503673
712.739999999594 -174.343309900608
713.489999999593 -161.432031575228
714.239999999592 -163.411151429324
714.989999999592 -150.348307032831
715.739999999591 -174.411651302787
716.48999999959 -181.302614617308
717.239999999589 -168.5605555149
717.989999999589 -175.265520720685
718.739999999588 -178.746707868309
719.489999999587 -181.042765535931
720.239999999587 -167.901587130223
720.989999999586 -170.614315115232
721.739999999585 -179.965372421314
722.489999999585 -166.432081740935
723.239999999584 -163.790407901596
723.989999999583 -170.330110077772
724.739999999583 -176.790820654419
725.489999999582 -162.99945734274
726.239999999581 -161.129687105729
726.989999999581 -169.49046933638
727.73999999958 -155.538516547989
728.489999999579 -141.407257773442
729.239999999579 -184.293595711366
729.989999999578 -172.046160327689
730.739999999577 -170.948251931264
731.489999999577 -182.752471031628
732.239999999576 -170.139170056805
732.989999999575 -172.94117113821
733.739999999574 -170.415737500678
734.489999999574 -157.738750232509
735.239999999573 -163.00869914051
735.989999999572 -173.358454122778
736.739999999572 -181.012433172605
737.489999999571 -184.398714768348
738.23999999957 -171.173020485166
738.98999999957 -157.867012495348
739.739999999569 -144.189466429891
740.489999999568 -185.488996566848
741.239999999568 -193.123695074457
741.989999999567 -181.054559861268
742.739999999566 -180.175945838563
743.489999999566 -191.599924324774
744.239999999565 -194.028277124403
744.989999999564 -181.489912673543
745.739999999564 -186.834421282638
746.489999999563 -193.5866389005
747.239999999562 -180.547502067191
747.989999999562 -169.106622159838
748.739999999561 -181.753861356132
749.48999999956 -192.201405711511
750.239999999559 -199.393230047024
750.989999999559 -186.331069878046
751.739999999558 -184.007387027459
752.489999999557 -191.914625997315
753.239999999557 -178.528698438793
753.989999999556 -178.018847569466
754.739999999555 -187.711124649224
755.489999999555 -185.365543554133
756.239999999554 -171.730294428072
756.989999999553 -158.071476303421
757.739999999553 -186.923289991535
758.489999999552 -191.55426333656
759.239999999551 -197.149150858738
759.989999999551 -184.043476434645
760.73999999955 -184.811566260736
761.489999999549 -191.648922818113
762.239999999549 -192.646130085694
762.989999999548 -179.20730105013
763.739999999547 -184.220936021343
764.489999999547 -187.586872727462
765.239999999546 -188.751980060079
765.989999999545 -197.691504692436
766.739999999544 -183.857707311703
767.489999999544 -185.382351285553
768.239999999543 -193.013634071196
768.989999999542 -178.813093766536
769.739999999542 -176.539240538161
770.489999999541 -181.401886918942
771.23999999954 -185.688431154414
771.98999999954 -171.339820034847
772.739999999539 -157.110235145152
773.489999999538 -138.659858900125
774.239999999538 -184.551546392552
774.989999999537 -190.123659843387
775.739999999536 -178.137390428104
776.489999999536 -185.604481737423
777.239999999535 -187.775000929223
777.989999999534 -194.493844938503
778.739999999534 -182.06655786657
779.489999999533 -179.817979744284
780.239999999532 -193.041698009741
780.989999999532 -180.258089886083
781.739999999531 -177.819899697025
782.48999999953 -187.1335373925
783.239999999529 -193.238327176367
783.989999999529 -199.740438629452
784.739999999528 -204.546403450971
785.489999999527 -191.244829181664
786.239999999527 -189.145403459958
786.989999999526 -175.657733063471
787.739999999525 -203.409659108695
788.489999999525 -189.816287104622
789.239999999524 -190.552085875205
789.989999999523 -197.893892082244
790.739999999523 -199.908702670161
791.489999999522 -185.918851544738
792.239999999521 -189.864845601644
792.989999999521 -193.69617523391
793.73999999952 -196.890749748464
794.489999999519 -182.492685133991
795.239999999519 -180.43690416504
795.989999999518 -181.419814845844
796.739999999517 -189.721165678725
797.489999999516 -175.292002976086
798.239999999516 -179.364000461564
798.989999999515 -178.226616736154
799.739999999514 -185.918497868392
