0 9951.25891164538
0.75 8978.93368500137
1.5 8120.0122299919
2.25 7256.10334331135
3 6540.71510634923
3.74999999999999 5843.07774260934
4.49999999999999 5146.95087415269
5.25 4513.68795189673
6.00000000000001 3957.47313139953
6.75000000000001 3432.24689639694
7.50000000000002 2924.73545297208
8.25000000000002 2501.25189567067
9 2118.8090965177
9.74999999999998 1836.51482373829
10.5 1671.66215279313
11.25 1556.62585849429
11.9999999999999 1452.96800218219
12.7499999999999 1366.10759038972
13.4999999999999 1298.77621110041
14.2499999999999 1239.64200492466
14.9999999999999 1333.8189608629
15.7499999999999 5350.7322128613
16.4999999999999 9591.84703706693
17.2499999999999 13918.3277502564
17.9999999999999 18435.8591027409
18.75 22944.5011304967
19.5 27398.7340398762
20.25 31755.2101539873
21 35962.0065143462
21.7500000000001 39992.3506763234
22.5000000000001 43821.9816303622
23.2500000000001 47450.6663704874
24.0000000000002 50839.7776437088
24.7500000000002 53989.2309945446
25.5000000000002 56870.6476114842
26.2500000000002 59502.0915045034
27.0000000000003 61768.3082640688
27.7500000000003 63833.2024634128
28.5000000000003 65660.2859497742
29.2500000000004 67282.0188539105
30.0000000000004 68674.11873497
30.7500000000004 69812.7390213371
31.5000000000004 70747.9078185368
32.2500000000005 71424.2277007411
33.0000000000005 71882.0895643366
33.7500000000005 72121.4462052942
34.5000000000005 72241.9094984603
35.2500000000006 72297.0594952571
36.0000000000006 72327.4368674182
36.7500000000006 72327.9070010733
37.5000000000007 72171.5000878473
38.2500000000007 71613.26249114
39.0000000000007 70928.1089311225
39.7500000000007 70138.1599294638
40.5000000000008 69245.2665111901
41.2500000000008 68258.9939410042
42.0000000000008 67187.1253999698
42.7500000000009 66052.226138298
43.5000000000009 64857.2077965766
44.2500000000009 63627.7492910612
45.0000000000009 62364.2846307897
45.750000000001 61065.9423702281
46.500000000001 59767.15210405
47.250000000001 58450.9157168682
48.0000000000011 57151.0495726242
48.7500000000011 55858.0684856389
49.5000000000011 54595.1793178367
50.2500000000011 53321.3072776676
51.0000000000012 52069.6350159886
51.7500000000012 50835.692894858
52.5000000000012 49636.9191185573
53.2500000000013 48459.2197242823
54.0000000000013 47343.1358677601
54.7500000000013 46254.6925925006
55.5000000000013 45180.3422212348
56.2500000000014 44197.117394073
57.0000000000014 43232.5241647637
57.7500000000014 42353.1012327756
58.5000000000015 41463.7085748566
59.2500000000015 40598.8382221545
60.0000000000015 39759.8809166563
60.7500000000015 38990.0931003726
61.5000000000016 38242.1523880938
62.2500000000016 37487.7649482079
63.0000000000016 36778.7188731252
63.7500000000017 36135.6802079242
64.5000000000017 35497.0215923921
65.2500000000017 34904.1896370704
66.0000000000017 34363.741961402
66.7500000000018 33812.2158120929
67.5000000000018 33308.6474404594
68.2500000000018 32838.3907843107
69.0000000000018 32397.7331017982
69.7500000000019 31955.1082857392
70.5000000000019 31534.2048776307
71.2500000000019 31129.7363446041
72.000000000002 30764.76031125
72.750000000002 30376.8287613009
73.500000000002 30022.6998645883
74.250000000002 29662.1382879583
75.0000000000021 29338.8805679225
75.7500000000021 29022.8842787376
76.5000000000021 28713.9824049805
77.2500000000022 28381.1731477181
78.0000000000022 28081.0109740055
78.7500000000022 27770.0938762759
79.5000000000022 27480.4106446896
80.2500000000023 27221.2934066389
81.0000000000023 26951.0580475048
81.7500000000023 26672.068548654
82.5000000000024 26388.3401707125
83.2500000000024 26081.2626188333
84.0000000000024 25746.8735327918
84.7500000000024 25402.1464134467
85.5000000000025 25074.2760639479
86.2500000000025 24710.968285983
87.0000000000025 24368.897744854
87.7500000000026 23973.8354103711
88.5000000000026 23596.1071561801
89.2500000000026 23200.408827954
90.0000000000026 22792.4022335944
90.7500000000027 22365.8269638698
91.5000000000027 21932.2180196155
92.2500000000027 21470.518448599
93.0000000000028 21008.0099445135
93.7500000000028 20525.953405662
94.5000000000028 20068.8465911743
95.2500000000028 19596.9444073573
96.0000000000029 19045.6780193665
96.7500000000029 18490.6090836314
97.5000000000029 17928.0443264584
98.250000000003 17331.1198956679
99.000000000003 16698.9516788537
99.750000000003 16060.6273930244
100.500000000003 15411.8007867495
101.250000000003 14686.9995948217
102.000000000003 13965.6024015991
102.750000000003 13195.363137228
103.500000000003 12399.2142951007
104.250000000003 11576.6634611941
105.000000000003 10737.4793896895
105.750000000003 9882.97753967425
106.500000000003 8942.22114719628
107.250000000003 8015.81648788407
108.000000000003 6994.90472157065
108.750000000003 5907.26646439483
109.500000000003 4796.14659773246
110.250000000003 3682.27415265715
111.000000000003 2592.93859537169
111.750000000003 1491.52182993607
112.500000000003 349.872958334253
113.250000000004 14.4116035416273
114.000000000004 133.982600738776
114.750000000004 -730.015572672939
115.500000000004 -930.38189543089
116.250000000004 -2628.2056407085
117.000000000004 -3348.51627644354
117.750000000004 -4360.60923165474
118.500000000004 -6012.8322788564
119.250000000004 -4471.22105326903
120.000000000004 -5994.83904435628
120.750000000004 -5559.74379899727
121.500000000004 -5786.78482027065
122.250000000004 -7704.05285394158
123.000000000004 -8461.09972832573
123.750000000004 -8336.78636361957
124.500000000004 -10159.7970506127
125.250000000004 -11976.0000356391
126.000000000004 -13330.1247588266
126.750000000004 -12297.9330631416
127.500000000004 -13835.8604541359
128.250000000004 -15342.7599432118
129.000000000004 -15525.8604197275
129.750000000004 -15425.587222111
130.500000000004 -14668.8444238611
131.250000000004 -16720.0987428362
132.000000000004 -18423.1442155133
132.750000000004 -18695.2668025677
133.500000000004 -19641.0538513671
134.250000000004 -20623.1979407422
135.000000000004 -20769.2102536209
135.750000000004 -20693.7735991996
136.500000000004 -22493.8218436157
137.250000000004 -23901.9448975897
138.000000000004 -26321.5894825936
138.750000000004 -26035.5597057046
139.500000000005 -26267.8521676736
140.250000000005 -27243.5245920483
141.000000000005 -28790.623689565
141.750000000005 -29515.2863502269
142.500000000005 -29735.3533192398
143.250000000005 -31001.5928823435
144.000000000005 -31493.3657993891
144.750000000005 -34038.4858638802
145.500000000005 -31417.6317894048
146.250000000005 -32539.0142131014
147.000000000005 -33988.434827844
147.750000000005 -34763.2354510728
148.500000000005 -36580.0391604848
149.250000000005 -38222.6337326993
150.000000000005 -37883.9187870703
150.750000000005 -34472.9241629995
151.500000000005 -36050.5664841729
152.250000000005 -39684.8291755781
153.000000000005 -39779.9378313837
153.750000000005 -40017.5522183004
154.500000000005 -42316.9798838475
155.250000000005 -43477.1717270588
156.000000000005 -43599.8428683892
156.750000000005 -43891.9292514996
157.500000000005 -46028.5339308026
158.250000000005 -46068.9560350201
159.000000000005 -46901.4552122393
159.750000000005 -45901.8402132467
160.500000000005 -45164.1378624916
161.250000000005 -44518.0261541372
162.000000000005 -44413.6489675929
162.750000000005 -44385.0097167895
163.500000000005 -45748.8690693903
164.250000000005 -43964.0477090513
165.000000000005 -43298.5681507099
165.750000000006 -43317.5680526877
166.500000000006 -41728.1321515436
167.250000000006 -40401.2170905756
168.000000000006 -37254.590175508
168.750000000006 -34737.3988302775
169.500000000006 -32190.9859837471
170.250000000006 -29522.9155912237
171.000000000006 -25053.4324501701
171.750000000006 -24914.127620203
172.500000000006 -22695.3896140173
173.250000000006 -18285.3747619186
174.000000000006 -16771.8872675591
174.750000000006 -14703.2519795993
175.500000000006 -13728.1926572354
176.250000000006 -8588.65852426415
177.000000000006 -5528.96896861304
177.750000000006 -2594.36972595491
178.500000000006 1327.09545624758
179.250000000006 6175.43507915813
180.000000000006 11773.8562209018
180.750000000006 17656.3400969231
181.500000000006 23569.4257522696
182.250000000006 29164.8563369292
183.000000000006 34218.38033707
183.750000000006 38581.9101484655
184.500000000006 42184.840188302
185.250000000006 45032.1681057438
186.000000000006 47139.2279547286
186.750000000006 48630.5522196649
187.500000000006 49646.4037676071
188.250000000006 50220.7010507662
189.000000000006 50479.414608055
189.750000000006 50467.3162897533
190.500000000006 49949.4070522901
191.250000000006 49124.1580636104
192.000000000007 48038.3273765799
192.750000000007 46666.4807733549
193.500000000007 45286.451323649
194.250000000007 43695.6896287538
195.000000000007 41968.2066835778
195.750000000007 40127.1555737223
196.500000000007 38153.3472306095
197.250000000007 36120.4762440133
198.000000000007 34080.4374821288
198.750000000007 32053.4828277864
199.500000000007 30056.3829635454
200.250000000007 28076.7839026208
201.000000000007 26127.2183560132
201.750000000007 24251.979669388
202.500000000007 22419.4028054914
203.250000000007 20642.4711181868
204.000000000007 19034.2866007896
204.750000000007 17455.4110339663
205.500000000007 15964.3566418818
206.250000000007 14561.8202245188
207.000000000007 13185.0581721785
207.750000000007 11935.4379834529
208.500000000007 10765.5337107957
209.250000000007 9671.43771718279
210.000000000007 8630.48700305444
210.750000000007 7603.52779293685
211.500000000007 6633.08560908281
212.250000000007 5772.75654503284
213.000000000007 4899.17717270213
213.750000000007 4122.95507860269
214.500000000007 3462.68140541541
215.250000000007 2828.51030243304
216.000000000007 2244.91732450232
216.750000000007 1783.58362329024
217.500000000007 1516.50066502025
218.250000000008 1317.34486266311
219.000000000008 1127.14198985518
219.750000000008 1015.76936167017
220.500000000008 917.083415085739
221.250000000008 818.278381847528
222.000000000008 749.60382733784
222.750000000008 697.407687978376
223.500000000008 666.852382786281
224.250000000008 643.440958905366
225.000000000008 622.748105065281
225.750000000008 605.261218353636
226.500000000008 588.635986872915
227.250000000008 574.328656194103
228.000000000008 558.847181807292
228.750000000008 543.058631320116
229.500000000008 524.301104220921
230.250000000008 504.623391449801
231.000000000008 489.778455817472
231.750000000008 474.268054726251
232.500000000008 457.6682952841
233.250000000008 448.441378189316
234.000000000008 442.507417803628
234.750000000008 439.650272386978
235.500000000008 437.81052413728
236.250000000008 436.655386831364
237.000000000008 437.267498435642
237.750000000008 440.095708127953
238.500000000008 442.099519336256
239.250000000008 448.035954318667
240.000000000008 454.348793617168
240.750000000008 463.772243360051
241.500000000008 469.431165801541
242.250000000008 476.314014289071
243.000000000008 483.409075644933
243.750000000008 496.842417406726
244.500000000008 510.625079683085
245.250000000009 524.693381249001
246.000000000009 540.284141632288
246.750000000009 553.035821512118
247.500000000009 565.602811844866
248.250000000009 574.003793216352
249.000000000009 588.711744364529
249.750000000009 604.37878142618
250.500000000009 618.323282586378
251.250000000009 635.200778027685
252.000000000009 653.517936721838
252.750000000009 673.909752941802
253.500000000009 694.972109595156
254.250000000009 718.28290445092
255.000000000009 744.707438878952
255.750000000009 773.254653672483
256.500000000008 822.005724260932
257.250000000008 875.815790256959
258.000000000007 930.76773788545
258.750000000006 994.922499305941
259.500000000006 1057.45069937718
260.250000000005 1173.83676733979
261.000000000004 1257.82036414751
261.750000000004 1380.09768536608
262.500000000003 1479.84407080566
263.250000000002 1568.33545990922
264.000000000002 1640.04071170737
264.750000000001 1735.28075039149
265.5 1767.80070847714
266.25 1793.32962569135
266.999999999999 1818.20188592492
267.749999999998 1842.87898270162
268.499999999998 1867.19925843546
269.249999999997 1890.90409789652
269.999999999996 1914.56890378909
270.749999999996 1937.83001313399
271.499999999995 1960.99879982683
272.249999999994 1983.91393820666
272.999999999993 2006.68924302553
273.749999999993 2029.98843927481
274.499999999992 2054.56567739229
275.249999999991 2078.7737343631
275.999999999991 2103.33559332214
276.74999999999 2128.0289774258
277.499999999989 2157.65179766077
278.249999999989 2182.7928747139
278.999999999988 2208.43986906227
279.749999999987 2311.23977015025
280.499999999987 2387.00976199595
281.249999999986 2423.60453151275
281.999999999985 2457.11164196478
282.749999999985 2487.22883794447
283.499999999984 2516.61708609526
284.249999999983 2544.10157665165
284.999999999983 2565.60302876172
285.749999999982 2586.05589724096
286.499999999981 2605.77167526589
287.249999999981 2624.8702391517
287.99999999998 2643.19227322362
288.749999999979 2660.91659231891
289.499999999978 2678.97780858657
290.249999999978 2697.27073385412
290.999999999977 2715.29341021158
291.749999999976 2733.41240762072
292.499999999976 2750.48786057789
293.249999999975 2766.4676680231
293.999999999974 2783.02542843825
294.749999999974 2799.40354504959
295.499999999973 2815.51122279529
296.249999999972 2831.58481122204
296.999999999972 2847.55318360462
297.749999999971 2863.32785182373
298.49999999997 2878.92192766541
299.24999999997 2894.31681317725
299.999999999969 2909.94892808549
300.749999999968 2925.38003023382
301.499999999968 2940.57989978291
302.249999999967 2955.49933629554
302.999999999966 2970.16183376067
303.749999999965 2984.53250017554
304.499999999965 2998.63839401364
305.249999999964 3012.44842151461
305.999999999963 3025.98953163307
306.749999999963 3038.83895161682
307.499999999962 3051.04792790691
308.249999999961 3062.8428260814
308.999999999961 3074.26470532882
309.74999999996 3085.37310922454
310.499999999959 3096.17557716052
311.249999999959 3106.67839076852
311.999999999958 3116.8942365054
312.749999999957 3126.94758772679
313.499999999957 3136.5961813829
314.249999999956 3145.96439269681
314.999999999955 3155.25125494031
315.749999999955 3164.43505934139
316.499999999954 3173.37130653103
317.249999999953 3182.13108638246
317.999999999953 3190.61098893849
318.749999999952 3198.79692903272
319.499999999951 3206.70542519059
320.24999999995 3214.39377508072
320.99999999995 3221.85435779979
321.749999999949 3229.08786384582
322.499999999948 3236.02260463109
323.249999999948 3242.66297318649
323.999999999947 3249.11359034069
324.749999999946 3255.18429822423
325.499999999946 3260.86799101037
326.249999999945 3266.51165656041
326.999999999944 3272.76634854467
327.749999999944 3279.1330345681
328.499999999943 3285.06918275484
329.249999999942 3290.67563426246
329.999999999942 3295.63030141321
330.749999999941 3300.64599004899
331.49999999994 3305.24341071133
332.24999999994 3309.18691911287
332.999999999939 3312.79002896075
333.749999999938 3316.56341758244
334.499999999938 3319.37320346149
335.249999999937 3322.62056467752
335.999999999936 3324.91313392291
336.749999999935 3326.81848582479
337.499999999935 3328.79933782609
338.249999999934 3330.25562467578
338.999999999933 3331.6731158998
339.749999999933 3333.50201072895
340.499999999932 3334.77981692892
341.249999999931 3335.60657300428
341.999999999931 3335.70148370283
342.74999999993 3335.44312510855
343.499999999929 3335.09146493165
344.249999999929 3334.15546281355
344.999999999928 3333.03569507656
345.749999999927 3331.81945797829
346.499999999927 3330.46513404081
347.249999999926 3328.97563097409
347.999999999925 3326.9556512462
348.749999999925 3324.75110863608
349.499999999924 3322.51594271567
350.249999999923 3320.03150042717
350.999999999923 3317.12368021109
351.749999999922 3314.38096566507
352.499999999921 3311.50025987014
353.24999999992 3308.06537098445
353.99999999992 3304.54487370874
354.749999999919 3300.71978715207
355.499999999918 3296.77743439596
356.249999999918 3293.67761136171
356.999999999917 3290.0080592519
357.749999999916 3285.71096398659
358.499999999916 3281.53514952079
359.249999999915 3277.43520672535
359.999999999914 3274.08111634202
360.749999999914 3270.30769672859
361.499999999913 3266.23837007625
362.249999999912 3262.0150218992
362.999999999912 3257.57051322378
363.749999999911 3252.80618181121
364.49999999991 3247.45792376793
365.24999999991 3241.78308190309
365.999999999909 3235.92751466293
366.749999999908 3229.90739643481
367.499999999908 3223.7314024803
368.249999999907 3217.40583872001
368.999999999906 3210.93594739759
369.749999999905 3204.32640276729
370.499999999905 3197.58154263866
371.249999999904 3190.7054914381
371.999999999903 3183.7022316114
372.749999999903 3176.57564774408
373.499999999902 3169.32955512863
374.249999999901 3162.11422426849
374.999999999901 3154.84706413125
375.7499999999 3147.52986421905
376.499999999899 3140.2078236397
377.249999999899 3132.74790167729
377.999999999898 3125.18970002424
378.749999999897 3117.583696857
379.499999999897 3109.94215701055
380.249999999896 3102.27259361909
380.999999999895 3094.47484939779
381.749999999895 3086.58769446896
382.499999999894 3078.67809496767
383.249999999893 3070.64784678193
383.999999999893 3062.53771589614
384.749999999892 3054.41564466696
385.499999999891 3046.18162166734
386.24999999989 3037.92954263637
386.99999999989 3029.68602811126
387.749999999889 3021.38912020202
388.499999999888 3013.04244697857
389.249999999888 3004.64799345743
389.999999999887 2996.20855031342
390.749999999886 2987.72711335899
391.499999999886 2979.20355621896
392.249999999885 2970.69556058442
392.999999999884 2962.17602182459
393.749999999884 2953.61740636237
394.499999999883 2945.0229129775
395.249999999882 2936.47870636785
395.999999999882 2927.90721115785
396.749999999881 2919.38855848926
397.49999999988 2910.79067486054
398.24999999988 2902.24697767372
398.999999999879 2893.62894222701
399.749999999878 2885.07026489856
400.499999999878 2876.44305942315
401.249999999877 2867.88061097993
401.999999999876 2859.25564626567
402.749999999875 2850.70079507016
403.499999999875 2842.08951141768
404.249999999874 2833.55358520978
404.999999999873 2824.96733562778
405.749999999873 2815.41197726932
406.499999999872 2805.43624176468
407.249999999871 2795.42524165141
407.999999999871 2785.45298227319
408.74999999987 2775.49616493831
409.499999999869 2765.60207982975
410.249999999869 2755.73881750954
410.999999999868 2745.95025754538
411.749999999867 2736.20241873589
412.499999999867 2726.53813011891
413.249999999866 2716.92261834302
413.999999999865 2707.39817486763
414.749999999865 2697.92968624306
415.499999999864 2688.55902603651
416.249999999863 2679.25097130073
416.999999999862 2670.04697680262
417.749999999862 2661.24842959304
418.499999999861 2653.48169108564
419.24999999986 2645.66151784249
419.99999999986 2638.02487479712
420.749999999859 2630.23244906559
421.499999999858 2622.6249794995
422.249999999858 2615.04101168821
422.999999999857 2607.63524082111
423.749999999856 2600.35407344115
424.499999999856 2593.22157646822
425.249999999855 2586.17984780837
425.999999999854 2579.20611942226
426.749999999854 2572.34967554087
427.499999999853 2565.46527605511
428.249999999852 2558.80283824462
428.999999999852 2552.11324888775
429.749999999851 2545.58061769326
430.49999999985 2539.18836154095
431.24999999985 2532.79508816767
431.999999999849 2526.54091331121
432.749999999848 2520.41691938499
433.499999999847 2514.34489585847
434.249999999847 2508.36560639172
434.999999999846 2502.48765240657
435.749999999845 2496.71502789471
436.499999999845 2490.56025328487
437.249999999844 2483.46615650419
437.999999999843 2476.6364355963
438.749999999843 2469.67391396965
439.499999999842 2463.16043417744
440.249999999841 2456.61034184434
440.999999999841 2450.29905339877
441.74999999984 2444.15176121796
442.499999999839 2437.73232119634
443.249999999839 2431.61982419177
443.999999999838 2426.05961378182
444.749999999837 2420.6030673237
445.499999999837 2414.74420006662
446.249999999836 2409.66771661692
446.999999999835 2404.6413613363
447.749999999835 2399.97524027645
448.499999999834 2395.38625183828
449.249999999833 2391.02635392516
449.999999999832 2386.46022379583
450.749999999832 2381.35167429922
451.499999999831 2377.59964750278
452.24999999983 2372.9170486996
452.99999999983 2368.37407848606
453.749999999829 2364.98263438234
454.499999999828 2360.83260433771
455.249999999828 2356.85436190297
455.999999999827 2352.96976057626
456.749999999826 2350.06906349436
457.499999999826 2346.83505768877
458.249999999825 2344.4460931203
458.999999999824 2341.74448714872
459.749999999824 2339.6626820831
460.499999999823 2337.6234895556
461.249999999822 2336.04963888866
461.999999999822 2333.9649593589
462.749999999821 2332.21223482377
463.49999999982 2330.14944884762
464.24999999982 2329.0612413703
464.999999999819 2327.93269183061
465.749999999818 2327.08741947648
466.499999999817 2326.51846522182
467.249999999817 2326.30924249247
467.999999999816 2326.1128342239
468.749999999815 2326.00182958294
469.499999999815 2326.07997100766
470.249999999814 2326.28852769538
470.999999999813 2326.85284205975
471.749999999813 2327.50824361125
472.499999999812 2328.15307000552
473.249999999811 2328.85639715974
473.999999999811 2329.40084648388
474.74999999981 2330.24342002392
475.499999999809 2331.54410286462
476.249999999809 2332.17460881495
476.999999999808 2333.91293626151
477.749999999807 2335.1615079958
478.499999999807 2336.12288611617
479.249999999806 2337.15031174493
479.999999999805 2338.24973726621
480.749999999805 2339.38977451464
481.499999999804 2340.64525306326
482.249999999803 2341.97691174968
482.999999999802 2343.34016912372
483.749999999802 2344.82308814633
484.499999999801 2346.37830201863
485.2499999998 2347.95528781993
485.9999999998 2349.65560662035
486.749999999799 2351.42423667543
487.499999999798 2353.20513090945
488.249999999798 2355.24015618414
488.999999999797 2357.45373826098
489.749999999796 2360.07335803865
490.499999999796 2362.97929297803
491.249999999795 2366.34617632889
491.999999999794 2369.45180027602
492.749999999794 2373.15618943258
493.499999999793 2376.70529435443
494.249999999792 2380.20901656205
494.999999999792 2383.9740901182
495.749999999791 2387.89381532289
496.49999999979 2391.77426935309
497.24999999979 2395.92393246579
497.999999999789 2400.62711485817
498.749999999788 2405.18611788871
499.499999999787 2409.54584140197
500.249999999787 2413.88483943084
500.999999999786 2417.79172403082
501.749999999785 2422.60242362574
502.499999999785 2427.46529838435
503.249999999784 2432.38225371424
503.999999999783 2437.17986388153
504.749999999783 2442.00207644577
505.499999999782 2446.91381346751
506.249999999781 2451.65176987077
506.999999999781 2456.32189589037
507.74999999978 2460.85197761788
508.499999999779 2465.80486511784
509.249999999779 2470.81384372863
509.999999999778 2475.82757584192
510.749999999777 2480.76069819586
511.499999999777 2485.90657090545
512.249999999776 2490.28410750449
512.999999999775 2494.73784846849
513.749999999775 2499.34255250865
514.499999999774 2503.81386353795
515.249999999773 2508.44218799055
515.999999999773 2513.86022625633
516.749999999772 2518.237513793
517.499999999771 2522.70531831353
518.24999999977 2527.19569906947
518.99999999977 2531.69872244147
519.749999999769 2536.20920820508
520.499999999768 2540.72361815168
521.249999999768 2545.23916692564
521.999999999767 2549.75347938511
522.749999999766 2554.26443188737
523.499999999766 2558.77006906908
524.249999999765 2563.26855614982
524.999999999764 2567.7581497069
525.749999999764 2572.23717881741
526.499999999763 2576.70403238011
527.249999999762 2581.15715030441
527.999999999762 2585.59501721681
528.749999999761 2590.01615786261
529.49999999976 2594.41913368066
530.24999999976 2598.80254020946
530.999999999759 2603.16500509478
531.749999999758 2607.50518653979
532.499999999758 2611.82177208648
533.249999999757 2616.11347764718
533.999999999756 2620.37904672829
534.749999999755 2624.79951752244
535.499999999755 2629.10703611669
536.249999999754 2633.04474915221
536.999999999753 2637.07282821622
537.749999999753 2641.2761629137
538.499999999752 2645.2069568869
539.249999999751 2649.36304976334
539.999999999751 2653.41354074594
540.74999999975 2657.18017437131
541.499999999749 2661.29652406289
542.249999999749 2664.79286037416
542.999999999748 2668.38903178859
543.749999999747 2672.19064129789
544.499999999747 2675.70989423396
545.249999999746 2679.81677130459
545.999999999745 2682.94424551618
546.749999999745 2686.05957262702
547.499999999744 2689.17082712968
548.249999999743 2692.23967186966
548.999999999742 2695.26774181705
549.749999999742 2698.28147894118
550.499999999741 2701.2484763029
551.24999999974 2704.31389784969
551.99999999974 2707.39564076119
552.749999999739 2710.98354788847
553.499999999738 2713.93603919465
554.249999999738 2716.91940975907
554.999999999737 2719.87982354259
555.749999999736 2722.80612460066
556.499999999736 2725.69213929199
557.249999999735 2728.52710541879
557.999999999734 2731.35707652178
558.749999999734 2734.20091321022
559.499999999733 2737.00327957441
560.249999999732 2741.6716138566
560.999999999732 2745.27402645198
561.749999999731 2748.87142103722
562.49999999973 2752.4117285134
563.24999999973 2755.08971300194
563.999999999729 2757.54253711327
564.749999999728 2760.63096119602
565.499999999727 2763.52567894866
566.249999999727 2765.36477701887
566.999999999726 2768.18119729418
567.749999999725 2770.85212831566
568.499999999725 2773.53503929451
569.249999999724 2775.95191328461
569.999999999723 2778.37812025411
570.749999999723 2780.46244712817
571.499999999722 2782.87763972467
572.249999999721 2785.00062064567
572.999999999721 2787.13912162615
573.74999999972 2789.08400860092
574.499999999719 2790.8157418933
575.249999999719 2792.77829312334
575.999999999718 2794.29888837081
576.749999999717 2795.99059036694
577.499999999717 2797.37192868117
578.249999999716 2799.00882705536
578.999999999715 2800.34285269167
579.749999999715 2801.66216059524
580.499999999714 2802.84808944096
581.249999999713 2804.14836266119
581.999999999712 2805.26182512944
582.749999999712 2806.46568716235
583.499999999711 2807.45350913026
584.24999999971 2808.59428062292
584.99999999971 2809.51092723922
585.749999999709 2810.37934044542
586.499999999708 2811.13666290277
587.249999999708 2811.91849614302
587.999999999707 2812.6347885077
588.749999999706 2813.21277036915
589.499999999706 2813.86435751782
590.249999999705 2814.53097747304
590.999999999704 2815.01675861077
591.749999999704 2815.28348408331
592.499999999703 2815.51951112834
593.249999999702 2815.69624897041
593.999999999702 2815.83881425265
594.749999999701 2815.88763223739
595.4999999997 2815.9045440371
596.2499999997 2815.79982310689
596.999999999699 2815.62024416797
597.749999999698 2815.38953985827
598.499999999697 2815.08550822403
599.249999999697 2814.87468455258
599.999999999696 2814.34827685845
600.749999999695 2813.96136686003
601.499999999695 2813.48424502129
602.249999999694 2813.02930885267
602.999999999693 2812.45364198985
603.749999999693 2812.06835315013
604.499999999692 2811.50744505324
605.249999999691 2810.8610654675
605.999999999691 2810.09292376808
606.74999999969 2809.20062921269
607.499999999689 2808.32127359401
608.249999999689 2807.42309791515
608.999999999688 2806.72022240751
609.749999999687 2805.7059015813
610.499999999687 2804.92407958535
611.249999999686 2803.82335357396
611.999999999685 2802.67621979977
612.749999999685 2801.61943865387
613.499999999684 2800.44306175505
614.249999999683 2799.36050123948
614.999999999682 2798.19822051871
615.749999999682 2797.01863255848
616.499999999681 2795.86469720235
617.24999999968 2794.88267315371
617.99999999968 2793.66642383912
618.749999999679 2792.25111894244
619.499999999678 2791.55961351394
620.249999999678 2790.54380730671
620.999999999677 2789.00250502363
621.749999999676 2787.55438349324
622.499999999676 2786.16890563405
623.249999999675 2784.60432968274
623.999999999674 2783.31748506283
624.749999999674 2782.46703993144
625.499999999673 2781.57518804678
626.249999999672 2780.00997514149
626.999999999672 2778.23319024099
627.749999999671 2776.88323697957
628.49999999967 2775.35756847034
629.24999999967 2773.75073492435
629.999999999669 2772.07819984736
630.749999999668 2770.53882099839
631.499999999667 2768.79509974558
632.249999999667 2767.46904930086
632.999999999666 2765.58401796536
633.749999999665 2763.69786514917
634.499999999665 2761.83366391768
635.249999999664 2759.47380645867
635.999999999663 2757.54660994076
636.749999999663 2756.26576944802
637.499999999662 2753.85792331805
638.249999999661 2751.44333506711
638.999999999661 2749.37737790142
639.74999999966 2747.82433012009
640.499999999659 2744.98253602138
641.249999999659 2742.85773380695
641.999999999658 2740.59407761313
642.749999999657 2738.19873150046
643.499999999657 2735.65563777176
644.249999999656 2733.35336488578
644.999999999655 2731.07745656706
645.749999999655 2728.84897074173
646.499999999654 2726.35810574466
647.249999999653 2723.96336883961
647.999999999652 2721.69604076486
648.749999999652 2719.46941025447
649.499999999651 2717.11651274372
650.24999999965 2714.6204746236
650.99999999965 2712.36740922955
651.749999999649 2710.14506541549
652.499999999648 2707.97213089024
653.249999999648 2706.30230934105
653.999999999647 2703.94441743718
654.749999999646 2702.22255834188
655.499999999646 2699.75814577671
656.249999999645 2698.18535598442
656.999999999644 2695.83348080307
657.749999999644 2694.25961691129
658.499999999643 2692.02279323613
659.249999999642 2690.30107974649
659.999999999642 2688.00532438
660.749999999641 2686.31568133394
661.49999999964 2684.29278908079
662.249999999639 2682.03853323942
662.999999999639 2680.69566141642
663.749999999638 2679.1319341169
664.499999999637 2677.12196550614
665.249999999637 2674.98537131941
665.999999999636 2673.29092983915
666.749999999635 2671.76981771553
667.499999999635 2670.02834045766
668.249999999634 2667.78432126525
668.999999999633 2666.11518069314
669.749999999633 2663.90088071648
670.499999999632 2662.25343016434
671.249999999631 2660.5857982728
671.999999999631 2659.02764674153
672.74999999963 2657.03762768054
673.499999999629 2655.4483105571
674.249999999629 2654.32332586833
674.999999999628 2652.34297918269
675.749999999627 2650.94866456816
676.499999999627 2649.05400802632
677.249999999626 2648.21103144587
677.999999999625 2646.10712886837
678.749999999624 2644.82020991689
679.499999999624 2643.98145694252
680.249999999623 2643.03242701542
680.999999999622 2641.054897287
681.749999999622 2639.55925295215
682.499999999621 2637.92943092975
683.24999999962 2636.01582749728
683.99999999962 2635.13672835008
684.749999999619 2633.69364437662
685.499999999618 2632.4819941363
686.249999999618 2631.04952340545
686.999999999617 2629.85249685822
687.749999999616 2628.02300652029
688.499999999616 2627.3180078082
689.249999999615 2625.57084632719
689.999999999614 2625.00539363884
690.749999999614 2623.75879708242
691.499999999613 2622.29030175429
692.249999999612 2621.19975809052
692.999999999612 2620.5051744651
693.749999999611 2619.39890628187
694.49999999961 2618.36182339483
695.249999999609 2617.40194416164
695.999999999609 2616.56835756772
696.749999999608 2615.59651633131
697.499999999607 2614.46461865018
698.249999999607 2613.86033005728
698.999999999606 2613.00145372664
699.749999999605 2612.37269994786
700.499999999605 2611.46954784645
701.249999999604 2610.79300874136
701.999999999603 2610.24697717735
702.749999999603 2609.41340744711
703.499999999602 2608.28064190422
704.249999999601 2607.7543651184
704.999999999601 2606.98866872326
705.7499999996 2606.04908222292
706.499999999599 2605.52723481507
707.249999999599 2604.84659772761
707.999999999598 2604.09783196666
708.749999999597 2603.54066129569
709.499999999597 2602.96215352702
710.249999999596 2602.45211734861
710.999999999595 2601.98770783991
711.749999999594 2601.4649771014
712.499999999594 2600.92914207728
713.249999999593 2600.51152314147
713.999999999592 2600.16287008057
714.749999999592 2599.67772063321
715.499999999591 2599.39159586065
716.24999999959 2599.16786229735
716.99999999959 2598.97029993882
717.749999999589 2598.75644232929
718.499999999588 2598.59721256347
719.249999999588 2598.41077897674
719.999999999587 2598.33370718906
720.749999999586 2598.21897417469
721.499999999586 2598.21645627894
722.249999999585 2598.17774761803
722.999999999584 2598.21719620951
723.749999999584 2598.24383840327
724.499999999583 2598.35155625909
725.249999999582 2598.45955468867
725.999999999582 2598.5991909952
726.749999999581 2598.74409391619
727.49999999958 2598.92699266467
728.249999999579 2599.11657149749
728.999999999579 2599.25428808478
729.749999999578 2599.51604905137
730.499999999577 2599.78077514726
731.249999999577 2600.09468526271
731.999999999576 2600.2716384068
732.749999999575 2600.58727377617
733.499999999575 2600.87064786772
734.249999999574 2601.1915257638
734.999999999573 2601.62559163536
735.749999999573 2601.91137758164
736.499999999572 2602.23246976217
737.249999999571 2602.642538699
737.999999999571 2603.01354654909
738.74999999957 2603.4083191831
739.499999999569 2603.79045791453
740.249999999569 2604.3124288391
740.999999999568 2604.7674786929
741.749999999567 2605.33548626112
742.499999999567 2605.83890649523
743.249999999566 2606.50636773488
743.999999999565 2607.0824724338
744.749999999564 2607.69104288871
745.499999999564 2608.41606585877
746.249999999563 2609.03881607466
746.999999999562 2609.54277480921
747.749999999562 2610.14333735173
748.499999999561 2610.7926705948
749.24999999956 2611.4867040075
749.99999999956 2612.23451616547
750.749999999559 2612.8891728023
751.499999999558 2613.63038223462
752.249999999558 2614.39500357506
752.999999999557 2615.07866148357
753.749999999556 2615.77318331426
754.499999999556 2616.5853969272
755.249999999555 2617.29024786559
755.999999999554 2618.09038910254
756.749999999554 2618.79847055601
757.499999999553 2619.62077547019
758.249999999552 2620.33590719624
758.999999999552 2621.15076040335
759.749999999551 2622.05859866558
760.49999999955 2622.81624206363
761.249999999549 2623.78474726319
761.999999999549 2624.45200706125
762.749999999548 2625.32351677197
763.499999999547 2626.10970014153
764.249999999547 2626.97471017835
764.999999999546 2627.87721367357
765.749999999545 2628.83319097274
766.499999999545 2629.61521241977
767.249999999544 2630.40463738056
767.999999999543 2631.40583366254
768.749999999543 2632.3153896963
769.499999999542 2633.29666272172
770.249999999541 2634.21336229131
770.999999999541 2635.10544387117
771.74999999954 2636.01561208459
772.499999999539 2636.95727527455
773.249999999539 2637.87470332711
773.999999999538 2638.70728827454
774.749999999537 2639.65777472528
775.499999999536 2640.50357898838
776.249999999536 2641.42213962057
776.999999999535 2642.26362064997
777.749999999534 2643.11803891926
778.499999999534 2644.06907892709
779.249999999533 2644.97735093836
779.999999999532 2645.81473009908
780.749999999532 2646.75179481207
781.499999999531 2647.64388468874
782.24999999953 2648.46590348147
782.99999999953 2649.39467893532
783.749999999529 2650.14307496277
784.499999999528 2650.93856673145
785.249999999528 2651.88880066789
785.999999999527 2652.58711739978
786.749999999526 2653.48594574836
787.499999999526 2654.27971204601
788.249999999525 2655.13848115333
788.999999999524 2655.86923912542
789.749999999524 2656.7023768536
790.499999999523 2657.47393082299
791.249999999522 2658.34174741446
791.999999999521 2659.27976142419
792.749999999521 2660.1620925586
793.49999999952 2660.81315109655
794.249999999519 2661.51672130233
794.999999999519 2662.38003034196
795.749999999518 2663.19863399057
796.499999999517 2663.91718300992
797.249999999517 2664.62325244948
797.999999999516 2665.39259414742
798.749999999515 2666.09654669912
799.499999999515 2666.91352129186
