0 6000
12.8699999999999 6000.00060221732
24.7500000000002 5992.24375575173
37.6200000000007 5932.72197090454
50.4900000000012 5784.17363885601
62.3700000000016 5559.077272602
76.2300000000021 5208.19663967912
89.1000000000026 4838.02493518105
101.970000000003 4467.85229796073
114.840000000004 4120.70061418476
126.720000000004 3830.93351620917
140.580000000005 3537.84556189002
152.460000000005 3327.4012249083
166.320000000006 3122.94541689307
178.200000000006 2975.83042708621
191.070000000006 2848.91534296726
203.940000000007 2753.40000229026
216.810000000007 2665.09856990111
229.680000000008 2566.349092337
242.550000000008 2451.88498409497
255.420000000009 2323.38899020064
268.289999999998 2187.336913226
281.159999999986 2053.18413032692
293.039999999975 1943.86019445328
305.909999999964 1851.0841142884
318.779999999952 1778.45987821852
330.659999999941 1721.64974230218
343.529999999929 1668.31212014052
355.409999999919 1624.32666088155
368.279999999907 1575.81567514248
380.159999999896 1533.18995244836
393.029999999884 1498.46552880151
404.909999999873 1476.69934575765
417.779999999862 1454.29098544025
429.659999999851 1432.43183020036
443.519999999838 1409.11122626059
455.399999999828 1391.1403604659
468.269999999816 1373.45732610719
480.149999999805 1357.95533011802
493.019999999793 1343.4298665508
505.889999999782 1332.04107206963
517.769999999771 1322.61411718787
531.629999999758 1312.96918238823
543.509999999747 1305.6942302383
557.369999999735 1299.02270824806
569.249999999724 1293.42145351855
582.119999999712 1287.62697406819
594.989999999701 1283.09771322192
606.86999999969 1279.3791733639
620.729999999677 1276.75127585316
632.609999999666 1275.26651423978
646.469999999654 1273.27933431806
658.349999999643 1271.7479325253
671.219999999631 1270.56313077237
684.08999999962 1269.25866765326
696.959999999608 1267.82353599318
709.829999999596 1267.94277130474
722.699999999585 1271.49081141233
735.569999999573 1274.3370630926
748.439999999561 1279.71511600443
760.31999999955 1285.03713717322
773.189999999539 1287.56628709309
787.049999999526 1290.49583660105
