0 0
12.8699999999999 0.00121859588491802
24.7500000000002 -2.01860401319583
37.6200000000007 -7.07655811393639
50.4900000000012 -15.5067789066907
62.3700000000016 -22.2827522708581
76.2300000000021 -27.7208468971044
89.1000000000026 -29.2597459789293
101.970000000003 -28.1632934679136
114.840000000004 -25.9662420951651
126.720000000004 -22.9527887381207
140.580000000005 -19.6243324313343
152.460000000005 -16.2249206471296
166.320000000006 -13.3480113322335
178.200000000006 -11.2874041395698
191.070000000006 -8.40140704787429
203.940000000007 -6.82246852004878
216.810000000007 -7.1289155313986
229.680000000008 -8.26557177432981
242.550000000008 -9.49553442393371
255.420000000009 -10.3410649799409
268.289999999998 -10.6324510715566
281.159999999986 -10.1240559663401
293.039999999975 -8.2100942413761
305.909999999964 -6.43325245473074
318.779999999952 -5.11538315660982
330.659999999941 -4.44024969259001
343.529999999929 -3.86249947609754
355.409999999919 -3.65583768410342
368.279999999907 -3.83209633052917
380.159999999896 -3.25626211688206
393.029999999884 -2.20896950615312
404.909999999873 -1.66960179697411
417.779999999862 -1.80842306376169
429.659999999851 -1.8185951159466
443.519999999838 -1.58028975976433
455.399999999828 -1.44100090270925
468.269999999816 -1.33863518600322
480.149999999805 -1.25228074585183
493.019999999793 -0.983447350559231
505.889999999782 -0.820869954620747
517.769999999771 -0.748148941615121
531.629999999758 -0.653080973324137
543.509999999747 -0.536714658202506
557.369999999735 -0.461472112168572
569.249999999724 -0.48648399404717
582.119999999712 -0.407156906275532
594.989999999701 -0.31954598539162
606.86999999969 -0.274052086519191
620.729999999677 -0.119007829589471
632.609999999666 -0.125177067387575
646.469999999654 -0.140612400502803
658.349999999643 -0.11627448876736
671.219999999631 -0.0764720655704423
684.08999999962 -0.129646736964766
696.959999999608 -0.103292866444718
709.829999999596 0.207710513452177
722.699999999585 0.268215787275878
735.569999999573 0.306962962706095
748.439999999561 0.512539683960675
760.31999999955 0.373982907532998
773.189999999539 -0.0310992715883458
787.049999999526 0.253528819620058
