16.7099999999999 40.5745679958462
17.4599999999999 40.1605926592244
18.2099999999999 39.9644471278099
18.96 39.4904179526398
19.71 39.2405120432046
20.46 39.218744029898
21.21 38.6599866209252
21.9600000000001 38.3351114316724
22.7100000000001 37.987758016158
23.4600000000001 37.6197191557826
24.2100000000002 36.9699183717568
24.9600000000002 36.5678605754583
25.7100000000002 35.8855214873198
26.4600000000002 35.7102822697829
27.2100000000003 35.0004800984265
27.9600000000003 34.5441375221168
28.7100000000003 34.0762489559391
29.4600000000004 33.6016038441185
30.2100000000004 32.8595971855184
30.9600000000004 32.1157089826258
31.7100000000004 31.8772603205166
32.4600000000005 31.3814887415502
33.2100000000005 30.6297327841083
33.9600000000005 30.1303070266052
34.7100000000006 29.6296185433629
35.4600000000006 28.8835637337697
36.2100000000006 28.385487014136
36.9600000000006 27.8918098166406
37.7100000000007 27.3974164169471
38.4600000000007 26.9057797323786
39.2100000000007 26.1834404519732
39.9600000000008 25.4698860130293
40.7100000000008 25.2228084263612
41.4600000000008 24.7467747388124
42.2100000000008 23.6085958048732
42.9600000000009 23.593372355522
43.7100000000009 23.1363357286991
44.4600000000009 22.6854875060232
45.210000000001 22.23829723577
45.960000000001 21.587601480021
46.710000000001 21.1552836842568
47.460000000001 20.729561675796
48.2100000000011 20.3079735705261
48.9600000000011 19.6929993789635
49.7100000000011 19.2866499120612
50.4600000000012 18.6909285146989
51.2100000000012 18.4925665398735
51.9600000000012 17.9140244837921
52.7100000000012 17.5352448944793
53.4600000000013 17.1638647971841
54.2100000000013 16.6137727097513
54.9600000000013 16.2565254912972
55.7100000000014 15.9091924411405
56.4600000000014 15.3875315861014
57.2100000000014 15.2302527656335
57.9600000000014 14.7260995466474
58.7100000000015 14.4056089597681
59.4600000000015 14.0926157431793
60.2100000000015 13.6159862222778
60.9600000000015 13.3191364299293
61.7100000000016 13.0276235062351
62.4600000000016 12.7457770777911
63.2100000000016 12.4691867145626
63.9600000000017 12.0360751374321
64.7100000000017 11.7751093645641
65.4600000000017 11.5214971812885
66.2100000000017 11.2731198193293
66.9600000000018 11.03420122371
67.7100000000018 10.6429206148515
68.4600000000018 10.2605550833758
69.2100000000019 10.0428323457462
69.9600000000019 9.83229875325819
70.7100000000019 9.62884491304624
71.4600000000019 9.432508194055
72.210000000002 9.24313507387769
72.960000000002 9.05867633560488
73.710000000002 8.73031904706819
74.4600000000021 8.5618153895399
75.2100000000021 8.39795567750148
75.9600000000021 8.2427294977052
76.7100000000021 7.94293450798946
77.4600000000022 7.79895148516608
78.2100000000022 7.6613473125976
78.9600000000022 7.38200509546977
79.7100000000023 7.25717761822022
80.4600000000023 7.14053657565285
81.2100000000023 6.88072382337203
81.9600000000023 6.91971933921188
82.7100000000024 6.67220539412315
83.4600000000024 6.57786718254691
84.2100000000024 6.48938920862725
84.9600000000025 6.40666056776412
85.7100000000025 6.182833808025
86.4600000000025 6.10951495095962
87.2100000000025 6.04373629346415
87.9600000000026 5.98148357835133
88.7100000000026 5.77966836505733
89.4600000000026 5.58320796844583
90.2100000000027 5.39194436279609
90.9600000000027 5.64289078368899
91.7100000000027 5.46141021928688
92.4600000000027 5.42854114270998
93.2100000000028 5.39651411588096
93.9600000000028 5.36772294085361
94.7100000000028 5.34102620333214
95.4600000000029 5.17159147315349
96.2100000000029 5.00366346764883
96.9600000000029 5.12979771724074
97.7100000000029 5.11299680688041
98.460000000003 4.95428960518342
99.210000000003 4.94388609155412
99.960000000003 4.93645777219034
100.710000000003 4.9287459700884
101.460000000003 4.77889563282786
102.210000000003 4.77737715852625
102.960000000003 4.77538781897359
103.710000000003 4.63066795925971
104.460000000003 4.48745603293941
105.210000000003 4.49180457786646
105.960000000003 4.49876260430339
106.710000000003 4.36144024759044
107.460000000003 4.51846514011977
108.210000000003 4.53141057052765
108.960000000003 4.54743557692405
109.710000000003 4.56356907037682
110.460000000003 4.43751181775154
111.210000000003 4.45901096658321
111.960000000003 4.48038239960817
112.710000000004 4.50373759624477
113.460000000004 4.52634955279267
114.210000000004 4.40791338368074
114.960000000004 4.43748378197774
115.710000000004 4.46622239441721
116.460000000004 4.49647825667597
117.210000000004 4.38429231701502
117.960000000004 4.27278173872864
118.710000000004 4.1630696841131
119.460000000004 4.20056065622536
120.210000000004 4.09378517658645
120.960000000004 4.42738234974533
121.710000000004 4.46989726443188
122.460000000004 4.51447730152474
123.210000000004 4.41583941310502
123.960000000004 4.46536847701811
124.710000000004 4.37056834944067
125.460000000004 4.56859959123227
126.210000000004 4.47552073793958
126.960000000004 4.5287462792919
127.710000000004 4.58411567181433
128.460000000004 4.64136364928693
129.210000000004 4.55318299513965
129.960000000004 4.61065514163324
130.710000000004 4.66969972548076
131.460000000004 4.58268001337038
132.210000000004 4.6446639994324
132.960000000004 4.70641278151792
133.710000000004 4.7699115198937
134.460000000004 4.68667980107539
135.210000000004 4.75090474666702
135.960000000004 4.66981938501788
136.710000000004 4.88607762835466
137.460000000004 4.80668598432452
138.210000000004 5.02573970776029
138.960000000004 4.95059504950103
139.710000000005 5.02295214305875
140.460000000005 5.09661496225866
141.210000000005 5.17177041467622
141.960000000005 5.09971725144098
142.710000000005 5.17670262712059
143.460000000005 5.25239859770804
144.210000000005 5.32885027974249
144.960000000005 5.25842170290657
145.710000000005 5.33621895686642
146.460000000005 5.41470754447041
147.210000000005 5.34454736646634
147.960000000005 5.42394199713524
148.710000000005 5.50155378326879
149.460000000005 5.58227580132866
150.210000000005 5.51244906487743
150.960000000005 5.59130745783847
151.710000000005 5.67032532887895
152.460000000005 5.59920572643997
153.210000000005 5.82849601987336
153.960000000005 5.60506666686042
154.710000000005 5.83254039218005
155.460000000005 5.75889496483192
156.210000000005 5.98410762990041
156.960000000005 6.05912821293444
157.710000000005 5.98331690670197
158.460000000005 6.05502761534208
159.210000000005 5.97760393256535
159.960000000005 6.05101612048171
160.710000000005 6.12158670805038
161.460000000005 6.1915928759129
162.210000000005 6.11053568220432
162.960000000005 6.1789888468861
163.710000000005 6.2492731753926
164.460000000005 6.31621792543397
165.210000000005 6.23071827977333
165.960000000006 6.29581080598138
166.710000000006 6.36266128820528
167.460000000006 6.42884178992034
168.210000000006 6.49418844880531
168.960000000006 6.40283161240361
169.710000000006 6.46874226324278
170.460000000006 6.53363897197138
171.210000000006 6.60023907774594
171.960000000006 6.50343073442034
172.710000000006 6.57050438097713
173.460000000006 6.63934716747305
174.210000000006 6.70726251228436
174.960000000006 6.77685876680014
175.710000000006 6.67312267032096
176.460000000006 6.74064653251095
177.210000000006 6.80997333381095
177.960000000006 6.70186291519477
178.710000000006 6.77172794155601
179.460000000006 6.84318214230887
180.210000000006 6.91636879891504
180.960000000006 6.80181820131057
181.710000000006 6.87799628779941
182.460000000006 6.95582174448259
183.210000000006 7.03545207232528
183.960000000006 6.9131485866406
184.710000000006 7.20547359666596
185.460000000006 7.07980287595847
186.210000000006 7.16628772433657
186.960000000006 7.25493030079062
187.710000000006 7.34275782192888
188.460000000006 7.20920390427567
189.210000000006 7.29692151588646
189.960000000006 7.38099310685565
190.710000000006 7.24100918704429
191.460000000006 7.32484503185905
192.210000000007 7.40783536458826
192.960000000007 7.26049413845847
193.710000000007 7.33588378688899
194.460000000007 7.40970771632982
195.210000000007 7.25416525887502
195.960000000007 7.55028957010978
196.710000000007 7.39096634083074
197.460000000007 7.45546957694327
198.210000000007 7.28992754858615
198.960000000007 7.34642834931918
199.710000000007 7.62338943485511
200.460000000007 7.44964741168424
201.210000000007 7.27290076510864
201.960000000007 7.53549725506626
202.710000000007 7.57557498682306
203.460000000007 7.39175102085901
204.210000000007 7.42439187426288
204.960000000007 7.4521364415886
205.710000000007 7.47791892220582
206.460000000007 7.28553918278798
207.210000000007 7.30735921154182
207.960000000007 7.32730553719398
208.710000000007 7.1291579093346
209.460000000007 7.14245944402842
210.210000000007 7.15091313780094
210.960000000007 6.94748259981224
211.710000000007 6.95545176567452
212.460000000007 6.95879027155751
213.210000000007 6.7508432333889
213.960000000007 6.75115164696508
214.710000000007 6.74696093719507
215.460000000007 6.74418415591258
216.210000000007 6.73698195187897
216.960000000007 6.72828085462019
217.710000000007 6.71830445691117
218.460000000008 6.70409665293738
219.210000000008 6.48675176673355
219.960000000008 6.4733501775848
220.710000000008 6.25456501094815
221.460000000008 6.44024579620224
222.210000000008 6.22001750985617
222.960000000008 6.20279653087876
223.710000000008 6.18476073199908
224.460000000008 5.96332353875465
225.210000000008 5.94127324682042
225.960000000008 5.92150408147079
226.710000000008 5.89822819168462
227.460000000008 5.87736670624784
228.210000000008 5.65508714860586
228.960000000008 5.63365713746383
229.710000000008 5.41152637793609
230.460000000008 5.38674031565125
231.210000000008 5.36452745759462
231.960000000008 5.33915030169529
232.710000000008 5.31633878779202
233.460000000008 5.29037889059658
234.210000000008 5.06887258612959
234.960000000008 5.04578986545533
235.710000000008 4.82491978733346
236.460000000008 4.99622923324781
237.210000000008 4.77579575850362
237.960000000008 4.75246915773778
238.710000000008 4.72635947497263
239.460000000008 4.70308505881265
240.210000000008 4.48426162109505
240.960000000008 4.45869912497386
241.710000000008 4.43615529521497
242.460000000008 4.41106242051782
243.210000000008 4.38905334644964
243.960000000008 4.17326483934569
244.710000000009 3.95841859336883
245.460000000009 3.93540627172104
246.210000000009 3.9156316727549
246.960000000009 3.70325408138717
247.710000000009 3.68478216043184
248.460000000009 3.85664621713035
249.210000000009 3.83625995042052
249.960000000009 3.62706760595643
250.710000000009 3.61087247519524
251.460000000009 3.59533984776905
252.210000000009 3.57773387869849
252.960000000009 3.3723502318302
253.710000000009 3.35930338649372
254.460000000009 3.34430909589471
255.210000000009 3.14195101364594
255.960000000009 3.13135421145798
256.710000000008 2.93099061987807
257.460000000008 3.10985565875962
258.210000000007 3.10174379631127
258.960000000006 2.90427707743352
259.710000000006 2.89526556964335
260.460000000005 2.88985311996518
261.210000000004 2.88535189240804
261.960000000004 2.69192455469635
262.710000000003 2.68664480561888
263.460000000002 2.6849951238947
264.210000000001 2.49458009315738
264.960000000001 2.49537360587294
265.71 2.49846920689108
266.459999999999 2.50252467115055
267.209999999999 2.31782164244629
267.959999999998 2.32099237731672
268.709999999997 2.32787048431316
269.459999999997 2.33588322659191
270.209999999996 2.34517613095749
270.959999999995 2.35573978834965
271.709999999995 2.17715434676719
272.459999999994 2.18998155324028
273.209999999993 2.20115539514699
273.959999999993 2.21552467566084
274.709999999992 2.03996372429917
275.459999999991 2.05558408420754
276.209999999991 2.07166171563494
276.95999999999 2.08808227710117
277.709999999989 1.91404301205611
278.459999999988 1.93145877957171
279.209999999988 1.95040595139226
279.959999999987 1.97402620474974
280.709999999986 1.80678140000049
281.459999999986 1.64422515741344
282.209999999985 1.68876247992314
282.959999999984 1.93432998488372
283.709999999984 1.79600551987008
284.459999999983 1.84887290181085
285.209999999982 1.90508806296916
285.959999999982 1.96188392667304
286.709999999981 1.82346701605537
287.45999999998 1.88051761095976
288.20999999998 1.74267858491763
288.959999999979 2.00333635007047
289.709999999978 1.87003561305855
290.459999999978 1.93421318033558
291.209999999977 1.9985114791749
291.959999999976 1.86371410721575
292.709999999976 2.12908400466297
293.459999999975 1.99415483258765
294.209999999974 2.05927345338522
294.959999999973 1.92243143904889
295.709999999973 2.19404978585957
296.459999999972 2.0580051283523
297.209999999971 2.12421652184435
297.959999999971 2.19023127228116
298.70999999997 2.05129072121392
299.459999999969 2.11620760840012
300.209999999969 2.18077040609107
300.959999999968 2.24481195305695
301.709999999967 2.1016235839137
302.459999999967 2.16408198940898
303.209999999966 2.2261144322102
303.959999999965 2.28784858456721
304.709999999965 2.34902873039366
305.459999999964 2.40972699654215
306.209999999963 2.26039628032799
306.959999999963 2.31990135866722
307.709999999962 2.16806127757132
308.459999999961 2.43802877594872
309.209999999961 2.28642516185672
309.95999999996 2.345128992569
310.709999999959 2.40314514058185
311.459999999958 2.24791035717991
312.209999999958 2.30738410376767
312.959999999957 2.36300441772718
313.709999999956 2.41774730419712
314.459999999956 2.25736344462584
315.209999999955 2.31023205941445
315.959999999954 2.36211560279703
316.709999999954 2.41321783060395
317.459999999953 2.24758722545824
318.209999999952 2.29601373305346
318.959999999952 2.12789220430532
319.709999999951 2.17624568516158
320.45999999995 2.43993876942313
321.20999999995 2.26983950037467
321.959999999949 2.31912995146633
322.709999999948 2.36538409389335
323.459999999948 2.19357573719204
324.209999999947 2.2377584163683
324.959999999946 2.06358757220941
325.709999999946 2.33010081012265
326.459999999945 2.38037697786101
327.209999999944 2.21131469000499
327.959999999943 2.04111531060871
328.709999999943 2.31220886848633
329.459999999942 2.36739857088071
330.209999999941 2.1985637295095
330.959999999941 2.24819952792247
331.70999999994 2.29817671345055
332.459999999939 2.12704791949303
333.209999999939 2.17601810831198
333.959999999938 2.22494955261532
334.709999999937 2.27251862795888
335.459999999937 2.31886651176683
336.209999999936 2.1430766330972
336.959999999935 2.18714379499575
337.709999999935 2.2337417049531
338.459999999934 2.05506150456917
339.209999999933 1.87748715681286
339.959999999933 1.9254497393035
340.709999999932 2.19879909977116
341.459999999931 2.0268857517205
342.209999999931 2.07699375277005
342.95999999993 2.12724542453396
343.709999999929 2.17718839367499
344.459999999928 2.22909514153952
345.209999999928 2.05393660999575
345.959999999927 2.1012176549067
346.709999999926 2.1477029670664
347.459999999926 2.19246131428149
348.209999999925 2.2359180573543
348.959999999924 2.05450835871295
349.709999999924 2.09576746922598
350.459999999923 2.13613405469406
351.209999999922 1.95141364861268
351.959999999922 1.98966437269727
352.709999999921 2.03011049193021
353.45999999992 2.06624530646238
354.20999999992 2.10164437170808
354.959999999919 1.91191349878808
355.709999999918 1.9452459206519
356.459999999918 1.97755343610123
357.209999999917 2.00886207282577
357.959999999916 2.03925889924076
358.709999999916 1.84485305517579
359.459999999915 1.8733068843018
360.209999999914 1.90411739120598
360.959999999913 1.70733826091668
361.709999999913 1.73567021558602
362.459999999912 1.76408394474013
363.209999999911 1.56908245741561
363.959999999911 1.59970260420268
364.70999999991 1.63299422282638
365.459999999909 1.66661765211596
366.209999999909 1.4772873859675
366.959999999908 1.5136161156539
367.709999999907 1.55334761659798
368.459999999907 1.59813521469771
369.209999999906 1.6408690405053
369.959999999905 1.684979146617
370.709999999905 1.50466062020544
371.459999999904 1.55018448824623
372.209999999903 1.37424362943834
372.959999999903 1.64814645504309
373.709999999902 1.47416676134668
374.459999999901 1.52441823452008
375.209999999901 1.57463842977614
375.9599999999 1.39989840594884
376.709999999899 1.45421978756861
377.459999999898 1.51511492127233
378.209999999898 1.57334319783239
378.959999999897 1.40642050650002
379.709999999896 1.46650981991268
380.459999999896 1.52747626935023
381.209999999895 1.58916580465332
381.959999999894 1.4249593076922
382.709999999894 1.49086444679589
383.459999999893 1.55941359691173
384.209999999892 1.62958250085434
384.959999999892 1.47198619284535
385.709999999891 1.77284513110129
386.45999999989 1.6141671789163
387.20999999989 1.68406542750001
387.959999999889 1.52264908179317
388.709999999888 1.59378427467062
389.459999999888 1.66901579490048
390.209999999887 1.50847774754195
390.959999999886 1.8129393330709
391.709999999885 1.65178055289657
392.459999999885 1.72275706011103
393.209999999884 1.79182891082333
393.959999999883 1.8591348407653
394.709999999883 1.6906091564675
395.459999999882 1.75625295321385
396.209999999881 1.82189603394461
396.959999999881 1.88598978442163
397.70999999988 1.94835288944583
398.459999999879 1.77391740539467
399.209999999879 1.83305141342226
399.959999999878 1.65533770014568
400.709999999877 1.71427366342332
401.459999999877 1.77217346897364
402.209999999876 1.82882898808308
402.959999999875 1.88360284208127
403.709999999875 1.93667796806293
404.459999999874 1.98813907258921
405.209999999873 1.80157355958562
405.959999999873 1.84951022377553
406.709999999872 1.65968218197572
407.459999999871 1.70531640042294
408.20999999987 1.750284319446
408.95999999987 1.79470571324863
409.709999999869 1.84261334334996
410.459999999868 1.65043906720872
411.209999999868 1.69424364313142
411.959999999867 1.73697248423298
412.709999999866 1.7780297993837
413.459999999866 1.58203760240335
414.209999999865 1.38782331150625
414.959999999864 1.43352719865926
415.709999999864 1.7163558564002
416.459999999863 1.52750791453293
417.209999999862 1.57537103376865
417.959999999862 1.62298347581005
418.709999999861 1.66980729197257
419.45999999986 1.71585071842103
420.20999999986 1.5256247720881
420.959999999859 1.57105102773962
421.709999999858 1.38160769592289
422.459999999858 1.66345835174783
423.209999999857 1.47375159589533
423.959999999856 1.51902397179904
424.709999999855 1.56332094137069
425.459999999855 1.37184390919615
426.209999999854 1.41736890757432
426.959999999853 1.2298863758772
427.709999999853 1.28012396041232
428.459999999852 1.56565630986873
429.209999999851 1.15062739962394
429.959999999851 1.44060860345752
430.70999999985 1.49593845699373
431.459999999849 1.55122430487427
432.209999999849 1.3710657029577
432.959999999848 1.42603540831062
433.709999999847 1.48090793633098
434.459999999847 1.53551813230319
435.209999999846 1.35275651733258
435.959999999845 1.40662910385442
436.709999999845 1.46122564275252
437.459999999844 1.51610512846383
438.209999999843 1.33379344464118
438.959999999843 1.38792908515901
439.709999999842 1.44189595305341
440.459999999841 1.49500235721773
441.20999999984 1.54725796887983
441.95999999984 1.3620067973824
442.709999999839 1.41446222550952
443.459999999838 1.2317012078704
444.209999999838 1.52319558563237
444.959999999837 1.33972101686267
445.709999999836 1.39369633966612
446.459999999836 1.44734645768276
447.209999999835 1.50066319600106
447.959999999834 1.31605096583518
448.709999999834 1.36814374857167
449.459999999833 1.4201861782663
450.209999999832 1.23503021491956
450.959999999832 1.28805537264308
451.709999999831 1.34124836926429
452.45999999983 1.39108893324032
453.20999999983 1.20680865351373
453.959999999829 1.2613494494684
454.709999999828 1.31692591691329
455.459999999828 1.37322562368189
456.209999999827 1.43015392023539
456.959999999826 1.24813841933429
457.709999999825 1.30310837485252
458.459999999825 1.35723577714203
459.209999999824 1.41046922548232
459.959999999823 1.22519112278366
460.709999999823 1.27819221491925
461.459999999822 1.33082169475134
462.209999999821 1.38296942470931
462.959999999821 1.19662312674096
463.70999999982 1.01204446805751
464.459999999819 1.06652922047628
465.209999999819 1.35710464210326
465.959999999818 1.16956136765637
466.709999999817 1.22178437127239
467.459999999817 1.2741781181632
468.209999999816 1.32282584210584
468.959999999815 1.37456548850417
469.709999999815 1.187754121892
470.459999999814 1.24027896529002
471.209999999813 1.29347655211604
471.959999999813 1.34706044721337
472.709999999812 1.16169836669882
473.459999999811 1.21500333353575
474.20999999981 1.26854533616493
474.95999999981 1.3217721021386
475.709999999809 1.13582972687093
476.459999999808 1.18967011609207
477.209999999808 1.24413004325009
477.959999999807 1.05988757944092
478.709999999806 1.11488502219065
479.459999999806 1.169764636358
480.209999999805 1.22511977940998
480.959999999804 1.04152931067115
481.709999999804 1.0979569597172
482.459999999803 1.15526849400958
483.209999999802 1.21014471612052
483.959999999802 1.02944214176917
484.709999999801 1.08797161880178
485.4599999998 1.14550641045034
486.2099999998 1.20282943299241
486.959999999799 1.02043735667976
487.709999999798 1.0799989995223
488.459999999798 1.14030708637569
489.209999999797 1.20095165080503
489.959999999796 1.26173947765481
490.709999999795 1.32235536857751
491.459999999795 1.14163796440195
492.209999999794 0.96167402829347
492.959999999793 1.26269747071241
493.709999999793 1.08007863261542
494.459999999792 1.13876111523412
495.209999999791 1.19743203969721
495.959999999791 1.25581962527953
496.70999999979 1.07383953410789
497.459999999789 1.13351923794192
498.209999999789 1.19289151754891
498.959999999788 1.24852793137916
499.709999999787 1.30768834433155
500.459999999787 1.12515975181229
501.209999999786 1.18281504164925
501.959999999785 1.23983307235062
502.709999999785 1.05460806285818
503.459999999784 1.11154555897571
504.209999999783 1.16851816903233
504.959999999782 1.22513283684028
505.709999999782 1.28120988085603
506.459999999781 1.33658235994613
507.20999999978 1.14951515925421
507.95999999978 1.20423863278331
508.709999999779 1.01694111483055
509.459999999778 1.07238981161617
510.209999999778 1.12854915608785
510.959999999777 1.18487666645237
511.709999999776 1.24080930134173
512.459999999776 1.05416454302752
513.209999999775 1.10976106580668
513.959999999774 0.924302182938328
514.709999999774 1.22458133400639
515.459999999773 1.04003218157746
516.209999999772 1.0978953001012
516.959999999772 1.15598212559616
517.709999999771 1.21443123132185
518.45999999977 1.03018524804741
519.20999999977 1.08853953804138
519.959999999769 1.1467107812743
520.709999999768 1.20480767145503
521.459999999768 1.26236283389753
522.209999999767 1.07644404221534
522.959999999766 1.13321523810308
523.709999999766 1.1892894033249
524.459999999765 1.00224887501448
525.209999999764 1.05894837147413
525.959999999763 1.11284372239521
526.709999999763 1.1708459375289
527.459999999762 0.986492971836539
528.209999999761 1.04407522993817
528.959999999761 1.10079761783219
529.70999999976 1.15769378986536
530.459999999759 0.971879784458601
531.209999999759 1.02925447155016
531.959999999758 1.08616604573656
532.709999999757 1.14319317834731
533.459999999757 1.19990600299294
534.209999999756 1.01306909420189
534.959999999755 1.06961944623647
535.709999999755 1.12674825432205
536.459999999754 1.18395108693488
537.209999999753 0.997563970188228
537.959999999753 1.05650278476788
538.709999999752 1.11594487475768
539.459999999751 0.931954792455158
540.20999999975 0.992855277363497
540.95999999975 1.05505635492063
541.709999999749 1.11654919340672
542.459999999748 1.17752614614491
543.209999999748 0.993911122776961
543.959999999747 1.0544701955371
544.709999999746 1.11462899439692
545.459999999746 1.17466313896709
546.209999999745 0.991558435473994
546.959999999744 1.05167479698401
547.709999999744 1.11162660460355
548.459999999743 0.927502031439927
549.209999999742 1.2267117244315
549.959999999742 0.796274711256149
550.709999999741 1.09838971101857
551.45999999974 1.15605411639108
552.20999999974 0.969142034341348
552.959999999739 1.02682160653287
553.709999999738 1.08419037586769
554.459999999738 1.14129519297939
555.209999999737 0.953700965616331
555.959999999736 1.01047260251615
556.709999999735 1.06755872411152
557.459999999735 1.12502733316743
558.209999999734 1.18298552617366
558.959999999733 0.996008977898459
559.709999999733 1.05339805175829
560.459999999732 1.11025982342
561.209999999731 1.16663561551681
561.959999999731 1.22628502930168
562.70999999973 1.03745882731251
563.459999999729 1.09243512487359
564.209999999729 1.14700486340388
564.959999999728 1.20084705932229
565.709999999727 1.01011527069773
566.459999999727 1.06322515971656
567.209999999726 0.872670888569238
567.959999999725 0.93070043975946
568.709999999725 0.98934246703048
569.459999999724 1.0483448995496
570.209999999723 1.10722448940587
570.959999999723 1.16525412763347
571.709999999722 0.978713678572182
572.459999999721 1.03686841811292
573.20999999972 0.851835464436073
573.95999999972 1.15499935160051
574.709999999719 0.968977252960111
575.459999999718 1.02735498673542
576.209999999718 1.08570469835592
576.959999999717 0.899530101383144
577.709999999716 0.957577282885724
578.459999999716 1.01526102341973
579.209999999715 1.07294663417087
579.959999999714 0.885998486394713
580.709999999714 0.946453097018089
581.459999999713 1.00712645235997
582.209999999712 1.06783414544061
582.959999999712 1.1284371484085
583.709999999711 0.943867708109978
584.45999999971 1.00460534652357
585.20999999971 1.06516674056448
585.959999999709 1.12549908556903
586.709999999708 0.94059553236789
587.459999999708 0.756006971864524
588.209999999707 0.815111970945961
588.959999999706 1.11973404398948
589.709999999705 0.933936465161676
590.459999999705 0.99282699434733
591.209999999704 1.05171490115937
591.959999999703 1.11028279379189
592.709999999703 0.923025667633136
593.459999999702 0.980729840039548
594.209999999701 0.794143056783532
594.959999999701 1.09917457709326
595.7099999997 1.1581597811749
596.459999999699 0.971254290614404
597.209999999699 1.02897732204775
597.959999999698 1.08638220135618
598.709999999697 1.14315082151326
599.459999999697 0.954041437664795
600.209999999696 1.01341700967352
600.959999999695 1.0689670926648
601.709999999695 0.879138052839173
602.459999999694 0.940154555491926
603.209999999693 1.00224354620052
603.959999999693 1.06402739496941
604.709999999692 0.879979665303982
605.459999999691 0.94145451324634
606.20999999969 1.0025923256386
606.95999999969 0.818003911869609
607.709999999689 1.12459408346109
608.459999999688 0.939251007650062
609.209999999688 0.999335890830803
609.959999999687 0.81426516227719
610.709999999686 1.12381312062441
611.459999999686 0.9421455004411
612.209999999685 1.00591966586277
612.959999999684 1.06946329244981
613.709999999684 1.13267798969028
614.459999999683 0.948597088009098
615.209999999682 1.01031028590081
615.959999999682 0.825350065329335
616.709999999681 1.13516885010302
617.45999999968 1.19800393628276
618.20999999968 1.01315532367347
618.959999999679 1.0743076149581
619.709999999678 1.13505017601612
620.459999999678 1.19535588738167
621.209999999677 1.00814446965286
621.959999999676 1.06714672707075
622.709999999675 1.12559633282262
623.459999999675 1.18320114798362
624.209999999674 0.993795351865187
624.959999999673 1.05049755883725
625.709999999673 0.861172385801058
626.459999999672 1.16828333823954
627.209999999671 0.736049792151978
627.959999999671 1.04302225526228
628.70999999967 1.10311319750681
629.459999999669 1.1634585440927
630.209999999669 0.976511528442173
630.959999999668 1.03546538413293
631.709999999667 1.09379275779718
632.459999999667 1.15159990028589
633.209999999666 0.962272219433338
633.959999999665 1.01988037180549
634.709999999665 1.0775936641013
635.459999999664 1.13484463410465
636.209999999663 0.944842647378303
636.959999999663 1.00119067795329
637.709999999662 0.812436697276856
638.459999999661 0.876892301623879
639.20999999966 0.937869734013592
639.95999999966 0.99840487502776
640.709999999659 1.05810334311472
641.459999999658 1.11703468891295
642.209999999658 0.928564088969728
642.959999999657 0.986276155764806
643.709999999656 1.04329765615225
644.459999999656 0.854055624979416
645.209999999655 0.914150403413791
645.959999999654 0.975341091786039
646.709999999654 1.03656241886133
647.459999999653 1.09719275923777
648.209999999652 0.910522649987484
648.959999999652 0.970532485062632
649.709999999651 1.02982578381351
650.45999999965 1.08850675738022
651.20999999965 0.899937314266079
651.959999999649 0.960263717236624
652.709999999648 1.02065736531253
653.459999999647 1.080347099524
654.209999999647 1.13933740704004
654.959999999646 0.951400184389888
655.709999999645 1.00978994637471
656.459999999645 0.822323826053453
657.209999999644 0.88282963374419
657.959999999643 1.19094536320031
658.709999999643 1.00508023174587
659.459999999642 1.0652791828459
660.209999999641 1.1248304123008
660.959999999641 0.937007459447277
661.70999999964 0.997176064194453
662.459999999639 1.0584585359896
663.209999999639 1.12039518527062
663.959999999638 0.934551397705599
664.709999999637 0.995487017455643
665.459999999637 1.05691030001735
666.209999999636 1.11838712126584
666.959999999635 1.17895989906556
667.709999999635 0.991601256275908
668.459999999634 1.05124141621583
669.209999999633 1.1108277625908
669.959999999632 0.922816965062042
670.709999999632 0.983350716768922
671.459999999631 1.04381540772047
672.20999999963 1.10373505950835
672.95999999963 0.916200571840654
673.709999999629 0.975287023337602
674.459999999628 1.03350535542327
675.209999999628 1.09154336328985
675.959999999627 1.14966867090313
676.709999999626 0.959997580777932
677.459999999626 1.01689128132869
678.209999999625 1.07313602057896
678.959999999624 1.12881772853634
679.709999999624 1.18386900080793
680.459999999623 0.991546321776861
681.209999999622 1.04746624600692
681.959999999622 0.860637443196443
682.709999999621 0.921411987990512
683.45999999962 0.981656539940317
684.20999999962 1.04135252271277
684.959999999619 0.854102243828632
685.709999999618 1.16111410943415
686.459999999617 0.973958850553537
687.209999999617 0.787418497899723
687.959999999616 0.848715961282943
688.709999999615 1.15624355309841
689.459999999615 0.969576589253258
690.209999999614 0.783189885813393
690.959999999613 1.09159771976561
691.709999999613 1.15224095577322
692.459999999612 0.96511377081835
693.209999999611 1.02414912953431
693.959999999611 1.08244817039291
694.70999999961 0.893164070398386
695.459999999609 0.951658348031954
696.209999999609 1.0114950674045
696.959999999608 1.07217094222805
697.709999999607 1.13206716953622
698.459999999607 0.944664025028358
699.209999999606 1.00502779625369
699.959999999605 1.06588664898052
700.709999999605 0.8792061714853
701.459999999604 0.693736421072514
702.209999999603 1.00699290109705
702.959999999602 0.828595442149776
703.709999999602 1.1509263519988
704.459999999601 1.22505161054539
705.2099999996 1.05003089232589
705.9599999996 1.12246053079454
706.709999999599 1.19606600979773
707.459999999598 1.01975393743901
708.209999999598 1.09073616813686
708.959999999597 1.1604689906432
709.709999999596 1.22869947682925
710.459999999596 1.04638171345655
711.209999999595 1.11346782985691
711.959999999594 1.17668861660425
712.709999999594 1.24226972292235
713.459999999593 1.05714813147136
714.209999999592 1.12043346504287
714.959999999592 0.934415810519838
715.709999999591 1.2524901286497
716.45999999959 1.31994221475365
717.20999999959 1.13620294932202
717.959999999589 1.20049345590424
718.709999999588 1.26338607301077
719.459999999587 1.3246995022942
720.209999999587 1.13514326698221
720.959999999586 1.1943610437675
721.709999999585 1.25233833915844
722.459999999585 1.05934102084405
723.209999999584 1.11519920013066
723.959999999583 1.17027698929038
724.709999999583 1.22425141187993
725.459999999582 1.02816166263258
726.209999999581 1.08081360892195
726.959999999581 1.13271036752543
727.70999999958 0.935930400833467
728.459999999579 0.998192055188106
729.209999999579 1.31937625400824
729.959999999578 1.14374229582656
730.709999999577 1.21559186863549
731.459999999577 1.28619770053177
732.209999999576 1.10577742211152
732.959999999575 1.17313741812535
733.709999999575 1.23967213166993
734.459999999574 1.05693796316013
735.209999999573 1.12290177796743
735.959999999572 1.18760529374526
736.709999999572 1.25076303004216
737.459999999571 1.31234647810943
738.20999999957 1.12268724180042
738.95999999957 0.934722970338706
739.709999999569 1.00726696219076
740.459999999568 1.33610303620916
741.209999999568 1.41378748559521
741.959999999567 1.23884011364218
742.709999999566 1.31268219640626
743.459999999566 1.38468600245612
744.209999999565 1.45469913633921
744.959999999564 1.27173665950274
745.709999999564 1.33819005433885
746.459999999563 1.40262454846378
747.209999999562 1.21392966155669
747.959999999562 1.27707443808068
748.709999999561 1.34386491390409
749.45999999956 1.40913452381364
750.209999999559 1.47251439026535
750.959999999559 1.28264173654402
751.709999999558 1.34280736121573
752.459999999557 1.40157009911052
753.209999999557 1.20775679237394
753.959999999556 1.26410762601576
754.709999999555 1.31898007830651
755.459999999555 1.3726700556142
756.209999999554 1.17519323390202
756.959999999553 0.980521533411257
757.709999999553 1.29206536888508
758.459999999552 1.3561957837027
759.209999999551 1.41949273670434
759.959999999551 1.23075756298039
760.70999999955 1.2909688792718
761.459999999549 1.34972508848489
762.209999999549 1.40699909692327
762.959999999548 1.21314495411039
763.709999999547 1.26807822330812
764.459999999547 1.32186391219407
765.209999999546 1.37459302260039
765.959999999545 1.4265968210778
766.709999999544 1.22816729618668
767.459999999544 1.27817670052581
768.209999999543 1.32685931352723
768.959999999542 1.12576112002401
769.709999999542 1.17291804373873
770.459999999541 1.21956359509615
771.20999999954 1.26562790870811
771.95999999954 1.06347529147766
772.709999999539 0.866200297852986
773.459999999538 0.931233823536813
774.209999999538 1.25716131288177
774.959999999537 1.33612904649705
775.709999999536 1.16528691314961
776.459999999536 1.24086969075847
777.209999999535 1.31504371111652
777.959999999534 1.38770299116251
778.709999999534 1.20961759411852
779.459999999533 1.27946063361265
780.209999999532 1.34811633365638
780.959999999532 1.16563211129023
781.709999999531 1.23163837235745
782.45999999953 1.29639912357356
783.209999999529 1.35975863706468
783.959999999529 1.42146939284142
784.709999999528 1.48133594647687
785.459999999527 1.29000039738221
786.209999999527 1.34723935978667
786.959999999526 1.15411628175919
787.709999999525 1.45934668741194
788.459999999525 1.26455120165561
789.209999999524 1.31790299207868
789.959999999523 1.36967115487424
790.709999999523 1.41994255688107
791.459999999522 1.22046003822623
792.209999999521 1.26841571100795
792.959999999521 1.31505761090371
793.70999999952 1.36038687195468
794.459999999519 1.15704500817045
795.209999999519 1.20119198394678
795.959999999518 1.24543539633497
796.709999999517 1.28996886787373
797.459999999517 1.08757637806133
798.209999999516 1.13133237885058
798.959999999515 1.17517695184593
799.709999999514 1.2191619964982
