16.7099999999999 81.1491359916923
17.4599999999999 80.3211853184488
18.2099999999999 79.9288942556198
18.96 78.9808359052795
19.71 78.4810240864092
20.46 78.437488059796
21.21 77.3199732418504
21.9600000000001 76.6702228633449
22.7100000000001 75.975516032316
23.4600000000001 75.2394383115652
24.2100000000002 73.9398367435135
24.9600000000002 73.1357211509166
25.7100000000002 71.7710429746397
26.4600000000002 71.4205645395658
27.2100000000003 70.0009601968529
27.9600000000003 69.0882750442337
28.7100000000003 68.1524979118783
29.4600000000004 67.203207688237
30.2100000000004 65.7191943710368
30.9600000000004 64.2314179652517
31.7100000000004 63.7545206410331
32.4600000000005 62.7629774831004
33.2100000000005 61.2594655682166
33.9600000000005 60.2606140532104
34.7100000000006 59.2592370867259
35.4600000000006 57.7671274675395
36.2100000000006 56.770974028272
36.9600000000006 55.7836196332813
37.7100000000007 54.7948328338942
38.4600000000007 53.8115594647572
39.2100000000007 52.3668809039464
39.9600000000008 50.9397720260586
40.7100000000008 50.4456168527224
41.4600000000008 49.4935494776247
42.2100000000008 47.2171916097464
42.9600000000009 47.186744711044
43.7100000000009 46.2726714573983
44.4600000000009 45.3709750120463
45.210000000001 44.47659447154
45.960000000001 43.175202960042
46.710000000001 42.3105673685136
47.460000000001 41.459123351592
48.2100000000011 40.6159471410522
48.9600000000011 39.385998757927
49.7100000000011 38.5732998241225
50.4600000000012 37.3818570293979
51.2100000000012 36.9851330797471
51.9600000000012 35.8280489675842
52.7100000000012 35.0704897889586
53.4600000000013 34.3277295943682
54.2100000000013 33.2275454195026
54.9600000000013 32.5130509825943
55.7100000000014 31.818384882281
56.4600000000014 30.7750631722029
57.2100000000014 30.460505531267
57.9600000000014 29.4521990932947
58.7100000000015 28.8112179195361
59.4600000000015 28.1852314863587
60.2100000000015 27.2319724445555
60.9600000000015 26.6382728598587
61.7100000000016 26.0552470124701
62.4600000000016 25.4915541555822
63.2100000000016 24.9383734291252
63.9600000000017 24.0721502748643
64.7100000000017 23.5502187291281
65.4600000000017 23.0429943625771
66.2100000000017 22.5462396386586
66.9600000000018 22.0684024474201
67.7100000000018 21.285841229703
68.4600000000018 20.5211101667515
69.2100000000019 20.0856646914923
69.9600000000019 19.6645975065164
70.7100000000019 19.2576898260925
71.4600000000019 18.86501638811
72.210000000002 18.4862701477554
72.960000000002 18.1173526712098
73.710000000002 17.4606380941364
74.4600000000021 17.1236307790798
75.2100000000021 16.795911355003
75.9600000000021 16.4854589954104
76.7100000000021 15.8858690159789
77.4600000000022 15.5979029703322
78.2100000000022 15.3226946251952
78.9600000000022 14.7640101909395
79.7100000000023 14.5143552364404
80.4600000000023 14.2810731513057
81.2100000000023 13.7614476467441
81.9600000000023 13.8394386784238
82.7100000000024 13.3444107882463
83.4600000000024 13.1557343650938
84.2100000000024 12.9787784172545
84.9600000000025 12.8133211355282
85.7100000000025 12.36566761605
86.4600000000025 12.2190299019192
87.2100000000025 12.0874725869283
87.9600000000026 11.9629671567027
88.7100000000026 11.5593367301147
89.4600000000026 11.1664159368917
90.2100000000027 10.7838887255922
90.9600000000027 11.285781567378
91.7100000000027 10.9228204385738
92.4600000000027 10.85708228542
93.2100000000028 10.7930282317619
93.9600000000028 10.7354458817072
94.7100000000028 10.6820524066643
95.4600000000029 10.343182946307
96.2100000000029 10.0073269352977
96.9600000000029 10.2595954344815
97.7100000000029 10.2259936137608
98.460000000003 9.90857921036685
99.210000000003 9.88777218310824
99.960000000003 9.87291554438067
100.710000000003 9.85749194017679
101.460000000003 9.55779126565573
102.210000000003 9.55475431705251
102.960000000003 9.55077563794718
103.710000000003 9.26133591851941
104.460000000003 8.97491206587883
105.210000000003 8.98360915573293
105.960000000003 8.99752520860678
106.710000000003 8.72288049518088
107.460000000003 9.03693028023955
108.210000000003 9.06282114105531
108.960000000003 9.0948711538481
109.710000000003 9.12713814075364
110.460000000003 8.87502363550307
111.210000000003 8.91802193316642
111.960000000003 8.96076479921633
112.710000000004 9.00747519248955
113.460000000004 9.05269910558535
114.210000000004 8.81582676736147
114.960000000004 8.87496756395548
115.710000000004 8.93244478883441
116.460000000004 8.99295651335194
117.210000000004 8.76858463403005
117.960000000004 8.54556347745728
118.710000000004 8.32613936822619
119.460000000004 8.40112131245073
120.210000000004 8.1875703531729
120.960000000004 8.85476469949066
121.710000000004 8.93979452886377
122.460000000004 9.02895460304949
123.210000000004 8.83167882621005
123.960000000004 8.93073695403622
124.710000000004 8.74113669888133
125.460000000004 9.13719918246453
126.210000000004 8.95104147587915
126.960000000004 9.0574925585838
127.710000000004 9.16823134362867
128.460000000004 9.28272729857386
129.210000000004 9.10636599027929
129.960000000004 9.22131028326647
130.710000000004 9.33939945096151
131.460000000004 9.16536002674076
132.210000000004 9.28932799886479
132.960000000004 9.41282556303585
133.710000000004 9.5398230397874
134.460000000004 9.37335960215077
135.210000000004 9.50180949333404
135.960000000004 9.33963877003576
136.710000000004 9.77215525670931
137.460000000004 9.61337196864905
138.210000000004 10.0514794155206
138.960000000004 9.90119009900205
139.710000000005 10.0459042861175
140.460000000005 10.1932299245173
141.210000000005 10.3435408293524
141.960000000005 10.199434502882
142.710000000005 10.3534052542412
143.460000000005 10.5047971954161
144.210000000005 10.657700559485
144.960000000005 10.5168434058131
145.710000000005 10.6724379137328
146.460000000005 10.8294150889408
147.210000000005 10.6890947329327
147.960000000005 10.8478839942705
148.710000000005 11.0031075665376
149.460000000005 11.1645516026573
150.210000000005 11.0248981297549
150.960000000005 11.1826149156769
151.710000000005 11.3406506577579
152.460000000005 11.1984114528799
153.210000000005 11.6569920397467
153.960000000005 11.2101333337208
154.710000000005 11.6650807843601
155.460000000005 11.5177899296638
156.210000000005 11.9682152598008
156.960000000005 12.1182564258689
157.710000000005 11.9666338134039
158.460000000005 12.1100552306842
159.210000000005 11.9552078651307
159.960000000005 12.1020322409634
160.710000000005 12.2431734161008
161.460000000005 12.3831857518258
162.210000000005 12.2210713644086
162.960000000005 12.3579776937722
163.710000000005 12.4985463507852
164.460000000005 12.6324358508679
165.210000000005 12.4614365595467
165.960000000006 12.5916216119628
166.710000000006 12.7253225764106
167.460000000006 12.8576835798407
168.210000000006 12.9883768976106
168.960000000006 12.8056632248072
169.710000000006 12.9374845264856
170.460000000006 13.0672779439428
171.210000000006 13.2004781554919
171.960000000006 13.0068614688407
172.710000000006 13.1410087619543
173.460000000006 13.2786943349461
174.210000000006 13.4145250245687
174.960000000006 13.5537175336003
175.710000000006 13.3462453406419
176.460000000006 13.4812930650219
177.210000000006 13.6199466676219
177.960000000006 13.4037258303895
178.710000000006 13.543455883112
179.460000000006 13.6863642846177
180.210000000006 13.8327375978301
180.960000000006 13.6036364026211
181.710000000006 13.7559925755988
182.460000000006 13.9116434889652
183.210000000006 14.0709041446506
183.960000000006 13.8262971732812
184.710000000006 14.4109471933319
185.460000000006 14.1596057519169
186.210000000006 14.3325754486731
186.960000000006 14.5098606015812
187.710000000006 14.6855156438578
188.460000000006 14.4184078085513
189.210000000006 14.5938430317729
189.960000000006 14.7619862137113
190.710000000006 14.4820183740886
191.460000000006 14.6496900637181
192.210000000007 14.8156707291765
192.960000000007 14.5209882769169
193.710000000007 14.671767573778
194.460000000007 14.8194154326596
195.210000000007 14.50833051775
195.960000000007 15.1005791402196
196.710000000007 14.7819326816615
197.460000000007 14.9109391538865
198.210000000007 14.5798550971723
198.960000000007 14.6928566986384
199.710000000007 15.2467788697102
200.460000000007 14.8992948233685
201.210000000007 14.5458015302173
201.960000000007 15.0709945101325
202.710000000007 15.1511499736461
203.460000000007 14.783502041718
204.210000000007 14.8487837485258
204.960000000007 14.9042728831772
205.710000000007 14.9558378444116
206.460000000007 14.571078365576
207.210000000007 14.6147184230836
207.960000000007 14.654611074388
208.710000000007 14.2583158186692
209.460000000007 14.2849188880568
210.210000000007 14.3018262756019
210.960000000007 13.8949651996245
211.710000000007 13.910903531349
212.460000000007 13.917580543115
213.210000000007 13.5016864667778
213.960000000007 13.5023032939302
214.710000000007 13.4939218743901
215.460000000007 13.4883683118252
216.210000000007 13.4739639037579
216.960000000007 13.4565617092404
217.710000000007 13.4366089138223
218.460000000008 13.4081933058748
219.210000000008 12.9735035334671
219.960000000008 12.9467003551696
220.710000000008 12.5091300218963
221.460000000008 12.8804915924045
222.210000000008 12.4400350197123
222.960000000008 12.4055930617575
223.710000000008 12.3695214639982
224.460000000008 11.9266470775093
225.210000000008 11.8825464936408
225.960000000008 11.8430081629416
226.710000000008 11.7964563833692
227.460000000008 11.7547334124957
228.210000000008 11.3101742972117
228.960000000008 11.2673142749277
229.710000000008 10.8230527558722
230.460000000008 10.7734806313025
231.210000000008 10.7290549151892
231.960000000008 10.6783006033906
232.710000000008 10.632677575584
233.460000000008 10.5807577811932
234.210000000008 10.1377451722592
234.960000000008 10.0915797309107
235.710000000008 9.64983957466692
236.460000000008 9.99245846649561
237.210000000008 9.55159151700724
237.960000000008 9.50493831547556
238.710000000008 9.45271894994526
239.460000000008 9.4061701176253
240.210000000008 8.9685232421901
240.960000000008 8.91739824994771
241.710000000008 8.87231059042994
242.460000000008 8.82212484103565
243.210000000008 8.77810669289928
243.960000000008 8.34652967869138
244.710000000009 7.91683718673766
245.460000000009 7.87081254344208
246.210000000009 7.83126334550981
246.960000000009 7.40650816277433
247.710000000009 7.36956432086369
248.460000000009 7.7132924342607
249.210000000009 7.67251990084104
249.960000000009 7.25413521191286
250.710000000009 7.22174495039047
251.460000000009 7.19067969553809
252.210000000009 7.15546775739698
252.960000000009 6.74470046366041
253.710000000009 6.71860677298744
254.460000000009 6.68861819178942
255.210000000009 6.28390202729188
255.960000000009 6.26270842291596
256.710000000008 5.86198123975614
257.460000000008 6.21971131751924
258.210000000007 6.20348759262254
258.960000000006 5.80855415486703
259.710000000006 5.7905311392867
260.460000000005 5.77970623993036
261.210000000004 5.77070378481609
261.960000000004 5.38384910939269
262.710000000003 5.37328961123777
263.460000000002 5.3699902477894
264.210000000001 4.98916018631475
264.960000000001 4.99074721174589
265.71 4.99693841378217
266.459999999999 5.00504934230111
267.209999999999 4.63564328489257
267.959999999998 4.64198475463343
268.709999999997 4.65574096862631
269.459999999997 4.67176645318382
270.209999999996 4.69035226191498
270.959999999995 4.71147957669929
271.709999999995 4.35430869353439
272.459999999994 4.37996310648056
273.209999999993 4.40231079029397
273.959999999993 4.43104935132168
274.709999999992 4.07992744859834
275.459999999991 4.11116816841508
276.209999999991 4.14332343126988
276.95999999999 4.17616455420234
277.709999999989 3.82808602411221
278.459999999988 3.86291755914342
279.209999999988 3.90081190278453
279.959999999987 3.94805240949949
280.709999999986 3.61356280000098
281.459999999986 3.28845031482689
282.209999999985 3.37752495984627
282.959999999984 3.86865996976745
283.709999999984 3.59201103974016
284.459999999983 3.69774580362169
285.209999999982 3.81017612593833
285.959999999982 3.92376785334608
286.709999999981 3.64693403211073
287.45999999998 3.76103522191953
288.20999999998 3.48535716983526
288.959999999979 4.00667270014095
289.709999999978 3.74007122611711
290.459999999978 3.86842636067115
291.209999999977 3.99702295834981
291.959999999976 3.72742821443149
292.709999999976 4.25816800932595
293.459999999975 3.9883096651753
294.209999999974 4.11854690677045
294.959999999973 3.84486287809778
295.709999999973 4.38809957171913
296.459999999972 4.1160102567046
297.209999999971 4.24843304368869
297.959999999971 4.38046254456232
298.70999999997 4.10258144242784
299.459999999969 4.23241521680025
300.209999999969 4.36154081218214
300.959999999968 4.48962390611391
301.709999999967 4.20324716782741
302.459999999967 4.32816397881796
303.209999999966 4.4522288644204
303.959999999965 4.57569716913441
304.709999999965 4.69805746078731
305.459999999964 4.8194539930843
306.209999999963 4.52079256065597
306.959999999963 4.63980271733444
307.709999999962 4.33612255514263
308.459999999961 4.87605755189743
309.209999999961 4.57285032371345
309.95999999996 4.690257985138
310.709999999959 4.80629028116371
311.459999999958 4.49582071435981
312.209999999958 4.61476820753533
312.959999999957 4.72600883545436
313.709999999956 4.83549460839425
314.459999999956 4.51472688925168
315.209999999955 4.6204641188289
315.959999999954 4.72423120559406
316.709999999954 4.8264356612079
317.459999999953 4.49517445091647
318.209999999952 4.59202746610692
318.959999999952 4.25578440861064
319.709999999951 4.35249137032315
320.45999999995 4.87987753884625
321.20999999995 4.53967900074934
321.959999999949 4.63825990293266
322.709999999948 4.73076818778669
323.459999999948 4.38715147438407
324.209999999947 4.47551683273661
324.959999999946 4.12717514441882
325.709999999946 4.66020162024531
326.459999999945 4.76075395572202
327.209999999944 4.42262938000998
327.959999999943 4.08223062121742
328.709999999943 4.62441773697267
329.459999999942 4.73479714176141
330.209999999941 4.39712745901899
330.959999999941 4.49639905584494
331.70999999994 4.5963534269011
332.459999999939 4.25409583898606
333.209999999939 4.35203621662395
333.959999999938 4.44989910523063
334.709999999937 4.54503725591775
335.459999999937 4.63773302353367
336.209999999936 4.2861532661944
336.959999999935 4.37428758999151
337.709999999935 4.4674834099062
338.459999999934 4.11012300913834
339.209999999933 3.75497431362572
339.959999999933 3.850899478607
340.709999999932 4.39759819954233
341.459999999931 4.05377150344101
342.209999999931 4.1539875055401
342.95999999993 4.25449084906791
343.709999999929 4.35437678734998
344.459999999928 4.45819028307904
345.209999999928 4.10787321999151
345.959999999927 4.2024353098134
346.709999999926 4.2954059341328
347.459999999926 4.38492262856298
348.209999999925 4.4718361147086
348.959999999924 4.1090167174259
349.709999999924 4.19153493845195
350.459999999923 4.27226810938812
351.209999999922 3.90282729722535
351.959999999922 3.97932874539454
352.709999999921 4.06022098386041
353.45999999992 4.13249061292475
354.20999999992 4.20328874341616
354.959999999919 3.82382699757615
355.709999999918 3.89049184130379
356.459999999918 3.95510687220247
357.209999999917 4.01772414565155
357.959999999916 4.07851779848152
358.709999999916 3.68970611035157
359.459999999915 3.74661376860359
360.209999999914 3.80823478241196
360.959999999913 3.41467652183337
361.709999999913 3.47134043117204
362.459999999912 3.52816788948026
363.209999999911 3.13816491483121
363.959999999911 3.19940520840535
364.70999999991 3.26598844565275
365.459999999909 3.33323530423191
366.209999999909 2.954574771935
366.959999999908 3.02723223130781
367.709999999907 3.10669523319596
368.459999999907 3.19627042939542
369.209999999906 3.2817380810106
369.959999999905 3.36995829323399
370.709999999905 3.00932124041088
371.459999999904 3.10036897649247
372.209999999903 2.74848725887667
372.959999999903 3.29629291008618
373.709999999902 2.94833352269337
374.459999999901 3.04883646904017
375.209999999901 3.14927685955228
375.9599999999 2.79979681189768
376.709999999899 2.90843957513723
377.459999999898 3.03022984254466
378.209999999898 3.14668639566479
378.959999999897 2.81284101300003
379.709999999896 2.93301963982535
380.459999999896 3.05495253870047
381.209999999895 3.17833160930665
381.959999999894 2.84991861538441
382.709999999894 2.98172889359178
383.459999999893 3.11882719382346
384.209999999892 3.25916500170867
384.959999999892 2.9439723856907
385.709999999891 3.54569026220259
386.45999999989 3.2283343578326
387.20999999989 3.36813085500002
387.959999999889 3.04529816358635
388.709999999888 3.18756854934125
389.459999999888 3.33803158980095
390.209999999887 3.01695549508391
390.959999999886 3.62587866614179
391.709999999885 3.30356110579314
392.459999999885 3.44551412022206
393.209999999884 3.58365782164666
393.959999999883 3.71826968153059
394.709999999883 3.381218312935
395.459999999882 3.51250590642769
396.209999999881 3.64379206788922
396.959999999881 3.77197956884326
397.70999999988 3.89670577889166
398.459999999879 3.54783481078933
399.209999999879 3.66610282684452
399.959999999878 3.31067540029135
400.709999999877 3.42854732684664
401.459999999877 3.54434693794728
402.209999999876 3.65765797616617
402.959999999875 3.76720568416255
403.709999999875 3.87335593612586
404.459999999874 3.97627814517842
405.209999999873 3.60314711917123
405.959999999873 3.69902044755106
406.709999999872 3.31936436395145
407.459999999871 3.41063280084588
408.20999999987 3.50056863889199
408.95999999987 3.58941142649726
409.709999999869 3.68522668669993
410.459999999868 3.30087813441743
411.209999999868 3.38848728626283
411.959999999867 3.47394496846596
412.709999999866 3.55605959876739
413.459999999866 3.16407520480669
414.209999999865 2.7756466230125
414.959999999864 2.86705439731853
415.709999999864 3.4327117128004
416.459999999863 3.05501582906586
417.209999999862 3.15074206753731
417.959999999862 3.24596695162009
418.709999999861 3.33961458394513
419.45999999986 3.43170143684207
420.20999999986 3.05124954417621
420.959999999859 3.14210205547924
421.709999999858 2.76321539184579
422.459999999858 3.32691670349566
423.209999999857 2.94750319179065
423.959999999856 3.03804794359808
424.709999999855 3.12664188274138
425.459999999855 2.7436878183923
426.209999999854 2.83473781514863
426.959999999853 2.45977275175441
427.709999999853 2.56024792082465
428.459999999852 3.13131261973747
429.209999999851 2.30125479924789
429.959999999851 2.88121720691503
430.70999999985 2.99187691398745
431.459999999849 3.10244860974855
432.209999999849 2.7421314059154
432.959999999848 2.85207081662124
433.709999999847 2.96181587266196
434.459999999847 3.07103626460638
435.209999999846 2.70551303466516
435.959999999845 2.81325820770884
436.709999999845 2.92245128550504
437.459999999844 3.03221025692765
438.209999999843 2.66758688928235
438.959999999843 2.77585817031802
439.709999999842 2.88379190610681
440.459999999841 2.99000471443546
441.20999999984 3.09451593775967
441.95999999984 2.7240135947648
442.709999999839 2.82892445101904
443.459999999838 2.4634024157408
444.209999999838 3.04639117126474
444.959999999837 2.67944203372535
445.709999999836 2.78739267933223
446.459999999836 2.89469291536552
447.209999999835 3.00132639200212
447.959999999834 2.63210193167036
448.709999999834 2.73628749714334
449.459999999833 2.8403723565326
450.209999999832 2.47006042983911
450.959999999832 2.57611074528617
451.709999999831 2.68249673852858
452.45999999983 2.78217786648064
453.20999999983 2.41361730702746
453.959999999829 2.52269889893681
454.709999999828 2.63385183382658
455.459999999828 2.74645124736378
456.209999999827 2.86030784047079
456.959999999826 2.49627683866858
457.709999999825 2.60621674970504
458.459999999825 2.71447155428406
459.209999999824 2.82093845096464
459.959999999823 2.45038224556733
460.709999999823 2.5563844298385
461.459999999822 2.66164338950267
462.209999999821 2.76593884941861
462.959999999821 2.39324625348191
463.70999999982 2.02408893611501
464.459999999819 2.13305844095255
465.209999999819 2.71420928420653
465.959999999818 2.33912273531275
466.709999999817 2.44356874254478
467.459999999817 2.5483562363264
468.209999999816 2.64565168421167
468.959999999815 2.74913097700834
469.709999999815 2.375508243784
470.459999999814 2.48055793058004
471.209999999813 2.58695310423207
471.959999999813 2.69412089442674
472.709999999812 2.32339673339765
473.459999999811 2.43000666707149
474.20999999981 2.53709067232985
474.95999999981 2.6435442042772
475.709999999809 2.27165945374186
476.459999999808 2.37934023218414
477.209999999808 2.48826008650018
477.959999999807 2.11977515888183
478.709999999806 2.2297700443813
479.459999999806 2.33952927271599
480.209999999805 2.45023955881995
480.959999999804 2.08305862134229
481.709999999804 2.1959139194344
482.459999999803 2.31053698801917
483.209999999802 2.42028943224105
483.959999999802 2.05888428353834
484.709999999801 2.17594323760356
485.4599999998 2.29101282090068
486.2099999998 2.40565886598481
486.959999999799 2.04087471335952
487.709999999798 2.15999799904461
488.459999999798 2.28061417275137
489.209999999797 2.40190330161006
489.959999999796 2.52347895530962
490.709999999795 2.64471073715501
491.459999999795 2.28327592880389
492.209999999794 1.92334805658694
492.959999999793 2.52539494142483
493.709999999793 2.16015726523084
494.459999999792 2.27752223046825
495.209999999791 2.39486407939442
495.959999999791 2.51163925055906
496.70999999979 2.14767906821579
497.459999999789 2.26703847588385
498.209999999789 2.38578303509782
498.959999999788 2.49705586275832
499.709999999787 2.61537668866311
500.459999999787 2.25031950362457
501.209999999786 2.36563008329851
501.959999999785 2.47966614470124
502.709999999785 2.10921612571636
503.459999999784 2.22309111795142
504.209999999783 2.33703633806465
504.959999999782 2.45026567368055
505.709999999782 2.56241976171205
506.459999999781 2.67316471989227
507.20999999978 2.29903031850841
507.95999999978 2.40847726556661
508.709999999779 2.0338822296611
509.459999999778 2.14477962323234
510.209999999778 2.2570983121757
510.959999999777 2.36975333290474
511.709999999776 2.48161860268347
512.459999999776 2.10832908605503
513.209999999775 2.21952213161336
513.959999999774 1.84860436587666
514.709999999774 2.44916266801278
515.459999999773 2.08006436315492
516.209999999772 2.1957906002024
516.959999999772 2.31196425119231
517.709999999771 2.4288624626437
518.45999999977 2.06037049609483
519.20999999977 2.17707907608277
519.959999999769 2.29342156254859
520.709999999768 2.40961534291007
521.459999999768 2.52472566779505
522.209999999767 2.15288808443068
522.959999999766 2.26643047620615
523.709999999766 2.37857880664981
524.459999999765 2.00449775002895
525.209999999764 2.11789674294827
525.959999999763 2.22568744479043
526.709999999763 2.34169187505779
527.459999999762 1.97298594367308
528.209999999761 2.08815045987634
528.959999999761 2.20159523566439
529.70999999976 2.31538757973073
530.459999999759 1.9437595689172
531.209999999759 2.05850894310032
531.959999999758 2.17233209147313
532.709999999757 2.28638635669461
533.459999999757 2.39981200598588
534.209999999756 2.02613818840378
534.959999999755 2.13923889247294
535.709999999755 2.25349650864409
536.459999999754 2.36790217386975
537.209999999753 1.99512794037646
537.959999999753 2.11300556953575
538.709999999752 2.23188974951536
539.459999999751 1.86390958491032
540.20999999975 1.98571055472699
540.95999999975 2.11011270984127
541.709999999749 2.23309838681345
542.459999999748 2.35505229228982
543.209999999748 1.98782224555392
543.959999999747 2.10894039107419
544.709999999746 2.22925798879384
545.459999999746 2.34932627793418
546.209999999745 1.98311687094799
546.959999999744 2.10334959396801
547.709999999744 2.22325320920709
548.459999999743 1.85500406287985
549.209999999742 2.453423448863
549.959999999742 1.5925494225123
550.709999999741 2.19677942203715
551.45999999974 2.31210823278215
552.20999999974 1.9382840686827
552.959999999739 2.05364321306574
553.709999999738 2.16838075173539
554.459999999738 2.28259038595878
555.209999999737 1.90740193123266
555.959999999736 2.0209452050323
556.709999999735 2.13511744822304
557.459999999735 2.25005466633487
558.209999999734 2.36597105234731
558.959999999733 1.99201795579692
559.709999999733 2.10679610351657
560.459999999732 2.22051964684
561.209999999731 2.33327123103363
561.959999999731 2.45257005860337
562.70999999973 2.07491765462502
563.459999999729 2.18487024974719
564.209999999729 2.29400972680776
564.959999999728 2.40169411864458
565.709999999727 2.02023054139546
566.459999999727 2.12645031943312
567.209999999726 1.74534177713848
567.959999999725 1.86140087951892
568.709999999725 1.97868493406096
569.459999999724 2.0966897990992
570.209999999723 2.21444897881173
570.959999999723 2.33050825526695
571.709999999722 1.95742735714436
572.459999999721 2.07373683622584
573.20999999972 1.70367092887215
573.95999999972 2.30999870320101
574.709999999719 1.93795450592022
575.459999999718 2.05470997347085
576.209999999718 2.17140939671185
576.959999999717 1.79906020276629
577.709999999716 1.91515456577145
578.459999999716 2.03052204683947
579.209999999715 2.14589326834174
579.959999999714 1.77199697278943
580.709999999714 1.89290619403618
581.459999999713 2.01425290471994
582.209999999712 2.13566829088123
582.959999999712 2.256874296817
583.709999999711 1.88773541621996
584.45999999971 2.00921069304713
585.20999999971 2.13033348112896
585.959999999709 2.25099817113806
586.709999999708 1.88119106473578
587.459999999708 1.51201394372905
588.209999999707 1.63022394189192
588.959999999706 2.23946808797895
589.709999999705 1.86787293032335
590.459999999705 1.98565398869466
591.209999999704 2.10342980231874
591.959999999703 2.22056558758377
592.709999999703 1.84605133526627
593.459999999702 1.9614596800791
594.209999999701 1.58828611356706
594.959999999701 2.19834915418653
595.7099999997 2.3163195623498
596.459999999699 1.94250858122881
597.209999999699 2.05795464409549
597.959999999698 2.17276440271236
598.709999999697 2.28630164302653
599.459999999697 1.90808287532959
600.209999999696 2.02683401934703
600.959999999695 2.1379341853296
601.709999999695 1.75827610567835
602.459999999694 1.88030911098385
603.209999999693 2.00448709240104
603.959999999693 2.12805478993881
604.709999999692 1.75995933060796
605.459999999691 1.88290902649268
606.20999999969 2.0051846512772
606.95999999969 1.63600782373922
607.709999999689 2.24918816692217
608.459999999688 1.87850201530012
609.209999999688 1.99867178166161
609.959999999687 1.62853032455438
610.709999999686 2.24762624124881
611.459999999686 1.8842910008822
612.209999999685 2.01183933172554
612.959999999684 2.13892658489962
613.709999999684 2.26535597938055
614.459999999683 1.8971941760182
615.209999999682 2.02062057180163
615.959999999682 1.65070013065867
616.709999999681 2.27033770020604
617.45999999968 2.39600787256552
618.20999999968 2.02631064734695
618.959999999679 2.1486152299162
619.709999999678 2.27010035203225
620.459999999678 2.39071177476335
621.209999999677 2.01628893930571
621.959999999676 2.13429345414151
622.709999999675 2.25119266564523
623.459999999675 2.36640229596725
624.209999999674 1.98759070373037
624.959999999673 2.10099511767449
625.709999999673 1.72234477160212
626.459999999672 2.33656667647909
627.209999999671 1.47209958430396
627.959999999671 2.08604451052456
628.70999999967 2.20622639501362
629.459999999669 2.32691708818541
630.209999999669 1.95302305688435
630.959999999668 2.07093076826586
631.709999999667 2.18758551559436
632.459999999667 2.30319980057178
633.209999999666 1.92454443886668
633.959999999665 2.03976074361099
634.709999999665 2.15518732820261
635.459999999664 2.26968926820929
636.209999999663 1.88968529475661
636.959999999663 2.00238135590657
637.709999999662 1.62487339455371
638.459999999661 1.75378460324776
639.20999999966 1.87573946802718
639.95999999966 1.99680975005552
640.709999999659 2.11620668622943
641.459999999658 2.2340693778259
642.209999999658 1.85712817793946
642.959999999657 1.97255231152961
643.709999999656 2.0865953123045
644.459999999656 1.70811124995883
645.209999999655 1.82830080682758
645.959999999654 1.95068218357208
646.709999999654 2.07312483772267
647.459999999653 2.19438551847553
648.209999999652 1.82104529997497
648.959999999652 1.94106497012526
649.709999999651 2.05965156762702
650.45999999965 2.17701351476044
651.20999999965 1.79987462853216
651.959999999649 1.92052743447325
652.709999999648 2.04131473062506
653.459999999647 2.16069419904799
654.209999999647 2.27867481408009
654.959999999646 1.90280036877978
655.709999999645 2.01957989274941
656.459999999645 1.64464765210691
657.209999999644 1.76565926748838
657.959999999643 2.38189072640062
658.709999999643 2.01016046349174
659.459999999642 2.13055836569179
660.209999999641 2.24966082460159
660.959999999641 1.87401491889455
661.70999999964 1.99435212838891
662.459999999639 2.11691707197919
663.209999999639 2.24079037054123
663.959999999638 1.8691027954112
664.709999999637 1.99097403491129
665.459999999637 2.11382060003469
666.209999999636 2.23677424253168
666.959999999635 2.35791979813112
667.709999999635 1.98320251255182
668.459999999634 2.10248283243167
669.209999999633 2.22165552518159
669.959999999632 1.84563393012408
670.709999999632 1.96670143353784
671.459999999631 2.08763081544093
672.20999999963 2.2074701190167
672.95999999963 1.83240114368131
673.709999999629 1.9505740466752
674.459999999628 2.06701071084653
675.209999999628 2.1830867265797
675.959999999627 2.29933734180626
676.709999999626 1.91999516155586
677.459999999626 2.03378256265737
678.209999999625 2.14627204115793
678.959999999624 2.25763545707267
679.709999999624 2.36773800161587
680.459999999623 1.98309264355372
681.209999999622 2.09493249201383
681.959999999622 1.72127488639289
682.709999999621 1.84282397598102
683.45999999962 1.96331307988063
684.20999999962 2.08270504542554
684.959999999619 1.70820448765726
685.709999999618 2.3222282188683
686.459999999617 1.94791770110707
687.209999999617 1.57483699579945
687.959999999616 1.69743192256589
688.709999999615 2.31248710619682
689.459999999615 1.93915317850652
690.209999999614 1.56637977162679
690.959999999613 2.18319543953122
691.709999999613 2.30448191154644
692.459999999612 1.9302275416367
693.209999999611 2.04829825906863
693.959999999611 2.16489634078583
694.70999999961 1.78632814079677
695.459999999609 1.90331669606391
696.209999999609 2.022990134809
696.959999999608 2.14434188445611
697.709999999607 2.26413433907245
698.459999999607 1.88932805005672
699.209999999606 2.01005559250738
699.959999999605 2.13177329796103
700.709999999605 1.7584123429706
701.459999999604 1.38747284214503
702.209999999603 2.0139858021941
702.959999999602 1.65719088429955
703.709999999602 2.3018527039976
704.459999999601 2.45010322109078
705.2099999996 2.10006178465179
705.9599999996 2.24492106158907
706.709999999599 2.39213201959547
707.459999999598 2.03950787487801
708.209999999598 2.18147233627373
708.959999999597 2.3209379812864
709.709999999596 2.4573989536585
710.459999999596 2.09276342691309
711.209999999595 2.22693565971381
711.959999999594 2.35337723320851
712.709999999594 2.4845394458447
713.459999999593 2.11429626294272
714.209999999592 2.24086693008575
714.959999999592 1.86883162103968
715.709999999591 2.5049802572994
716.45999999959 2.6398844295073
717.20999999959 2.27240589864404
717.959999999589 2.40098691180848
718.709999999588 2.52677214602154
719.459999999587 2.64939900458841
720.209999999587 2.27028653396442
720.959999999586 2.38872208753499
721.709999999585 2.50467667831688
722.459999999585 2.1186820416881
723.209999999584 2.23039840026132
723.959999999583 2.34055397858076
724.709999999583 2.44850282375986
725.459999999582 2.05632332526516
726.209999999581 2.1616272178439
726.959999999581 2.26542073505086
727.70999999958 1.87186080166693
728.459999999579 1.99638411037621
729.209999999579 2.63875250801647
729.959999999578 2.28748459165311
730.709999999577 2.43118373727097
731.459999999577 2.57239540106355
732.209999999576 2.21155484422304
732.959999999575 2.34627483625071
733.709999999575 2.47934426333987
734.459999999574 2.11387592632025
735.209999999573 2.24580355593485
735.959999999572 2.37521058749053
736.709999999572 2.50152606008433
737.459999999571 2.62469295621886
738.20999999957 2.24537448360084
738.95999999957 1.86944594067741
739.709999999569 2.01453392438152
740.459999999568 2.67220607241833
741.209999999568 2.82757497119042
741.959999999567 2.47768022728437
742.709999999566 2.62536439281251
743.459999999566 2.76937200491225
744.209999999565 2.90939827267841
744.959999999564 2.54347331900548
745.709999999564 2.67638010867771
746.459999999563 2.80524909692756
747.209999999562 2.42785932311338
747.959999999562 2.55414887616136
748.709999999561 2.68772982780818
749.45999999956 2.81826904762728
750.209999999559 2.9450287805307
750.959999999559 2.56528347308805
751.709999999558 2.68561472243146
752.459999999557 2.80314019822104
753.209999999557 2.41551358474787
753.959999999556 2.52821525203153
754.709999999555 2.63796015661303
755.459999999555 2.7453401112284
756.209999999554 2.35038646780403
756.959999999553 1.96104306682251
757.709999999553 2.58413073777017
758.459999999552 2.7123915674054
759.209999999551 2.83898547340868
759.959999999551 2.46151512596077
760.70999999955 2.5819377585436
761.459999999549 2.69945017696978
762.209999999549 2.81399819384655
762.959999999548 2.42628990822079
763.709999999547 2.53615644661623
764.459999999547 2.64372782438815
765.209999999546 2.74918604520077
765.959999999545 2.8531936421556
766.709999999544 2.45633459237336
767.459999999544 2.55635340105162
768.209999999543 2.65371862705445
768.959999999542 2.25152224004802
769.709999999542 2.34583608747746
770.459999999541 2.43912719019229
771.20999999954 2.53125581741622
771.95999999954 2.12695058295532
772.709999999539 1.73240059570597
773.459999999538 1.86246764707363
774.209999999538 2.51432262576355
774.959999999537 2.6722580929941
775.709999999536 2.33057382629923
776.459999999536 2.48173938151694
777.209999999535 2.63008742223305
777.959999999534 2.77540598232502
778.709999999534 2.41923518823704
779.459999999533 2.5589212672253
780.209999999532 2.69623266731277
780.959999999532 2.33126422258045
781.709999999531 2.4632767447149
782.45999999953 2.59279824714711
783.209999999529 2.71951727412936
783.959999999529 2.84293878568284
784.709999999528 2.96267189295374
785.459999999527 2.58000079476441
786.209999999527 2.69447871957334
786.959999999526 2.30823256351839
787.709999999525 2.91869337482389
788.459999999525 2.52910240331121
789.209999999524 2.63580598415737
789.959999999523 2.73934230974849
790.709999999523 2.83988511376214
791.459999999522 2.44092007645247
792.209999999521 2.5368314220159
792.959999999521 2.63011522180743
793.70999999952 2.72077374390936
794.459999999519 2.3140900163409
795.209999999519 2.40238396789356
795.959999999518 2.49087079266994
796.709999999517 2.57993773574745
797.459999999517 2.17515275612267
798.209999999516 2.26266475770116
798.959999999515 2.35035390369186
799.709999999514 2.43832399299641
