16.7399999999999 1.945
17.4899999999999 1.945
18.2399999999999 1.902
18.99 1.902
19.74 1.86950000000001
20.49 1.77900000000001
21.24 1.77900000000001
21.9900000000001 1.71950000000001
22.7400000000001 1.65400000000001
23.4900000000001 1.58550000000001
24.2400000000002 1.58550000000001
24.9900000000002 1.51250000000002
25.7400000000002 1.51250000000002
26.4900000000002 1.40550000000002
27.2400000000003 1.40550000000002
27.9900000000003 1.34300000000002
28.7400000000003 1.29250000000002
29.4900000000004 1.23000000000002
30.2400000000004 1.23000000000002
30.9900000000004 1.23000000000002
31.7400000000004 1.13650000000003
32.4900000000005 1.06800000000003
33.2400000000005 1.06800000000003
33.9900000000005 1.00100000000003
34.7400000000006 0.937000000000031
35.4900000000006 0.937000000000031
36.2400000000006 0.886500000000033
36.9900000000006 0.876000000000033
37.7400000000007 0.846000000000032
38.4900000000007 0.811500000000031
39.2400000000007 0.811500000000031
39.9900000000008 0.811500000000031
40.7400000000008 0.762000000000029
41.4900000000008 0.762000000000029
42.2400000000008 0.883500000000033
42.9900000000009 0.904500000000034
43.7400000000009 0.913500000000034
44.4900000000009 0.924000000000035
45.240000000001 0.892500000000034
45.990000000001 0.892500000000034
46.740000000001 0.903000000000034
47.490000000001 0.895500000000034
48.2400000000011 0.879000000000033
48.9900000000011 0.879000000000033
49.7400000000011 0.870000000000033
50.4900000000012 0.870000000000033
51.2400000000012 0.853500000000032
51.9900000000012 0.853500000000032
52.7400000000012 0.882000000000033
53.4900000000013 0.885000000000034
54.2400000000013 0.885000000000034
54.9900000000013 0.901500000000034
55.7400000000014 0.885000000000034
56.4900000000014 0.885000000000034
57.2400000000014 0.927000000000035
57.9900000000014 0.927000000000035
58.7400000000015 0.939000000000036
59.4900000000015 0.949500000000036
60.2400000000015 0.949500000000036
60.9900000000016 0.964500000000037
61.7400000000016 0.852000000000032
62.4900000000016 0.832500000000032
63.2400000000016 0.826500000000031
63.9900000000017 0.826500000000031
64.7400000000017 0.831000000000031
65.4900000000017 0.831000000000031
66.2400000000017 0.829500000000031
66.9900000000018 0.831000000000031
67.7400000000018 0.831000000000031
68.4900000000018 0.831000000000031
69.2400000000019 0.880500000000033
69.9900000000019 0.933000000000035
70.7400000000019 0.918000000000034
71.4900000000019 0.919500000000035
72.240000000002 0.894000000000034
72.990000000002 0.886500000000033
73.740000000002 0.886500000000033
74.4900000000021 0.873000000000033
75.2400000000021 0.889500000000033
75.9900000000021 0.850500000000032
76.7400000000021 0.850500000000032
77.4900000000022 0.856500000000032
78.2400000000022 0.846000000000032
78.9900000000022 0.846000000000032
79.7400000000023 0.856500000000032
80.4900000000023 0.874500000000033
81.2400000000023 0.874500000000033
81.9900000000023 0.909000000000034
82.7400000000024 0.909000000000034
83.4900000000024 0.913500000000034
84.2400000000024 0.915000000000035
84.9900000000025 0.922500000000035
85.7400000000025 0.922500000000035
86.4900000000025 0.934500000000035
87.2400000000025 0.942000000000036
87.9900000000026 0.888000000000034
88.7400000000026 0.888000000000034
89.4900000000026 0.888000000000034
90.2400000000027 0.888000000000034
90.9900000000027 0.945000000000036
91.7400000000027 0.945000000000036
92.4900000000027 0.951000000000036
93.2400000000028 0.975000000000037
93.9900000000028 0.978000000000037
94.7400000000028 0.961500000000036
95.4900000000029 0.961500000000036
96.2400000000029 0.961500000000036
96.9900000000029 0.999000000000038
97.7400000000029 0.997500000000038
98.490000000003 0.997500000000038
99.240000000003 0.985500000000037
99.990000000003 0.949500000000036
100.740000000003 0.907500000000034
101.490000000003 0.907500000000034
102.240000000003 0.921000000000035
102.990000000003 0.924000000000035
103.740000000003 0.924000000000035
104.490000000003 0.924000000000035
105.240000000003 0.966000000000037
105.990000000003 1.02000000000004
106.740000000003 1.02000000000004
107.490000000003 1.02900000000004
108.240000000003 1.05150000000004
108.990000000003 1.04250000000004
109.740000000003 0.963000000000036
110.490000000003 0.963000000000036
111.240000000003 0.960000000000036
111.990000000003 0.954000000000036
112.740000000004 0.930000000000035
113.490000000004 0.915000000000035
114.240000000004 0.915000000000035
114.990000000004 0.918000000000035
115.740000000004 0.898500000000034
116.490000000004 0.885000000000034
117.240000000004 0.885000000000034
117.990000000004 0.885000000000034
118.740000000004 0.885000000000034
119.490000000004 0.997500000000038
120.240000000004 0.997500000000038
120.990000000004 0.999000000000038
121.740000000004 0.991500000000038
122.490000000004 0.979500000000037
123.240000000004 0.979500000000037
123.990000000004 0.922500000000035
124.740000000004 0.922500000000035
125.490000000004 0.877500000000033
126.240000000004 0.877500000000033
126.990000000004 0.861000000000033
127.740000000004 0.841500000000032
128.490000000004 0.825000000000031
129.240000000004 0.825000000000031
129.990000000004 0.834000000000032
130.740000000004 0.825000000000031
131.490000000004 0.825000000000031
132.240000000004 0.835500000000032
132.990000000004 0.837000000000032
133.740000000004 0.858000000000033
134.490000000004 0.858000000000033
135.240000000004 0.883500000000033
135.990000000004 0.883500000000033
136.740000000004 0.888000000000034
137.490000000004 0.888000000000034
138.240000000004 0.885000000000034
138.990000000004 0.885000000000034
139.740000000005 0.78000000000003
140.490000000005 0.774000000000029
141.240000000005 0.754500000000029
141.990000000005 0.754500000000029
142.740000000005 0.760500000000029
143.490000000005 0.772500000000029
144.240000000005 0.739500000000028
144.990000000005 0.739500000000028
145.740000000005 0.738000000000028
146.490000000005 0.745500000000028
147.240000000005 0.745500000000028
147.990000000005 0.751500000000028
148.740000000005 0.760500000000029
149.490000000005 0.744000000000028
150.240000000005 0.744000000000028
150.990000000005 0.774000000000029
151.740000000005 0.757500000000029
152.490000000005 0.757500000000029
153.240000000005 0.763500000000029
153.990000000005 0.816000000000031
154.740000000005 0.820500000000031
155.490000000005 0.820500000000031
156.240000000005 0.80400000000003
156.990000000005 0.78450000000003
157.740000000005 0.78450000000003
158.490000000005 0.78750000000003
159.240000000005 0.78750000000003
159.990000000005 0.80400000000003
160.740000000005 0.80250000000003
161.490000000005 0.819000000000031
162.240000000005 0.819000000000031
162.990000000005 0.831000000000031
163.740000000005 0.829500000000031
164.490000000005 0.844500000000032
165.240000000005 0.844500000000032
165.990000000006 0.861000000000033
166.740000000006 0.871500000000033
167.490000000006 0.870000000000033
168.240000000006 0.858000000000033
168.990000000006 0.858000000000033
169.740000000006 0.867000000000033
170.490000000006 0.838500000000032
171.240000000006 0.858000000000033
171.990000000006 0.858000000000033
172.740000000006 0.861000000000033
173.490000000006 0.79500000000003
174.240000000006 0.808500000000031
174.990000000006 0.77850000000003
175.740000000006 0.77850000000003
176.490000000006 0.80100000000003
177.240000000006 0.80250000000003
177.990000000006 0.80250000000003
178.740000000006 0.816000000000031
179.490000000006 0.79950000000003
180.240000000006 0.79800000000003
180.990000000006 0.79800000000003
181.740000000006 0.807000000000031
182.490000000006 0.79200000000003
183.240000000006 0.79050000000003
183.990000000006 0.79050000000003
184.740000000006 0.774000000000029
185.490000000006 0.774000000000029
186.240000000006 0.753000000000029
186.990000000006 0.748500000000028
187.740000000006 0.748500000000028
188.490000000006 0.748500000000028
189.240000000006 0.742500000000028
189.990000000006 0.748500000000028
190.740000000006 0.748500000000028
191.490000000006 0.735000000000028
192.240000000007 0.741000000000028
192.990000000007 0.741000000000028
193.740000000007 0.754500000000029
194.490000000007 0.745500000000028
195.240000000007 0.745500000000028
195.990000000007 0.763500000000029
196.740000000007 0.763500000000029
197.490000000007 0.78750000000003
198.240000000007 0.78750000000003
198.990000000007 0.816000000000031
199.740000000007 0.862500000000033
200.490000000007 0.862500000000033
201.240000000007 0.862500000000033
201.990000000007 0.879000000000033
202.740000000007 0.868500000000033
203.490000000007 0.868500000000033
204.240000000007 0.847500000000032
204.990000000007 0.846000000000032
205.740000000007 0.853500000000032
206.490000000007 0.853500000000032
207.240000000007 0.853500000000032
207.990000000007 0.871500000000033
208.740000000007 0.871500000000033
209.490000000007 0.892500000000034
210.240000000007 0.904500000000034
210.990000000007 0.904500000000034
211.740000000007 0.928500000000035
212.490000000007 0.939000000000036
213.240000000007 0.939000000000036
213.990000000007 0.994500000000038
214.740000000007 1.04250000000004
215.490000000007 1.02450000000004
216.240000000007 1.04550000000004
216.990000000007 1.05000000000004
217.740000000007 1.00650000000004
218.490000000008 0.969000000000037
219.240000000008 0.969000000000037
219.990000000008 0.979500000000037
220.740000000008 0.979500000000037
221.490000000008 0.957000000000036
222.240000000008 0.957000000000036
222.990000000008 0.960000000000036
223.740000000008 0.972000000000037
224.490000000008 0.972000000000037
225.240000000008 0.999000000000038
225.990000000008 1.00200000000004
226.740000000008 1.01250000000004
227.490000000008 1.00050000000004
228.240000000008 1.00050000000004
228.990000000008 0.976500000000037
229.740000000008 0.976500000000037
230.490000000008 0.982500000000037
231.240000000008 0.973500000000037
231.990000000008 0.948000000000036
232.740000000008 0.876000000000033
233.490000000008 0.825000000000031
234.240000000008 0.825000000000031
234.990000000008 0.813000000000031
235.740000000008 0.813000000000031
236.490000000008 0.79500000000003
237.240000000008 0.79500000000003
237.990000000008 0.807000000000031
238.740000000008 0.811500000000031
239.490000000008 0.79950000000003
240.240000000008 0.79950000000003
240.990000000008 0.79050000000003
241.740000000008 0.819000000000031
242.490000000008 0.832500000000032
243.240000000008 0.823500000000031
243.990000000008 0.823500000000031
244.740000000009 0.823500000000031
245.490000000009 0.847500000000032
246.240000000009 0.858000000000033
246.990000000009 0.858000000000033
247.740000000009 0.906000000000034
248.490000000009 0.906000000000034
249.240000000009 0.883500000000033
249.990000000009 0.883500000000033
250.740000000009 0.868500000000033
251.490000000009 0.877500000000033
252.240000000009 0.883500000000033
252.990000000009 0.883500000000033
253.740000000009 0.879000000000033
254.490000000009 0.874500000000033
255.240000000009 0.874500000000033
255.990000000009 0.853500000000032
256.740000000008 0.853500000000032
257.490000000008 0.88799999999996
258.240000000007 0.881999999999931
258.990000000006 0.881999999999931
259.740000000006 0.883499999999897
260.490000000005 0.88199999999986
261.240000000004 0.863999999999821
261.990000000003 0.863999999999821
262.740000000003 0.854999999999788
263.490000000002 0.853499999999759
264.240000000001 0.853499999999759
264.990000000001 0.848999999999688
265.74 0.842999999999647
266.489999999999 0.860999999999595
267.239999999999 0.860999999999595
267.989999999998 0.833999999999536
268.739999999997 0.847499999999496
269.489999999997 0.853499999999461
270.239999999996 0.847499999999434
270.989999999995 0.842999999999401
271.739999999995 0.842999999999401
272.489999999994 0.835499999999372
273.239999999993 0.835499999999345
273.989999999993 0.83699999999931
274.739999999992 0.83699999999931
275.489999999991 0.820499999999281
276.239999999991 0.775499999999295
276.98999999999 0.782999999999288
277.739999999989 0.782999999999288
278.489999999988 0.785999999999285
279.239999999988 0.80249999999927
279.989999999987 0.796499999999276
280.739999999986 0.796499999999276
281.489999999986 0.796499999999276
282.239999999985 0.842999999999233
282.989999999984 0.875999999999203
283.739999999984 0.875999999999203
284.489999999983 0.841499999999235
285.239999999982 0.826499999999248
285.989999999982 0.800999999999272
286.739999999981 0.800999999999272
287.48999999998 0.772499999999297
288.23999999998 0.772499999999297
288.989999999979 0.793499999999278
289.739999999978 0.793499999999278
290.489999999978 0.80249999999927
291.239999999977 0.800999999999272
291.989999999976 0.800999999999272
292.739999999976 0.820499999999254
293.489999999975 0.820499999999254
294.239999999974 0.811499999999262
294.989999999973 0.811499999999262
295.739999999973 0.836999999999239
296.489999999972 0.836999999999239
297.239999999971 0.827999999999247
297.989999999971 0.829499999999246
298.73999999997 0.829499999999246
299.489999999969 0.815999999999258
300.239999999969 0.814499999999259
300.989999999968 0.760499999999308
301.739999999967 0.760499999999308
302.489999999967 0.748499999999319
303.239999999966 0.739499999999327
303.989999999965 0.727499999999338
304.739999999965 0.731999999999334
305.489999999964 0.730499999999336
306.239999999963 0.730499999999336
306.989999999963 0.746999999999321
307.739999999962 0.746999999999321
308.489999999961 0.740999999999326
309.239999999961 0.740999999999326
309.98999999996 0.754499999999314
310.739999999959 0.760499999999308
311.489999999958 0.760499999999308
312.239999999958 0.751499999999316
312.989999999957 0.754499999999314
313.739999999956 0.754499999999314
314.489999999956 0.754499999999314
315.239999999955 0.754499999999314
315.989999999954 0.763499999999306
316.739999999954 0.766499999999303
317.489999999953 0.766499999999303
318.239999999952 0.767999999999301
318.989999999952 0.767999999999301
319.739999999951 0.794999999999277
320.48999999995 0.818999999999255
321.23999999995 0.818999999999255
321.989999999949 0.836999999999239
322.739999999948 0.833999999999241
323.489999999948 0.833999999999241
324.239999999947 0.850499999999226
324.989999999946 0.850499999999226
325.739999999945 0.931499999999153
326.489999999945 0.911999999999171
327.239999999944 0.911999999999171
327.989999999943 0.911999999999171
328.739999999943 0.932999999999151
329.489999999942 0.916499999999166
330.239999999941 0.916499999999166
330.989999999941 0.940499999999145
331.73999999994 0.941999999999143
332.489999999939 0.941999999999143
333.239999999939 0.976499999999112
333.989999999938 0.979499999999109
334.739999999937 0.959999999999127
335.489999999937 0.962999999999124
336.239999999936 0.962999999999124
336.989999999935 0.96749999999912
337.739999999935 0.968999999999119
338.489999999934 0.968999999999119
339.239999999933 0.968999999999119
339.989999999933 0.971999999999116
340.739999999932 0.971999999999116
341.489999999931 0.971999999999116
342.23999999993 0.968999999999119
342.98999999993 1.00049999999909
343.739999999929 1.00199999999909
344.489999999928 0.938999999999146
345.239999999928 0.938999999999146
345.989999999927 0.93449999999915
346.739999999926 0.937499999999147
347.489999999926 0.892499999999188
348.239999999925 0.895499999999186
348.989999999924 0.895499999999186
349.739999999924 0.907499999999175
350.489999999923 0.877499999999202
351.239999999922 0.877499999999202
351.989999999922 0.878999999999201
352.739999999921 0.839999999999236
353.48999999992 0.854999999999222
354.23999999992 0.853499999999224
354.989999999919 0.853499999999224
355.739999999918 0.851999999999225
356.489999999918 0.854999999999222
357.239999999917 0.85799999999922
357.989999999916 0.853499999999224
358.739999999915 0.853499999999224
359.489999999915 0.790499999999281
360.239999999914 0.794999999999277
360.989999999913 0.794999999999277
361.739999999913 0.787499999999284
362.489999999912 0.760499999999308
363.239999999911 0.760499999999308
363.989999999911 0.763499999999306
364.73999999991 0.785999999999285
365.489999999909 0.770999999999299
366.239999999909 0.770999999999299
366.989999999908 0.787499999999284
367.739999999907 0.803999999999269
368.489999999907 0.806999999999266
369.239999999906 0.805499999999267
369.989999999905 0.800999999999272
370.739999999905 0.800999999999272
371.489999999904 0.808499999999265
372.239999999903 0.808499999999265
372.989999999903 0.817499999999256
373.739999999902 0.817499999999256
374.489999999901 0.814499999999259
375.2399999999 0.806999999999266
375.9899999999 0.806999999999266
376.739999999899 0.841499999999235
377.489999999898 0.833999999999241
378.239999999898 0.844499999999232
378.989999999897 0.844499999999232
379.739999999896 0.85799999999922
380.489999999896 0.862499999999216
381.239999999895 0.860999999999217
381.989999999894 0.860999999999217
382.739999999894 0.89099999999919
383.489999999893 0.896999999999184
384.239999999892 0.899999999999181
384.989999999892 0.899999999999181
385.739999999891 0.898499999999183
386.48999999989 0.898499999999183
387.23999999989 0.883499999999196
387.989999999889 0.883499999999196
388.739999999888 0.914999999999168
389.489999999888 0.911999999999171
390.239999999887 0.911999999999171
390.989999999886 0.935999999999149
391.739999999885 0.935999999999149
392.489999999885 0.93449999999915
393.239999999884 0.929999999999154
393.989999999883 0.935999999999149
394.739999999883 0.935999999999149
395.489999999882 0.96749999999912
396.239999999881 0.922499999999161
396.989999999881 0.919499999999164
397.73999999988 0.913499999999169
398.489999999879 0.913499999999169
399.239999999879 0.899999999999181
399.989999999878 0.899999999999181
400.739999999877 0.926999999999157
401.489999999877 0.919499999999164
402.239999999876 0.905999999999176
402.989999999875 0.877499999999202
403.739999999875 0.853499999999224
404.489999999874 0.833999999999241
405.239999999873 0.833999999999241
405.989999999873 0.838499999999237
406.739999999872 0.838499999999237
407.489999999871 0.844499999999232
408.23999999987 0.817499999999256
408.98999999987 0.826499999999248
409.739999999869 0.80249999999927
410.489999999868 0.80249999999927
411.239999999868 0.814499999999259
411.989999999867 0.796499999999276
412.739999999866 0.797999999999274
413.489999999866 0.797999999999274
414.239999999865 0.797999999999274
414.989999999864 0.848999999999228
415.739999999864 0.848999999999228
416.489999999863 0.848999999999228
417.239999999862 0.874499999999205
417.989999999862 0.874499999999205
418.739999999861 0.881999999999198
419.48999999986 0.847499999999229
420.23999999986 0.847499999999229
420.989999999859 0.851999999999225
421.739999999858 0.851999999999225
422.489999999858 0.853499999999224
423.239999999857 0.853499999999224
423.989999999856 0.859499999999218
424.739999999855 0.859499999999218
425.489999999855 0.859499999999218
426.239999999854 0.877499999999202
426.989999999853 0.877499999999202
427.739999999853 0.899999999999181
428.489999999852 0.887999999999192
429.239999999851 0.93449999999915
429.989999999851 0.952499999999134
430.73999999985 0.944999999999141
431.489999999849 0.955499999999131
432.239999999849 0.955499999999131
432.989999999848 0.959999999999127
433.739999999847 0.917999999999165
434.489999999847 0.884999999999195
435.239999999846 0.884999999999195
435.989999999845 0.889499999999191
436.739999999845 0.880499999999199
437.489999999844 0.880499999999199
438.239999999843 0.880499999999199
438.989999999842 0.880499999999199
439.739999999842 0.883499999999196
440.489999999841 0.86849999999921
441.23999999984 0.847499999999229
441.98999999984 0.847499999999229
442.739999999839 0.874499999999205
443.489999999838 0.874499999999205
444.239999999838 0.889499999999191
444.989999999837 0.889499999999191
445.739999999836 0.874499999999205
446.489999999836 0.842999999999233
447.239999999835 0.838499999999237
447.989999999834 0.838499999999237
448.739999999834 0.7694999999993
449.489999999833 0.748499999999319
450.239999999832 0.748499999999319
450.989999999832 0.752999999999315
451.739999999831 0.748499999999319
452.48999999983 0.754499999999314
453.23999999983 0.754499999999314
453.989999999829 0.75899999999931
454.739999999828 0.772499999999297
455.489999999827 0.781499999999289
456.239999999827 0.763499999999306
456.989999999826 0.763499999999306
457.739999999825 0.760499999999308
458.489999999825 0.751499999999316
459.239999999824 0.748499999999319
459.989999999823 0.748499999999319
460.739999999823 0.754499999999314
461.489999999822 0.752999999999315
462.239999999821 0.730499999999336
462.989999999821 0.730499999999336
463.73999999982 0.730499999999336
464.489999999819 0.763499999999306
465.239999999819 0.752999999999315
465.989999999818 0.752999999999315
466.739999999817 0.767999999999301
467.489999999817 0.7694999999993
468.239999999816 0.770999999999299
468.989999999815 0.763499999999306
469.739999999815 0.763499999999306
470.489999999814 0.760499999999308
471.239999999813 0.767999999999301
471.989999999812 0.755999999999312
472.739999999812 0.755999999999312
473.489999999811 0.737999999999329
474.23999999981 0.733499999999333
474.98999999981 0.710999999999353
475.739999999809 0.710999999999353
476.489999999808 0.727499999999338
477.239999999808 0.727499999999338
477.989999999807 0.727499999999338
478.739999999806 0.742499999999325
479.489999999806 0.740999999999326
480.239999999805 0.737999999999329
480.989999999804 0.737999999999329
481.739999999804 0.767999999999301
482.489999999803 0.779999999999291
483.239999999802 0.794999999999277
483.989999999802 0.794999999999277
484.739999999801 0.787499999999284
485.4899999998 0.796499999999276
486.2399999998 0.775499999999295
486.989999999799 0.775499999999295
487.739999999798 0.806999999999266
488.489999999797 0.811499999999262
489.239999999797 0.820499999999254
489.989999999796 0.818999999999255
490.739999999795 0.80249999999927
491.489999999795 0.80249999999927
492.239999999794 0.80249999999927
492.989999999793 0.859499999999218
493.739999999793 0.859499999999218
494.489999999792 0.871499999999207
495.239999999791 0.880499999999199
495.989999999791 0.884999999999195
496.73999999979 0.884999999999195
497.489999999789 0.898499999999183
498.239999999789 0.887999999999192
498.989999999788 0.898499999999183
499.739999999787 0.898499999999183
500.489999999787 0.898499999999183
501.239999999786 0.86849999999921
501.989999999785 0.854999999999222
502.739999999785 0.854999999999222
503.489999999784 0.853499999999224
504.239999999783 0.814499999999259
504.989999999782 0.806999999999266
505.739999999782 0.808499999999265
506.489999999781 0.775499999999295
507.23999999978 0.775499999999295
507.98999999978 0.773999999999296
508.739999999779 0.773999999999296
509.489999999778 0.782999999999288
510.239999999778 0.787499999999284
510.989999999777 0.793499999999278
511.739999999776 0.740999999999326
512.489999999776 0.740999999999326
513.239999999775 0.745499999999325
513.989999999774 0.745499999999325
514.739999999774 0.760499999999311
515.489999999773 0.760499999999311
516.239999999772 0.775499999999298
516.989999999772 0.779999999999293
517.739999999771 0.787499999999287
518.48999999977 0.787499999999287
519.23999999977 0.787499999999287
519.989999999769 0.782999999999291
520.739999999768 0.785999999999288
521.489999999768 0.782999999999291
522.239999999767 0.782999999999291
522.989999999766 0.802499999999273
523.739999999765 0.79499999999928
524.489999999765 0.79499999999928
525.239999999764 0.821999999999255
525.989999999763 0.853499999999227
526.739999999763 0.87149999999921
527.489999999762 0.87149999999921
528.239999999761 0.905999999999179
528.989999999761 0.892499999999191
529.73999999976 0.890999999999192
530.489999999759 0.890999999999192
531.239999999759 0.910499999999175
531.989999999758 0.911999999999173
532.739999999757 0.908999999999173
533.489999999757 0.871499999999207
534.239999999756 0.871499999999207
534.989999999755 0.881999999999198
535.739999999755 0.869999999999209
536.489999999754 0.851999999999225
537.239999999753 0.851999999999225
537.989999999753 0.865499999999213
538.739999999752 0.851999999999225
539.489999999751 0.851999999999225
540.23999999975 0.89099999999919
540.98999999975 0.90149999999918
541.739999999749 0.902999999999179
542.489999999748 0.869999999999209
543.239999999748 0.869999999999209
543.989999999747 0.887999999999192
544.739999999746 0.860999999999217
545.489999999746 0.847499999999229
546.239999999745 0.847499999999229
546.989999999744 0.854999999999222
547.739999999744 0.830999999999244
548.489999999743 0.830999999999244
549.239999999742 0.827999999999247
549.989999999742 0.874499999999205
550.739999999741 0.85799999999922
551.48999999974 0.860999999999217
552.23999999974 0.860999999999217
552.989999999739 0.871499999999207
553.739999999738 0.875999999999203
554.489999999738 0.865499999999213
555.239999999737 0.865499999999213
555.989999999736 0.856499999999221
556.739999999735 0.86849999999921
557.489999999735 0.86849999999921
558.239999999734 0.874499999999205
558.989999999733 0.874499999999205
559.739999999733 0.854999999999222
560.489999999732 0.839999999999236
561.239999999731 0.847499999999229
561.989999999731 0.848999999999228
562.73999999973 0.848999999999228
563.489999999729 0.829499999999246
564.239999999729 0.826499999999248
564.989999999728 0.808499999999265
565.739999999727 0.808499999999265
566.489999999727 0.782999999999288
567.239999999726 0.782999999999288
567.989999999725 0.809999999999263
568.739999999725 0.82499999999925
569.489999999724 0.776999999999293
570.239999999723 0.784499999999287
570.989999999722 0.784499999999287
571.739999999722 0.784499999999287
572.489999999721 0.797999999999274
573.23999999972 0.797999999999274
573.98999999972 0.832499999999243
574.739999999719 0.832499999999243
575.489999999718 0.850499999999226
576.239999999718 0.844499999999232
576.989999999717 0.844499999999232
577.739999999716 0.833999999999241
578.489999999716 0.830999999999244
579.239999999715 0.826499999999248
579.989999999714 0.826499999999248
580.739999999714 0.860999999999217
581.489999999713 0.866999999999212
582.239999999712 0.871499999999207
582.989999999712 0.869999999999209
583.739999999711 0.869999999999209
584.48999999971 0.911999999999171
585.23999999971 0.914999999999168
585.989999999709 0.928499999999156
586.739999999708 0.928499999999156
587.489999999707 0.928499999999156
588.239999999707 0.916499999999166
588.989999999706 0.902999999999179
589.739999999705 0.902999999999179
590.489999999705 0.90149999999918
591.239999999704 0.908999999999173
591.989999999703 0.880499999999199
592.739999999703 0.880499999999199
593.489999999702 0.851999999999225
594.239999999701 0.851999999999225
594.989999999701 0.878999999999201
595.7399999997 0.874499999999205
596.489999999699 0.874499999999205
597.239999999699 0.859499999999218
597.989999999698 0.860999999999217
598.739999999697 0.845999999999231
599.489999999697 0.845999999999231
600.239999999696 0.815999999999258
600.989999999695 0.805499999999267
601.739999999695 0.805499999999267
602.489999999694 0.826499999999248
603.239999999693 0.836999999999239
603.989999999692 0.800999999999272
604.739999999692 0.800999999999272
605.489999999691 0.811499999999262
606.23999999969 0.806999999999266
606.98999999969 0.806999999999266
607.739999999689 0.787499999999284
608.489999999688 0.787499999999284
609.239999999688 0.803999999999269
609.989999999687 0.803999999999269
610.739999999686 0.826499999999248
611.489999999686 0.826499999999248
612.239999999685 0.833999999999241
612.989999999684 0.851999999999225
613.739999999684 0.793499999999278
614.489999999683 0.793499999999278
615.239999999682 0.800999999999272
615.989999999682 0.800999999999272
616.739999999681 0.794999999999277
617.48999999968 0.796499999999276
618.23999999968 0.796499999999276
618.989999999679 0.799499999999273
619.739999999678 0.812999999999261
620.489999999677 0.814499999999259
621.239999999677 0.814499999999259
621.989999999676 0.818999999999255
622.739999999675 0.794999999999277
623.489999999675 0.796499999999276
624.239999999674 0.796499999999276
624.989999999673 0.797999999999274
625.739999999673 0.797999999999274
626.489999999672 0.790499999999281
627.239999999671 0.844499999999232
627.989999999671 0.820499999999254
628.73999999967 0.839999999999236
629.489999999669 0.833999999999241
630.239999999669 0.833999999999241
630.989999999668 0.803999999999269
631.739999999667 0.79199999999928
632.489999999667 0.79199999999928
633.239999999666 0.79199999999928
633.989999999665 0.779999999999291
634.739999999665 0.794999999999277
635.489999999664 0.781499999999289
636.239999999663 0.781499999999289
636.989999999662 0.794999999999277
637.739999999662 0.794999999999277
638.489999999661 0.826499999999248
639.23999999966 0.839999999999236
639.98999999966 0.842999999999233
640.739999999659 0.838499999999237
641.489999999658 0.830999999999244
642.239999999658 0.830999999999244
642.989999999657 0.839999999999236
643.739999999656 0.829499999999246
644.489999999656 0.829499999999246
645.239999999655 0.859499999999218
645.989999999654 0.878999999999201
646.739999999654 0.815999999999258
647.489999999653 0.814499999999259
648.239999999652 0.814499999999259
648.989999999652 0.815999999999258
649.739999999651 0.806999999999266
650.48999999965 0.806999999999266
651.23999999965 0.806999999999266
651.989999999649 0.836999999999239
652.739999999648 0.842999999999233
653.489999999647 0.830999999999244
654.239999999647 0.830999999999244
654.989999999646 0.830999999999244
655.739999999645 0.838499999999237
656.489999999645 0.838499999999237
657.239999999644 0.86849999999921
657.989999999643 0.842999999999233
658.739999999643 0.842999999999233
659.489999999642 0.829499999999246
660.239999999641 0.836999999999239
660.989999999641 0.836999999999239
661.73999999964 0.851999999999225
662.489999999639 0.85799999999922
663.239999999639 0.859499999999218
663.989999999638 0.859499999999218
664.739999999637 0.845999999999231
665.489999999637 0.83549999999924
666.239999999636 0.838499999999237
666.989999999635 0.83549999999924
667.739999999635 0.83549999999924
668.489999999634 0.830999999999244
669.239999999633 0.839999999999236
669.989999999632 0.839999999999236
670.739999999632 0.865499999999213
671.489999999631 0.839999999999236
672.23999999963 0.836999999999239
672.98999999963 0.836999999999239
673.739999999629 0.847499999999229
674.489999999628 0.83549999999924
675.239999999628 0.839999999999236
675.989999999627 0.800999999999272
676.739999999626 0.800999999999272
677.489999999626 0.785999999999285
678.239999999625 0.784499999999287
678.989999999624 0.785999999999285
679.739999999624 0.778499999999292
680.489999999623 0.778499999999292
681.239999999622 0.784499999999287
681.989999999622 0.784499999999287
682.739999999621 0.79199999999928
683.48999999962 0.796499999999276
684.239999999619 0.776999999999293
684.989999999619 0.776999999999293
685.739999999618 0.800999999999272
686.489999999617 0.800999999999272
687.239999999617 0.800999999999272
687.989999999616 0.829499999999246
688.739999999615 0.829499999999246
689.489999999615 0.829499999999246
690.239999999614 0.829499999999246
690.989999999613 0.826499999999248
691.739999999613 0.812999999999261
692.489999999612 0.812999999999261
693.239999999611 0.80249999999927
693.989999999611 0.800999999999272
694.73999999961 0.800999999999272
695.489999999609 0.800999999999272
696.239999999609 0.826499999999248
696.989999999608 0.820499999999254
697.739999999607 0.829499999999246
698.489999999607 0.829499999999246
699.239999999606 0.859499999999218
699.989999999605 0.875999999999203
700.739999999604 0.875999999999203
701.489999999604 0.875999999999203
702.239999999603 0.905999999999176
702.989999999602 0.905999999999176
703.739999999602 0.938999999999146
704.489999999601 0.896999999999184
705.2399999996 0.896999999999184
705.9899999996 0.919499999999164
706.739999999599 0.89099999999919
707.489999999598 0.89099999999919
708.239999999598 0.875999999999203
708.989999999597 0.881999999999198
709.739999999596 0.848999999999228
710.489999999596 0.848999999999228
711.239999999595 0.869999999999209
711.989999999594 0.875999999999203
712.739999999594 0.881999999999198
713.489999999593 0.881999999999198
714.239999999592 0.898499999999183
714.989999999592 0.898499999999183
715.739999999591 0.902999999999179
716.48999999959 0.905999999999176
717.239999999589 0.905999999999176
717.989999999589 0.895499999999186
718.739999999588 0.862499999999216
719.489999999587 0.854999999999222
720.239999999587 0.854999999999222
720.989999999586 0.808499999999265
721.739999999585 0.788999999999282
722.489999999585 0.788999999999282
723.239999999584 0.778499999999292
723.989999999583 0.775499999999295
724.739999999583 0.776999999999293
725.489999999582 0.776999999999293
726.239999999581 0.773999999999296
726.989999999581 0.776999999999293
727.73999999958 0.776999999999293
728.489999999579 0.82499999999925
729.239999999579 0.854999999999222
729.989999999578 0.854999999999222
730.739999999577 0.850499999999226
731.489999999577 0.844499999999232
732.239999999576 0.844499999999232
732.989999999575 0.841499999999235
733.739999999574 0.851999999999225
734.489999999574 0.851999999999225
735.239999999573 0.841499999999235
735.989999999572 0.838499999999237
736.739999999572 0.832499999999243
737.489999999571 0.83549999999924
738.23999999957 0.83549999999924
738.98999999957 0.83549999999924
739.739999999569 0.89099999999919
740.489999999568 0.916499999999166
741.239999999568 0.917999999999165
741.989999999567 0.917999999999165
742.739999999566 0.917999999999165
743.489999999566 0.907499999999175
744.239999999565 0.911999999999171
744.989999999564 0.911999999999171
745.739999999564 0.898499999999183
746.489999999563 0.892499999999188
747.239999999562 0.892499999999188
747.989999999562 0.878999999999201
748.739999999561 0.869999999999209
749.48999999956 0.875999999999203
750.239999999559 0.856499999999221
750.989999999559 0.856499999999221
751.739999999558 0.875999999999203
752.489999999557 0.878999999999201
753.239999999557 0.878999999999201
753.989999999556 0.874499999999205
754.739999999555 0.854999999999222
755.489999999555 0.869999999999209
756.239999999554 0.869999999999209
756.989999999553 0.869999999999209
757.739999999553 0.874499999999205
758.489999999552 0.908999999999173
759.239999999551 0.86849999999921
759.989999999551 0.86849999999921
760.73999999955 0.874499999999205
761.489999999549 0.878999999999201
762.239999999549 0.874499999999205
762.989999999548 0.874499999999205
763.739999999547 0.884999999999195
764.489999999547 0.889499999999191
765.239999999546 0.902999999999179
765.989999999545 0.907499999999175
766.739999999544 0.907499999999175
767.489999999544 0.871499999999207
768.239999999543 0.845999999999231
768.989999999542 0.845999999999231
769.739999999542 0.853499999999224
770.489999999541 0.863999999999214
771.23999999954 0.851999999999225
771.98999999954 0.851999999999225
772.739999999539 0.851999999999225
773.489999999538 0.917999999999165
774.239999999538 0.952499999999134
774.989999999537 0.937499999999147
775.739999999536 0.937499999999147
776.489999999536 0.935999999999149
777.239999999535 0.856499999999221
777.989999999534 0.859499999999218
778.739999999534 0.859499999999218
779.489999999533 0.886499999999194
780.239999999532 0.878999999999201
780.989999999532 0.878999999999201
781.739999999531 0.899999999999181
782.48999999953 0.898499999999183
783.239999999529 0.895499999999186
783.989999999529 0.884999999999195
784.739999999528 0.865499999999213
785.489999999527 0.865499999999213
786.239999999527 0.878999999999201
786.989999999526 0.878999999999201
787.739999999525 0.90149999999918
788.489999999525 0.90149999999918
789.239999999524 0.895499999999186
789.989999999523 0.883499999999196
790.739999999523 0.878999999999201
791.489999999522 0.878999999999201
792.239999999521 0.805499999999267
792.989999999521 0.751499999999316
793.73999999952 0.742499999999325
794.489999999519 0.742499999999325
795.239999999519 0.748499999999319
795.989999999518 0.766499999999303
796.739999999517 0.760499999999308
797.489999999516 0.760499999999308
798.239999999516 0.755999999999312
798.989999999515 0.742499999999325
799.739999999514 0.739499999999327
