0 30.0004864626681
0.75 30.0118499593125
1.5 30.0218238882342
2.25 30.0304811956963
3 30.0379291968579
3.74999999999999 30.0443274056751
4.49999999999999 30.0496082998394
5.25 30.0538817117244
6.00000000000001 30.0572546180553
6.75000000000001 30.0598024222979
7.50000000000002 30.0615559590114
8.25000000000002 30.0626026088126
9 30.063039036787
9.74999999999998 30.0629566851122
10.5 30.0625428851232
11.25 30.0619254862897
11.9999999999999 30.0611451944445
12.7499999999999 30.0602150073316
13.4999999999999 30.0591704449653
14.2499999999999 30.0580290170777
14.9999999999999 30.056802198523
15.7499999999999 30.0589263143014
16.4999999999999 30.0673956866999
17.2499999999999 30.082434637205
17.9999999999999 30.1042412200698
18.75 30.132962498798
19.5 30.1685360123072
20.25 30.2108552714944
21 30.2597168153916
21.7500000000001 30.3148664736126
22.5000000000001 30.3760134626522
23.2500000000001 30.4428596722979
24.0000000000002 30.5150549861936
24.7500000000002 30.592232657245
25.5000000000002 30.6739892046814
26.2500000000002 30.7599527701657
27.0000000000003 30.8496321679067
27.7500000000003 30.9426012838311
28.5000000000003 31.038528403596
29.2500000000004 31.1370711682324
30.0000000000004 31.237886954024
30.7500000000004 31.3406197612469
31.5000000000004 31.444916057405
32.2500000000005 31.550405583546
33.0000000000005 31.6567400732057
33.7500000000005 31.7635761651436
34.5000000000005 31.8706476915655
35.2500000000006 31.977827494935
36.0000000000006 32.085049304287
36.7500000000006 32.1922718867172
37.5000000000007 32.2994167467996
38.2500000000007 32.4059316864946
39.0000000000007 32.5114666913443
39.7500000000007 32.6158449003884
40.5000000000008 32.7189006872749
41.2500000000008 32.8204923098139
42.0000000000008 32.9204972682534
42.7500000000009 33.0187919250936
43.5000000000009 33.1152760633617
44.2500000000009 33.2098852785139
45.0000000000009 33.3025587920816
45.750000000001 33.3932519260769
46.500000000001 33.4819349927457
47.250000000001 33.5685945572014
48.0000000000011 33.6532350818403
48.7500000000011 33.7358655484599
49.5000000000011 33.8165301446238
50.2500000000011 33.8952427330512
51.0000000000012 33.9720048801266
51.7500000000012 34.0468393711025
52.5000000000012 34.1198051843627
53.2500000000013 34.190937302961
54.0000000000013 34.2602951234299
54.7500000000013 34.3279650535797
55.5000000000013 34.3939423563486
56.2500000000014 34.4583378540767
57.0000000000014 34.5212485804503
57.7500000000014 34.5827283044807
58.5000000000015 34.6428288773414
59.2500000000015 34.7015761212228
60.0000000000015 34.7590075957273
60.7500000000015 34.8151954856353
61.5000000000016 34.8702271102669
62.2500000000016 34.9241040492957
63.0000000000016 34.9768512182209
63.7500000000017 35.0285328218595
64.5000000000017 35.0792251941758
65.2500000000017 35.1289798749251
66.0000000000017 35.1778444899991
66.7500000000018 35.2258626459378
67.5000000000018 35.2730708170826
68.2500000000018 35.3195165569991
69.0000000000018 35.3652716182668
69.7500000000019 35.4103311429941
70.5000000000019 35.4547167066946
71.2500000000019 35.498479183217
72.000000000002 35.5416323350636
72.750000000002 35.5841976550323
73.500000000002 35.6261893526775
74.250000000002 35.6676329478113
75.0000000000021 35.7085439135074
75.7500000000021 35.7489479136311
76.5000000000021 35.7888665134906
77.2500000000022 35.8282926454864
78.0000000000022 35.8672220936349
78.7500000000022 35.9056833191417
79.5000000000022 35.9436620462367
80.2500000000023 35.9812109264149
81.0000000000023 36.0183583978951
81.7500000000023 36.0550759554536
82.5000000000024 36.0913564598048
83.2500000000024 36.1271824404976
84.0000000000024 36.1624937597027
84.7500000000024 36.1972853773113
85.5000000000025 36.2315561173736
86.2500000000025 36.2652853251056
87.0000000000025 36.2984641159187
87.7500000000026 36.3310636263316
88.5000000000026 36.3630813985323
89.2500000000026 36.3944945043286
90.0000000000026 36.4252878166841
90.7500000000027 36.4554407657802
91.5000000000027 36.4849159849945
92.2500000000027 36.5136949412461
93.0000000000028 36.5417608190314
93.7500000000028 36.5691047405262
94.5000000000028 36.5957235882315
95.2500000000028 36.6216257515861
96.0000000000029 36.6467352659294
96.7500000000029 36.6709896154826
97.5000000000029 36.6943814158985
98.250000000003 36.7168868039641
99.000000000003 36.7384449166471
99.750000000003 36.7590046778551
100.500000000003 36.7785783777989
101.250000000003 36.797114752982
102.000000000003 36.8145356888522
102.750000000003 36.8308158649265
103.500000000003 36.8458813895581
104.250000000003 36.8597036083186
105.000000000003 36.8722458624767
105.750000000003 36.8834854159487
106.500000000003 36.8933598856966
107.250000000003 36.9017969248134
108.000000000003 36.9087637076146
108.750000000003 36.9141168018567
109.500000000003 36.9177615065725
110.250000000003 36.9197052232576
111.000000000003 36.9199569447123
111.750000000003 36.9185138340061
112.500000000003 36.9153880082641
113.250000000004 36.9102763824242
114.000000000004 36.905751410807
114.750000000004 36.8998311514287
115.500000000004 36.8940813641591
116.250000000004 36.8868599324008
117.000000000004 36.8781271405556
117.750000000004 36.8682919188659
118.500000000004 36.856200388045
119.250000000004 36.843967001221
120.000000000004 36.8310801241862
120.750000000004 36.8179156845068
121.500000000004 36.8059561506422
122.250000000004 36.7904814472257
123.000000000004 36.7740314271788
123.750000000004 36.7565277569846
124.500000000004 36.7371618465975
125.250000000004 36.7159410676088
126.000000000004 36.691588703815
126.750000000004 36.6675032768938
127.500000000004 36.6435255035446
128.250000000004 36.6169104712017
129.000000000004 36.5888021935134
129.750000000004 36.5602608555218
130.500000000004 36.5330189216798
131.250000000004 36.5043884118201
132.000000000004 36.4732786835811
132.750000000004 36.44097547759
133.500000000004 36.4083355442662
134.250000000004 36.3729945732177
135.000000000004 36.3375032886541
135.750000000004 36.3018659430224
136.500000000004 36.2639294840365
137.250000000004 36.2239364207046
138.000000000004 36.180512657209
138.750000000004 36.1357417372672
139.500000000005 36.0913672995633
140.250000000005 36.0458416181934
141.000000000005 35.9985374482297
141.750000000005 35.9498055329831
142.500000000005 35.9002347692224
143.250000000005 35.8491019473838
144.000000000005 35.7974496934352
144.750000000005 35.7421756732531
145.500000000005 35.6878618316902
146.250000000005 35.6343320909951
147.000000000005 35.5790130805591
147.750000000005 35.5224279888998
148.500000000005 35.4638672552815
149.250000000005 35.4023218788739
150.000000000005 35.3393170356552
150.750000000005 35.2806665158551
151.500000000005 35.2228275579363
152.250000000005 35.1609507270098
153.000000000005 35.0966339824363
153.750000000005 35.0316620878027
154.500000000005 34.9634618119523
155.250000000005 34.8935032437759
156.000000000005 34.8222809252378
156.750000000005 34.7512095067638
157.500000000005 34.677852617586
158.250000000005 34.6042292727185
159.000000000005 34.5294113494055
159.750000000005 34.4530615123594
160.500000000005 34.3795657852531
161.250000000005 34.3065083136971
162.000000000005 34.2350189479682
162.750000000005 34.1621868733007
163.500000000005 34.0889654544407
164.250000000005 34.0160022980199
165.000000000005 33.9450517588955
165.750000000006 33.8758205406244
166.500000000006 33.8068458961467
167.250000000006 33.7401372433809
168.000000000006 33.6765214208607
168.750000000006 33.6177417132519
169.500000000006 33.5625818369679
170.250000000006 33.5111879618613
171.000000000006 33.4645283123627
171.750000000006 33.4220446826316
172.500000000006 33.3819944827495
173.250000000006 33.3460943090834
174.000000000006 33.3152849526078
174.750000000006 33.2879272895806
175.500000000006 33.2622999059994
176.250000000006 33.2413321241975
177.000000000006 33.2272764243238
177.750000000006 33.2172965064657
178.500000000006 33.2126246011915
179.250000000006 33.2147019896225
180.000000000006 33.2248449518443
180.750000000006 33.2438121746903
181.500000000006 33.2718442457715
182.250000000006 33.3087097860628
183.000000000006 33.3537200899666
183.750000000006 33.4059324827787
184.500000000006 33.46420500094
185.250000000006 33.5273538654212
186.000000000006 33.5942655980845
186.750000000006 33.6638790924548
187.500000000006 33.7353818513445
188.250000000006 33.8080554975478
189.000000000006 33.881330420676
189.750000000006 33.9547906554813
190.500000000006 34.0278043463574
191.250000000006 34.0997509399054
192.000000000007 34.1701993082551
192.750000000007 34.238735188204
193.500000000007 34.3051542144344
194.250000000007 34.3693245039561
195.000000000007 34.4308627058385
195.750000000007 34.4896494030389
196.500000000007 34.5455224022244
197.250000000007 34.5983362882119
198.000000000007 34.6479872492578
198.750000000007 34.6945276361605
199.500000000007 34.7379817378372
200.250000000007 34.7783752362469
201.000000000007 34.8157394399916
201.750000000007 34.8501837068971
202.500000000007 34.8817662335405
203.250000000007 34.9105865169463
204.000000000007 34.9367988801088
204.750000000007 34.9605804426656
205.500000000007 34.9820012277949
206.250000000007 35.0012639408328
207.000000000007 35.0183361126895
207.750000000007 35.0334242785525
208.500000000007 35.0466471426763
209.250000000007 35.0581357371036
210.000000000007 35.0680005175302
210.750000000007 35.0763081983639
211.500000000007 35.0830550284829
212.250000000007 35.0884066026077
213.000000000007 35.0924310480164
213.750000000007 35.0951873665088
214.500000000007 35.0968650375113
215.250000000007 35.0975479936126
216.000000000007 35.0973041369356
216.750000000007 35.0962472982798
217.500000000007 35.0946360820133
218.250000000008 35.092712278588
219.000000000008 35.0904550821073
219.750000000008 35.0879784547903
220.500000000008 35.0853516083164
221.250000000008 35.0825635639228
222.000000000008 35.079655101852
222.750000000008 35.0766549044227
223.500000000008 35.0735928970165
224.250000000008 35.0704929033815
225.000000000008 35.067359676511
225.750000000008 35.0641983802018
226.500000000008 35.0610117155399
227.250000000008 35.0578014930653
228.000000000008 35.0545702127197
228.750000000008 35.0513168384368
229.500000000008 35.0480373338849
230.250000000008 35.0447276728152
231.000000000008 35.0413926986228
231.750000000008 35.0380343135187
232.500000000008 35.0346513380045
233.250000000008 35.0312504476403
234.000000000008 35.0278385808917
234.750000000008 35.0244217346841
235.500000000008 35.0210020460145
236.250000000008 35.0175807782971
237.000000000008 35.0141597471484
237.750000000008 35.0107423959061
238.500000000008 35.0073294499963
239.250000000008 35.0039222882342
240.000000000008 35.0005267106667
240.750000000008 34.9971432918327
241.500000000008 34.9937717457633
242.250000000008 34.9904114824669
243.000000000008 34.987062482724
243.750000000008 34.9837320886213
244.500000000008 34.9804218430332
245.250000000009 34.9771332676683
246.000000000009 34.9738679691783
246.750000000009 34.9706253274545
247.500000000009 34.9674025451073
248.250000000009 34.9641957011661
249.000000000009 34.9610081651579
249.750000000009 34.9578448339424
250.500000000009 34.9547044401239
251.250000000009 34.9515881337235
252.000000000009 34.9484996094198
252.750000000009 34.9454413401774
253.500000000009 34.942415664472
254.250000000009 34.939424238124
255.000000000009 34.9364718078621
255.750000000009 34.9335617111288
256.500000000008 34.9307127272129
257.250000000008 34.927942665904
258.000000000007 34.9252538512025
258.750000000006 34.9226571175239
259.500000000006 34.9201602617118
260.250000000005 34.9177974575429
261.000000000004 34.9155884032151
261.750000000004 34.9135334756796
262.500000000003 34.9116553278646
263.250000000002 34.9099275487307
264.000000000002 34.9083251270411
264.750000000001 34.9068569410006
265.5 34.9054752445611
266.25 34.9041364777912
266.999999999999 34.9028363154979
267.749999999998 34.9015741704789
268.499999999998 34.9003497245375
269.249999999997 34.8991623619148
269.999999999996 34.8980114728615
270.749999999996 34.8968966686343
271.499999999995 34.895817660423
272.249999999994 34.8947741417971
272.999999999993 34.8937658071383
273.749999999993 34.8927925546964
274.499999999992 34.8918566347325
275.249999999991 34.8909582461834
275.999999999991 34.8900973816637
276.74999999999 34.8892743800515
277.499999999989 34.8884928014603
278.249999999989 34.8877535634018
278.999999999988 34.8870532712642
279.749999999987 34.8864313309381
280.499999999987 34.8859750846894
281.249999999986 34.8855969664862
281.999999999985 34.8852725813536
282.749999999985 34.8849966920902
283.499999999984 34.884765565988
284.249999999983 34.8845796389522
284.999999999983 34.8844299948525
285.749999999982 34.8843123898972
286.499999999981 34.8842255027566
287.249999999981 34.8841683167857
287.99999999998 34.8841397514961
288.749999999979 34.8841387397566
289.499999999978 34.8841649332479
290.249999999978 34.8842190459727
290.999999999977 34.8843012301713
291.749999999976 34.8844107984821
292.499999999976 34.8845474470643
293.249999999975 34.8847090229763
293.999999999974 34.8848955829967
294.749999999974 34.885107314258
295.499999999973 34.8853438455055
296.249999999972 34.8856049199118
296.999999999972 34.8858904932966
297.749999999971 34.8862002738322
298.49999999997 34.8865340073292
299.24999999997 34.8868913042709
299.999999999969 34.8872723156014
300.749999999968 34.8876770247823
301.499999999968 34.8881050821057
302.249999999967 34.8885560871676
302.999999999966 34.8890296241185
303.749999999965 34.8895252665091
304.499999999965 34.890042584569
305.249999999964 34.8905811432813
305.999999999963 34.891140506882
306.749999999963 34.891720009611
307.499999999962 34.8923184908834
308.249999999961 34.8929351769916
308.999999999961 34.8935694753106
309.74999999996 34.8942208562364
310.499999999959 34.8948888669542
311.249999999959 34.8955730171456
311.999999999958 34.8962728727556
312.749999999957 34.8969880512322
313.499999999957 34.8977181713175
314.249999999956 34.8984626622172
314.999999999955 34.8992211729387
315.749999999955 34.8999937518611
316.499999999954 34.9007800272564
317.249999999953 34.9015796413691
317.999999999953 34.9023922786615
318.749999999952 34.9032175108429
319.499999999951 34.9040548669154
320.24999999995 34.9049039560894
320.99999999995 34.9057644329274
321.749999999949 34.9066359686787
322.499999999948 34.9075181480681
323.249999999948 34.9084105079563
323.999999999947 34.9093128080426
324.749999999946 34.9102243600951
325.499999999946 34.9111447514855
326.249999999945 34.9120736314665
326.999999999944 34.9130112344285
327.749999999944 34.9139584485055
328.499999999943 34.9149147276759
329.249999999942 34.915879558887
329.999999999942 34.9168524850632
330.749999999941 34.9178329241445
331.49999999994 34.9188204535771
332.24999999994 34.9198142296766
332.999999999939 34.920813671772
333.749999999938 34.9218183469782
334.499999999938 34.9228276707745
335.249999999937 34.92384150064
335.999999999936 34.9248592726947
336.749999999935 34.9258801716621
337.499999999935 34.9269037953222
338.249999999934 34.9279296935797
338.999999999933 34.9289577332377
339.749999999933 34.92998807449
340.499999999932 34.9310205189638
341.249999999931 34.9320543367194
341.999999999931 34.9330885265649
342.74999999993 34.9341223937693
343.499999999929 34.9351555396291
344.249999999929 34.9361877040208
344.999999999928 34.9372175906831
345.749999999927 34.938245756932
346.499999999927 34.9392716965315
347.249999999926 34.9402951322092
347.999999999925 34.9413156987604
348.749999999925 34.9423328980066
349.499999999924 34.943346468871
350.249999999923 34.9443561031535
350.999999999923 34.9453613988593
351.749999999922 34.9463620858892
352.499999999921 34.9473582978909
353.24999999992 34.948349536346
353.99999999992 34.9493352259264
354.749999999919 34.9503148984701
355.499999999918 34.9512885067807
356.249999999918 34.95225640814
356.999999999917 34.9532192228355
357.749999999916 34.9541756099837
358.499999999916 34.9551253547555
359.249999999915 34.9560682455132
359.999999999914 34.9570055156264
360.749999999914 34.9579370839356
361.499999999913 34.9588624275842
362.249999999912 34.9597812078524
362.999999999912 34.960693140412
363.749999999911 34.9615978138292
364.49999999991 34.9624946066954
365.24999999991 34.9633827008319
365.999999999909 34.9642617696571
366.749999999908 34.9651315531677
367.499999999908 34.9659918089062
368.249999999907 34.9668423055874
368.999999999906 34.9676828206887
369.749999999905 34.9685131392659
370.499999999905 34.9693330532875
371.249999999904 34.9701423612246
371.999999999903 34.9709408677847
372.749999999903 34.9717283837304
373.499999999902 34.9725047257531
374.249999999901 34.9732698051689
374.999999999901 34.9740236638
375.7499999999 34.9747662245565
376.499999999899 34.9754973908543
377.249999999899 34.9762170642203
377.999999999898 34.9769250984506
378.749999999897 34.9776213675753
379.499999999897 34.9783058331618
380.249999999896 34.9789784245762
380.999999999895 34.9796390140816
381.749999999895 34.9802874786768
382.499999999894 34.9809237036567
383.249999999893 34.9815475728853
383.999999999893 34.9821589774028
384.749999999892 34.9827578171827
385.499999999891 34.9833439908937
386.24999999989 34.9839174392288
386.99999999989 34.9844781378513
387.749999999889 34.9850260447079
388.499999999888 34.985561094534
389.249999999888 34.9860832153381
389.999999999887 34.9865923389902
390.749999999886 34.9870884018369
391.499999999886 34.9875713564263
392.249999999885 34.9880411908268
392.999999999884 34.9884978692793
393.749999999884 34.9889413553344
394.499999999883 34.9893716351427
395.249999999882 34.9897887008576
395.999999999882 34.990192584816
396.749999999881 34.9905833052967
397.49999999988 34.9909608399998
398.24999999988 34.991325176664
398.999999999879 34.9916762987127
399.749999999878 34.9920142017207
400.499999999878 34.9923388775348
401.249999999877 34.9926503303382
401.999999999876 34.9929485607031
402.749999999875 34.9932335815246
403.499999999875 34.9935054021204
404.249999999874 34.9937640440538
404.999999999873 34.9940095253218
405.749999999873 34.9942412046773
406.499999999872 34.9944577199787
407.249999999871 34.9946588849153
407.999999999871 34.9948447128876
408.74999999987 34.995015249255
409.499999999869 34.995170558998
410.249999999869 34.9953107162957
410.999999999868 34.9954358066267
411.749999999867 34.995545920645
412.499999999867 34.9956411580578
413.249999999866 34.9957216223323
413.999999999865 34.9957874250299
414.749999999865 34.9958386807752
415.499999999864 34.9958755117429
416.249999999863 34.9958980427418
416.999999999862 34.9959064057514
417.749999999862 34.9959008146562
418.499999999861 34.9958827498272
419.24999999986 34.9958527688101
419.99999999986 34.9958109440315
420.749999999859 34.9957573149725
421.499999999858 34.9956919996274
422.249999999858 34.9956150779352
422.999999999857 34.9955266582225
423.749999999856 34.9954270317469
424.499999999856 34.9953164483555
425.249999999855 34.9951950199303
425.999999999854 34.9950628867806
426.749999999854 34.9949201963537
427.499999999853 34.9947670393588
428.249999999852 34.9946035626801
428.999999999852 34.9944298796492
429.749999999851 34.9942461656678
430.49999999985 34.9940525585212
431.24999999985 34.9938492175512
431.999999999849 34.9936362708891
432.749999999848 34.9934138890923
433.499999999847 34.9931822069107
434.249999999847 34.9929413541375
434.999999999846 34.9926914826445
435.749999999845 34.9924327529213
436.499999999845 34.9921652489489
437.249999999844 34.9918868166679
437.999999999843 34.9915979881435
438.749999999843 34.9912990766052
439.499999999842 34.9909900242716
440.249999999841 34.990670960262
440.999999999841 34.9903421203385
441.74999999984 34.9900037329586
442.499999999839 34.9896560222118
443.249999999839 34.9892987501861
443.999999999838 34.9889324459176
444.749999999837 34.9885575869051
445.499999999837 34.9881742902883
446.249999999836 34.9877829753695
446.999999999835 34.9873840673621
447.749999999835 34.9869774447868
448.499999999834 34.9865638077148
449.249999999833 34.9861434238854
449.999999999832 34.9857164161158
450.749999999832 34.9852820271121
451.499999999831 34.9848411082422
452.24999999983 34.9843938575685
452.99999999983 34.9839396372837
453.749999999829 34.9834796126538
454.499999999828 34.9830136586749
455.249999999828 34.9825418353267
455.999999999827 34.9820639254124
456.749999999826 34.9815813619873
457.499999999826 34.9810939387547
458.249999999825 34.9806022710711
458.999999999824 34.9801064967077
459.749999999824 34.9796071266772
460.499999999823 34.9791047610501
461.249999999822 34.9785998287095
461.999999999822 34.9780923520434
462.749999999821 34.9775822458977
463.49999999982 34.9770692138166
464.24999999982 34.9765538779668
464.999999999819 34.9760368635153
465.749999999818 34.9755186702336
466.499999999817 34.9749996151176
467.249999999817 34.9744799158029
467.999999999816 34.9739600233726
468.749999999815 34.973440181089
469.499999999815 34.9729201543747
470.249999999814 34.9724004450807
470.999999999813 34.9718816021479
471.749999999813 34.9713636148576
472.499999999812 34.9708467334879
473.249999999811 34.9703310706604
473.999999999811 34.969816462243
474.74999999981 34.9693033071979
475.499999999809 34.9687917491165
476.249999999809 34.9682816747921
476.999999999808 34.9677735303879
477.749999999807 34.9672678708229
478.499999999807 34.9667639480185
479.249999999806 34.966261667243
479.999999999805 34.9657611069575
480.749999999805 34.9652623803358
481.499999999804 34.9647656073382
482.249999999803 34.9642709046676
482.999999999802 34.9637783847682
483.749999999802 34.9632881637193
484.499999999801 34.9628003531895
485.2499999998 34.9623150600834
485.9999999998 34.9618323957389
486.749999999799 34.961352466595
487.499999999798 34.9608753739772
488.249999999798 34.9604013820315
488.999999999797 34.9599307518888
489.749999999796 34.9594636229352
490.499999999796 34.9590011369107
491.249999999795 34.9585434846549
491.999999999794 34.9580908854823
492.749999999794 34.957643682156
493.499999999793 34.9572019876576
494.249999999792 34.9567659393701
494.999999999792 34.9563356328044
495.749999999791 34.9559111669789
496.49999999979 34.9554925659793
497.24999999979 34.9550805360848
497.999999999789 34.9546752450079
498.749999999788 34.9542768990013
499.499999999787 34.9538854508169
500.249999999787 34.9535009144576
500.999999999786 34.953122822383
501.749999999785 34.9527515577499
502.499999999785 34.9523877893069
503.249999999784 34.9520314570092
503.999999999783 34.9516825977127
504.749999999783 34.9513412540693
505.499999999782 34.9510074620938
506.249999999781 34.950681176364
506.999999999781 34.950362127647
507.74999999978 34.9500502359322
508.499999999779 34.949745614526
509.249999999779 34.9494486867857
509.999999999778 34.9491595022314
510.749999999777 34.94887804418
511.499999999777 34.9486042601981
512.249999999776 34.9483377155002
512.999999999775 34.9480781745704
513.749999999775 34.94782565352
514.499999999774 34.9475800920496
515.249999999773 34.9473415299553
515.999999999773 34.9471106226064
516.749999999772 34.946887263318
517.499999999771 34.9466707597213
518.24999999977 34.9464611608325
518.99999999977 34.946258490752
519.749999999769 34.9460627628849
520.499999999768 34.9458739841937
521.249999999768 34.9456921568879
521.999999999767 34.9455172792683
522.749999999766 34.945349346215
523.499999999766 34.945188349501
524.249999999765 34.9450342780088
524.999999999764 34.9448871178913
525.749999999764 34.9447468526956
526.499999999763 34.9446134634642
527.249999999762 34.9444869288195
527.999999999762 34.9443672250372
528.749999999761 34.9442543261115
529.49999999976 34.9441482038138
530.24999999976 34.9440488277477
530.999999999759 34.9439561653996
531.749999999758 34.9438701821871
532.499999999758 34.9437908415053
533.249999999757 34.9437181047715
533.999999999756 34.943651931468
534.749999999755 34.9435923746255
535.499999999755 34.9435395709058
536.249999999754 34.9434930554244
536.999999999753 34.9434527638293
537.749999999753 34.9434187241798
538.499999999752 34.943390796011
539.249999999751 34.9433690910855
539.999999999751 34.943353672131
540.74999999975 34.9433442823574
541.499999999749 34.9433407399086
542.249999999749 34.9433431976505
542.999999999748 34.9433511568548
543.749999999747 34.9433649017993
544.499999999747 34.9433841633931
545.249999999746 34.943409235351
545.999999999745 34.943439708519
546.749999999745 34.9434749636987
547.499999999744 34.9435149760437
548.249999999743 34.943559700947
548.999999999742 34.9436090884591
549.749999999742 34.9436630875071
550.499999999741 34.9437216432223
551.24999999974 34.9437847091352
551.99999999974 34.9438527104459
552.749999999739 34.9439258183789
553.499999999738 34.9440037346007
554.249999999738 34.9440861921424
554.999999999737 34.9441732094952
555.749999999736 34.9442646917395
556.499999999736 34.9443605858076
557.249999999735 34.9444608270473
557.999999999734 34.944565390285
558.749999999734 34.9446742848246
559.499999999733 34.9447874762634
560.249999999732 34.9449067735761
560.999999999732 34.9450319502381
561.749999999731 34.945162644089
562.49999999973 34.9452989569784
563.24999999973 34.9454393810658
563.999999999729 34.9455843299051
564.749999999728 34.9457331902613
565.499999999727 34.9458867944971
566.249999999727 34.9460439691594
566.999999999726 34.946204830028
567.749999999725 34.9463698697517
568.499999999725 34.9465386834454
569.249999999724 34.9467115082456
569.999999999723 34.946887830168
570.749999999723 34.9470675857263
571.499999999722 34.9472507798728
572.249999999721 34.9474374206677
572.999999999721 34.9476272328974
573.74999999972 34.9478200196636
574.499999999719 34.9480156442962
575.249999999719 34.9482141355752
575.999999999718 34.9484151783722
576.749999999717 34.9486186501141
577.499999999717 34.9488243623115
578.249999999716 34.9490324403795
578.999999999715 34.9492427806896
579.749999999715 34.9494550355674
580.499999999714 34.9496691735118
581.249999999713 34.9498851192782
581.999999999712 34.9501028697541
582.749999999712 34.9503224139081
583.499999999711 34.9505434917632
584.24999999971 34.9507661564217
584.99999999971 34.9509902616722
585.749999999709 34.9512157862019
586.499999999708 34.951442544586
587.249999999708 34.951670395731
587.999999999707 34.9518993469139
588.749999999706 34.9521292558562
589.499999999706 34.9523600091424
590.249999999705 34.95259171544
590.999999999704 34.952824200896
591.749999999704 34.9530572342322
592.499999999703 34.9532906169391
593.249999999702 34.9535242954135
593.999999999702 34.9537582067655
594.749999999701 34.9539921759766
595.4999999997 34.9542260967465
596.2499999997 34.9544599356717
596.999999999699 34.9546935111615
597.749999999698 34.9549267149121
598.499999999697 34.9551594642445
599.249999999697 34.9553918086254
599.999999999696 34.9556235184841
600.749999999695 34.9558544075789
601.499999999695 34.9560846168421
602.249999999694 34.9563140523846
602.999999999693 34.9565426631175
603.749999999693 34.9567705022187
604.499999999692 34.9569975821754
605.249999999691 34.95722366721
605.999999999691 34.9574485903097
606.74999999969 34.9576722011706
607.499999999689 34.9578944169852
608.249999999689 34.9581152404976
608.999999999688 34.9583348109337
609.749999999687 34.9585529791158
610.499999999687 34.9587698375247
611.249999999686 34.9589850952007
611.999999999685 34.9591986109938
612.749999999685 34.9594104057519
613.499999999684 34.9596204271031
614.249999999683 34.9598286868567
614.999999999682 34.960035135682
615.749999999682 34.9602397109564
616.499999999681 34.9604426128285
617.24999999968 34.9606437437175
617.99999999968 34.9608430271859
618.749999999679 34.9610403239341
619.499999999678 34.9612360424895
620.249999999678 34.9614305313583
620.999999999677 34.9616228434951
621.749999999676 34.9618127838616
622.499999999676 34.9620004572347
623.249999999675 34.9621859361584
623.999999999674 34.962369160289
624.749999999674 34.9625507560384
625.499999999673 34.9627309940628
626.249999999672 34.9629094557499
626.999999999672 34.9630851512862
627.749999999671 34.9632586478447
628.49999999967 34.9634296861577
629.24999999967 34.963598268115
629.999999999669 34.9637642639938
630.749999999668 34.9639279265693
631.499999999667 34.964088913753
632.249999999667 34.9642473083193
632.999999999666 34.964403441762
633.749999999665 34.9645564924322
634.499999999665 34.9647066683845
635.249999999664 34.9648535466996
635.999999999663 34.9649972628201
636.749999999663 34.9651385833365
637.499999999662 34.9652769252563
638.249999999661 34.9654115288244
638.999999999661 34.9655428470201
639.74999999966 34.9656712852973
640.499999999659 34.9657962134201
641.249999999659 34.9659175224459
641.999999999658 34.966035227344
642.749999999657 34.9661492726631
643.499999999657 34.9662596897535
644.249999999656 34.9663664892807
644.999999999655 34.9664696558924
645.749999999655 34.9665691927017
646.499999999654 34.966665112282
647.249999999653 34.9667574478645
647.999999999652 34.9668461877493
648.749999999652 34.9669313323244
649.499999999651 34.9670128870922
650.24999999965 34.9670908875575
650.99999999965 34.9671653494769
651.749999999649 34.9672362642394
652.499999999648 34.9673036427257
653.249999999648 34.9673681015625
653.999999999647 34.967429274001
654.749999999646 34.9674871922701
655.499999999646 34.9675423840853
656.249999999645 34.967594166873
656.999999999644 34.9676433135704
657.749999999644 34.9676890177393
658.499999999643 34.9677321778408
659.249999999642 34.9677717801505
659.999999999642 34.967808730815
660.749999999641 34.9678422007622
661.49999999964 34.9678729959712
662.249999999639 34.9679011465108
662.999999999639 34.9679265084778
663.749999999638 34.9679489194182
664.499999999637 34.9679687043454
665.249999999637 34.9679858142339
665.999999999636 34.9680001880692
666.749999999635 34.9680117202426
667.499999999635 34.9680202196566
668.249999999634 34.9680261996051
668.999999999633 34.9680291490261
669.749999999633 34.9680290342126
670.499999999632 34.9680259850723
671.249999999631 34.9680203101821
671.999999999631 34.9680119125946
672.74999999963 34.9680010034975
673.499999999629 34.9679872501022
674.249999999629 34.9679718169345
674.999999999628 34.9679537587852
675.749999999627 34.967933060364
676.499999999627 34.9679099890651
677.249999999626 34.9678849392655
677.999999999625 34.9678572732261
678.749999999624 34.9678274706706
679.499999999624 34.9677959090284
680.249999999623 34.9677630251293
680.999999999622 34.9677277555786
681.749999999622 34.9676898711558
682.499999999621 34.9676495983278
683.24999999962 34.9676066703137
683.99999999962 34.9675617690287
684.749999999619 34.9675149255214
685.499999999618 34.9674661660304
686.249999999618 34.9674153817747
686.999999999617 34.9673626025984
687.749999999616 34.9673076267971
688.499999999616 34.9672506426237
689.249999999615 34.9671918259675
689.999999999614 34.9671310049089
690.749999999614 34.9670689484105
691.499999999613 34.9670045524843
692.249999999612 34.9669385870981
692.999999999612 34.9668712889062
693.749999999611 34.9668024490243
694.49999999961 34.9667320018132
695.249999999609 34.9666600433981
695.999999999609 34.9665866927431
696.749999999608 34.9665120802957
697.499999999607 34.9664358229364
698.249999999607 34.9663583085137
698.999999999606 34.9662796500792
699.749999999605 34.9661999208999
700.499999999605 34.9661190386183
701.249999999604 34.9660371270945
701.999999999603 34.9659540783158
702.749999999603 34.965869991993
703.499999999602 34.9657844010075
704.249999999601 34.965697627719
704.999999999601 34.9656097915206
705.7499999996 34.9655208190914
706.499999999599 34.9654307322951
707.249999999599 34.9653396618149
707.999999999598 34.9652475177655
708.749999999597 34.965154423324
709.499999999597 34.9650604761751
710.249999999596 34.9649657383916
710.999999999595 34.9648702487665
711.749999999594 34.9647740097846
712.499999999594 34.9646770123315
713.249999999593 34.9645793066703
713.999999999592 34.9644810539001
714.749999999592 34.9643821933393
715.499999999591 34.9642828242579
716.24999999959 34.9641830180478
716.99999999959 34.9640828835555
717.749999999589 34.9639824534034
718.499999999588 34.9638817620141
719.249999999588 34.9637809033572
719.999999999587 34.9636798089018
720.749999999586 34.9635786076356
721.499999999586 34.9634773239732
722.249999999585 34.9633760594713
722.999999999584 34.9632747840755
723.749999999584 34.9631735744156
724.499999999583 34.9630725043701
725.249999999582 34.9629716273288
725.999999999582 34.9628709634146
726.749999999581 34.9627705337861
727.49999999958 34.9626703757246
728.249999999579 34.9625705246946
728.999999999579 34.9624709743904
729.749999999578 34.9623717307524
730.499999999577 34.962272914952
731.249999999577 34.9621745534959
731.999999999576 34.9620765106481
732.749999999575 34.9619789020512
733.499999999575 34.9618818585264
734.249999999574 34.9617852755185
734.999999999573 34.9616892438727
735.749999999573 34.9615937280539
736.499999999572 34.9614987624119
737.249999999571 34.9614044107218
737.999999999571 34.9613106947464
738.74999999957 34.9612176089086
739.499999999569 34.9611251762929
740.249999999569 34.9610333620127
740.999999999568 34.9609422397678
741.749999999567 34.960852054882
742.499999999567 34.9607627351514
743.249999999566 34.9606741838433
743.999999999565 34.9605866348949
744.749999999564 34.9605001092235
745.499999999564 34.9604145940242
746.249999999563 34.9603301124744
746.999999999562 34.9602463440682
747.749999999562 34.9601636104463
748.499999999561 34.9600818047571
749.24999999956 34.9600011197287
749.99999999956 34.9599215275613
750.749999999559 34.9598429963004
751.499999999558 34.959765549715
752.249999999558 34.9596893097451
752.999999999557 34.9596142029442
753.749999999556 34.9595401093116
754.499999999556 34.9594671476413
755.249999999555 34.9593955058239
755.999999999554 34.9593249369255
756.749999999554 34.9592556336776
757.499999999553 34.9591874186728
758.249999999552 34.9591204468451
758.999999999552 34.959054659944
759.749999999551 34.9589901850132
760.49999999955 34.9589270234588
761.249999999549 34.9588651285512
761.999999999549 34.9588044784362
762.749999999548 34.958745068027
763.499999999547 34.9586870141747
764.249999999547 34.9586302112138
764.999999999546 34.9585746857002
765.749999999545 34.9585206135395
766.499999999545 34.9584679557597
767.249999999544 34.9584163824285
767.999999999543 34.9583662555657
768.749999999543 34.9583176286886
769.499999999542 34.9582704758761
770.249999999541 34.9582247521917
770.999999999541 34.9581804500591
771.74999999954 34.9581375631864
772.499999999539 34.9580960315945
773.249999999539 34.9580559279233
773.999999999538 34.9580171841495
774.749999999537 34.957979807723
775.499999999536 34.9579438062341
776.249999999536 34.9579091825082
776.999999999535 34.9578759263611
777.749999999534 34.957844036434
778.499999999534 34.9578135233375
779.249999999533 34.9577843739051
779.999999999532 34.9577565841712
780.749999999532 34.9577301683729
781.499999999531 34.957705122029
782.24999999953 34.9576814168563
782.99999999953 34.957659071693
783.749999999529 34.9576380475669
784.499999999528 34.9576180962919
785.249999999528 34.9575995372553
785.999999999527 34.957582340367
786.749999999526 34.9575663069753
787.499999999526 34.9575516164672
788.249999999525 34.9575380863801
788.999999999524 34.9575257838365
789.749999999524 34.9575146782216
790.499999999523 34.9575048394447
791.249999999522 34.9574963134207
791.999999999521 34.9574891391334
792.749999999521 34.9574832885391
793.49999999952 34.9574787034501
794.249999999519 34.9574750988278
794.999999999519 34.9574727208146
795.749999999518 34.9574715727646
796.499999999517 34.9574716779598
797.249999999517 34.9574729074148
797.999999999516 34.9574752923781
798.749999999515 34.9574787463222
799.499999999515 34.9574833411012
