0 -1
0.75 -1
1.5 -1
2.25 -1
3 -1
3.74999999999999 -1
4.49999999999999 -1
5.25 -1
6.00000000000001 -1
6.75000000000001 -1
7.50000000000002 -1
8.25000000000002 -1
9 -1
9.74999999999998 -1
10.5 -1
11.25 -1
11.9999999999999 -1
12.7499999999999 -1
13.4999999999999 -1
14.2499999999999 -1
14.9999999999999 -1
15.7499999999999 -1
16.4999999999999 -1
17.2499999999999 1
17.9999999999999 1
18.75 1
19.5 1
20.25 1
21 1
21.7500000000001 1
22.5000000000001 1
23.2500000000001 1
24.0000000000002 1
24.7500000000002 1
25.5000000000002 1
26.2500000000002 1
27.0000000000003 1
27.7500000000003 1
28.5000000000003 1
29.2500000000004 1
30.0000000000004 1
30.7500000000004 1
31.5000000000004 1
32.2500000000005 1
33.0000000000005 1
33.7500000000005 1
34.5000000000005 1
35.2500000000006 1
36.0000000000006 1
36.7500000000006 1
37.5000000000007 1
38.2500000000007 1
39.0000000000007 1
39.7500000000007 1
40.5000000000008 1
41.2500000000008 1
42.0000000000008 1
42.7500000000009 1
43.5000000000009 1
44.2500000000009 1
45.0000000000009 1
45.750000000001 1
46.500000000001 1
47.250000000001 1
48.0000000000011 1
48.7500000000011 1
49.5000000000011 1
50.2500000000011 1
51.0000000000012 1
51.7500000000012 1
52.5000000000012 1
53.2500000000013 1
54.0000000000013 1
54.7500000000013 1
55.5000000000013 1
56.2500000000014 1
57.0000000000014 1
57.7500000000014 1
58.5000000000015 1
59.2500000000015 1
60.0000000000015 1
60.7500000000015 1
61.5000000000016 1
62.2500000000016 1
63.0000000000016 1
63.7500000000017 1
64.5000000000017 1
65.2500000000017 1
66.0000000000017 1
66.7500000000018 1
67.5000000000018 1
68.2500000000018 1
69.0000000000018 1
69.7500000000019 1
70.5000000000019 1
71.2500000000019 1
72.000000000002 1
72.750000000002 1
73.500000000002 1
74.250000000002 1
75.0000000000021 1
75.7500000000021 1
76.5000000000021 1
77.2500000000022 1
78.0000000000022 1
78.7500000000022 1
79.5000000000022 1
80.2500000000023 1
81.0000000000023 1
81.7500000000023 1
82.5000000000024 1
83.2500000000024 1
84.0000000000024 1
84.7500000000024 1
85.5000000000025 1
86.2500000000025 1
87.0000000000025 1
87.7500000000026 1
88.5000000000026 1
89.2500000000026 1
90.0000000000026 1
90.7500000000027 1
91.5000000000027 1
92.2500000000027 1
93.0000000000028 1
93.7500000000028 1
94.5000000000028 1
95.2500000000028 1
96.0000000000029 1
96.7500000000029 1
97.5000000000029 1
98.250000000003 1
99.000000000003 1
99.750000000003 1
100.500000000003 1
101.250000000003 1
102.000000000003 1
102.750000000003 1
103.500000000003 1
104.250000000003 1
105.000000000003 1
105.750000000003 1
106.500000000003 1
107.250000000003 1
108.000000000003 1
108.750000000003 1
109.500000000003 1
110.250000000003 1
111.000000000003 1
111.750000000003 1
112.500000000003 1
113.250000000004 1
114.000000000004 1
114.750000000004 1
115.500000000004 1
116.250000000004 1
117.000000000004 1
117.750000000004 1
118.500000000004 1
119.250000000004 1
120.000000000004 1
120.750000000004 1
121.500000000004 1
122.250000000004 1
123.000000000004 1
123.750000000004 1
124.500000000004 1
125.250000000004 1
126.000000000004 1
126.750000000004 1
127.500000000004 1
128.250000000004 1
129.000000000004 1
129.750000000004 1
130.500000000004 1
131.250000000004 1
132.000000000004 1
132.750000000004 1
133.500000000004 1
134.250000000004 1
135.000000000004 1
135.750000000004 1
136.500000000004 1
137.250000000004 1
138.000000000004 1
138.750000000004 1
139.500000000005 1
140.250000000005 1
141.000000000005 1
141.750000000005 1
142.500000000005 1
143.250000000005 1
144.000000000005 1
144.750000000005 1
145.500000000005 1
146.250000000005 1
147.000000000005 1
147.750000000005 1
148.500000000005 1
149.250000000005 1
150.000000000005 1
150.750000000005 1
151.500000000005 1
152.250000000005 1
153.000000000005 1
153.750000000005 1
154.500000000005 1
155.250000000005 1
156.000000000005 1
156.750000000005 1
157.500000000005 1
158.250000000005 1
159.000000000005 1
159.750000000005 1
160.500000000005 1
161.250000000005 1
162.000000000005 1
162.750000000005 1
163.500000000005 1
164.250000000005 1
165.000000000005 1
165.750000000006 1
166.500000000006 1
167.250000000006 1
168.000000000006 1
168.750000000006 1
169.500000000006 1
170.250000000006 1
171.000000000006 1
171.750000000006 1
172.500000000006 1
173.250000000006 1
174.000000000006 1
174.750000000006 1
175.500000000006 1
176.250000000006 1
177.000000000006 1
177.750000000006 1
178.500000000006 1
179.250000000006 1
180.000000000006 1
180.750000000006 1
181.500000000006 1
182.250000000006 1
183.000000000006 1
183.750000000006 1
184.500000000006 1
185.250000000006 1
186.000000000006 1
186.750000000006 1
187.500000000006 1
188.250000000006 1
189.000000000006 1
189.750000000006 1
190.500000000006 1
191.250000000006 1
192.000000000007 1
192.750000000007 1
193.500000000007 1
194.250000000007 1
195.000000000007 1
195.750000000007 1
196.500000000007 1
197.250000000007 1
198.000000000007 1
198.750000000007 1
199.500000000007 1
200.250000000007 1
201.000000000007 1
201.750000000007 1
202.500000000007 1
203.250000000007 1
204.000000000007 1
204.750000000007 1
205.500000000007 1
206.250000000007 1
207.000000000007 1
207.750000000007 1
208.500000000007 1
209.250000000007 1
210.000000000007 1
210.750000000007 1
211.500000000007 1
212.250000000007 1
213.000000000007 1
213.750000000007 1
214.500000000007 1
215.250000000007 1
216.000000000007 1
216.750000000007 1
217.500000000007 1
218.250000000008 1
219.000000000008 1
219.750000000008 1
220.500000000008 1
221.250000000008 1
222.000000000008 1
222.750000000008 1
223.500000000008 1
224.250000000008 1
225.000000000008 1
225.750000000008 1
226.500000000008 1
227.250000000008 1
228.000000000008 1
228.750000000008 1
229.500000000008 1
230.250000000008 1
231.000000000008 1
231.750000000008 1
232.500000000008 1
233.250000000008 1
234.000000000008 1
234.750000000008 1
235.500000000008 1
236.250000000008 1
237.000000000008 1
237.750000000008 1
238.500000000008 1
239.250000000008 1
240.000000000008 1
240.750000000008 1
241.500000000008 1
242.250000000008 1
243.000000000008 1
243.750000000008 1
244.500000000008 1
245.250000000009 1
246.000000000009 1
246.750000000009 1
247.500000000009 1
248.250000000009 1
249.000000000009 1
249.750000000009 1
250.500000000009 1
251.250000000009 1
252.000000000009 1
252.750000000009 1
253.500000000009 1
254.250000000009 1
255.000000000009 1
255.750000000009 1
256.500000000008 1
257.250000000008 1
258.000000000007 1
258.750000000006 1
259.500000000006 1
260.250000000005 1
261.000000000004 1
261.750000000004 1
262.500000000003 1
263.250000000002 1
264.000000000002 1
264.750000000001 2
265.5 1
266.25 1
266.999999999999 1
267.749999999998 1
268.499999999998 1
269.249999999997 1
269.999999999996 1
270.749999999996 1
271.499999999995 1
272.249999999994 1
272.999999999993 1
273.749999999993 1
274.499999999992 1
275.249999999991 1
275.999999999991 1
276.74999999999 1
277.499999999989 1
278.249999999989 1
278.999999999988 2
279.749999999987 1
280.499999999987 1
281.249999999986 2
281.999999999985 2
282.749999999985 1
283.499999999984 1
284.249999999983 1
284.999999999983 1
285.749999999982 1
286.499999999981 1
287.249999999981 1
287.99999999998 2
288.749999999979 1
289.499999999978 1
290.249999999978 1
290.999999999977 1
291.749999999976 1
292.499999999976 1
293.249999999975 1
293.999999999974 1
294.749999999974 1
295.499999999973 1
296.249999999972 1
296.999999999972 1
297.749999999971 1
298.49999999997 1
299.24999999997 1
299.999999999969 1
300.749999999968 1
301.499999999968 1
302.249999999967 1
302.999999999966 1
303.749999999965 1
304.499999999965 1
305.249999999964 1
305.999999999963 1
306.749999999963 1
307.499999999962 1
308.249999999961 1
308.999999999961 1
309.74999999996 1
310.499999999959 1
311.249999999959 1
311.999999999958 1
312.749999999957 1
313.499999999957 1
314.249999999956 1
314.999999999955 1
315.749999999955 1
316.499999999954 1
317.249999999953 1
317.999999999953 1
318.749999999952 1
319.499999999951 1
320.24999999995 1
320.99999999995 1
321.749999999949 1
322.499999999948 1
323.249999999948 1
323.999999999947 1
324.749999999946 1
325.499999999946 2
326.249999999945 1
326.999999999944 1
327.749999999944 1
328.499999999943 1
329.249999999942 1
329.999999999942 1
330.749999999941 2
331.49999999994 1
332.24999999994 1
332.999999999939 1
333.749999999938 1
334.499999999938 1
335.249999999937 1
335.999999999936 1
336.749999999935 1
337.499999999935 1
338.249999999934 1
338.999999999933 2
339.749999999933 2
340.499999999932 1
341.249999999931 1
341.999999999931 1
342.74999999993 1
343.499999999929 1
344.249999999929 1
344.999999999928 1
345.749999999927 1
346.499999999927 1
347.249999999926 1
347.999999999925 1
348.749999999925 1
349.499999999924 1
350.249999999923 1
350.999999999923 1
351.749999999922 1
352.499999999921 1
353.24999999992 1
353.99999999992 1
354.749999999919 1
355.499999999918 1
356.249999999918 1
356.999999999917 1
357.749999999916 1
358.499999999916 1
359.249999999915 1
359.999999999914 1
360.749999999914 1
361.499999999913 1
362.249999999912 1
362.999999999912 2
363.749999999911 1
364.49999999991 1
365.24999999991 1
365.999999999909 2
366.749999999908 1
367.499999999908 1
368.249999999907 1
368.999999999906 2
369.749999999905 1
370.499999999905 1
371.249999999904 1
371.999999999903 2
372.749999999903 2
373.499999999902 1
374.249999999901 1
374.999999999901 1
375.7499999999 2
376.499999999899 2
377.249999999899 1
377.999999999898 1
378.749999999897 2
379.499999999897 1
380.249999999896 1
380.999999999895 2
381.749999999895 2
382.499999999894 1
383.249999999893 1
383.999999999893 2
384.749999999892 2
385.499999999891 1
386.24999999989 1
386.99999999989 1
387.749999999889 2
388.499999999888 1
389.249999999888 1
389.999999999887 2
390.749999999886 1
391.499999999886 1
392.249999999885 1
392.999999999884 1
393.749999999884 1
394.499999999883 1
395.249999999882 2
395.999999999882 1
396.749999999881 1
397.49999999988 1
398.24999999988 1
398.999999999879 1
399.749999999878 2
400.499999999878 1
401.249999999877 1
401.999999999876 1
402.749999999875 1
403.499999999875 1
404.249999999874 1
404.999999999873 1
405.749999999873 1
406.499999999872 1
407.249999999871 1
407.999999999871 1
408.74999999987 2
409.499999999869 1
410.249999999869 1
410.999999999868 1
411.749999999867 1
412.499999999867 1
413.249999999866 1
413.999999999865 2
414.749999999865 2
415.499999999864 1
416.249999999863 1
416.999999999862 1
417.749999999862 1
418.499999999861 1
419.24999999986 1
419.99999999986 1
420.749999999859 1
421.499999999858 2
422.249999999858 2
422.999999999857 1
423.749999999856 1
424.499999999856 1
425.249999999855 2
425.999999999854 1
426.749999999854 2
427.499999999853 2
428.249999999852 3
428.999999999852 2
429.749999999851 3
430.49999999985 1
431.24999999985 2
431.999999999849 1
432.749999999848 1
433.499999999847 1
434.249999999847 1
434.999999999846 2
435.749999999845 1
436.499999999845 1
437.249999999844 1
437.999999999843 2
438.749999999843 1
439.499999999842 1
440.249999999841 1
440.999999999841 2
441.74999999984 1
442.499999999839 2
443.249999999839 2
443.999999999838 2
444.749999999837 1
445.499999999837 1
446.249999999836 1
446.999999999835 2
447.749999999835 1
448.499999999834 1
449.249999999833 1
449.999999999832 2
450.749999999832 1
451.499999999831 1
452.24999999983 1
452.99999999983 2
453.749999999829 2
454.499999999828 1
455.249999999828 2
455.999999999827 1
456.749999999826 2
457.499999999826 1
458.249999999825 1
458.999999999824 1
459.749999999824 2
460.499999999823 1
461.249999999822 1
461.999999999822 1
462.749999999821 2
463.49999999982 3
464.24999999982 2
464.999999999819 1
465.749999999818 2
466.499999999817 1
467.249999999817 1
467.999999999816 1
468.749999999815 2
469.499999999815 2
470.249999999814 1
470.999999999813 2
471.749999999813 2
472.499999999812 2
473.249999999811 1
473.999999999811 1
474.74999999981 1
475.499999999809 2
476.249999999809 1
476.999999999808 1
477.749999999807 2
478.499999999807 2
479.249999999806 1
479.999999999805 1
480.749999999805 2
481.499999999804 2
482.249999999803 1
482.999999999802 1
483.749999999802 2
484.499999999801 3
485.2499999998 1
485.9999999998 1
486.749999999799 2
487.499999999798 2
488.249999999798 2
488.999999999797 1
489.749999999796 2
490.499999999796 2
491.249999999795 2
491.999999999794 2
492.749999999794 1
493.499999999793 2
494.249999999792 2
494.999999999792 1
495.749999999791 2
496.49999999979 2
497.24999999979 2
497.999999999789 1
498.749999999788 1
499.499999999787 2
500.249999999787 2
500.999999999786 1
501.749999999785 1
502.499999999785 2
503.249999999784 2
503.999999999783 1
504.749999999783 1
505.499999999782 1
506.249999999781 2
506.999999999781 1
507.74999999978 1
508.499999999779 2
509.249999999779 2
509.999999999778 1
510.749999999777 1
511.499999999777 1
512.249999999776 2
512.999999999775 2
513.749999999775 2
514.499999999774 1
515.249999999773 2
515.999999999773 3
516.749999999772 1
517.499999999771 2
518.24999999977 2
518.99999999977 2
519.749999999769 1
520.499999999768 1
521.249999999768 2
521.999999999767 2
522.749999999766 3
523.499999999766 1
524.249999999765 2
524.999999999764 2
525.749999999764 3
526.499999999763 2
527.249999999762 2
527.999999999762 2
528.749999999761 1
529.49999999976 1
530.24999999976 2
530.999999999759 2
531.749999999758 2
532.499999999758 1
533.249999999757 1
533.999999999756 2
534.749999999755 2
535.499999999755 3
536.249999999754 1
536.999999999753 2
537.749999999753 2
538.499999999752 1
539.249999999751 2
539.999999999751 2
540.74999999975 2
541.499999999749 1
542.249999999749 1
542.999999999748 2
543.749999999747 2
544.499999999747 1
545.249999999746 2
545.999999999745 2
546.749999999745 2
547.499999999744 1
548.249999999743 2
548.999999999742 3
549.749999999742 3
550.499999999741 1
551.24999999974 1
551.99999999974 2
552.749999999739 2
553.499999999738 1
554.249999999738 1
554.999999999737 2
555.749999999736 2
556.499999999736 2
557.249999999735 3
557.999999999734 1
558.749999999734 2
559.499999999733 2
560.249999999732 1
560.999999999732 2
561.749999999731 2
562.49999999973 2
563.24999999973 1
563.999999999729 1
564.749999999728 2
565.499999999727 2
566.249999999727 1
566.999999999726 2
567.749999999725 2
568.499999999725 2
569.249999999724 1
569.999999999723 2
570.749999999723 2
571.499999999722 2
572.249999999721 3
572.999999999721 2
573.74999999972 2
574.499999999719 2
575.249999999719 3
575.999999999718 1
576.749999999717 2
577.499999999717 2
578.249999999716 2
578.999999999715 3
579.749999999715 2
580.499999999714 2
581.249999999713 2
581.999999999712 1
582.749999999712 1
583.499999999711 2
584.24999999971 3
584.99999999971 1
585.749999999709 2
586.499999999708 2
587.249999999708 3
587.999999999707 3
588.749999999706 1
589.499999999706 2
590.249999999705 2
590.999999999704 1
591.749999999704 1
592.499999999703 2
593.249999999702 2
593.999999999702 3
594.749999999701 1
595.4999999997 2
596.2499999997 2
596.999999999699 1
597.749999999698 1
598.499999999697 2
599.249999999697 2
599.999999999696 2
600.749999999695 1
601.499999999695 2
602.249999999694 2
602.999999999693 2
603.749999999693 1
604.499999999692 2
605.249999999691 2
605.999999999691 2
606.74999999969 3
607.499999999689 1
608.249999999689 2
608.999999999688 2
609.749999999687 3
610.499999999687 2
611.249999999686 2
611.999999999685 2
612.749999999685 3
613.499999999684 1
614.249999999683 2
614.999999999682 2
615.749999999682 3
616.499999999681 1
617.24999999968 2
617.99999999968 2
618.749999999679 1
619.499999999678 2
620.249999999678 2
620.999999999677 2
621.749999999676 1
622.499999999676 1
623.249999999675 2
623.999999999674 2
624.749999999674 1
625.499999999673 3
626.249999999672 3
626.999999999672 3
627.749999999671 2
628.49999999967 3
629.24999999967 2
629.999999999669 2
630.749999999668 2
631.499999999667 1
632.249999999667 2
632.999999999666 2
633.749999999665 2
634.499999999665 1
635.249999999664 1
635.999999999663 2
636.749999999663 2
637.499999999662 3
638.249999999661 2
638.999999999661 2
639.74999999966 2
640.499999999659 1
641.249999999659 1
641.999999999658 2
642.749999999657 2
643.499999999657 1
644.249999999656 2
644.999999999655 2
645.749999999655 2
646.499999999654 1
647.249999999653 1
647.999999999652 2
648.749999999652 2
649.499999999651 1
650.24999999965 1
650.99999999965 2
651.749999999649 2
652.499999999648 2
653.249999999648 1
653.999999999647 2
654.749999999646 2
655.499999999646 2
656.249999999645 3
656.999999999644 2
657.749999999644 2
658.499999999643 2
659.249999999642 1
659.999999999642 2
660.749999999641 2
661.49999999964 2
662.249999999639 1
662.999999999639 1
663.749999999638 2
664.499999999637 2
665.249999999637 1
665.999999999636 1
666.749999999635 2
667.499999999635 2
668.249999999634 1
668.999999999633 1
669.749999999633 2
670.499999999632 2
671.249999999631 1
671.999999999631 2
672.74999999963 2
673.499999999629 2
674.249999999629 1
674.999999999628 3
675.749999999627 2
676.499999999627 2
677.249999999626 2
677.999999999625 1
678.749999999624 2
679.499999999624 2
680.249999999623 2
680.999999999622 3
681.749999999622 2
682.499999999621 2
683.24999999962 2
683.99999999962 1
684.749999999619 2
685.499999999618 2
686.249999999618 2
686.999999999617 3
687.749999999616 2
688.499999999616 2
689.249999999615 2
689.999999999614 3
690.749999999614 1
691.499999999613 2
692.249999999612 2
692.999999999612 1
693.749999999611 1
694.49999999961 2
695.249999999609 2
695.999999999609 3
696.749999999608 1
697.499999999607 2
698.249999999607 2
698.999999999606 3
699.749999999605 3
700.499999999605 2
701.249999999604 3
701.999999999603 2
702.749999999603 3
703.499999999602 2
704.249999999601 2
704.999999999601 2
705.7499999996 3
706.499999999599 1
707.249999999599 2
707.999999999598 2
708.749999999597 1
709.499999999597 1
710.249999999596 2
710.999999999595 2
711.749999999594 1
712.499999999594 2
713.249999999593 2
713.999999999592 2
714.749999999592 3
715.499999999591 2
716.24999999959 2
716.99999999959 2
717.749999999589 1
718.499999999588 1
719.249999999588 2
719.999999999587 2
720.749999999586 1
721.499999999586 1
722.249999999585 2
722.999999999584 2
723.749999999584 1
724.499999999583 1
725.249999999582 2
725.999999999582 2
726.749999999581 1
727.49999999958 2
728.249999999579 3
728.999999999579 2
729.749999999578 1
730.499999999577 2
731.249999999577 1
731.999999999576 2
732.749999999575 1
733.499999999575 2
734.249999999574 2
734.999999999573 2
735.749999999573 1
736.499999999572 1
737.249999999571 1
737.999999999571 2
738.74999999957 3
739.499999999569 2
740.249999999569 1
740.999999999568 2
741.749999999567 1
742.499999999567 1
743.249999999566 1
743.999999999565 2
744.749999999564 1
745.499999999564 1
746.249999999563 1
746.999999999562 2
747.749999999562 3
748.499999999561 1
749.24999999956 1
749.99999999956 1
750.749999999559 2
751.499999999558 1
752.249999999558 1
752.999999999557 2
753.749999999556 2
754.499999999556 1
755.249999999555 2
755.999999999554 2
756.749999999554 3
757.499999999553 1
758.249999999552 1
758.999999999552 1
759.749999999551 2
760.49999999955 1
761.249999999549 1
761.999999999549 2
762.749999999548 2
763.499999999547 1
764.249999999547 1
764.999999999546 2
765.749999999545 2
766.499999999545 1
767.249999999544 1
767.999999999543 1
768.749999999543 2
769.499999999542 2
770.249999999541 1
770.999999999541 1
771.74999999954 2
772.499999999539 3
773.249999999539 3
773.999999999538 1
774.749999999537 2
775.499999999536 2
776.249999999536 1
776.999999999535 1
777.749999999534 2
778.499999999534 2
779.249999999533 1
779.999999999532 1
780.749999999532 2
781.499999999531 2
782.24999999953 1
782.99999999953 1
783.749999999529 1
784.499999999528 2
785.249999999528 1
785.999999999527 1
786.749999999526 2
787.499999999526 2
788.249999999525 1
788.999999999524 1
789.749999999524 1
790.499999999523 2
791.249999999522 1
791.999999999521 1
792.749999999521 1
793.49999999952 2
794.249999999519 2
794.999999999519 1
795.749999999518 2
796.499999999517 2
797.249999999517 2
797.999999999516 1
798.749999999515 2
799.499999999515 1
