0 0.016215
0.75 0.014228
1.5 0.012473
2.25 0.010708
3 0.009246
3.74999999999999 0.00782
4.49999999999999 0.006398
5.25 0.005105
6.00000000000001 0.003969
6.75000000000001 0.002896
7.50000000000002 0.00186
8.25000000000002 0.000996
9 0.000215
9.74999999999998 -0.000361
10.5 -0.000697
11.25 -0.000932
11.9999999999999 -0.001143
12.7499999999999 -0.00132
13.4999999999999 -0.001458
14.2499999999999 -0.001578
14.9999999999999 0.001039
15.7499999999999 0.071989
16.4999999999999 0.145439
17.2499999999999 0.184869
17.9999999999999 0.210623
18.75 0.236307
19.5 0.261944
20.25 0.28754
21 0.313079
21.7500000000001 0.338237
22.5000000000001 0.362856
23.2500000000001 0.386722
24.0000000000002 0.409647
24.7500000000002 0.432003
25.5000000000002 0.453678
26.2500000000002 0.474453
27.0000000000003 0.4943
27.7500000000003 0.513383
28.5000000000003 0.531706
29.2500000000004 0.549254
30.0000000000004 0.56597
30.7500000000004 0.581797
31.5000000000004 0.597086
32.2500000000005 0.611532
33.0000000000005 0.624903
33.7500000000005 0.637385
34.5000000000005 0.648932
35.2500000000006 0.659549
36.0000000000006 0.66956
36.7500000000006 0.678768
37.5000000000007 0.686983
38.2500000000007 0.694857
39.0000000000007 0.701625
39.7500000000007 0.707912
40.5000000000008 0.713097
41.2500000000008 0.717406
42.0000000000008 0.720827
42.7500000000009 0.723687
43.5000000000009 0.726028
44.2500000000009 0.727378
45.0000000000009 0.728205
45.750000000001 0.7285
46.500000000001 0.728353
47.250000000001 0.727806
48.0000000000011 0.726483
48.7500000000011 0.724785
49.5000000000011 0.722218
50.2500000000011 0.719033
51.0000000000012 0.715264
51.7500000000012 0.710979
52.5000000000012 0.705816
53.2500000000013 0.700018
54.0000000000013 0.693448
54.7500000000013 0.68634
55.5000000000013 0.678539
56.2500000000014 0.670547
57.0000000000014 0.662034
57.7500000000014 0.652898
58.5000000000015 0.643249
59.2500000000015 0.633191
60.0000000000015 0.622551
60.7500000000015 0.61153
61.5000000000016 0.599695
62.2500000000016 0.587879
63.0000000000016 0.575584
63.7500000000017 0.562577
64.5000000000017 0.54938
65.2500000000017 0.535802
66.0000000000017 0.521811
66.7500000000018 0.507265
67.5000000000018 0.492411
68.2500000000018 0.47724
69.0000000000018 0.461754
69.7500000000019 0.446094
70.5000000000019 0.430178
71.2500000000019 0.414031
72.000000000002 0.3978
72.750000000002 0.381535
73.500000000002 0.365147
74.250000000002 0.348748
75.0000000000021 0.332328
75.7500000000021 0.315776
76.5000000000021 0.299204
77.2500000000022 0.282631
78.0000000000022 0.265929
78.7500000000022 0.249166
79.5000000000022 0.232479
80.2500000000023 0.215852
81.0000000000023 0.199141
81.7500000000023 0.182643
82.5000000000024 0.166049
83.2500000000024 0.149602
84.0000000000024 0.1332
84.7500000000024 0.116993
85.5000000000025 0.100861
86.2500000000025 0.084891
87.0000000000025 0.068963
87.7500000000026 0.053416
88.5000000000026 0.037961
89.2500000000026 0.022581
90.0000000000026 0.007594
90.7500000000027 -0.007194
91.5000000000027 -0.021887
92.2500000000027 -0.024945
93.0000000000028 -0.035934
93.7500000000028 -0.04459
94.5000000000028 -0.049689
95.2500000000028 -0.060573
96.0000000000029 -0.066677
96.7500000000029 -0.068454
97.5000000000029 -0.077893
98.250000000003 -0.086869
99.000000000003 -0.091013
99.750000000003 -0.098946
100.500000000003 -0.103893
101.250000000003 -0.114907
102.000000000003 -0.126597
102.750000000003 -0.128934
103.500000000003 -0.130319
104.250000000003 -0.132659
105.000000000003 -0.139378
105.750000000003 -0.148543
106.500000000003 -0.152485
107.250000000003 -0.162213
108.000000000003 -0.170884
108.750000000003 -0.175502
109.500000000003 -0.183264
110.250000000003 -0.188696
111.000000000003 -0.190209
111.750000000003 -0.195237
112.500000000003 -0.198545
113.250000000004 -0.208421
114.000000000004 -0.216308
114.750000000004 -0.223244
115.500000000004 -0.228172
116.250000000004 -0.229111
117.000000000004 -0.236532
117.750000000004 -0.238107
118.500000000004 -0.247317
119.250000000004 -0.257009
120.000000000004 -0.264843
120.750000000004 -0.271769
121.500000000004 -0.279392
122.250000000004 -0.28062
123.000000000004 -0.281501
123.750000000004 -0.28696
124.500000000004 -0.290249
125.250000000004 -0.296568
126.000000000004 -0.301455
126.750000000004 -0.303489
127.500000000004 -0.299729
128.250000000004 -0.298447
129.000000000004 -0.298629
129.750000000004 -0.303073
130.500000000004 -0.306319
131.250000000004 -0.312238
132.000000000004 -0.31357
132.750000000004 -0.313669
133.500000000004 -0.317953
134.250000000004 -0.323858
135.000000000004 -0.328613
135.750000000004 -0.325297
136.500000000004 -0.329254
137.250000000004 -0.335488
138.000000000004 -0.336289
138.750000000004 -0.337621
139.500000000005 -0.337835
140.250000000005 -0.338101
141.000000000005 -0.338786
141.750000000005 -0.339209
142.500000000005 -0.338889
143.250000000005 -0.339372
144.000000000005 -0.338996
144.750000000005 -0.338099
145.500000000005 -0.337329
146.250000000005 -0.33675
147.000000000005 -0.335776
147.750000000005 -0.334979
148.500000000005 -0.334175
149.250000000005 -0.331864
150.000000000005 -0.329747
150.750000000005 -0.328982
151.500000000005 -0.326238
152.250000000005 -0.323313
153.000000000005 -0.320834
153.750000000005 -0.318185
154.500000000005 -0.315521
155.250000000005 -0.312447
156.000000000005 -0.309221
156.750000000005 -0.306767
157.500000000005 -0.303207
158.250000000005 -0.300383
159.000000000005 -0.297879
159.750000000005 -0.294964
160.500000000005 -0.291041
161.250000000005 -0.287837
162.000000000005 -0.284803
162.750000000005 -0.281432
163.500000000005 -0.277602
164.250000000005 -0.273678
165.000000000005 -0.269234
165.750000000006 -0.265064
166.500000000006 -0.260345
167.250000000006 -0.256347
168.000000000006 -0.252699
168.750000000006 -0.24784
169.500000000006 -0.243307
170.250000000006 -0.238375
171.000000000006 -0.233686
171.750000000006 -0.229074
172.500000000006 -0.224347
173.250000000006 -0.219606
174.000000000006 -0.215271
174.750000000006 -0.211171
175.500000000006 -0.207359
176.250000000006 -0.203396
177.000000000006 -0.198061
177.750000000006 -0.193576
178.500000000006 -0.188733
179.250000000006 -0.184591
180.000000000006 -0.179258
180.750000000006 -0.174361
181.500000000006 -0.169351
182.250000000006 -0.164346
183.000000000006 -0.159391
183.750000000006 -0.154924
184.500000000006 -0.150716
185.250000000006 -0.144692
186.000000000006 -0.139213
186.750000000006 -0.133735
187.500000000006 -0.129191
188.250000000006 -0.122617
189.000000000006 -0.116784
189.750000000006 -0.111362
190.500000000006 -0.105616
191.250000000006 -0.099436
192.000000000007 -0.092929
192.750000000007 -0.086328
193.500000000007 -0.080553
194.250000000007 -0.074397
195.000000000007 -0.068173
195.750000000007 -0.059974
196.500000000007 -0.053457
197.250000000007 -0.046586
198.000000000007 -0.039568
198.750000000007 -0.03424
199.500000000007 -0.028779
200.250000000007 -0.022223
201.000000000007 -0.015611
201.750000000007 -0.011077
202.500000000007 -0.004942
203.250000000007 0.000219
204.000000000007 0.005331
204.750000000007 0.010349
205.500000000007 0.015306
206.250000000007 0.019968
207.000000000007 0.024551
207.750000000007 0.029083
208.500000000007 0.033481
209.250000000007 0.037805
210.000000000007 0.042039
210.750000000007 0.045874
211.500000000007 0.049587
212.250000000007 0.053187
213.000000000007 0.056659
213.750000000007 0.060116
214.500000000007 0.063352
215.250000000007 0.066455
216.000000000007 0.069273
216.750000000007 0.071938
217.500000000007 0.074438
218.250000000008 0.076818
219.000000000008 0.079065
219.750000000008 0.081093
220.500000000008 0.083006
221.250000000008 0.084743
222.000000000008 0.086233
222.750000000008 0.087511
223.500000000008 0.088691
224.250000000008 0.089653
225.000000000008 0.090365
225.750000000008 0.090979
226.500000000008 0.091516
227.250000000008 0.091961
228.000000000008 0.0923
228.750000000008 0.092549
229.500000000008 0.092707
230.250000000008 0.092785
231.000000000008 0.092784
231.750000000008 0.092706
232.500000000008 0.092539
233.250000000008 0.092309
234.000000000008 0.092002
234.750000000008 0.091594
235.500000000008 0.091092
236.250000000008 0.090535
237.000000000008 0.089765
237.750000000008 0.088934
238.500000000008 0.087983
239.250000000008 0.086817
240.000000000008 0.085609
240.750000000008 0.084234
241.500000000008 0.082727
242.250000000008 0.081049
243.000000000008 0.079251
243.750000000008 0.077341
244.500000000008 0.075329
245.250000000009 0.073218
246.000000000009 0.071026
246.750000000009 0.068867
247.500000000009 0.066613
248.250000000009 0.064285
249.000000000009 0.061891
249.750000000009 0.059413
250.500000000009 0.056632
251.250000000009 0.05383
252.000000000009 0.050955
252.750000000009 0.048134
253.500000000009 0.045456
254.250000000009 0.042795
255.000000000009 0.039913
255.750000000009 0.037014
256.500000000008 0.034121
257.250000000008 0.031186
258.000000000007 0.028222
258.750000000006 0.025176
259.500000000006 0.022215
260.250000000005 0.019126
261.000000000004 0.015993
261.750000000004 0.01295
262.500000000003 0.009929
263.250000000002 0.006875
264.000000000002 0.003847
264.750000000001 -0.00511
265.5 -0.026748
266.25 -0.029851
266.999999999999 -0.03436
267.749999999998 -0.035907
268.499999999998 -0.041503
269.249999999997 -0.062318
269.999999999996 -0.064924
270.749999999996 -0.067977
271.499999999995 -0.070244
272.249999999994 -0.071501
272.999999999993 -0.073413
273.749999999993 -0.07584
274.499999999992 -0.076088
275.249999999991 -0.077627
275.999999999991 -0.080197
276.74999999999 -0.081365
277.499999999989 -0.082452
278.249999999989 -0.084664
278.999999999988 -0.085941
279.749999999987 -0.107082
280.499999999987 -0.106588
281.249999999986 -0.105587
281.999999999985 -0.105325
282.749999999985 -0.105088
283.499999999984 -0.106943
284.249999999983 -0.106764
284.999999999983 -0.107749
285.749999999982 -0.106876
286.499999999981 -0.107295
287.249999999981 -0.107313
287.99999999998 -0.107042
288.749999999979 -0.105215
289.499999999978 -0.104447
290.249999999978 -0.103377
290.999999999977 -0.101917
291.749999999976 -0.102519
292.499999999976 -0.102106
293.249999999975 -0.101422
293.999999999974 -0.100651
294.749999999974 -0.099626
295.499999999973 -0.09812
296.249999999972 -0.10385
296.999999999972 -0.103826
297.749999999971 -0.101495
298.49999999997 -0.101782
299.24999999997 -0.100034
299.999999999969 -0.109729
300.749999999968 -0.11448
301.499999999968 -0.114838
302.249999999967 -0.128861
302.999999999966 -0.126933
303.749999999965 -0.124699
304.499999999965 -0.124855
305.249999999964 -0.122036
305.999999999963 -0.119404
306.749999999963 -0.116335
307.499999999962 -0.123653
308.249999999961 -0.142583
308.999999999961 -0.160976
309.74999999996 -0.156346
310.499999999959 -0.152036
311.249999999959 -0.149076
311.999999999958 -0.144841
312.749999999957 -0.140357
313.499999999957 -0.134795
314.249999999956 -0.130096
314.999999999955 -0.126545
315.749999999955 -0.122703
316.499999999954 -0.118928
317.249999999953 -0.114468
317.999999999953 -0.109503
318.749999999952 -0.104618
319.499999999951 -0.099277
320.24999999995 -0.095787
320.99999999995 -0.090614
321.749999999949 -0.085318
322.499999999948 -0.079756
323.249999999948 -0.075056
323.999999999947 -0.072294
324.749999999946 -0.066495
325.499999999946 -0.063881
326.249999999945 -0.059519
326.999999999944 -0.056241
327.749999999944 -0.050476
328.499999999943 -0.042505
329.249999999942 -0.038745
329.999999999942 -0.03419
330.749999999941 -0.03037
331.49999999994 -0.024565
332.24999999994 -0.021941
332.999999999939 -0.018628
333.749999999938 -0.015919
334.499999999938 -0.014516
335.249999999937 -0.017366
335.999999999936 -0.014569
336.749999999935 -0.011183
337.499999999935 -0.00893
338.249999999934 -0.005541
338.999999999933 -0.004785
339.749999999933 -0.001872
340.499999999932 0.000979
341.249999999931 0.00367
341.999999999931 -0.015318
342.74999999993 -0.018773
343.499999999929 -0.016036
344.249999999929 -0.015507
344.999999999928 -0.012275
345.749999999927 -0.011217
346.499999999927 -0.00625
347.249999999926 -0.003297
347.999999999925 -0.024165
348.749999999925 -0.022399
349.499999999924 -0.027373
350.249999999923 -0.026584
350.999999999923 -0.022653
351.749999999922 -0.019012
352.499999999921 -0.025761
353.24999999992 -0.022339
353.99999999992 -0.018117
354.749999999919 -0.01344
355.499999999918 -0.009483
356.249999999918 -0.012755
356.999999999917 -0.010666
357.749999999916 -0.007057
358.499999999916 -0.004003
359.249999999915 -0.010715
359.999999999914 -0.014222
360.749999999914 -0.010907
361.499999999913 -0.01148
362.249999999912 -0.012483
362.999999999912 -0.013102
363.749999999911 -0.012342
364.49999999991 -0.014519
365.24999999991 -0.016882
365.999999999909 -0.020059
366.749999999908 -0.023882
367.499999999908 -0.042212
368.249999999907 -0.05017
368.999999999906 -0.055005
369.749999999905 -0.053714
370.499999999905 -0.052702
371.249999999904 -0.0491
371.999999999903 -0.052952
372.749999999903 -0.071574
373.499999999902 -0.078859
374.249999999901 -0.081203
374.999999999901 -0.08375
375.7499999999 -0.080238
376.499999999899 -0.079277
377.249999999899 -0.078019
377.999999999898 -0.07931
378.749999999897 -0.074191
379.499999999897 -0.07577
380.249999999896 -0.071677
380.999999999895 -0.067151
381.749999999895 -0.062294
382.499999999894 -0.065577
383.249999999893 -0.063745
383.999999999893 -0.059556
384.749999999892 -0.054108
385.499999999891 -0.049889
386.24999999989 -0.043704
386.99999999989 -0.038938
387.749999999889 -0.035083
388.499999999888 -0.027977
389.249999999888 -0.028802
389.999999999887 -0.03323
390.749999999886 -0.043909
391.499999999886 -0.03859
392.249999999885 -0.043081
392.999999999884 -0.037289
393.749999999884 -0.037346
394.499999999883 -0.03626
395.249999999882 -0.039204
395.999999999882 -0.037968
396.749999999881 -0.034906
397.49999999988 -0.041334
398.24999999988 -0.036816
398.999999999879 -0.031181
399.749999999878 -0.031557
400.499999999878 -0.032948
401.249999999877 -0.026419
401.999999999876 -0.021209
402.749999999875 -0.020442
403.499999999875 -0.014719
404.249999999874 -0.011578
404.999999999873 -0.017995
405.749999999873 -0.013262
406.499999999872 -0.010844
407.249999999871 -0.00737
407.999999999871 -0.015386
408.74999999987 -0.01084
409.499999999869 -0.007903
410.249999999869 -0.01526
410.999999999868 -0.010498
411.749999999867 -0.014521
412.499999999867 -0.01457
413.249999999866 -0.008404
413.999999999865 -0.003113
414.749999999865 -0.007905
415.499999999864 -0.008903
416.249999999863 -0.004734
416.999999999862 -0.005427
417.749999999862 -0.00162
418.499999999861 -0.001944
419.24999999986 0.002342
419.99999999986 -0.000583
420.749999999859 0.002362
421.499999999858 0.002571
422.249999999858 0.005354
422.999999999857 0.005514
423.749999999856 0.004316
424.499999999856 0.005062
425.249999999855 0.005732
425.999999999854 0.001236
426.749999999854 0.00146
427.499999999853 -0.003603
428.249999999852 -0.005181
428.999999999852 -0.004021
429.749999999851 -0.007586
430.49999999985 -0.006742
431.24999999985 -0.007417
431.999999999849 -0.009124
432.749999999848 -0.006904
433.499999999847 -0.009231
434.249999999847 -0.010879
434.999999999846 -0.007888
435.749999999845 -0.01048
436.499999999845 -0.016099
437.249999999844 -0.015965
437.999999999843 -0.012324
438.749999999843 -0.009451
439.499999999842 -0.017276
440.249999999841 -0.017002
440.999999999841 -0.014267
441.74999999984 -0.01147
442.499999999839 -0.01397
443.249999999839 -0.014704
443.999999999838 -0.013713
444.749999999837 -0.014356
445.499999999837 -0.014974
446.249999999836 -0.020878
446.999999999835 -0.020043
447.749999999835 -0.01784
448.499999999834 -0.015777
449.249999999833 -0.021677
449.999999999832 -0.028398
450.749999999832 -0.022158
451.499999999831 -0.021933
452.24999999983 -0.025628
452.99999999983 -0.026809
453.749999999829 -0.026415
454.499999999828 -0.026663
455.249999999828 -0.026196
455.999999999827 -0.027553
456.749999999826 -0.031938
457.499999999826 -0.028377
458.249999999825 -0.032815
458.999999999824 -0.031771
459.749999999824 -0.027847
460.499999999823 -0.026547
461.249999999822 -0.031074
461.999999999822 -0.024733
462.749999999821 -0.023566
463.49999999982 -0.02563
464.24999999982 -0.021758
464.999999999819 -0.021361
465.749999999818 -0.016684
466.499999999817 -0.011188
467.249999999817 -0.015042
467.999999999816 -0.018012
468.749999999815 -0.017788
469.499999999815 -0.014407
470.249999999814 -0.014319
470.999999999813 -0.014838
471.749999999813 -0.012736
472.499999999812 -0.006166
473.249999999811 -0.012317
473.999999999811 -0.014595
474.74999999981 -0.013815
475.499999999809 -0.012132
476.249999999809 -0.016029
476.999999999808 -0.018397
477.749999999807 -0.020465
478.499999999807 -0.018518
479.249999999806 -0.022205
479.999999999805 -0.020554
480.749999999805 -0.016873
481.499999999804 -0.011164
482.249999999803 -0.012224
482.999999999802 -0.014884
483.749999999802 -0.013316
484.499999999801 -0.009384
485.2499999998 -0.009583
485.9999999998 -0.008019
486.749999999799 -0.008043
487.499999999798 -0.004917
488.249999999798 -0.003906
488.999999999797 -0.006536
489.749999999796 -0.00766
490.499999999796 -0.006132
491.249999999795 -0.001971
491.999999999794 -0.006227
492.749999999794 -0.005942
493.499999999793 -0.003989
494.249999999792 -0.0065
494.999999999792 -0.009486
495.749999999791 -0.007015
496.49999999979 -0.005385
497.24999999979 -0.001187
497.999999999789 0.001108
498.749999999788 0.002461
499.499999999787 0.002756
500.249999999787 0.005719
500.999999999786 0.006865
501.749999999785 0.007004
502.499999999785 0.006125
503.249999999784 -0.001361
503.999999999783 -0.000395
504.749999999783 -0.001667
505.499999999782 -0.001242
506.249999999781 0.001326
506.999999999781 0.002158
507.74999999978 -0.002761
508.499999999779 -0.003929
509.249999999779 -0.002128
509.999999999778 -0.003015
510.749999999777 -0.00814
511.499999999777 -0.00983
512.249999999776 -0.00783
512.999999999775 -0.009128
513.749999999775 -0.013254
514.499999999774 -0.014287
515.249999999773 -0.011527
515.999999999773 -0.008712
516.749999999772 -0.005876
517.499999999771 -0.005605
518.24999999977 -0.004744
518.99999999977 -0.001027
519.749999999769 -0.005015
520.499999999768 -0.007968
521.249999999768 -0.008991
521.999999999767 -0.008313
522.749999999766 -0.007152
523.499999999766 -0.005409
524.249999999765 -0.009388
524.999999999764 -0.011245
525.749999999764 -0.01036
526.499999999763 -0.002377
527.249999999762 -0.016047
527.999999999762 -0.016588
528.749999999761 -0.019317
529.49999999976 -0.018422
530.24999999976 -0.017248
530.999999999759 -0.01431
531.749999999758 -0.010678
532.499999999758 -0.009327
533.249999999757 -0.009969
533.999999999756 -0.009071
534.749999999755 -0.005178
535.499999999755 -0.004019
536.249999999754 -0.004458
536.999999999753 -0.002693
537.749999999753 -0.002366
538.499999999752 -0.004333
539.249999999751 -0.005478
539.999999999751 -0.003985
540.74999999975 -0.000262
541.499999999749 0.000791
542.249999999749 0.000178
542.999999999748 0.001017
543.749999999747 0.004512
544.499999999747 0.006028
545.249999999746 0.003002
545.999999999745 -0.000115
546.749999999745 0.001874
547.499999999744 0.00155
548.249999999743 0.001989
548.999999999742 0.001889
549.749999999742 0.004508
550.499999999741 0.007926
551.24999999974 0.005954
551.99999999974 0.004756
552.749999999739 0.004459
553.499999999738 0.004629
554.249999999738 0.001607
554.999999999737 0.000281
555.749999999736 0.001706
556.499999999736 -0.010251
557.249999999735 -0.009306
557.999999999734 -0.010652
558.749999999734 -0.030606
559.499999999733 -0.026921
560.249999999732 -0.024849
560.999999999732 -0.023816
561.749999999731 -0.02156
562.49999999973 -0.01989
563.24999999973 -0.02451
563.999999999729 -0.024426
564.749999999728 -0.036339
565.499999999727 -0.032194
566.249999999727 -0.030268
566.999999999726 -0.027305
567.749999999725 -0.024168
568.499999999725 -0.019454
569.249999999724 -0.03032
569.999999999723 -0.082524
570.749999999723 -0.103694
571.499999999722 -0.095627
572.249999999721 -0.087945
572.999999999721 -0.080761
573.74999999972 -0.073668
574.499999999719 -0.067278
575.249999999719 -0.062048
575.999999999718 -0.056437
576.749999999717 -0.083471
577.499999999717 -0.094438
578.249999999716 -0.146693
578.999999999715 -0.168289
579.749999999715 -0.156087
580.499999999714 -0.144933
581.249999999713 -0.133668
581.999999999712 -0.12298
582.749999999712 -0.112058
583.499999999711 -0.101448
584.24999999971 -0.089406
584.99999999971 -0.07923
585.749999999709 -0.069124
586.499999999708 -0.059057
587.249999999708 -0.047715
587.999999999707 -0.036241
588.749999999706 -0.025865
589.499999999706 -0.016351
590.249999999705 -0.007
590.999999999704 0.002119
591.749999999704 0.011003
592.499999999703 0.019814
593.249999999702 0.028441
593.999999999702 0.035935
594.749999999701 0.042466
595.4999999997 0.04778
596.2499999997 0.05568
596.999999999699 0.063369
597.749999999698 0.070847
598.499999999697 0.078084
599.249999999697 0.085087
599.999999999696 0.090604
600.749999999695 0.097095
601.499999999695 0.103366
602.249999999694 0.107929
602.999999999693 0.107639
603.749999999693 0.104178
604.499999999692 0.107798
605.249999999691 0.112418
605.999999999691 0.111487
606.74999999969 0.101835
607.499999999689 0.090877
608.249999999689 0.082015
608.999999999688 0.065511
609.749999999687 0.020303
610.499999999687 -0.020905
611.249999999686 -0.067385
611.999999999685 -0.118386
612.749999999685 -0.169375
613.499999999684 -0.220354
614.249999999683 -0.271322
614.999999999682 -0.322279
615.749999999682 -0.373226
616.499999999681 -0.424163
617.24999999968 -0.47509
617.99999999968 -0.526008
618.749999999679 -0.576916
619.499999999678 -0.627816
620.249999999678 -0.678707
620.999999999677 -0.72959
621.749999999676 -0.759281
622.499999999676 -0.759138
623.249999999675 -0.758997
623.999999999674 -0.758859
624.749999999674 -0.758723
625.499999999673 -0.75859
626.249999999672 -0.758459
626.999999999672 -0.758331
627.749999999671 -0.758205
628.49999999967 -0.758082
629.24999999967 -0.757962
629.999999999669 -0.757844
630.749999999668 -0.757729
631.499999999667 -0.757616
632.249999999667 -0.757506
632.999999999666 -0.757398
633.749999999665 -0.757293
634.499999999665 -0.75719
635.249999999664 -0.75709
635.999999999663 -0.756992
636.749999999663 -0.756897
637.499999999662 -0.756805
638.249999999661 -0.756715
638.999999999661 -0.756627
639.74999999966 -0.756542
640.499999999659 -0.75646
641.249999999659 -0.75638
641.999999999658 -0.756302
642.749999999657 -0.756227
643.499999999657 -0.756155
644.249999999656 -0.756085
644.999999999655 -0.756018
645.749999999655 -0.755953
646.499999999654 -0.755891
647.249999999653 -0.755831
647.999999999652 -0.755774
648.749999999652 -0.755719
649.499999999651 -0.755667
650.24999999965 -0.755617
650.99999999965 -0.75557
651.749999999649 -0.755525
652.499999999648 -0.755483
653.249999999648 -0.755443
653.999999999647 -0.755406
654.749999999646 -0.755371
655.499999999646 -0.755339
656.249999999645 -0.75531
656.999999999644 -0.755283
657.749999999644 -0.755258
658.499999999643 -0.755236
659.249999999642 -0.755216
659.999999999642 -0.755199
660.749999999641 -0.755185
661.49999999964 -0.755172
662.249999999639 -6.5e-05
662.999999999639 -6.5e-05
663.749999999638 -6.5e-05
664.499999999637 -6.5e-05
665.249999999637 -6.5e-05
665.999999999636 -6.5e-05
666.749999999635 -6.5e-05
667.499999999635 -6.5e-05
668.249999999634 -6.5e-05
668.999999999633 -6.5e-05
669.749999999633 -6.5e-05
670.499999999632 -6.5e-05
671.249999999631 -6.5e-05
671.999999999631 -6.5e-05
672.74999999963 -6.5e-05
673.499999999629 -6.5e-05
674.249999999629 -6.5e-05
674.999999999628 -6.5e-05
675.749999999627 -6.5e-05
676.499999999627 -6.5e-05
677.249999999626 -6.5e-05
677.999999999625 -6.5e-05
678.749999999624 -6.5e-05
679.499999999624 -6.5e-05
680.249999999623 -6.5e-05
680.999999999622 -6.5e-05
681.749999999622 -6.5e-05
682.499999999621 -6.5e-05
683.24999999962 -6.5e-05
683.99999999962 -6.5e-05
684.749999999619 -6.5e-05
685.499999999618 -6.5e-05
686.249999999618 -6.5e-05
686.999999999617 -6.5e-05
687.749999999616 -6.5e-05
688.499999999616 -6.5e-05
689.249999999615 -6.5e-05
689.999999999614 -6.5e-05
690.749999999614 -6.5e-05
691.499999999613 -6.5e-05
692.249999999612 -6.5e-05
692.999999999612 -6.5e-05
693.749999999611 -6.5e-05
694.49999999961 -6.5e-05
695.249999999609 -6.5e-05
695.999999999609 -6.5e-05
696.749999999608 -6.5e-05
697.499999999607 -6.5e-05
698.249999999607 -6.5e-05
698.999999999606 -6.5e-05
699.749999999605 -6.5e-05
700.499999999605 -6.5e-05
701.249999999604 -6.5e-05
701.999999999603 -6.5e-05
702.749999999603 -6.5e-05
703.499999999602 -6.5e-05
704.249999999601 -6.5e-05
704.999999999601 -6.5e-05
705.7499999996 -6.5e-05
706.499999999599 -6.5e-05
707.249999999599 -6.5e-05
707.999999999598 -6.5e-05
708.749999999597 -6.5e-05
709.499999999597 -6.5e-05
710.249999999596 -6.5e-05
710.999999999595 -6.5e-05
711.749999999594 -6.5e-05
712.499999999594 -6.5e-05
713.249999999593 -6.5e-05
713.999999999592 -6.5e-05
714.749999999592 -6.5e-05
715.499999999591 -6.5e-05
716.24999999959 -6.5e-05
716.99999999959 -6.5e-05
717.749999999589 -6.5e-05
718.499999999588 -6.5e-05
719.249999999588 -6.5e-05
719.999999999587 -6.5e-05
720.749999999586 -6.5e-05
721.499999999586 -6.5e-05
722.249999999585 -6.5e-05
722.999999999584 -6.5e-05
723.749999999584 -6.5e-05
724.499999999583 -6.5e-05
725.249999999582 -6.5e-05
725.999999999582 -6.5e-05
726.749999999581 -6.5e-05
727.49999999958 -6.5e-05
728.249999999579 -6.5e-05
728.999999999579 -6.5e-05
729.749999999578 -6.5e-05
730.499999999577 -6.5e-05
731.249999999577 -6.5e-05
731.999999999576 -6.5e-05
732.749999999575 -6.5e-05
733.499999999575 -6.5e-05
734.249999999574 -6.5e-05
734.999999999573 -6.5e-05
735.749999999573 -6.5e-05
736.499999999572 -6.5e-05
737.249999999571 -6.5e-05
737.999999999571 -6.5e-05
738.74999999957 -6.5e-05
739.499999999569 -6.5e-05
740.249999999569 -6.5e-05
740.999999999568 -6.5e-05
741.749999999567 -6.5e-05
742.499999999567 -6.5e-05
743.249999999566 -6.5e-05
743.999999999565 -6.5e-05
744.749999999564 -6.5e-05
745.499999999564 -6.5e-05
746.249999999563 -6.5e-05
746.999999999562 -6.5e-05
747.749999999562 -6.5e-05
748.499999999561 -6.5e-05
749.24999999956 -6.5e-05
749.99999999956 -6.5e-05
750.749999999559 -6.5e-05
751.499999999558 -6.5e-05
752.249999999558 -6.5e-05
752.999999999557 -6.5e-05
753.749999999556 -6.5e-05
754.499999999556 -6.5e-05
755.249999999555 -6.5e-05
755.999999999554 -6.5e-05
756.749999999554 -6.5e-05
757.499999999553 -6.5e-05
758.249999999552 -6.5e-05
758.999999999552 -6.5e-05
759.749999999551 -6.5e-05
760.49999999955 -6.5e-05
761.249999999549 -6.5e-05
761.999999999549 -6.5e-05
762.749999999548 -6.5e-05
763.499999999547 -6.5e-05
764.249999999547 -6.5e-05
764.999999999546 -6.5e-05
765.749999999545 -6.5e-05
766.499999999545 -6.5e-05
767.249999999544 -6.5e-05
767.999999999543 -6.5e-05
768.749999999543 -6.5e-05
769.499999999542 -6.5e-05
770.249999999541 -6.5e-05
770.999999999541 -6.5e-05
771.74999999954 -6.5e-05
772.499999999539 -6.5e-05
773.249999999539 -6.5e-05
773.999999999538 -6.5e-05
774.749999999537 -6.5e-05
775.499999999536 -6.5e-05
776.249999999536 -6.5e-05
776.999999999535 -6.5e-05
777.749999999534 -6.5e-05
778.499999999534 -6.5e-05
779.249999999533 -6.5e-05
779.999999999532 -6.5e-05
780.749999999532 -6.5e-05
781.499999999531 -6.5e-05
782.24999999953 -6.5e-05
782.99999999953 -6.5e-05
783.749999999529 -6.5e-05
784.499999999528 -6.5e-05
785.249999999528 -6.5e-05
785.999999999527 -6.5e-05
786.749999999526 -6.5e-05
787.499999999526 -6.5e-05
788.249999999525 -6.5e-05
788.999999999524 -6.5e-05
789.749999999524 -6.5e-05
790.499999999523 -6.5e-05
791.249999999522 -6.5e-05
791.999999999521 -6.5e-05
792.749999999521 -6.5e-05
793.49999999952 -6.5e-05
794.249999999519 -6.5e-05
794.999999999519 -6.5e-05
795.749999999518 -6.5e-05
796.499999999517 -6.5e-05
797.249999999517 -6.5e-05
797.999999999516 -6.5e-05
798.749999999515 -6.5e-05
799.499999999515 -6.5e-05
