16.7699999999999 -4915.0759507915
17.5199999999999 -4900.13244028823
18.2699999999999 -4902.13365647824
19.02 -4901.09163373335
19.77 -4898.29826371353
20.52 -4901.86303716061
21.27 -4883.64413955017
22.0200000000001 -4878.96508245979
22.7700000000001 -4859.2126322435
23.5200000000001 -4848.04166398575
24.2700000000002 -4850.66492509142
25.0200000000002 -4846.08350785624
25.7700000000002 -4844.6113467316
26.5200000000002 -4838.98703865295
27.2700000000003 -4814.82445661733
28.0200000000003 -4807.93433279239
28.7700000000003 -4796.76899862548
29.5200000000004 -4788.62578103197
30.2700000000004 -4761.39229600579
31.0200000000004 -4749.58219299516
31.7700000000004 -4744.06560062037
32.5200000000005 -4734.65548536929
33.2700000000005 -4704.16259406148
34.0200000000005 -4685.87543154296
34.7700000000006 -4675.73786841946
35.5200000000006 -4665.87954088983
36.2700000000006 -4632.21946624299
37.0200000000006 -4615.28638850938
37.7700000000007 -4597.60185463959
38.5200000000007 -4561.59997596474
39.2700000000007 -4535.81518685841
40.0200000000008 -4526.9884307788
40.7700000000008 -4508.36524761024
41.5200000000008 -4488.05084427372
42.2700000000008 -4448.45328518286
43.0200000000009 -4427.78149693727
43.7700000000009 -4408.37210438081
44.5200000000009 -4388.30699915108
45.270000000001 -4363.62612243271
46.020000000001 -4320.74371673578
46.770000000001 -4293.3509827845
47.520000000001 -4249.13354662073
48.2700000000011 -4247.53615264072
49.0200000000011 -4162.30418244646
49.7700000000011 -4175.94342381067
50.5200000000012 -4129.41742408658
51.2700000000012 -4089.64968434008
52.0200000000012 -4071.29498549279
52.7700000000012 -4046.47485913345
53.5200000000013 -3998.0798859955
54.2700000000013 -3988.4639084511
55.0200000000013 -3939.46701356917
55.7700000000014 -3906.53822308457
56.5200000000014 -3879.8594581317
57.2700000000014 -3829.86436484642
58.0200000000014 -3793.55053159381
58.7700000000015 -3762.52424696256
59.5200000000015 -3735.91407367265
60.2700000000015 -3706.05715221693
61.0200000000016 -3673.45775848354
61.7700000000016 -3622.59731688977
62.5200000000016 -3586.25921495644
63.2700000000016 -3535.22968746156
64.0200000000017 -3527.4249363854
64.7700000000017 -3476.51236782707
65.5200000000017 -3445.41564386751
66.2700000000017 -3394.51478997123
67.0200000000018 -3356.45963905777
67.7700000000018 -3327.31094109007
68.5200000000018 -3298.36092436619
69.2700000000019 -3270.69130627986
70.0200000000019 -3239.593997506
70.7700000000019 -3190.09969470528
71.5200000000019 -3140.70322531492
72.270000000002 -3129.50037113269
73.020000000002 -3101.81074589786
73.770000000002 -3053.67707477751
74.5200000000021 -3023.64439541514
75.2700000000021 -2995.57742733705
76.0200000000021 -2968.99452686823
76.7700000000021 -2922.55442069812
77.5200000000022 -2893.2368798379
78.2700000000022 -2862.20836256995
79.0200000000022 -2842.37301677214
79.7700000000023 -2797.93204125257
80.5200000000023 -2766.91766005807
81.2700000000023 -2750.31002688473
82.0200000000023 -2707.41745634478
82.7700000000024 -2704.88952172389
83.5200000000024 -2663.2672109958
84.2700000000024 -2632.37405398871
85.0200000000025 -2591.92876142826
85.7700000000025 -2599.77123874837
86.5200000000025 -2560.53992101251
87.2700000000025 -2540.68792755053
88.0200000000026 -2521.42247675622
88.7700000000026 -2483.98027250209
89.5200000000026 -2460.61542984874
90.2700000000027 -2445.90048522364
91.0200000000027 -2429.07332434779
91.7700000000027 -2394.15279047084
92.5200000000027 -2376.63793291789
93.2700000000028 -2369.17589986716
94.0200000000028 -2335.22709138111
94.7700000000028 -2338.67277865021
95.5200000000029 -2305.55897325662
96.2700000000029 -2292.56442345883
97.0200000000029 -2279.66657058078
97.7700000000029 -2267.09263877628
98.520000000003 -2235.21834978366
99.270000000003 -2222.25507119175
100.020000000003 -2209.57972453234
100.770000000003 -2196.05857482881
101.520000000003 -2165.57540392343
102.270000000003 -2135.36385883168
103.020000000003 -2144.99419522833
103.770000000003 -2134.3427857785
104.520000000003 -2125.46106298713
105.270000000003 -2096.3773147621
106.020000000003 -2087.14728852974
106.770000000003 -2058.5960723552
107.520000000003 -2040.23180481793
108.270000000003 -2029.80242736874
109.020000000003 -2031.71729648906
109.770000000003 -2004.74256908506
110.520000000003 -1988.19973226619
111.270000000003 -1984.22266165347
112.020000000003 -1981.48592707011
112.770000000004 -1955.48303821059
113.520000000004 -1932.65092647558
114.270000000004 -1907.59544889638
115.020000000004 -1890.34537979421
115.770000000004 -1929.40544967328
116.520000000004 -1905.21156966011
117.270000000004 -1893.12899519087
118.020000000004 -1869.47924278112
118.770000000004 -1848.65652786932
119.520000000004 -1825.91811576502
120.270000000004 -1858.36562008522
121.020000000004 -1855.55585229743
121.770000000004 -1851.95959671965
122.520000000004 -1830.57321225022
123.270000000004 -1825.21753899453
124.020000000004 -1818.92301126234
124.770000000004 -1798.30712918272
125.520000000004 -1820.09095594438
126.270000000004 -1800.1095327737
127.020000000004 -1799.59917221165
127.770000000004 -1794.10643035517
128.520000000004 -1794.62352181476
129.270000000004 -1775.02072287156
130.020000000004 -1769.28512542188
130.770000000004 -1771.87259691307
131.520000000004 -1770.41908335815
132.270000000004 -1751.81148955405
133.020000000004 -1745.22997817702
133.770000000004 -1740.39291114832
134.520000000004 -1722.50845894205
135.270000000004 -1704.74215125944
136.020000000004 -1689.39311250746
136.770000000004 -1671.99754903864
137.520000000004 -1730.07170686751
138.270000000004 -1729.43541445107
139.020000000005 -1712.82827183852
139.770000000005 -1696.17529833729
140.520000000005 -1712.56438693074
141.270000000005 -1713.34008148212
142.020000000005 -1697.26927927173
142.770000000005 -1695.53675362414
143.520000000005 -1679.61391490978
144.270000000005 -1699.0999527877
145.020000000005 -1683.45530088823
145.770000000005 -1684.02646321673
146.520000000005 -1681.92181235409
147.270000000005 -1684.14565364569
148.020000000005 -1668.87375646505
148.770000000005 -1666.97260218452
149.520000000005 -1667.63932067036
150.270000000005 -1652.51767355661
151.020000000005 -1652.64386523922
151.770000000005 -1651.19212691286
152.520000000005 -1650.3484339593
153.270000000005 -1635.44474393518
154.020000000005 -1631.38011420769
154.770000000005 -1642.84323588616
155.520000000005 -1644.81565422005
156.270000000005 -1629.84841517381
157.020000000005 -1618.32190081827
157.770000000005 -1603.43965597732
158.520000000005 -1630.57996369075
159.270000000005 -1625.9976895183
160.020000000005 -1541.18751439673
160.770000000005 -1612.21191389112
161.520000000005 -1610.11977557151
162.270000000005 -1613.6586223878
163.020000000005 -1615.64148063333
163.770000000005 -1600.7827992886
164.520000000005 -1600.12610981312
165.270000000005 -1594.79206643457
166.020000000006 -1579.86290047862
166.770000000006 -1580.09700977663
167.520000000006 -1581.80014964337
168.270000000006 -1584.50266621669
169.020000000006 -1582.73421851902
169.770000000006 -1567.59984572943
170.520000000006 -1567.40910227632
171.270000000006 -1564.79226591817
172.020000000006 -1549.4790350372
172.770000000006 -1548.47832226477
173.520000000006 -1550.97259433867
174.270000000006 -1552.55249576945
175.020000000006 -1552.78330446852
175.770000000006 -1537.28573911693
176.520000000006 -1534.66625866426
177.270000000006 -1519.01112431848
178.020000000006 -1536.07513252459
178.770000000006 -1540.23279005123
179.520000000006 -1524.57450142512
180.270000000006 -1519.04052343996
181.020000000006 -1524.63147407426
181.770000000006 -1508.77219116626
182.520000000006 -1510.24259115201
183.270000000006 -1494.15076655248
184.020000000006 -1516.14749191809
184.770000000006 -1500.10331139357
185.520000000006 -1499.58101502249
186.270000000006 -1501.6884558401
187.020000000006 -1502.42380175562
187.770000000006 -1486.25726342802
188.520000000006 -1490.08528557002
189.270000000006 -1489.42117703672
190.020000000006 -1473.00360339172
190.770000000006 -1476.83382916546
191.520000000006 -1479.6354997405
192.270000000007 -1488.93625571407
193.020000000007 -1488.02055891724
193.770000000007 -1492.55171291328
194.520000000007 -1475.6475896981
195.270000000007 -1479.96675028497
196.020000000007 -1478.97398931166
196.770000000007 -1483.39119341762
197.520000000007 -1465.95732638991
198.270000000007 -1463.92666377206
199.020000000007 -1465.72813874355
199.770000000007 -1447.90486205091
200.520000000007 -1445.81927806821
201.270000000007 -1446.00472920344
202.020000000007 -1427.77199967731
202.770000000007 -1414.20738633623
203.520000000007 -1421.59266768575
204.270000000007 -1427.20074722778
205.020000000007 -1431.55508176348
205.770000000007 -1433.61564587664
206.520000000007 -1414.65968062259
207.270000000007 -1412.28069199442
208.020000000007 -1392.95884461749
208.770000000007 -1372.12278333207
209.520000000007 -1375.39265908283
210.270000000007 -1386.81841060759
211.020000000007 -1367.01240905697
211.770000000007 -1388.2426282647
212.520000000007 -1385.00791697544
213.270000000007 -1364.96658210233
214.020000000007 -1362.51845210429
214.770000000007 -1342.09782873824
215.520000000007 -1327.48080314435
216.270000000007 -1333.40524392076
217.020000000007 -1331.89398288996
217.770000000007 -1311.03072011744
218.520000000008 -1292.15420609596
219.270000000008 -1293.37566120363
220.020000000008 -1272.28751567336
220.770000000008 -1297.0322312869
221.520000000008 -1275.7042415466
222.270000000008 -1266.65022443658
223.020000000008 -1266.81370311569
223.770000000008 -1263.23507972589
224.520000000008 -1260.07867721043
225.270000000008 -1238.37132833508
226.020000000008 -1216.39483992997
226.770000000008 -1227.04490533843
227.520000000008 -1224.1091361408
228.270000000008 -1202.12965957117
229.020000000008 -1198.57236521265
229.770000000008 -1194.93850732324
230.520000000008 -1172.67049885268
231.270000000008 -1152.86381855412
232.020000000008 -1162.05981860956
232.770000000008 -1154.54578537722
233.520000000008 -1153.21198484924
234.270000000008 -1148.6855109545
235.020000000008 -1126.21339681691
235.770000000008 -1117.99685356989
236.520000000008 -1115.43226095052
237.270000000008 -1092.7764316741
238.020000000008 -1083.96320716799
238.770000000008 -1078.70162529085
239.520000000008 -1055.9462243475
240.270000000008 -1043.43683656181
241.020000000008 -1045.38165999735
241.770000000008 -1043.68252510465
242.520000000008 -1038.33981725626
243.270000000008 -1015.53299436976
244.020000000008 -1001.43356354382
244.770000000009 -1003.8892224286
245.520000000009 -981.053483503756
246.270000000009 -994.804404291827
247.020000000009 -972.104753602206
247.770000000009 -965.312114824101
248.520000000009 -959.02635345686
249.270000000009 -936.369072442053
250.020000000009 -923.975863486502
250.770000000009 -924.018640376946
251.520000000009 -918.904916731895
252.270000000009 -914.865404722257
253.020000000009 -892.495471230903
253.770000000009 -890.654949543381
254.520000000009 -879.510297160022
255.270000000009 -881.409970425397
256.020000000009 -876.585236841709
256.770000000008 -854.485082820329
257.520000000008 -847.234044436641
258.270000000007 -842.610093782795
259.020000000006 -820.676814950855
259.770000000005 -798.617100879806
260.520000000005 -812.889571961974
261.270000000004 -806.487485123072
262.020000000003 -784.860819488118
262.770000000003 -777.114767397493
263.520000000002 -779.789605361193
264.270000000001 -758.287075729269
265.020000000001 -736.797133358482
265.77 -748.943212917911
266.519999999999 -748.563557561153
267.269999999999 -745.209502128923
268.019999999998 -724.968415174574
268.769999999997 -704.731311024276
269.519999999997 -710.104872812944
270.269999999996 -718.649845432156
271.019999999995 -717.930843331198
271.769999999995 -698.840627723517
272.519999999994 -692.144317776393
273.269999999993 -673.16916816208
274.019999999993 -693.946258844599
274.769999999992 -675.191006497091
275.519999999991 -672.957699438036
276.26999999999 -668.188996809934
277.01999999999 -649.698906728569
277.769999999989 -647.219606972768
278.519999999988 -647.92037876445
279.269999999988 -629.625273715074
280.019999999987 -648.995361658912
280.769999999986 -631.4811827477
281.519999999986 -629.383833419079
282.269999999985 -632.488886520409
283.019999999984 -615.013694770132
283.769999999984 -634.723713389517
284.519999999983 -617.492341778423
285.269999999982 -613.131742732218
286.019999999982 -595.960648088563
286.769999999981 -617.96385056639
287.51999999998 -600.964439647597
288.26999999998 -599.409023387221
289.019999999979 -596.778667587654
289.769999999978 -579.870409252938
290.519999999978 -580.963194407316
291.269999999977 -587.231506747417
292.019999999976 -581.114996609855
292.769999999975 -585.942690798865
293.519999999975 -569.23250748998
294.269999999974 -568.459605719231
295.019999999973 -569.228801236433
295.769999999973 -552.536065614449
296.519999999972 -548.861929341515
297.269999999971 -558.68848915329
298.019999999971 -557.669402708435
298.76999999997 -560.304309416931
299.519999999969 -543.923591994585
300.269999999969 -534.368178532671
301.019999999968 -540.128676253894
301.769999999967 -524.338290148793
302.519999999967 -521.669794002795
303.269999999966 -531.554362405949
304.019999999965 -530.578248202944
304.769999999965 -535.885330132011
305.519999999964 -520.618775787954
306.269999999963 -525.402195597078
307.019999999963 -509.963354509865
307.769999999962 -503.750403414871
308.519999999961 -488.919245112071
309.26999999996 -509.441514330948
310.01999999996 -520.2019031524
310.769999999959 -526.76836410849
311.519999999958 -528.630683228633
312.269999999958 -514.602182281074
313.019999999957 -512.2890446275
313.769999999956 -523.389619432359
314.519999999956 -509.100052145185
315.269999999955 -507.747919094566
316.019999999954 -512.503301107105
316.769999999954 -516.69698155487
317.519999999953 -520.318299105289
318.269999999952 -505.891413300449
319.019999999952 -509.418466262246
319.769999999951 -510.776942053833
320.51999999995 -515.178898691003
321.26999999995 -500.469099949288
322.019999999949 -501.135143083769
322.769999999948 -504.785492470806
323.519999999948 -508.877299315252
324.269999999947 -493.858397717274
325.019999999946 -493.21341405584
325.769999999945 -496.605671672287
326.519999999945 -498.887881874613
327.269999999944 -483.641264687021
328.019999999943 -485.831190384176
328.769999999943 -482.119532880535
329.519999999942 -490.789574599552
330.269999999941 -493.107885182305
331.019999999941 -477.370348120893
331.76999999994 -470.694937083181
332.519999999939 -454.772032245795
333.269999999939 -482.042453186767
334.019999999938 -465.999967187882
334.769999999937 -449.708797500738
335.519999999937 -468.392124945638
336.269999999936 -452.264007815804
337.019999999935 -450.049033255922
337.769999999935 -454.983825689065
338.519999999934 -438.593402108389
339.269999999933 -432.661797816605
340.019999999933 -435.887730934704
340.769999999932 -442.667193089486
341.519999999931 -426.0404305622
342.26999999993 -408.297793314516
343.01999999993 -425.992890890816
343.769999999929 -428.028376579546
344.519999999928 -432.118530397431
345.269999999928 -430.92602738423
346.019999999927 -414.866466304996
346.769999999926 -418.274317955887
347.519999999926 -401.896757021528
348.269999999925 -420.147942382173
349.019999999924 -404.352411278689
349.769999999924 -398.347408863016
350.519999999923 -410.091288987937
351.269999999922 -409.786499319733
352.019999999922 -393.976101514971
352.769999999921 -389.556389485298
353.51999999992 -399.673834781878
354.26999999992 -400.353164930928
355.019999999919 -384.418252990458
355.769999999918 -384.442167626985
356.519999999918 -383.381050578977
357.269999999917 -389.099243219625
358.019999999916 -391.607707047879
358.769999999915 -375.518637894325
359.519999999915 -368.700332580641
360.269999999914 -376.579024706995
361.019999999913 -360.64529401118
361.769999999913 -360.755924586803
362.519999999912 -363.948669418532
363.269999999911 -364.005577844142
364.019999999911 -348.150034532452
364.76999999991 -350.948487909437
365.519999999909 -352.731313667613
366.269999999909 -336.925352172331
367.019999999908 -334.366174735828
367.769999999907 -333.079933689157
368.519999999907 -341.381464478952
369.269999999906 -344.608317758906
370.019999999905 -350.536723678882
370.769999999905 -335.841530338444
371.519999999904 -340.167880134924
372.269999999903 -325.287565750206
373.019999999902 -309.990159182743
373.769999999902 -324.989134125598
374.519999999901 -331.761509338502
375.2699999999 -334.919070545047
376.0199999999 -339.673105974199
376.769999999899 -325.93807468126
377.519999999898 -330.761477519411
378.269999999898 -331.396516762425
379.019999999897 -317.626398259216
379.769999999896 -320.986318803038
380.519999999896 -329.955351381221
381.269999999895 -333.676688701585
382.019999999894 -319.690998511213
382.769999999894 -316.26616713348
383.519999999893 -325.181539214355
384.269999999892 -330.933492073541
385.019999999892 -331.876553043199
385.769999999891 -337.959635316802
386.51999999989 -323.850659888635
387.26999999989 -327.689682235463
388.019999999889 -330.909563342996
388.769999999888 -316.4248946521
389.519999999887 -314.929773095577
390.269999999887 -300.441088790654
391.019999999886 -324.62405144166
391.769999999885 -310.469740276696
392.519999999885 -308.830160909939
393.269999999884 -318.48183281726
394.019999999883 -304.227724155861
394.769999999883 -301.057619191444
395.519999999882 -304.583173860646
396.269999999881 -311.182061640397
397.019999999881 -297.010718511815
397.76999999988 -320.269179596102
398.519999999879 -306.32907849398
399.269999999879 -310.835189130833
400.019999999878 -296.598198809436
400.769999999877 -319.845355526981
401.519999999877 -305.672384649484
402.269999999876 -306.409226102288
403.019999999875 -307.018246916427
403.769999999875 -312.74495543941
404.519999999874 -298.287689939635
405.269999999873 -293.143901277009
406.019999999872 -306.682550257614
406.769999999872 -307.6556350262
407.519999999871 -293.1263973594
408.26999999987 -287.4330161141
409.01999999987 -301.978163183422
409.769999999869 -287.356928937939
410.519999999868 -306.588566030103
411.269999999868 -292.213608499142
412.019999999867 -287.554597533769
412.769999999866 -298.030387875338
413.519999999866 -302.650024291614
414.269999999865 -288.099633985346
415.019999999864 -282.794899926338
415.769999999864 -290.003821997268
416.519999999863 -275.5124641333
417.269999999862 -279.602518696594
418.019999999862 -285.666968460242
418.769999999861 -285.439405076702
419.51999999986 -270.754713889746
420.26999999986 -271.117226787155
421.019999999859 -279.675818521407
421.769999999858 -280.405091423628
422.519999999857 -281.576280154552
423.269999999857 -266.871884131113
424.019999999856 -270.709403765415
424.769999999855 -275.016510192474
425.519999999855 -260.147203778612
426.269999999854 -256.334553406382
427.019999999853 -265.929947641866
427.769999999853 -263.611323657908
428.519999999852 -268.629117068542
429.269999999851 -254.144189220274
430.019999999851 -257.224300391865
430.76999999985 -263.382316103534
431.519999999849 -248.799622627512
432.269999999849 -269.999553524708
433.019999999848 -255.591425752558
433.769999999847 -257.66297599124
434.519999999847 -259.183872249481
435.269999999846 -244.768974157025
436.019999999845 -245.899620149276
436.769999999845 -250.715179932394
437.519999999844 -257.101227969102
438.269999999843 -260.292980957968
439.019999999842 -245.978004049085
439.769999999842 -243.041227935321
440.519999999841 -252.604927165423
441.26999999984 -255.33780007597
442.01999999984 -241.112742476403
442.769999999839 -242.884788801941
443.519999999838 -247.730920091361
444.269999999838 -233.447690702928
445.019999999837 -233.239089690191
445.769999999836 -239.736963889513
446.519999999836 -225.558861457461
447.269999999835 -247.707334826183
448.019999999834 -233.655020089218
448.769999999834 -237.641156081391
449.519999999833 -223.4945176711
450.269999999832 -243.778161494066
451.019999999832 -229.88917327277
451.769999999831 -232.504551108812
452.51999999983 -233.548661664979
453.26999999983 -237.216520096545
454.019999999829 -223.497867349966
454.769999999828 -228.83967402968
455.519999999827 -234.159973258712
456.269999999827 -220.353859095431
457.019999999826 -242.840443097539
457.769999999825 -229.257075014431
458.519999999825 -226.438125267197
459.269999999824 -238.192624579202
460.019999999823 -224.534907911484
460.769999999823 -225.380885130383
461.519999999822 -211.705428007651
462.269999999821 -231.639557717695
463.019999999821 -218.002003452671
463.76999999982 -204.25652737124
464.519999999819 -190.729768714379
465.269999999819 -198.244288021496
466.019999999818 -236.120867052194
466.769999999817 -222.314027592283
467.519999999817 -221.887720964899
468.269999999816 -225.111178545126
469.019999999815 -233.579442975138
469.769999999815 -219.866544835871
470.519999999814 -224.165640139756
471.269999999813 -226.871242691882
472.019999999812 -233.1617162282
472.769999999812 -219.256175338955
473.519999999811 -205.242225770759
474.26999999981 -225.226563181817
475.01999999981 -226.349320575988
475.769999999809 -212.650394258739
476.519999999808 -212.3262214775
477.269999999808 -215.124623721731
478.019999999807 -225.825195545328
478.769999999806 -212.265141592054
479.519999999806 -209.538137173241
480.269999999805 -220.807586285544
481.019999999804 -226.261957600348
481.769999999804 -212.543997316142
482.519999999803 -210.73463107188
483.269999999802 -216.157239026687
484.019999999802 -224.154777848008
484.769999999801 -210.407372158743
485.5199999998 -210.127930984313
486.269999999799 -217.551529925437
487.019999999799 -220.249333532461
487.769999999798 -206.423696099375
488.519999999797 -207.585877843404
489.269999999797 -209.761139967789
490.019999999796 -215.041316576575
490.769999999795 -221.874390356396
491.519999999795 -208.08403347427
492.269999999794 -206.114073415855
493.019999999793 -215.034491677766
493.769999999793 -201.187350168612
494.519999999792 -197.753458009834
495.269999999791 -204.159763059888
496.019999999791 -214.171441262201
496.76999999979 -217.360599604353
497.519999999789 -203.533775641785
498.269999999789 -207.704587133011
499.019999999788 -211.817038514944
499.769999999787 -213.258896638966
500.519999999787 -199.273713357622
501.269999999786 -202.788544984965
502.019999999785 -207.298383920481
502.769999999784 -193.171006441844
503.519999999784 -188.577630542897
504.269999999783 -198.443123905217
505.019999999782 -202.615086272076
505.769999999782 -208.306394299917
506.519999999781 -194.354468812767
507.26999999978 -194.887227812052
508.01999999978 -180.918830157743
508.769999999779 -203.251520411753
509.519999999778 -189.395716433104
510.269999999778 -186.911061835929
511.019999999777 -192.218659202578
511.769999999776 -178.530909115249
512.519999999776 -173.578857560864
513.269999999775 -186.772854148357
514.019999999774 -190.153552751167
514.769999999774 -198.762564678133
515.519999999773 -202.108663146958
516.269999999772 -188.537966526384
517.019999999772 -194.450189511398
517.769999999771 -198.246501711059
518.51999999977 -202.501504689992
519.26999999977 -188.708424180151
520.019999999769 -180.530813131073
520.769999999768 -190.077576142355
521.519999999767 -198.607382396044
522.269999999767 -184.995039166003
523.019999999766 -171.234911571436
523.769999999765 -159.225526135171
524.519999999765 -169.852081010601
525.269999999764 -156.205982242368
526.019999999763 -152.460513268033
526.769999999763 -184.127976486106
527.519999999762 -170.729759610975
528.269999999761 -176.91173780437
529.019999999761 -180.562396956186
529.76999999976 -190.964868131487
530.519999999759 -195.615786244637
531.269999999759 -199.152982559433
532.019999999758 -185.736610888409
532.769999999757 -190.28269668438
533.519999999757 -190.103266768435
534.269999999756 -198.239350730129
535.019999999755 -184.700159876165
535.769999999755 -188.116289340823
536.519999999754 -190.962436135085
537.269999999753 -177.293153444477
538.019999999752 -178.107829533786
538.769999999752 -181.491617331198
539.519999999751 -187.993662795077
540.26999999975 -194.465402219048
541.01999999975 -180.807463609107
541.769999999749 -183.105197342814
542.519999999748 -186.91147292892
543.269999999748 -192.228197212152
544.019999999747 -178.448603154382
544.769999999746 -181.150286081466
545.519999999746 -180.195527220963
546.269999999745 -188.136035888432
547.019999999744 -174.415984036028
547.769999999744 -175.646044999284
548.519999999743 -184.093486399976
549.269999999742 -187.309279127807
550.019999999742 -191.50469914475
550.769999999741 -177.701338072172
551.51999999974 -178.792556447477
552.26999999974 -180.877318509398
553.019999999739 -167.08763059456
553.769999999738 -171.331867382874
554.519999999737 -174.035118585404
555.269999999737 -180.902820500493
556.019999999736 -167.119424391321
556.769999999735 -165.410485018771
557.519999999735 -175.656178547888
558.269999999734 -162.088411809107
559.019999999733 -184.118448835096
559.769999999733 -171.088015068831
560.519999999732 -175.008655210244
561.269999999731 -179.913891784374
562.019999999731 -166.710858154536
562.76999999973 -167.482295839245
563.519999999729 -170.31610970505
564.269999999729 -157.238673616273
565.019999999728 -183.632731651204
565.769999999727 -170.832262726719
566.519999999727 -172.910825693398
567.269999999726 -181.661152013948
568.019999999725 -185.652262899612
568.769999999725 -172.605868361136
569.519999999724 -159.508428131653
570.269999999723 -178.666412947556
571.019999999722 -189.464148487069
571.769999999722 -178.227078847115
572.519999999721 -184.422734131274
573.26999999972 -189.963413872238
574.01999999972 -178.309596332893
574.769999999719 -176.457400558536
575.519999999718 -180.10906757961
576.269999999718 -168.260443375076
577.019999999717 -199.557441559628
577.769999999716 -149.800642649611
578.519999999716 -139.664990357487
579.269999999715 -206.927365464173
580.019999999714 -212.981577650895
580.769999999714 -222.483184787779
581.519999999713 -212.804717319935
582.269999999712 -220.97080071643
583.019999999712 -225.829466375557
583.769999999711 -215.60777825715
584.51999999971 -218.071260346601
585.26999999971 -230.695101302562
586.019999999709 -238.995034031963
586.769999999708 -228.003215359454
587.519999999707 -216.615113365703
588.269999999707 -202.873863047056
589.019999999706 -246.020490325115
589.769999999705 -251.759399007516
590.519999999705 -239.829905487578
591.269999999704 -240.568034076876
592.019999999703 -250.429010946729
592.769999999703 -255.933541912774
593.519999999702 -243.223589817811
594.269999999701 -230.134233791431
595.019999999701 -219.298791812756
595.7699999997 -224.658713834857
596.519999999699 -239.162278405834
597.269999999699 -244.668950253516
598.019999999698 -250.489915465762
598.769999999697 -254.546817915325
599.519999999697 -240.365179141449
600.269999999696 -237.877732176078
601.019999999695 -244.494415430572
601.769999999695 -243.720644732366
602.519999999694 -228.86718687942
603.269999999693 -213.713524589088
604.019999999692 -226.413088973037
604.769999999692 -224.837214276634
605.519999999691 -209.352263215836
606.26999999969 -201.541523034101
607.01999999969 -186.605499809544
607.769999999689 -184.616121314179
608.519999999688 -168.990034298364
609.269999999688 -157.703369137714
610.019999999687 -143.23256882339
610.769999999686 -137.853601446758
611.519999999686 -124.664935667878
612.269999999685 -106.639001095761
613.019999999684 -100.780924034004
613.769999999684 -90.7091559905144
614.519999999683 -83.7320273093857
615.269999999682 -80.5047887828471
616.019999999682 -73.4868025822082
616.769999999681 -72.1667531040948
617.51999999968 -67.2024132718318
618.269999999679 -59.5421306589409
619.019999999679 -62.441874774331
619.769999999678 -59.8685981229413
620.519999999677 -58.998473085673
621.269999999677 -58.4893057022569
622.019999999676 -62.6478887844653
622.769999999675 -63.3463301076483
623.519999999675 -65.7630237468301
624.269999999674 -66.4860118474772
625.019999999673 -67.1666271534368
625.769999999673 -68.3092430199203
626.519999999672 -68.9467392572807
627.269999999671 -67.9791735010497
628.019999999671 -70.8063789763884
628.76999999967 -71.9793909709699
629.519999999669 -74.0315586263972
630.269999999669 -74.5146704711624
631.019999999668 -73.361704847695
631.769999999667 -76.5742044525876
632.519999999667 -77.5271136773298
633.269999999666 -77.8926663498252
634.019999999665 -74.7585737740697
634.769999999664 -75.8812635388294
635.519999999664 -80.3741838986596
636.269999999663 -81.3958730916527
637.019999999662 -81.5851711084582
637.769999999662 -79.7781113387568
638.519999999661 -80.2707080895497
639.26999999966 -80.4466553147249
640.01999999966 -81.7877451298436
640.769999999659 -83.4176368198254
641.519999999658 -82.5181209783672
642.269999999658 -82.5285156949233
643.019999999657 -81.3866861219603
643.769999999656 -82.861839116953
644.519999999656 -83.9709819321208
645.269999999655 -83.7470919543793
646.019999999654 -83.5713531558426
646.769999999654 -83.0251763783039
647.519999999653 -83.6805391241145
648.269999999652 -83.3548420713983
649.019999999652 -83.1074422024492
649.769999999651 -81.7770785644658
650.51999999965 -83.8626469380874
651.269999999649 -83.5090567038569
652.019999999649 -84.2760568162361
652.769999999648 -83.9584260724197
653.519999999647 -83.5787558290044
654.269999999647 -84.2787819924126
655.019999999646 -84.0203437430484
655.769999999645 -84.1008175271689
656.519999999645 -84.4880591038467
657.269999999644 -85.632147428501
658.019999999643 -86.2056333565193
658.769999999643 -86.1602253076783
659.519999999642 -86.8534219847305
660.269999999641 -87.6674524026894
661.019999999641 -87.791996540549
661.76999999964 -88.3620317492569
662.519999999639 -89.5517387628533
663.269999999639 -90.3653664770936
664.019999999638 -91.3177275871603
664.769999999637 -91.7586234240589
665.519999999637 -91.8058060875446
666.269999999636 -93.2168482152301
667.019999999635 -93.3888728818711
667.769999999634 -94.0156739646154
668.519999999634 -94.5701005856718
669.269999999633 -95.334357500662
670.019999999632 -95.8460754433654
670.769999999632 -96.0024046518556
671.519999999631 -96.4518349932587
672.26999999963 -97.0574984041523
673.01999999963 -97.5327152085847
673.769999999629 -97.6749066129596
674.519999999628 -98.1888841031023
675.269999999628 -98.5879147577907
676.019999999627 -99.078596843694
676.769999999626 -99.1257134795633
677.519999999626 -99.6115419368216
678.269999999625 -99.9778272029725
679.019999999624 -100.464250268062
679.769999999624 -100.399634429723
680.519999999623 -100.906529109634
681.269999999622 -101.281395727125
682.019999999622 -101.701243732903
682.769999999621 -101.609547026765
683.51999999962 -102.102621916063
684.269999999619 -102.457524415884
685.019999999619 -102.778686803511
685.769999999618 -102.760820806969
686.519999999617 -103.140838000265
687.269999999617 -103.064415241475
688.019999999616 -103.774727584947
688.769999999615 -104.077814230142
689.519999999615 -104.011928567928
690.269999999614 -104.373096846186
691.019999999613 -104.032766501692
691.769999999613 -104.653017899331
692.519999999612 -104.940836816473
693.269999999611 -105.2130231952
694.019999999611 -105.49974907521
694.76999999961 -105.365974006974
695.519999999609 -105.727907151861
696.269999999609 -105.971596654512
697.019999999608 -106.216142546764
697.769999999607 -105.9769822116
698.519999999607 -106.388815947579
699.269999999606 -105.998976815281
700.019999999605 -106.829785199774
700.769999999604 -107.007813715584
701.519999999604 -107.165821249167
702.269999999603 -107.0547267857
703.019999999602 -107.277031008081
703.769999999602 -106.873628162328
704.519999999601 -107.407482461636
705.2699999996 -107.549589804305
706.0199999996 -107.750219806374
706.769999999599 -107.502791540246
707.519999999598 -107.886497188363
708.269999999598 -107.891496520449
709.019999999597 -108.121530141085
709.769999999596 -107.974046285253
710.519999999596 -108.193883115066
711.269999999595 -108.243736846624
712.019999999594 -108.360037482154
712.769999999594 -107.890771676779
713.519999999593 -108.492130237821
714.269999999592 -108.571799700141
715.019999999592 -108.680649353384
715.769999999591 -108.868172277933
716.51999999959 -108.965383440974
717.269999999589 -108.771801617466
718.019999999589 -109.060021956251
718.769999999588 -109.139556542759
719.519999999587 -109.252791002349
720.269999999587 -109.03993416921
721.019999999586 -108.433364127966
721.769999999585 -109.436961240054
722.519999999585 -109.512533397592
723.269999999584 -109.246872690135
724.019999999583 -109.580016934771
724.769999999583 -109.62837671896
725.519999999582 -109.760285582008
726.269999999581 -109.489887967546
727.019999999581 -109.735653032491
727.76999999958 -109.869959412878
728.519999999579 -109.975201177986
729.269999999579 -109.652856628632
730.019999999578 -108.936798865536
730.769999999577 -110.075631872103
731.519999999576 -110.202162823931
732.269999999576 -109.944365688229
733.019999999575 -110.181088297657
733.769999999574 -109.711113680962
734.519999999574 -110.251320442814
735.269999999573 -110.331430685415
736.019999999572 -110.342318434588
736.769999999572 -110.478835781829
737.519999999571 -110.562976008725
738.26999999957 -110.628148752054
739.01999999957 -110.385616300337
739.769999999569 -110.615128558078
740.519999999568 -110.680943512067
741.269999999568 -110.785541953832
742.019999999567 -110.570633821251
742.769999999566 -110.741175225488
743.519999999566 -110.884106877224
744.269999999565 -110.91975665162
745.019999999564 -110.654681489548
745.769999999564 -110.947337770049
746.519999999563 -110.956472501413
747.269999999562 -111.042156213407
748.019999999561 -110.743506353429
748.769999999561 -111.0260014382
749.51999999956 -111.138975209935
750.269999999559 -111.181356880599
751.019999999559 -111.225779649527
751.769999999558 -111.022100982536
752.519999999557 -111.275172381444
753.269999999557 -111.315086661332
754.019999999556 -111.35641296878
754.769999999555 -111.168936864298
755.519999999555 -111.395833366532
756.269999999554 -111.439681283864
757.019999999553 -111.173671236942
757.769999999553 -111.331415786408
758.519999999552 -111.468164511443
759.269999999551 -111.044860356764
760.019999999551 -110.227842969627
760.76999999955 -111.434509433071
761.519999999549 -111.641064838495
762.269999999549 -111.708265442076
763.019999999548 -111.503486193975
763.769999999547 -111.614965581277
764.519999999546 -111.771978267407
765.269999999546 -111.455415263259
766.019999999545 -111.859839727858
766.769999999544 -111.620618677869
767.519999999544 -111.789243489566
768.269999999543 -111.93170364033
769.019999999542 -111.966661647406
769.769999999542 -112.004105617122
770.519999999541 -111.80987902663
771.26999999954 -112.045586896918
772.01999999954 -112.05260723213
772.769999999539 -111.731267826046
773.519999999538 -111.925133141391
774.269999999538 -112.143176604382
775.019999999537 -112.154433958189
775.769999999536 -111.847447590557
776.519999999536 -112.034413132344
777.269999999535 -112.160473394073
778.019999999534 -112.257920305037
778.769999999534 -112.290521761951
779.519999999533 -112.092215122109
780.269999999532 -111.500108335938
781.019999999531 -112.344887083149
781.769999999531 -112.082747974317
782.51999999953 -112.335773203209
783.269999999529 -112.320089976987
784.019999999529 -112.429862720921
784.769999999528 -112.452651903305
785.519999999527 -112.250121036759
786.269999999527 -112.329361437685
787.019999999526 -112.447385456253
787.769999999525 -112.054241992158
788.519999999525 -112.361257250232
789.269999999524 -112.376729756521
790.019999999523 -112.498464040986
790.769999999523 -112.565088138868
791.519999999522 -112.279531152311
792.269999999521 -112.569891834763
793.019999999521 -112.615401840238
793.76999999952 -112.607292347289
794.519999999519 -112.289275466614
795.269999999519 -112.606318884878
796.019999999518 -112.225326776464
796.769999999517 -112.561291567268
797.519999999516 -112.671066451745
798.269999999516 -112.609909108756
799.019999999515 -112.705815638252
799.769999999514 -112.696935866425
