0 6000.90001459388
0.75 6023.40490284584
1.5 6045.91776234992
2.25 6068.43758714852
3 6090.96342032883
3.74999999999999 6113.49442747336
4.49999999999999 6136.02979698921
5.25 6158.56873054993
6.00000000000001 6181.11051121701
6.75000000000001 6203.65449493801
7.50000000000002 6226.2000782176
8.25000000000002 6248.74669328366
9 6271.29385133686
9.74999999999998 6293.84112515734
10.5 6316.38819670544
11.25 6338.93487406042
11.9999999999999 6361.48102355303
12.7499999999999 6384.02652781826
13.4999999999999 6406.57128812458
14.2499999999999 6429.11522646814
14.9999999999999 6451.65827240896
15.7499999999999 6474.20131814118
16.4999999999999 6496.74841103288
17.2499999999999 6519.30440968042
17.9999999999999 6541.87430882692
18.75 6564.46326081924
19.5 6587.07643076463
20.25 6609.71892177715
21 6632.39571798852
21.7500000000001 6655.11163001495
22.5000000000001 6677.87126274882
23.2500000000001 6700.67899722491
24.0000000000002 6723.53897567622
24.7500000000002 6746.45506675026
25.5000000000002 6769.43085269339
26.2500000000002 6792.46961959369
27.0000000000003 6815.5743453922
27.7500000000003 6838.74763229175
28.5000000000003 6861.99182332091
29.2500000000004 6885.30899797794
30.0000000000004 6908.70098725046
30.7500000000004 6932.16936133101
31.5000000000004 6955.71541451333
32.2500000000005 6979.34017960253
33.0000000000005 7003.04441250728
33.7500000000005 7026.82861246018
34.5000000000005 7050.69304257964
35.2500000000006 7074.63782471331
36.0000000000006 7098.66301025651
36.7500000000006 7122.76861544919
37.5000000000007 7146.95462048125
38.2500000000007 7171.22077842155
39.0000000000007 7195.56645249262
39.7500000000007 7219.99083647921
40.5000000000008 7244.49299888683
41.2500000000008 7269.07189071724
42.0000000000008 7293.72636680082
42.7500000000009 7318.4551846842
43.5000000000009 7343.2570228126
44.2500000000009 7368.13049544601
45.0000000000009 7393.07417391473
45.750000000001 7418.08658884737
46.500000000001 7443.16623941732
47.250000000001 7468.31161498887
48.0000000000011 7493.52119581405
48.7500000000011 7518.79347159657
49.5000000000011 7544.12695251149
50.2500000000011 7569.52016987555
51.0000000000012 7594.97165944326
51.7500000000012 7620.47996684219
52.5000000000012 7646.04366755618
53.2500000000013 7671.66137739825
54.0000000000013 7697.3317373779
54.7500000000013 7723.05345539579
55.5000000000013 7748.8252624445
56.2500000000014 7774.64592763539
57.0000000000014 7800.51430900461
57.7500000000014 7826.42930595395
58.5000000000015 7852.38987606892
59.2500000000015 7878.39499183864
60.0000000000015 7904.44365306467
60.7500000000015 7930.53489642383
61.5000000000016 7956.66782742195
62.2500000000016 7982.84158350449
63.0000000000016 8009.05530106029
63.7500000000017 8035.30815799133
64.5000000000017 8061.59938827301
65.2500000000017 8087.92826851003
66.0000000000017 8114.29411241013
66.7500000000018 8140.69627586765
67.5000000000018 8167.13413432897
68.2500000000018 8193.60709636365
69.0000000000018 8220.11462054141
69.7500000000019 8246.65619082991
70.5000000000019 8273.23128917979
71.2500000000019 8299.83943346807
72.000000000002 8326.48015804158
72.750000000002 8353.15301971501
73.500000000002 8379.85758029997
74.250000000002 8406.59341988729
75.0000000000021 8433.36013102723
75.7500000000021 8460.15732776202
76.5000000000021 8486.98463746156
77.2500000000022 8513.84169676036
78.0000000000022 8540.72812748288
78.7500000000022 8567.64357396385
79.5000000000022 8594.58767671261
80.2500000000023 8621.56009264559
81.0000000000023 8648.56051439826
81.7500000000023 8675.58863028125
82.5000000000024 8702.64411383128
83.2500000000024 8729.7266342142
84.0000000000024 8756.8358247037
84.7500000000024 8783.97129718677
85.5000000000025 8811.13265899477
86.2500000000025 8838.3195157903
87.0000000000025 8865.53145307206
87.7500000000026 8892.76805388456
88.5000000000026 8920.02887441119
89.2500000000026 8947.31347480837
90.0000000000026 8974.62139464201
90.7500000000027 9001.95216137505
91.5000000000027 9029.30527882009
92.2500000000027 9056.68023431426
93.0000000000028 9084.07649682847
93.7500000000028 9111.4935283964
94.5000000000028 9138.93078319546
95.2500000000028 9166.38772261575
96.0000000000029 9193.86378658875
96.7500000000029 9221.35835041316
97.5000000000029 9248.87077087005
98.250000000003 9276.40039108485
99.000000000003 9303.94652446699
99.750000000003 9331.50843771247
100.500000000003 9359.08538815616
101.250000000003 9386.67662288097
102.000000000003 9414.28132171517
102.750000000003 9441.89864612821
103.500000000003 9469.52771105271
104.250000000003 9497.16759306085
105.000000000003 9524.81734317293
105.750000000003 9552.47599244742
106.500000000003 9580.14254773866
107.250000000003 9607.81594649334
108.000000000003 9635.4951109641
108.750000000003 9663.17887519935
109.500000000003 9690.86599200103
110.250000000003 9718.55517828608
111.000000000003 9746.24515991131
111.750000000003 9773.93467106685
112.500000000003 9801.62244808582
113.250000000004 9829.30708801639
114.000000000004 9856.98794232002
114.750000000004 9884.66504884577
115.500000000004 9912.33767707596
116.250000000004 9940.00554701455
117.000000000004 9967.66737775282
117.750000000004 9995.32214754023
118.500000000004 10022.9687026641
119.250000000004 10050.6058731133
120.000000000004 10078.2338657963
120.750000000004 10105.8519906574
121.500000000004 10133.4607993611
122.250000000004 10161.0594411037
123.000000000004 10188.6460359726
123.750000000004 10216.2197288662
124.500000000004 10243.7797624648
125.250000000004 10271.3245433821
126.000000000004 10298.8522078409
126.750000000004 10326.3613764632
127.500000000004 10353.8527567247
128.250000000004 10381.325220197
129.000000000004 10408.7770228451
129.750000000004 10436.2074621172
130.500000000004 10463.6168841132
131.250000000004 10491.0056340339
132.000000000004 10518.3718856475
132.750000000004 10545.7142526361
133.500000000004 10573.0323850664
134.250000000004 10600.3249927791
135.000000000004 10627.5909065522
135.750000000004 10654.8301463357
136.500000000004 10682.0418957045
137.250000000004 10709.2244098427
138.000000000004 10736.3756942383
138.750000000004 10763.4935731831
139.500000000005 10790.5781207235
140.250000000005 10817.6288794379
141.000000000005 10844.6449945172
141.750000000005 10871.6248467665
142.500000000005 10898.5678771903
143.250000000005 10925.4732476158
144.000000000005 10952.3399750222
144.750000000005 10979.1667669228
145.500000000005 11005.9518954474
146.250000000005 11032.6970657734
147.000000000005 11059.4013251764
147.750000000005 11086.0635433255
148.500000000005 11112.6827546942
149.250000000005 11139.2568043242
150.000000000005 11165.7838907905
150.750000000005 11192.2652257787
151.500000000005 11218.7034288566
152.250000000005 11245.0967579377
153.000000000005 11271.4424157251
153.750000000005 11297.7395538885
154.500000000005 11323.9869964254
155.250000000005 11350.1824464596
156.000000000005 11376.324769515
156.750000000005 11402.4137007932
157.500000000005 11428.4486847474
158.250000000005 11454.4284544085
159.000000000005 11480.3525708546
159.750000000005 11506.2197156037
160.500000000005 11532.0307028339
161.250000000005 11557.7867324049
162.000000000005 11583.4887787683
162.750000000005 11609.1366383074
163.500000000005 11634.7299132961
164.250000000005 11660.2679541734
165.000000000005 11685.7522485602
165.750000000006 11711.1839617467
166.500000000006 11736.5637754558
167.250000000006 11761.8927452051
168.000000000006 11787.1726966839
168.750000000006 11812.407034934
169.500000000006 11837.5985696278
170.250000000006 11862.7501354932
171.000000000006 11887.8649216581
171.750000000006 11912.9467503971
172.500000000006 11937.9974619223
173.250000000006 11963.0195628988
174.000000000006 11988.0169713171
174.750000000006 12012.9925478941
175.500000000006 12037.948386167
176.250000000006 12062.8863329363
177.000000000006 12087.8115653337
177.750000000006 12112.7278481227
178.500000000006 12137.6386206093
179.250000000006 12162.548435525
180.000000000006 12187.4628817712
180.750000000006 12212.3883503791
181.500000000006 12237.3315767055
182.250000000006 12262.2993038664
183.000000000006 12287.2979085692
183.750000000006 12312.3331472195
184.500000000006 12337.4099807346
185.250000000006 12362.5324932172
186.000000000006 12387.7039070044
186.750000000006 12412.9266155165
187.500000000006 12438.2023157713
188.250000000006 12463.5321417578
189.000000000006 12488.9167380211
189.750000000006 12514.356385564
190.500000000006 12539.8510057006
191.250000000006 12565.3999972807
192.000000000007 12591.0023914153
192.750000000007 12616.6569039731
193.500000000007 12642.361988207
194.250000000007 12668.1160333435
195.000000000007 12693.9171930284
195.750000000007 12719.7634450097
196.500000000007 12745.6526608121
197.250000000007 12771.5825971728
198.000000000007 12797.5509101835
198.750000000007 12823.5552438343
199.500000000007 12849.5932773171
200.250000000007 12875.6627080951
201.000000000007 12901.7612489873
201.750000000007 12927.8866672704
202.500000000007 12954.0367969197
203.250000000007 12980.2095282804
204.000000000007 13006.4028442518
204.750000000007 13032.6148722624
205.500000000007 13058.8438015594
206.250000000007 13085.0879472336
207.000000000007 13111.3456840042
207.750000000007 13137.615440122
208.500000000007 13163.8957774537
209.250000000007 13190.1853471715
210.000000000007 13216.4828948493
210.750000000007 13242.7872338147
211.500000000007 13269.0971894665
212.250000000007 13295.4116508125
213.000000000007 13321.7296086265
213.750000000007 13348.0500823023
214.500000000007 13374.3721905076
215.250000000007 13400.695166027
216.000000000007 13427.0182890468
216.750000000007 13453.340899538
217.500000000007 13479.6624819411
218.250000000008 13505.9827262781
219.000000000008 13532.3013976527
219.750000000008 13558.618283384
220.500000000008 13584.9332516929
221.250000000008 13611.2461868553
222.000000000008 13637.5569816876
222.750000000008 13663.865557862
223.500000000008 13690.1718575397
224.250000000008 13716.4758454085
225.000000000008 13742.7774950525
225.750000000008 13769.0767835306
226.500000000008 13795.3736910687
227.250000000008 13821.6681992282
228.000000000008 13847.9602917287
228.750000000008 13874.2499519769
229.500000000008 13900.5371623129
230.250000000008 13926.8219013518
231.000000000008 13953.1041477789
231.750000000008 13979.3838839508
232.500000000008 14005.6610918137
233.250000000008 14031.9357548635
234.000000000008 14058.2078625812
234.750000000008 14084.4774091673
235.500000000008 14110.7443919161
236.250000000008 14137.0088092404
237.000000000008 14163.2706605043
237.750000000008 14189.5299472492
238.500000000008 14215.7866727546
239.250000000008 14242.0408404112
240.000000000008 14268.292457163
240.750000000008 14294.541531563
241.500000000008 14320.7880736003
242.250000000008 14347.0320911617
243.000000000008 14373.2735929351
243.750000000008 14399.5125896959
244.500000000008 14425.7490963373
245.250000000009 14451.9831286378
246.000000000009 14478.2147036579
246.750000000009 14504.4438387574
247.500000000009 14530.6705496088
248.250000000009 14556.8948500589
249.000000000009 14583.1167522821
249.750000000009 14609.3362731405
250.500000000009 14635.5534306575
251.250000000009 14661.7682419676
252.000000000009 14687.9807267553
252.750000000009 14714.1909067296
253.500000000009 14740.3988056676
254.250000000009 14766.604448481
255.000000000009 14792.8078626482
255.750000000009 14819.0090788235
256.500000000008 14845.2081342021
257.250000000008 14871.405083031
258.000000000007 14897.5999861704
258.750000000006 14923.7929072809
259.500000000006 14949.9839204554
260.250000000005 14976.1731064608
261.000000000004 15002.3605852148
261.750000000004 15028.5464632535
262.500000000003 15054.7308715539
263.250000000002 15080.9139310581
264.000000000002 15107.0957451306
264.750000000001 15133.2764070459
265.5 15159.4560079313
266.25 15185.6345898009
266.999999999999 15211.8121827185
267.749999999998 15237.9888153632
268.499999999998 15264.1645161121
269.249999999997 15290.3393130507
269.999999999996 15316.5132337012
270.749999999996 15342.6863052917
271.499999999995 15368.8585547552
272.249999999994 15395.0300088236
272.999999999993 15421.2006939931
273.749999999993 15447.370636556
274.499999999992 15473.539863605
275.249999999991 15499.708403383
275.999999999991 15525.8762839762
276.74999999999 15552.0435336717
277.499999999989 15578.2101816084
278.249999999989 15604.3762604977
278.999999999988 15630.541800076
279.749999999987 15656.7068365541
280.499999999987 15682.8714754264
281.249999999986 15709.0358057944
281.999999999985 15735.1998738139
282.749999999985 15761.3637177798
283.499999999984 15787.5273723663
284.249999999983 15813.6908713557
284.999999999983 15839.8542456722
285.749999999982 15866.0175203493
286.499999999981 15892.180718873
287.249999999981 15918.3438638727
287.99999999998 15944.5069772215
288.749999999979 15970.6700799485
289.499999999978 15996.8331924923
290.249999999978 16022.9963355423
290.999999999977 16049.1595301628
291.749999999976 16075.3227970899
292.499999999976 16101.4861568399
293.249999999975 16127.6496289234
293.999999999974 16153.8132318694
294.749999999974 16179.976984572
295.499999999973 16206.1409057699
296.249999999972 16232.3050139406
296.999999999972 16258.4693274831
297.749999999971 16284.6338646666
298.49999999997 16310.7986435462
299.24999999997 16336.9636819312
299.999999999969 16363.1289975164
300.749999999968 16389.2946081209
301.499999999968 16415.4605313871
302.249999999967 16441.6267846716
302.999999999966 16467.7933850236
303.749999999965 16493.9603491762
304.499999999965 16520.1276935411
305.249999999964 16546.2954342056
305.999999999963 16572.4635869303
306.749999999963 16598.6321671012
307.499999999962 16624.8011893579
308.249999999961 16650.9706676176
308.999999999961 16677.1406152959
309.74999999996 16703.3110453888
310.499999999959 16729.4819705334
311.249999999959 16755.6534030084
311.999999999958 16781.8253547496
312.749999999957 16807.9978373686
313.499999999957 16834.1708622433
314.249999999956 16860.3444403401
314.999999999955 16886.5185822785
315.749999999955 16912.693298597
316.499999999954 16938.8685997159
317.249999999953 16965.0444957618
317.999999999953 16991.2209966253
318.749999999952 17017.3981119052
319.499999999951 17043.5758508642
320.24999999995 17069.7542224368
320.99999999995 17095.9332352883
321.749999999949 17122.112897834
322.499999999948 17148.2932182107
323.249999999948 17174.4742042232
323.999999999947 17200.6558634053
324.749999999946 17226.8382029498
325.499999999946 17253.0212296345
326.249999999945 17279.2049499504
326.999999999944 17305.3893702257
327.749999999944 17331.5744974671
328.499999999943 17357.7603386905
329.249999999942 17383.9469005052
329.999999999942 17410.1341891415
330.749999999941 17436.3222104126
331.49999999994 17462.5109698107
332.24999999994 17488.7004723544
332.999999999939 17514.8907224757
333.749999999938 17541.0817242315
334.499999999938 17567.2734813466
335.249999999937 17593.465997192
335.999999999936 17619.6592750358
336.749999999935 17645.8533174753
337.499999999935 17672.0481266576
338.249999999934 17698.2437044685
338.999999999933 17724.4400525469
339.749999999933 17750.6371725233
340.499999999932 17776.8350661283
341.249999999931 17803.0337346449
341.999999999931 17829.2331787498
342.74999999993 17855.4333983971
343.499999999929 17881.6343931669
344.249999999929 17907.836162462
344.999999999928 17934.0387050282
345.749999999927 17960.2420193321
346.499999999927 17986.4461039186
347.249999999926 18012.6509569902
347.999999999925 18038.8565765594
348.749999999925 18065.062960264
349.499999999924 18091.2701054657
350.249999999923 18117.4780093348
350.999999999923 18143.686668757
351.749999999922 18169.8960803613
352.499999999921 18196.1062407408
353.24999999992 18222.3171463763
353.99999999992 18248.5287933096
354.749999999919 18274.741177173
355.499999999918 18300.9542934434
356.249999999918 18327.1681376466
356.999999999917 18353.3827058413
357.749999999916 18379.5979936552
358.499999999916 18405.8139961892
359.249999999915 18432.0307083529
359.999999999914 18458.2481254092
360.749999999914 18484.4662432308
361.499999999913 18510.6850573284
362.249999999912 18536.904562892
362.999999999912 18563.1247548886
363.749999999911 18589.3456280336
364.49999999991 18615.5671766695
365.24999999991 18641.7893945358
365.999999999909 18668.0122749698
366.749999999908 18694.2358110997
367.499999999908 18720.4599958662
368.249999999907 18746.6848220326
368.999999999906 18772.9102821923
369.749999999905 18799.1363687749
370.499999999905 18825.3630740514
371.249999999904 18851.5903901394
371.999999999903 18877.8183090079
372.749999999903 18904.0468224816
373.499999999902 18930.2759222456
374.249999999901 18956.5055998694
374.999999999901 18982.7358469305
375.7499999999 19008.966654987
376.499999999899 19035.1980155232
377.249999999899 19061.4299199605
377.999999999898 19087.6623596224
378.749999999897 19113.8953257272
379.499999999897 19140.1288094318
380.249999999896 19166.3628018624
380.999999999895 19192.5972940633
381.749999999895 19218.8322769854
382.499999999894 19245.0677414897
383.249999999893 19271.3036783506
383.999999999893 19297.5400782591
384.749999999892 19323.7769318272
385.499999999891 19350.0142295908
386.24999999989 19376.2519620225
386.99999999989 19402.4901195714
387.749999999889 19428.7286926579
388.499999999888 19454.9676716649
389.249999999888 19481.2070469214
389.999999999887 19507.4468087037
390.749999999886 19533.6869472388
391.499999999886 19559.9274527106
392.249999999885 19586.1683152833
392.999999999884 19612.4095251037
393.749999999884 19638.6510722881
394.499999999883 19664.8929469384
395.249999999882 19691.1351391451
395.999999999882 19717.3776390065
396.749999999881 19743.6204366482
397.49999999988 19769.863522189
398.24999999988 19796.1068857344
398.999999999879 19822.3505173793
399.749999999878 19848.5944072106
400.499999999878 19874.8385453108
401.249999999877 19901.0829217607
401.999999999876 19927.327526643
402.749999999875 19953.5723500457
403.499999999875 19979.8173820649
404.249999999874 20006.0626128087
404.999999999873 20032.3080323998
405.749999999873 20058.5536308207
406.499999999872 20084.7993971221
407.249999999871 20111.0453198245
407.999999999871 20137.2913874169
408.74999999987 20163.5375884131
409.499999999869 20189.7839113688
410.249999999869 20216.0303448923
410.999999999868 20242.2768776522
411.749999999867 20268.5234983831
412.499999999867 20294.7701958913
413.249999999866 20321.0169590594
413.999999999865 20347.2637768505
414.749999999865 20373.510638313
415.499999999864 20399.757532584
416.249999999863 20426.0044488931
416.999999999862 20452.2513765667
417.749999999862 20478.4983050381
418.499999999861 20504.7452243386
419.24999999986 20530.9921254476
419.99999999986 20557.238999446
420.749999999859 20583.4858374713
421.499999999858 20609.7326307177
422.249999999858 20635.9793704426
422.999999999857 20662.2260479838
423.749999999856 20688.4726548133
424.499999999856 20714.7191826436
425.249999999855 20740.9656232948
425.999999999854 20767.2119686903
426.749999999854 20793.4582108611
427.499999999853 20819.7043419264
428.249999999852 20845.9503540904
428.999999999852 20872.1962396582
429.749999999851 20898.4419910434
430.49999999985 20924.6876007696
431.24999999985 20950.9330614869
431.999999999849 20977.1783659447
432.749999999848 21003.4235070032
433.499999999847 21029.6684776395
434.249999999847 21055.9132709286
434.999999999846 21082.1578800511
435.749999999845 21108.402298305
436.499999999845 21134.6465191064
437.249999999844 21160.8905351259
437.999999999843 21187.1343382278
438.749999999843 21213.3779207571
439.499999999842 21239.6212752032
440.249999999841 21265.8643939099
440.999999999841 21292.1072694676
441.74999999984 21318.349894676
442.499999999839 21344.5922624781
443.249999999839 21370.8343657857
443.999999999838 21397.076197533
444.749999999837 21423.31775117
445.499999999837 21449.5590204343
446.249999999836 21475.7999990316
446.999999999835 21502.0406811659
447.749999999835 21528.2810610902
448.499999999834 21554.5211332878
449.249999999833 21580.7608926046
449.999999999832 21607.0003340651
450.749999999832 21633.2394524388
451.499999999831 21659.4782423257
452.24999999983 21685.7166991814
452.99999999983 21711.9548178609
453.749999999829 21738.1925934723
454.499999999828 21764.4300218543
455.249999999828 21790.6670984514
455.999999999827 21816.9038187937
456.749999999826 21843.1401788482
457.499999999826 21869.3761750586
458.249999999825 21895.6118040128
458.999999999824 21921.8470626065
459.749999999824 21948.0819479071
460.499999999823 21974.3164574934
461.249999999822 22000.5505892701
461.999999999822 22026.7843413491
462.749999999821 22053.0177118364
463.49999999982 22079.2506986593
464.24999999982 22105.4832997082
464.999999999819 22131.7155135624
465.749999999818 22157.9473391871
466.499999999817 22184.1787758062
467.249999999817 22210.4098228539
467.999999999816 22236.6404800475
468.749999999815 22262.8707473277
469.499999999815 22289.1006246298
470.249999999814 22315.3301120362
470.999999999813 22341.5592099605
471.749999999813 22367.7879190794
472.499999999812 22394.0162401184
473.249999999811 22420.2441739763
473.999999999811 22446.4717215288
474.74999999981 22472.6988836491
475.499999999809 22498.9256614764
476.249999999809 22525.1520563085
476.999999999808 22551.378069226
477.749999999807 22577.603702028
478.499999999807 22603.8289562998
479.249999999806 22630.0538332676
479.999999999805 22656.2783341885
480.749999999805 22682.5024603971
481.499999999804 22708.7262133156
482.249999999803 22734.9495944542
482.999999999802 22761.1726054099
483.749999999802 22787.3952478657
484.499999999801 22813.6175235884
485.2499999998 22839.8394344283
485.9999999998 22866.0609823172
486.749999999799 22892.2821692676
487.499999999798 22918.5029973709
488.249999999798 22944.7234688419
488.999999999797 22970.9435861228
489.749999999796 22997.1633517562
490.499999999796 23023.3827688045
491.249999999795 23049.6018408636
491.999999999794 23075.8205716487
492.749999999794 23102.0389650554
493.499999999793 23128.2570252028
494.249999999792 23154.4747562868
494.999999999792 23180.6921625722
495.749999999791 23206.9092483838
496.49999999979 23233.1260181287
497.24999999979 23259.3424764493
497.999999999789 23285.5586283495
498.749999999788 23311.7744789904
499.499999999787 23337.9900335551
500.249999999787 23364.2052972179
500.999999999786 23390.4202750722
501.749999999785 23416.6349719199
502.499999999785 23442.8493932596
503.249999999784 23469.0635446681
503.999999999783 23495.277431736
504.749999999783 23521.4910600873
505.499999999782 23547.7044353765
506.249999999781 23573.91756327
506.999999999781 23600.1304492756
507.74999999978 23626.3430988036
508.499999999779 23652.5555172023
509.249999999779 23678.7677101323
509.999999999778 23704.9796833847
510.749999999777 23731.1914427654
511.499999999777 23757.402994043
512.249999999776 23783.6143428588
512.999999999775 23809.8254944969
513.749999999775 23836.0364542079
514.499999999774 23862.2472272461
515.249999999773 23888.4578188551
515.999999999773 23914.66823444
516.749999999772 23940.8784798715
517.499999999771 23967.0885604529
518.24999999977 23993.2984813473
518.99999999977 24019.5082477438
519.749999999769 24045.7178648445
520.499999999768 24071.9273378592
521.249999999768 24098.136672001
521.999999999767 24124.3458724828
522.749999999766 24150.5549445153
523.499999999766 24176.7638933037
524.249999999765 24202.9727240462
524.999999999764 24229.1814419315
525.749999999764 24255.3900521368
526.499999999763 24281.5985598261
527.249999999762 24307.8069701482
527.999999999762 24334.0152882348
528.749999999761 24360.2235191993
529.49999999976 24386.4316681342
530.24999999976 24412.6397401104
530.999999999759 24438.847740175
531.749999999758 24465.05567335
532.499999999758 24491.2635446304
533.249999999757 24517.4713589834
533.999999999756 24543.6791213461
534.749999999755 24569.8868366404
535.499999999755 24596.0945099276
536.249999999754 24622.3021460834
536.999999999753 24648.5097497852
537.749999999753 24674.7173257094
538.499999999752 24700.9248784689
539.249999999751 24727.1324127108
539.999999999751 24753.3399331158
540.74999999975 24779.5474443491
541.499999999749 24805.7549507919
542.249999999749 24831.9624569578
542.999999999748 24858.1699671088
543.749999999747 24884.3774854934
544.499999999747 24910.5850163523
545.249999999746 24936.7925638851
545.999999999745 24963.0001323977
546.749999999745 24989.2077256307
547.499999999744 25015.4153471628
548.249999999743 25041.6230005449
548.999999999742 25067.8306892924
549.749999999742 25094.0384168824
550.499999999741 25120.246186752
551.24999999974 25146.4540022976
551.99999999974 25172.6618670592
552.749999999739 25198.8697847528
553.499999999738 25225.0777592221
554.249999999738 25251.2857938957
554.999999999737 25277.4938921984
555.749999999736 25303.7020575066
556.499999999736 25329.9102931515
557.249999999735 25356.1186024142
557.999999999734 25382.326988545
558.749999999734 25408.5354547867
559.499999999733 25434.7440043792
560.249999999732 25460.9526411012
560.999999999732 25487.1613696737
561.749999999731 25513.3701942858
562.49999999973 25539.5791190987
563.24999999973 25565.78814783
563.999999999729 25591.9972836619
564.749999999728 25618.2065296587
565.499999999727 25644.4158891835
566.249999999727 25670.6253654201
566.999999999726 25696.8349608731
567.749999999725 25723.0446786095
568.499999999725 25749.2545216381
569.249999999724 25775.464492839
569.999999999723 25801.6745950236
570.749999999723 25827.8848307817
571.499999999722 25854.0952027088
572.249999999721 25880.3057133929
572.999999999721 25906.5163653005
573.74999999972 25932.7271607326
574.499999999719 25958.9381018698
575.249999999719 25985.1491908365
575.999999999718 26011.3604296929
576.749999999717 26037.5718202862
577.499999999717 26063.7833643551
578.249999999716 26089.9950636255
578.999999999715 26116.2069198616
579.749999999715 26142.418934614
580.499999999714 26168.6311092927
581.249999999713 26194.84344528
581.999999999712 26221.055943925
582.749999999712 26247.2686065906
583.499999999711 26273.4814345348
584.24999999971 26299.6944288829
584.99999999971 26325.9075908156
585.749999999709 26352.1209213893
586.499999999708 26378.3344215986
587.249999999708 26404.5480922932
587.999999999707 26430.7619343181
588.749999999706 26456.9759484501
589.499999999706 26483.1901353216
590.249999999705 26509.4044956271
590.999999999704 26535.6190300283
591.749999999704 26561.8337390387
592.499999999703 26588.0486229673
593.249999999702 26614.2636820489
593.999999999702 26640.478916489
594.749999999701 26666.6943263944
595.4999999997 26692.9099117559
596.2499999997 26719.1256725388
596.999999999699 26745.3416086061
597.749999999698 26771.5577197148
598.499999999697 26797.7740055579
599.249999999697 26823.990465788
599.999999999696 26850.2070967975
600.749999999695 26876.41575488
601.499999999695 26902.5858254564
602.249999999694 26928.6837884726
602.999999999693 26954.6757849814
603.749999999693 26980.529329688
604.499999999692 27006.213997887
605.249999999691 27031.7004412546
605.999999999691 27056.9630593009
606.74999999969 27081.9831492217
607.499999999689 27106.7431097157
608.249999999689 27131.2263729722
608.999999999688 27155.4167621556
609.749999999687 27179.3003202851
610.499999999687 27202.8679801199
611.249999999686 27226.1114782197
611.999999999685 27249.0242127045
612.749999999685 27271.5989307572
613.499999999684 27293.8295417833
614.249999999683 27315.709891224
614.999999999682 27337.2327421746
615.749999999682 27358.3954957411
616.499999999681 27379.1969631289
617.24999999968 27399.634549401
617.99999999968 27419.7062998035
618.749999999679 27439.4101214053
619.499999999678 27458.7465813707
620.249999999678 27477.7154079877
620.999999999677 27496.313732173
621.749999999676 27514.5382540919
622.499999999676 27532.3886655945
623.249999999675 27549.8642102923
623.999999999674 27566.9645436438
624.749999999674 27583.6911867753
625.499999999673 27600.0451210678
626.249999999672 27616.0285632194
626.999999999672 27631.6426791525
627.749999999671 27646.886146165
628.49999999967 27661.760455888
629.24999999967 27676.266327196
629.999999999669 27690.4027286569
630.749999999668 27704.1695281848
631.499999999667 27717.5667537482
632.249999999667 27730.5938692714
632.999999999666 27743.2493100835
633.749999999665 27755.5323146512
634.499999999665 27767.4403504372
635.249999999664 27778.972449468
635.999999999663 27790.1282907431
636.749999999663 27800.9079144333
637.499999999662 27811.3100747827
638.249999999661 27821.3338391116
638.999999999661 27830.9796990478
639.74999999966 27840.2509258091
640.499999999659 27849.1479395064
641.249999999659 27857.6710768304
641.999999999658 27865.8200779722
642.749999999657 27873.5934299238
643.499999999657 27880.9887272545
644.249999999656 27888.0053484616
644.999999999655 27894.6464660569
645.749999999655 27900.9163107858
646.499999999654 27906.8193100081
647.249999999653 27912.3608773061
647.999999999652 27917.5486434224
648.749999999652 27922.3903324485
649.499999999651 27926.8939146462
650.24999999965 27931.0672799166
650.99999999965 27934.9209882651
651.749999999649 27938.4654204281
652.499999999648 27941.7104893101
653.249999999648 27944.6694146609
653.999999999647 27947.3569472532
654.749999999646 27949.788128472
655.499999999646 27951.9808277835
656.249999999645 27953.9549734239
656.999999999644 27955.7294247024
657.749999999644 27957.3244828035
658.499999999643 27958.7594579228
659.249999999642 27960.0526735536
659.999999999642 27961.2179932018
660.749999999641 27962.2697564613
661.49999999964 27963.221395922
662.249999999639 27964.0849613472
662.999999999639 27964.87169952
663.749999999638 27965.5940836922
664.499999999637 27966.2633250154
665.249999999637 27966.8876828438
665.999999999636 27967.4737662314
666.749999999635 27968.0255970652
667.499999999635 27968.5473186935
668.249999999634 27969.0453532918
668.999999999633 27969.5234518891
669.749999999633 27969.9832686211
670.499999999632 27970.4268754365
671.249999999631 27970.8550639293
671.999999999631 27971.2682581781
672.74999999963 27971.6668433701
673.499999999629 27972.0521974706
674.249999999629 27972.425227968
674.999999999628 27972.7867222408
675.749999999627 27973.1382602124
676.499999999627 27973.4799973373
677.249999999626 27973.8127105144
677.999999999625 27974.1386349007
678.749999999624 27974.4578872906
679.499999999624 27974.7706122666
680.249999999623 27975.0763085296
680.999999999622 27975.374824915
681.749999999622 27975.6662596879
682.499999999621 27975.9492651836
683.24999999962 27976.2226514947
683.99999999962 27976.4861359919
684.749999999619 27976.7401751693
685.499999999618 27976.9857555051
686.249999999618 27977.2242818932
686.999999999617 27977.4574734085
687.749999999616 27977.6866258012
688.499999999616 27977.9112872688
689.249999999615 27978.1308687487
689.999999999614 27978.3449760766
690.749999999614 27978.5532375176
691.499999999613 27978.7558510929
692.249999999612 27978.9531425456
692.999999999612 27979.1448230648
693.749999999611 27979.3300563507
694.49999999961 27979.5087716111
695.249999999609 27979.6798753399
695.999999999609 27979.8444029919
696.749999999608 27980.0023044551
697.499999999607 27980.1535833543
698.249999999607 27980.2983881228
698.999999999606 27980.435459081
699.749999999605 27980.5653184861
700.499999999605 27980.6885223947
701.249999999604 27980.805039636
701.999999999603 27980.9147666014
702.749999999603 27981.0191186199
703.499999999602 27981.1182505599
704.249999999601 27981.2130293398
704.999999999601 27981.3043052282
705.7499999996 27981.3925848464
706.499999999599 27981.4779964884
707.249999999599 27981.5611194246
707.999999999598 27981.641734307
708.749999999597 27981.719749422
709.499999999597 27981.7965589419
710.249999999596 27981.8723087445
710.999999999595 27981.9458909279
711.749999999594 27982.0174522663
712.499999999594 27982.0882420922
713.249999999593 27982.1578494783
713.999999999592 27982.2257168057
714.749999999592 27982.2920140084
715.499999999591 27982.3573342796
716.24999999959 27982.4224053388
716.99999999959 27982.4869854674
717.749999999589 27982.5504770799
718.499999999588 27982.6130635401
719.249999999588 27982.6740575666
719.999999999587 27982.7334111299
720.749999999586 27982.7910226513
721.499999999586 27982.8472159264
722.249999999585 27982.9027966814
722.999999999584 27982.9573171803
723.749999999584 27983.0103517441
724.499999999583 27983.0620516998
725.249999999582 27983.1124909127
725.999999999582 27983.1616929093
726.749999999581 27983.2096709911
727.49999999958 27983.2564370263
728.249999999579 27983.3020001472
728.999999999579 27983.3463748638
729.749999999578 27983.3895909372
730.499999999577 27983.4316636681
731.249999999577 27983.4726006787
731.999999999576 27983.5124088918
732.749999999575 27983.5510944682
733.499999999575 27983.5886645685
734.249999999574 27983.6251345875
734.999999999573 27983.6605014211
735.749999999573 27983.6945010073
736.499999999572 27983.7273676873
737.249999999571 27983.7591212653
737.999999999571 27983.7897890755
738.74999999957 27983.8194151972
739.499999999569 27983.8480200506
740.249999999569 27983.8755978299
740.999999999568 27983.9022475569
741.749999999567 27983.9280708083
742.499999999567 27983.9531203907
743.249999999566 27983.9774297987
743.999999999565 27984.0010234349
744.749999999564 27984.023920641
745.499999999564 27984.0461364975
746.249999999563 27984.0677462933
746.999999999562 27984.0893582805
747.749999999562 27984.1110819915
748.499999999561 27984.1328807098
749.24999999956 27984.1547198845
749.99999999956 27984.1765675223
750.749999999559 27984.1984010943
751.499999999558 27984.2203484954
752.249999999558 27984.2424092129
752.999999999557 27984.2645145837
753.749999999556 27984.2866283341
754.499999999556 27984.3088452434
755.249999999555 27984.3311097159
755.999999999554 27984.3533784787
756.749999999554 27984.3757242902
757.499999999553 27984.3980885924
758.249999999552 27984.4203562388
758.999999999552 27984.4422405592
759.749999999551 27984.4636744212
760.49999999955 27984.4846276972
761.249999999549 27984.5050688389
761.999999999549 27984.5249853338
762.749999999548 27984.5442572056
763.499999999547 27984.5628918437
764.249999999547 27984.5809369033
764.999999999546 27984.5984237376
765.749999999545 27984.615377341
766.499999999545 27984.6318186235
767.249999999544 27984.6477660698
767.999999999543 27984.6632360403
768.749999999543 27984.6782433239
769.499999999542 27984.6928017674
770.249999999541 27984.7069241467
770.999999999541 27984.7206225815
771.74999999954 27984.7339086288
772.499999999539 27984.746793515
773.249999999539 27984.7592869925
773.999999999538 27984.7713988119
774.749999999537 27984.7831387404
775.499999999536 27984.7945163939
776.249999999536 27984.805540242
776.999999999535 27984.816218169
777.749999999534 27984.8265570064
778.499999999534 27984.8365621018
779.249999999533 27984.846239325
779.999999999532 27984.8555943158
780.749999999532 27984.8646296807
781.499999999531 27984.873039569
782.24999999953 27984.8806321587
782.99999999953 27984.887473002
783.749999999529 27984.8936011194
784.499999999528 27984.8990486007
785.249999999528 27984.9038442343
785.999999999527 27984.9080137719
786.749999999526 27984.9115819652
787.499999999526 27984.9145728893
788.249999999525 27984.917009487
788.999999999524 27984.9189159493
789.749999999524 27984.9203162142
790.499999999523 27984.9212330583
791.249999999522 27984.9216893171
791.999999999521 27984.9217415838
792.749999999521 27984.9216911062
793.49999999952 27984.9216037204
794.249999999519 27984.9214794267
794.999999999519 27984.9213182256
795.749999999518 27984.9211201177
796.499999999517 27984.9208851033
797.249999999517 27984.920613183
797.999999999516 27984.9203043572
798.749999999515 27984.9199586264
799.499999999515 27984.9195759911
