0 6000
12.8699999999999 6000.00060221732
24.7500000000002 5992.17892882786
37.6200000000007 5931.94686024686
49.5000000000011 5798.47852010696
62.3700000000016 5558.04948009342
74.250000000002 5261.44439266192
87.1200000000025 4894.75366275356
99.000000000003 4550.63260410806
111.870000000003 4196.87477366194
124.740000000004 3875.70559918693
137.610000000004 3597.16295129239
150.480000000005 3363.7719520555
163.350000000005 3170.43224951495
176.220000000006 3008.37757323999
188.100000000006 2886.14044768877
200.970000000007 2785.34494292368
213.840000000007 2696.10044982851
225.720000000008 2606.5430208017
239.580000000008 2485.59114258934
252.450000000009 2358.05771997007
264.330000000001 2232.44443997174
277.19999999999 2098.40044753141
289.079999999979 1986.86193326836
301.949999999967 1882.6132533442
314.819999999955 1797.98770476824
326.699999999945 1738.10893866454
339.569999999933 1682.14203536546
352.439999999921 1628.55641443033
365.30999999991 1577.81343118398
378.179999999898 1532.25154740421
390.059999999887 1500.17388464659
403.919999999874 1470.18468201461
416.789999999863 1446.02979790284
429.659999999851 1422.5679754889
442.529999999839 1399.88106398312
454.409999999828 1381.14004826932
467.279999999817 1364.81158755181
479.159999999806 1352.4564565672
493.019999999793 1340.39595108416
504.899999999783 1330.71588442973
517.769999999771 1320.37904984395
530.639999999759 1311.27648038074
542.519999999748 1304.39192523369
555.389999999737 1296.90816477451
568.259999999725 1290.68035176622
580.139999999714 1292.04546614116
593.009999999702 1308.8539924539
604.889999999692 1320.6129809477
617.75999999968 1272.09603631742
629.639999999669 1200.74119813486
643.499999999657 1134.01854013217
656.369999999645 1091.47802629215
669.239999999633 1095.74548125917
682.109999999621 1102.00361340063
694.97999999961 1105.96158289993
707.849999999598 1108.10928532721
721.709999999585 1109.50991231527
734.579999999574 1110.45306910557
746.459999999563 1111.04788384106
760.31999999955 1111.65404503153
773.189999999539 1112.12939868643
786.059999999527 1112.48798856513
798.929999999515 1112.71760758997
