16.7399999999999 40.5584960727461
17.4899999999999 40.1407959181698
18.2399999999999 39.9408963880612
18.99 39.71661946799
19.74 39.4618288394312
20.49 39.1844729468721
21.24 38.6223503884668
21.9900000000001 38.2940270632788
22.7400000000001 37.6841803148504
23.4900000000001 37.31159579611
24.2400000000002 36.9206877778757
24.9900000000002 36.5165625646807
25.7400000000002 36.0940964624669
26.4900000000002 35.6552510552018
27.2400000000003 34.9441451637641
27.9900000000003 34.486415256375
28.7400000000003 34.017336267923
29.4900000000004 33.5416839156243
30.2400000000004 32.7991660362124
30.9900000000004 32.3102351446139
31.7400000000004 31.8156004704248
32.4900000000005 31.3193595261545
33.2400000000005 30.5676705929258
33.9900000000005 30.0682249165447
34.7400000000006 29.5677999759652
35.4900000000006 29.0672569284125
36.2400000000006 28.3246537091154
36.9900000000006 27.8312930094241
37.7400000000007 27.3372668947072
38.4900000000007 26.6101926297468
39.2400000000007 26.124192987435
39.9900000000008 25.6420696793359
40.7400000000008 25.1642578300533
41.4900000000008 24.68875161016
42.2400000000008 23.9964350933633
42.9900000000009 23.5367253069974
43.7400000000009 23.0801646176463
44.4900000000009 22.6298733574338
45.240000000001 22.1833423109491
45.990000000001 21.5336059656294
46.740000000001 21.1020127596954
47.490000000001 20.4712950539566
48.2400000000011 20.2561947534305
48.9900000000011 19.4430507520689
49.7400000000011 19.2369504836939
50.4900000000012 18.6424453663405
51.2400000000012 18.2527561726012
51.9900000000012 17.867772784822
52.7400000000012 17.4901846801928
53.4900000000013 16.9325563240115
54.2400000000013 16.754968444955
54.9900000000013 16.2151637443295
55.7400000000014 15.8690265191696
56.4900000000014 15.5258145888985
57.2400000000014 15.0141605403694
57.9900000000014 14.6894026660526
58.7400000000015 14.3699240554025
59.4900000000015 14.0578950733265
60.2400000000015 13.7534095731683
60.9900000000016 13.4541768191717
61.7400000000016 12.9956484033921
62.4900000000016 12.7145548687647
63.2400000000016 12.2739662638424
63.9900000000017 12.1702388331454
64.7400000000017 11.7462281055608
65.4900000000017 11.4933424197555
66.2400000000017 11.0866525361657
66.9900000000018 10.84706865206
67.7400000000018 10.6168605542303
68.4900000000018 10.3918696010535
69.2400000000019 10.1741212584985
69.9900000000019 9.96351636864864
70.7400000000019 9.60520855745828
71.4900000000019 9.25531471772263
72.240000000002 9.22057453078338
72.990000000002 9.0366587328578
73.740000000002 8.70887311657327
74.4900000000021 8.54088830932398
75.2400000000021 8.37752476469918
75.9900000000021 8.22277075865747
76.7400000000021 7.92348072542862
77.4900000000022 7.77993324078397
78.2400000000022 7.64275561093632
78.9900000000022 7.51190774622315
79.7400000000023 7.23948117609901
80.4900000000023 7.12323720090034
81.2400000000023 7.0111328823013
81.9900000000023 6.75786627620528
82.7400000000024 6.80304327594255
83.4900000000024 6.56186669863152
84.2400000000024 6.47368820850783
84.9900000000025 6.24445135561055
85.7400000000025 6.31260434304432
86.4900000000025 6.09470762501335
87.2400000000025 6.02921204425448
87.9900000000026 5.96726162137229
88.7400000000026 5.76575728604387
89.4900000000026 5.71446688276828
90.2400000000027 5.67043441005323
90.9900000000027 5.6295979693633
91.7400000000027 5.44835239599613
92.4900000000027 5.41477443712203
93.2400000000028 5.38191990666056
93.9900000000028 5.20913770572158
94.7400000000028 5.33037892416918
95.4900000000029 5.16249872416554
96.2400000000029 5.14151344149307
96.9900000000029 5.12343405698227
97.7400000000029 5.10618088566706
98.490000000003 4.94696756139043
99.240000000003 4.93461140609896
99.990000000003 4.92480735336473
100.740000000003 4.91536232127733
101.490000000003 4.76511978226906
102.240000000003 4.61799870949077
102.990000000003 4.76363791845657
103.740000000003 4.76369392584624
104.490000000003 4.76497303714278
105.240000000003 4.62294881275571
105.990000000003 4.62952655512389
106.740000000003 4.49157284894521
107.490000000003 4.50273201945925
108.240000000003 4.51524064060436
108.990000000003 4.53014268476356
109.740000000003 4.40219283396073
110.490000000003 4.41962228727443
111.240000000003 4.44004505487808
111.990000000003 4.45987471614285
112.740000000004 4.33693354154208
113.490000000004 4.36151114869478
114.240000000004 4.24386749441552
114.990000000004 4.2720951148849
115.740000000004 4.44857807445375
116.490000000004 4.33628118193304
117.240000000004 4.37033141695376
117.990000000004 4.26103829448937
118.740000000004 4.29924682575953
119.490000000004 4.19490462317481
120.240000000004 4.3840340480343
120.990000000004 4.43217974161833
121.740000000004 4.48089551692516
122.490000000004 4.38537252258398
123.240000000004 4.4360595437734
123.990000000004 4.48933901336043
124.740000000004 4.39761883058796
125.490000000004 4.60030915183067
126.240000000004 4.51241351624785
126.990000000004 4.57161582632288
127.740000000004 4.63069377754266
128.490000000004 4.6897461028381
129.240000000004 4.60185449083297
129.990000000004 4.66069301376978
130.740000000004 4.72182078739951
131.490000000004 4.78747263642133
132.240000000004 4.70524454297954
132.990000000004 4.77058929661815
133.740000000004 4.83844764634142
134.490000000004 4.75949904221105
135.240000000004 4.68203281488997
135.990000000004 4.75195539413576
136.740000000004 4.67496887334918
137.490000000004 5.04768744777591
138.240000000004 5.12401769584587
138.990000000004 5.05244275161238
139.740000000005 4.98080117325395
140.490000000005 5.2055615571816
141.240000000005 5.28383105008772
141.990000000005 5.21411908544029
142.740000000005 5.29383852523448
143.490000000005 5.22443304332644
144.240000000005 5.45136239847175
144.990000000005 5.38262578928321
145.740000000005 5.46266845492527
146.490000000005 5.54343149701706
147.240000000005 5.62483835332212
147.990000000005 5.55640900918226
148.740000000005 5.63625940285645
149.490000000005 5.7187714409312
150.240000000005 5.64937781467418
150.990000000005 5.72973289769017
151.740000000005 5.81013753784122
152.490000000005 5.89042402333368
153.240000000005 5.8192505575299
153.990000000005 5.89903981698924
154.740000000005 5.97620367630973
155.490000000005 6.05312919081869
156.240000000005 5.97906906268286
156.990000000005 6.05513426357176
157.740000000005 5.97918679798084
158.490000000005 6.20377212196314
159.240000000005 6.27889333107972
159.990000000005 5.89753512274384
160.740000000005 6.27264042116126
161.490000000005 6.3435128684489
162.240000000005 6.41388309889688
162.990000000005 6.48632145141414
163.740000000005 6.40384740184912
164.490000000005 6.47188211917193
165.240000000005 6.53889662502899
165.990000000006 6.45232667427416
166.740000000006 6.519626217564
167.490000000006 6.58601711814276
168.240000000006 6.65158903373422
168.990000000006 6.71866465305798
169.740000000006 6.6251856940205
170.490000000006 6.68962159166495
171.240000000006 6.75552019428807
171.990000000006 6.65694035658508
172.740000000006 6.72285913000914
173.490000000006 6.79017392090569
174.240000000006 6.85644308590302
174.990000000006 6.92437333108092
175.740000000006 6.81838292651594
176.490000000006 6.88435820771832
177.240000000006 6.77492149917456
177.990000000006 7.02074544622429
178.740000000006 7.09130240005245
179.490000000006 6.97738277590677
180.240000000006 7.0481021418889
180.990000000006 7.12309364604217
181.740000000006 7.00336968858592
182.490000000006 7.078417711041
183.240000000006 6.9547460496091
183.990000000006 7.23677891985801
184.740000000006 7.11013133209336
185.490000000006 7.19208310128095
186.240000000006 7.27576697080584
186.990000000006 7.36139257314545
187.740000000006 7.2266876466657
188.490000000006 7.3094336696936
189.240000000006 7.39384063152061
189.990000000006 7.25210914029053
190.740000000006 7.33043702017936
191.490000000006 7.41050269426082
192.240000000007 7.48923667143748
192.990000000007 7.5636121102082
193.740000000007 7.63658590332793
194.490000000007 7.48023716026453
195.240000000007 7.54894171346836
195.990000000007 7.6125753808963
196.740000000007 7.67429380629897
197.490000000007 7.50669364711764
198.240000000007 7.56067284168333
198.990000000007 7.60970116263773
199.740000000007 7.43450271016366
200.490000000007 7.48224369765128
201.240000000007 7.52185060220955
201.990000000007 7.33921680800814
202.740000000007 7.374797214088
203.490000000007 7.40852678946781
204.240000000007 7.4374906680508
204.990000000007 7.46162297603637
205.740000000007 7.4838493253004
206.490000000007 7.28853631758107
207.240000000007 7.30705420656431
207.990000000007 7.10809774204936
208.740000000007 7.12296447841933
209.490000000007 7.13314289418962
210.240000000007 7.13853401501832
210.990000000007 6.93283763296998
211.740000000007 7.14739690893834
212.490000000007 7.14794022874547
213.240000000007 6.93789224166732
213.990000000007 6.93253973057488
214.740000000007 6.72003770501111
215.490000000007 6.71488845004515
216.240000000007 6.70546364041873
216.990000000007 6.69468546169703
217.740000000007 6.47806023546732
218.490000000008 6.4651839533675
219.240000000008 6.44822670180848
219.990000000008 6.22934225337825
220.740000000008 6.41695268650054
221.490000000008 6.19670258031848
222.240000000008 6.17606351372717
222.990000000008 6.15758504005579
223.740000000008 6.13838295383927
224.490000000008 6.11561419416376
225.240000000008 5.89365966317633
225.990000000008 5.67182439865205
226.740000000008 5.84889016617852
227.490000000008 5.82724574959909
228.240000000008 5.60505234607848
228.990000000008 5.58295280655122
229.740000000008 5.55758435729393
230.490000000008 5.33566603641014
231.240000000008 5.31292447511486
231.990000000008 5.28707667647083
232.740000000008 5.26383086827107
233.490000000008 5.23749120709097
234.240000000008 5.21391353443785
234.990000000008 4.99302807370071
235.740000000008 4.96944264881937
236.490000000008 4.94302723865523
237.240000000008 4.72322512474339
237.990000000008 4.69988202114414
238.740000000008 4.67385294857799
239.490000000008 4.45552164605181
240.240000000008 4.43289324695592
240.990000000008 4.40763603529029
241.740000000008 4.38547701520652
242.490000000008 4.3608629796634
243.240000000008 4.14562892769175
243.990000000008 4.124852733651
244.740000000009 4.10176560455854
245.490000000009 3.88895396844977
246.240000000009 4.06263823705383
246.990000000009 3.85137957605163
247.740000000009 3.83060000659501
248.490000000009 3.81319970796899
249.240000000009 3.60458170500851
249.990000000009 3.58590455807341
250.740000000009 3.57067745367566
251.490000000009 3.55624266143128
252.240000000009 3.53979585308752
252.990000000009 3.33604442072012
253.740000000009 3.32408036970557
254.490000000009 3.31011449986603
255.240000000009 3.29966736456277
255.990000000009 3.2900106528061
256.740000000008 3.09108338317762
257.490000000008 3.08055991639316
258.240000000007 3.07360481310222
258.990000000006 2.87770747175854
259.740000000006 2.68284956508174
260.490000000005 2.86569376234713
261.240000000004 2.86245326854211
261.990000000003 2.67057892643253
262.740000000003 2.66652262531358
263.490000000002 2.66609299958502
264.240000000001 2.47716796534054
264.990000000001 2.29058719124173
265.74 2.49012228276252
266.489999999999 2.50156022704298
267.239999999999 2.51166883879379
267.989999999998 2.33544818387755
268.739999999997 2.1611115522059
269.489999999997 2.37310612800126
270.239999999996 2.39629312836471
270.989999999995 2.42052862641451
271.739999999995 2.25491851787816
272.489999999994 2.28072241974764
273.239999999993 2.11601514998899
273.989999999993 2.33192407612345
274.739999999992 2.1682554175387
275.489999999991 2.196750420877
276.239999999991 2.22608962214349
276.98999999999 2.06388698118095
277.739999999989 2.0945626764663
278.489999999988 2.12622389219559
279.239999999988 1.96541015545064
279.989999999987 2.19728104556884
280.739999999986 2.04311746118666
281.489999999986 2.08267012525263
282.239999999985 2.12248376404467
282.989999999984 1.96779958546988
283.739999999984 2.20098656811271
284.489999999983 2.04691938491414
285.239999999982 2.08879802963665
285.989999999982 1.93469518225148
286.739999999981 2.17369974509955
287.48999999998 2.01975789308512
288.23999999998 2.06298092520496
288.989999999979 2.10612143470414
289.739999999978 1.95116583144765
290.489999999978 1.99422566574861
291.239999999977 2.03725277270634
291.989999999976 2.08087695321706
292.739999999976 2.12483552036292
293.489999999975 1.96919165345749
294.239999999974 2.01328341035144
294.989999999973 2.05745665419537
295.739999999973 1.90066556086187
296.489999999972 1.94887953100013
297.239999999971 1.99515197923811
297.989999999971 2.04132425021598
298.73999999997 2.08782884370982
299.489999999969 1.93170616990083
300.239999999969 1.9800232968185
300.989999999968 2.03190083539433
301.739999999967 1.88029255404274
302.489999999967 1.93556415663036
303.239999999966 1.99237059212167
303.989999999965 2.04942682721202
304.739999999965 2.10699565636234
305.489999999964 1.95798675519347
306.239999999963 2.01450003418997
306.989999999963 1.86386751240286
307.739999999962 1.9224976849569
308.489999999961 1.77745068161154
309.239999999961 2.05573468725458
309.98999999996 2.12689102191721
310.739999999959 2.19743844691659
311.489999999958 2.27081154768386
312.239999999958 2.12962295222771
312.989999999957 2.19830394975933
313.739999999956 2.26595797968874
314.489999999956 2.12024050752454
315.239999999955 2.18610668619913
315.989999999954 2.25135101270859
316.739999999954 2.31600948780977
317.489999999953 2.38001315870414
318.239999999952 2.22798726852306
318.989999999952 2.28960556806164
319.739999999951 2.35002924371915
320.48999999995 2.40969208516723
321.23999999995 2.25164957334065
321.989999999949 2.31173365878711
322.739999999948 2.36743403508384
323.489999999948 2.42210537181742
324.239999999947 2.25808480792669
324.989999999946 2.31056802363964
325.739999999945 2.36207877145652
326.489999999945 2.41273148283061
327.239999999944 2.24363848307783
327.989999999943 2.29205943133044
328.739999999943 2.33836386635004
329.489999999942 2.38653730255159
330.239999999941 2.43026774015112
330.989999999941 2.25279047470159
331.73999999994 2.29366147657068
332.489999999939 2.11340368977493
333.239999999939 2.37249706386343
333.989999999938 2.19040922048974
334.739999999937 2.00748010917219
335.489999999937 2.26679969217554
336.239999999936 2.08401744925797
336.989999999935 2.12084765151188
337.739999999935 2.1601551536399
338.489999999934 1.97461742735226
339.239999999933 2.00944211001832
339.989999999933 2.04335986222404
340.739999999932 2.07643820724913
341.489999999931 1.8879605948686
342.23999999993 1.92444141437246
342.98999999993 1.96406135458077
343.739999999929 2.00252159422233
344.489999999928 2.04406214483376
345.239999999928 2.08150809412635
345.989999999927 1.89772345439014
346.739999999926 1.93366312207444
347.489999999926 1.74777048439286
348.239999999925 2.00910824937216
348.989999999924 1.82863964150836
349.739999999924 1.87003596712861
350.489999999923 1.91278996977067
351.239999999922 1.95435631970479
351.989999999922 1.77307295506521
352.739999999921 1.81760529242211
353.48999999992 1.85919740068282
354.23999999992 1.89971109903734
354.989999999919 1.71651668908822
355.739999999918 1.75450465136378
356.489999999918 1.7923980444731
357.239999999917 1.83065965493099
357.989999999916 1.8679577532078
358.739999999915 1.68189575449919
359.489999999915 1.71900888316182
360.239999999914 1.76132577622046
360.989999999913 1.57752289677195
361.739999999913 1.61637397033802
362.489999999912 1.65515917760919
363.239999999911 1.6939701242368
363.989999999911 1.5105864367691
364.73999999991 1.55064498454963
365.489999999909 1.59114424537513
366.239999999909 1.40911733255414
366.989999999908 1.4525283388655
367.739999999907 1.49994622759174
368.489999999907 1.55370563734772
369.239999999906 1.60588289217404
369.989999999905 1.65916636937105
370.739999999905 1.48823342205897
371.489999999904 1.54031495811145
372.239999999903 1.36821691208675
372.989999999903 1.42612333077097
373.739999999902 1.48798612604693
374.489999999901 1.55106518131967
375.2399999999 1.6143909276374
375.9899999999 1.67826873555354
376.739999999899 1.51572394368121
377.489999999898 1.58284472675688
378.239999999898 1.64641404717588
378.989999999897 1.48228516176651
379.739999999896 1.5465410966159
380.489999999896 1.6098618156554
381.239999999895 1.67215445628173
381.989999999894 1.50428838318358
382.739999999894 1.5665618161368
383.489999999893 1.62853937419546
384.239999999892 1.68970667219272
384.989999999892 1.74932764473642
385.739999999891 1.80807049834422
386.48999999989 1.63466290247209
387.23999999989 1.69053252232472
387.989999999889 1.74516989368686
388.739999999888 1.56693130730069
389.489999999888 1.62323166787837
390.239999999887 1.44526826230894
390.989999999886 1.73389640431517
391.739999999885 1.55884007056823
392.489999999885 1.61653850940999
393.239999999884 1.67322942952493
393.989999999883 1.49708227426228
394.739999999883 1.55391576187361
395.489999999882 1.61148426497286
396.239999999881 1.66858615863232
396.989999999881 1.49180373616508
397.73999999988 1.78361212672638
398.489999999879 1.60817613181506
399.239999999879 1.66446219868815
399.989999999878 1.48647026078775
400.739999999877 1.77733995439755
401.489999999877 1.59853061323408
402.239999999876 1.65232276899892
402.989999999875 1.70501308827389
403.739999999875 1.75670474119078
404.489999999874 1.57303184329314
405.239999999873 1.62480559799118
405.989999999873 1.6763515419229
406.739999999872 1.72688342763393
407.489999999871 1.54194926961989
408.23999999987 1.5931317146078
408.98999999987 1.64415055538246
409.739999999869 1.45919983021731
410.489999999868 1.74940885591592
411.239999999868 1.56559605562214
411.989999999867 1.61700860585302
412.739999999866 1.66896384730827
413.489999999866 1.71947365001473
414.239999999865 1.53326595844243
414.989999999864 1.58257290270078
415.739999999864 1.63273695542602
416.489999999863 1.447284074877
417.239999999862 1.49707227104276
417.989999999862 1.54563319217442
418.739999999861 1.59356926738189
419.48999999986 1.40573947303966
420.23999999986 1.45392629098957
420.989999999859 1.50133020608416
421.739999999858 1.54808564875903
422.489999999858 1.59428718005246
423.239999999857 1.40543073774049
423.989999999856 1.45204364662858
424.739999999855 1.49808180879282
425.489999999855 1.3086169828922
426.239999999854 1.35618705537668
426.989999999853 1.40365769851197
427.739999999853 1.44825709169087
428.489999999852 1.49714718713261
429.239999999851 1.3114206499016
429.989999999851 1.36177551797183
430.73999999985 1.41175085456096
431.489999999849 1.22612831350524
432.239999999849 1.51242973868497
432.989999999848 1.32744421723844
433.739999999847 1.37805325034803
434.489999999847 1.42877090307122
435.239999999846 1.24391164662142
435.989999999845 1.2955512805454
436.739999999845 1.34826185191778
437.489999999844 1.40122017676304
438.239999999843 1.45331108903584
438.989999999842 1.26910485010353
439.739999999842 1.32199839669602
440.489999999841 1.37547250802039
441.23999999984 1.42827087543298
441.98999999984 1.24483957431832
442.739999999839 1.29795137090486
443.489999999838 1.35083929751404
444.239999999838 1.16725659251235
444.989999999837 1.22098728844762
445.739999999836 1.27494184624066
446.489999999836 1.09321358453785
447.239999999835 1.38528497925738
447.989999999834 1.20351562197399
448.739999999834 1.25812908916522
449.489999999833 1.07667428000029
450.239999999832 1.37121688695461
450.989999999832 1.19100054197949
451.739999999831 1.24774806401234
452.48999999983 1.30143704714574
453.23999999983 1.35915970890657
453.989999999829 1.17987248552417
454.739999999828 1.23849557544172
455.489999999827 1.29684589307738
456.239999999827 1.11735049891638
456.989999999826 1.41565253709474
457.739999999825 1.23730020379537
458.489999999825 1.29769934774681
459.239999999824 1.35834209342418
459.989999999823 1.17945279164899
460.739999999823 1.23916965207438
461.489999999822 1.06072140199864
462.239999999821 1.35897920301253
462.989999999821 1.17872009354445
463.73999999982 0.999372784592215
464.489999999819 1.05865391647375
465.239999999819 1.11776285255902
465.989999999818 1.41557452253279
466.739999999817 1.23200083640701
467.489999999817 1.28876112418345
468.239999999816 1.3427777652968
468.989999999815 1.40056744839446
469.739999999815 1.21790756173787
470.489999999814 1.27521586438512
471.239999999813 1.33219993512585
471.989999999812 1.38860883185563
472.739999999812 1.20347176392235
473.489999999811 1.0194237677607
474.23999999981 1.31726587238509
474.98999999981 1.37425493667533
475.739999999809 1.19080657559057
476.489999999808 1.24857644667921
477.239999999808 1.30706522788843
477.989999999807 1.36633154580251
478.739999999806 1.18469037672486
479.489999999806 1.24470675597448
480.239999999805 1.3047490874972
480.989999999804 1.3634806697752
481.739999999804 1.17966973302063
482.489999999803 1.23737906407707
483.239999999802 1.2920638054693
483.989999999802 1.34983561014869
484.739999999801 1.16535235406199
485.4899999998 1.22254413778112
486.2399999998 1.27953474451413
486.989999999799 1.33577582342215
487.739999999798 1.14975731989194
488.489999999797 1.20551268458604
489.239999999797 1.26159656847899
489.989999999796 1.3177337278767
490.739999999795 1.37374171037473
491.489999999795 1.1873595120111
492.239999999794 1.24323458321442
492.989999999793 1.29922256411012
493.739999999793 1.11281691701513
494.489999999792 1.16925763340089
495.239999999791 1.22637714922288
495.989999999791 1.28297689098629
496.73999999979 1.33881648251485
497.489999999789 1.15193008403986
498.239999999789 1.20643579359133
498.989999999788 1.25679959821639
499.739999999787 1.3100688413342
500.489999999787 1.12098013842109
501.239999999786 1.17359788886095
501.989999999785 1.22598797104915
502.739999999785 1.03630408087193
503.489999999784 1.09055403514454
504.239999999783 1.14533349028475
504.989999999782 1.20016863623892
505.739999999782 1.25469071470793
506.489999999781 1.06675097759373
507.23999999978 1.12079417483769
507.98999999978 0.933809341914532
508.739999999779 1.23095171281697
509.489999999778 1.04396574998438
510.239999999778 1.09946012489923
510.989999999777 1.15578067490844
511.739999999776 0.970943017105035
512.489999999776 1.0281957484655
513.239999999775 1.08558897191331
513.989999999774 1.14380503732309
514.739999999774 1.20241862385939
515.489999999773 1.26036835032793
516.239999999772 1.07590522614082
516.989999999772 1.13292512396414
517.739999999771 1.18945552873216
518.48999999977 1.24539361889279
519.23999999977 1.05837943352531
519.989999999769 1.11425829767854
520.739999999768 1.1712287577159
521.489999999768 1.22859484990033
522.239999999767 1.04364458242128
522.989999999766 0.859249653903253
523.739999999765 0.916138437485438
524.489999999765 0.973768950150609
525.239999999764 0.789741941216674
525.989999999763 0.847526655881475
526.739999999763 1.14368319659621
527.489999999762 0.960819483620944
528.239999999761 1.02107350198133
528.989999999761 1.08228175829637
529.73999999976 1.14358935775058
530.489999999759 1.20438211439777
531.239999999759 1.26436494296859
531.989999999758 1.08053615821849
532.739999999757 1.13950612448611
533.489999999757 1.19812583040361
534.239999999756 1.25665552114492
534.989999999755 1.07107682446574
535.739999999755 1.12859756597866
536.489999999754 1.18571392718684
537.239999999753 0.998900326289248
537.989999999753 1.05589165504892
538.739999999752 1.11316661713695
539.489999999751 1.17059799649503
540.23999999975 1.22771523990539
540.98999999975 1.04049882743892
541.739999999749 1.09664665510502
542.489999999748 1.15265939425991
543.239999999748 1.2081122652929
543.989999999747 1.01937220867154
544.739999999746 1.07394896862741
545.489999999746 1.12891631679124
546.239999999745 1.18466279735883
546.989999999744 0.996613845505193
547.739999999744 1.05247723590999
548.489999999743 1.10806936202959
549.239999999742 1.16315745826847
549.989999999742 1.21774456681542
550.739999999741 1.02833664290385
551.48999999974 1.08244380740589
552.23999999974 1.13663261599527
552.989999999739 0.947660050815264
553.739999999738 1.00234597102142
554.489999999738 1.05756450085331
555.239999999737 1.11295278664825
555.989999999736 0.924786757548468
556.739999999735 0.982784081174568
557.489999999735 1.04169275359018
558.239999999734 0.857330951227638
558.989999999733 1.16558810416959
559.739999999733 0.986481373949686
560.489999999732 1.05062539013497
561.239999999731 1.11425403299067
561.989999999731 0.933180426763849
562.73999999973 0.999587030887807
563.489999999729 1.06304411906454
564.239999999729 0.883047725962829
564.989999999728 1.1955708089086
565.739999999727 1.01808049313772
566.489999999727 1.08489095711408
567.239999999726 1.15097860607978
567.989999999725 1.21594660368549
568.739999999725 1.03458440780603
569.489999999724 0.854960380300816
570.239999999723 1.17994376451326
570.989999999722 1.26681533163852
571.739999999722 1.10893999915228
572.489999999721 1.19575088478649
573.23999999972 1.2810031940762
573.98999999972 1.11635202640811
574.739999999719 1.19817615342815
575.489999999718 1.27870547693264
576.239999999718 1.10874304522935
576.989999999717 1.44226207848661
577.739999999716 1.03301138512128
578.489999999716 0.886423197224586
579.239999999715 1.50442411794278
579.989999999714 1.61899883546151
580.739999999714 1.73109546073232
581.489999999713 1.5865587096134
582.239999999712 1.69315837599766
582.989999999712 1.79731592500856
583.739999999711 1.64274003617177
584.48999999971 1.74080495828343
585.23999999971 1.836196104264
585.989999999709 1.92901944588729
586.739999999708 1.76113705120015
587.489999999707 1.58955702142977
588.239999999707 1.67254120875921
588.989999999706 2.01097182619968
589.739999999705 2.08805022873579
590.489999999705 1.90343190603002
591.239999999704 1.97464491325437
591.989999999703 2.04285042647444
592.739999999703 2.10808149138126
593.489999999702 1.91190044632541
594.239999999701 1.71331510471768
594.989999999701 1.77097787320133
595.7399999997 1.82639872116987
596.489999999699 1.87914743514349
597.239999999699 1.92893999335346
597.989999999698 1.97593720808193
598.739999999697 2.0200161086342
599.489999999697 1.8055443503542
600.239999999696 1.84857228414294
600.989999999695 1.88527538765758
601.739999999695 1.90470970324155
602.489999999694 1.6831408863856
603.239999999693 1.46155728240906
603.989999999692 1.63169613744543
604.739999999692 1.56208587217021
605.489999999691 1.34007665600447
606.23999999969 1.2470093968448
606.98999999969 1.12998648383691
607.739999999689 1.00122592422018
608.489999999688 0.788260441499681
609.239999999688 0.652577928513491
609.989999999687 0.51347091472836
610.739999999686 0.379674099846687
611.489999999686 0.208467025901791
612.239999999685 0.0911136457914768
612.989999999684 0.025
613.739999999684 0.025
614.489999999683 0.025
615.239999999682 0.025
615.989999999682 0.025
616.739999999681 0.025
617.48999999968 0.025
618.23999999968 0.025
618.989999999679 0.025
619.739999999678 0.025
620.489999999677 0.025
621.239999999677 0.025
621.989999999676 0.025
622.739999999675 0.025
623.489999999675 0.025
624.239999999674 0.025
624.989999999673 0.025
625.739999999673 0.025
626.489999999672 0.025
627.239999999671 0.025
627.989999999671 0.025
628.73999999967 0.025
629.489999999669 0.025
630.239999999669 0.025
630.989999999668 0.025
631.739999999667 0.025
632.489999999667 0.025
633.239999999666 0.025
633.989999999665 0.025
634.739999999665 0.025
635.489999999664 0.025
636.239999999663 0.025
636.989999999662 0.025
637.739999999662 0.025
638.489999999661 0.025
639.23999999966 0.025
639.98999999966 0.025
640.739999999659 0.025
641.489999999658 0.025
642.239999999658 0.025
642.989999999657 0.025
643.739999999656 0.025
644.489999999656 0.025
645.239999999655 0.025
645.989999999654 0.025
646.739999999654 0.025
647.489999999653 0.025
648.239999999652 0.025
648.989999999652 0.025
649.739999999651 0.025
650.48999999965 0.025
651.23999999965 0.025
651.989999999649 0.025
652.739999999648 0.025
653.489999999647 0.025
654.239999999647 0.025
654.989999999646 0.025
655.739999999645 0.025
656.489999999645 0.025
657.239999999644 0.025
657.989999999643 0.025
658.739999999643 0.025
659.489999999642 0.025
660.239999999641 0.025
660.989999999641 0.025
661.73999999964 0.025
662.489999999639 0.025
663.239999999639 0.025
663.989999999638 0.025
664.739999999637 0.025
665.489999999637 0.025
666.239999999636 0.025
666.989999999635 0.025
667.739999999635 0.025
668.489999999634 0.025
669.239999999633 0.025
669.989999999632 0.025
670.739999999632 0.025
671.489999999631 0.025
672.23999999963 0.025
672.98999999963 0.025
673.739999999629 0.025
674.489999999628 0.025
675.239999999628 0.025
675.989999999627 0.025
676.739999999626 0.025
677.489999999626 0.025
678.239999999625 0.025
678.989999999624 0.025
679.739999999624 0.025
680.489999999623 0.025
681.239999999622 0.025
681.989999999622 0.025
682.739999999621 0.025
683.48999999962 0.025
684.239999999619 0.025
684.989999999619 0.025
685.739999999618 0.025
686.489999999617 0.025
687.239999999617 0.025
687.989999999616 0.025
688.739999999615 0.025
689.489999999615 0.025
690.239999999614 0.025
690.989999999613 0.025
691.739999999613 0.025
692.489999999612 0.025
693.239999999611 0.025
693.989999999611 0.025
694.73999999961 0.025
695.489999999609 0.025
696.239999999609 0.025
696.989999999608 0.025
697.739999999607 0.025
698.489999999607 0.025
699.239999999606 0.025
699.989999999605 0.025
700.739999999604 0.025
701.489999999604 0.025
702.239999999603 0.025
702.989999999602 0.025
703.739999999602 0.025
704.489999999601 0.025
705.2399999996 0.025
705.9899999996 0.025
706.739999999599 0.025
707.489999999598 0.025
708.239999999598 0.025
708.989999999597 0.025
709.739999999596 0.025
710.489999999596 0.025
711.239999999595 0.025
711.989999999594 0.025
712.739999999594 0.025
713.489999999593 0.025
714.239999999592 0.025
714.989999999592 0.025
715.739999999591 0.025
716.48999999959 0.025
717.239999999589 0.025
717.989999999589 0.025
718.739999999588 0.025
719.489999999587 0.025
720.239999999587 0.025
720.989999999586 0.025
721.739999999585 0.025
722.489999999585 0.025
723.239999999584 0.025
723.989999999583 0.025
724.739999999583 0.025
725.489999999582 0.025
726.239999999581 0.025
726.989999999581 0.025
727.73999999958 0.025
728.489999999579 0.025
729.239999999579 0.025
729.989999999578 0.025
730.739999999577 0.025
731.489999999577 0.025
732.239999999576 0.025
732.989999999575 0.025
733.739999999574 0.025
734.489999999574 0.025
735.239999999573 0.025
735.989999999572 0.025
736.739999999572 0.025
737.489999999571 0.025
738.23999999957 0.025
738.98999999957 0.025
739.739999999569 0.025
740.489999999568 0.025
741.239999999568 0.025
741.989999999567 0.025
742.739999999566 0.025
743.489999999566 0.025
744.239999999565 0.025
744.989999999564 0.025
745.739999999564 0.025
746.489999999563 0.025
747.239999999562 0.025
747.989999999562 0.025
748.739999999561 0.025
749.48999999956 0.025
750.239999999559 0.025
750.989999999559 0.025
751.739999999558 0.025
752.489999999557 0.025
753.239999999557 0.025
753.989999999556 0.025
754.739999999555 0.025
755.489999999555 0.025
756.239999999554 0.025
756.989999999553 0.025
757.739999999553 0.025
758.489999999552 0.025
759.239999999551 0.025
759.989999999551 0.025
760.73999999955 0.025
761.489999999549 0.025
762.239999999549 0.025
762.989999999548 0.025
763.739999999547 0.025
764.489999999547 0.025
765.239999999546 0.025
765.989999999545 0.025
766.739999999544 0.025
767.489999999544 0.025
768.239999999543 0.025
768.989999999542 0.025
769.739999999542 0.025
770.489999999541 0.025
771.23999999954 0.025
771.98999999954 0.025
772.739999999539 0.025
773.489999999538 0.025
774.239999999538 0.025
774.989999999537 0.025
775.739999999536 0.025
776.489999999536 0.025
777.239999999535 0.025
777.989999999534 0.025
778.739999999534 0.025
779.489999999533 0.025
780.239999999532 0.025
780.989999999532 0.025
781.739999999531 0.025
782.48999999953 0.025
783.239999999529 0.025
783.989999999529 0.025
784.739999999528 0.025
785.489999999527 0.025
786.239999999527 0.025
786.989999999526 0.025
787.739999999525 0.025
788.489999999525 0.025
789.239999999524 0.025
789.989999999523 0.025
790.739999999523 0.025
791.489999999522 0.025
792.239999999521 0.025
792.989999999521 0.025
793.73999999952 0.025
794.489999999519 0.025
795.239999999519 0.025
795.989999999518 0.025
796.739999999517 0.025
797.489999999516 0.025
798.239999999516 0.025
798.989999999515 0.025
799.739999999514 0.025
