16.7399999999999 81.1169921454922
17.4899999999999 80.2815918363397
18.2399999999999 79.8817927761224
18.99 79.43323893598
19.74 78.9236576788624
20.49 78.3689458937441
21.24 77.2447007769335
21.9900000000001 76.5880541265576
22.7400000000001 75.3683606297007
23.4900000000001 74.6231915922199
24.2400000000002 73.8413755557514
24.9900000000002 73.0331251293614
25.7400000000002 72.1881929249337
26.4900000000002 71.3105021104035
27.2400000000003 69.8882903275283
27.9900000000003 68.9728305127499
28.7400000000003 68.034672535846
29.4900000000004 67.0833678312485
30.2400000000004 65.5983320724247
30.9900000000004 64.6204702892277
31.7400000000004 63.6312009408496
32.4900000000005 62.638719052309
33.2400000000005 61.1353411858517
33.9900000000005 60.1364498330894
34.7400000000006 59.1355999519304
35.4900000000006 58.134513856825
36.2400000000006 56.6493074182307
36.9900000000006 55.6625860188482
37.7400000000007 54.6745337894144
38.4900000000007 53.2203852594936
39.2400000000007 52.2483859748701
39.9900000000008 51.2841393586719
40.7400000000008 50.3285156601066
41.4900000000008 49.37750322032
42.2400000000008 47.9928701867266
42.9900000000009 47.0734506139948
43.7400000000009 46.1603292352925
44.4900000000009 45.2597467148675
45.240000000001 44.3666846218982
45.990000000001 43.0672119312588
46.740000000001 42.2040255193907
47.490000000001 40.9425901079131
48.2400000000011 40.512389506861
48.9900000000011 38.8861015041378
49.7400000000011 38.4739009673877
50.4900000000012 37.284890732681
51.2400000000012 36.5055123452024
51.9900000000012 35.7355455696439
52.7400000000012 34.9803693603856
53.4900000000013 33.8651126480229
54.2400000000013 33.5099368899101
54.9900000000013 32.430327488659
55.7400000000014 31.7380530383392
56.4900000000014 31.0516291777969
57.2400000000014 30.0283210807387
57.9900000000014 29.3788053321051
58.7400000000015 28.739848110805
59.4900000000015 28.1157901466531
60.2400000000015 27.5068191463365
60.9900000000016 26.9083536383434
61.7400000000016 25.9912968067843
62.4900000000016 25.4291097375294
63.2400000000016 24.5479325276848
63.9900000000017 24.3404776662908
64.7400000000017 23.4924562111216
65.4900000000017 22.9866848395109
66.2400000000017 22.1733050723315
66.9900000000018 21.69413730412
67.7400000000018 21.2337211084606
68.4900000000018 20.7837392021069
69.2400000000019 20.3482425169971
69.9900000000019 19.9270327372973
70.7400000000019 19.2104171149166
71.4900000000019 18.5106294354453
72.240000000002 18.4411490615668
72.990000000002 18.0733174657156
73.740000000002 17.4177462331465
74.4900000000021 17.081776618648
75.2400000000021 16.7550495293984
75.9900000000021 16.4455415173149
76.7400000000021 15.8469614508572
77.4900000000022 15.5598664815679
78.2400000000022 15.2855112218726
78.9900000000022 15.0238154924463
79.7400000000023 14.478962352198
80.4900000000023 14.2464744018007
81.2400000000023 14.0222657646026
81.9900000000023 13.5157325524106
82.7400000000024 13.6060865518851
83.4900000000024 13.123733397263
84.2400000000024 12.9473764170157
84.9900000000025 12.4889027112211
85.7400000000025 12.6252086860886
86.4900000000025 12.1894152500267
87.2400000000025 12.058424088509
87.9900000000026 11.9345232427446
88.7400000000026 11.5315145720877
89.4900000000026 11.4289337655366
90.2400000000027 11.3408688201065
90.9900000000027 11.2591959387266
91.7400000000027 10.8967047919923
92.4900000000027 10.8295488742441
93.2400000000028 10.7638398133211
93.9900000000028 10.4182754114432
94.7400000000028 10.6607578483384
95.4900000000029 10.3249974483311
96.2400000000029 10.2830268829861
96.9900000000029 10.2468681139645
97.7400000000029 10.2123617713341
98.490000000003 9.89393512278085
99.240000000003 9.86922281219791
99.990000000003 9.84961470672946
100.740000000003 9.83072464255466
101.490000000003 9.53023956453812
102.240000000003 9.23599741898154
102.990000000003 9.52727583691313
103.740000000003 9.52738785169248
104.490000000003 9.52994607428557
105.240000000003 9.24589762551143
105.990000000003 9.25905311024778
106.740000000003 8.98314569789042
107.490000000003 9.00546403891851
108.240000000003 9.03048128120872
108.990000000003 9.06028536952711
109.740000000003 8.80438566792146
110.490000000003 8.83924457454886
111.240000000003 8.88009010975616
111.990000000003 8.91974943228569
112.740000000004 8.67386708308417
113.490000000004 8.72302229738956
114.240000000004 8.48773498883105
114.990000000004 8.5441902297698
115.740000000004 8.8971561489075
116.490000000004 8.67256236386608
117.240000000004 8.74066283390752
117.990000000004 8.52207658897875
118.740000000004 8.59849365151906
119.490000000004 8.38980924634963
120.240000000004 8.76806809606861
120.990000000004 8.86435948323665
121.740000000004 8.96179103385033
122.490000000004 8.77074504516797
123.240000000004 8.87211908754679
123.990000000004 8.97867802672087
124.740000000004 8.79523766117592
125.490000000004 9.20061830366134
126.240000000004 9.0248270324957
126.990000000004 9.14323165264577
127.740000000004 9.26138755508531
128.490000000004 9.37949220567621
129.240000000004 9.20370898166594
129.990000000004 9.32138602753957
130.740000000004 9.44364157479903
131.490000000004 9.57494527284265
132.240000000004 9.41048908595908
132.990000000004 9.54117859323629
133.740000000004 9.67689529268283
134.490000000004 9.5189980844221
135.240000000004 9.36406562977994
135.990000000004 9.50391078827152
136.740000000004 9.34993774669837
137.490000000004 10.0953748955518
138.240000000004 10.2480353916917
138.990000000004 10.1048855032248
139.740000000005 9.96160234650789
140.490000000005 10.4111231143632
141.240000000005 10.5676621001754
141.990000000005 10.4282381708806
142.740000000005 10.587677050469
143.490000000005 10.4488660866529
144.240000000005 10.9027247969435
144.990000000005 10.7652515785664
145.740000000005 10.9253369098505
146.490000000005 11.0868629940341
147.240000000005 11.2496767066442
147.990000000005 11.1128180183645
148.740000000005 11.2725188057129
149.490000000005 11.4375428818624
150.240000000005 11.2987556293484
150.990000000005 11.4594657953803
151.740000000005 11.6202750756824
152.490000000005 11.7808480466674
153.240000000005 11.6385011150598
153.990000000005 11.7980796339785
154.740000000005 11.9524073526195
155.490000000005 12.1062583816374
156.240000000005 11.9581381253657
156.990000000005 12.1102685271435
157.740000000005 11.9583735959617
158.490000000005 12.4075442439263
159.240000000005 12.5577866621594
159.990000000005 11.7950702454877
160.740000000005 12.5452808423225
161.490000000005 12.6870257368978
162.240000000005 12.8277661977938
162.990000000005 12.9726429028283
163.740000000005 12.8076948036982
164.490000000005 12.9437642383439
165.240000000005 13.077793250058
165.990000000006 12.9046533485483
166.740000000006 13.039252435128
167.490000000006 13.1720342362855
168.240000000006 13.3031780674684
168.990000000006 13.437329306116
169.740000000006 13.250371388041
170.490000000006 13.3792431833299
171.240000000006 13.5110403885761
171.990000000006 13.3138807131702
172.740000000006 13.4457182600183
173.490000000006 13.5803478418114
174.240000000006 13.712886171806
174.990000000006 13.8487466621618
175.740000000006 13.6367658530319
176.490000000006 13.7687164154366
177.240000000006 13.5498429983491
177.990000000006 14.0414908924486
178.740000000006 14.1826048001049
179.490000000006 13.9547655518135
180.240000000006 14.0962042837778
180.990000000006 14.2461872920843
181.740000000006 14.0067393771718
182.490000000006 14.156835422082
183.240000000006 13.9094920992182
183.990000000006 14.473557839716
184.740000000006 14.2202626641867
185.490000000006 14.3841662025619
186.240000000006 14.5515339416117
186.990000000006 14.7227851462909
187.740000000006 14.4533752933314
188.490000000006 14.6188673393872
189.240000000006 14.7876812630412
189.990000000006 14.5042182805811
190.740000000006 14.6608740403587
191.490000000006 14.8210053885216
192.240000000007 14.978473342875
192.990000000007 15.1272242204164
193.740000000007 15.2731718066559
194.490000000007 14.9604743205291
195.240000000007 15.0978834269367
195.990000000007 15.2251507617926
196.740000000007 15.3485876125979
197.490000000007 15.0133872942353
198.240000000007 15.1213456833667
198.990000000007 15.2194023252755
199.740000000007 14.8690054203273
200.490000000007 14.9644873953026
201.240000000007 15.0437012044191
201.990000000007 14.6784336160163
202.740000000007 14.749594428176
203.490000000007 14.8170535789356
204.240000000007 14.8749813361016
204.990000000007 14.9232459520727
205.740000000007 14.9676986506008
206.490000000007 14.5770726351621
207.240000000007 14.6141084131286
207.990000000007 14.2161954840987
208.740000000007 14.2459289568387
209.490000000007 14.2662857883792
210.240000000007 14.2770680300366
210.990000000007 13.86567526594
211.740000000007 14.2947938178767
212.490000000007 14.2958804574909
213.240000000007 13.8757844833346
213.990000000007 13.8650794611498
214.740000000007 13.4400754100222
215.490000000007 13.4297769000903
216.240000000007 13.4109272808375
216.990000000007 13.3893709233941
217.740000000007 12.9561204709346
218.490000000008 12.930367906735
219.240000000008 12.896453403617
219.990000000008 12.4586845067565
220.740000000008 12.8339053730011
221.490000000008 12.393405160637
222.240000000008 12.3521270274543
222.990000000008 12.3151700801116
223.740000000008 12.2767659076785
224.490000000008 12.2312283883275
225.240000000008 11.7873193263527
225.990000000008 11.3436487973041
226.740000000008 11.697780332357
227.490000000008 11.6544914991982
228.240000000008 11.210104692157
228.990000000008 11.1659056131024
229.740000000008 11.1151687145879
230.490000000008 10.6713320728203
231.240000000008 10.6258489502297
231.990000000008 10.5741533529417
232.740000000008 10.5276617365421
233.490000000008 10.4749824141819
234.240000000008 10.4278270688757
234.990000000008 9.98605614740141
235.740000000008 9.93888529763874
236.490000000008 9.88605447731047
237.240000000008 9.44645024948679
237.990000000008 9.39976404228828
238.740000000008 9.34770589715598
239.490000000008 8.91104329210362
240.240000000008 8.86578649391184
240.990000000008 8.81527207058058
241.740000000008 8.77095403041304
242.490000000008 8.72172595932681
243.240000000008 8.2912578553835
243.990000000008 8.24970546730201
244.740000000009 8.20353120911708
245.490000000009 7.77790793689953
246.240000000009 8.12527647410767
246.990000000009 7.70275915210327
247.740000000009 7.66120001319002
248.490000000009 7.62639941593797
249.240000000009 7.20916341001702
249.990000000009 7.17180911614682
250.740000000009 7.14135490735133
251.490000000009 7.11248532286256
252.240000000009 7.07959170617505
252.990000000009 6.67208884144025
253.740000000009 6.64816073941113
254.490000000009 6.62022899973206
255.240000000009 6.59933472912555
255.990000000009 6.5800213056122
256.740000000008 6.18216676635524
257.490000000008 6.16111983278632
258.240000000007 6.14720962620444
258.990000000006 5.75541494351707
259.740000000006 5.36569913016349
260.490000000005 5.73138752469426
261.240000000004 5.72490653708422
261.990000000003 5.34115785286505
262.740000000003 5.33304525062716
263.490000000002 5.33218599917003
264.240000000001 4.95433593068108
264.990000000001 4.58117438248346
265.74 4.98024456552505
266.489999999999 5.00312045408597
267.239999999999 5.02333767758758
267.989999999998 4.6708963677551
268.739999999997 4.32222310441181
269.489999999997 4.74621225600252
270.239999999996 4.79258625672941
270.989999999995 4.84105725282902
271.739999999995 4.50983703575633
272.489999999994 4.56144483949528
273.239999999993 4.23203029997797
273.989999999993 4.66384815224691
274.739999999992 4.3365108350774
275.489999999991 4.39350084175401
276.239999999991 4.45217924428699
276.98999999999 4.1277739623619
277.739999999989 4.1891253529326
278.489999999988 4.25244778439118
279.239999999988 3.93082031090129
279.989999999987 4.39456209113769
280.739999999986 4.08623492237331
281.489999999986 4.16534025050526
282.239999999985 4.24496752808935
282.989999999984 3.93559917093976
283.739999999984 4.40197313622542
284.489999999983 4.09383876982827
285.239999999982 4.1775960592733
285.989999999982 3.86939036450297
286.739999999981 4.3473994901991
287.48999999998 4.03951578617024
288.23999999998 4.12596185040992
288.989999999979 4.21224286940829
289.739999999978 3.9023316628953
290.489999999978 3.98845133149722
291.239999999977 4.07450554541268
291.989999999976 4.16175390643413
292.739999999976 4.24967104072583
293.489999999975 3.93838330691498
294.239999999974 4.02656682070288
294.989999999973 4.11491330839074
295.739999999973 3.80133112172374
296.489999999972 3.89775906200025
297.239999999971 3.99030395847621
297.989999999971 4.08264850043195
298.73999999997 4.17565768741964
299.489999999969 3.86341233980167
300.239999999969 3.960046593637
300.989999999968 4.06380167078866
301.739999999967 3.76058510808547
302.489999999967 3.87112831326071
303.239999999966 3.98474118424333
303.989999999965 4.09885365442404
304.739999999965 4.21399131272468
305.489999999964 3.91597351038695
306.239999999963 4.02900006837994
306.989999999963 3.72773502480572
307.739999999962 3.84499536991381
308.489999999961 3.55490136322308
309.239999999961 4.11146937450917
309.98999999996 4.25378204383443
310.739999999959 4.39487689383319
311.489999999958 4.54162309536772
312.239999999958 4.25924590445542
312.989999999957 4.39660789951865
313.739999999956 4.53191595937749
314.489999999956 4.24048101504908
315.239999999955 4.37221337239825
315.989999999954 4.50270202541718
316.739999999954 4.63201897561954
317.489999999953 4.76002631740827
318.239999999952 4.45597453704613
318.989999999952 4.57921113612327
319.739999999951 4.70005848743831
320.48999999995 4.81938417033446
321.23999999995 4.5032991466813
321.989999999949 4.62346731757423
322.739999999948 4.73486807016767
323.489999999948 4.84421074363483
324.239999999947 4.51616961585339
324.989999999946 4.62113604727928
325.739999999945 4.72415754291304
326.489999999945 4.82546296566121
327.239999999944 4.48727696615566
327.989999999943 4.58411886266088
328.739999999943 4.67672773270007
329.489999999942 4.77307460510318
330.239999999941 4.86053548030225
330.989999999941 4.50558094940318
331.73999999994 4.58732295314137
332.489999999939 4.22680737954987
333.239999999939 4.74499412772685
333.989999999938 4.38081844097948
334.739999999937 4.01496021834438
335.489999999937 4.53359938435108
336.239999999936 4.16803489851594
336.989999999935 4.24169530302376
337.739999999935 4.32031030727981
338.489999999934 3.94923485470452
339.239999999933 4.01888422003663
339.989999999933 4.08671972444809
340.739999999932 4.15287641449825
341.489999999931 3.7759211897372
342.23999999993 3.84888282874492
342.98999999993 3.92812270916154
343.739999999929 4.00504318844466
344.489999999928 4.08812428966753
345.239999999928 4.1630161882527
345.989999999927 3.79544690878028
346.739999999926 3.86732624414888
347.489999999926 3.49554096878571
348.239999999925 4.01821649874432
348.989999999924 3.65727928301671
349.739999999924 3.74007193425722
350.489999999923 3.82557993954135
351.239999999922 3.90871263940958
351.989999999922 3.54614591013043
352.739999999921 3.63521058484422
353.48999999992 3.71839480136564
354.23999999992 3.79942219807469
354.989999999919 3.43303337817644
355.739999999918 3.50900930272756
356.489999999918 3.58479608894619
357.239999999917 3.66131930986199
357.989999999916 3.7359155064156
358.739999999915 3.36379150899839
359.489999999915 3.43801776632364
360.239999999914 3.52265155244092
360.989999999913 3.1550457935439
361.739999999913 3.23274794067603
362.489999999912 3.31031835521839
363.239999999911 3.38794024847359
363.989999999911 3.02117287353821
364.73999999991 3.10128996909927
365.489999999909 3.18228849075027
366.239999999909 2.81823466510828
366.989999999908 2.90505667773099
367.739999999907 2.99989245518349
368.489999999907 3.10741127469544
369.239999999906 3.21176578434808
369.989999999905 3.3183327387421
370.739999999905 2.97646684411795
371.489999999904 3.0806299162229
372.239999999903 2.73643382417351
372.989999999903 2.85224666154195
373.739999999902 2.97597225209386
374.489999999901 3.10213036263934
375.2399999999 3.22878185527481
375.9899999999 3.35653747110707
376.739999999899 3.03144788736242
377.489999999898 3.16568945351376
378.239999999898 3.29282809435175
378.989999999897 2.96457032353302
379.739999999896 3.09308219323181
380.489999999896 3.2197236313108
381.239999999895 3.34430891256345
381.989999999894 3.00857676636716
382.739999999894 3.13312363227359
383.489999999893 3.25707874839093
384.239999999892 3.37941334438544
384.989999999892 3.49865528947284
385.739999999891 3.61614099668843
386.48999999989 3.26932580494417
387.23999999989 3.38106504464943
387.989999999889 3.49033978737372
388.739999999888 3.13386261460138
389.489999999888 3.24646333575674
390.239999999887 2.89053652461787
390.989999999886 3.46779280863033
391.739999999885 3.11768014113647
392.489999999885 3.23307701881998
393.239999999884 3.34645885904986
393.989999999883 2.99416454852455
394.739999999883 3.10783152374722
395.489999999882 3.22296852994572
396.239999999881 3.33717231726464
396.989999999881 2.98360747233017
397.73999999988 3.56722425345276
398.489999999879 3.21635226363012
399.239999999879 3.32892439737629
399.989999999878 2.97294052157551
400.739999999877 3.55467990879511
401.489999999877 3.19706122646817
402.239999999876 3.30464553799785
402.989999999875 3.41002617654778
403.739999999875 3.51340948238155
404.489999999874 3.14606368658628
405.239999999873 3.24961119598236
405.989999999873 3.35270308384579
406.739999999872 3.45376685526786
407.489999999871 3.08389853923977
408.23999999987 3.18626342921561
408.98999999987 3.28830111076492
409.739999999869 2.91839966043462
410.489999999868 3.49881771183183
411.239999999868 3.13119211124428
411.989999999867 3.23401721170605
412.739999999866 3.33792769461653
413.489999999866 3.43894730002945
414.239999999865 3.06653191688485
414.989999999864 3.16514580540157
415.739999999864 3.26547391085204
416.489999999863 2.89456814975401
417.239999999862 2.99414454208552
417.989999999862 3.09126638434884
418.739999999861 3.18713853476379
419.48999999986 2.81147894607932
420.23999999986 2.90785258197914
420.989999999859 3.00266041216832
421.739999999858 3.09617129751806
422.489999999858 3.18857436010493
423.239999999857 2.81086147548097
423.989999999856 2.90408729325717
424.739999999855 2.99616361758563
425.489999999855 2.61723396578441
426.239999999854 2.71237411075336
426.989999999853 2.80731539702395
427.739999999853 2.89651418338174
428.489999999852 2.99429437426522
429.239999999851 2.62284129980321
429.989999999851 2.72355103594365
430.73999999985 2.82350170912193
431.489999999849 2.45225662701049
432.239999999849 3.02485947736993
432.989999999848 2.65488843447688
433.739999999847 2.75610650069606
434.489999999847 2.85754180614245
435.239999999846 2.48782329324284
435.989999999845 2.59110256109079
436.739999999845 2.69652370383556
437.489999999844 2.80244035352608
438.239999999843 2.90662217807169
438.989999999842 2.53820970020706
439.739999999842 2.64399679339205
440.489999999841 2.75094501604077
441.23999999984 2.85654175086596
441.98999999984 2.48967914863663
442.739999999839 2.59590274180972
443.489999999838 2.70167859502808
444.239999999838 2.33451318502471
444.989999999837 2.44197457689524
445.739999999836 2.54988369248132
446.489999999836 2.18642716907571
447.239999999835 2.77056995851477
447.989999999834 2.40703124394799
448.739999999834 2.51625817833045
449.489999999833 2.15334856000057
450.239999999832 2.74243377390922
450.989999999832 2.38200108395897
451.739999999831 2.49549612802468
452.48999999983 2.60287409429149
453.23999999983 2.71831941781314
453.989999999829 2.35974497104834
454.739999999828 2.47699115088343
455.489999999827 2.59369178615476
456.239999999827 2.23470099783276
456.989999999826 2.83130507418948
457.739999999825 2.47460040759074
458.489999999825 2.59539869549363
459.239999999824 2.71668418684837
459.989999999823 2.35890558329797
460.739999999823 2.47833930414877
461.489999999822 2.12144280399729
462.239999999821 2.71795840602505
462.989999999821 2.3574401870889
463.73999999982 1.99874556918443
464.489999999819 2.11730783294749
465.239999999819 2.23552570511804
465.989999999818 2.83114904506559
466.739999999817 2.46400167281403
467.489999999817 2.5775222483669
468.239999999816 2.68555553059359
468.989999999815 2.80113489678891
469.739999999815 2.43581512347574
470.489999999814 2.55043172877024
471.239999999813 2.6643998702517
471.989999999812 2.77721766371125
472.739999999812 2.4069435278447
473.489999999811 2.03884753552139
474.23999999981 2.63453174477018
474.98999999981 2.74850987335065
475.739999999809 2.38161315118115
476.489999999808 2.49715289335842
477.239999999808 2.61413045577686
477.989999999807 2.73266309160502
478.739999999806 2.36938075344972
479.489999999806 2.48941351194895
480.239999999805 2.60949817499441
480.989999999804 2.7269613395504
481.739999999804 2.35933946604126
482.489999999803 2.47475812815415
483.239999999802 2.5841276109386
483.989999999802 2.69967122029739
484.739999999801 2.33070470812398
485.4899999998 2.44508827556224
486.2399999998 2.55906948902826
486.989999999799 2.6715516468443
487.739999999798 2.29951463978388
488.489999999797 2.41102536917207
489.239999999797 2.52319313695797
489.989999999796 2.6354674557534
490.739999999795 2.74748342074946
491.489999999795 2.37471902402221
492.239999999794 2.48646916642885
492.989999999793 2.59844512822025
493.739999999793 2.22563383403026
494.489999999792 2.33851526680179
495.239999999791 2.45275429844576
495.989999999791 2.56595378197258
496.73999999979 2.67763296502969
497.489999999789 2.30386016807971
498.239999999789 2.41287158718266
498.989999999788 2.51359919643278
499.739999999787 2.62013768266841
500.489999999787 2.24196027684218
501.239999999786 2.34719577772191
501.989999999785 2.45197594209829
502.739999999785 2.07260816174387
503.489999999784 2.18110807028908
504.239999999783 2.2906669805695
504.989999999782 2.40033727247785
505.739999999782 2.50938142941585
506.489999999781 2.13350195518746
507.23999999978 2.24158834967538
507.98999999978 1.86761868382906
508.739999999779 2.46190342563395
509.489999999778 2.08793149996876
510.239999999778 2.19892024979846
510.989999999777 2.31156134981687
511.739999999776 1.94188603421007
512.489999999776 2.05639149693101
513.239999999775 2.17117794382662
513.989999999774 2.28761007464618
514.739999999774 2.40483724771878
515.489999999773 2.52073670065586
516.239999999772 2.15181045228165
516.989999999772 2.26585024792827
517.739999999771 2.37891105746433
518.48999999977 2.49078723778559
519.23999999977 2.11675886705062
519.989999999769 2.22851659535707
520.739999999768 2.34245751543181
521.489999999768 2.45718969980066
522.239999999767 2.08728916484256
522.989999999766 1.71849930780651
523.739999999765 1.83227687497088
524.489999999765 1.94753790030122
525.239999999764 1.57948388243335
525.989999999763 1.69505331176295
526.739999999763 2.28736639319242
527.489999999762 1.92163896724189
528.239999999761 2.04214700396265
528.989999999761 2.16456351659273
529.73999999976 2.28717871550117
530.489999999759 2.40876422879554
531.239999999759 2.52872988593718
531.989999999758 2.16107231643697
532.739999999757 2.27901224897221
533.489999999757 2.39625166080721
534.239999999756 2.51331104228984
534.989999999755 2.14215364893147
535.739999999755 2.25719513195733
536.489999999754 2.37142785437369
537.239999999753 1.9978006525785
537.989999999753 2.11178331009783
538.739999999752 2.2263332342739
539.489999999751 2.34119599299006
540.23999999975 2.45543047981077
540.98999999975 2.08099765487784
541.739999999749 2.19329331021004
542.489999999748 2.30531878851981
543.239999999748 2.4162245305858
543.989999999747 2.03874441734309
544.739999999746 2.14789793725482
545.489999999746 2.25783263358247
546.239999999745 2.36932559471765
546.989999999744 1.99322769101039
547.739999999744 2.10495447181999
548.489999999743 2.21613872405917
549.239999999742 2.32631491653694
549.989999999742 2.43548913363084
550.739999999741 2.05667328580771
551.48999999974 2.16488761481178
552.23999999974 2.27326523199054
552.989999999739 1.89532010163053
553.739999999738 2.00469194204285
554.489999999738 2.11512900170661
555.239999999737 2.22590557329651
555.989999999736 1.84957351509694
556.739999999735 1.96556816234914
557.489999999735 2.08338550718037
558.239999999734 1.71466190245528
558.989999999733 2.33117620833919
559.739999999733 1.97296274789937
560.489999999732 2.10125078026994
561.239999999731 2.22850806598133
561.989999999731 1.8663608535277
562.73999999973 1.99917406177561
563.489999999729 2.12608823812908
564.239999999729 1.76609545192566
564.989999999728 2.3911416178172
565.739999999727 2.03616098627544
566.489999999727 2.16978191422817
567.239999999726 2.30195721215956
567.989999999725 2.43189320737098
568.739999999725 2.06916881561206
569.489999999724 1.70992076060163
570.239999999723 2.35988752902651
570.989999999722 2.53363066327703
571.739999999722 2.21787999830456
572.489999999721 2.39150176957299
573.23999999972 2.56200638815239
573.98999999972 2.23270405281623
574.739999999719 2.39635230685631
575.489999999718 2.55741095386528
576.239999999718 2.2174860904587
576.989999999717 2.88452415697322
577.739999999716 2.06602277024255
578.489999999716 1.77284639444917
579.239999999715 3.00884823588556
579.989999999714 3.23799767092302
580.739999999714 3.46219092146464
581.489999999713 3.1731174192268
582.239999999712 3.38631675199532
582.989999999712 3.59463185001711
583.739999999711 3.28548007234353
584.48999999971 3.48160991656686
585.23999999971 3.67239220852801
585.989999999709 3.85803889177457
586.739999999708 3.52227410240031
587.489999999707 3.17911404285954
588.239999999707 3.34508241751842
588.989999999706 4.02194365239936
589.739999999705 4.17610045747157
590.489999999705 3.80686381206003
591.239999999704 3.94928982650875
591.989999999703 4.08570085294887
592.739999999703 4.21616298276252
593.489999999702 3.82380089265081
594.239999999701 3.42663020943537
594.989999999701 3.54195574640266
595.7399999997 3.65279744233974
596.489999999699 3.75829487028699
597.239999999699 3.85787998670692
597.989999999698 3.95187441616386
598.739999999697 4.0400322172684
599.489999999697 3.61108870070841
600.239999999696 3.69714456828588
600.989999999695 3.77055077531515
601.739999999695 3.8094194064831
602.489999999694 3.36628177277121
603.239999999693 2.92311456481812
603.989999999692 3.26339227489086
604.739999999692 3.12417174434042
605.489999999691 2.68015331200895
606.23999999969 2.49401879368961
606.98999999969 2.25997296767383
607.739999999689 2.00245184844036
608.489999999688 1.57652088299936
609.239999999688 1.30515585702698
609.989999999687 1.02694182945672
610.739999999686 0.759348199693375
611.489999999686 0.416934051803582
612.239999999685 0.182227291582954
612.989999999684 0.05
613.739999999684 0.05
614.489999999683 0.05
615.239999999682 0.05
615.989999999682 0.05
616.739999999681 0.05
617.48999999968 0.05
618.23999999968 0.05
618.989999999679 0.05
619.739999999678 0.05
620.489999999677 0.05
621.239999999677 0.05
621.989999999676 0.05
622.739999999675 0.05
623.489999999675 0.05
624.239999999674 0.05
624.989999999673 0.05
625.739999999673 0.05
626.489999999672 0.05
627.239999999671 0.05
627.989999999671 0.05
628.73999999967 0.05
629.489999999669 0.05
630.239999999669 0.05
630.989999999668 0.05
631.739999999667 0.05
632.489999999667 0.05
633.239999999666 0.05
633.989999999665 0.05
634.739999999665 0.05
635.489999999664 0.05
636.239999999663 0.05
636.989999999662 0.05
637.739999999662 0.05
638.489999999661 0.05
639.23999999966 0.05
639.98999999966 0.05
640.739999999659 0.05
641.489999999658 0.05
642.239999999658 0.05
642.989999999657 0.05
643.739999999656 0.05
644.489999999656 0.05
645.239999999655 0.05
645.989999999654 0.05
646.739999999654 0.05
647.489999999653 0.05
648.239999999652 0.05
648.989999999652 0.05
649.739999999651 0.05
650.48999999965 0.05
651.23999999965 0.05
651.989999999649 0.05
652.739999999648 0.05
653.489999999647 0.05
654.239999999647 0.05
654.989999999646 0.05
655.739999999645 0.05
656.489999999645 0.05
657.239999999644 0.05
657.989999999643 0.05
658.739999999643 0.05
659.489999999642 0.05
660.239999999641 0.05
660.989999999641 0.05
661.73999999964 0.05
662.489999999639 0.05
663.239999999639 0.05
663.989999999638 0.05
664.739999999637 0.05
665.489999999637 0.05
666.239999999636 0.05
666.989999999635 0.05
667.739999999635 0.05
668.489999999634 0.05
669.239999999633 0.05
669.989999999632 0.05
670.739999999632 0.05
671.489999999631 0.05
672.23999999963 0.05
672.98999999963 0.05
673.739999999629 0.05
674.489999999628 0.05
675.239999999628 0.05
675.989999999627 0.05
676.739999999626 0.05
677.489999999626 0.05
678.239999999625 0.05
678.989999999624 0.05
679.739999999624 0.05
680.489999999623 0.05
681.239999999622 0.05
681.989999999622 0.05
682.739999999621 0.05
683.48999999962 0.05
684.239999999619 0.05
684.989999999619 0.05
685.739999999618 0.05
686.489999999617 0.05
687.239999999617 0.05
687.989999999616 0.05
688.739999999615 0.05
689.489999999615 0.05
690.239999999614 0.05
690.989999999613 0.05
691.739999999613 0.05
692.489999999612 0.05
693.239999999611 0.05
693.989999999611 0.05
694.73999999961 0.05
695.489999999609 0.05
696.239999999609 0.05
696.989999999608 0.05
697.739999999607 0.05
698.489999999607 0.05
699.239999999606 0.05
699.989999999605 0.05
700.739999999604 0.05
701.489999999604 0.05
702.239999999603 0.05
702.989999999602 0.05
703.739999999602 0.05
704.489999999601 0.05
705.2399999996 0.05
705.9899999996 0.05
706.739999999599 0.05
707.489999999598 0.05
708.239999999598 0.05
708.989999999597 0.05
709.739999999596 0.05
710.489999999596 0.05
711.239999999595 0.05
711.989999999594 0.05
712.739999999594 0.05
713.489999999593 0.05
714.239999999592 0.05
714.989999999592 0.05
715.739999999591 0.05
716.48999999959 0.05
717.239999999589 0.05
717.989999999589 0.05
718.739999999588 0.05
719.489999999587 0.05
720.239999999587 0.05
720.989999999586 0.05
721.739999999585 0.05
722.489999999585 0.05
723.239999999584 0.05
723.989999999583 0.05
724.739999999583 0.05
725.489999999582 0.05
726.239999999581 0.05
726.989999999581 0.05
727.73999999958 0.05
728.489999999579 0.05
729.239999999579 0.05
729.989999999578 0.05
730.739999999577 0.05
731.489999999577 0.05
732.239999999576 0.05
732.989999999575 0.05
733.739999999574 0.05
734.489999999574 0.05
735.239999999573 0.05
735.989999999572 0.05
736.739999999572 0.05
737.489999999571 0.05
738.23999999957 0.05
738.98999999957 0.05
739.739999999569 0.05
740.489999999568 0.05
741.239999999568 0.05
741.989999999567 0.05
742.739999999566 0.05
743.489999999566 0.05
744.239999999565 0.05
744.989999999564 0.05
745.739999999564 0.05
746.489999999563 0.05
747.239999999562 0.05
747.989999999562 0.05
748.739999999561 0.05
749.48999999956 0.05
750.239999999559 0.05
750.989999999559 0.05
751.739999999558 0.05
752.489999999557 0.05
753.239999999557 0.05
753.989999999556 0.05
754.739999999555 0.05
755.489999999555 0.05
756.239999999554 0.05
756.989999999553 0.05
757.739999999553 0.05
758.489999999552 0.05
759.239999999551 0.05
759.989999999551 0.05
760.73999999955 0.05
761.489999999549 0.05
762.239999999549 0.05
762.989999999548 0.05
763.739999999547 0.05
764.489999999547 0.05
765.239999999546 0.05
765.989999999545 0.05
766.739999999544 0.05
767.489999999544 0.05
768.239999999543 0.05
768.989999999542 0.05
769.739999999542 0.05
770.489999999541 0.05
771.23999999954 0.05
771.98999999954 0.05
772.739999999539 0.05
773.489999999538 0.05
774.239999999538 0.05
774.989999999537 0.05
775.739999999536 0.05
776.489999999536 0.05
777.239999999535 0.05
777.989999999534 0.05
778.739999999534 0.05
779.489999999533 0.05
780.239999999532 0.05
780.989999999532 0.05
781.739999999531 0.05
782.48999999953 0.05
783.239999999529 0.05
783.989999999529 0.05
784.739999999528 0.05
785.489999999527 0.05
786.239999999527 0.05
786.989999999526 0.05
787.739999999525 0.05
788.489999999525 0.05
789.239999999524 0.05
789.989999999523 0.05
790.739999999523 0.05
791.489999999522 0.05
792.239999999521 0.05
792.989999999521 0.05
793.73999999952 0.05
794.489999999519 0.05
795.239999999519 0.05
795.989999999518 0.05
796.739999999517 0.05
797.489999999516 0.05
798.239999999516 0.05
798.989999999515 0.05
799.739999999514 0.05
