0 30.0004864626681
0.75 30.0118499593125
1.5 30.0218238882342
2.25 30.0304811956963
3 30.0379291968579
3.74999999999999 30.0443274056751
4.49999999999999 30.0496082998394
5.25 30.0538817117244
6.00000000000001 30.0572546180553
6.75000000000001 30.0598024222979
7.50000000000002 30.0615559590114
8.25000000000002 30.0626026088126
9 30.063039036787
9.74999999999998 30.0629566851122
10.5 30.0625428851232
11.25 30.0619254862897
11.9999999999999 30.0611451944445
12.7499999999999 30.0602150073316
13.4999999999999 30.0591704449653
14.2499999999999 30.0580290170777
14.9999999999999 30.0568749478197
15.7499999999999 30.0851353901809
16.4999999999999 30.167661220366
17.2499999999999 30.2957953985282
17.9999999999999 30.4444907016758
18.75 30.6124742342378
19.5 30.7997051099814
20.25 31.0061497626575
21 31.2317710195717
21.7500000000001 31.476391604046
22.5000000000001 31.7397262674631
23.2500000000001 32.0211668753038
24.0000000000002 32.3202065386479
24.7500000000002 32.636197257947
25.5000000000002 32.968726236715
26.2500000000002 33.3171267372627
27.0000000000003 33.6807550210734
27.7500000000003 34.058973920985
28.5000000000003 34.4511950023955
29.2500000000004 34.8568671516872
30.0000000000004 35.2753731369982
30.7500000000004 35.7060655159071
31.5000000000004 36.1483937558757
32.2500000000005 36.6019236015129
33.0000000000005 37.0658699185629
33.7500000000005 37.5394466114627
34.5000000000005 38.0219878332866
35.2500000000006 38.5128784795478
36.0000000000006 39.0115115212748
36.7500000000006 39.5173066093656
37.5000000000007 40.0296518523417
38.2500000000007 40.5480780341479
39.0000000000007 41.0719113643507
39.7500000000007 41.6006161769079
40.5000000000008 42.1336732462559
41.2500000000008 42.6702480855885
42.0000000000008 43.2097091298855
42.7500000000009 43.7514855051191
43.5000000000009 44.2951809812821
44.2500000000009 44.8402967971234
45.0000000000009 45.3861895520554
45.750000000001 45.9324889142897
46.500000000001 46.4788326749107
47.250000000001 47.0249260136703
48.0000000000011 47.5703343851171
48.7500000000011 48.1145433630099
49.5000000000011 48.6571519446894
50.2500000000011 49.1976085320248
51.0000000000012 49.7354440000793
51.7500000000012 50.2702825775695
52.5000000000012 50.8015211644479
53.2500000000013 51.3287028305024
54.0000000000013 51.8511860832984
54.7500000000013 52.3685636146698
55.5000000000013 52.8803163884434
56.2500000000014 53.3861202355244
57.0000000000014 53.8857543958745
57.7500000000014 54.3787348752559
58.5000000000015 54.8646727890286
59.2500000000015 55.343213035399
60.0000000000015 55.8139909689501
60.7500000000015 56.2766469517459
61.5000000000016 56.7306771603563
62.2500000000016 57.1758922995146
63.0000000000016 57.6120433921826
63.7500000000017 58.0386917161958
64.5000000000017 58.455468826402
65.2500000000017 58.8622168575495
66.0000000000017 59.2586474069509
66.7500000000018 59.6443389516944
67.5000000000018 60.0190201711706
68.2500000000018 60.3824222908328
69.0000000000018 60.7343199121766
69.7500000000019 61.0745347678986
70.5000000000019 61.4029334872022
71.2500000000019 61.7193035501943
72.000000000002 62.0235102261683
72.750000000002 62.3155209794128
73.500000000002 62.5952968793294
74.250000000002 62.8627637613665
75.0000000000021 63.1179260730552
75.7500000000021 63.3607249474342
76.5000000000021 63.5911062510212
77.2500000000022 63.8090409522714
78.0000000000022 64.0145073824135
78.7500000000022 64.2074093430328
79.5000000000022 64.3877828034178
80.2500000000023 64.5556565990321
81.0000000000023 64.7110238622827
81.7500000000023 64.8539232197139
82.5000000000024 64.9844288652724
83.2500000000024 65.102543586867
84.0000000000024 65.2083310351128
84.7500000000024 65.301907388825
85.5000000000025 65.3833375637444
86.2500000000025 65.4527263789757
87.0000000000025 65.5101895016697
87.7500000000026 65.5558217314247
88.5000000000026 65.5898494820536
89.2500000000026 65.6123340210727
90.0000000000026 65.6233774717945
90.7500000000027 65.6232962347068
91.5000000000027 65.6121983349721
92.2500000000027 65.5939204265249
93.0000000000028 65.5718920939978
93.7500000000028 65.5408942548449
94.5000000000028 65.5044517621344
95.2500000000028 65.4625924918215
96.0000000000029 65.4140253014829
96.7500000000029 65.3634255575532
97.5000000000029 65.3081528314783
98.250000000003 65.2461414475503
99.000000000003 65.1794905784004
99.750000000003 65.108288259925
100.500000000003 65.0320148516961
101.250000000003 64.9494416418742
102.000000000003 64.8592017630885
102.750000000003 64.7638638772404
103.500000000003 64.6670524251062
104.250000000003 64.568821323104
105.000000000003 64.4668134372522
105.750000000003 64.3580954450617
106.500000000003 64.245804023899
107.250000000003 64.1276581178049
108.000000000003 64.0022409888355
108.750000000003 63.872179207504
109.500000000003 63.7367422542473
110.250000000003 63.5967289000793
111.000000000003 63.4546102324116
111.750000000003 63.3113253495364
112.500000000003 63.1639520542426
113.250000000004 63.0114584625841
114.000000000004 62.8523070079753
114.750000000004 62.6870042749863
115.500000000004 62.5180703878306
116.250000000004 62.3461228638973
117.000000000004 62.1707865900708
117.750000000004 61.9922017636925
118.500000000004 61.8094031606606
119.250000000004 61.6201525907337
120.000000000004 61.4241375926634
120.750000000004 61.2221599794079
121.500000000004 61.0157145125289
122.250000000004 60.8066012068727
123.000000000004 60.596433480366
123.750000000004 60.3829749401932
124.500000000004 60.1656414582415
125.250000000004 59.945110301978
126.000000000004 59.7214213736118
126.750000000004 59.4937522464384
127.500000000004 59.267434526769
128.250000000004 59.043245803435
129.000000000004 58.819635822628
129.750000000004 58.5945112542423
130.500000000004 58.3656830759376
131.250000000004 58.1334068252271
132.000000000004 57.8992198990332
132.750000000004 57.6644601721701
133.500000000004 57.4269266695419
134.250000000004 57.1868698687457
135.000000000004 56.9427537964374
135.750000000004 56.6977722033162
136.500000000004 56.4532757372518
137.250000000004 56.204711990805
138.000000000004 55.9533989000695
138.750000000004 55.7005350056224
139.500000000005 55.4471513969603
140.250000000005 55.1936136732719
141.000000000005 54.9395437417957
141.750000000005 54.6850949366246
142.500000000005 54.4308026061494
143.250000000005 54.1763483993488
144.000000000005 53.921910923519
144.750000000005 53.667990487088
145.500000000005 53.4148170944444
146.250000000005 53.1621011046199
147.000000000005 52.9099717043823
147.750000000005 52.658301313785
148.500000000005 52.4073000027702
149.250000000005 52.1574875774286
150.000000000005 51.909478490647
150.750000000005 51.6624693988498
151.500000000005 51.4167982986864
152.250000000005 51.1732238430636
153.000000000005 50.9316155896708
153.750000000005 50.6921046205585
154.500000000005 50.4546228142568
155.250000000005 50.2193279361901
156.000000000005 49.9862067835192
156.750000000005 49.7555006493705
157.500000000005 49.5268918463042
158.250000000005 49.3004615748282
159.000000000005 49.0762090107816
159.750000000005 48.8540031519453
160.500000000005 48.6343463863925
161.250000000005 48.4172831957021
162.000000000005 48.2026210856432
162.750000000005 47.9902840092069
163.500000000005 47.7807580523524
164.250000000005 47.5741236249125
165.000000000005 47.3708168108335
165.750000000006 47.1705103574955
166.500000000006 46.9736291146518
167.250000000006 46.7799537373063
168.000000000006 46.5890655388374
168.750000000006 46.4013235381959
169.500000000006 46.2171309386831
170.250000000006 46.0364985976758
171.000000000006 45.859305925371
171.750000000006 45.6859300939256
172.500000000006 45.5158016686876
173.250000000006 45.3492888398663
174.000000000006 45.1863645143693
174.750000000006 45.0265333814903
175.500000000006 44.8695801109565
176.250000000006 44.7156784274621
177.000000000006 44.5650539395616
177.750000000006 44.4184470550445
178.500000000006 44.2751318534531
179.250000000006 44.1351005472288
180.000000000006 43.9986820366163
180.750000000006 43.8661313840006
181.500000000006 43.7374935439582
182.250000000006 43.6124093804692
183.000000000006 43.4910941989817
183.750000000006 43.373358073194
184.500000000006 43.2587442778319
185.250000000006 43.1478708011695
186.000000000006 43.0414899849174
186.750000000006 42.9391655963345
187.500000000006 42.8402795189825
188.250000000006 42.7457990463737
189.000000000006 42.6561307008705
189.750000000006 42.5703703482654
190.500000000006 42.4893031430225
191.250000000006 42.412583540224
192.000000000007 42.3403499012455
192.750000000007 42.2728470200436
193.500000000007 42.2100987321944
194.250000000007 42.1520201939495
195.000000000007 42.0987814821364
195.750000000007 42.0509749269617
196.500000000007 42.0083473027317
197.250000000007 41.970891532945
198.000000000007 41.938320668006
198.750000000007 41.9109015512597
199.500000000007 41.887384998648
200.250000000007 41.8685573671581
201.000000000007 41.8545941195209
201.750000000007 41.8447473747615
202.500000000007 41.8390514579441
203.250000000007 41.8373708260181
204.000000000007 41.8395384928458
204.750000000007 41.8455078288195
205.500000000007 41.855217253115
206.250000000007 41.8685552970456
207.000000000007 41.8853071445418
207.750000000007 41.9054948742069
208.500000000007 41.9290416115198
209.250000000007 41.9558476981672
210.000000000007 41.9858572260398
210.750000000007 42.0189166568398
211.500000000007 42.0547820924104
212.250000000007 42.0933821571
213.000000000007 42.1346373508263
213.750000000007 42.1784706307967
214.500000000007 42.2248292504797
215.250000000007 42.2735643629915
216.000000000007 42.3245279097746
216.750000000007 42.3775270651913
217.500000000007 42.4324663105028
218.250000000008 42.4892325186845
219.000000000008 42.5477308710508
219.750000000008 42.607820970403
220.500000000008 42.6693947494672
221.250000000008 42.7323376194501
222.000000000008 42.7964879625782
222.750000000008 42.8616756909552
223.500000000008 42.9277685070821
224.250000000008 42.9946649434536
225.000000000008 43.0621833604837
225.750000000008 43.1302216587433
226.500000000008 43.1986556359535
227.250000000008 43.2674726892477
228.000000000008 43.33657680374
228.750000000008 43.4059070386667
229.500000000008 43.4753845943182
230.250000000008 43.5449509224236
231.000000000008 43.6145440602411
231.750000000008 43.6841057823986
232.500000000008 43.7535740925716
233.250000000008 43.8228931926038
234.000000000008 43.8920108661495
234.750000000008 43.9608570945208
235.500000000008 44.0293714309365
236.250000000008 44.0974696996242
237.000000000008 44.1650983265608
237.750000000008 44.2321083381244
238.500000000008 44.2984687323221
239.250000000008 44.3640018944402
240.000000000008 44.4286524084447
240.750000000008 44.4923258416536
241.500000000008 44.5549231882466
242.250000000008 44.6163269293463
243.000000000008 44.67641921541
243.750000000008 44.7351236319322
244.500000000008 44.7923544759205
245.250000000009 44.8480298101398
246.000000000009 44.902088826075
246.750000000009 44.9545118544094
247.500000000009 45.0052845137215
248.250000000009 45.0543431241833
249.000000000009 45.1016335918949
249.750000000009 45.1470839174443
250.500000000009 45.1905844790058
251.250000000009 45.2319521378099
252.000000000009 45.2712108600879
252.750000000009 45.3083227580593
253.500000000009 45.3433708055215
254.250000000009 45.3764470729787
255.000000000009 45.407422473907
255.750000000009 45.4362256307062
256.500000000008 45.4628534132225
257.250000000008 45.4872979239596
258.000000000007 45.5095359762134
258.750000000006 45.5295036616472
259.500000000006 45.5472314853857
260.250000000005 45.5627017757944
261.000000000004 45.5758164029684
261.750000000004 45.586636914231
262.500000000003 45.5951684602937
263.250000000002 45.6014300206714
264.000000000002 45.6054217059192
264.750000000001 45.6067449570847
265.5 45.5905076864961
266.25 45.5692353217682
266.999999999999 45.5448418977326
267.749999999998 45.518471240826
268.499999999998 45.4898381953229
269.249999999997 45.4461034141316
269.999999999996 45.3982051244559
270.749999999996 45.3482443315439
271.499999999995 45.2966960831375
272.249999999994 45.2433805181365
272.999999999993 45.1891966769943
273.749999999993 45.1332389321908
274.499999999992 45.0766197233159
275.249999999991 45.0189812125984
275.999999999991 44.9601098187709
276.74999999999 44.8997023702754
277.499999999989 44.8383665707285
278.249999999989 44.7752256987863
278.999999999988 44.7114492589921
279.749999999987 44.6371944221686
280.499999999987 44.5571849866484
281.249999999986 44.47755562067
281.999999999985 44.3984326560318
282.749999999985 44.3193167946862
283.499999999984 44.2398545329246
284.249999999983 44.1597118084117
284.999999999983 44.0791831257211
285.749999999982 43.9985795666511
286.499999999981 43.918091703178
287.249999999981 43.8377099574231
287.99999999998 43.7572484526569
288.749999999979 43.6775421406727
289.499999999978 43.5990906177522
290.249999999978 43.521175089623
290.999999999977 43.4442972311886
291.749999999976 43.3674456540597
292.499999999976 43.2906713920446
293.249999999975 43.2142547764428
293.999999999974 43.1380585454153
294.749999999974 43.062962566833
295.499999999973 42.9886071003163
296.249999999972 42.9134443442475
296.999999999972 42.8357212955603
297.749999999971 42.7589442117307
298.49999999997 42.682896654494
299.24999999997 42.6072788927453
299.999999999969 42.5312784556144
300.749999999968 42.4451677048455
301.499999999968 42.3585667632889
302.249999999967 42.2686775470546
302.999999999966 42.1729621859125
303.749999999965 42.078640445996
304.499999999965 41.9840085087363
305.249999999964 41.8914685881618
305.999999999963 41.800950807351
306.749999999963 41.7127040429472
307.499999999962 41.6201676135623
308.249999999961 41.5227462213234
308.999999999961 41.4080238142709
309.74999999996 41.2890423365368
310.499999999959 41.1735586266675
311.249999999959 41.0607853900041
311.999999999958 40.950668825434
312.749999999957 40.8437771077327
313.499999999957 40.740828391544
314.249999999956 40.6414127521189
314.999999999955 40.5450777365582
315.749999999955 40.4517687879956
316.499999999954 40.3614738225083
317.249999999953 40.2739008489932
317.999999999953 40.1899516826161
318.749999999952 40.1096588288735
319.499999999951 40.0333616645954
320.24999999995 39.960360908488
320.99999999995 39.8907113942476
321.749999999949 39.8249423104544
322.499999999948 39.7633917110692
323.249999999948 39.7051830802867
323.999999999947 39.6499598151139
324.749999999946 39.5977996256285
325.499999999946 39.5492702980356
326.249999999945 39.5031588649955
326.999999999944 39.4596939180814
327.749999999944 39.4192714456877
328.499999999943 39.3839483024679
329.249999999942 39.3531257276189
329.999999999942 39.3254550786596
330.749999999941 39.3013908980545
331.49999999994 39.2806301233208
332.24999999994 39.2630783429878
332.999999999939 39.247917220564
333.749999999938 39.2345961163571
334.499999999938 39.2237880308123
335.249999999937 39.210138598348
335.999999999936 39.1984589329491
336.749999999935 39.1888756501621
337.499999999935 39.1812912740002
338.249999999934 39.175991432101
338.999999999933 39.1719571920016
339.749999999933 39.1695120916892
340.499999999932 39.1692259104213
341.249999999931 39.1710185887911
341.999999999931 39.1682602612452
342.74999999993 39.1529884890021
343.499999999929 39.140321503141
344.249999999929 39.1285313677377
344.999999999928 39.1187247565414
345.749999999927 39.1096335498321
346.499999999927 39.103078345383
347.249999999926 39.0995624633278
347.999999999925 39.0877316706156
348.749999999925 39.0705449295185
349.499999999924 39.0542058273247
350.249999999923 39.0328684889653
350.999999999923 39.0143250465796
351.749999999922 38.9987851174803
352.499999999921 38.9834494853721
353.24999999992 38.9654531026435
353.99999999992 38.9503645089011
354.749999999919 38.9391993529677
355.499999999918 38.9305153111632
356.249999999918 38.9235863423867
356.999999999917 38.9146458708288
357.749999999916 38.9081272305871
358.499999999916 38.9040446188536
359.249999999915 38.9007150227064
359.999999999914 38.8908090576383
360.749999999914 38.8812008349295
361.499999999913 38.8722296455132
362.249999999912 38.8632261180893
362.999999999912 38.8551020255265
363.749999999911 38.8449609355854
364.49999999991 38.8333795043132
365.24999999991 38.8214493806077
365.999999999909 38.8097135692484
366.749999999908 38.7910738413084
367.499999999908 38.7653757036054
368.249999999907 38.7314938484324
368.999999999906 38.6939309205235
369.749999999905 38.652776084878
370.499999999905 38.6115912198267
371.249999999904 38.5736828270722
371.999999999903 38.5376942058037
372.749999999903 38.4911458728676
373.499999999902 38.4325320305692
374.249999999901 38.3720271149682
374.999999999901 38.3119735565276
375.7499999999 38.2510830855454
376.499999999899 38.1899080534856
377.249999999899 38.1303878013245
377.999999999898 38.0731774418909
378.749999999897 38.0159823075645
379.499999999897 37.9579155637178
380.249999999896 37.9026534469545
380.999999999895 37.8506557125154
381.749999999895 37.802833935661
382.499999999894 37.7530654280046
383.249999999893 37.7045763258871
383.999999999893 37.6582845367098
384.749999999892 37.616797607176
385.499999999891 37.5774448410541
386.24999999989 37.5425434309689
386.99999999989 37.5113717597489
387.749999999889 37.4836435690075
388.499999999888 37.4601087986232
389.249999999888 37.4377544884455
389.999999999887 37.4161486274486
390.749999999886 37.3865288313903
391.499999999886 37.3557274592438
392.249999999885 37.3243442964258
392.999999999884 37.2942601850683
393.749999999884 37.2673527351451
394.499999999883 37.2382419321748
395.249999999882 37.2087192587272
395.999999999882 37.1800728087707
396.749999999881 37.1542376329022
397.49999999988 37.1243770387062
398.24999999988 37.0943392211573
398.999999999879 37.0686125120607
399.749999999878 37.0462298638296
400.499999999878 37.0204030221047
401.249999999877 36.9983373589831
401.999999999876 36.9802148720353
402.749999999875 36.9657577855402
403.499999999875 36.9532850384588
404.249999999874 36.9431079516415
404.999999999873 36.93322808131
405.749999999873 36.9213059952597
406.499999999872 36.9126820213283
407.249999999871 36.9057170310177
407.999999999871 36.8979961803043
408.74999999987 36.8878551524763
409.499999999869 36.8816165406126
410.249999999869 36.8716864744195
410.999999999868 36.8619067052863
411.749999999867 36.8537393153219
412.499999999867 36.8426930039266
413.249999999866 36.8345426683741
413.999999999865 36.8304101138823
414.749999999865 36.8276546583428
415.499999999864 36.822036412232
416.249999999863 36.81649984962
416.999999999862 36.8113101163447
417.749999999862 36.8086000362721
418.499999999861 36.8084345489136
419.24999999986 36.8088920019462
419.99999999986 36.8079611507477
420.749999999859 36.8083854670968
421.499999999858 36.8109387263817
422.249999999858 36.8146261899563
422.999999999857 36.8174444386824
423.749999999856 36.8203850835408
424.499999999856 36.8242081797391
425.249999999855 36.8294190794298
425.999999999854 36.8304121113665
426.749999999854 36.8304618637379
427.499999999853 36.8310474470079
428.249999999852 36.8286178542566
428.999999999852 36.8240706874352
429.749999999851 36.8179661533472
430.49999999985 36.8122917469233
431.24999999985 36.8083554891844
431.999999999849 36.8010791188662
432.749999999848 36.7940082768152
433.499999999847 36.787814620017
434.249999999847 36.7817311133425
434.999999999846 36.7749917303612
435.749999999845 36.7662792420618
436.499999999845 36.7560248945172
437.249999999844 36.7443792396382
437.999999999843 36.734625182383
438.749999999843 36.7257548050418
439.499999999842 36.7160444152139
440.249999999841 36.703590208832
440.999999999841 36.692970863418
441.74999999984 36.6824489593936
442.499999999839 36.6714100214835
443.249999999839 36.6613518347413
443.999999999838 36.652059856665
444.749999999837 36.6400985987486
445.499999999837 36.6274264725764
446.249999999836 36.6147387092285
446.999999999835 36.5985015686647
447.749999999835 36.5843185244458
448.499999999834 36.5704272490005
449.249999999833 36.5569932350619
449.999999999832 36.5379409525967
450.749999999832 36.5191488681305
451.499999999831 36.5010948299139
452.24999999983 36.4840176720771
452.99999999983 36.4655154223481
453.749999999829 36.4452500482913
454.499999999828 36.4240254556919
455.249999999828 36.4042093878
455.999999999827 36.3851511140796
456.749999999826 36.36239268427
457.499999999826 36.3389612673247
458.249999999825 36.3165391649488
458.999999999824 36.2925327046734
459.749999999824 36.270972489553
460.499999999823 36.2496832049083
461.249999999822 36.228453546453
461.999999999822 36.2082812252399
462.749999999821 36.1903392166449
463.49999999982 36.1705798485269
464.24999999982 36.1514378304172
464.999999999819 36.1338306549542
465.749999999818 36.117530845168
466.499999999817 36.1071812028675
467.249999999817 36.0968247143861
467.999999999816 36.0851631894018
468.749999999815 36.0719734936892
469.499999999815 36.0594941883142
470.249999999814 36.0476428027206
470.999999999813 36.0370951719422
471.749999999813 36.0276951054635
472.499999999812 36.0209284248505
473.249999999811 36.0138560701876
473.999999999811 36.0026293725559
474.74999999981 35.9929182511157
475.499999999809 35.982619466364
476.249999999809 35.9715302563488
476.999999999808 35.9593756735446
477.749999999807 35.9449197769701
478.499999999807 35.9301831458954
479.249999999806 35.9144903817462
479.999999999805 35.898111253162
480.749999999805 35.8849522457968
481.499999999804 35.8752240083978
482.249999999803 35.865490708356
482.999999999802 35.8552559451361
483.749999999802 35.8453404523293
484.499999999801 35.8375587126946
485.2499999998 35.829590087274
485.9999999998 35.8219291323969
486.749999999799 35.8165272451057
487.499999999798 35.812648248982
488.249999999798 35.8083252965101
488.999999999797 35.8038500218022
489.749999999796 35.7994812091452
490.499999999796 35.7949178668165
491.249999999795 35.7913909494838
491.999999999794 35.7879405292787
492.749999999794 35.7837253832127
493.499999999793 35.7809891072881
494.249999999792 35.7763166404149
494.999999999792 35.7696937202496
495.749999999791 35.7638050122413
496.49999999979 35.7601637609208
497.24999999979 35.7580612705488
497.999999999789 35.7571850979525
498.749999999788 35.7582108530143
499.499999999787 35.7612341433384
500.249999999787 35.7647343738672
500.999999999786 35.7684523015502
501.749999999785 35.7732388304668
502.499999999785 35.7792102571561
503.249999999784 35.7807651220182
503.999999999783 35.7791015733527
504.749999999783 35.7777661529693
505.499999999782 35.7772340232751
506.249999999781 35.7781572822797
506.999999999781 35.7784436213372
507.74999999978 35.7782832332505
508.499999999779 35.7754621929997
509.249999999779 35.7741796826991
509.999999999778 35.7714162991732
510.749999999777 35.767176949628
511.499999999777 35.7612744632119
512.249999999776 35.7537923449352
512.999999999775 35.7467894012283
513.749999999775 35.7381680230222
514.499999999774 35.7282784378687
515.249999999773 35.7198957300876
515.999999999773 35.7118301293098
516.749999999772 35.705290630445
517.499999999771 35.7008791641962
518.24999999977 35.6980066698792
518.99999999977 35.6962970202276
519.749999999769 35.6938645247108
520.499999999768 35.6896780555589
521.249999999768 35.6837592120563
521.999999999767 35.6774301078848
522.749999999766 35.670015729185
523.499999999766 35.6645267485096
524.249999999765 35.6585726370544
524.999999999764 35.6494023890241
525.749999999764 35.6421979415402
526.499999999763 35.638775606153
527.249999999762 35.6285664040324
527.999999999762 35.6162389399251
528.749999999761 35.602446859216
529.49999999976 35.5874887635247
530.24999999976 35.5745068383261
530.999999999759 35.5635225146449
531.749999999758 35.553723221323
532.499999999758 35.5453653705775
533.249999999757 35.5388248929083
533.999999999756 35.532080986234
534.749999999755 35.5265969382753
535.499999999755 35.5222809308979
536.249999999754 35.5194880628528
536.999999999753 35.5177322338302
537.749999999753 35.5153331195258
538.499999999752 35.512295301035
539.249999999751 35.5090213312199
539.999999999751 35.5063881098865
540.74999999975 35.5050840805224
541.499999999749 35.504391157257
542.249999999749 35.5047348507114
542.999999999748 35.5061230413904
543.749999999747 35.5087169948013
544.499999999747 35.5117674575127
545.249999999746 35.5154951894965
545.999999999745 35.5164280486536
546.749999999745 35.5174946269022
547.499999999744 35.5179215432082
548.249999999743 35.5185063592042
548.999999999742 35.5206652940019
549.749999999742 35.5239334729891
550.499999999741 35.5279643090046
551.24999999974 35.5324276963385
551.99999999974 35.537257062674
552.749999999739 35.5410210503899
553.499999999738 35.543762609743
554.249999999738 35.5456432716327
554.999999999737 35.5468575930876
555.749999999736 35.5485557659912
556.499999999736 35.5456335835621
557.249999999735 35.5374577172549
557.999999999734 35.530496030732
558.749999999734 35.512447199602
559.499999999733 35.4908646807928
560.249999999732 35.4707425247241
560.999999999732 35.4524977515214
561.749999999731 35.4362798531946
562.49999999973 35.4204226468441
563.24999999973 35.4044060376714
563.999999999729 35.3864336472684
564.749999999728 35.3610382475193
565.499999999727 35.3354014157028
566.249999999727 35.3114821574175
566.999999999726 35.2897568906344
567.749999999725 35.2711691986864
568.499999999725 35.2551419268649
569.249999999724 35.23941149196
569.999999999723 35.1963073864056
570.749999999723 35.1308725960306
571.499999999722 35.0563621305601
572.249999999721 34.9874651504305
572.999999999721 34.9242598561354
573.74999999972 34.866720221747
574.499999999719 34.81379423131
575.249999999719 34.7653838081388
575.999999999718 34.7211837013208
576.749999999717 34.6736108451447
577.499999999717 34.6080162396102
578.249999999716 34.516805804389
578.999999999715 34.3924338874396
579.749999999715 34.2706463421085
580.499999999714 34.1580063257864
581.249999999713 34.0537899687256
581.999999999712 33.9577221859357
582.749999999712 33.8696307611787
583.499999999711 33.7898004853794
584.24999999971 33.7184178433906
584.99999999971 33.6553397817559
585.749999999709 33.5998681237152
586.499999999708 33.5519461984073
587.249999999708 33.5118963012874
587.999999999707 33.4806513078709
588.749999999706 33.4576573745106
589.499999999706 33.4419799335243
590.249999999705 33.4333744475124
590.999999999704 33.4316929629769
591.749999999704 33.4367543609384
592.499999999703 33.4484568995381
593.249999999702 33.4666960904414
593.999999999702 33.4911684748119
594.749999999701 33.5203967883042
595.4999999997 33.5541704539734
596.2499999997 33.5931039092285
596.999999999699 33.6378760869327
597.749999999698 33.6883342300606
598.499999999697 33.744309036394
599.249999999697 33.805623446573
599.999999999696 33.8717209636368
600.749999999695 33.9422189806039
601.499999999695 34.0175022422891
602.249999999694 34.0964949215007
602.999999999693 34.1782513817282
603.749999999693 34.2572773538598
604.499999999692 34.3372784179569
605.249999999691 34.4199445455114
605.999999999691 34.5027265562198
606.74999999969 34.5833729972693
607.499999999689 34.6554005237755
608.249999999689 34.7218408923215
608.999999999688 34.7768745538741
609.749999999687 34.8099170847416
610.499999999687 34.809114649465
611.249999999686 34.7769420904647
611.999999999685 34.7065124038305
612.749999999685 34.5978365991469
613.499999999684 34.4509228606111
614.249999999683 34.2657792852861
614.999999999682 34.0424138574542
615.749999999682 33.780834422993
616.499999999681 33.4810486637748
617.24999999968 33.1430640720866
617.99999999968 32.7668879250716
618.749999999679 32.3525272591902
619.499999999678 31.8999888447
620.249999999678 31.4092791601533
620.999999999677 30.8804043669105
621.749999999676 30.3169937794926
622.499999999676 29.7475889768773
623.249999999675 29.1782907384664
623.999999999674 28.609097145682
624.749999999674 28.0400062813466
625.499999999673 27.4710162296564
626.249999999672 26.9021250761557
626.999999999672 26.3333309077111
627.749999999671 25.7646318124853
628.49999999967 25.1960258799111
629.24999999967 24.6275112006662
629.999999999669 24.0590858666467
630.749999999668 23.4907479709419
631.499999999667 22.9224956078081
632.249999999667 22.3543268726433
632.999999999666 21.7862398619613
633.749999999665 21.2182326733662
634.499999999665 20.6503034055267
635.249999999664 20.0824501581506
635.999999999663 19.5146710319593
636.749999999663 18.9469641286621
637.499999999662 18.379327550931
638.249999999661 17.811759402375
638.999999999661 17.2442577875148
639.74999999966 16.6768208117575
640.499999999659 16.109446581371
641.249999999659 15.5421332034587
641.999999999658 14.9748787859342
642.749999999657 14.4076814374962
643.499999999657 13.8405392676028
644.249999999656 13.2734503864467
644.999999999655 12.7064129049296
645.749999999655 12.1394249346371
646.499999999654 11.5724845878135
647.249999999653 11.0055899773367
647.999999999652 10.4387392166929
648.749999999652 9.8719304199516
649.499999999651 9.3051617017403
650.24999999965 8.73843117721948
650.99999999965 8.17173696205752
651.749999999649 7.60507717240558
652.499999999648 7.0384499248725
653.249999999648 6.47185333649982
653.999999999647 5.90528552473664
654.749999999646 5.33874460741467
655.499999999646 4.77222870272313
656.249999999645 4.20573592918382
656.999999999644 3.63926440562602
657.749999999644 3.07281225116156
658.499999999643 2.50637758515983
659.249999999642 1.93995852722275
659.999999999642 1.37355319715984
660.749999999641 0.807159714963251
661.49999999964 0.240776200782777
662.249999999639 -0.00845737036918364
662.999999999639 -0.00850647423847239
663.749999999638 -0.00855557748150719
664.499999999637 -0.00860468009831013
665.249999999637 -0.00865378208890335
665.999999999636 -0.00870288345330893
666.749999999635 -0.00875198419154901
667.499999999635 -0.00880108430364569
668.249999999634 -0.00885018378962108
668.999999999633 -0.00889928264949729
669.749999999633 -0.00894838088329643
670.499999999632 -0.00899747849104061
671.249999999631 -0.00904657547275193
671.999999999631 -0.00909567182845249
672.74999999963 -0.00914476755816442
673.499999999629 -0.0091938626619098
674.249999999629 -0.00924295713971074
674.999999999628 -0.00929205099158936
675.749999999627 -0.00934114421756773
676.499999999627 -0.00939023681766797
677.249999999626 -0.00943932879191218
677.999999999625 -0.00948842014032245
678.749999999624 -0.00953751086292089
679.499999999624 -0.00958660095972959
680.249999999623 -0.00963569043077066
680.999999999622 -0.00968477927606617
681.749999999622 -0.00973386749563824
682.499999999621 -0.00978295508950895
683.24999999962 -0.0098320420577004
683.99999999962 -0.00988112840023469
684.749999999619 -0.00993021411713389
685.499999999618 -0.00997929920842011
686.249999999618 -0.0100283836741154
686.999999999617 -0.010077467514242
687.749999999616 -0.0101265507288218
688.499999999616 -0.0101756333178769
689.249999999615 -0.0102247152814296
689.999999999614 -0.0102737966195017
690.749999999614 -0.0103228773321155
691.499999999613 -0.010371957419293
692.249999999612 -0.0104210368810564
692.999999999612 -0.0104701157174276
693.749999999611 -0.0105191939284287
694.49999999961 -0.0105682715140819
695.249999999609 -0.0106173484744092
695.999999999609 -0.0106664248094328
696.749999999608 -0.0107155005191746
697.499999999607 -0.0107645756036567
698.249999999607 -0.0108136500629013
698.999999999606 -0.0108627238969304
699.749999999605 -0.0109117971057662
700.499999999605 -0.0109608696894305
701.249999999604 -0.0110099416479456
701.999999999603 -0.0110590129813335
702.749999999603 -0.0111080836896163
703.499999999602 -0.0111571537728161
704.249999999601 -0.0112062232309549
704.999999999601 -0.0112552920640547
705.7499999996 -0.0113043602721378
706.499999999599 -0.0113534278552261
707.249999999599 -0.0114024948133416
707.999999999598 -0.0114515611465065
708.749999999597 -0.0115006268547429
709.499999999597 -0.0115496919380728
710.249999999596 -0.0115987563965182
710.999999999595 -0.0116478202301012
711.749999999594 -0.011696883438844
712.499999999594 -0.0117459460227684
713.249999999593 -0.0117950079818967
713.999999999592 -0.0118440693162509
714.749999999592 -0.0118931300258529
715.499999999591 -0.011942190110725
716.24999999959 -0.0119912495708891
716.99999999959 -0.0120403084063673
717.749999999589 -0.0120893666171817
718.499999999588 -0.0121384242033542
719.249999999588 -0.0121874811649071
719.999999999587 -0.0122365375018622
720.749999999586 -0.0122855932142417
721.499999999586 -0.0123346483020677
722.249999999585 -0.0123837027653621
722.999999999584 -0.012432756604147
723.749999999584 -0.0124818098184445
724.499999999583 -0.0125308624082767
725.249999999582 -0.0125799143736654
725.999999999582 -0.012628965714633
726.749999999581 -0.0126780164312012
727.49999999958 -0.0127270665233923
728.249999999579 -0.0127761159912282
728.999999999579 -0.012825164834731
729.749999999578 -0.0128742130539228
730.499999999577 -0.0129232606488255
731.249999999577 -0.0129723076194613
731.999999999576 -0.0130213539658521
732.749999999575 -0.01307039968802
733.499999999575 -0.013119444785987
734.249999999574 -0.0131684892597753
734.999999999573 -0.0132175331094067
735.749999999573 -0.0132665763349034
736.499999999572 -0.0133156189362874
737.249999999571 -0.0133646609135806
737.999999999571 -0.0134137022668053
738.74999999957 -0.0134627429959833
739.499999999569 -0.0135117831011367
740.249999999569 -0.0135608225822876
740.999999999568 -0.013609861439458
741.749999999567 -0.0136588996726699
742.499999999567 -0.0137079372819453
743.249999999566 -0.0137569742673063
743.999999999565 -0.0138060106287748
744.749999999564 -0.013855046366373
745.499999999564 -0.0139040814801228
746.249999999563 -0.0139531159700463
746.999999999562 -0.0140021498361655
747.749999999562 -0.0140511830785024
748.499999999561 -0.0141002156970791
749.24999999956 -0.0141492476919175
749.99999999956 -0.0141982790630397
750.749999999559 -0.0142473098104677
751.499999999558 -0.0142963399342235
752.249999999558 -0.0143453694343291
752.999999999557 -0.0143943983108066
753.749999999556 -0.014443426563678
754.499999999556 -0.0144924541929652
755.249999999555 -0.0145414811986904
755.999999999554 -0.0145905075808754
756.749999999554 -0.0146395333395424
757.499999999553 -0.0146885584747134
758.249999999552 -0.0147375829864103
758.999999999552 -0.0147866068746551
759.749999999551 -0.0148356301394699
760.49999999955 -0.0148846527808767
761.249999999549 -0.0149336747988976
761.999999999549 -0.0149826961935543
762.749999999548 -0.0150317169648692
763.499999999547 -0.015080737112864
764.249999999547 -0.0151297566375608
764.999999999546 -0.0151787755389817
765.749999999545 -0.0152277938171485
766.499999999545 -0.0152768114720834
767.249999999544 -0.0153258285038084
767.999999999543 -0.0153748449123453
768.749999999543 -0.0154238606977163
769.499999999542 -0.0154728758599433
770.249999999541 -0.0155218903990484
770.999999999541 -0.0155709043150535
771.74999999954 -0.0156199176079806
772.499999999539 -0.0156689302778517
773.249999999539 -0.0157179423246888
773.999999999538 -0.0157669537485139
774.749999999537 -0.0158159645493491
775.499999999536 -0.0158649747272162
776.249999999536 -0.0159139842821373
776.999999999535 -0.0159629932141344
777.749999999534 -0.0160120015232295
778.499999999534 -0.0160610092094445
779.249999999533 -0.0161100162728015
779.999999999532 -0.0161590227133224
780.749999999532 -0.0162080285310292
781.499999999531 -0.0162570337259439
782.24999999953 -0.0163060382980885
782.99999999953 -0.016355042247485
783.749999999529 -0.0164040455741554
784.499999999528 -0.0164530482781216
785.249999999528 -0.0165020503594056
785.999999999527 -0.0165510518180295
786.749999999526 -0.0166000526540151
787.499999999526 -0.0166490528673845
788.249999999525 -0.0166980524581596
788.999999999524 -0.0167470514263625
789.749999999524 -0.0167960497720151
790.499999999523 -0.0168450474951393
791.249999999522 -0.0168940445957573
791.999999999521 -0.0169430410738908
792.749999999521 -0.0169920369295619
793.49999999952 -0.0170410321627927
794.249999999519 -0.0170900267736049
794.999999999519 -0.0171390207620207
795.749999999518 -0.017188014128062
796.499999999517 -0.0172370068717508
797.249999999517 -0.017285998993109
797.999999999516 -0.0173349904921585
798.749999999515 -0.0173839813689215
799.499999999515 -0.0174329716234198
