0 -1
0.75 -1
1.5 -1
2.25 -1
3 -1
3.74999999999999 -1
4.49999999999999 -1
5.25 -1
6.00000000000001 -1
6.75000000000001 -1
7.50000000000002 -1
8.25000000000002 -1
9 -1
9.74999999999998 -1
10.5 -1
11.25 -1
11.9999999999999 -1
12.7499999999999 -1
13.4999999999999 -1
14.2499999999999 -1
14.9999999999999 -1
15.7499999999999 -1
16.4999999999999 -1
17.2499999999999 1
17.9999999999999 1
18.75 1
19.5 1
20.25 1
21 1
21.7500000000001 1
22.5000000000001 1
23.2500000000001 1
24.0000000000002 1
24.7500000000002 1
25.5000000000002 1
26.2500000000002 1
27.0000000000003 1
27.7500000000003 1
28.5000000000003 1
29.2500000000004 1
30.0000000000004 1
30.7500000000004 1
31.5000000000004 1
32.2500000000005 1
33.0000000000005 1
33.7500000000005 1
34.5000000000005 1
35.2500000000006 1
36.0000000000006 1
36.7500000000006 1
37.5000000000007 1
38.2500000000007 1
39.0000000000007 1
39.7500000000007 1
40.5000000000008 1
41.2500000000008 1
42.0000000000008 1
42.7500000000009 1
43.5000000000009 1
44.2500000000009 1
45.0000000000009 1
45.750000000001 1
46.500000000001 1
47.250000000001 1
48.0000000000011 1
48.7500000000011 1
49.5000000000011 1
50.2500000000011 1
51.0000000000012 1
51.7500000000012 1
52.5000000000012 1
53.2500000000013 1
54.0000000000013 1
54.7500000000013 1
55.5000000000013 1
56.2500000000014 1
57.0000000000014 1
57.7500000000014 1
58.5000000000015 1
59.2500000000015 1
60.0000000000015 1
60.7500000000015 1
61.5000000000016 1
62.2500000000016 1
63.0000000000016 1
63.7500000000017 1
64.5000000000017 1
65.2500000000017 1
66.0000000000017 1
66.7500000000018 1
67.5000000000018 1
68.2500000000018 1
69.0000000000018 1
69.7500000000019 1
70.5000000000019 1
71.2500000000019 1
72.000000000002 1
72.750000000002 1
73.500000000002 1
74.250000000002 1
75.0000000000021 1
75.7500000000021 1
76.5000000000021 1
77.2500000000022 1
78.0000000000022 1
78.7500000000022 1
79.5000000000022 1
80.2500000000023 1
81.0000000000023 1
81.7500000000023 1
82.5000000000024 1
83.2500000000024 1
84.0000000000024 1
84.7500000000024 1
85.5000000000025 1
86.2500000000025 1
87.0000000000025 1
87.7500000000026 1
88.5000000000026 1
89.2500000000026 1
90.0000000000026 1
90.7500000000027 1
91.5000000000027 1
92.2500000000027 1
93.0000000000028 1
93.7500000000028 1
94.5000000000028 1
95.2500000000028 1
96.0000000000029 1
96.7500000000029 1
97.5000000000029 1
98.250000000003 1
99.000000000003 1
99.750000000003 1
100.500000000003 1
101.250000000003 1
102.000000000003 1
102.750000000003 1
103.500000000003 1
104.250000000003 1
105.000000000003 1
105.750000000003 1
106.500000000003 1
107.250000000003 1
108.000000000003 1
108.750000000003 1
109.500000000003 1
110.250000000003 1
111.000000000003 1
111.750000000003 1
112.500000000003 1
113.250000000004 1
114.000000000004 1
114.750000000004 1
115.500000000004 1
116.250000000004 1
117.000000000004 1
117.750000000004 1
118.500000000004 1
119.250000000004 1
120.000000000004 1
120.750000000004 1
121.500000000004 1
122.250000000004 1
123.000000000004 1
123.750000000004 1
124.500000000004 1
125.250000000004 1
126.000000000004 1
126.750000000004 1
127.500000000004 1
128.250000000004 1
129.000000000004 1
129.750000000004 1
130.500000000004 1
131.250000000004 1
132.000000000004 1
132.750000000004 1
133.500000000004 1
134.250000000004 1
135.000000000004 1
135.750000000004 1
136.500000000004 1
137.250000000004 1
138.000000000004 1
138.750000000004 1
139.500000000005 1
140.250000000005 1
141.000000000005 1
141.750000000005 1
142.500000000005 1
143.250000000005 1
144.000000000005 1
144.750000000005 1
145.500000000005 1
146.250000000005 1
147.000000000005 1
147.750000000005 1
148.500000000005 1
149.250000000005 1
150.000000000005 1
150.750000000005 1
151.500000000005 1
152.250000000005 1
153.000000000005 1
153.750000000005 1
154.500000000005 1
155.250000000005 1
156.000000000005 1
156.750000000005 1
157.500000000005 1
158.250000000005 1
159.000000000005 1
159.750000000005 1
160.500000000005 1
161.250000000005 1
162.000000000005 1
162.750000000005 1
163.500000000005 1
164.250000000005 1
165.000000000005 1
165.750000000006 1
166.500000000006 1
167.250000000006 1
168.000000000006 1
168.750000000006 1
169.500000000006 1
170.250000000006 1
171.000000000006 1
171.750000000006 1
172.500000000006 1
173.250000000006 1
174.000000000006 1
174.750000000006 1
175.500000000006 1
176.250000000006 1
177.000000000006 1
177.750000000006 1
178.500000000006 1
179.250000000006 1
180.000000000006 1
180.750000000006 1
181.500000000006 1
182.250000000006 1
183.000000000006 1
183.750000000006 1
184.500000000006 1
185.250000000006 1
186.000000000006 1
186.750000000006 1
187.500000000006 1
188.250000000006 1
189.000000000006 1
189.750000000006 1
190.500000000006 1
191.250000000006 1
192.000000000007 1
192.750000000007 1
193.500000000007 1
194.250000000007 1
195.000000000007 1
195.750000000007 1
196.500000000007 1
197.250000000007 1
198.000000000007 1
198.750000000007 1
199.500000000007 1
200.250000000007 1
201.000000000007 1
201.750000000007 1
202.500000000007 1
203.250000000007 1
204.000000000007 1
204.750000000007 1
205.500000000007 1
206.250000000007 1
207.000000000007 1
207.750000000007 1
208.500000000007 1
209.250000000007 1
210.000000000007 1
210.750000000007 1
211.500000000007 1
212.250000000007 1
213.000000000007 1
213.750000000007 1
214.500000000007 1
215.250000000007 1
216.000000000007 1
216.750000000007 1
217.500000000007 1
218.250000000008 1
219.000000000008 1
219.750000000008 1
220.500000000008 1
221.250000000008 1
222.000000000008 1
222.750000000008 1
223.500000000008 1
224.250000000008 1
225.000000000008 1
225.750000000008 1
226.500000000008 1
227.250000000008 1
228.000000000008 1
228.750000000008 1
229.500000000008 1
230.250000000008 1
231.000000000008 1
231.750000000008 1
232.500000000008 1
233.250000000008 1
234.000000000008 1
234.750000000008 1
235.500000000008 1
236.250000000008 1
237.000000000008 1
237.750000000008 1
238.500000000008 1
239.250000000008 1
240.000000000008 1
240.750000000008 1
241.500000000008 1
242.250000000008 1
243.000000000008 1
243.750000000008 1
244.500000000008 1
245.250000000009 1
246.000000000009 1
246.750000000009 1
247.500000000009 1
248.250000000009 1
249.000000000009 1
249.750000000009 1
250.500000000009 1
251.250000000009 1
252.000000000009 1
252.750000000009 1
253.500000000009 1
254.250000000009 1
255.000000000009 1
255.750000000009 1
256.500000000008 1
257.250000000008 1
258.000000000007 1
258.750000000006 1
259.500000000006 1
260.250000000005 1
261.000000000004 1
261.750000000004 1
262.500000000003 1
263.250000000002 1
264.000000000002 1
264.750000000001 2
265.5 1
266.25 1
266.999999999999 1
267.749999999998 1
268.499999999998 2
269.249999999997 1
269.999999999996 1
270.749999999996 1
271.499999999995 1
272.249999999994 1
272.999999999993 1
273.749999999993 1
274.499999999992 1
275.249999999991 1
275.999999999991 1
276.74999999999 1
277.499999999989 1
278.249999999989 1
278.999999999988 1
279.749999999987 1
280.499999999987 1
281.249999999986 1
281.999999999985 1
282.749999999985 1
283.499999999984 1
284.249999999983 1
284.999999999983 1
285.749999999982 1
286.499999999981 1
287.249999999981 1
287.99999999998 1
288.749999999979 1
289.499999999978 1
290.249999999978 1
290.999999999977 1
291.749999999976 1
292.499999999976 1
293.249999999975 1
293.999999999974 1
294.749999999974 1
295.499999999973 1
296.249999999972 1
296.999999999972 1
297.749999999971 1
298.49999999997 1
299.24999999997 1
299.999999999969 2
300.749999999968 1
301.499999999968 1
302.249999999967 1
302.999999999966 1
303.749999999965 1
304.499999999965 1
305.249999999964 1
305.999999999963 1
306.749999999963 1
307.499999999962 1
308.249999999961 2
308.999999999961 2
309.74999999996 1
310.499999999959 1
311.249999999959 1
311.999999999958 1
312.749999999957 1
313.499999999957 1
314.249999999956 1
314.999999999955 1
315.749999999955 1
316.499999999954 1
317.249999999953 1
317.999999999953 1
318.749999999952 1
319.499999999951 1
320.24999999995 1
320.99999999995 1
321.749999999949 1
322.499999999948 1
323.249999999948 1
323.999999999947 1
324.749999999946 1
325.499999999946 1
326.249999999945 1
326.999999999944 1
327.749999999944 1
328.499999999943 1
329.249999999942 1
329.999999999942 1
330.749999999941 1
331.49999999994 1
332.24999999994 1
332.999999999939 1
333.749999999938 1
334.499999999938 1
335.249999999937 1
335.999999999936 1
336.749999999935 1
337.499999999935 1
338.249999999934 1
338.999999999933 1
339.749999999933 1
340.499999999932 1
341.249999999931 1
341.999999999931 2
342.74999999993 1
343.499999999929 1
344.249999999929 1
344.999999999928 1
345.749999999927 1
346.499999999927 1
347.249999999926 1
347.999999999925 1
348.749999999925 1
349.499999999924 2
350.249999999923 1
350.999999999923 1
351.749999999922 1
352.499999999921 1
353.24999999992 1
353.99999999992 1
354.749999999919 1
355.499999999918 1
356.249999999918 1
356.999999999917 1
357.749999999916 1
358.499999999916 1
359.249999999915 2
359.999999999914 2
360.749999999914 1
361.499999999913 1
362.249999999912 1
362.999999999912 2
363.749999999911 1
364.49999999991 1
365.24999999991 1
365.999999999909 2
366.749999999908 1
367.499999999908 1
368.249999999907 1
368.999999999906 2
369.749999999905 2
370.499999999905 1
371.249999999904 1
371.999999999903 2
372.749999999903 3
373.499999999902 1
374.249999999901 1
374.999999999901 2
375.7499999999 2
376.499999999899 1
377.249999999899 1
377.999999999898 2
378.749999999897 2
379.499999999897 1
380.249999999896 1
380.999999999895 1
381.749999999895 2
382.499999999894 1
383.249999999893 1
383.999999999893 1
384.749999999892 2
385.499999999891 1
386.24999999989 1
386.99999999989 1
387.749999999889 1
388.499999999888 1
389.249999999888 1
389.999999999887 2
390.749999999886 1
391.499999999886 1
392.249999999885 1
392.999999999884 1
393.749999999884 2
394.499999999883 1
395.249999999882 1
395.999999999882 1
396.749999999881 2
397.49999999988 1
398.24999999988 1
398.999999999879 1
399.749999999878 2
400.499999999878 1
401.249999999877 1
401.999999999876 1
402.749999999875 1
403.499999999875 2
404.249999999874 1
404.999999999873 2
405.749999999873 1
406.499999999872 2
407.249999999871 1
407.999999999871 2
408.74999999987 1
409.499999999869 2
410.249999999869 1
410.999999999868 1
411.749999999867 2
412.499999999867 1
413.249999999866 1
413.999999999865 1
414.749999999865 2
415.499999999864 2
416.249999999863 1
416.999999999862 1
417.749999999862 1
418.499999999861 1
419.24999999986 2
419.99999999986 1
420.749999999859 1
421.499999999858 1
422.249999999858 2
422.999999999857 1
423.749999999856 1
424.499999999856 1
425.249999999855 2
425.999999999854 1
426.749999999854 1
427.499999999853 2
428.249999999852 2
428.999999999852 1
429.749999999851 1
430.49999999985 1
431.24999999985 2
431.999999999849 2
432.749999999848 1
433.499999999847 1
434.249999999847 2
434.999999999846 2
435.749999999845 1
436.499999999845 1
437.249999999844 1
437.999999999843 2
438.749999999843 1
439.499999999842 1
440.249999999841 1
440.999999999841 2
441.74999999984 1
442.499999999839 1
443.249999999839 1
443.999999999838 2
444.749999999837 1
445.499999999837 1
446.249999999836 2
446.999999999835 2
447.749999999835 2
448.499999999834 1
449.249999999833 2
449.999999999832 2
450.749999999832 2
451.499999999831 1
452.24999999983 1
452.99999999983 2
453.749999999829 2
454.499999999828 1
455.249999999828 1
455.999999999827 2
456.749999999826 2
457.499999999826 1
458.249999999825 2
458.999999999824 1
459.749999999824 2
460.499999999823 1
461.249999999822 2
461.999999999822 2
462.749999999821 2
463.49999999982 3
464.24999999982 2
464.999999999819 2
465.749999999818 3
466.499999999817 1
467.249999999817 1
467.999999999816 2
468.749999999815 2
469.499999999815 1
470.249999999814 1
470.999999999813 1
471.749999999813 1
472.499999999812 2
473.249999999811 2
473.999999999811 1
474.74999999981 2
475.499999999809 2
476.249999999809 1
476.999999999808 2
477.749999999807 2
478.499999999807 2
479.249999999806 1
479.999999999805 1
480.749999999805 1
481.499999999804 2
482.249999999803 1
482.999999999802 1
483.749999999802 1
484.499999999801 2
485.2499999998 1
485.9999999998 1
486.749999999799 1
487.499999999798 2
488.249999999798 1
488.999999999797 1
489.749999999796 2
490.499999999796 2
491.249999999795 1
491.999999999794 1
492.749999999794 1
493.499999999793 2
494.249999999792 2
494.999999999792 1
495.749999999791 1
496.49999999979 2
497.24999999979 2
497.999999999789 1
498.749999999788 1
499.499999999787 2
500.249999999787 2
500.999999999786 1
501.749999999785 1
502.499999999785 2
503.249999999784 2
503.999999999783 1
504.749999999783 1
505.499999999782 1
506.249999999781 2
506.999999999781 1
507.74999999978 2
508.499999999779 2
509.249999999779 2
509.999999999778 2
510.749999999777 2
511.499999999777 2
512.249999999776 3
512.999999999775 2
513.749999999775 1
514.499999999774 1
515.249999999773 2
515.999999999773 2
516.749999999772 1
517.499999999771 1
518.24999999977 2
518.99999999977 2
519.749999999769 3
520.499999999768 2
521.249999999768 2
521.999999999767 2
522.749999999766 3
523.499999999766 2
524.249999999765 2
524.999999999764 3
525.749999999764 3
526.499999999763 3
527.249999999762 2
527.999999999762 2
528.749999999761 1
529.49999999976 1
530.24999999976 1
530.999999999759 2
531.749999999758 2
532.499999999758 1
533.249999999757 2
533.999999999756 2
534.749999999755 2
535.499999999755 1
536.249999999754 1
536.999999999753 2
537.749999999753 2
538.499999999752 1
539.249999999751 1
539.999999999751 2
540.74999999975 2
541.499999999749 1
542.249999999749 1
542.999999999748 2
543.749999999747 2
544.499999999747 1
545.249999999746 2
545.999999999745 2
546.749999999745 2
547.499999999744 1
548.249999999743 1
548.999999999742 1
549.749999999742 2
550.499999999741 1
551.24999999974 1
551.99999999974 2
552.749999999739 2
553.499999999738 2
554.249999999738 1
554.999999999737 1
555.749999999736 2
556.499999999736 2
557.249999999735 1
557.999999999734 2
558.749999999734 2
559.499999999733 2
560.249999999732 1
560.999999999732 1
561.749999999731 2
562.49999999973 2
563.24999999973 1
563.999999999729 2
564.749999999728 2
565.499999999727 2
566.249999999727 1
566.999999999726 1
567.749999999725 2
568.499999999725 2
569.249999999724 3
569.999999999723 3
570.749999999723 3
571.499999999722 2
572.249999999721 1
572.999999999721 1
573.74999999972 2
574.499999999719 2
575.249999999719 2
575.999999999718 2
576.749999999717 3
577.499999999717 3
578.249999999716 3
578.999999999715 1
579.749999999715 2
580.499999999714 1
581.249999999713 1
581.999999999712 1
582.749999999712 2
583.499999999711 1
584.24999999971 1
584.99999999971 1
585.749999999709 1
586.499999999708 1
587.249999999708 2
587.999999999707 2
588.749999999706 1
589.499999999706 1
590.249999999705 1
590.999999999704 1
591.749999999704 1
592.499999999703 1
593.249999999702 1
593.999999999702 2
594.749999999701 1
595.4999999997 1
596.2499999997 1
596.999999999699 1
597.749999999698 1
598.499999999697 1
599.249999999697 1
599.999999999696 1
600.749999999695 1
601.499999999695 1
602.249999999694 1
602.999999999693 2
603.749999999693 1
604.499999999692 1
605.249999999691 1
605.999999999691 1
606.74999999969 2
607.499999999689 1
608.249999999689 2
608.999999999688 2
609.749999999687 2
610.499999999687 2
611.249999999686 4
611.999999999685 4
612.749999999685 4
613.499999999684 4
614.249999999683 4
614.999999999682 4
615.749999999682 4
616.499999999681 4
617.24999999968 4
617.99999999968 4
618.749999999679 4
619.499999999678 4
620.249999999678 4
620.999999999677 4
621.749999999676 4
622.499999999676 4
623.249999999675 4
623.999999999674 4
624.749999999674 4
625.499999999673 4
626.249999999672 4
626.999999999672 4
627.749999999671 4
628.49999999967 4
629.24999999967 4
629.999999999669 4
630.749999999668 4
631.499999999667 4
632.249999999667 4
632.999999999666 4
633.749999999665 4
634.499999999665 4
635.249999999664 4
635.999999999663 4
636.749999999663 4
637.499999999662 4
638.249999999661 4
638.999999999661 4
639.74999999966 4
640.499999999659 4
641.249999999659 4
641.999999999658 4
642.749999999657 4
643.499999999657 4
644.249999999656 4
644.999999999655 4
645.749999999655 4
646.499999999654 4
647.249999999653 4
647.999999999652 4
648.749999999652 4
649.499999999651 4
650.24999999965 4
650.99999999965 4
651.749999999649 4
652.499999999648 4
653.249999999648 4
653.999999999647 4
654.749999999646 4
655.499999999646 4
656.249999999645 4
656.999999999644 4
657.749999999644 4
658.499999999643 4
659.249999999642 4
659.999999999642 4
660.749999999641 4
661.49999999964 4
662.249999999639 4
662.999999999639 4
663.749999999638 4
664.499999999637 4
665.249999999637 4
665.999999999636 4
666.749999999635 4
667.499999999635 4
668.249999999634 4
668.999999999633 4
669.749999999633 4
670.499999999632 4
671.249999999631 4
671.999999999631 4
672.74999999963 4
673.499999999629 4
674.249999999629 4
674.999999999628 4
675.749999999627 4
676.499999999627 4
677.249999999626 4
677.999999999625 4
678.749999999624 4
679.499999999624 4
680.249999999623 4
680.999999999622 4
681.749999999622 4
682.499999999621 4
683.24999999962 4
683.99999999962 4
684.749999999619 4
685.499999999618 4
686.249999999618 4
686.999999999617 4
687.749999999616 4
688.499999999616 4
689.249999999615 4
689.999999999614 4
690.749999999614 4
691.499999999613 4
692.249999999612 4
692.999999999612 4
693.749999999611 4
694.49999999961 4
695.249999999609 4
695.999999999609 4
696.749999999608 4
697.499999999607 4
698.249999999607 4
698.999999999606 4
699.749999999605 4
700.499999999605 4
701.249999999604 4
701.999999999603 4
702.749999999603 4
703.499999999602 4
704.249999999601 4
704.999999999601 4
705.7499999996 4
706.499999999599 4
707.249999999599 4
707.999999999598 4
708.749999999597 4
709.499999999597 4
710.249999999596 4
710.999999999595 4
711.749999999594 4
712.499999999594 4
713.249999999593 4
713.999999999592 4
714.749999999592 4
715.499999999591 4
716.24999999959 4
716.99999999959 4
717.749999999589 4
718.499999999588 4
719.249999999588 4
719.999999999587 4
720.749999999586 4
721.499999999586 4
722.249999999585 4
722.999999999584 4
723.749999999584 4
724.499999999583 4
725.249999999582 4
725.999999999582 4
726.749999999581 4
727.49999999958 4
728.249999999579 4
728.999999999579 4
729.749999999578 4
730.499999999577 4
731.249999999577 4
731.999999999576 4
732.749999999575 4
733.499999999575 4
734.249999999574 4
734.999999999573 4
735.749999999573 4
736.499999999572 4
737.249999999571 4
737.999999999571 4
738.74999999957 4
739.499999999569 4
740.249999999569 4
740.999999999568 4
741.749999999567 4
742.499999999567 4
743.249999999566 4
743.999999999565 4
744.749999999564 4
745.499999999564 4
746.249999999563 4
746.999999999562 4
747.749999999562 4
748.499999999561 4
749.24999999956 4
749.99999999956 4
750.749999999559 4
751.499999999558 4
752.249999999558 4
752.999999999557 4
753.749999999556 4
754.499999999556 4
755.249999999555 4
755.999999999554 4
756.749999999554 4
757.499999999553 4
758.249999999552 4
758.999999999552 4
759.749999999551 4
760.49999999955 4
761.249999999549 4
761.999999999549 4
762.749999999548 4
763.499999999547 4
764.249999999547 4
764.999999999546 4
765.749999999545 4
766.499999999545 4
767.249999999544 4
767.999999999543 4
768.749999999543 4
769.499999999542 4
770.249999999541 4
770.999999999541 4
771.74999999954 4
772.499999999539 4
773.249999999539 4
773.999999999538 4
774.749999999537 4
775.499999999536 4
776.249999999536 4
776.999999999535 4
777.749999999534 4
778.499999999534 4
779.249999999533 4
779.999999999532 4
780.749999999532 4
781.499999999531 4
782.24999999953 4
782.99999999953 4
783.749999999529 4
784.499999999528 4
785.249999999528 4
785.999999999527 4
786.749999999526 4
787.499999999526 4
788.249999999525 4
788.999999999524 4
789.749999999524 4
790.499999999523 4
791.249999999522 4
791.999999999521 4
792.749999999521 4
793.49999999952 4
794.249999999519 4
794.999999999519 4
795.749999999518 4
796.499999999517 4
797.249999999517 4
797.999999999516 4
798.749999999515 4
799.499999999515 4
