 0         0
-0.0000         0
-0.0001   -0.0001
-0.0240   -0.0010
-0.0926   -0.0025
-0.1830   -0.0035
-0.3003   -0.0041
-0.4129   -0.0042
-0.5303   -0.0028
-0.6612    0.0003
-0.7671    0.0014
-0.8698   -0.0001
-0.9837   -0.0035
-1.0842   -0.0057
-1.1845   -0.0057
-1.2973   -0.0035
-1.3973    0.0008
-1.4878    0.0267
-1.5639    0.0952
-1.6147    0.1759
-1.6683    0.2585
-1.7401    0.3426
-1.8112    0.4096
-1.8844    0.4747
-1.9648    0.5516
-2.0336    0.6252
-2.1022    0.7000
-2.1820    0.7800
-2.2543    0.8475
-2.3257    0.9165
-2.4052    0.9971
-2.4754    1.0696
-2.5456    1.1421
-2.6247    1.2233
-2.6964    1.2939
-2.7646    1.3653
-2.8136    1.4592
-2.8211    1.5534
-2.8070    1.6480
-2.7878    1.7546
-2.7785    1.8523
-2.7775    1.9519
-2.7818    2.0650
-2.7851    2.1661
-2.7887    2.2673
-2.8265    2.3687
-2.8917    2.4241
-2.9719    2.4455
-3.0701    2.4594
-3.1566    2.4899
-3.2377    2.5409
-3.3264    2.6080
-3.4075    2.6645
-3.4920    2.7133
-3.5878    2.7388
-3.6423    2.7030
-3.6451    2.6375
-3.6182    2.5664
-3.6021    2.4907
-3.5959    2.4035
-3.5967    2.3000
-3.6005    2.2062
-3.6031    2.1112
-3.6046    2.0029
-3.6052    1.9017
-3.6055    1.7723
-3.6055    1.6246
-3.6049    1.5364
-3.6042    1.4862
-3.6036    1.4980

