 0         0
-0.0000         0
-0.0001   -0.0001
-0.0289   -0.0011
-0.1118   -0.0028
-0.2210   -0.0039
-0.3627   -0.0045
-0.4987   -0.0042
-0.6404   -0.0015
-0.7986    0.0017
-0.9265    0.0010
-1.0507   -0.0023
-1.1882   -0.0058
-1.3097   -0.0062
-1.4297    0.0009
-1.5411    0.0501
-1.6012    0.1384
-1.6515    0.2434
-1.7285    0.3509
-1.8164    0.4261
-1.9100    0.4930
-2.0086    0.5792
-2.0861    0.6707
-2.1635    0.7661
-2.2577    0.8651
-2.3468    0.9452
-2.4364    1.0241
-2.5311    1.1202
-2.6116    1.2112
-2.6965    1.2992
-2.7902    1.3950
-2.8358    1.4950
-2.8308    1.6041
-2.7977    1.7252
-2.7753    1.8382
-2.7698    1.9575
-2.7767    2.0930
-2.7833    2.2142
-2.8004    2.3331
-2.8719    2.4305
-2.9588    2.4551
-3.0568    2.4462
-3.1687    2.4663
-3.2508    2.5354
-3.3279    2.6259
-3.4316    2.7079
-3.5365    2.7476
-3.6302    2.7409
-3.6618    2.6666
-3.6252    2.6058
-3.5854    2.5547
-3.5775    2.4589
-3.5932    2.3566
-3.6056    2.2493
-3.6087    2.1237
-3.6045    2.0094
-3.6002    1.8911
-3.5987    1.7365
-3.5984    1.6083
-3.5983    1.5205
-3.5984    1.4813

