         0         0
    0.5000    0.0000
    1.0000    0.0469
    1.5000   -0.1383
    2.0000   -0.1563
    2.5000   -0.1842
    3.0000   -0.2031
    3.5000   -0.2120
    4.0000   -0.2285
    4.5000   -0.2406
    5.0000   -0.2519
    5.5000   -0.2430
    6.0000   -0.2411
    6.5000   -0.2401
    7.0000   -0.2401
    7.5000   -0.2411
    8.0000   -0.2557
    8.5000   -0.2114
    9.0000   -0.1143
    9.5000   -0.1048
   10.0000   -0.1389
   10.5000   -0.1639
   11.0000   -0.1850
   11.5000   -0.1749
   12.0000   -0.1649
   12.5000   -0.1570
   13.0000   -0.1638
   13.5000   -0.1735
   14.0000   -0.1789
   14.5000   -0.1684
   15.0000   -0.1689
   15.5000   -0.1682
   16.0000   -0.1679
   16.5000   -0.1675
   17.0000   -0.1676
   17.5000   -0.1959
   18.0000   -0.0483
   18.5000    0.0374
   19.0000    0.0555
   19.5000    0.0472
   20.0000    0.0127
   20.5000   -0.0113
   21.0000   -0.0081
   21.5000    0.0344
   22.0000   -0.1340
   22.5000   -0.1837
   23.0000   -0.2029
   23.5000   -0.2257
   24.0000   -0.2000
   24.5000   -0.1802
   25.0000   -0.1874
   25.5000   -0.1901
   26.0000   -0.2290
   26.5000   -0.1749
   27.0000    0.0054
   27.5000    0.1011
   28.0000    0.0580
   28.5000   -0.0040
   29.0000   -0.0250
   29.5000   -0.0248
   30.0000   -0.0042
   30.5000    0.0033
   31.0000    0.0044
   31.5000    0.0071
   32.0000   -0.0005
   32.5000   -0.0025
   33.0000    0.0003
   33.5000    0.0019
   34.0000    0.0030
   34.5000   -0.0009
   35.0000    0.0014
   35.5000   -0.0000
   36.0000    0.0004
   36.5000    0.0004
   37.0000    0.0004

