         0         0
    0.5000   -0.0002
    1.0000   -0.0029
    1.5000    0.0035
    2.0000    0.0034
    2.5000   -0.0001
    3.0000    0.0015
    3.5000   -0.0002
    4.0000   -0.0050
    4.5000   -0.0061
    5.0000    0.0002
    5.5000    0.0076
    6.0000    0.0103
    6.5000    0.0054
    7.0000   -0.0052
    7.5000   -0.0010
    8.0000   -0.0004
    8.5000   -0.1063
    9.0000   -0.1950
    9.5000   -0.2143
   10.0000   -0.1958
   10.5000   -0.1631
   11.0000   -0.1515
   11.5000   -0.1547
   12.0000   -0.1706
   12.5000   -0.1860
   13.0000   -0.1766
   13.5000   -0.1629
   14.0000   -0.1563
   14.5000   -0.1717
   15.0000   -0.1742
   15.5000   -0.1743
   16.0000   -0.1723
   16.5000   -0.1713
   17.0000   -0.1738
   17.5000   -0.1523
   18.0000   -0.2270
   18.5000   -0.2343
   19.0000   -0.2239
   19.5000   -0.2259
   20.0000   -0.2389
   20.5000   -0.2406
   21.0000   -0.2415
   21.5000   -0.2543
   22.0000   -0.2210
   22.5000   -0.1083
   23.0000   -0.0063
   23.5000   -0.0130
   24.0000   -0.0955
   24.5000   -0.1477
   25.0000   -0.1455
   25.5000   -0.1310
   26.0000   -0.1143
   26.5000    0.0655
   27.0000    0.2034
   27.5000    0.1092
   28.0000    0.1108
   28.5000    0.2060
   29.0000    0.2112
   29.5000    0.2185
   30.0000    0.2240
   30.5000    0.2273
   31.0000    0.2297
   31.5000    0.2188
   32.0000    0.3637
   32.5000    0.3189
   33.0000    0.1494
   33.5000    0.0355
   34.0000   -0.0204
   34.5000   -0.0307
   35.0000   -0.0232
   35.5000   -0.0176
   36.0000   -0.0167
   36.5000   -0.0079
   37.0000   -0.0079

