0.0 -0.01
1.2 0.02
2.4 0.02
3.6 0.02
4.8 0.02
6.0 0.02
7.2 0.02
8.4 0.02
9.6 0.02
10.8 0.02
12.0 0.02
13.2 0.02
14.4 0.02
15.6 0.01
16.8 0.01
18.0 0.01
19.2 0.01
20.4 0.01
21.6 0.01
22.8 0.01
24.0 0.01
25.2 0.01
26.4 0.01
27.6 0.01
28.8 0.01
30.0 0.01
31.2 0.01
32.4 0.01
33.6 0.01
34.8 0.01
36.0 0.01
37.2 0.01
38.4 0.01
39.6 0.01
40.8 0.01
42.0 0.01
43.2 0.01
44.4 0.01
45.6 0.01
46.8 0.01
48.0 0.01
49.2 0.01
50.4 0.01
51.6 0.0
52.8 0.0
54.0 0.0
55.2 0.0
56.4 0.0
57.6 0.0
58.8 0.0
60.0 0.0
61.2 0.0
62.4 0.0
63.6 0.0
64.8 0.0
66.0 0.0
67.2 0.0
68.4 0.0
69.6 0.0
70.8 0.0
72.0 0.0
73.2 0.0
74.4 -0.0
75.6 -0.0
76.8 -0.0
78.0 -0.0
79.2 -0.0
80.4 -0.0
81.6 -0.0
82.8 -0.0
84.0 -0.0
85.2 -0.0
86.4 -0.0
87.6 -0.0
88.8 -0.0
90.0 -0.0
91.2 -0.0
92.4 -0.0
93.6 -0.0
94.8 -0.0
96.0 -0.0
97.2 -0.0
98.4 -0.0
99.6 -0.0
100.8 -0.0
102.0 -0.0
103.2 -0.0
104.4 -0.0
105.6 -0.0
106.8 -0.0
108.0 -0.0
109.2 -0.0
110.4 -0.0
111.6 -0.0
112.8 -0.0
114.0 -0.0
115.2 -0.0
116.4 -0.0
117.6 -0.0
118.8 -0.0
120.0 -0.0
121.2 -0.0
122.4 -0.0
123.6 -0.0
124.8 -0.0
126.0 -0.0
127.2 -0.0
128.4 -0.0
129.6 -0.0
130.8 -0.0
132.0 -0.0
133.2 -0.0
134.4 -0.0
135.6 -0.01
136.8 -0.01
138.0 -0.01
139.2 -0.01
140.4 -0.01
141.6 -0.01
142.8 -0.01
144.0 -0.01
145.2 -0.01
146.4 -0.01
147.6 -0.01
148.8 -0.01
150.0 -0.01
151.2 -0.01
152.4 -0.01
153.6 -0.01
154.8 -0.01
156.0 -0.01
157.2 -0.01
158.4 -0.01
159.6 -0.01
160.8 -0.01
162.0 -0.01
163.2 -0.01
164.4 -0.01
165.6 -0.01
166.8 -0.01
168.0 -0.01
169.2 -0.01
170.4 -0.01
171.6 -0.01
172.8 -0.01
174.0 -0.01
175.2 -0.01
176.4 -0.01
177.6 -0.01
178.8 -0.01
180.0 -0.01
181.2 -0.01
182.4 -0.01
183.6 -0.01
184.8 -0.01
186.0 -0.01
187.2 -0.01
188.4 -0.01
189.6 -0.01
190.8 -0.01
192.0 -0.01
193.2 -0.01
194.4 -0.01
195.6 -0.01
196.8 -0.01
198.0 -0.01
199.2 -0.01
200.4 -0.01
201.6 -0.01
202.8 -0.01
204.0 -0.0
205.2 -0.0
206.4 -0.0
207.6 -0.0
208.8 -0.0
210.0 -0.0
211.2 -0.0
212.4 -0.0
213.6 -0.0
214.8 -0.0
216.0 -0.0
217.2 -0.0
218.4 -0.0
219.6 -0.0
220.8 -0.0
222.0 -0.0
223.2 -0.0
224.4 -0.0
225.6 -0.0
226.8 -0.0
228.0 -0.0
229.2 -0.0
230.4 -0.0
231.6 -0.0
232.8 -0.0
234.0 -0.0
235.2 -0.0
236.4 -0.0
237.6 -0.0
238.8 -0.0
240.0 -0.0
241.2 -0.0
242.4 -0.0
243.6 -0.0
244.8 -0.0
246.0 -0.0
247.2 -0.0
248.4 -0.0
249.6 -0.0
250.8 -0.0
252.0 -0.0
253.2 -0.0
254.4 -0.0
255.6 -0.0
256.8 -0.0
258.0 -0.0
259.2 -0.0
260.4 -0.0
261.6 -0.0
262.8 -0.0
264.0 -0.0
265.2 -0.0
266.4 -0.0
267.6 -0.0
268.8 -0.0
270.0 -0.0
271.2 -0.0
272.4 -0.0
273.6 -0.0
274.8 -0.0
276.0 -0.0
277.2 -0.0
278.4 -0.0
279.6 -0.0
280.8 -0.0
282.0 -0.0
283.2 -0.0
284.4 -0.0
285.6 -0.0
286.8 -0.0
288.0 -0.0
289.2 -0.0
290.4 -0.0
291.6 -0.0
292.8 -0.0
294.0 -0.0
295.2 -0.0
296.4 -0.0
297.6 -0.0
298.8 -0.0
300.0 -0.0
301.2 -0.0
302.4 -0.0
303.6 0.0
304.8 0.0
306.0 0.0
307.2 0.0
308.4 0.0
309.6 0.0
310.8 0.0
312.0 0.0
313.2 0.0
314.4 0.0
315.6 0.0
316.8 0.0
318.0 0.0
319.2 0.0
320.4 0.0
321.6 0.0
322.8 0.0
324.0 0.0
325.2 0.0
326.4 0.0
327.6 0.0
328.8 0.0
330.0 0.0
331.2 0.0
332.4 0.0
333.6 0.0
334.8 0.0
336.0 0.0
337.2 0.0
338.4 0.0
339.6 0.0
340.8 0.0
342.0 0.0
343.2 0.0
344.4 0.0
345.6 0.0
346.8 0.0
348.0 0.0
349.2 0.0
350.4 0.0
351.6 0.0
352.8 0.0
354.0 0.0
355.2 0.0
356.4 0.0
357.6 0.0
358.8 0.0
360.0 0.0
361.2 0.0
362.4 0.0
363.6 0.0
364.8 0.0
366.0 0.0
367.2 0.0
368.4 0.0
369.6 0.0
370.8 0.0
372.0 0.0
373.2 0.0
374.4 0.0
375.6 0.0
376.8 0.0
378.0 0.0
379.2 0.0
380.4 0.0
381.6 0.0
382.8 0.0
384.0 0.0
385.2 0.0
386.4 0.0
387.6 0.0
388.8 0.0
390.0 0.0
391.2 0.0
392.4 0.0
393.6 0.0
394.8 0.0
396.0 0.0
397.2 0.0
398.4 0.0
399.6 0.0
400.8 0.0
402.0 0.0
403.2 0.0
404.4 0.0
405.6 0.0
406.8 0.0
408.0 0.0
409.2 0.0
410.4 0.0
411.6 0.0
412.8 0.0
414.0 0.0
415.2 0.0
416.4 0.0
417.6 0.0
418.8 0.0
420.0 0.0
421.2 0.0
422.4 0.0
423.6 0.0
424.8 0.0
426.0 0.0
427.2 0.0
428.4 0.0
429.6 0.0
430.8 0.0
432.0 0.0
433.2 0.0
434.4 0.0
435.6 0.0
436.8 0.0
438.0 0.0
439.2 0.0
440.4 0.0
441.6 0.0
442.8 0.0
444.0 0.0
445.2 0.0
446.4 0.0
447.6 0.0
448.8 0.0
450.0 0.0
451.2 0.0
452.4 0.0
453.6 0.0
454.8 0.0
456.0 0.0
457.2 0.0
458.4 0.0
459.6 0.0
460.8 0.0
462.0 0.0
463.2 0.0
464.4 0.0
465.6 0.0
466.8 0.0
468.0 0.0
469.2 0.0
470.4 0.0
471.6 0.0
472.8 0.0
474.0 0.0
475.2 0.0
476.4 0.0
477.6 0.0
478.8 0.0
480.0 0.0
481.2 0.0
482.4 0.0
483.6 0.0
484.8 0.0
486.0 0.0
487.2 0.0
488.4 0.0
489.6 0.0
490.8 0.0
492.0 0.0
493.2 0.0
494.4 0.0
495.6 0.0
496.8 0.0
498.0 0.0
499.2 0.0
500.4 0.0
501.6 0.0
502.8 0.0
504.0 -0.0
505.2 -0.0
506.4 -0.0
507.6 -0.0
508.8 -0.0
510.0 -0.0
511.2 -0.0
512.4 -0.0
513.6 -0.0
514.8 -0.0
516.0 -0.0
517.2 -0.0
518.4 -0.0
519.6 -0.0
520.8 -0.0
522.0 -0.0
523.2 -0.0
524.4 -0.0
525.6 -0.0
526.8 -0.0
528.0 -0.0
529.2 -0.0
530.4 -0.0
531.6 -0.0
532.8 -0.0
534.0 -0.0
535.2 -0.0
536.4 -0.0
537.6 -0.0
538.8 -0.0
540.0 -0.0
541.2 -0.0
542.4 -0.0
543.6 -0.0
544.8 -0.0
546.0 -0.0
547.2 -0.0
548.4 -0.0
549.6 -0.0
550.8 -0.0
552.0 -0.0
553.2 -0.0
554.4 -0.0
555.6 -0.0
556.8 -0.0
558.0 -0.0
559.2 -0.0
560.4 -0.0
561.6 -0.0
562.8 -0.0
564.0 -0.0
565.2 -0.0
566.4 -0.0
567.6 -0.0
568.8 -0.0
570.0 -0.0
571.2 -0.0
572.4 -0.0
573.6 -0.0
574.8 -0.0
576.0 -0.0
577.2 -0.0
578.4 -0.0
579.6 -0.0
580.8 -0.0
582.0 -0.0
583.2 -0.0
584.4 -0.0
585.6 -0.0
586.8 -0.0
588.0 -0.0
589.2 -0.0
590.4 -0.0
591.6 -0.0
592.8 -0.0
594.0 -0.0
595.2 -0.0
596.4 -0.0
597.6 -0.0
598.8 -0.0
600.0 -0.0
601.2 -0.0
602.4 -0.0
603.6 -0.0
604.8 -0.0
606.0 -0.0
607.2 -0.0
608.4 -0.0
609.6 -0.0
610.8 -0.0
612.0 -0.0
613.2 -0.0
614.4 0.0
615.6 0.0
616.8 0.0
618.0 0.0
619.2 0.0
620.4 0.0
621.6 0.0
622.8 0.0
624.0 0.0
625.2 0.0
626.4 0.0
627.6 0.0
628.8 0.0
630.0 0.0
631.2 0.0
632.4 0.0
633.6 0.0
634.8 0.0
636.0 0.0
637.2 0.0
638.4 0.0
639.6 0.0
640.8 0.0
642.0 0.0
643.2 0.0
644.4 0.0
645.6 0.0
646.8 0.0
648.0 0.0
649.2 0.0
650.4 0.0
651.6 0.0
652.8 0.0
654.0 0.0
655.2 0.0
656.4 0.0
657.6 0.0
658.8 0.0
660.0 0.0
661.2 0.0
662.4 0.0
663.6 0.0
664.8 0.0
666.0 0.0
667.2 0.0
668.4 0.0
669.6 0.0
670.8 0.0
672.0 0.0
673.2 0.0
674.4 0.0
675.6 0.0
676.8 0.0
678.0 0.0
679.2 0.0
680.4 0.0
681.6 0.0
682.8 0.0
684.0 -0.0
685.2 -0.0
686.4 -0.0
687.6 -0.0
688.8 -0.0
690.0 -0.0
691.2 -0.0
692.4 -0.0
693.6 -0.0
694.8 -0.0
696.0 -0.0
697.2 -0.0
698.4 -0.0
699.6 -0.0
700.8 -0.0
702.0 -0.0
703.2 -0.0
704.4 -0.0
705.6 -0.0
706.8 -0.0
708.0 -0.0
709.2 -0.0
710.4 -0.0
711.6 -0.0
712.8 -0.0
714.0 -0.0
715.2 -0.0
716.4 -0.0
717.6 0.0
718.8 0.0
720.0 0.0
721.2 0.0
722.4 0.0
723.6 0.0
724.8 0.0
726.0 0.0
727.2 0.0
728.4 0.0
729.6 0.0
730.8 0.0
732.0 0.0
733.2 0.0
734.4 0.0
735.6 0.0
736.8 0.0
738.0 0.0
739.2 0.0
740.4 0.0
741.6 0.0
742.8 0.0
744.0 0.0
745.2 0.0
746.4 0.0
747.6 0.0
748.8 0.0
750.0 0.0
751.2 0.0
752.4 0.0
753.6 0.0
754.8 0.0
756.0 0.0
757.2 0.0
758.4 0.0
759.6 0.0
760.8 0.0
762.0 0.0
763.2 0.0
764.4 0.0
765.6 0.0
766.8 0.0
768.0 0.0
769.2 0.0
770.4 0.0
771.6 0.0
772.8 0.0
774.0 0.0
775.2 0.0
776.4 0.0
777.6 0.0
778.8 0.0
780.0 0.0
781.2 0.0
782.4 0.0
783.6 0.0
784.8 0.0
786.0 0.0
787.2 0.0
788.4 0.0
789.6 0.0
790.8 0.0
792.0 0.0
793.2 0.0
794.4 0.0
795.6 0.0
796.8 0.0
798.0 0.0
799.2 0.0
800.4 0.0
801.6 0.0
802.8 0.0
804.0 0.0
805.2 0.0
806.4 0.0
807.6 0.0
808.8 0.0
810.0 0.0
811.2 -0.0
812.4 -0.0
813.6 -0.0
814.8 -0.0
816.0 -0.0
817.2 -0.0
818.4 -0.0
819.6 -0.0
820.8 -0.0
822.0 -0.0
823.2 -0.0
824.4 0.0
825.6 0.0
826.8 0.0
828.0 0.0
829.2 0.0
830.4 0.0
831.6 0.0
832.8 0.0
834.0 0.0
835.2 0.0
836.4 0.0
837.6 0.0
838.8 0.0
840.0 0.0
841.2 0.0
842.4 0.0
843.6 0.0
844.8 0.0
846.0 0.0
847.2 0.0
848.4 0.0
849.6 0.0
850.8 0.0
852.0 0.0
853.2 0.0
854.4 0.0
855.6 0.0
856.8 0.0
858.0 0.0
859.2 0.0
860.4 0.0
861.6 0.0
862.8 0.0
864.0 0.0
865.2 0.0
866.4 0.0
867.6 0.0
868.8 0.0
870.0 0.0
871.2 0.0
872.4 0.0
873.6 0.0
874.8 0.0
876.0 0.0
877.2 0.0
878.4 0.0
879.6 0.0
880.8 0.0
882.0 0.0
883.2 0.0
884.4 0.0
885.6 0.0
886.8 0.0
888.0 0.0
889.2 0.0
890.4 0.0
891.6 0.0
892.8 0.0
894.0 0.0
895.2 0.0
896.4 0.0
897.6 0.0
898.8 0.0
900.0 0.0
901.2 0.0
902.4 0.0
903.6 0.0
904.8 0.0
906.0 0.0
907.2 0.0
908.4 0.0
909.6 0.0
910.8 0.0
912.0 0.0
913.2 0.0
914.4 0.0
915.6 0.0
916.8 0.0
918.0 0.0
919.2 0.0
920.4 0.0
921.6 0.0
922.8 0.0
924.0 0.0
925.2 0.0
926.4 0.0
927.6 0.0
928.8 0.0
930.0 0.0
931.2 -0.0
932.4 -0.0
933.6 -0.0
934.8 -0.0
936.0 -0.0
937.2 -0.0
938.4 -0.0
939.6 -0.0
940.8 -0.0
942.0 -0.0
943.2 -0.0
944.4 -0.0
945.6 -0.0
946.8 -0.0
948.0 -0.0
949.2 -0.0
950.4 -0.0
951.6 -0.0
952.8 -0.0
954.0 -0.0
955.2 -0.0
956.4 -0.0
957.6 -0.0
958.8 -0.0
960.0 -0.0
961.2 -0.0
962.4 -0.0
963.6 -0.0
964.8 -0.0
966.0 -0.0
967.2 -0.0
968.4 -0.0
969.6 -0.0
970.8 -0.0
972.0 -0.0
973.2 -0.0
974.4 -0.0
975.6 -0.0
976.8 -0.0
978.0 -0.0
979.2 -0.0
980.4 -0.0
981.6 -0.0
982.8 -0.0
984.0 -0.0
985.2 -0.0
986.4 -0.0
987.6 -0.0
988.8 -0.0
990.0 -0.0
991.2 -0.0
992.4 -0.0
993.6 -0.0
994.8 -0.0
996.0 -0.0
997.2 -0.0
998.4 -0.0
999.6 -0.0
1000.8 -0.0
1002.0 -0.0
1003.2 -0.0
1004.4 -0.0
1005.6 -0.0
1006.8 -0.0
1008.0 -0.0
1009.2 -0.0
1010.4 -0.0
1011.6 -0.0
1012.8 -0.0
1014.0 0.0
1015.2 0.0
1016.4 0.0
1017.6 0.0
1018.8 0.0
1020.0 0.0
1021.2 0.0
1022.4 0.0
1023.6 0.0
1024.8 0.0
1026.0 0.0
1027.2 0.0
1028.4 0.0
1029.6 0.0
1030.8 0.0
1032.0 0.0
1033.2 0.0
1034.4 0.0
1035.6 0.0
1036.8 0.0
1038.0 0.0
1039.2 0.0
1040.4 0.0
1041.6 0.0
1042.8 0.0
1044.0 0.0
1045.2 0.0
1046.4 0.0
1047.6 0.0
1048.8 0.0
1050.0 0.0
1051.2 0.0
1052.4 0.0
1053.6 0.0
1054.8 0.0
1056.0 0.0
1057.2 0.0
1058.4 0.0
1059.6 0.0
1060.8 0.0
1062.0 0.0
1063.2 0.0
1064.4 0.0
1065.6 0.0
1066.8 0.0
1068.0 0.0
1069.2 0.0
1070.4 0.0
1071.6 0.0
1072.8 0.0
1074.0 0.0
1075.2 0.0
1076.4 0.0
1077.6 0.0
1078.8 0.0
1080.0 0.0
1081.2 0.0
1082.4 0.0
1083.6 0.0
1084.8 0.0
1086.0 0.0
1087.2 0.0
1088.4 0.0
1089.6 0.0
1090.8 0.0
1092.0 0.0
1093.2 0.0
1094.4 0.0
1095.6 0.0
1096.8 0.0
1098.0 0.0
1099.2 0.0
1100.4 0.0
1101.6 0.0
1102.8 0.0
1104.0 0.0
1105.2 0.0
1106.4 0.0
1107.6 0.0
1108.8 0.0
1110.0 0.0
1111.2 0.0
1112.4 0.0
1113.6 0.0
1114.8 0.0
1116.0 0.0
1117.2 0.0
1118.4 0.0
1119.6 0.0
1120.8 0.0
1122.0 0.0
1123.2 0.0
1124.4 0.0
1125.6 0.0
1126.8 0.0
1128.0 0.0
1129.2 0.0
1130.4 0.0
1131.6 0.0
1132.8 0.0
1134.0 0.0
1135.2 0.0
1136.4 0.0
1137.6 0.0
1138.8 0.0
1140.0 0.0
1141.2 0.0
1142.4 0.0
1143.6 0.0
1144.8 0.0
1146.0 0.0
1147.2 0.0
1148.4 0.0
1149.6 0.0
1150.8 0.0
1152.0 0.0
1153.2 -0.0
1154.4 -0.0
1155.6 -0.0
1156.8 -0.0
1158.0 -0.0
1159.2 -0.0
1160.4 -0.0
1161.6 -0.0
1162.8 -0.0
1164.0 -0.0
1165.2 -0.0
1166.4 -0.0
1167.6 -0.0
1168.8 -0.0
1170.0 -0.0
1171.2 -0.0
1172.4 -0.0
1173.6 -0.0
1174.8 0.0
1176.0 0.0
1177.2 0.0
1178.4 0.0
1179.6 0.0
1180.8 0.0
1182.0 0.0
1183.2 0.0
1184.4 0.0
1185.6 0.0
1186.8 0.0
1188.0 0.0
1189.2 0.0
1190.4 0.0
1191.6 0.0
1192.8 0.0
1194.0 0.0
1195.2 0.0
1196.4 0.0
1197.6 0.0
1198.8 0.0
1200.0 0.0
1201.2 0.0
1202.4 -0.14
1203.6 -0.35
1204.8 -0.55
1206.0 -0.75
1207.2 -0.75
1208.4 -0.71
1209.6 -0.68
1210.8 -0.66
1212.0 -0.63
1213.2 -0.61
1214.4 -0.58
1215.6 -0.56
1216.8 -0.53
1218.0 -0.5
1219.2 -0.48
1220.4 -0.45
1221.6 -0.43
1222.8 -0.4
1224.0 -0.37
1225.2 -0.35
1226.4 -0.32
1227.6 -0.3
1228.8 -0.27
1230.0 -0.25
1231.2 -0.22
1232.4 -0.19
1233.6 -0.17
1234.8 -0.14
1236.0 -0.12
1237.2 -0.09
1238.4 -0.07
1239.6 -0.05
1240.8 -0.02
1242.0 0.0
1243.2 0.03
1244.4 0.05
1245.6 0.07
1246.8 0.09
1248.0 0.12
1249.2 0.16
1250.4 0.19
1251.6 0.22
1252.8 0.26
1254.0 0.28
1255.2 0.31
1256.4 0.34
1257.6 0.36
1258.8 0.38
1260.0 0.4
1261.2 0.42
1262.4 0.44
1263.6 0.45
1264.8 0.47
1266.0 0.48
1267.2 0.49
1268.4 0.5
1269.6 0.5
1270.8 0.51
1272.0 0.51
1273.2 0.51
1274.4 0.51
1275.6 0.5
1276.8 0.5
1278.0 0.49
1279.2 0.48
1280.4 0.47
1281.6 0.46
1282.8 0.45
1284.0 0.43
1285.2 0.42
1286.4 0.4
1287.6 0.38
1288.8 0.37
1290.0 0.35
1291.2 0.33
1292.4 0.31
1293.6 0.29
1294.8 0.27
1296.0 0.25
1297.2 0.23
1298.4 0.21
1299.6 0.19
1300.8 0.17
1302.0 0.15
1303.2 0.14
1304.4 0.12
1305.6 0.1
1306.8 0.08
1308.0 0.06
1309.2 0.05
1310.4 0.04
1311.6 0.04
1312.8 0.03
1314.0 0.03
1315.2 0.03
1316.4 0.03
1317.6 0.03
1318.8 0.03
1320.0 0.02
1321.2 0.02
1322.4 0.02
1323.6 0.02
1324.8 0.02
1326.0 0.02
1327.2 0.01
1328.4 0.01
1329.6 0.01
1330.8 0.01
1332.0 0.01
1333.2 0.0
1334.4 0.0
1335.6 0.0
1336.8 -0.0
1338.0 -0.0
1339.2 -0.0
1340.4 -0.01
1341.6 -0.01
1342.8 -0.01
1344.0 -0.01
1345.2 -0.01
1346.4 -0.03
1347.6 -0.06
1348.8 -0.09
