0.0 -305.35
0.48 -285.63
0.96 -259.8
1.44 -275.87
1.92 -249.92
2.4 -266.02
2.88 -240.16
3.36 -255.97
3.84 -272.19
4.32 -246.46
4.8 -262.74
5.28 -237.08
5.76 -253.08
6.24 -227.49
6.72 -243.92
7.2 -260.02
7.68 -234.54
8.16 -251.05
8.64 -225.63
9.12 -241.85
9.6 -216.48
10.08 -232.75
10.56 -249.41
11.04 -224.13
11.52 -240.49
12.0 -215.26
12.48 -231.65
12.96 -206.48
13.44 -223.29
13.92 -239.74
14.4 -214.64
14.88 -231.14
15.36 -206.09
15.84 -223.0
16.32 -197.99
16.8 -214.56
17.28 -231.16
17.76 -206.22
18.24 -222.84
18.72 -197.94
19.2 -214.95
19.68 -190.09
20.16 -206.79
20.64 -223.49
21.12 -198.68
21.6 -215.76
22.08 -190.99
22.56 -207.76
23.04 -183.01
23.52 -199.8
24.0 -175.09
24.48 -191.9
24.96 -209.08
25.44 -184.42
25.92 -201.26
26.4 -176.63
26.88 -193.49
27.36 -210.37
27.84 -185.78
28.32 -203.03
28.8 -178.46
29.28 -195.38
29.76 -170.84
30.24 -187.77
30.72 -204.72
31.2 -180.21
31.68 -155.75
32.16 -173.24
32.64 -190.53
33.12 -166.53
33.6 -184.13
34.08 -160.46
34.56 -178.74
35.04 -155.39
35.52 -173.58
36.0 -191.72
36.48 -168.42
36.96 -186.88
37.44 -204.94
37.92 -181.58
38.4 -199.6
38.88 -176.19
39.36 -194.53
39.84 -171.08
40.32 -189.02
40.8 -165.54
41.28 -183.43
41.76 -201.66
42.24 -178.13
42.72 -195.97
43.2 -172.41
43.68 -190.22
44.16 -208.36
44.64 -184.76
45.12 -202.51
45.6 -178.89
46.08 -196.62
46.56 -172.98
47.04 -191.04
47.52 -208.72
48.0 -185.05
48.48 -202.7
48.96 -179.01
49.44 -197.01
49.92 -173.3
50.4 -190.92
50.88 -208.51
51.36 -184.79
51.84 -202.73
52.32 -178.99
52.8 -196.55
53.28 -172.8
53.76 -190.7
54.24 -166.93
54.72 -184.47
55.2 -201.99
55.68 -178.21
56.16 -196.07
56.64 -172.28
57.12 -189.77
57.6 -207.61
58.08 -183.81
58.56 -201.28
59.04 -177.47
59.52 -194.94
60.0 -171.12
60.48 -188.92
60.96 -165.1
61.44 -182.55
61.92 -200.33
62.4 -176.5
62.88 -193.93
63.36 -170.1
63.84 -187.88
64.32 -164.04
64.8 -181.45
65.28 -157.61
65.76 -175.36
66.24 -192.76
66.72 -168.92
67.2 -186.31
67.68 -162.47
68.16 -180.21
68.64 -197.58
69.12 -173.74
69.6 -191.48
70.08 -167.63
70.56 -185.0
71.04 -202.72
71.52 -178.88
72.0 -196.24
72.48 -172.4
72.96 -190.11
73.44 -166.27
73.92 -183.63
74.4 -201.33
74.88 -177.5
75.36 -194.84
75.84 -171.01
76.32 -188.71
76.8 -164.88
77.28 -182.22
77.76 -199.92
78.24 -176.09
78.72 -193.44
79.2 -169.61
79.68 -187.3
80.16 -163.48
80.64 -180.81
81.12 -156.99
81.6 -174.68
82.08 -192.02
82.56 -168.2
83.04 -185.88
83.52 -162.07
84.0 -179.4
84.48 -197.09
84.96 -173.28
85.44 -190.61
85.92 -166.8
86.4 -184.49
86.88 -160.69
87.36 -178.01
87.84 -195.69
88.32 -171.9
88.8 -189.23
89.28 -165.44
89.76 -183.11
90.24 -159.33
90.72 -177.01
91.2 -194.33
91.68 -170.55
92.16 -188.23
92.64 -164.45
93.12 -181.78
93.6 -158.0
94.08 -175.69
94.56 -151.92
95.04 -169.24
95.52 -186.92
96.0 -163.15
96.48 -180.48
96.96 -156.72
97.44 -174.4
97.92 -192.08
98.4 -168.33
98.88 -185.65
99.36 -161.9
99.84 -179.59
100.32 -155.84
100.8 -173.17
101.28 -190.84
101.76 -167.11
102.24 -184.44
102.72 -160.7
103.2 -178.38
103.68 -154.65
104.16 -172.33
104.64 -148.6
105.12 -165.94
105.6 -183.62
106.08 -159.9
106.56 -177.23
107.04 -153.52
107.52 -171.19
108.0 -147.48
108.48 -165.17
108.96 -182.5
109.44 -158.8
109.92 -176.48
110.4 -152.78
110.88 -170.46
111.36 -187.79
111.84 -164.1
112.32 -181.79
112.8 -158.1
113.28 -175.43
113.76 -151.74
114.24 -169.44
114.72 -145.75
115.2 -163.44
115.68 -180.78
116.16 -157.1
116.64 -174.79
117.12 -151.11
117.6 -168.81
118.08 -186.15
118.56 -162.48
119.04 -180.17
119.52 -156.51
120.0 -173.84
120.48 -150.19
120.96 -167.88
121.44 -185.57
121.92 -161.92
122.4 -179.25
122.88 -155.61
123.36 -173.3
123.84 -149.66
124.32 -167.35
124.8 -143.71
125.28 -161.06
125.76 -178.75
126.24 -155.12
126.72 -131.49
127.2 -149.18
127.68 -166.53
128.16 -142.9
128.64 -160.6
129.12 -178.3
129.6 -154.68
130.08 -172.02
130.56 -148.4
131.04 -166.1
131.52 -183.8
132.0 -160.19
132.48 -177.54
132.96 -153.93
133.44 -171.64
133.92 -148.04
134.4 -165.74
134.88 -142.14
135.36 -159.49
135.84 -177.19
136.32 -153.59
136.8 -171.3
137.28 -147.71
137.76 -165.41
138.24 -182.77
138.72 -159.18
139.2 -176.88
139.68 -153.3
140.16 -171.01
140.64 -147.43
141.12 -164.79
141.6 -141.21
142.08 -158.92
142.56 -176.62
143.04 -153.05
143.52 -170.41
144.0 -146.85
144.48 -164.55
144.96 -182.26
145.44 -158.7
145.92 -176.4
146.4 -152.85
146.88 -170.21
147.36 -146.66
147.84 -164.36
148.32 -182.07
148.8 -158.52
149.28 -175.87
149.76 -152.33
150.24 -170.04
150.72 -146.5
151.2 -164.21
151.68 -140.67
152.16 -158.38
152.64 -175.74
153.12 -152.21
153.6 -169.91
154.08 -146.38
154.56 -164.09
155.04 -181.45
155.52 -157.92
156.0 -175.63
156.48 -152.11
156.96 -169.82
157.44 -146.3
157.92 -164.01
158.4 -181.37
158.88 -157.85
159.36 -175.57
159.84 -152.05
160.32 -169.77
160.8 -146.26
161.28 -163.97
161.76 -181.33
162.24 -157.83
162.72 -175.54
163.2 -152.03
163.68 -169.75
164.16 -146.25
164.64 -163.96
165.12 -181.32
165.6 -157.83
166.08 -175.54
166.56 -152.04
167.04 -169.76
167.52 -146.26
168.0 -163.98
168.48 -140.49
168.96 -157.86
169.44 -175.57
169.92 -152.08
170.4 -169.8
170.88 -146.31
171.36 -164.03
171.84 -181.4
172.32 -157.92
172.8 -175.64
173.28 -152.16
173.76 -169.87
174.24 -146.4
174.72 -164.12
175.2 -181.84
175.68 -158.36
176.16 -175.72
176.64 -152.25
177.12 -169.97
177.6 -146.5
178.08 -164.23
178.56 -140.76
179.04 -158.48
179.52 -175.84
180.0 -152.38
180.48 -170.1
180.96 -146.64
181.44 -164.36
181.92 -182.07
182.4 -158.61
182.88 -176.33
183.36 -152.88
183.84 -170.24
184.32 -146.79
184.8 -164.51
185.28 -182.23
185.76 -158.78
186.24 -135.33
186.72 -153.04
187.2 -170.41
187.68 -146.96
188.16 -164.68
188.64 -182.39
189.12 -158.95
189.6 -176.67
190.08 -153.22
190.56 -170.94
191.04 -147.5
191.52 -164.87
192.0 -182.58
192.48 -159.15
192.96 -176.87
193.44 -153.43
193.92 -171.15
194.4 -147.71
194.88 -165.43
195.36 -182.79
195.84 -159.36
196.32 -177.08
196.8 -153.65
197.28 -171.37
197.76 -147.94
198.24 -165.65
198.72 -183.36
199.2 -159.94
199.68 -177.65
200.16 -154.22
200.64 -171.59
201.12 -148.17
201.6 -165.87
202.08 -142.45
202.56 -160.17
203.04 -177.88
203.52 -154.46
204.0 -172.18
204.48 -148.76
204.96 -166.12
205.44 -183.83
205.92 -160.42
206.4 -137.0
206.88 -154.7
207.36 -172.42
207.84 -149.01
208.32 -166.71
208.8 -184.43
209.28 -161.02
209.76 -178.37
210.24 -154.96
210.72 -172.67
211.2 -149.26
211.68 -166.97
212.16 -184.67
212.64 -161.26
213.12 -178.97
213.6 -155.57
214.08 -173.27
214.56 -149.86
215.04 -167.22
215.52 -143.82
216.0 -161.52
216.48 -179.23
216.96 -155.82
217.44 -173.53
217.92 -150.12
218.4 -167.83
218.88 -185.53
219.36 -162.13
219.84 -179.48
220.32 -156.08
220.8 -173.78
221.28 -150.38
221.76 -168.08
222.24 -185.78
222.72 -162.38
223.2 -180.08
223.68 -156.69
224.16 -174.39
224.64 -150.99
225.12 -168.35
225.6 -144.95
226.08 -162.64
226.56 -180.35
227.04 -156.95
227.52 -174.65
228.0 -151.26
228.48 -168.95
228.96 -145.56
229.44 -163.26
229.92 -180.96
230.4 -157.56
230.88 -174.91
231.36 -151.52
231.84 -169.22
232.32 -145.83
232.8 -163.52
233.28 -181.22
233.76 -157.83
234.24 -175.52
234.72 -152.14
235.2 -169.83
235.68 -187.53
236.16 -164.14
236.64 -181.49
237.12 -158.1
237.6 -175.79
238.08 -152.4
238.56 -170.1
239.04 -187.79
239.52 -164.41
240.0 -182.09
240.48 -158.71
240.96 -176.4
241.44 -153.02
241.92 -170.71
242.4 -188.05
242.88 -164.66
243.36 -182.35
243.84 -158.97
244.32 -176.66
244.8 -153.28
245.28 -170.96
245.76 -147.58
246.24 -165.27
246.72 -182.95
247.2 -159.57
247.68 -177.26
248.16 -153.88
248.64 -171.56
249.12 -188.89
249.6 -165.52
250.08 -183.21
250.56 -159.83
251.04 -177.51
251.52 -154.13
252.0 -171.81
252.48 -189.5
252.96 -166.12
253.44 -183.79
253.92 -160.41
254.4 -178.1
254.88 -154.72
255.36 -172.4
255.84 -189.73
256.32 -166.35
256.8 -184.04
257.28 -160.66
257.76 -178.34
258.24 -154.96
258.72 -172.64
259.2 -190.31
259.68 -166.94
260.16 -184.61
260.64 -161.24
261.12 -178.91
261.6 -155.54
262.08 -173.22
262.56 -190.53
263.04 -167.16
263.52 -184.83
264.0 -161.46
264.48 -179.13
264.96 -155.75
265.44 -173.43
265.92 -191.1
266.4 -167.72
266.88 -185.39
267.36 -162.02
267.84 -179.69
268.32 -156.32
268.8 -173.99
269.28 -191.66
269.76 -168.28
270.24 -185.94
270.72 -162.57
271.2 -179.89
271.68 -156.51
272.16 -174.18
272.64 -191.84
273.12 -168.47
273.6 -186.14
274.08 -162.76
274.56 -180.42
275.04 -157.05
275.52 -174.72
276.0 -192.38
276.48 -169.01
276.96 -186.66
277.44 -163.29
277.92 -180.95
278.4 -157.58
278.88 -174.89
279.36 -192.55
279.84 -169.18
280.32 -186.84
280.8 -163.47
281.28 -181.12
281.76 -157.75
282.24 -175.41
282.72 -193.06
283.2 -169.69
283.68 -187.35
284.16 -163.98
284.64 -181.63
285.12 -158.26
285.6 -175.91
286.08 -193.57
286.56 -170.2
287.04 -187.85
287.52 -164.48
288.0 -141.11
288.48 -158.41
288.96 -176.06
289.44 -152.69
289.92 -170.34
290.4 -187.99
290.88 -164.62
291.36 -182.27
291.84 -158.9
292.32 -176.55
292.8 -194.19
293.28 -170.82
293.76 -188.47
294.24 -165.1
294.72 -182.75
295.2 -159.38
295.68 -177.03
296.16 -194.67
296.64 -171.3
297.12 -188.6
297.6 -165.23
298.08 -182.88
298.56 -159.51
299.04 -177.15
299.52 -194.79
300.0 -171.42
300.48 -189.06
300.96 -165.7
301.44 -183.34
301.92 -159.97
302.4 -177.61
302.88 -195.25
303.36 -171.88
303.84 -189.52
304.32 -166.16
304.8 -183.79
305.28 -160.42
305.76 -178.06
306.24 -195.69
306.72 -172.32
307.2 -189.62
307.68 -166.25
308.16 -183.88
308.64 -160.51
309.12 -178.15
309.6 -195.79
310.08 -172.42
310.56 -190.05
311.04 -166.68
311.52 -184.31
312.0 -160.94
312.48 -178.57
312.96 -196.21
313.44 -172.84
313.92 -190.47
314.4 -167.1
314.88 -184.73
315.36 -161.36
315.84 -178.99
316.32 -196.62
316.8 -173.25
317.28 -190.88
317.76 -167.51
318.24 -185.13
318.72 -161.76
319.2 -179.05
319.68 -196.68
320.16 -173.31
320.64 -190.93
321.12 -167.56
321.6 -185.18
322.08 -161.81
322.56 -179.44
323.04 -197.05
323.52 -173.68
324.0 -191.3
324.48 -167.93
324.96 -185.56
325.44 -162.19
325.92 -179.81
326.4 -197.43
326.88 -174.06
327.36 -191.67
327.84 -168.3
328.32 -185.92
328.8 -162.55
329.28 -180.17
329.76 -197.78
330.24 -174.41
330.72 -191.67
331.2 -168.3
331.68 -185.92
332.16 -162.54
332.64 -180.16
333.12 -156.79
333.6 -174.4
334.08 -192.01
334.56 -168.64
335.04 -186.26
335.52 -162.88
336.0 -180.49
336.48 -198.1
336.96 -174.72
337.44 -192.34
337.92 -168.97
338.4 -186.57
338.88 -163.2
339.36 -180.81
339.84 -198.42
340.32 -175.05
340.8 -192.65
341.28 -169.28
341.76 -186.89
342.24 -163.51
342.72 -181.12
343.2 -198.72
343.68 -175.35
344.16 -192.95
344.64 -169.58
345.12 -186.83
345.6 -163.46
346.08 -181.06
346.56 -198.67
347.04 -175.29
347.52 -192.89
348.0 -169.51
348.48 -187.12
348.96 -163.74
349.44 -181.35
349.92 -157.97
350.4 -175.56
350.88 -193.17
351.36 -169.79
351.84 -187.39
352.32 -164.01
352.8 -181.62
353.28 -199.21
353.76 -175.84
354.24 -193.44
354.72 -170.06
355.2 -187.66
355.68 -164.28
356.16 -181.88
356.64 -199.48
357.12 -176.1
357.6 -193.7
358.08 -170.32
358.56 -187.91
359.04 -164.54
359.52 -182.13
360.0 -199.37
360.48 -176.0
360.96 -193.59
361.44 -170.21
361.92 -187.81
362.4 -164.43
362.88 -182.02
363.36 -199.61
363.84 -176.24
364.32 -193.83
364.8 -170.45
365.28 -188.04
365.76 -164.67
366.24 -182.26
366.72 -199.84
367.2 -176.46
367.68 -194.06
368.16 -170.68
368.64 -188.27
369.12 -164.89
369.6 -182.47
370.08 -159.1
370.56 -176.69
371.04 -194.27
371.52 -170.89
372.0 -188.48
372.48 -165.1
372.96 -182.68
373.44 -200.28
373.92 -176.9
374.4 -194.48
374.88 -171.1
375.36 -188.68
375.84 -165.3
376.32 -182.89
376.8 -200.12
377.28 -176.74
377.76 -194.32
378.24 -170.94
378.72 -188.52
379.2 -165.13
379.68 -182.71
380.16 -200.3
380.64 -176.92
381.12 -194.5
381.6 -171.12
382.08 -188.7
382.56 -165.32
383.04 -182.89
383.52 -200.47
384.0 -177.09
384.48 -194.67
384.96 -171.29
385.44 -188.86
385.92 -165.48
386.4 -183.05
386.88 -200.63
387.36 -177.25
387.84 -194.83
388.32 -171.45
388.8 -189.02
389.28 -165.64
389.76 -183.21
390.24 -159.83
390.72 -177.4
391.2 -194.98
391.68 -171.6
392.16 -189.17
392.64 -165.78
393.12 -183.36
393.6 -200.93
394.08 -177.54
394.56 -195.12
395.04 -171.74
395.52 -189.31
396.0 -165.92
396.48 -183.5
396.96 -160.12
397.44 -177.33
397.92 -194.91
398.4 -171.53
398.88 -189.09
399.36 -165.71
399.84 -183.28
400.32 -200.85
400.8 -177.47
401.28 -195.03
401.76 -171.65
402.24 -189.22
402.72 -165.83
403.2 -183.4
403.68 -160.02
404.16 -177.58
404.64 -195.16
405.12 -171.78
405.6 -189.34
406.08 -165.96
406.56 -183.53
407.04 -201.09
407.52 -177.71
408.0 -195.28
408.48 -171.89
408.96 -189.46
409.44 -166.08
409.92 -183.64
410.4 -201.21
410.88 -177.83
411.36 -195.39
411.84 -172.01
412.32 -189.57
412.8 -166.18
413.28 -183.75
413.76 -160.37
414.24 -177.93
414.72 -195.5
415.2 -172.12
415.68 -189.68
416.16 -166.3
416.64 -183.86
417.12 -160.47
417.6 -178.04
418.08 -195.61
418.56 -172.22
419.04 -189.78
419.52 -166.4
420.0 -183.96
420.48 -201.53
420.96 -178.15
421.44 -195.35
421.92 -171.97
422.4 -189.54
422.88 -166.15
423.36 -183.71
423.84 -201.28
424.32 -177.89
424.8 -195.45
425.28 -172.07
425.76 -189.63
426.24 -166.25
426.72 -183.81
427.2 -201.37
427.68 -177.99
428.16 -195.55
428.64 -172.16
429.12 -189.72
429.6 -166.34
430.08 -183.91
430.56 -160.52
431.04 -178.08
431.52 -195.64
432.0 -172.26
432.48 -189.81
432.96 -166.43
433.44 -184.0
433.92 -201.56
434.4 -178.17
434.88 -195.73
435.36 -172.35
435.84 -189.91
436.32 -166.53
436.8 -184.09
437.28 -201.64
437.76 -178.26
438.24 -195.82
438.72 -172.44
439.2 -190.0
439.68 -166.62
440.16 -184.18
440.64 -160.8
441.12 -178.36
441.6 -195.92
442.08 -172.54
442.56 -190.1
443.04 -166.72
443.52 -184.27
444.0 -201.82
444.48 -178.44
444.96 -196.0
445.44 -172.62
445.92 -190.18
446.4 -166.8
446.88 -184.36
447.36 -201.92
447.84 -178.54
448.32 -196.1
448.8 -172.71
449.28 -190.27
449.76 -166.89
450.24 -184.44
450.72 -161.06
451.2 -178.62
451.68 -195.83
452.16 -172.45
452.64 -190.01
453.12 -166.63
453.6 -184.18
454.08 -201.74
454.56 -178.35
455.04 -195.91
455.52 -172.53
456.0 -190.08
456.48 -166.7
456.96 -184.26
457.44 -201.81
457.92 -178.43
458.4 -195.99
458.88 -172.61
459.36 -190.17
459.84 -166.78
460.32 -184.33
460.8 -201.89
461.28 -178.51
461.76 -196.06
462.24 -172.68
462.72 -190.24
463.2 -166.86
463.68 -184.41
464.16 -201.97
464.64 -178.59
465.12 -196.13
465.6 -172.75
466.08 -190.3
466.56 -166.92
467.04 -184.48
467.52 -161.1
468.0 -178.65
468.48 -196.21
468.96 -172.83
469.44 -190.38
469.92 -167.0
470.4 -184.55
470.88 -161.17
471.36 -178.73
471.84 -196.28
472.32 -172.9
472.8 -190.45
473.28 -167.07
473.76 -184.62
474.24 -202.18
474.72 -178.81
475.2 -196.36
475.68 -172.98
476.16 -190.53
476.64 -167.15
477.12 -184.7
477.6 -202.25
478.08 -178.87
478.56 -196.42
479.04 -173.04
479.52 -190.6
480.0 -167.23
480.48 -184.78
480.96 -202.33
481.44 -178.95
481.92 -196.5
482.4 -173.12
482.88 -190.67
483.36 -167.29
483.84 -184.84
484.32 -161.46
484.8 -179.02
485.28 -196.57
485.76 -173.19
486.24 -190.74
486.72 -167.36
487.2 -184.91
487.68 -161.53
488.16 -179.08
488.64 -196.63
489.12 -173.25
489.6 -190.81
490.08 -167.43
490.56 -184.98
491.04 -202.18
491.52 -178.8
492.0 -196.35
492.48 -172.97
492.96 -190.51
493.44 -167.14
493.92 -184.69
494.4 -161.31
494.88 -178.86
495.36 -196.41
495.84 -173.03
496.32 -190.58
496.8 -167.2
497.28 -184.75
497.76 -202.29
498.24 -178.92
498.72 -196.47
499.2 -173.09
499.68 -190.64
500.16 -167.26
500.64 -184.81
501.12 -161.43
501.6 -138.05
502.08 -114.67
502.56 -91.3
503.04 -190.7
503.52 -167.32
504.0 -184.87
504.48 -161.49
504.96 -138.11
505.44 -114.74
505.92 -173.21
506.4 -190.76
506.88 -167.38
507.36 -144.01
507.84 -161.55
508.32 -179.11
508.8 -196.65
509.28 -173.27
509.76 -149.9
510.24 -126.52
510.72 -185.01
511.2 -161.64
511.68 -179.18
512.16 -196.74
512.64 -173.37
513.12 -150.0
513.6 -167.54
514.08 -185.1
514.56 -161.73
515.04 -138.36
515.52 -155.91
516.0 -132.54
516.48 -109.17
516.96 -85.8
517.44 -185.22
517.92 -202.77
518.4 -179.4
518.88 -156.04
519.36 -173.6
519.84 -150.23
520.32 -126.87
520.8 -144.43
521.28 -121.06
521.76 -138.63
522.24 -156.19
522.72 -132.83
523.2 -150.4
523.68 -127.04
524.16 -103.68
524.64 -162.17
525.12 -138.81
525.6 -197.31
526.08 -173.95
526.56 -150.6
527.04 -127.25
527.52 -103.9
528.0 -80.55
528.48 -98.13
528.96 -156.62
529.44 -133.28
529.92 -191.78
530.4 -168.44
530.88 -145.09
531.36 -121.75
531.84 -98.41
532.32 -156.91
532.8 -174.5
533.28 -192.09
533.76 -168.75
534.24 -145.42
534.72 -163.0
535.2 -180.6
535.68 -157.27
536.16 -133.94
536.64 -192.45
537.12 -169.13
537.6 -145.8
538.08 -163.4
538.56 -180.99
539.04 -157.67
539.52 -134.35
540.0 -111.03
540.48 -87.71
540.96 -187.16
541.44 -163.84
541.92 -140.53
542.4 -117.21
542.88 -134.82
543.36 -111.51
543.84 -88.19
544.32 -146.72
544.8 -164.34
545.28 -141.03
545.76 -199.57
546.24 -176.27
546.72 -152.96
547.2 -170.58
547.68 -188.2
548.16 -164.9
548.64 -182.52
549.12 -159.23
549.6 -135.93
550.08 -153.55
550.56 -130.26
551.04 -147.54
551.52 -124.25
552.0 -182.8
552.48 -200.43
552.96 -177.14
553.44 -153.85
553.92 -130.57
554.4 -107.28
554.88 -165.84
555.36 -142.56
555.84 -119.28
556.32 -96.0
556.8 -195.48
557.28 -172.2
557.76 -148.93
558.24 -125.65
558.72 -102.38
559.2 -201.87
559.68 -178.6
560.16 -155.33
560.64 -132.06
561.12 -190.63
561.6 -167.37
562.08 -144.1
562.56 -120.84
563.04 -138.5
563.52 -115.24
564.0 -173.82
564.48 -150.56
564.96 -168.23
565.44 -144.97
565.92 -162.63
566.4 -180.3
566.88 -197.97
567.36 -174.72
567.84 -151.47
568.32 -128.22
568.8 -104.98
569.28 -122.65
569.76 -99.41
570.24 -158.01
570.72 -175.69
571.2 -152.45
571.68 -129.21
572.16 -105.98
572.64 -123.65
573.12 -100.42
573.6 -199.95
574.08 -176.71
574.56 -153.49
575.04 -212.09
575.52 -188.86
576.0 -165.64
576.48 -142.41
576.96 -160.11
577.44 -136.89
577.92 -154.59
578.4 -131.37
578.88 -149.07
579.36 -125.86
579.84 -143.55
580.32 -120.34
580.8 -97.12
581.28 -196.67
581.76 -173.46
582.24 -150.25
582.72 -127.04
583.2 -144.75
583.68 -162.46
584.16 -180.18
584.64 -156.98
585.12 -133.78
585.6 -110.58
586.08 -169.21
586.56 -146.01
587.04 -163.74
587.52 -140.54
588.0 -199.18
588.48 -175.99
588.96 -193.72
589.44 -211.44
589.92 -188.25
590.4 -165.07
590.88 -141.88
591.36 -118.7
591.84 -136.44
592.32 -113.26
592.8 -131.0
593.28 -148.73
593.76 -207.38
594.24 -184.2
594.72 -201.95
595.2 -219.69
595.68 -196.52
596.16 -214.26
596.64 -191.09
597.12 -208.84
597.6 -185.67
598.08 -162.51
598.56 -139.34
599.04 -198.0
599.52 -215.75
600.0 -192.59
600.48 -210.34
600.96 -187.18
601.44 -204.93
601.92 -181.77
602.4 -199.53
602.88 -176.37
603.36 -194.14
603.84 -170.98
604.32 -147.82
604.8 -165.58
605.28 -142.42
605.76 -119.27
606.24 -96.11
606.72 -72.96
607.2 -90.73
607.68 -67.57
608.16 -126.25
608.64 -184.93
609.12 -161.78
609.6 -179.55
610.08 -156.4
610.56 -133.25
611.04 -151.03
611.52 -168.8
612.0 -145.65
612.48 -163.42
612.96 -140.28
613.44 -158.06
613.92 -134.92
614.4 -152.7
614.88 -129.56
615.36 -147.35
615.84 -124.21
616.32 -101.08
616.8 -77.95
617.28 -136.64
617.76 -113.51
618.24 -172.22
618.72 -149.09
619.2 -125.96
619.68 -225.58
620.16 -202.45
620.64 -179.33
621.12 -156.21
621.6 -214.91
622.08 -191.79
622.56 -168.68
623.04 -145.56
623.52 -122.44
624.0 -181.14
624.48 -158.03
624.96 -216.74
625.44 -193.63
625.92 -170.52
626.4 -229.23
626.88 -206.12
627.36 -183.01
627.84 -159.9
628.32 -218.62
628.8 -195.51
629.28 -172.4
629.76 -149.29
630.24 -208.0
630.72 -184.89
631.2 -202.7
631.68 -220.5
632.16 -197.39
632.64 -215.2
633.12 -192.09
633.6 -168.98
634.08 -145.87
634.56 -204.59
635.04 -181.48
635.52 -158.37
636.0 -135.26
636.48 -112.16
636.96 -211.79
637.44 -229.59
637.92 -206.48
638.4 -183.36
638.88 -201.16
639.36 -218.97
639.84 -195.86
640.32 -172.75
640.8 -149.64
641.28 -126.52
641.76 -185.23
642.24 -203.03
642.72 -220.83
643.2 -238.62
643.68 -215.51
644.16 -192.39
644.64 -169.27
645.12 -146.15
645.6 -163.94
646.08 -140.82
646.56 -117.7
647.04 -217.32
647.52 -194.2
648.0 -171.07
648.48 -147.95
648.96 -165.74
649.44 -142.61
649.92 -160.41
650.4 -137.28
650.88 -236.89
651.36 -213.76
651.84 -190.63
652.32 -208.43
652.8 -185.3
653.28 -203.09
653.76 -220.87
654.24 -197.74
654.72 -215.17
655.2 -192.04
655.68 -168.91
656.16 -145.78
656.64 -122.65
657.12 -140.43
657.6 -199.13
658.08 -175.99
658.56 -152.86
659.04 -170.63
659.52 -188.41
660.0 -206.19
660.48 -183.06
660.96 -159.92
661.44 -136.79
661.92 -154.56
662.4 -131.43
662.88 -108.29
663.36 -85.15
663.84 -225.65
664.32 -202.52
664.8 -220.3
665.28 -197.16
665.76 -214.93
666.24 -191.8
666.72 -209.57
667.2 -186.43
667.68 -245.11
668.16 -221.97
668.64 -198.83
669.12 -257.52
669.6 -234.38
670.08 -252.15
670.56 -229.01
671.04 -246.78
671.52 -223.63
672.0 -200.49
672.48 -177.34
672.96 -236.02
673.44 -212.87
673.92 -230.63
674.4 -207.49
674.88 -184.34
675.36 -161.19
675.84 -219.86
676.32 -196.71
676.8 -173.56
677.28 -150.4
677.76 -209.07
678.24 -226.82
678.72 -203.66
679.2 -262.32
679.68 -239.16
680.16 -216.0
680.64 -192.84
681.12 -169.68
681.6 -228.33
682.08 -205.17
682.56 -222.92
683.04 -199.76
683.52 -258.41
684.0 -235.24
684.48 -212.07
684.96 -188.9
685.44 -247.54
685.92 -224.37
686.4 -242.1
686.88 -218.93
687.36 -195.75
687.84 -172.57
688.32 -149.39
688.8 -248.94
689.28 -225.75
689.76 -243.48
690.24 -220.29
690.72 -197.11
691.2 -173.92
691.68 -150.73
692.16 -250.27
692.64 -267.99
693.12 -244.8
693.6 -221.61
694.08 -198.41
694.56 -216.12
695.04 -192.92
695.52 -169.72
696.0 -228.34
696.48 -205.14
696.96 -181.93
697.44 -158.73
697.92 -135.52
698.4 -112.31
698.88 -89.1
699.36 -65.89
699.84 -206.32
700.32 -224.01
700.8 -200.8
701.28 -259.41
701.76 -236.19
702.24 -253.89
702.72 -230.67
703.2 -207.45
703.68 -184.23
704.16 -161.02
704.64 -260.53
705.12 -237.3
705.6 -214.08
706.08 -190.86
706.56 -167.63
707.04 -226.23
707.52 -243.91
708.0 -220.69
708.48 -238.37
708.96 -215.14
709.44 -191.91
709.92 -168.68
710.4 -227.27
710.88 -244.95
711.36 -221.72
711.84 -239.39
712.32 -257.07
712.8 -233.84
713.28 -251.51
713.76 -228.28
714.24 -205.04
714.72 -181.8
715.2 -240.39
715.68 -258.06
716.16 -275.73
716.64 -252.49
717.12 -229.25
717.6 -246.92
718.08 -223.67
718.56 -200.43
719.04 -259.0
719.52 -235.75
720.0 -253.42
720.48 -230.17
720.96 -206.91
721.44 -224.57
721.92 -201.31
722.4 -218.97
722.88 -195.71
723.36 -172.45
723.84 -149.19
724.32 -207.75
724.8 -225.39
725.28 -243.04
725.76 -219.77
726.24 -196.5
726.72 -255.05
727.2 -231.78
727.68 -208.51
728.16 -185.23
728.64 -161.95
729.12 -220.5
729.6 -238.13
730.08 -214.85
730.56 -273.39
731.04 -250.1
731.52 -226.82
732.0 -203.53
732.48 -180.24
732.96 -156.95
733.44 -133.66
733.92 -192.19
734.4 -250.71
734.88 -227.42
735.36 -204.12
735.84 -221.72
736.32 -280.25
736.8 -256.95
737.28 -233.64
737.76 -210.34
738.24 -187.04
738.72 -245.55
739.2 -263.15
739.68 -239.85
740.16 -216.54
740.64 -193.23
741.12 -169.92
741.6 -146.6
742.08 -164.2
742.56 -140.88
743.04 -199.39
743.52 -176.07
744.0 -152.75
744.48 -170.34
744.96 -269.76
745.44 -246.44
745.92 -264.03
746.4 -240.71
746.88 -217.38
747.36 -194.06
747.84 -170.74
748.32 -229.24
748.8 -205.91
749.28 -182.59
749.76 -200.18
750.24 -176.85
750.72 -235.34
751.2 -212.01
751.68 -229.59
752.16 -206.27
752.64 -182.94
753.12 -241.44
753.6 -218.11
754.08 -235.69
754.56 -253.27
755.04 -229.95
755.52 -206.62
756.0 -183.29
756.48 -200.87
756.96 -177.54
757.44 -195.12
757.92 -253.61
758.4 -230.28
758.88 -206.95
759.36 -183.62
759.84 -160.29
760.32 -259.68
760.8 -277.26
761.28 -253.93
761.76 -230.6
762.24 -207.26
762.72 -265.75
763.2 -242.42
763.68 -219.08
764.16 -195.75
764.64 -254.23
765.12 -230.9
765.6 -248.47
766.08 -225.14
766.56 -201.8
767.04 -260.28
767.52 -236.94
768.0 -254.52
768.48 -272.08
768.96 -248.74
769.44 -266.31
769.92 -242.97
770.4 -260.53
770.88 -237.19
771.36 -213.84
771.84 -190.5
772.32 -208.06
772.8 -225.62
773.28 -202.27
773.76 -178.92
774.24 -237.39
774.72 -214.04
775.2 -190.69
775.68 -167.33
776.16 -266.7
776.64 -243.34
777.12 -260.9
777.6 -237.54
778.08 -214.18
778.56 -190.82
779.04 -208.37
779.52 -185.01
780.0 -243.46
780.48 -261.01
780.96 -237.65
781.44 -255.19
781.92 -272.73
782.4 -249.36
782.88 -225.99
783.36 -202.63
783.84 -179.26
784.32 -196.8
784.8 -173.43
785.28 -272.79
785.76 -249.42
786.24 -226.04
786.72 -202.67
787.2 -179.3
787.68 -155.93
788.16 -255.27
788.64 -272.81
789.12 -249.44
789.6 -226.06
790.08 -202.69
790.56 -220.22
791.04 -237.75
791.52 -214.38
792.0 -272.82
792.48 -249.44
792.96 -226.07
793.44 -243.59
793.92 -261.12
794.4 -237.74
794.88 -214.36
795.36 -190.98
795.84 -167.6
796.32 -144.22
796.8 -202.66
797.28 -179.28
797.76 -155.9
798.24 -132.51
798.72 -231.86
799.2 -208.48
799.68 -266.91
800.16 -243.53
800.64 -261.06
801.12 -237.67
801.6 -214.29
802.08 -272.73
802.56 -249.35
803.04 -225.97
803.52 -243.49
804.0 -220.11
804.48 -196.73
804.96 -173.34
805.44 -272.69
805.92 -249.31
806.4 -225.93
806.88 -243.46
807.36 -260.99
807.84 -237.61
808.32 -255.13
808.8 -231.74
809.28 -249.27
809.76 -225.89
810.24 -202.51
810.72 -220.03
811.2 -196.65
811.68 -214.18
812.16 -190.79
812.64 -167.41
813.12 -266.74
813.6 -243.36
814.08 -260.88
814.56 -237.49
815.04 -214.11
815.52 -231.63
816.0 -208.24
816.48 -184.85
816.96 -161.46
817.44 -219.89
817.92 -196.49
818.4 -173.1
818.88 -149.71
819.36 -249.04
819.84 -266.55
820.32 -243.16
820.8 -260.68
821.28 -237.28
821.76 -213.89
822.24 -231.4
822.72 -248.91
823.2 -225.52
823.68 -243.03
824.16 -219.64
824.64 -196.24
825.12 -172.85
825.6 -231.27
826.08 -207.88
826.56 -184.48
827.04 -242.89
827.52 -260.41
828.0 -237.01
828.48 -254.52
828.96 -231.13
829.44 -207.73
829.92 -184.33
830.4 -283.65
830.88 -260.26
831.36 -236.86
831.84 -213.46
832.32 -190.07
832.8 -248.49
833.28 -225.09
833.76 -201.7
834.24 -178.3
834.72 -236.71
835.2 -213.32
835.68 -271.74
836.16 -248.34
836.64 -224.95
837.12 -201.55
837.6 -178.16
838.08 -154.77
838.56 -213.19
839.04 -271.61
839.52 -248.21
840.0 -224.82
840.48 -201.43
840.96 -218.95
841.44 -277.38
841.92 -253.99
842.4 -230.6
842.88 -207.21
843.36 -183.82
843.84 -160.43
844.32 -137.04
844.8 -113.65
845.28 -172.07
845.76 -271.4
846.24 -248.01
846.72 -265.53
847.2 -242.15
847.68 -218.76
848.16 -195.37
848.64 -253.81
849.12 -230.42
849.6 -247.94
850.08 -224.56
850.56 -201.17
851.04 -259.59
851.52 -236.21
852.0 -212.82
852.48 -271.26
852.96 -247.87
853.44 -224.49
853.92 -242.0
854.4 -218.61
854.88 -195.23
855.36 -212.75
855.84 -271.18
856.32 -247.8
856.8 -265.31
857.28 -241.93
857.76 -218.54
858.24 -195.15
858.72 -253.59
859.2 -230.2
859.68 -247.73
860.16 -224.34
860.64 -200.96
861.12 -259.38
861.6 -235.99
862.08 -212.61
862.56 -189.22
863.04 -206.75
863.52 -183.36
864.0 -241.79
864.48 -218.4
864.96 -195.01
865.44 -253.44
865.92 -230.06
866.4 -247.58
866.88 -265.09
867.36 -241.7
867.84 -218.31
868.32 -235.83
868.8 -212.44
869.28 -189.05
869.76 -206.57
870.24 -183.18
870.72 -282.51
871.2 -259.11
871.68 -235.72
872.16 -212.33
872.64 -229.84
873.12 -247.36
873.6 -223.96
874.08 -200.57
874.56 -177.17
875.04 -194.67
875.52 -171.28
876.0 -229.7
876.48 -247.21
876.96 -264.71
877.44 -241.32
877.92 -217.92
878.4 -194.52
878.88 -252.94
879.36 -229.54
879.84 -206.14
880.32 -182.74
880.8 -159.33
881.28 -258.65
881.76 -235.25
882.24 -211.85
882.72 -188.45
883.2 -165.05
883.68 -182.55
884.16 -240.97
884.64 -217.57
885.12 -194.17
885.6 -170.76
886.08 -147.36
886.56 -246.68
887.04 -223.28
887.52 -240.79
888.0 -217.39
888.48 -193.99
888.96 -211.49
889.44 -188.09
889.92 -246.51
890.4 -223.11
890.88 -199.71
891.36 -217.22
891.84 -193.82
892.32 -170.43
892.8 -147.03
893.28 -246.35
893.76 -222.96
894.24 -199.56
894.72 -176.17
895.2 -152.77
895.68 -211.19
896.16 -228.71
896.64 -205.31
897.12 -263.74
897.6 -240.35
898.08 -216.95
898.56 -234.46
899.04 -251.98
899.52 -269.5
900.0 -246.11
900.48 -222.72
900.96 -240.24
901.44 -216.85
901.92 -275.26
902.4 -251.87
902.88 -228.48
903.36 -205.09
903.84 -181.7
904.32 -240.12
904.8 -216.73
905.28 -193.34
905.76 -169.94
906.24 -146.55
906.72 -123.16
907.2 -99.77
907.68 -76.38
908.16 -175.72
908.64 -152.33
909.12 -210.75
909.6 -269.18
910.08 -245.79
910.56 -263.31
911.04 -239.92
911.52 -257.44
912.0 -234.06
912.48 -210.67
912.96 -269.11
913.44 -245.72
913.92 -222.34
914.4 -239.85
914.88 -257.38
915.36 -234.0
915.84 -210.61
916.32 -269.04
916.8 -245.66
917.28 -222.28
917.76 -239.81
918.24 -216.43
918.72 -193.04
919.2 -210.57
919.68 -187.19
920.16 -163.81
920.64 -222.24
921.12 -239.76
921.6 -257.29
922.08 -274.82
922.56 -251.44
923.04 -268.95
923.52 -245.57
924.0 -263.1
924.48 -239.72
924.96 -216.33
925.44 -274.76
925.92 -251.38
926.4 -228.0
926.88 -204.61
927.36 -222.14
927.84 -198.75
928.32 -257.19
928.8 -233.81
929.28 -210.42
929.76 -187.04
930.24 -245.46
930.72 -222.08
931.2 -198.69
931.68 -175.31
932.16 -151.92
932.64 -169.45
933.12 -227.87
933.6 -245.39
934.08 -222.01
934.56 -239.53
935.04 -216.15
935.52 -233.66
936.0 -210.27
936.48 -186.89
936.96 -204.41
937.44 -262.84
937.92 -239.45
938.4 -216.06
938.88 -192.68
939.36 -210.2
939.84 -186.81
940.32 -245.25
940.8 -221.86
941.28 -198.48
941.76 -175.09
942.24 -151.7
942.72 -128.32
943.2 -104.93
943.68 -204.26
944.16 -180.88
944.64 -239.3
945.12 -256.83
945.6 -233.44
946.08 -250.96
946.56 -227.57
947.04 -204.19
947.52 -262.62
948.0 -239.24
948.48 -256.76
948.96 -233.37
949.44 -209.99
949.92 -227.52
950.4 -204.14
950.88 -262.57
951.36 -239.19
951.84 -256.71
952.32 -233.32
952.8 -250.85
953.28 -227.47
953.76 -204.08
954.24 -180.7
954.72 -198.22
955.2 -215.74
955.68 -192.35
956.16 -168.96
956.64 -145.58
957.12 -244.91
957.6 -221.53
958.08 -239.05
958.56 -256.57
959.04 -233.19
959.52 -209.8
960.0 -186.41
960.48 -163.02
960.96 -221.45
961.44 -198.06
961.92 -215.58
962.4 -192.19
962.88 -168.8
963.36 -268.13
963.84 -244.74
964.32 -221.36
964.8 -197.97
965.28 -256.39
965.76 -233.0
966.24 -209.61
966.72 -268.04
967.2 -244.66
967.68 -262.17
968.16 -238.78
968.64 -215.39
969.12 -273.82
969.6 -250.43
970.08 -267.94
970.56 -244.56
971.04 -221.17
971.52 -279.6
972.0 -256.21
972.48 -232.82
972.96 -209.43
973.44 -267.85
973.92 -244.46
974.4 -221.07
974.88 -238.59
975.36 -215.2
975.84 -232.71
976.32 -209.32
976.8 -226.84
977.28 -203.45
977.76 -261.86
978.24 -238.47
978.72 -215.08
979.2 -232.6
979.68 -209.21
980.16 -226.72
980.64 -203.33
981.12 -179.94
981.6 -197.45
982.08 -255.88
982.56 -232.48
983.04 -209.09
983.52 -185.7
984.0 -162.31
984.48 -179.81
984.96 -156.42
985.44 -133.03
985.92 -232.36
986.4 -208.97
986.88 -267.4
987.36 -244.01
987.84 -220.61
988.32 -197.22
988.8 -255.64
989.28 -232.25
989.76 -208.86
990.24 -226.38
990.72 -202.99
991.2 -220.51
991.68 -197.12
992.16 -255.54
992.64 -273.06
993.12 -249.67
993.6 -226.28
994.08 -243.78
994.56 -220.39
995.04 -237.91
995.52 -255.43
996.0 -272.94
996.48 -249.54
996.96 -226.15
997.44 -202.75
997.92 -261.18
998.4 -237.78
998.88 -214.38
999.36 -190.99
999.84 -167.59
1000.32 -144.19
1000.8 -161.69
1001.28 -261.01
1001.76 -237.61
1002.24 -214.21
1002.72 -190.81
1003.2 -167.41
1003.68 -144.01
1004.16 -120.61
1004.64 -97.21
1005.12 -237.44
1005.6 -254.95
1006.08 -231.55
1006.56 -208.15
1007.04 -184.75
1007.52 -161.34
1008.0 -137.94
1008.48 -114.54
1008.96 -254.76
1009.44 -231.36
1009.92 -207.96
1010.4 -184.55
1010.88 -242.97
1011.36 -219.57
1011.84 -196.17
1012.32 -213.67
1012.8 -190.27
1013.28 -166.87
1013.76 -225.29
1014.24 -201.89
1014.72 -219.39
1015.2 -236.9
1015.68 -254.41
1016.16 -231.01
1016.64 -248.52
1017.12 -225.12
1017.6 -201.72
1018.08 -178.33
1018.56 -236.75
1019.04 -213.35
1019.52 -189.96
1020.0 -207.47
1020.48 -184.08
1020.96 -160.68
1021.44 -260.01
1021.92 -236.61
1022.4 -213.22
1022.88 -271.63
1023.36 -248.24
1023.84 -224.84
1024.32 -201.45
1024.8 -259.86
1025.28 -236.46
1025.76 -213.07
1026.24 -189.67
1026.72 -207.18
1027.2 -265.6
1027.68 -242.2
1028.16 -259.71
1028.64 -236.31
1029.12 -212.92
1029.6 -189.52
1030.08 -166.12
1030.56 -183.63
1031.04 -160.23
1031.52 -259.56
1032.0 -236.16
1032.48 -212.76
1032.96 -189.36
1033.44 -165.96
1033.92 -142.57
1034.4 -119.17
1034.88 -259.39
1035.36 -236.0
1035.84 -253.51
1036.32 -230.12
1036.8 -247.63
1037.28 -224.24
1037.76 -241.74
1038.24 -259.26
1038.72 -235.86
1039.2 -253.38
1039.68 -229.98
1040.16 -247.49
1040.64 -224.09
1041.12 -200.7
1041.6 -177.3
1042.08 -153.91
1042.56 -130.51
1043.04 -188.94
1043.52 -165.54
1044.0 -264.87
1044.48 -241.47
1044.96 -218.08
1045.44 -194.69
1045.92 -253.1
1046.4 -229.71
1046.88 -247.23
1047.36 -223.84
1047.84 -200.45
1048.32 -217.97
1048.8 -194.58
1049.28 -171.19
1049.76 -229.61
1050.24 -206.22
1050.72 -182.83
1051.2 -159.45
1051.68 -136.06
1052.16 -235.4
1052.64 -212.01
1053.12 -270.45
1053.6 -247.06
1054.08 -223.68
1054.56 -200.3
1055.04 -217.82
1055.52 -194.43
1056.0 -171.05
1056.48 -147.67
1056.96 -124.29
1057.44 -100.91
1057.92 -200.25
1058.4 -258.69
1058.88 -235.31
1059.36 -252.83
1059.84 -229.46
1060.32 -206.08
1060.8 -182.7
1061.28 -200.23
1061.76 -217.77
1062.24 -194.39
1062.72 -171.02
1063.2 -188.55
1063.68 -165.18
1064.16 -264.52
1064.64 -241.15
1065.12 -217.78
1065.6 -235.3
1066.08 -211.93
1066.56 -188.56
1067.04 -165.19
1067.52 -182.73
1068.0 -241.17
1068.48 -217.8
1068.96 -194.43
1069.44 -211.97
1069.92 -270.42
1070.4 -247.05
1070.88 -264.58
1071.36 -241.21
1071.84 -258.75
1072.32 -235.38
1072.8 -212.01
1073.28 -188.64
1073.76 -165.27
1074.24 -223.71
1074.72 -241.25
1075.2 -217.88
1075.68 -194.52
1076.16 -252.97
1076.64 -229.6
1077.12 -206.23
1077.6 -223.76
1078.08 -200.39
1078.56 -258.85
1079.04 -235.48
1079.52 -253.01
1080.0 -229.64
1080.48 -247.19
1080.96 -223.82
1081.44 -200.45
1081.92 -258.9
1082.4 -235.54
1082.88 -212.17
1083.36 -188.8
1083.84 -247.24
1084.32 -223.87
1084.8 -200.51
1085.28 -258.95
1085.76 -235.58
1086.24 -212.21
1086.72 -229.76
1087.2 -247.3
1087.68 -223.93
1088.16 -200.56
1088.64 -177.19
1089.12 -153.82
1089.6 -171.35
1090.08 -147.98
1090.56 -206.43
1091.04 -264.87
1091.52 -241.5
1092.0 -218.13
1092.48 -235.68
1092.96 -253.22
1093.44 -229.85
1093.92 -206.48
1094.4 -264.92
1094.88 -241.55
1095.36 -218.19
1095.84 -194.82
1096.32 -171.45
1096.8 -148.08
1097.28 -124.72
1097.76 -224.07
1098.24 -200.7
1098.72 -259.15
1099.2 -276.69
1099.68 -253.33
1100.16 -229.96
1100.64 -206.6
1101.12 -183.23
1101.6 -241.69
1102.08 -259.22
1102.56 -235.86
1103.04 -253.41
1103.52 -270.96
1104.0 -247.59
1104.48 -224.23
1104.96 -200.87
1105.44 -259.32
1105.92 -235.95
1106.4 -253.5
1106.88 -230.14
1107.36 -206.78
1107.84 -265.22
1108.32 -241.86
1108.8 -218.5
1109.28 -195.13
1109.76 -171.77
1110.24 -148.41
1110.72 -125.05
1111.2 -183.5
1111.68 -160.14
1112.16 -259.5
1112.64 -236.13
1113.12 -212.77
1113.6 -189.41
1114.08 -166.05
1114.56 -142.68
1115.04 -242.04
1115.52 -218.68
1116.0 -236.23
1116.48 -253.76
1116.96 -230.4
1117.44 -207.04
1117.92 -224.59
1118.4 -201.23
1118.88 -177.87
1119.36 -236.32
1119.84 -212.96
1120.32 -189.6
1120.8 -248.06
1121.28 -224.7
1121.76 -201.34
1122.24 -177.98
1122.72 -154.62
1123.2 -131.26
1123.68 -230.63
1124.16 -207.27
1124.64 -183.91
1125.12 -242.36
1125.6 -219.01
1126.08 -236.56
1126.56 -213.21
1127.04 -189.85
1127.52 -166.5
1128.0 -143.14
1128.48 -242.51
1128.96 -260.07
1129.44 -236.71
1129.92 -213.36
1130.4 -190.01
1130.88 -248.47
1131.36 -266.03
1131.84 -242.68
1132.32 -219.33
1132.8 -195.98
1133.28 -213.53
1133.76 -272.0
1134.24 -248.65
1134.72 -225.3
1135.2 -201.95
1135.68 -178.6
1136.16 -155.25
1136.64 -254.62
1137.12 -272.18
1137.6 -248.83
1138.08 -225.48
1138.56 -243.03
1139.04 -219.68
1139.52 -237.24
1140.0 -213.89
1140.48 -190.53
1140.96 -248.99
1141.44 -266.55
1141.92 -243.19
1142.4 -219.84
1142.88 -237.39
1143.36 -254.94
1143.84 -272.49
1144.32 -249.14
1144.8 -225.78
1145.28 -202.42
1145.76 -179.07
1146.24 -155.71
1146.72 -214.16
1147.2 -190.8
1147.68 -249.26
1148.16 -266.81
1148.64 -243.45
1149.12 -260.99
1149.6 -237.63
1150.08 -255.18
1150.56 -231.81
1151.04 -208.45
1151.52 -185.09
1152.0 -202.63
1152.48 -220.16
1152.96 -237.71
1153.44 -214.34
1153.92 -190.97
1154.4 -249.42
1154.88 -226.05
1155.36 -202.68
1155.84 -220.22
1156.32 -196.85
1156.8 -173.47
1157.28 -231.91
1157.76 -249.45
1158.24 -266.98
1158.72 -243.61
1159.2 -220.24
1159.68 -196.86
1160.16 -255.29
1160.64 -231.92
1161.12 -208.54
1161.6 -226.08
1162.08 -202.7
1162.56 -220.22
1163.04 -237.75
1163.52 -255.28
1164.0 -231.91
1164.48 -249.43
1164.96 -226.05
1165.44 -243.57
1165.92 -261.1
1166.4 -237.72
1166.88 -214.34
1167.36 -231.85
1167.84 -208.47
1168.32 -266.9
1168.8 -243.52
1169.28 -261.04
1169.76 -237.65
1170.24 -214.26
1170.72 -190.87
1171.2 -167.48
1171.68 -266.81
1172.16 -243.42
1172.64 -220.02
1173.12 -196.63
1173.6 -173.23
1174.08 -231.65
1174.56 -208.25
1175.04 -225.76
1175.52 -202.37
1176.0 -260.78
1176.48 -237.38
1176.96 -213.98
1177.44 -190.58
1177.92 -208.09
1178.4 -184.69
1178.88 -161.29
1179.36 -137.88
1179.84 -196.29
1180.32 -172.89
1180.8 -149.49
1181.28 -248.8
1181.76 -266.31
1182.24 -242.91
1182.72 -219.5
1183.2 -196.1
1183.68 -172.69
1184.16 -272.01
1184.64 -248.6
1185.12 -266.1
1185.6 -242.69
1186.08 -219.29
1186.56 -195.88
1187.04 -213.39
1187.52 -230.89
1188.0 -207.48
1188.48 -265.88
1188.96 -242.48
1189.44 -219.07
1189.92 -195.66
1190.4 -172.25
1190.88 -148.84
1191.36 -125.43
1191.84 -265.66
1192.32 -242.25
1192.8 -218.84
1193.28 -195.43
1193.76 -253.83
1194.24 -230.42
1194.72 -247.92
1195.2 -224.52
1195.68 -201.11
1196.16 -177.7
1196.64 -154.29
1197.12 -212.7
1197.6 -189.29
1198.08 -165.88
1198.56 -224.29
1199.04 -200.89
1199.52 -259.29
1200.0 -235.88
1200.48 -212.48
1200.96 -189.07
1201.44 -165.67
1201.92 -142.26
1202.4 -118.86
1202.88 -95.46
1203.36 -72.05
1203.84 -48.65
1204.32 -25.25
1204.8 -2.25
1205.28 19.66
1205.76 40.47
1206.24 -266.64
1206.72 -246.4
1207.2 -226.06
1207.68 -205.63
1208.16 -266.94
1208.64 -246.34
1209.12 -225.67
1209.6 -245.83
1210.08 -225.0
1210.56 -285.92
1211.04 -264.95
1211.52 -243.91
1212.0 -222.81
1212.48 -201.64
1212.96 -221.32
1213.44 -200.03
1213.92 -301.41
1214.4 -320.9
1214.88 -299.44
1215.36 -277.93
1215.84 -256.36
1216.32 -316.57
1216.8 -294.13
1217.28 -312.32
1217.76 -289.62
1218.24 -307.83
1218.72 -326.06
1219.2 -303.39
1219.68 -280.73
1220.16 -258.08
1220.64 -235.43
1221.12 -253.71
1221.6 -231.08
1222.08 -208.47
1222.56 -267.66
1223.04 -245.06
1223.52 -222.45
1224.0 -281.68
1224.48 -340.89
1224.96 -318.31
1225.44 -336.63
1225.92 -314.05
1226.4 -291.47
1226.88 -309.79
1227.36 -287.21
1227.84 -264.63
1228.32 -282.97
1228.8 -342.2
1229.28 -319.63
1229.76 -297.06
1230.24 -274.48
1230.72 -333.72
1231.2 -311.15
1231.68 -288.57
1232.16 -306.9
1232.64 -284.32
1233.12 -261.73
1233.6 -320.95
1234.08 -298.36
1234.56 -275.77
1235.04 -253.18
1235.52 -353.3
1236.0 -330.69
1236.48 -308.09
1236.96 -285.48
1237.44 -262.86
1237.92 -240.24
1238.4 -217.62
1238.88 -358.62
1239.36 -335.99
1239.84 -313.35
1240.32 -290.71
1240.8 -268.06
1241.28 -245.4
1241.76 -222.74
1242.24 -322.8
1242.72 -300.13
1243.2 -277.45
1243.68 -254.77
1244.16 -232.08
1244.64 -332.11
1245.12 -309.41
1245.6 -327.61
1246.08 -304.9
1246.56 -323.09
1247.04 -300.36
1247.52 -277.63
1248.0 -254.49
1248.48 -313.06
1248.96 -371.61
1249.44 -348.35
1249.92 -325.08
1250.4 -301.79
1250.88 -360.32
1251.36 -337.02
1251.84 -313.71
1252.32 -290.39
1252.8 -348.87
1253.28 -366.44
1253.76 -343.09
1254.24 -360.64
1254.72 -337.28
1255.2 -313.91
1255.68 -290.52
1256.16 -348.95
1256.64 -325.55
1257.12 -302.14
1257.6 -278.73
1258.08 -337.13
1258.56 -313.71
1259.04 -290.27
1259.52 -307.73
1260.0 -284.28
1260.48 -301.74
1260.96 -360.09
1261.44 -377.53
1261.92 -354.06
1262.4 -371.49
1262.88 -348.01
1263.36 -324.52
1263.84 -341.93
1264.32 -318.43
1264.8 -294.92
1265.28 -353.22
1265.76 -370.61
1266.24 -347.09
1266.72 -323.56
1267.2 -340.92
1267.68 -317.38
1268.16 -375.66
1268.64 -352.11
1269.12 -328.55
1269.6 -304.99
1270.08 -363.24
1270.56 -339.67
1271.04 -316.1
1271.52 -374.34
1272.0 -350.75
1272.48 -327.17
1272.96 -303.58
1273.44 -361.79
1273.92 -338.19
1274.4 -314.58
1274.88 -290.98
1275.36 -349.17
1275.84 -325.56
1276.32 -301.93
1276.8 -278.31
1277.28 -254.68
1277.76 -271.96
1278.24 -289.23
1278.72 -265.59
1279.2 -241.95
1279.68 -259.22
1280.16 -317.38
1280.64 -293.73
1281.12 -270.08
1281.6 -246.43
1282.08 -345.49
1282.56 -321.83
1283.04 -298.17
1283.52 -274.5
1284.0 -250.84
1284.48 -227.17
1284.96 -244.41
1285.44 -343.45
1285.92 -319.78
1286.4 -296.1
1286.88 -272.42
1287.36 -330.55
1287.84 -306.87
1288.32 -283.19
1288.8 -341.32
1289.28 -358.53
1289.76 -334.85
1290.24 -352.07
1290.72 -328.38
1291.2 -304.68
1291.68 -321.9
1292.16 -339.11
1292.64 -315.42
1293.12 -291.72
1293.6 -349.83
1294.08 -367.04
1294.56 -343.33
1295.04 -319.63
1295.52 -295.92
1296.0 -313.12
1296.48 -289.41
1296.96 -265.7
1297.44 -282.89
1297.92 -300.09
1298.4 -276.38
1298.88 -334.47
1299.36 -310.76
1299.84 -287.04
1300.32 -304.23
1300.8 -321.42
1301.28 -297.71
1301.76 -273.99
1302.24 -250.27
1302.72 -226.54
1303.2 -284.63
1303.68 -260.91
1304.16 -318.99
1304.64 -295.27
1305.12 -271.55
1305.6 -247.82
1306.08 -305.92
1306.56 -282.19
1307.04 -258.46
1307.52 -275.65
1308.0 -292.82
1308.48 -269.09
1308.96 -327.19
1309.44 -303.46
1309.92 -279.73
1310.4 -256.01
1310.88 -355.0
1311.36 -331.27
1311.84 -348.44
1312.32 -324.71
1312.8 -300.98
1313.28 -277.26
1313.76 -335.35
1314.24 -311.62
1314.72 -287.88
1315.2 -264.15
1315.68 -240.42
1316.16 -216.69
1316.64 -192.96
1317.12 -251.03
1317.6 -309.12
1318.08 -285.38
1318.56 -261.65
1319.04 -319.73
1319.52 -336.91
1320.0 -313.17
1320.48 -289.44
1320.96 -306.62
1321.44 -323.79
1321.92 -300.06
1322.4 -276.32
1322.88 -334.41
1323.36 -310.68
1323.84 -286.95
1324.32 -263.22
1324.8 -239.48
1325.28 -338.47
1325.76 -314.74
1326.24 -291.01
1326.72 -267.28
1327.2 -325.36
1327.68 -301.62
1328.16 -277.89
1328.64 -295.07
1329.12 -271.34
1329.6 -247.61
1330.08 -264.79
1330.56 -241.06
1331.04 -217.33
1331.52 -234.5
1332.0 -251.68
1332.48 -309.76
1332.96 -326.94
1333.44 -303.21
1333.92 -279.48
1334.4 -296.66
1334.88 -272.93
1335.36 -249.2
1335.84 -225.47
1336.32 -283.55
1336.8 -300.73
1337.28 -277.0
1337.76 -253.27
1338.24 -229.54
1338.72 -246.72
1339.2 -222.99
1339.68 -321.98
1340.16 -298.25
1340.64 -274.52
1341.12 -291.69
1341.6 -308.88
1342.08 -285.15
1342.56 -261.42
1343.04 -237.7
1343.52 -295.79
1344.0 -312.96
1344.48 -289.24
1344.96 -265.52
1345.44 -241.8
1345.92 -258.98
1346.4 -235.26
1346.88 -293.35
1347.36 -269.63
1347.84 -286.83
1348.32 -263.11
1348.8 -239.39
1349.28 -256.58
1349.76 -232.87
1350.24 -290.96
1350.72 -267.25
1351.2 -243.53
1351.68 -301.63
1352.16 -277.92
1352.64 -254.21
1353.12 -230.5
1353.6 -206.79
1354.08 -305.81
1354.56 -282.1
1355.04 -299.29
1355.52 -275.59
1356.0 -292.8
1356.48 -310.0
1356.96 -286.3
1357.44 -262.6
1357.92 -279.8
1358.4 -297.01
1358.88 -273.31
1359.36 -249.61
1359.84 -225.91
1360.32 -202.22
1360.8 -219.43
1361.28 -195.74
1361.76 -253.86
1362.24 -271.07
1362.72 -247.38
1363.2 -305.5
1363.68 -281.81
1364.16 -258.12
1364.64 -275.34
1365.12 -292.55
1365.6 -268.86
1366.08 -245.17
1366.56 -303.3
1367.04 -279.62
1367.52 -255.93
1368.0 -273.14
1368.48 -290.36
1368.96 -266.68
1369.44 -283.9
1369.92 -260.22
1370.4 -236.53
1370.88 -294.66
1371.36 -270.97
1371.84 -247.29
1372.32 -264.51
1372.8 -240.83
1373.28 -298.96
1373.76 -275.28
1374.24 -292.51
1374.72 -268.83
1375.2 -245.15
1375.68 -221.47
1376.16 -279.6
1376.64 -255.92
1377.12 -273.16
1377.6 -249.48
1378.08 -225.8
1378.56 -283.94
1379.04 -260.26
1379.52 -277.5
1380.0 -253.83
1380.48 -230.15
1380.96 -247.39
1381.44 -223.72
1381.92 -200.05
1382.4 -258.19
1382.88 -234.52
1383.36 -210.86
1383.84 -187.19
1384.32 -204.44
1384.8 -303.49
1385.28 -279.83
1385.76 -256.17
1386.24 -232.51
1386.72 -208.86
1387.2 -267.01
1387.68 -243.35
1388.16 -301.51
1388.64 -277.86
1389.12 -295.12
1389.6 -271.47
1390.08 -247.83
1390.56 -265.08
1391.04 -241.44
1391.52 -258.7
1392.0 -235.06
1392.48 -211.42
1392.96 -228.7
1393.44 -245.96
1393.92 -222.32
1394.4 -198.69
1394.88 -297.78
1395.36 -274.15
1395.84 -250.52
1396.32 -226.89
1396.8 -285.09
1397.28 -261.46
1397.76 -237.84
1398.24 -214.22
1398.72 -190.6
1399.2 -207.88
1399.68 -225.18
1400.16 -242.47
1400.64 -218.86
1401.12 -277.05
1401.6 -253.44
1402.08 -270.74
1402.56 -247.13
1403.04 -264.42
1403.52 -240.81
1404.0 -217.2
1404.48 -234.5
1404.96 -210.9
1405.44 -228.2
1405.92 -245.49
1406.4 -221.89
1406.88 -198.28
1407.36 -256.5
1407.84 -232.9
1408.32 -250.2
1408.8 -226.6
1409.28 -203.0
1409.76 -179.4
1410.24 -155.8
1410.72 -254.92
1411.2 -272.24
1411.68 -248.65
1412.16 -225.05
1412.64 -201.46
1413.12 -218.78
1413.6 -195.19
1414.08 -212.5
1414.56 -229.83
1415.04 -247.15
1415.52 -264.47
1416.0 -240.89
1416.48 -217.31
1416.96 -234.64
1417.44 -211.06
1417.92 -269.29
1418.4 -245.71
1418.88 -222.14
1419.36 -239.47
1419.84 -215.9
1420.32 -192.33
1420.8 -250.57
1421.28 -267.91
1421.76 -244.34
1422.24 -220.77
1422.72 -197.2
1423.2 -173.64
1423.68 -231.88
1424.16 -208.32
1424.64 -184.75
1425.12 -161.19
1425.6 -137.63
1426.08 -236.79
1426.56 -254.14
1427.04 -271.48
1427.52 -247.92
1428.0 -224.36
1428.48 -200.81
1428.96 -218.16
1429.44 -235.52
1429.92 -211.97
1430.4 -229.32
1430.88 -246.68
1431.36 -264.04
1431.84 -240.49
1432.32 -216.94
1432.8 -234.29
1433.28 -210.74
1433.76 -187.2
1434.24 -163.65
1434.72 -140.1
1435.2 -239.28
1435.68 -215.74
1436.16 -233.1
1436.64 -209.56
1437.12 -186.02
1437.6 -162.48
1438.08 -179.85
1438.56 -156.31
1439.04 -173.68
1439.52 -150.14
1440.0 -249.33
1440.48 -225.8
1440.96 -202.26
1441.44 -178.73
1441.92 -196.12
1442.4 -213.5
1442.88 -189.97
1443.36 -248.26
1443.84 -224.73
1444.32 -201.21
1444.8 -218.6
1445.28 -195.08
1445.76 -212.46
1446.24 -229.85
1446.72 -247.25
1447.2 -223.73
1447.68 -200.22
1448.16 -217.61
1448.64 -194.09
1449.12 -170.58
1449.6 -228.89
1450.08 -205.38
1450.56 -181.88
1451.04 -158.37
1451.52 -175.77
1452.0 -234.08
1452.48 -251.48
1452.96 -227.98
1453.44 -204.48
1453.92 -262.8
1454.4 -239.3
1454.88 -215.8
1455.36 -233.21
1455.84 -250.62
1456.32 -227.13
1456.8 -244.55
1457.28 -221.05
1457.76 -238.46
1458.24 -214.97
1458.72 -191.48
1459.2 -167.99
1459.68 -185.42
1460.16 -243.74
1460.64 -220.25
1461.12 -196.77
1461.6 -173.28
1462.08 -190.71
1462.56 -208.13
1463.04 -184.65
1463.52 -242.98
1464.0 -260.41
1464.48 -236.93
1464.96 -213.45
1465.44 -189.98
1465.92 -166.5
1466.4 -143.02
1466.88 -160.45
1467.36 -259.7
1467.84 -236.23
1468.32 -212.76
1468.8 -189.29
1469.28 -165.82
1469.76 -183.26
1470.24 -241.61
1470.72 -259.05
1471.2 -235.59
1471.68 -212.13
1472.16 -188.67
1472.64 -165.21
1473.12 -264.47
1473.6 -241.01
1474.08 -217.55
1474.56 -194.1
1475.04 -170.64
1475.52 -188.1
1476.0 -205.55
1476.48 -182.1
1476.96 -240.47
1477.44 -217.02
1477.92 -234.47
1478.4 -211.02
1478.88 -187.58
1479.36 -245.96
1479.84 -222.51
1480.32 -239.97
1480.8 -216.53
1481.28 -234.01
1481.76 -251.48
1482.24 -228.04
1482.72 -204.61
1483.2 -181.18
1483.68 -157.74
1484.16 -216.12
1484.64 -192.69
1485.12 -210.17
1485.6 -227.65
1486.08 -204.22
1486.56 -180.79
1487.04 -198.28
1487.52 -256.67
1488.0 -233.24
1488.48 -209.82
1488.96 -227.31
1489.44 -203.89
1489.92 -180.48
1490.4 -157.06
1490.88 -133.64
1491.36 -232.95
1491.84 -209.54
1492.32 -186.12
1492.8 -244.52
1493.28 -221.11
1493.76 -238.62
1494.24 -256.12
1494.72 -232.71
1495.2 -209.3
1495.68 -267.71
1496.16 -244.3
1496.64 -220.9
1497.12 -197.49
1497.6 -174.09
1498.08 -232.5
1498.56 -250.01
1499.04 -226.6
1499.52 -244.11
1500.0 -220.71
1500.48 -197.31
1500.96 -173.92
1501.44 -232.33
1501.92 -249.84
1502.4 -226.44
1502.88 -203.05
1503.36 -179.65
1503.84 -197.15
1504.32 -173.76
1504.8 -232.19
1505.28 -208.79
1505.76 -226.3
1506.24 -202.9
1506.72 -220.42
1507.2 -197.03
1507.68 -173.64
1508.16 -150.25
1508.64 -208.66
1509.12 -185.27
1509.6 -161.88
1510.08 -220.31
1510.56 -196.92
1511.04 -214.43
1511.52 -231.96
1512.0 -208.57
1512.48 -226.09
1512.96 -202.71
1513.44 -179.32
1513.92 -237.74
1514.4 -214.36
1514.88 -190.98
1515.36 -167.59
1515.84 -144.21
1516.32 -120.83
1516.8 -220.17
1517.28 -196.79
1517.76 -173.41
1518.24 -190.94
1518.72 -249.37
1519.2 -225.99
1519.68 -243.52
1520.16 -220.15
1520.64 -196.77
1521.12 -173.39
1521.6 -150.02
1522.08 -208.45
1522.56 -225.99
1523.04 -202.62
1523.52 -261.05
1524.0 -237.68
1524.48 -255.22
1524.96 -231.85
1525.44 -249.38
1525.92 -266.92
1526.4 -243.55
1526.88 -220.18
1527.36 -196.81
1527.84 -173.44
1528.32 -150.07
1528.8 -126.7
1529.28 -226.05
1529.76 -243.58
1530.24 -220.21
1530.72 -196.85
1531.2 -173.48
1531.68 -191.02
1532.16 -167.66
1532.64 -144.29
1533.12 -202.74
1533.6 -179.38
1534.08 -196.92
1534.56 -173.56
1535.04 -150.2
1535.52 -208.65
1536.0 -185.29
1536.48 -161.93
1536.96 -138.57
1537.44 -237.93
1537.92 -214.57
1538.4 -232.13
1538.88 -208.77
1539.36 -185.42
1539.84 -243.87
1540.32 -261.43
1540.8 -238.07
1541.28 -214.72
1541.76 -232.28
1542.24 -208.93
1542.72 -185.57
1543.2 -244.03
1543.68 -220.68
1544.16 -197.33
1544.64 -173.98
1545.12 -191.54
1545.6 -250.0
1546.08 -226.66
1546.56 -203.31
1547.04 -179.96
1547.52 -197.51
1548.0 -255.99
1548.48 -232.64
1548.96 -209.3
1549.44 -185.95
1549.92 -244.42
1550.4 -221.08
1550.88 -197.73
1551.36 -174.39
1551.84 -232.86
1552.32 -209.51
1552.8 -186.17
1553.28 -244.65
1553.76 -262.2
1554.24 -238.86
1554.72 -256.43
1555.2 -233.08
1555.68 -209.74
1556.16 -268.21
1556.64 -244.86
1557.12 -221.52
1557.6 -198.17
1558.08 -215.74
1558.56 -192.39
1559.04 -169.04
1559.52 -145.7
1560.0 -122.35
1560.48 -221.72
1560.96 -239.28
1561.44 -215.93
1561.92 -192.58
1562.4 -251.06
1562.88 -227.71
1563.36 -245.26
1563.84 -262.82
1564.32 -239.47
1564.8 -216.12
1565.28 -192.77
1565.76 -251.23
1566.24 -227.88
1566.72 -204.53
1567.2 -263.0
1567.68 -239.65
1568.16 -216.3
1568.64 -233.85
1569.12 -251.4
1569.6 -268.96
1570.08 -245.61
1570.56 -222.26
1571.04 -198.9
1571.52 -175.55
1572.0 -152.2
1572.48 -128.84
1572.96 -105.49
1573.44 -245.75
1573.92 -222.4
1574.4 -199.05
1574.88 -175.69
1575.36 -152.34
1575.84 -128.99
1576.32 -105.63
1576.8 -245.91
1577.28 -222.56
1577.76 -240.11
1578.24 -257.66
1578.72 -234.31
1579.2 -210.96
1579.68 -187.61
1580.16 -164.26
1580.64 -222.72
1581.12 -199.36
1581.6 -176.01
1582.08 -152.66
1582.56 -252.03
1583.04 -228.68
1583.52 -205.33
1584.0 -263.8
1584.48 -240.45
1584.96 -217.1
1585.44 -234.65
1585.92 -211.3
1586.4 -228.85
1586.88 -205.5
1587.36 -182.15
1587.84 -240.61
1588.32 -217.26
1588.8 -193.91
1589.28 -252.38
1589.76 -269.93
1590.24 -246.58
1590.72 -223.22
1591.2 -199.87
1591.68 -176.52
1592.16 -153.16
1592.64 -170.72
1593.12 -147.37
1593.6 -205.82
1594.08 -223.38
1594.56 -200.02
1595.04 -217.58
1595.52 -194.22
1596.0 -211.77
1596.48 -270.23
1596.96 -246.87
1597.44 -223.52
1597.92 -200.16
1598.4 -176.81
1598.88 -194.35
1599.36 -252.82
1599.84 -229.46
1600.32 -247.0
1600.8 -223.65
1601.28 -200.29
1601.76 -217.85
1602.24 -235.4
1602.72 -212.04
1603.2 -188.69
1603.68 -165.33
1604.16 -182.88
1604.64 -159.52
1605.12 -217.98
1605.6 -194.63
1606.08 -171.27
1606.56 -147.92
1607.04 -124.56
1607.52 -264.82
1608.0 -241.47
1608.48 -218.11
1608.96 -194.76
1609.44 -171.4
1609.92 -229.87
1610.4 -206.51
1610.88 -183.16
1611.36 -159.81
1611.84 -136.45
1612.32 -194.91
1612.8 -171.55
1613.28 -148.2
1613.76 -206.65
1614.24 -265.12
1614.72 -241.77
1615.2 -218.42
1615.68 -195.06
1616.16 -253.52
1616.64 -230.17
1617.12 -206.82
1617.6 -183.47
1618.08 -241.93
1618.56 -218.58
1619.04 -195.23
1619.52 -171.88
1620.0 -230.35
1620.48 -247.9
1620.96 -224.56
1621.44 -201.21
1621.92 -177.86
1622.4 -236.34
1622.88 -212.99
1623.36 -230.54
1623.84 -248.11
1624.32 -224.76
1624.8 -201.42
1625.28 -178.07
1625.76 -236.54
1626.24 -213.2
1626.72 -189.85
1627.2 -166.51
1627.68 -143.17
1628.16 -201.64
1628.64 -260.11
1629.12 -236.77
1629.6 -254.34
1630.08 -230.99
1630.56 -207.65
1631.04 -184.31
1631.52 -242.78
1632.0 -219.43
1632.48 -196.09
1632.96 -172.75
1633.44 -149.41
1633.92 -248.79
1634.4 -225.44
1634.88 -243.01
1635.36 -219.67
1635.84 -237.23
1636.32 -213.89
1636.8 -190.55
1637.28 -167.21
1637.76 -225.68
1638.24 -243.25
1638.72 -260.81
1639.2 -237.47
1639.68 -255.03
1640.16 -231.69
1640.64 -249.26
1641.12 -225.92
1641.6 -243.47
1642.08 -261.04
1642.56 -237.69
1643.04 -214.35
1643.52 -191.0
1644.0 -249.46
1644.48 -226.12
1644.96 -243.68
1645.44 -261.24
1645.92 -237.9
1646.4 -214.55
1646.88 -232.1
1647.36 -208.75
1647.84 -185.4
1648.32 -162.05
1648.8 -261.42
1649.28 -238.07
1649.76 -214.72
1650.24 -191.37
1650.72 -208.92
1651.2 -226.48
1651.68 -203.13
1652.16 -179.77
1652.64 -156.42
1653.12 -255.78
1653.6 -232.42
1654.08 -249.97
1654.56 -226.61
1655.04 -203.25
1655.52 -179.89
1656.0 -156.53
1656.48 -174.08
1656.96 -150.72
1657.44 -209.18
1657.92 -185.81
1658.4 -162.45
1658.88 -139.09
1659.36 -115.73
1659.84 -255.98
1660.32 -232.62
1660.8 -209.26
1661.28 -185.89
1661.76 -162.53
1662.24 -261.89
1662.72 -238.53
1663.2 -215.16
1663.68 -191.8
1664.16 -168.44
1664.64 -185.99
1665.12 -203.53
1665.6 -180.17
1666.08 -156.81
1666.56 -133.44
1667.04 -110.08
1667.52 -209.44
1668.0 -226.98
1668.48 -244.52
1668.96 -262.06
1669.44 -238.7
1669.92 -215.34
1670.4 -191.98
1670.88 -209.53
1671.36 -186.17
1671.84 -244.61
1672.32 -221.25
1672.8 -197.89
1673.28 -256.35
1673.76 -232.99
1674.24 -250.53
1674.72 -227.17
1675.2 -203.81
1675.68 -221.36
1676.16 -238.91
1676.64 -215.55
1677.12 -192.19
1677.6 -209.73
1678.08 -227.28
1678.56 -244.83
1679.04 -221.48
1679.52 -198.12
1680.0 -256.57
1680.48 -274.12
1680.96 -250.76
1681.44 -227.4
1681.92 -204.04
1682.4 -180.68
1682.88 -239.13
1683.36 -215.77
1683.84 -233.32
1684.32 -209.96
1684.8 -186.6
1685.28 -163.25
1685.76 -221.7
1686.24 -198.34
1686.72 -256.79
1687.2 -233.43
1687.68 -250.98
1688.16 -268.54
1688.64 -245.18
1689.12 -221.82
1689.6 -239.36
1690.08 -216.01
1690.56 -192.65
1691.04 -169.29
1691.52 -145.94
1692.0 -245.3
1692.48 -221.94
1692.96 -239.5
1693.44 -257.05
1693.92 -233.7
1694.4 -210.34
1694.88 -186.98
1695.36 -163.63
1695.84 -140.27
1696.32 -157.81
1696.8 -175.37
1697.28 -152.01
1697.76 -128.65
1698.24 -187.1
1698.72 -163.75
1699.2 -263.11
1699.68 -239.76
1700.16 -216.4
1700.64 -193.05
1701.12 -210.6
1701.6 -187.25
1702.08 -163.89
1702.56 -140.54
1703.04 -239.91
1703.52 -257.45
1704.0 -234.1
1704.48 -251.66
1704.96 -269.22
1705.44 -245.87
1705.92 -222.51
1706.4 -199.16
1706.88 -257.62
1707.36 -234.27
1707.84 -251.83
1708.32 -228.47
1708.8 -205.12
1709.28 -181.77
1709.76 -240.23
1710.24 -257.79
1710.72 -234.44
1711.2 -251.98
1711.68 -228.63
1712.16 -246.19
1712.64 -222.84
1713.12 -199.49
1713.6 -176.14
1714.08 -193.69
1714.56 -170.34
1715.04 -187.89
1715.52 -164.53
1716.0 -141.18
1716.48 -240.55
1716.96 -217.19
1717.44 -193.84
1717.92 -252.31
1718.4 -228.95
1718.88 -205.6
1719.36 -223.15
1719.84 -199.79
1720.32 -176.44
1720.8 -153.09
1721.28 -170.64
1721.76 -188.2
1722.24 -246.66
1722.72 -223.3
1723.2 -199.95
1723.68 -258.41
1724.16 -235.06
1724.64 -211.7
1725.12 -188.35
1725.6 -246.82
1726.08 -223.47
1726.56 -241.02
1727.04 -217.66
1727.52 -235.22
1728.0 -211.87
1728.48 -229.43
1728.96 -206.08
1729.44 -264.54
1729.92 -241.18
1730.4 -217.83
1730.88 -276.29
1731.36 -252.93
1731.84 -270.49
1732.32 -247.13
1732.8 -223.78
1733.28 -200.42
1733.76 -177.06
1734.24 -194.61
1734.72 -212.15
1735.2 -270.62
1735.68 -247.25
1736.16 -223.89
1736.64 -200.53
1737.12 -218.07
1737.6 -194.71
1738.08 -171.35
1738.56 -188.89
1739.04 -165.53
1739.52 -223.97
1740.0 -200.61
1740.48 -259.07
1740.96 -235.7
1741.44 -212.33
1741.92 -229.87
1742.4 -206.5
1742.88 -183.14
1743.36 -241.59
1743.84 -259.12
1744.32 -276.67
1744.8 -253.3
1745.28 -229.93
1745.76 -206.56
1746.24 -183.19
1746.72 -200.74
1747.2 -218.27
1747.68 -235.81
1748.16 -212.44
1748.64 -270.88
1749.12 -247.51
1749.6 -224.13
1750.08 -200.76
1750.56 -259.21
1751.04 -235.84
1751.52 -212.47
1752.0 -189.09
1752.48 -247.53
1752.96 -224.16
1753.44 -241.69
1753.92 -218.32
1754.4 -276.75
1754.88 -253.38
1755.36 -230.0
1755.84 -206.62
1756.32 -183.25
1756.8 -241.69
1757.28 -218.31
1757.76 -235.83
1758.24 -253.37
1758.72 -229.99
1759.2 -206.61
1759.68 -183.23
1760.16 -159.86
1760.64 -259.2
1761.12 -235.82
1761.6 -253.35
1762.08 -229.97
1762.56 -206.6
1763.04 -183.22
1763.52 -200.74
1764.0 -218.27
1764.48 -194.9
1764.96 -253.33
1765.44 -229.95
1765.92 -247.48
1766.4 -224.11
1766.88 -200.73
1767.36 -177.35
1767.84 -276.7
1768.32 -253.32
1768.8 -229.94
1769.28 -247.48
1769.76 -265.0
1770.24 -241.62
1770.72 -218.25
1771.2 -194.87
1771.68 -253.31
1772.16 -229.93
1772.64 -247.46
1773.12 -224.08
1773.6 -241.61
1774.08 -218.23
1774.56 -194.85
1775.04 -171.47
1775.52 -148.09
1776.0 -124.71
1776.48 -142.24
1776.96 -118.86
1777.44 -95.47
1777.92 -235.71
1778.4 -212.33
1778.88 -229.86
1779.36 -206.47
1779.84 -183.09
1780.32 -159.71
1780.8 -136.32
1781.28 -235.66
1781.76 -212.28
1782.24 -188.89
1782.72 -165.51
1783.2 -183.03
1783.68 -200.55
1784.16 -177.17
1784.64 -153.78
1785.12 -253.12
1785.6 -270.65
1786.08 -247.26
1786.56 -223.88
1787.04 -200.5
1787.52 -177.11
1788.0 -153.73
1788.48 -171.26
1788.96 -147.88
1789.44 -247.22
1789.92 -223.83
1790.4 -200.45
1790.88 -217.97
1791.36 -194.59
1791.84 -212.12
1792.32 -188.74
1792.8 -165.37
1793.28 -264.71
1793.76 -241.33
1794.24 -217.95
1794.72 -194.57
1795.2 -212.11
1795.68 -188.73
1796.16 -206.27
1796.64 -264.7
1797.12 -241.33
1797.6 -217.95
1798.08 -276.39
1798.56 -253.01
1799.04 -229.64
1799.52 -206.27
1800.0 -264.72
1800.48 -241.35
1800.96 -217.98
1801.44 -194.61
1801.92 -171.24
1802.4 -270.59
1802.88 -247.22
1803.36 -223.85
1803.84 -200.48
1804.32 -258.92
1804.8 -235.55
1805.28 -253.09
1805.76 -229.73
1806.24 -247.26
1806.72 -223.89
1807.2 -200.53
1807.68 -218.07
1808.16 -194.71
1808.64 -171.34
1809.12 -147.97
1809.6 -206.42
1810.08 -264.88
1810.56 -241.51
1811.04 -218.15
1811.52 -194.78
1812.0 -171.42
1812.48 -148.06
1812.96 -206.51
1813.44 -224.04
1813.92 -200.68
1814.4 -177.32
1814.88 -194.86
1815.36 -171.5
1815.84 -189.05
1816.32 -165.69
1816.8 -224.13
1817.28 -241.68
1817.76 -218.32
1818.24 -235.85
1818.72 -212.49
1819.2 -189.13
1819.68 -247.58
1820.16 -224.22
1820.64 -200.86
1821.12 -218.39
1821.6 -195.03
1822.08 -212.58
1822.56 -189.21
1823.04 -165.85
1823.52 -183.4
1824.0 -160.04
1824.48 -259.4
1824.96 -236.04
1825.44 -253.57
1825.92 -230.21
1826.4 -206.85
1826.88 -265.3
1827.36 -241.95
1827.84 -218.59
1828.32 -195.23
1828.8 -212.78
1829.28 -189.42
1829.76 -166.07
1830.24 -142.71
1830.72 -242.07
1831.2 -218.72
1831.68 -277.17
1832.16 -253.82
1832.64 -230.46
1833.12 -207.1
1833.6 -224.66
1834.08 -242.21
1834.56 -218.86
1835.04 -195.5
1835.52 -172.14
1836.0 -148.79
1836.48 -207.24
1836.96 -224.8
1837.44 -201.44
1837.92 -218.98
1838.4 -195.62
1838.88 -172.27
1839.36 -148.91
1839.84 -248.27
1840.32 -224.92
1840.8 -201.56
1841.28 -260.01
1841.76 -236.65
1842.24 -213.3
1842.72 -189.94
1843.2 -166.58
1843.68 -184.14
1844.16 -160.78
1844.64 -137.42
1845.12 -236.79
1845.6 -213.43
1846.08 -190.08
1846.56 -248.53
1847.04 -225.18
1847.52 -201.82
1848.0 -219.38
1848.48 -236.94
1848.96 -254.48
1849.44 -231.13
1849.92 -207.78
1850.4 -184.43
1850.88 -242.9
1851.36 -219.55
1851.84 -196.2
1852.32 -254.66
1852.8 -231.31
1853.28 -207.96
1853.76 -184.61
1854.24 -202.17
1854.72 -219.72
1855.2 -196.37
1855.68 -254.83
1856.16 -231.48
1856.64 -208.13
1857.12 -266.6
1857.6 -243.26
1858.08 -219.91
1858.56 -196.56
1859.04 -173.21
1859.52 -149.86
1860.0 -167.41
1860.48 -266.79
1860.96 -243.44
1861.44 -261.0
1861.92 -237.66
1862.4 -214.31
1862.88 -272.77
1863.36 -249.43
1863.84 -226.08
1864.32 -202.74
1864.8 -179.39
1865.28 -156.05
1865.76 -173.62
1866.24 -232.08
1866.72 -208.74
1867.2 -185.4
1867.68 -162.05
1868.16 -261.43
1868.64 -238.09
1869.12 -214.75
1869.6 -191.41
1870.08 -168.07
1870.56 -144.73
1871.04 -121.39
1871.52 -261.68
1872.0 -238.35
1872.48 -215.01
1872.96 -232.57
1873.44 -209.24
1873.92 -185.9
1874.4 -244.39
1874.88 -221.06
1875.36 -197.72
1875.84 -174.39
1876.32 -232.87
1876.8 -209.54
1877.28 -186.21
1877.76 -244.69
1878.24 -221.36
1878.72 -238.94
1879.2 -215.61
1879.68 -274.09
1880.16 -250.76
1880.64 -268.35
1881.12 -245.02
1881.6 -221.7
1882.08 -198.37
1882.56 -215.96
1883.04 -233.53
1883.52 -251.12
1884.0 -227.79
1884.48 -204.47
1884.96 -262.95
1885.44 -239.63
1885.92 -257.22
1886.4 -233.89
1886.88 -210.57
1887.36 -187.25
1887.84 -163.92
1888.32 -222.41
1888.8 -199.09
1889.28 -175.77
1889.76 -275.16
1890.24 -251.84
1890.72 -228.52
1891.2 -205.2
1891.68 -222.79
1892.16 -240.37
1892.64 -257.95
1893.12 -234.63
1893.6 -252.22
1894.08 -228.9
1894.56 -205.58
1895.04 -182.26
1895.52 -158.94
1896.0 -176.53
1896.48 -235.02
1896.96 -211.7
1897.44 -270.19
1897.92 -246.87
1898.4 -264.46
1898.88 -241.14
1899.36 -217.82
1899.84 -276.31
1900.32 -252.99
1900.8 -229.67
1901.28 -206.35
1901.76 -223.93
1902.24 -200.61
1902.72 -177.29
1903.2 -194.87
1903.68 -212.45
1904.16 -189.13
1904.64 -247.61
1905.12 -224.29
1905.6 -200.96
1906.08 -218.55
1906.56 -277.03
1907.04 -253.71
1907.52 -230.38
1908.0 -247.96
1908.48 -224.63
1908.96 -201.3
1909.44 -259.78
1909.92 -236.45
1910.4 -213.12
1910.88 -189.79
1911.36 -166.46
1911.84 -143.12
1912.32 -119.79
1912.8 -219.18
1913.28 -277.66
1913.76 -254.33
1914.24 -230.99
1914.72 -248.56
1915.2 -266.13
1915.68 -242.8
1916.16 -260.37
1916.64 -237.03
1917.12 -254.59
1917.6 -231.25
1918.08 -248.82
1918.56 -225.48
1919.04 -243.04
1919.52 -219.7
1920.0 -237.26
1920.48 -213.92
1920.96 -190.58
1921.44 -249.04
1921.92 -225.69
1922.4 -202.35
1922.88 -179.0
1923.36 -196.56
1923.84 -173.21
1924.32 -272.59
1924.8 -249.24
1925.28 -266.8
1925.76 -243.45
1926.24 -220.1
1926.72 -196.74
1927.2 -255.2
1927.68 -231.85
1928.16 -208.5
1928.64 -185.14
1929.12 -161.79
1929.6 -138.44
1930.08 -115.08
1930.56 -214.45
1931.04 -272.9
1931.52 -249.55
1932.0 -226.19
1932.48 -202.84
1932.96 -261.3
1933.44 -237.95
1933.92 -214.59
1934.4 -232.14
1934.88 -208.78
1935.36 -267.25
1935.84 -243.89
1936.32 -220.53
1936.8 -238.08
1937.28 -214.72
1937.76 -191.36
1938.24 -168.0
1938.72 -144.65
1939.2 -162.2
1939.68 -138.84
1940.16 -279.11
1940.64 -255.75
1941.12 -273.3
1941.6 -249.94
1942.08 -226.58
1942.56 -203.22
1943.04 -261.69
1943.52 -238.33
1944.0 -214.97
1944.48 -191.61
1944.96 -168.26
1945.44 -144.9
1945.92 -121.54
1946.4 -261.8
1946.88 -238.45
1947.36 -215.09
1947.84 -191.73
1948.32 -250.19
1948.8 -226.84
1949.28 -203.48
1949.76 -261.93
1950.24 -238.57
1950.72 -215.22
1951.2 -191.86
1951.68 -250.31
1952.16 -226.95
1952.64 -244.51
1953.12 -262.06
1953.6 -279.6
1954.08 -256.24
1954.56 -273.79
1955.04 -250.44
1955.52 -227.08
1956.0 -244.63
1956.48 -221.27
1956.96 -238.81
1957.44 -215.45
1957.92 -192.09
1958.4 -168.72
1958.88 -186.27
1959.36 -244.72
1959.84 -262.27
1960.32 -238.91
1960.8 -215.54
1961.28 -192.18
1961.76 -168.82
1962.24 -186.36
1962.72 -203.9
1963.2 -262.36
1963.68 -238.99
1964.16 -215.63
1964.64 -233.16
1965.12 -209.79
1965.6 -227.34
1966.08 -203.97
1966.56 -180.6
1967.04 -239.04
1967.52 -256.58
1968.0 -274.12
1968.48 -250.75
1968.96 -227.38
1969.44 -204.01
1969.92 -180.64
1970.4 -198.17
1970.88 -256.62
1971.36 -233.24
1971.84 -209.87
1972.32 -186.5
1972.8 -163.12
1973.28 -221.56
1973.76 -198.19
1974.24 -174.81
1974.72 -233.25
1975.2 -209.88
1975.68 -268.31
1976.16 -244.94
1976.64 -262.47
1977.12 -239.1
1977.6 -215.72
1978.08 -233.26
1978.56 -209.88
1979.04 -186.51
1979.52 -163.13
1980.0 -139.75
1980.48 -239.1
1980.96 -256.62
1981.44 -233.24
1981.92 -250.77
1982.4 -227.4
1982.88 -244.93
1983.36 -262.45
1983.84 -239.07
1984.32 -215.69
1984.8 -192.3
1985.28 -168.92
1985.76 -227.36
1986.24 -203.98
1986.72 -180.59
1987.2 -157.21
1987.68 -133.82
1988.16 -110.44
1988.64 -209.77
1989.12 -186.38
1989.6 -244.81
1990.08 -221.42
1990.56 -198.03
1991.04 -174.64
1991.52 -233.06
1992.0 -209.68
1992.48 -268.11
1992.96 -244.72
1993.44 -221.33
1993.92 -279.75
1994.4 -256.36
1994.88 -232.97
1995.36 -250.49
1995.84 -227.1
1996.32 -203.72
1996.8 -221.23
1997.28 -279.66
1997.76 -256.27
1998.24 -232.87
1998.72 -209.48
1999.2 -226.99
1999.68 -203.6
2000.16 -221.12
2000.64 -197.73
2001.12 -174.34
2001.6 -232.76
2002.08 -209.37
2002.56 -185.98
2003.04 -162.59
2003.52 -139.2
2004.0 -279.44
2004.48 -256.05
2004.96 -232.66
2005.44 -209.27
2005.92 -226.8
2006.4 -244.31
2006.88 -261.83
2007.36 -238.44
2007.84 -215.06
2008.32 -232.58
2008.8 -250.09
2009.28 -226.71
2009.76 -203.32
2010.24 -220.84
2010.72 -197.46
2011.2 -255.88
2011.68 -273.41
2012.16 -250.02
2012.64 -226.63
2013.12 -203.25
2013.6 -261.67
2014.08 -238.28
2014.56 -214.9
2015.04 -191.51
2015.52 -249.93
2016.0 -267.46
2016.48 -244.07
2016.96 -261.59
2017.44 -238.21
2017.92 -214.82
2018.4 -232.33
2018.88 -208.95
2019.36 -226.47
2019.84 -243.99
2020.32 -220.6
2020.8 -279.02
2021.28 -255.64
2021.76 -232.25
2022.24 -208.86
2022.72 -185.47
2023.2 -162.08
2023.68 -220.5
2024.16 -197.11
2024.64 -173.73
2025.12 -150.34
2025.6 -249.67
2026.08 -226.28
2026.56 -202.89
2027.04 -261.32
2027.52 -237.93
2028.0 -255.44
2028.48 -232.05
2028.96 -249.57
2029.44 -226.19
2029.92 -202.8
2030.4 -179.41
2030.88 -156.02
2031.36 -255.35
2031.84 -231.96
2032.32 -208.57
2032.8 -226.09
2033.28 -243.6
2033.76 -220.21
2034.24 -278.64
2034.72 -255.25
2035.2 -231.87
2035.68 -208.48
2036.16 -225.99
2036.64 -202.6
2037.12 -179.21
2037.6 -237.64
2038.08 -214.25
2038.56 -190.86
2039.04 -167.47
2039.52 -144.08
2040.0 -120.69
2040.48 -97.3
2040.96 -278.44
2041.44 -255.05
2041.92 -272.57
2042.4 -249.18
2042.88 -225.79
2043.36 -202.4
2043.84 -219.92
2044.32 -196.53
2044.8 -254.96
2045.28 -272.47
2045.76 -249.09
2046.24 -266.61
2046.72 -243.23
2047.2 -219.84
2047.68 -196.46
2048.16 -173.07
2048.64 -272.41
2049.12 -249.02
2049.6 -225.64
2050.08 -202.26
2050.56 -260.68
2051.04 -237.3
2051.52 -213.92
2052.0 -231.44
2052.48 -208.06
2052.96 -184.68
2053.44 -161.3
2053.92 -260.63
2054.4 -237.25
2054.88 -213.87
2055.36 -231.4
2055.84 -208.02
2056.32 -184.64
2056.8 -161.26
2057.28 -137.88
2057.76 -237.21
2058.24 -213.83
2058.72 -231.36
2059.2 -207.98
2059.68 -184.6
2060.16 -161.22
2060.64 -260.56
2061.12 -237.18
2061.6 -213.8
2062.08 -190.42
2062.56 -167.04
2063.04 -266.38
2063.52 -243.0
2064.0 -219.62
2064.48 -196.24
2064.96 -172.86
2065.44 -231.29
2065.92 -207.91
2066.4 -225.44
2066.88 -202.06
2067.36 -178.69
2067.84 -155.31
2068.32 -254.65
2068.8 -231.27
2069.28 -207.9
2069.76 -266.33
2070.24 -242.95
2070.72 -219.58
2071.2 -237.11
2071.68 -213.73
2072.16 -190.36
2072.64 -207.89
2073.12 -184.51
2073.6 -202.04
2074.08 -260.47
2074.56 -278.0
2075.04 -254.63
2075.52 -231.25
2076.0 -207.87
2076.48 -266.3
2076.96 -242.93
2077.44 -219.55
2077.92 -196.17
2078.4 -254.61
2078.88 -272.13
2079.36 -248.75
2079.84 -225.37
2080.32 -202.0
2080.8 -178.62
2081.28 -237.06
2081.76 -213.68
2082.24 -231.2
2082.72 -248.73
2083.2 -266.26
2083.68 -242.88
2084.16 -260.4
2084.64 -237.02
2085.12 -254.55
2085.6 -231.17
2086.08 -248.7
2086.56 -266.22
2087.04 -242.83
2087.52 -219.45
2088.0 -196.07
2088.48 -172.69
2088.96 -231.13
2089.44 -248.64
2089.92 -225.26
2090.4 -201.88
2090.88 -260.32
2091.36 -236.93
2091.84 -213.55
2092.32 -231.06
2092.8 -207.68
2093.28 -184.3
2093.76 -242.73
2094.24 -219.35
2094.72 -236.86
2095.2 -213.48
2095.68 -190.09
2096.16 -166.71
2096.64 -266.04
2097.12 -242.66
2097.6 -260.18
2098.08 -236.79
2098.56 -254.31
2099.04 -271.83
2099.52 -248.45
2100.0 -265.97
2100.48 -242.58
2100.96 -219.2
2101.44 -277.62
2101.92 -254.23
2102.4 -230.84
2102.88 -207.45
2103.36 -184.06
2103.84 -242.48
2104.32 -219.09
2104.8 -195.7
2105.28 -254.13
2105.76 -230.74
2106.24 -207.35
2106.72 -224.86
2107.2 -201.46
2107.68 -178.07
2108.16 -236.5
2108.64 -213.11
2109.12 -189.71
2109.6 -166.32
2110.08 -142.93
2110.56 -119.53
2111.04 -218.86
2111.52 -277.27
2112.0 -253.88
2112.48 -230.49
2112.96 -248.0
2113.44 -224.61
2113.92 -201.22
2114.4 -218.72
2114.88 -195.33
2115.36 -212.85
2115.84 -271.26
2116.32 -247.87
2116.8 -224.48
2117.28 -201.09
2117.76 -177.69
2118.24 -154.3
2118.72 -253.63
2119.2 -230.23
2119.68 -206.84
2120.16 -183.44
2120.64 -282.77
2121.12 -259.38
2121.6 -235.98
2122.08 -253.5
2122.56 -271.02
2123.04 -247.62
2123.52 -224.23
2124.0 -241.73
2124.48 -218.34
2124.96 -194.94
2125.44 -171.55
2125.92 -229.97
2126.4 -247.48
2126.88 -224.08
2127.36 -200.69
2127.84 -177.29
2128.32 -194.81
2128.8 -253.22
2129.28 -229.82
2129.76 -206.43
2130.24 -223.94
2130.72 -200.55
2131.2 -258.96
2131.68 -235.56
2132.16 -212.17
2132.64 -229.68
2133.12 -206.28
2133.6 -264.69
2134.08 -241.3
2134.56 -258.81
2135.04 -235.41
2135.52 -252.92
2136.0 -229.52
2136.48 -206.12
2136.96 -264.53
2137.44 -241.13
2137.92 -217.73
2138.4 -235.24
2138.88 -252.74
2139.36 -229.34
2139.84 -246.85
2140.32 -223.45
2140.8 -200.05
2141.28 -217.56
2141.76 -235.06
2142.24 -211.66
2142.72 -229.16
2143.2 -205.76
2143.68 -182.36
2144.16 -281.68
2144.64 -258.28
2145.12 -234.87
2145.6 -252.38
2146.08 -228.98
2146.56 -205.58
2147.04 -182.17
2147.52 -199.67
2148.0 -176.27
2148.48 -234.69
2148.96 -211.29
2149.44 -269.69
2149.92 -246.29
2150.4 -263.8
2150.88 -240.4
2151.36 -216.99
2151.84 -275.4
2152.32 -252.0
2152.8 -228.59
2153.28 -205.19
2153.76 -181.78
2154.24 -240.19
2154.72 -257.7
2155.2 -234.29
2155.68 -210.89
2156.16 -228.39
2156.64 -204.99
2157.12 -263.39
2157.6 -239.99
2158.08 -216.58
2158.56 -193.18
2159.04 -251.58
2159.52 -269.09
2160.0 -245.68
2160.48 -222.28
2160.96 -198.87
2161.44 -216.37
2161.92 -233.87
2162.4 -210.46
2162.88 -187.05
2163.36 -245.46
2163.84 -262.95
2164.32 -239.54
2164.8 -257.04
2165.28 -233.63
2165.76 -210.22
2166.24 -186.81
2166.72 -163.4
2167.2 -221.81
2167.68 -239.3
2168.16 -215.88
2168.64 -192.47
2169.12 -209.97
2169.6 -227.47
2170.08 -244.95
2170.56 -262.45
2171.04 -239.04
2171.52 -256.53
2172.0 -233.12
2172.48 -250.61
2172.96 -227.19
2173.44 -203.78
2173.92 -180.36
2174.4 -238.76
2174.88 -215.35
2175.36 -191.93
2175.84 -168.51
2176.32 -145.09
2176.8 -244.39
2177.28 -220.98
2177.76 -238.46
2178.24 -255.95
2178.72 -232.53
2179.2 -209.11
2179.68 -226.6
2180.16 -244.07
2180.64 -261.56
2181.12 -238.14
2181.6 -214.71
2182.08 -191.29
2182.56 -167.86
2183.04 -144.44
2183.52 -121.01
2184.0 -97.58
2184.48 -237.78
2184.96 -214.35
2185.44 -272.73
2185.92 -249.3
2186.4 -266.78
2186.88 -243.35
2187.36 -219.92
2187.84 -196.49
2188.32 -173.06
2188.8 -149.63
2189.28 -248.92
2189.76 -225.48
2190.24 -202.05
2190.72 -260.43
2191.2 -237.0
2191.68 -213.56
2192.16 -190.13
2192.64 -166.7
2193.12 -143.26
2193.6 -160.74
2194.08 -219.11
2194.56 -236.59
2195.04 -213.16
2195.52 -230.63
2196.0 -207.2
2196.48 -183.77
2196.96 -160.34
2197.44 -259.62
2197.92 -236.19
2198.4 -253.66
2198.88 -230.23
2199.36 -206.8
2199.84 -265.18
2200.32 -241.75
2200.8 -218.32
2201.28 -235.79
2201.76 -253.27
2202.24 -270.75
2202.72 -247.32
2203.2 -223.89
2203.68 -241.36
2204.16 -217.93
2204.64 -194.5
2205.12 -171.07
2205.6 -147.64
2206.08 -206.03
2206.56 -182.6
2207.04 -200.07
2207.52 -217.55
2208.0 -235.03
2208.48 -252.5
2208.96 -229.07
2209.44 -205.65
2209.92 -182.22
2210.4 -158.79
2210.88 -176.27
2211.36 -234.66
2211.84 -252.14
2212.32 -228.71
2212.8 -246.19
2213.28 -222.77
2213.76 -240.24
2214.24 -216.81
2214.72 -234.3
2215.2 -210.87
2215.68 -187.44
2216.16 -245.83
2216.64 -222.4
2217.12 -198.98
2217.6 -175.55
2218.08 -152.13
2218.56 -251.42
2219.04 -228.0
2219.52 -204.58
2220.0 -181.15
2220.48 -198.64
2220.96 -257.03
2221.44 -233.61
2221.92 -210.19
2222.4 -227.67
2222.88 -204.25
2223.36 -262.64
2223.84 -239.22
2224.32 -215.8
2224.8 -233.29
2225.28 -209.87
2225.76 -268.26
2226.24 -244.84
2226.72 -221.42
2227.2 -198.0
2227.68 -174.58
2228.16 -232.98
2228.64 -250.46
2229.12 -227.04
2229.6 -203.62
2230.08 -180.2
2230.56 -156.77
2231.04 -174.26
2231.52 -191.75
2232.0 -168.33
2232.48 -144.91
2232.96 -203.3
2233.44 -179.88
2233.92 -197.37
2234.4 -255.76
2234.88 -273.25
2235.36 -249.83
2235.84 -226.41
2236.32 -202.99
2236.8 -261.39
2237.28 -237.97
2237.76 -214.55
2238.24 -191.13
2238.72 -167.71
2239.2 -144.3
2239.68 -120.88
2240.16 -97.46
2240.64 -114.96
2241.12 -91.54
2241.6 -68.12
2242.08 -249.24
2242.56 -225.82
2243.04 -202.41
2243.52 -260.81
2244.0 -237.4
2244.48 -213.98
2244.96 -190.57
2245.44 -208.07
2245.92 -184.66
2246.4 -161.26
2246.88 -219.66
2247.36 -196.25
2247.84 -213.75
2248.32 -190.35
2248.8 -248.75
2249.28 -225.35
2249.76 -201.94
2250.24 -219.45
2250.72 -236.96
2251.2 -213.56
2251.68 -190.16
2252.16 -248.57
2252.64 -225.17
2253.12 -201.77
2253.6 -260.19
2254.08 -236.8
2254.56 -254.3
2255.04 -230.9
2255.52 -207.51
2256.0 -184.11
2256.48 -160.72
2256.96 -137.32
2257.44 -195.75
2257.92 -254.17
2258.4 -230.78
2258.88 -207.39
2259.36 -183.99
2259.84 -201.51
2260.32 -219.03
2260.8 -236.55
2261.28 -254.07
2261.76 -230.68
2262.24 -248.19
2262.72 -224.8
2263.2 -242.33
2263.68 -218.94
2264.16 -195.55
2264.64 -213.07
2265.12 -230.59
2265.6 -207.2
2266.08 -183.81
2266.56 -160.43
2267.04 -137.04
2267.52 -195.48
2268.0 -253.9
2268.48 -230.52
2268.96 -207.13
2269.44 -183.75
2269.92 -160.36
2270.4 -177.89
2270.88 -236.31
2271.36 -212.93
2271.84 -189.55
2272.32 -247.99
2272.8 -224.61
2273.28 -201.23
2273.76 -177.85
2274.24 -195.37
2274.72 -212.9
2275.2 -189.52
2275.68 -166.14
2276.16 -224.57
2276.64 -201.2
2277.12 -177.82
2277.6 -154.44
2278.08 -131.07
2278.56 -107.69
2279.04 -247.95
2279.52 -224.57
2280.0 -201.2
2280.48 -218.74
2280.96 -236.27
2281.44 -212.9
2281.92 -189.53
2282.4 -247.98
2282.88 -224.61
2283.36 -242.14
2283.84 -218.78
2284.32 -195.41
2284.8 -172.04
2285.28 -230.5
2285.76 -207.13
2286.24 -265.58
2286.72 -242.21
2287.2 -218.85
2287.68 -236.4
2288.16 -213.04
2288.64 -230.58
2289.12 -207.22
2289.6 -183.86
2290.08 -242.31
2290.56 -218.95
2291.04 -195.6
2291.52 -213.15
2292.0 -230.69
2292.48 -207.33
2292.96 -183.98
2293.44 -201.53
2293.92 -178.17
2294.4 -154.82
2294.88 -254.18
2295.36 -230.83
2295.84 -207.48
2296.32 -184.12
2296.8 -160.77
2297.28 -137.42
2297.76 -236.79
2298.24 -213.44
2298.72 -190.09
2299.2 -207.65
2299.68 -184.3
2300.16 -242.76
2300.64 -219.41
2301.12 -236.97
2301.6 -213.63
2302.08 -190.28
2302.56 -248.74
2303.04 -225.4
2303.52 -242.96
2304.0 -219.62
2304.48 -196.27
2304.96 -254.74
2305.44 -231.39
2305.92 -208.05
2306.4 -184.7
2306.88 -161.36
2307.36 -260.74
2307.84 -237.39
2308.32 -214.05
2308.8 -190.71
2309.28 -249.19
2309.76 -225.84
2310.24 -202.5
2310.72 -220.06
2311.2 -196.72
2311.68 -173.38
2312.16 -150.04
2312.64 -167.61
2313.12 -185.17
2313.6 -243.64
2314.08 -220.3
2314.56 -196.96
2315.04 -173.62
2315.52 -273.0
2316.0 -249.66
2316.48 -226.32
2316.96 -243.9
2317.44 -220.56
2317.92 -197.22
2318.4 -173.88
2318.88 -191.45
2319.36 -168.12
2319.84 -144.78
2320.32 -121.44
2320.8 -98.11
2321.28 -156.58
2321.76 -255.97
2322.24 -232.63
2322.72 -250.21
2323.2 -226.88
2323.68 -203.55
2324.16 -180.22
2324.64 -238.7
2325.12 -215.37
2325.6 -192.04
2326.08 -250.54
2326.56 -227.21
2327.04 -203.88
2327.52 -180.56
2328.0 -239.04
2328.48 -215.72
2328.96 -192.39
2329.44 -250.88
2329.92 -227.56
2330.4 -204.23
2330.88 -262.73
2331.36 -239.41
2331.84 -256.99
2332.32 -233.67
2332.8 -210.35
2333.28 -268.85
2333.76 -245.53
2334.24 -222.21
2334.72 -198.89
2335.2 -257.38
2335.68 -274.97
2336.16 -251.65
2336.64 -228.33
2337.12 -205.01
2337.6 -263.5
2338.08 -240.18
2338.56 -216.86
2339.04 -193.55
2339.52 -170.23
2340.0 -228.73
2340.48 -205.41
2340.96 -182.09
2341.44 -158.78
2341.92 -258.18
2342.4 -234.86
2342.88 -211.54
2343.36 -229.13
2343.84 -205.81
2344.32 -182.49
2344.8 -159.18
2345.28 -217.68
2345.76 -194.37
2346.24 -211.95
2346.72 -270.46
2347.2 -247.14
2347.68 -223.83
2348.16 -241.41
2348.64 -259.01
2349.12 -235.69
2349.6 -212.38
2350.08 -189.06
2350.56 -206.66
2351.04 -183.35
2351.52 -160.03
2352.0 -259.44
2352.48 -236.12
2352.96 -253.71
2353.44 -230.4
2353.92 -248.0
2354.4 -224.68
2354.88 -201.37
2355.36 -218.97
2355.84 -195.65
2356.32 -172.34
2356.8 -271.75
2357.28 -248.43
2357.76 -266.02
2358.24 -242.71
2358.72 -219.39
2359.2 -196.08
2359.68 -213.68
2360.16 -190.36
2360.64 -248.86
2361.12 -225.54
2361.6 -243.14
2362.08 -219.82
2362.56 -196.5
2363.04 -173.19
2363.52 -272.59
2364.0 -249.27
2364.48 -266.86
2364.96 -243.55
2365.44 -220.23
2365.92 -196.91
2366.4 -214.49
2366.88 -191.17
2367.36 -167.85
2367.84 -185.44
2368.32 -243.93
2368.8 -220.61
2369.28 -238.2
2369.76 -214.87
2370.24 -191.55
2370.72 -250.03
2371.2 -267.62
2371.68 -244.29
2372.16 -261.87
2372.64 -238.54
2373.12 -215.21
2373.6 -191.88
2374.08 -168.55
2374.56 -227.03
2375.04 -203.7
2375.52 -221.27
2376.0 -238.84
2376.48 -215.5
2376.96 -192.17
2377.44 -250.65
2377.92 -227.31
2378.4 -244.88
2378.88 -221.54
2379.36 -198.2
2379.84 -256.68
2380.32 -233.34
2380.8 -210.0
2381.28 -227.56
2381.76 -204.22
2382.24 -180.88
2382.72 -157.54
2383.2 -216.01
2383.68 -192.67
2384.16 -251.14
2384.64 -227.79
2385.12 -204.45
2385.6 -181.11
2386.08 -198.67
2386.56 -175.33
2387.04 -151.98
2387.52 -210.45
2388.0 -187.1
2388.48 -204.67
2388.96 -222.22
2389.44 -239.79
2389.92 -257.35
2390.4 -234.01
2390.88 -251.56
2391.36 -228.22
2391.84 -204.87
2392.32 -181.53
2392.8 -240.0
2393.28 -216.66
2393.76 -193.31
2394.24 -169.97
2394.72 -269.34
2395.2 -246.0
2395.68 -222.65
2396.16 -199.3
2396.64 -257.77
2397.12 -234.42
2397.6 -211.07
2398.08 -187.73
2398.56 -164.38
2399.04 -141.03
2399.52 -158.59
2400.0 -135.25
2400.48 -111.9
2400.96 -252.17
2401.44 -228.82
2401.92 -246.39
2402.4 -223.04
2402.88 -199.69
2403.36 -176.35
2403.84 -234.81
2404.32 -252.37
2404.8 -229.03
2405.28 -205.68
2405.76 -223.24
2406.24 -199.89
2406.72 -258.36
2407.2 -275.92
2407.68 -252.57
2408.16 -229.22
2408.64 -205.87
2409.12 -182.52
2409.6 -159.18
2410.08 -258.55
2410.56 -235.2
2411.04 -211.85
2411.52 -270.32
2412.0 -246.97
2412.48 -223.62
2412.96 -241.17
2413.44 -258.73
2413.92 -235.38
2414.4 -252.94
2414.88 -229.58
2415.36 -206.23
2415.84 -223.78
2416.32 -200.43
2416.8 -258.89
2417.28 -235.54
2417.76 -253.09
2418.24 -270.64
2418.72 -247.29
2419.2 -223.93
2419.68 -200.58
2420.16 -218.13
2420.64 -276.59
2421.12 -253.23
2421.6 -229.87
2422.08 -206.51
2422.56 -264.96
2423.04 -241.6
2423.52 -218.24
2424.0 -235.79
2424.48 -212.43
2424.96 -189.07
2425.44 -247.52
2425.92 -224.15
2426.4 -241.7
2426.88 -218.33
2427.36 -194.97
2427.84 -171.6
2428.32 -230.05
2428.8 -247.59
2429.28 -224.22
2429.76 -200.85
2430.24 -177.48
2430.72 -154.12
2431.2 -130.75
2431.68 -271.01
2432.16 -247.64
2432.64 -265.17
2433.12 -241.8
2433.6 -218.42
2434.08 -235.96
2434.56 -212.59
2435.04 -189.22
2435.52 -165.85
2436.0 -265.19
2436.48 -241.82
2436.96 -218.45
2437.44 -195.07
2437.92 -253.51
2438.4 -230.14
2438.88 -206.76
2439.36 -265.21
2439.84 -241.83
2440.32 -218.46
2440.8 -195.08
2441.28 -171.7
2441.76 -271.05
2442.24 -247.67
2442.72 -224.3
2443.2 -241.82
2443.68 -218.44
2444.16 -235.97
2444.64 -212.6
2445.12 -189.22
2445.6 -247.65
2446.08 -265.18
2446.56 -282.71
2447.04 -259.33
2447.52 -235.95
2448.0 -212.57
2448.48 -189.19
2448.96 -247.62
2449.44 -265.13
2449.92 -241.75
2450.4 -259.28
2450.88 -235.89
2451.36 -212.5
2451.84 -189.12
2452.32 -165.73
2452.8 -265.06
2453.28 -241.67
2453.76 -218.28
2454.24 -194.9
2454.72 -253.31
2455.2 -229.92
2455.68 -206.53
2456.16 -183.14
2456.64 -159.75
2457.12 -218.18
2457.6 -276.59
2458.08 -253.2
2458.56 -270.72
2459.04 -247.32
2459.52 -223.93
2460.0 -200.53
2460.48 -177.14
2460.96 -276.46
2461.44 -253.07
2461.92 -229.67
2462.4 -206.28
2462.88 -182.88
2463.36 -159.48
2463.84 -217.9
2464.32 -194.5
2464.8 -212.02
2465.28 -270.43
2465.76 -247.03
2466.24 -264.55
2466.72 -241.15
2467.2 -217.75
2467.68 -235.26
2468.16 -211.86
2468.64 -229.37
2469.12 -246.87
2469.6 -223.47
2470.08 -200.07
2470.56 -258.49
2471.04 -275.99
2471.52 -252.59
2472.0 -229.19
2472.48 -205.79
2472.96 -182.39
2473.44 -240.81
2473.92 -258.3
2474.4 -234.9
2474.88 -211.5
2475.36 -229.0
2475.84 -205.6
2476.32 -223.11
2476.8 -199.7
2477.28 -258.11
2477.76 -234.7
2478.24 -211.29
2478.72 -187.89
2479.2 -164.48
2479.68 -263.8
2480.16 -240.39
2480.64 -257.89
2481.12 -234.49
2481.6 -211.08
2482.08 -187.67
2482.56 -205.16
2483.04 -263.58
2483.52 -240.17
2484.0 -216.76
2484.48 -234.25
2484.96 -251.76
2485.44 -228.35
2485.92 -245.85
2486.4 -222.44
2486.88 -199.04
2487.36 -175.63
2487.84 -234.03
2488.32 -210.62
2488.8 -228.12
2489.28 -204.71
2489.76 -263.11
2490.24 -239.71
2490.72 -216.3
2491.2 -192.89
2491.68 -169.48
2492.16 -227.88
2492.64 -245.38
2493.12 -221.97
2493.6 -239.47
2494.08 -256.96
2494.56 -233.56
2495.04 -251.06
2495.52 -227.65
2496.0 -204.24
2496.48 -262.64
2496.96 -239.23
2497.44 -215.82
2497.92 -192.41
2498.4 -169.0
2498.88 -227.41
2499.36 -244.9
2499.84 -221.49
2500.32 -238.99
2500.8 -256.49
2501.28 -233.08
2501.76 -250.57
2502.24 -227.16
2502.72 -203.75
2503.2 -221.25
2503.68 -197.84
2504.16 -174.43
2504.64 -151.02
2505.12 -168.52
2505.6 -145.11
2506.08 -121.69
2506.56 -261.9
2507.04 -238.49
2507.52 -215.08
2508.0 -232.58
2508.48 -209.17
2508.96 -267.57
2509.44 -244.16
2509.92 -261.66
2510.4 -238.24
2510.88 -214.83
2511.36 -191.42
2511.84 -168.01
2512.32 -144.59
2512.8 -202.99
2513.28 -179.58
2513.76 -237.98
2514.24 -214.57
2514.72 -232.07
2515.2 -208.65
2515.68 -267.05
2516.16 -243.63
2516.64 -261.13
2517.12 -237.72
2517.6 -214.3
2518.08 -190.89
2518.56 -167.48
2519.04 -144.06
2519.52 -243.37
2520.0 -219.95
2520.48 -237.44
2520.96 -214.03
2521.44 -190.61
2521.92 -208.11
2522.4 -184.69
2522.88 -243.09
2523.36 -260.58
2523.84 -237.16
2524.32 -213.75
2524.8 -272.14
2525.28 -248.72
2525.76 -225.3
2526.24 -242.79
2526.72 -219.37
2527.2 -236.86
2527.68 -213.44
2528.16 -230.92
2528.64 -248.41
2529.12 -224.99
2529.6 -201.57
2530.08 -178.14
2530.56 -277.44
2531.04 -254.02
2531.52 -230.59
2532.0 -207.17
2532.48 -224.65
2532.96 -242.14
2533.44 -218.71
2533.92 -195.28
2534.4 -253.67
2534.88 -230.24
2535.36 -206.81
2535.84 -183.39
2536.32 -159.96
2536.8 -218.34
2537.28 -194.92
2537.76 -171.49
2538.24 -148.06
2538.72 -247.36
2539.2 -264.84
2539.68 -241.41
2540.16 -258.9
2540.64 -235.47
2541.12 -252.94
2541.6 -229.52
2542.08 -206.09
2542.56 -182.67
2543.04 -159.24
2543.52 -217.64
2544.0 -235.11
2544.48 -211.69
2544.96 -229.17
2545.44 -205.75
2545.92 -182.32
2546.4 -158.9
2546.88 -135.47
2547.36 -193.86
2547.84 -170.43
2548.32 -228.83
2548.8 -246.31
2549.28 -222.88
2549.76 -199.46
2550.24 -176.04
2550.72 -152.62
2551.2 -251.91
2551.68 -228.49
2552.16 -205.07
2552.64 -181.65
2553.12 -240.05
2553.6 -216.63
2554.08 -193.21
2554.56 -169.79
2555.04 -228.18
2555.52 -245.67
2556.0 -222.25
2556.48 -198.83
2556.96 -175.41
2557.44 -233.8
2557.92 -251.3
2558.4 -227.88
2558.88 -204.46
2559.36 -221.95
2559.84 -198.53
2560.32 -256.93
2560.8 -233.51
2561.28 -210.09
2561.76 -227.58
2562.24 -245.07
2562.72 -262.56
2563.2 -239.14
2563.68 -215.72
2564.16 -192.31
2564.64 -250.7
2565.12 -227.28
2565.6 -244.78
2566.08 -221.36
2566.56 -197.95
2567.04 -174.53
2567.52 -151.11
2568.0 -250.42
2568.48 -227.0
2568.96 -203.59
2569.44 -180.17
2569.92 -238.57
2570.4 -215.16
2570.88 -191.74
2571.36 -250.15
2571.84 -226.73
2572.32 -203.32
2572.8 -261.72
2573.28 -238.31
2573.76 -214.89
2574.24 -191.48
2574.72 -208.98
2575.2 -185.57
2575.68 -162.16
2576.16 -179.64
2576.64 -156.23
2577.12 -132.82
2577.6 -232.13
2578.08 -208.72
2578.56 -267.13
2579.04 -243.73
2579.52 -220.32
2580.0 -196.91
2580.48 -173.5
2580.96 -231.91
2581.44 -208.5
2581.92 -185.09
2582.4 -243.51
2582.88 -220.1
2583.36 -196.7
2583.84 -173.29
2584.32 -149.89
2584.8 -126.49
2585.28 -266.7
2585.76 -243.3
2586.24 -219.9
2586.72 -196.5
2587.2 -173.1
2587.68 -149.7
2588.16 -167.21
2588.64 -225.62
2589.12 -243.13
2589.6 -260.65
2590.08 -237.25
2590.56 -213.85
2591.04 -231.37
2591.52 -248.88
2592.0 -225.48
2592.48 -202.09
2592.96 -260.52
2593.44 -237.12
2593.92 -254.63
2594.4 -231.24
2594.88 -207.85
2595.36 -184.46
2595.84 -161.07
2596.32 -137.68
2596.8 -237.01
2597.28 -213.62
2597.76 -190.24
2598.24 -166.85
2598.72 -266.19
2599.2 -242.8
2599.68 -219.42
2600.16 -236.93
2600.64 -254.46
2601.12 -231.07
2601.6 -207.69
2602.08 -184.3
2602.56 -242.73
2603.04 -219.34
2603.52 -195.96
2604.0 -172.58
2604.48 -149.19
2604.96 -125.81
2605.44 -225.15
2605.92 -201.76
2606.4 -178.38
2606.88 -195.91
2607.36 -254.34
2607.84 -230.96
2608.32 -248.49
2608.8 -225.11
2609.28 -242.64
2609.76 -219.26
2610.24 -195.88
2610.72 -254.31
2611.2 -230.93
2611.68 -207.55
2612.16 -184.18
2612.64 -201.71
2613.12 -178.33
2613.6 -154.95
2614.08 -213.38
2614.56 -190.0
2615.04 -166.63
2615.52 -143.25
2616.0 -119.87
2616.48 -219.22
2616.96 -195.84
2617.44 -172.47
2617.92 -230.91
2618.4 -207.54
2618.88 -184.17
2619.36 -201.69
2619.84 -178.32
2620.32 -154.95
2620.8 -213.4
2621.28 -190.03
2621.76 -248.47
2622.24 -266.02
2622.72 -242.65
2623.2 -260.19
2623.68 -236.83
2624.16 -213.46
2624.64 -190.1
2625.12 -166.74
2625.6 -225.18
2626.08 -242.73
2626.56 -260.27
2627.04 -236.91
2627.52 -254.46
2628.0 -231.1
2628.48 -207.74
2628.96 -184.38
2629.44 -242.83
2629.92 -260.38
2630.4 -237.02
2630.88 -213.66
2631.36 -272.12
2631.84 -248.76
2632.32 -225.4
2632.8 -202.04
2633.28 -178.68
2633.76 -196.23
2634.24 -172.87
2634.72 -231.32
2635.2 -207.97
2635.68 -184.61
2636.16 -243.07
2636.64 -219.71
2637.12 -196.35
2637.6 -173.0
2638.08 -190.54
2638.56 -208.09
2639.04 -225.65
2639.52 -202.29
2640.0 -178.93
2640.48 -155.58
2640.96 -173.12
2641.44 -272.48
2641.92 -249.13
2642.4 -225.77
2642.88 -202.42
2643.36 -179.06
2643.84 -155.71
2644.32 -255.07
2644.8 -231.72
2645.28 -208.36
2645.76 -225.92
2646.24 -202.57
2646.72 -220.12
2647.2 -196.77
2647.68 -173.42
2648.16 -190.97
2648.64 -208.52
2649.12 -226.08
2649.6 -202.73
2650.08 -179.38
2650.56 -237.84
2651.04 -255.4
2651.52 -232.05
2652.0 -249.6
2652.48 -226.26
2652.96 -202.91
2653.44 -179.56
2653.92 -238.03
2654.4 -255.6
2654.88 -232.25
2655.36 -208.9
2655.84 -185.56
2656.32 -244.02
2656.8 -261.58
2657.28 -238.24
2657.76 -214.89
2658.24 -191.55
2658.72 -209.1
2659.2 -226.67
2659.68 -203.32
2660.16 -179.98
2660.64 -197.54
2661.12 -256.01
2661.6 -232.66
2662.08 -209.32
2662.56 -185.97
2663.04 -162.63
2663.52 -262.0
2664.0 -238.66
2664.48 -215.31
2664.96 -191.97
2665.44 -168.62
2665.92 -268.0
2666.4 -244.66
2666.88 -262.22
2667.36 -238.88
2667.84 -256.43
2668.32 -233.09
2668.8 -250.66
2669.28 -227.31
2669.76 -244.88
2670.24 -262.43
2670.72 -239.09
2671.2 -215.74
2671.68 -192.4
2672.16 -250.87
2672.64 -227.53
2673.12 -204.18
2673.6 -180.83
2674.08 -239.29
2674.56 -256.85
2675.04 -233.5
2675.52 -210.15
2676.0 -186.8
2676.48 -163.45
2676.96 -221.91
2677.44 -239.47
2677.92 -216.11
2678.4 -192.76
2678.88 -169.41
2679.36 -227.86
2679.84 -245.42
2680.32 -222.06
2680.8 -198.7
2681.28 -257.16
2681.76 -233.8
2682.24 -210.44
2682.72 -187.09
2683.2 -163.73
2683.68 -263.09
2684.16 -239.74
2684.64 -216.38
2685.12 -193.02
2685.6 -251.48
2686.08 -228.12
2686.56 -245.67
2687.04 -222.31
2687.52 -198.95
2688.0 -216.5
2688.48 -193.14
2688.96 -210.7
2689.44 -187.34
2689.92 -163.98
2690.4 -263.34
2690.88 -239.99
2691.36 -257.54
2691.84 -234.18
2692.32 -251.72
2692.8 -228.36
2693.28 -245.92
2693.76 -222.56
2694.24 -240.11
2694.72 -216.75
2695.2 -193.39
2695.68 -170.03
2696.16 -187.57
2696.64 -164.2
2697.12 -140.84
2697.6 -117.48
2698.08 -216.84
2698.56 -275.3
2699.04 -251.93
2699.52 -228.57
2700.0 -205.21
2700.48 -181.84
2700.96 -158.48
2701.44 -216.92
2701.92 -275.38
2702.4 -252.01
2702.88 -228.65
2703.36 -205.28
2703.84 -181.91
2704.32 -240.35
2704.8 -257.9
2705.28 -234.53
2705.76 -252.06
2706.24 -228.69
2706.72 -205.32
2707.2 -181.95
2707.68 -240.39
2708.16 -217.02
2708.64 -193.65
2709.12 -252.09
2709.6 -228.71
2710.08 -205.34
2710.56 -181.96
2711.04 -158.59
2711.52 -257.93
2712.0 -234.56
2712.48 -211.19
2712.96 -187.81
2713.44 -246.25
2713.92 -263.78
2714.4 -240.41
2714.88 -217.03
2715.36 -234.57
2715.84 -211.19
2716.32 -228.72
2716.8 -205.35
2717.28 -222.87
2717.76 -199.49
2718.24 -257.94
2718.72 -275.46
2719.2 -252.08
2719.68 -228.7
2720.16 -205.33
2720.64 -181.95
2721.12 -240.39
2721.6 -217.01
2722.08 -193.63
2722.56 -211.15
2723.04 -228.68
2723.52 -205.3
2724.0 -263.74
2724.48 -240.36
2724.96 -257.88
2725.44 -275.41
2725.92 -252.03
2726.4 -228.64
2726.88 -205.26
2727.36 -181.88
2727.84 -199.4
2728.32 -257.83
2728.8 -234.45
2729.28 -211.06
2729.76 -228.59
2730.24 -205.2
2730.72 -181.82
2731.2 -158.43
2731.68 -135.05
2732.16 -193.47
2732.64 -170.08
2733.12 -146.7
2733.6 -205.12
2734.08 -222.64
2734.56 -199.25
2735.04 -257.68
2735.52 -234.3
2736.0 -210.91
2736.48 -187.52
2736.96 -245.94
2737.44 -222.55
2737.92 -199.16
2738.4 -175.76
2738.88 -152.37
2739.36 -251.7
2739.84 -228.31
2740.32 -204.92
2740.8 -222.44
2741.28 -199.04
2741.76 -216.55
2742.24 -274.98
2742.72 -251.59
2743.2 -228.2
2743.68 -245.71
2744.16 -263.22
2744.64 -239.83
2745.12 -216.44
2745.6 -233.96
2746.08 -251.48
2746.56 -228.09
2747.04 -204.69
2747.52 -263.11
2748.0 -239.72
2748.48 -216.33
2748.96 -192.94
2749.44 -251.35
2749.92 -227.96
2750.4 -204.57
2750.88 -181.18
2751.36 -157.78
2751.84 -134.39
2752.32 -233.72
2752.8 -210.32
2753.28 -268.75
2753.76 -245.35
2754.24 -262.87
2754.72 -239.48
2755.2 -216.08
2755.68 -192.69
2756.16 -169.29
2756.64 -227.71
2757.12 -245.22
2757.6 -221.83
2758.08 -239.33
2758.56 -215.94
2759.04 -233.45
2759.52 -250.96
2760.0 -227.57
2760.48 -245.07
2760.96 -221.67
2761.44 -198.27
2761.92 -174.87
2762.4 -192.38
2762.88 -168.98
2763.36 -227.4
2763.84 -204.0
2764.32 -180.6
2764.8 -239.0
2765.28 -215.6
2765.76 -192.2
2766.24 -168.8
2766.72 -145.39
2767.2 -244.71
2767.68 -221.31
2768.16 -197.9
2768.64 -215.41
2769.12 -232.9
2769.6 -209.5
2770.08 -186.1
2770.56 -203.6
2771.04 -180.2
2771.52 -156.8
2772.0 -256.11
2772.48 -232.71
2772.96 -209.31
2773.44 -185.9
2773.92 -203.41
2774.4 -261.82
2774.88 -238.42
2775.36 -215.01
2775.84 -232.52
2776.32 -209.12
2776.8 -267.53
2777.28 -244.13
2777.76 -220.73
2778.24 -197.33
2778.72 -173.93
2779.2 -150.53
2779.68 -127.13
2780.16 -185.55
2780.64 -162.15
2781.12 -179.66
2781.6 -156.27
2782.08 -214.68
2782.56 -191.28
2783.04 -167.89
2783.52 -226.3
2784.0 -243.82
2784.48 -220.42
2784.96 -237.94
2785.44 -214.54
2785.92 -191.15
2786.4 -249.56
2786.88 -267.08
2787.36 -243.69
2787.84 -220.29
2788.32 -196.9
2788.8 -173.51
2789.28 -150.12
2789.76 -208.54
2790.24 -185.14
2790.72 -202.66
2791.2 -261.08
2791.68 -237.69
2792.16 -214.31
2792.64 -190.92
2793.12 -208.44
2793.6 -185.05
2794.08 -243.48
2794.56 -220.09
2795.04 -196.71
2795.52 -214.23
2796.0 -231.76
2796.48 -208.38
2796.96 -184.99
2797.44 -161.61
2797.92 -138.23
2798.4 -237.57
2798.88 -214.19
2799.36 -190.8
2799.84 -208.32
2800.32 -225.85
2800.8 -202.47
2801.28 -220.01
2801.76 -196.63
2802.24 -255.06
2802.72 -231.68
2803.2 -208.3
2803.68 -184.93
2804.16 -243.36
2804.64 -260.89
2805.12 -237.51
2805.6 -255.05
2806.08 -231.67
2806.56 -249.19
2807.04 -266.73
2807.52 -243.35
2808.0 -219.97
2808.48 -237.51
2808.96 -214.13
2809.44 -231.65
2809.92 -208.27
2810.4 -184.9
2810.88 -243.34
2811.36 -260.87
2811.84 -237.5
2812.32 -255.02
2812.8 -231.64
2813.28 -249.17
2813.76 -225.8
2814.24 -202.42
2814.72 -260.85
2815.2 -237.47
2815.68 -255.0
2816.16 -231.62
2816.64 -208.24
2817.12 -184.86
2817.6 -161.48
2818.08 -219.9
2818.56 -196.52
2819.04 -173.14
2819.52 -231.58
2820.0 -208.2
2820.48 -184.81
2820.96 -161.43
2821.44 -219.86
2821.92 -196.47
2822.4 -173.09
2822.88 -190.62
2823.36 -167.23
2823.84 -266.57
2824.32 -243.19
2824.8 -219.81
2825.28 -196.43
2825.76 -254.85
2826.24 -231.47
2826.72 -208.09
2827.2 -225.62
2827.68 -243.14
2828.16 -219.76
2828.64 -237.29
2829.12 -213.91
2829.6 -190.53
2830.08 -167.15
2830.56 -143.77
2831.04 -161.3
2831.52 -137.92
2832.0 -237.26
2832.48 -213.88
2832.96 -231.41
2833.44 -208.03
2833.92 -184.65
2834.4 -161.28
2834.88 -137.9
2835.36 -237.24
2835.84 -213.86
2836.32 -231.39
2836.8 -208.01
2837.28 -184.64
2837.76 -243.08
2838.24 -260.61
2838.72 -237.24
2839.2 -213.86
2839.68 -190.49
2840.16 -208.03
2840.64 -225.57
2841.12 -202.19
2841.6 -178.82
2842.08 -196.35
2842.56 -172.98
2843.04 -272.33
2843.52 -248.96
2844.0 -225.6
2844.48 -243.14
2844.96 -219.77
2845.44 -196.4
2845.92 -213.95
2846.4 -272.39
2846.88 -249.02
2847.36 -225.66
2847.84 -202.29
2848.32 -260.75
2848.8 -237.38
2849.28 -214.02
2849.76 -231.56
2850.24 -249.1
2850.72 -225.74
2851.2 -243.28
2851.68 -219.92
2852.16 -196.55
2852.64 -255.0
2853.12 -231.63
2853.6 -208.26
2854.08 -184.9
2854.56 -243.34
2855.04 -260.88
2855.52 -237.52
2856.0 -214.15
2856.48 -190.78
2856.96 -208.32
2857.44 -184.95
2857.92 -243.39
2858.4 -220.02
2858.88 -196.65
2859.36 -214.19
2859.84 -190.82
2860.32 -208.35
2860.8 -266.8
2861.28 -243.43
2861.76 -220.06
2862.24 -196.69
2862.72 -214.22
2863.2 -231.76
2863.68 -208.39
2864.16 -266.83
2864.64 -243.46
2865.12 -220.09
2865.6 -196.72
2866.08 -255.17
2866.56 -231.8
2867.04 -249.33
2867.52 -266.87
2868.0 -243.5
2868.48 -220.13
2868.96 -196.76
2869.44 -214.3
2869.92 -190.93
2870.4 -249.37
2870.88 -226.0
2871.36 -202.63
2871.84 -220.17
2872.32 -196.8
2872.8 -214.34
2873.28 -190.97
2873.76 -167.6
2874.24 -144.23
2874.72 -243.58
2875.2 -220.21
2875.68 -237.74
2876.16 -214.37
2876.64 -231.91
2877.12 -208.54
2877.6 -185.17
2878.08 -243.61
2878.56 -220.24
2879.04 -196.87
2879.52 -173.51
2880.0 -231.96
2880.48 -249.49
2880.96 -226.12
2881.44 -243.66
2881.92 -220.29
2882.4 -237.83
2882.88 -255.37
2883.36 -232.0
2883.84 -208.63
2884.32 -185.25
2884.8 -161.88
2885.28 -138.51
2885.76 -196.94
2886.24 -214.48
2886.72 -191.11
2887.2 -208.63
2887.68 -226.17
2888.16 -202.79
2888.64 -179.42
2889.12 -156.04
2889.6 -214.48
2890.08 -191.1
2890.56 -208.64
2891.04 -185.26
2891.52 -161.88
2892.0 -220.33
2892.48 -196.95
2892.96 -255.38
2893.44 -272.91
2893.92 -249.54
2894.4 -226.16
2894.88 -202.78
2895.36 -220.3
2895.84 -196.92
2896.32 -255.36
2896.8 -231.98
2897.28 -208.6
2897.76 -267.03
2898.24 -243.65
2898.72 -261.18
2899.2 -237.8
2899.68 -214.42
2900.16 -231.93
2900.64 -249.46
2901.12 -266.99
2901.6 -243.61
2902.08 -220.22
2902.56 -237.75
2903.04 -255.26
2903.52 -231.88
2904.0 -249.4
2904.48 -226.01
2904.96 -243.53
2905.44 -220.15
2905.92 -196.76
2906.4 -173.37
2906.88 -231.78
2907.36 -249.3
2907.84 -225.91
2908.32 -202.52
2908.8 -179.12
2909.28 -155.73
2909.76 -255.06
2910.24 -231.66
2910.72 -208.27
2911.2 -266.68
2911.68 -243.28
2912.16 -260.8
2912.64 -237.4
2913.12 -214.0
2913.6 -190.6
2914.08 -249.02
2914.56 -225.62
2915.04 -243.12
2915.52 -219.72
2916.0 -196.32
2916.48 -254.74
2916.96 -231.34
2917.44 -248.84
2917.92 -225.44
2918.4 -202.04
2918.88 -260.45
2919.36 -237.05
2919.84 -213.65
2920.32 -190.25
2920.8 -248.65
2921.28 -225.25
2921.76 -201.85
2922.24 -260.26
2922.72 -236.86
2923.2 -213.46
2923.68 -271.86
2924.16 -248.46
2924.64 -225.06
2925.12 -201.65
2925.6 -178.25
2926.08 -236.67
2926.56 -213.26
2927.04 -230.76
2927.52 -248.27
2928.0 -224.87
2928.48 -242.37
2928.96 -218.97
2929.44 -236.47
2929.92 -253.98
2930.4 -230.57
2930.88 -207.17
2931.36 -265.58
2931.84 -242.18
2932.32 -218.77
2932.8 -195.37
2933.28 -253.77
2933.76 -230.37
2934.24 -206.96
2934.72 -183.55
2935.2 -160.14
2935.68 -177.65
2936.16 -236.05
2936.64 -212.64
2937.12 -189.23
2937.6 -247.64
2938.08 -224.23
2938.56 -241.72
2939.04 -218.31
2939.52 -235.82
2940.0 -212.41
2940.48 -189.0
2940.96 -247.4
2941.44 -264.9
2941.92 -241.49
2942.4 -218.07
2942.88 -235.57
2943.36 -253.07
2943.84 -229.66
2944.32 -247.14
2944.8 -223.73
2945.28 -200.31
2945.76 -258.71
2946.24 -235.3
2946.72 -252.78
2947.2 -229.36
2947.68 -205.94
2948.16 -182.52
2948.64 -159.1
2949.12 -135.68
2949.6 -112.26
2950.08 -252.47
2950.56 -229.04
2951.04 -205.62
2951.52 -182.2
2952.0 -158.78
2952.48 -176.26
2952.96 -234.65
2953.44 -211.23
2953.92 -187.8
2954.4 -164.38
2954.88 -263.68
2955.36 -240.26
2955.84 -216.84
2956.32 -234.31
2956.8 -210.89
2957.28 -228.38
2957.76 -204.95
2958.24 -181.53
2958.72 -158.11
2959.2 -257.4
2959.68 -233.98
2960.16 -251.47
2960.64 -228.05
2961.12 -204.62
2961.6 -222.11
2962.08 -198.69
2962.56 -175.27
2963.04 -151.85
2963.52 -169.32
2964.0 -186.81
2964.48 -245.2
2964.96 -221.78
2965.44 -198.36
2965.92 -256.76
2966.4 -233.34
2966.88 -209.92
2967.36 -268.32
2967.84 -244.9
2968.32 -221.48
2968.8 -238.97
2969.28 -215.56
2969.76 -233.05
2970.24 -209.63
2970.72 -186.22
2971.2 -162.8
2971.68 -139.38
2972.16 -115.97
2972.64 -92.55
2973.12 -150.95
2973.6 -127.53
2974.08 -185.94
2974.56 -162.52
2975.04 -139.11
2975.52 -197.51
2976.0 -255.92
2976.48 -232.51
2976.96 -250.0
2977.44 -226.59
2977.92 -203.18
2978.4 -179.77
2978.88 -238.18
2979.36 -214.78
2979.84 -232.27
2980.32 -208.87
2980.8 -185.46
2981.28 -202.97
2981.76 -220.48
2982.24 -197.08
2982.72 -255.48
2983.2 -232.08
2983.68 -208.68
2984.16 -226.19
2984.64 -202.79
2985.12 -179.4
2985.6 -237.81
2986.08 -214.41
2986.56 -231.92
2987.04 -249.43
2987.52 -226.04
2988.0 -243.55
2988.48 -220.15
2988.96 -237.66
2989.44 -214.26
2989.92 -190.86
2990.4 -167.47
2990.88 -144.07
2991.36 -120.68
2991.84 -97.28
2992.32 -237.52
2992.8 -214.12
2993.28 -190.73
2993.76 -249.15
2994.24 -225.76
2994.72 -202.37
2995.2 -178.98
2995.68 -237.39
2996.16 -214.0
2996.64 -190.61
2997.12 -249.04
2997.6 -225.65
2998.08 -202.26
2998.56 -178.88
2999.04 -155.49
2999.52 -213.91
3000.0 -190.52
3000.48 -167.13
3000.96 -143.75
3001.44 -243.08
3001.92 -260.6
3002.4 -237.22
3002.88 -213.83
3003.36 -231.36
3003.84 -207.97
3004.32 -184.59
3004.8 -161.2
3005.28 -260.54
3005.76 -237.15
3006.24 -213.77
3006.72 -190.38
3007.2 -248.81
3007.68 -225.43
3008.16 -202.04
3008.64 -178.66
3009.12 -196.19
3009.6 -172.81
3010.08 -231.24
3010.56 -248.77
3011.04 -225.38
3011.52 -202.0
3012.0 -178.63
3012.48 -155.25
3012.96 -172.78
3013.44 -231.21
3013.92 -207.83
3014.4 -225.36
3014.88 -201.99
3015.36 -178.61
3015.84 -155.24
3016.32 -213.67
3016.8 -190.3
3017.28 -166.93
3017.76 -143.55
3018.24 -120.18
3018.72 -96.81
3019.2 -196.17
3019.68 -254.61
3020.16 -231.25
3020.64 -207.88
3021.12 -184.52
3021.6 -202.06
3022.08 -260.51
3022.56 -237.14
3023.04 -213.78
3023.52 -190.42
3024.0 -167.06
3024.48 -266.42
3024.96 -243.06
3025.44 -219.7
3025.92 -196.34
3026.4 -172.99
3026.88 -149.63
3027.36 -248.99
3027.84 -225.64
3028.32 -202.28
3028.8 -178.93
3029.28 -155.57
3029.76 -132.22
3030.24 -108.87
3030.72 -208.25
3031.2 -225.8
3031.68 -243.36
3032.16 -220.01
3032.64 -196.66
3033.12 -173.31
3033.6 -231.78
3034.08 -208.43
3034.56 -225.99
3035.04 -243.56
3035.52 -220.22
3036.0 -237.77
3036.48 -255.34
3036.96 -232.0
3037.44 -208.65
3037.92 -185.31
3038.4 -161.97
3038.88 -220.45
3039.36 -197.11
3039.84 -214.67
3040.32 -232.24
3040.8 -208.9
3041.28 -185.56
3041.76 -162.23
3042.24 -179.8
3042.72 -197.36
3043.2 -174.02
3043.68 -150.68
3044.16 -209.17
3044.64 -185.83
3045.12 -162.5
3045.6 -220.97
3046.08 -238.55
3046.56 -215.22
3047.04 -191.89
3047.52 -168.55
3048.0 -227.03
3048.48 -244.61
3048.96 -221.29
3049.44 -197.96
3049.92 -174.63
3050.4 -151.3
3050.88 -209.79
3051.36 -227.37
3051.84 -244.95
3052.32 -221.63
3052.8 -239.2
3053.28 -215.88
3053.76 -233.46
3054.24 -210.14
3054.72 -186.82
3055.2 -163.49
3055.68 -140.17
3056.16 -198.65
3056.64 -216.24
3057.12 -192.92
3057.6 -169.59
3058.08 -228.08
3058.56 -204.76
3059.04 -222.35
3059.52 -239.94
3060.0 -216.62
3060.48 -193.3
3060.96 -169.98
3061.44 -146.66
3061.92 -246.06
3062.4 -222.74
3062.88 -199.42
3063.36 -176.1
3063.84 -152.79
3064.32 -129.47
3064.8 -269.78
3065.28 -246.47
3065.76 -223.15
3066.24 -199.84
3066.72 -217.43
3067.2 -194.11
3067.68 -252.62
3068.16 -229.31
3068.64 -206.0
3069.12 -264.5
3069.6 -241.19
3070.08 -217.88
3070.56 -194.57
3071.04 -253.07
3071.52 -229.76
3072.0 -206.45
3072.48 -183.14
3072.96 -241.65
3073.44 -218.34
3073.92 -195.03
3074.4 -171.72
3074.88 -230.23
3075.36 -206.92
3075.84 -183.61
3076.32 -160.3
3076.8 -136.99
3077.28 -113.69
3077.76 -90.38
3078.24 -189.79
3078.72 -207.4
3079.2 -184.09
3079.68 -201.69
3080.16 -260.2
3080.64 -236.89
3081.12 -254.5
3081.6 -231.19
3082.08 -207.89
3082.56 -225.48
3083.04 -202.18
3083.52 -178.88
3084.0 -196.48
3084.48 -214.09
3084.96 -190.78
3085.44 -208.39
3085.92 -185.09
3086.4 -161.78
3086.88 -179.38
3087.36 -156.08
3087.84 -132.77
3088.32 -109.47
3088.8 -86.17
3089.28 -185.59
3089.76 -162.28
3090.24 -179.89
3090.72 -156.59
3091.2 -133.29
3091.68 -191.81
3092.16 -168.51
3092.64 -145.21
3093.12 -244.63
3093.6 -262.23
3094.08 -238.93
3094.56 -215.63
3095.04 -192.33
3095.52 -169.04
3096.0 -145.74
3096.48 -122.45
3096.96 -221.88
3097.44 -198.59
3097.92 -216.19
3098.4 -192.9
3098.88 -169.6
3099.36 -187.22
3099.84 -245.73
