0.0 1000
1.2 1000
2.4 1000
3.6 1000
4.8 1000
6.0 1000
7.2 1000
8.4 1000
9.6 1000
10.8 1000
12.0 1000
13.2 1000
14.4 1000
15.6 1000
16.8 1000
18.0 1000
19.2 1000
20.4 1000
21.6 1000
22.8 1000
24.0 1000
25.2 1000
26.4 1000
27.6 1000
28.8 1000
30.0 1000
31.2 1000
32.4 1000
33.6 1000
34.8 1000
36.0 1000
37.2 1000
38.4 1000
39.6 1000
40.8 1000
42.0 1000
43.2 1000
44.4 1000
45.6 1000
46.8 1000
48.0 1000
49.2 1000
50.4 1000
51.6 1000
52.8 1000
54.0 1000
55.2 1000
56.4 1000
57.6 1000
58.8 1000
60.0 1000
61.2 1000
62.4 1000
63.6 1000
64.8 1000
66.0 1000
67.2 1000
68.4 1000
69.6 1000
70.8 1000
72.0 1000
73.2 1000
74.4 1000
75.6 1000
76.8 1000
78.0 1000
79.2 1000
80.4 1000
81.6 1000
82.8 1000
84.0 1000
85.2 1000
86.4 1000
87.6 1000
88.8 1000
90.0 1000
91.2 1000
92.4 1000
93.6 1000
94.8 1000
96.0 1000
97.2 1000
98.4 1000
99.6 1000
100.8 1000
102.0 1000
103.2 1000
104.4 1000
105.6 1000
106.8 1000
108.0 1000
109.2 1000
110.4 1000
111.6 1000
112.8 1000
114.0 1000
115.2 1000
116.4 1000
117.6 1000
118.8 1000
120.0 1000
121.2 1000
122.4 1000
123.6 1000
124.8 1000
126.0 1000
127.2 1000
128.4 1000
129.6 1000
130.8 1000
132.0 1000
133.2 1000
134.4 1000
135.6 1000
136.8 1000
138.0 1000
139.2 1000
140.4 1000
141.6 1000
142.8 1000
144.0 1000
145.2 1000
146.4 1000
147.6 1000
148.8 1000
150.0 1000
151.2 1000
152.4 1000
153.6 1000
154.8 1000
156.0 1000
157.2 1000
158.4 1000
159.6 1000
160.8 1000
162.0 1000
163.2 1000
164.4 1000
165.6 1000
166.8 1000
168.0 1000
169.2 1000
170.4 1000
171.6 1000
172.8 1000
174.0 1000
175.2 1000
176.4 1000
177.6 1000
178.8 1000
180.0 1000
181.2 1000
182.4 1000
183.6 1000
184.8 1000
186.0 1000
187.2 1000
188.4 1000
189.6 1000
190.8 1000
192.0 1000
193.2 1000
194.4 1000
195.6 1000
196.8 1000
198.0 1000
199.2 1000
200.4 1000
201.6 1000
202.8 1000
204.0 1000
205.2 1000
206.4 1000
207.6 1000
208.8 1000
210.0 1000
211.2 1000
212.4 1000
213.6 1000
214.8 1000
216.0 1000
217.2 1000
218.4 1000
219.6 1000
220.8 1000
222.0 1000
223.2 1000
224.4 1000
225.6 1000
226.8 1000
228.0 1000
229.2 1000
230.4 1000
231.6 1000
232.8 1000
234.0 1000
235.2 1000
236.4 1000
237.6 1000
238.8 1000
240.0 1000
241.2 1000
242.4 1000
243.6 1000
244.8 1000
246.0 1000
247.2 1000
248.4 1000
249.6 1000
250.8 1000
252.0 1000
253.2 1000
254.4 1000
255.6 1000
256.8 1000
258.0 1000
259.2 1000
260.4 1000
261.6 1000
262.8 1000
264.0 1000
265.2 1000
266.4 1000
267.6 1000
268.8 1000
270.0 1000
271.2 1000
272.4 1000
273.6 1000
274.8 1000
276.0 1000
277.2 1000
278.4 1000
279.6 1000
280.8 1000
282.0 1000
283.2 1000
284.4 1000
285.6 1000
286.8 1000
288.0 1000
289.2 1000
290.4 1000
291.6 1000
292.8 1000
294.0 1000
295.2 1000
296.4 1000
297.6 1000
298.8 1000
300.0 1000
301.2 1000
302.4 1000
303.6 1000
304.8 1000
306.0 1000
307.2 1000
308.4 1000
309.6 1000
310.8 1000
312.0 1000
313.2 1000
314.4 1000
315.6 1000
316.8 1000
318.0 1000
319.2 1000
320.4 1000
321.6 1000
322.8 1000
324.0 1000
325.2 1000
326.4 1000
327.6 1000
328.8 1000
330.0 1000
331.2 1000
332.4 1000
333.6 1000
334.8 1000
336.0 1000
337.2 1000
338.4 1000
339.6 1000
340.8 1000
342.0 1000
343.2 1000
344.4 1000
345.6 1000
346.8 1000
348.0 1000
349.2 1000
350.4 1000
351.6 1000
352.8 1000
354.0 1000
355.2 1000
356.4 1000
357.6 1000
358.8 1000
360.0 1000
361.2 1000
362.4 1000
363.6 1000
364.8 1000
366.0 1000
367.2 1000
368.4 1000
369.6 1000
370.8 1000
372.0 1000
373.2 1000
374.4 1000
375.6 1000
376.8 1000
378.0 1000
379.2 1000
380.4 1000
381.6 1000
382.8 1000
384.0 1000
385.2 1000
386.4 1000
387.6 1000
388.8 1000
390.0 1000
391.2 1000
392.4 1000
393.6 1000
394.8 1000
396.0 1000
397.2 1000
398.4 1000
399.6 1000
400.8 1000
402.0 1000
403.2 1000
404.4 1000
405.6 1000
406.8 1000
408.0 1000
409.2 1000
410.4 1000
411.6 1000
412.8 1000
414.0 1000
415.2 1000
416.4 1000
417.6 1000
418.8 1000
420.0 1000
421.2 1000
422.4 1000
423.6 1000
424.8 1000
426.0 1000
427.2 1000
428.4 1000
429.6 1000
430.8 1000
432.0 1000
433.2 1000
434.4 1000
435.6 1000
436.8 1000
438.0 1000
439.2 1000
440.4 1000
441.6 1000
442.8 1000
444.0 1000
445.2 1000
446.4 1000
447.6 1000
448.8 1000
450.0 1000
451.2 1000
452.4 1000
453.6 1000
454.8 1000
456.0 1000
457.2 1000
458.4 1000
459.6 1000
460.8 1000
462.0 1000
463.2 1000
464.4 1000
465.6 1000
466.8 1000
468.0 1000
469.2 1000
470.4 1000
471.6 1000
472.8 1000
474.0 1000
475.2 1000
476.4 1000
477.6 1000
478.8 1000
480.0 1000
481.2 1000
482.4 1000
483.6 1000
484.8 1000
486.0 1000
487.2 1000
488.4 1000
489.6 1000
490.8 1000
492.0 1000
493.2 1000
494.4 1000
495.6 1000
496.8 1000
498.0 1000
499.2 1000
500.4 1000
501.6 1000
502.8 1000
504.0 1000
505.2 1000
506.4 1000
507.6 1000
508.8 1000
510.0 1000
511.2 1000
512.4 1000
513.6 1000
514.8 1000
516.0 1000
517.2 1000
518.4 1000
519.6 1000
520.8 1000
522.0 1000
523.2 1000
524.4 1000
525.6 1000
526.8 1000
528.0 1000
529.2 1000
530.4 1000
531.6 1000
532.8 1000
534.0 1000
535.2 1000
536.4 1000
537.6 1000
538.8 1000
540.0 1000
541.2 1000
542.4 1000
543.6 1000
544.8 1000
546.0 1000
547.2 1000
548.4 1000
549.6 1000
550.8 1000
552.0 1000
553.2 1000
554.4 1000
555.6 1000
556.8 1000
558.0 1000
559.2 1000
560.4 1000
561.6 1000
562.8 1000
564.0 1000
565.2 1000
566.4 1000
567.6 1000
568.8 1000
570.0 1000
571.2 1000
572.4 1000
573.6 1000
574.8 1000
576.0 1000
577.2 1000
578.4 1000
579.6 1000
580.8 1000
582.0 1000
583.2 1000
584.4 1000
585.6 1000
586.8 1000
588.0 1000
589.2 1000
590.4 1000
591.6 1000
592.8 1000
594.0 1000
595.2 1000
596.4 1000
597.6 1000
598.8 1000
600.0 1000
601.2 1000
602.4 1000
603.6 1000
604.8 1000
606.0 1000
607.2 1000
608.4 1000
609.6 1000
610.8 1000
612.0 1000
613.2 1000
614.4 1000
615.6 1000
616.8 1000
618.0 1000
619.2 1000
620.4 1000
621.6 1000
622.8 1000
624.0 1000
625.2 1000
626.4 1000
627.6 1000
628.8 1000
630.0 1000
631.2 1000
632.4 1000
633.6 1000
634.8 1000
636.0 1000
637.2 1000
638.4 1000
639.6 1000
640.8 1000
642.0 1000
643.2 1000
644.4 1000
645.6 1000
646.8 1000
648.0 1000
649.2 1000
650.4 1000
651.6 1000
652.8 1000
654.0 1000
655.2 1000
656.4 1000
657.6 1000
658.8 1000
660.0 1000
661.2 1000
662.4 1000
663.6 1000
664.8 1000
666.0 1000
667.2 1000
668.4 1000
669.6 1000
670.8 1000
672.0 1000
673.2 1000
674.4 1000
675.6 1000
676.8 1000
678.0 1000
679.2 1000
680.4 1000
681.6 1000
682.8 1000
684.0 1000
685.2 1000
686.4 1000
687.6 1000
688.8 1000
690.0 1000
691.2 1000
692.4 1000
693.6 1000
694.8 1000
696.0 1000
697.2 1000
698.4 1000
699.6 1000
700.8 1000
702.0 1000
703.2 1000
704.4 1000
705.6 1000
706.8 1000
708.0 1000
709.2 1000
710.4 1000
711.6 1000
712.8 1000
714.0 1000
715.2 1000
716.4 1000
717.6 1000
718.8 1000
720.0 1000
721.2 1000
722.4 1000
723.6 1000
724.8 1000
726.0 1000
727.2 1000
728.4 1000
729.6 1000
730.8 1000
732.0 1000
733.2 1000
734.4 1000
735.6 1000
736.8 1000
738.0 1000
739.2 1000
740.4 1000
741.6 1000
742.8 1000
744.0 1000
745.2 1000
746.4 1000
747.6 1000
748.8 1000
750.0 1000
751.2 1000
752.4 1000
753.6 1000
754.8 1000
756.0 1000
757.2 1000
758.4 1000
759.6 1000
760.8 1000
762.0 1000
763.2 1000
764.4 1000
765.6 1000
766.8 1000
768.0 1000
769.2 1000
770.4 1000
771.6 1000
772.8 1000
774.0 1000
775.2 1000
776.4 1000
777.6 1000
778.8 1000
780.0 1000
781.2 1000
782.4 1000
783.6 1000
784.8 1000
786.0 1000
787.2 1000
788.4 1000
789.6 1000
790.8 1000
792.0 1000
793.2 1000
794.4 1000
795.6 1000
796.8 1000
798.0 1000
799.2 1000
800.4 1000
801.6 1000
802.8 1000
804.0 1000
805.2 1000
806.4 1000
807.6 1000
808.8 1000
810.0 1000
811.2 1000
812.4 1000
813.6 1000
814.8 1000
816.0 1000
817.2 1000
818.4 1000
819.6 1000
820.8 1000
822.0 1000
823.2 1000
824.4 1000
825.6 1000
826.8 1000
828.0 1000
829.2 1000
830.4 1000
831.6 1000
832.8 1000
834.0 1000
835.2 1000
836.4 1000
837.6 1000
838.8 1000
840.0 1000
841.2 1000
842.4 1000
843.6 1000
844.8 1000
846.0 1000
847.2 1000
848.4 1000
849.6 1000
850.8 1000
852.0 1000
853.2 1000
854.4 1000
855.6 1000
856.8 1000
858.0 1000
859.2 1000
860.4 1000
861.6 1000
862.8 1000
864.0 1000
865.2 1000
866.4 1000
867.6 1000
868.8 1000
870.0 1000
871.2 1000
872.4 1000
873.6 1000
874.8 1000
876.0 1000
877.2 1000
878.4 1000
879.6 1000
880.8 1000
882.0 1000
883.2 1000
884.4 1000
885.6 1000
886.8 1000
888.0 1000
889.2 1000
890.4 1000
891.6 1000
892.8 1000
894.0 1000
895.2 1000
896.4 1000
897.6 1000
898.8 1000
900.0 1000
901.2 1000
902.4 1000
903.6 1000
904.8 1000
906.0 1000
907.2 1000
908.4 1000
909.6 1000
910.8 1000
912.0 1000
913.2 1000
914.4 1000
915.6 1000
916.8 1000
918.0 1000
919.2 1000
920.4 1000
921.6 1000
922.8 1000
924.0 1000
925.2 1000
926.4 1000
927.6 1000
928.8 1000
930.0 1000
931.2 1000
932.4 1000
933.6 1000
934.8 1000
936.0 1000
937.2 1000
938.4 1000
939.6 1000
940.8 1000
942.0 1000
943.2 1000
944.4 1000
945.6 1000
946.8 1000
948.0 1000
949.2 1000
950.4 1000
951.6 1000
952.8 1000
954.0 1000
955.2 1000
956.4 1000
957.6 1000
958.8 1000
960.0 1000
961.2 1000
962.4 1000
963.6 1000
964.8 1000
966.0 1000
967.2 1000
968.4 1000
969.6 1000
970.8 1000
972.0 1000
973.2 1000
974.4 1000
975.6 1000
976.8 1000
978.0 1000
979.2 1000
980.4 1000
981.6 1000
982.8 1000
984.0 1000
985.2 1000
986.4 1000
987.6 1000
988.8 1000
990.0 1000
991.2 1000
992.4 1000
993.6 1000
994.8 1000
996.0 1000
997.2 1000
998.4 1000
999.6 1000
1000.8 1000
1002.0 1000
1003.2 1000
1004.4 1000
1005.6 1000
1006.8 1000
1008.0 1000
1009.2 1000
1010.4 1000
1011.6 1000
1012.8 1000
1014.0 1000
1015.2 1000
1016.4 1000
1017.6 1000
1018.8 1000
1020.0 1000
1021.2 1000
1022.4 1000
1023.6 1000
1024.8 1000
1026.0 1000
1027.2 1000
1028.4 1000
1029.6 1000
1030.8 1000
1032.0 1000
1033.2 1000
1034.4 1000
1035.6 1000
1036.8 1000
1038.0 1000
1039.2 1000
1040.4 1000
1041.6 1000
1042.8 1000
1044.0 1000
1045.2 1000
1046.4 1000
1047.6 1000
1048.8 1000
1050.0 1000
1051.2 1000
1052.4 1000
1053.6 1000
1054.8 1000
1056.0 1000
1057.2 1000
1058.4 1000
1059.6 1000
1060.8 1000
1062.0 1000
1063.2 1000
1064.4 1000
1065.6 1000
1066.8 1000
1068.0 1000
1069.2 1000
1070.4 1000
1071.6 1000
1072.8 1000
1074.0 1000
1075.2 1000
1076.4 1000
1077.6 1000
1078.8 1000
1080.0 1000
1081.2 1000
1082.4 1000
1083.6 1000
1084.8 1000
1086.0 1000
1087.2 1000
1088.4 1000
1089.6 1000
1090.8 1000
1092.0 1000
1093.2 1000
1094.4 1000
1095.6 1000
1096.8 1000
1098.0 1000
1099.2 1000
1100.4 1000
1101.6 1000
1102.8 1000
1104.0 1000
1105.2 1000
1106.4 1000
1107.6 1000
1108.8 1000
1110.0 1000
1111.2 1000
1112.4 1000
1113.6 1000
1114.8 1000
1116.0 1000
1117.2 1000
1118.4 1000
1119.6 1000
1120.8 1000
1122.0 1000
1123.2 1000
1124.4 1000
1125.6 1000
1126.8 1000
1128.0 1000
1129.2 1000
1130.4 1000
1131.6 1000
1132.8 1000
1134.0 1000
1135.2 1000
1136.4 1000
1137.6 1000
1138.8 1000
1140.0 1000
1141.2 1000
1142.4 1000
1143.6 1000
1144.8 1000
1146.0 1000
1147.2 1000
1148.4 1000
1149.6 1000
1150.8 1000
1152.0 1000
1153.2 1000
1154.4 1000
1155.6 1000
1156.8 1000
1158.0 1000
1159.2 1000
1160.4 1000
1161.6 1000
1162.8 1000
1164.0 1000
1165.2 1000
1166.4 1000
1167.6 1000
1168.8 1000
1170.0 1000
1171.2 1000
1172.4 1000
1173.6 1000
1174.8 1000
1176.0 1000
1177.2 1000
1178.4 1000
1179.6 1000
1180.8 1000
1182.0 1000
1183.2 1000
1184.4 1000
1185.6 1000
1186.8 1000
1188.0 1000
1189.2 1000
1190.4 1000
1191.6 1000
1192.8 1000
1194.0 1000
1195.2 1000
1196.4 1000
1197.6 1000
1198.8 1000
1200.0 1000
1201.2 1000
1202.4 1000
1203.6 1000
1204.8 1000
1206.0 1000
1207.2 1000
1208.4 1000
1209.6 1000
1210.8 1000
1212.0 1000
1213.2 1000
1214.4 1000
1215.6 1000
1216.8 1000
1218.0 1000
1219.2 1000
1220.4 1000
1221.6 1000
1222.8 1000
1224.0 1000
1225.2 1000
1226.4 1000
1227.6 1000
1228.8 1000
1230.0 1000
1231.2 1000
1232.4 1000
1233.6 1000
1234.8 1000
1236.0 1000
1237.2 1000
1238.4 1000
1239.6 1000
1240.8 1000
1242.0 1000
1243.2 1000
1244.4 1000
1245.6 1000
1246.8 1000
1248.0 1000
1249.2 1000
1250.4 1000
1251.6 1000
1252.8 1000
1254.0 1000
1255.2 1000
1256.4 1000
1257.6 1000
1258.8 1000
1260.0 1000
1261.2 1000
1262.4 1000
1263.6 1000
1264.8 1000
1266.0 1000
1267.2 1000
1268.4 1000
1269.6 1000
1270.8 1000
1272.0 1000
1273.2 1000
1274.4 1000
1275.6 1000
1276.8 1000
1278.0 1000
1279.2 1000
1280.4 1000
1281.6 1000
1282.8 1000
1284.0 1000
1285.2 1000
1286.4 1000
1287.6 1000
1288.8 1000
1290.0 1000
1291.2 1000
1292.4 1000
1293.6 1000
1294.8 1000
1296.0 1000
1297.2 1000
1298.4 1000
1299.6 1000
1300.8 1000
1302.0 1000
1303.2 1000
1304.4 1000
1305.6 1000
1306.8 1000
1308.0 1000
1309.2 1000
1310.4 1000
1311.6 1000
1312.8 1000
1314.0 1000
1315.2 1000
1316.4 1000
1317.6 1000
1318.8 1000
1320.0 1000
1321.2 1000
1322.4 1000
1323.6 1000
1324.8 1000
1326.0 1000
1327.2 1000
1328.4 1000
1329.6 1000
1330.8 1000
1332.0 1000
1333.2 1000
1334.4 1000
1335.6 1000
1336.8 1000
1338.0 1000
1339.2 1000
1340.4 1000
1341.6 1000
1342.8 1000
1344.0 1000
1345.2 1000
1346.4 1000
1347.6 1000
1348.8 1000
