1.32 1.48
2.28 1.66
3.12 1.72
3.84 1.66
4.8 1.7
5.52 1.66
6.48 1.69
7.2 1.66
8.16 1.68
9.0 1.7
9.72 1.68
10.68 1.69
11.4 1.67
12.24 1.66
13.08 1.65
14.04 1.66
14.76 1.65
15.6 1.64
16.44 1.63
17.28 1.62
18.12 1.62
19.2 1.64
19.8 1.64
20.64 1.63
21.48 1.62
22.32 1.62
23.16 1.61
24.0 1.61
24.84 1.6
25.68 1.6
26.64 1.61
27.36 1.6
28.32 1.61
29.04 1.61
29.88 1.6
30.84 1.61
31.56 1.61
32.4 1.6
33.24 1.6
34.08 1.6
34.92 1.6
35.76 1.59
36.6 1.58
37.44 1.58
38.28 1.57
39.12 1.57
39.96 1.56
40.92 1.57
41.76 1.57
42.48 1.56
43.32 1.56
44.16 1.55
45.12 1.56
45.84 1.56
46.68 1.56
47.52 1.55
48.36 1.55
49.2 1.55
50.16 1.56
51.0 1.57
51.72 1.57
52.68 1.56
53.4 1.56
54.36 1.57
55.2 1.58
55.92 1.58
56.88 1.59
57.72 1.6
58.68 1.61
59.28 1.61
60.12 1.61
60.96 1.61
61.8 1.6
62.64 1.6
63.84 1.62
64.32 1.61
65.28 1.62
66.0 1.62
66.96 1.63
67.8 1.64
68.52 1.64
69.36 1.64
70.2 1.64
71.16 1.65
72.0 1.66
72.72 1.66
73.56 1.66
74.52 1.66
75.36 1.66
76.2 1.67
76.92 1.67
77.76 1.67
78.6 1.66
79.44 1.66
80.28 1.66
81.12 1.66
81.96 1.66
82.8 1.66
83.76 1.66
84.48 1.65
85.32 1.65
86.16 1.64
87.24 1.66
87.96 1.66
88.68 1.65
89.52 1.65
90.36 1.64
91.2 1.63
92.16 1.62
93.0 1.63
93.72 1.63
94.56 1.63
95.4 1.63
96.36 1.64
97.08 1.61
97.92 1.61
98.88 1.61
99.72 1.62
100.56 1.62
101.52 1.63
102.12 1.63
103.08 1.64
103.8 1.64
104.64 1.63
105.48 1.62
106.32 1.62
107.16 1.62
108.0 1.61
108.84 1.61
109.8 1.61
110.52 1.61
111.36 1.61
112.2 1.61
113.04 1.61
113.88 1.61
114.72 1.61
115.56 1.61
116.4 1.61
117.24 1.6
118.08 1.6
118.92 1.6
119.76 1.6
120.6 1.58
121.44 1.57
122.28 1.57
123.36 1.59
123.96 1.59
124.8 1.59
125.64 1.58
126.6 1.58
127.44 1.59
128.16 1.59
129.12 1.6
129.84 1.59
130.68 1.59
131.64 1.6
132.36 1.59
133.32 1.59
134.04 1.58
134.88 1.56
135.72 1.56
136.56 1.55
137.4 1.55
138.24 1.55
139.08 1.55
139.92 1.55
140.76 1.55
141.6 1.55
142.44 1.55
143.28 1.54
144.24 1.55
144.96 1.55
145.8 1.55
146.88 1.57
147.48 1.57
148.44 1.58
149.28 1.59
150.12 1.6
150.84 1.6
151.68 1.6
152.52 1.6
153.36 1.6
154.2 1.6
155.04 1.6
156.12 1.61
156.72 1.6
157.56 1.6
158.4 1.6
159.24 1.6
160.32 1.61
160.92 1.6
161.76 1.6
162.6 1.59
163.44 1.59
164.28 1.59
165.12 1.58
165.96 1.58
166.92 1.58
167.64 1.58
168.48 1.58
169.32 1.58
170.16 1.58
171.12 1.59
171.84 1.59
172.68 1.59
173.76 1.61
174.48 1.61
175.2 1.61
176.04 1.61
177.0 1.62
177.72 1.61
178.56 1.61
179.64 1.63
180.24 1.61
181.08 1.61
181.92 1.61
182.76 1.6
183.6 1.59
184.56 1.6
185.28 1.6
186.12 1.6
186.96 1.6
187.92 1.61
188.64 1.61
189.48 1.59
190.44 1.6
191.28 1.61
192.0 1.61
192.84 1.61
193.68 1.59
194.52 1.59
195.36 1.59
196.2 1.59
197.04 1.59
198.0 1.6
198.96 1.61
199.68 1.62
200.4 1.61
201.24 1.61
202.08 1.61
202.92 1.61
204.0 1.63
204.6 1.62
205.44 1.62
206.28 1.62
207.12 1.61
208.08 1.61
208.8 1.61
209.64 1.61
210.48 1.6
211.32 1.6
212.28 1.61
213.0 1.59
213.84 1.59
214.68 1.59
215.52 1.59
216.36 1.59
217.2 1.59
218.16 1.59
218.88 1.59
219.72 1.59
220.56 1.59
221.4 1.58
222.36 1.59
223.08 1.59
223.92 1.58
224.76 1.57
226.08 1.61
226.44 1.61
227.4 1.61
228.12 1.61
228.96 1.61
229.8 1.61
230.64 1.61
231.48 1.61
232.32 1.59
233.16 1.58
234.0 1.58
234.84 1.58
235.68 1.58
236.64 1.59
237.48 1.58
238.32 1.59
239.04 1.59
239.88 1.59
240.72 1.59
241.56 1.58
242.52 1.59
243.24 1.59
244.08 1.59
245.04 1.6
245.76 1.59
246.72 1.6
247.44 1.6
248.4 1.61
249.12 1.61
249.96 1.61
250.8 1.61
251.64 1.6
252.6 1.61
253.68 1.63
254.28 1.64
255.12 1.65
255.84 1.64
256.68 1.64
257.52 1.64
258.36 1.64
259.2 1.61
260.04 1.61
260.88 1.6
261.72 1.6
262.56 1.6
263.64 1.61
264.24 1.61
265.08 1.61
265.92 1.61
266.76 1.61
267.6 1.61
268.44 1.61
269.4 1.62
270.12 1.61
271.08 1.61
271.8 1.61
272.64 1.61
273.48 1.61
274.32 1.61
275.16 1.61
276.0 1.6
276.84 1.6
277.68 1.6
278.52 1.59
279.48 1.6
280.2 1.59
281.04 1.59
281.88 1.58
282.84 1.59
283.56 1.59
284.52 1.6
285.24 1.6
286.08 1.59
287.04 1.57
287.76 1.56
288.72 1.56
289.44 1.56
290.4 1.57
291.12 1.57
291.96 1.57
292.8 1.57
293.64 1.57
294.48 1.57
295.32 1.57
296.16 1.57
297.0 1.55
298.08 1.57
298.68 1.57
299.52 1.57
300.6 1.59
301.2 1.59
302.16 1.6
302.88 1.59
303.72 1.59
304.68 1.59
305.52 1.6
306.24 1.6
307.08 1.6
307.92 1.6
308.88 1.61
309.6 1.61
310.44 1.61
311.4 1.61
312.12 1.61
313.2 1.62
313.8 1.62
314.64 1.62
315.48 1.62
316.44 1.62
317.28 1.63
318.12 1.63
318.84 1.63
319.68 1.63
320.52 1.62
321.36 1.62
322.32 1.62
323.16 1.63
323.88 1.62
324.72 1.62
325.8 1.64
326.52 1.65
327.24 1.65
328.08 1.65
328.92 1.65
329.76 1.65
330.6 1.65
331.44 1.63
332.28 1.63
333.12 1.63
333.96 1.61
334.8 1.61
335.64 1.61
336.48 1.61
337.32 1.61
338.28 1.61
339.0 1.6
339.96 1.61
340.68 1.61
341.76 1.62
342.48 1.62
343.32 1.63
344.04 1.63
345.12 1.64
345.72 1.64
346.56 1.62
347.4 1.62
348.24 1.62
349.2 1.63
349.92 1.62
350.76 1.61
351.6 1.61
352.56 1.61
353.4 1.62
354.12 1.62
355.08 1.63
355.8 1.62
356.64 1.61
357.48 1.61
358.32 1.61
359.28 1.61
360.12 1.61
360.84 1.61
361.92 1.62
362.64 1.63
363.36 1.63
364.32 1.64
365.16 1.65
365.88 1.65
366.84 1.66
367.56 1.66
368.4 1.66
369.24 1.66
370.08 1.66
371.04 1.67
371.76 1.66
372.6 1.66
373.44 1.65
374.4 1.66
375.12 1.64
375.96 1.63
376.8 1.62
377.64 1.62
378.48 1.61
379.32 1.61
380.16 1.61
381.0 1.61
381.96 1.61
382.68 1.61
383.52 1.61
384.36 1.61
385.2 1.61
386.4 1.62
386.88 1.61
387.84 1.62
388.56 1.61
389.4 1.61
390.24 1.61
391.2 1.62
391.92 1.62
392.76 1.61
393.6 1.61
394.44 1.61
395.28 1.59
396.12 1.58
396.96 1.58
397.92 1.58
398.64 1.57
399.48 1.57
400.32 1.56
401.28 1.57
402.0 1.57
402.96 1.58
403.68 1.58
404.64 1.58
405.36 1.58
406.2 1.58
407.16 1.59
408.0 1.59
408.72 1.59
409.68 1.6
410.4 1.6
411.36 1.61
412.2 1.61
412.92 1.61
413.76 1.61
414.6 1.61
415.56 1.61
416.4 1.62
417.12 1.62
418.08 1.63
418.8 1.63
419.64 1.61
420.48 1.61
421.32 1.6
422.16 1.6
423.0 1.6
423.84 1.6
424.68 1.59
425.52 1.59
426.48 1.6
427.32 1.61
428.04 1.61
428.88 1.61
429.72 1.61
430.68 1.61
431.4 1.61
432.24 1.61
433.08 1.61
433.92 1.61
434.76 1.6
435.6 1.6
436.44 1.59
437.28 1.59
438.24 1.59
438.96 1.59
439.8 1.59
440.64 1.58
441.48 1.57
442.32 1.57
443.16 1.56
444.0 1.56
444.84 1.55
445.8 1.55
446.52 1.55
447.72 1.58
448.2 1.58
449.28 1.59
449.88 1.58
450.72 1.58
451.68 1.58
452.4 1.58
453.24 1.58
454.2 1.59
454.92 1.59
455.76 1.59
456.6 1.59
457.68 1.61
458.28 1.61
459.24 1.61
460.08 1.61
460.8 1.61
461.64 1.61
462.48 1.61
463.32 1.61
464.16 1.6
465.0 1.6
466.08 1.61
466.68 1.61
467.52 1.61
468.36 1.61
469.2 1.61
470.04 1.61
470.88 1.61
471.84 1.61
472.56 1.61
473.52 1.62
474.24 1.62
475.2 1.63
475.92 1.63
476.76 1.63
477.6 1.63
478.56 1.64
479.28 1.63
480.12 1.63
480.96 1.61
481.8 1.61
482.64 1.59
483.6 1.6
484.32 1.6
485.16 1.59
486.24 1.61
486.96 1.61
487.68 1.61
488.76 1.62
489.36 1.62
490.2 1.62
491.04 1.61
491.88 1.61
492.84 1.61
493.68 1.61
494.52 1.61
495.24 1.61
496.2 1.62
496.92 1.62
497.76 1.62
498.72 1.63
499.44 1.61
500.4 1.62
501.72 1.67
501.96 1.67
503.16 1.7
503.64 1.7
505.2 1.75
505.32 1.74
506.64 1.78
507.48 1.8
507.96 1.81
509.04 1.83
509.64 1.84
510.36 1.84
511.2 1.84
512.28 1.85
512.88 1.85
514.08 1.88
514.8 1.89
515.4 1.89
516.24 1.89
517.92 1.95
518.28 1.97
519.36 2.02
519.72 2.01
520.44 2.0
522.0 2.05
522.24 2.05
523.32 2.07
524.76 2.14
526.2 2.2
526.44 2.21
527.52 2.23
528.24 2.23
528.96 2.23
529.68 2.23
531.0 2.26
531.36 2.26
532.32 2.27
533.04 2.26
533.88 2.26
534.96 2.27
535.56 2.23
536.52 2.23
537.48 2.23
538.2 2.23
539.64 2.23
539.76 2.23
540.72 2.21
541.44 2.17
543.12 2.23
543.24 2.21
544.2 2.22
545.04 2.23
546.36 2.29
547.32 2.33
548.28 2.34
549.24 2.33
549.96 2.32
550.68 2.32
551.52 2.32
552.48 2.27
553.44 2.26
554.88 2.28
555.0 2.28
555.96 2.3
557.4 2.31
557.64 2.32
558.24 2.29
559.08 2.22
560.04 2.17
561.0 2.18
562.08 2.19
562.44 2.17
563.28 2.16
564.36 2.18
565.08 2.15
565.8 2.15
566.64 2.14
567.72 2.16
568.68 2.19
569.64 2.21
570.12 2.22
571.32 2.24
571.68 2.23
572.88 2.24
574.2 2.25
575.04 2.32
576.12 2.32
577.44 2.38
577.68 2.32
578.4 2.32
579.36 2.31
580.44 2.32
580.92 2.26
581.88 2.21
582.72 2.21
583.56 2.2
584.4 2.2
585.12 2.2
585.96 2.2
587.16 2.22
588.48 2.26
588.96 2.23
589.44 2.23
590.16 2.22
591.6 2.2
591.96 2.19
593.52 2.25
593.64 2.26
594.36 2.25
595.2 2.23
596.52 2.23
597.12 2.25
597.72 2.25
599.52 2.31
600.24 2.3
601.44 2.32
601.92 2.32
602.76 2.31
603.72 2.29
605.16 2.31
605.28 2.3
606.12 2.26
607.2 2.28
607.8 2.25
608.88 2.21
609.48 2.14
610.32 2.13
611.76 2.12
612.24 2.13
612.84 2.13
613.68 2.12
614.64 2.1
616.44 2.18
616.56 2.2
617.04 2.19
617.88 2.18
618.84 2.18
619.68 2.19
620.4 2.19
621.24 2.16
622.08 2.1
623.04 2.07
624.24 2.1
624.96 2.13
625.56 2.09
627.36 2.16
628.08 2.11
629.16 2.13
629.64 2.13
630.96 2.16
631.32 2.13
632.4 2.13
633.84 2.19
633.96 2.13
635.04 2.15
635.52 2.13
637.08 2.18
637.2 2.18
638.88 2.23
639.12 2.2
640.08 2.23
640.8 2.24
641.4 2.23
642.24 2.23
643.08 2.21
644.4 2.24
645.0 2.26
646.44 2.28
646.56 2.27
647.76 2.31
648.24 2.32
649.2 2.32
650.16 2.27
651.48 2.31
653.28 2.38
654.12 2.39
655.08 2.4
655.8 2.4
657.36 2.46
657.48 2.47
658.92 2.52
659.04 2.51
659.88 2.48
661.08 2.48
662.04 2.5
663.96 2.54
664.08 2.59
664.2 2.58
665.04 2.59
665.76 2.55
666.96 2.58
667.44 2.56
668.28 2.5
669.12 2.49
670.32 2.49
670.92 2.5
672.24 2.49
672.6 2.5
673.32 2.43
674.16 2.41
675.24 2.41
676.56 2.44
677.64 2.51
677.76 2.53
679.44 2.61
680.64 2.62
681.6 2.66
681.72 2.59
683.28 2.64
683.76 2.63
684.36 2.63
685.08 2.61
686.04 2.59
687.0 2.55
688.68 2.56
689.04 2.59
689.52 2.59
690.12 2.59
691.08 2.53
692.4 2.57
692.76 2.52
693.72 2.54
694.44 2.55
696.24 2.6
697.32 2.67
697.44 2.59
697.8 2.54
699.0 2.57
699.48 2.57
700.68 2.6
701.28 2.59
701.88 2.59
703.2 2.63
703.56 2.63
704.64 2.62
705.72 2.65
706.44 2.63
707.76 2.68
708.84 2.7
709.44 2.7
710.28 2.68
711.24 2.64
712.08 2.58
712.8 2.56
713.76 2.49
715.32 2.5
716.76 2.5
717.36 2.52
718.08 2.49
719.52 2.52
720.48 2.52
721.8 2.57
722.4 2.59
723.0 2.58
724.68 2.57
725.16 2.57
725.64 2.57
726.36 2.58
727.32 2.59
727.92 2.54
728.76 2.53
729.72 2.52
730.68 2.53
731.4 2.46
732.36 2.38
733.08 2.34
733.92 2.34
735.0 2.33
735.6 2.33
736.32 2.3
737.16 2.28
738.72 2.33
739.08 2.32
739.8 2.32
740.52 2.31
741.48 2.28
742.2 2.25
743.64 2.23
744.0 2.23
745.56 2.29
746.52 2.3
747.24 2.29
748.08 2.28
749.16 2.3
750.48 2.34
750.6 2.28
752.28 2.3
753.48 2.3
753.96 2.28
755.04 2.23
756.48 2.29
756.6 2.25
757.56 2.24
758.52 2.26
759.0 2.19
759.96 2.15
761.04 2.16
761.76 2.17
762.6 2.17
763.2 2.17
764.64 2.22
765.96 2.29
767.04 2.31
767.4 2.3
768.36 2.29
769.08 2.28
770.16 2.29
771.0 2.28
771.72 2.28
773.4 2.35
773.76 2.39
774.24 2.34
775.44 2.36
775.92 2.36
776.88 2.38
778.2 2.42
778.68 2.45
779.52 2.43
780.0 2.42
781.44 2.41
782.16 2.43
782.52 2.43
783.72 2.46
785.16 2.51
785.88 2.52
786.0 2.53
786.84 2.48
787.56 2.45
789.36 2.52
789.6 2.53
790.68 2.51
791.4 2.54
792.12 2.55
793.2 2.57
793.68 2.59
794.52 2.59
795.24 2.58
796.44 2.59
796.92 2.59
798.24 2.63
799.2 2.64
800.16 2.62
801.0 2.59
802.44 2.63
803.28 2.67
803.64 2.67
804.6 2.67
805.32 2.67
806.28 2.67
806.88 2.6
807.84 2.58
808.8 2.59
809.76 2.58
810.6 2.59
811.2 2.59
812.52 2.58
813.36 2.59
813.6 2.57
814.92 2.6
815.52 2.58
816.24 2.55
817.2 2.57
818.04 2.56
818.76 2.5
819.48 2.43
820.32 2.42
821.52 2.44
822.6 2.49
822.84 2.41
823.8 2.4
824.52 2.35
825.48 2.32
827.04 2.36
827.88 2.38
828.24 2.39
828.84 2.38
829.68 2.38
831.0 2.39
831.96 2.43
832.92 2.45
833.76 2.46
833.88 2.41
834.6 2.41
835.68 2.38
836.76 2.37
837.24 2.37
838.08 2.36
838.92 2.36
839.76 2.35
840.48 2.35
841.8 2.38
842.28 2.37
843.12 2.35
844.08 2.34
845.52 2.4
846.84 2.39
847.56 2.37
848.04 2.37
849.0 2.34
849.84 2.33
850.68 2.33
851.52 2.32
852.24 2.31
853.68 2.34
854.52 2.39
855.24 2.42
855.72 2.41
857.28 2.42
858.12 2.49
859.08 2.49
859.92 2.5
860.64 2.49
861.48 2.42
862.44 2.37
863.4 2.36
864.12 2.36
864.84 2.35
865.68 2.31
867.24 2.31
867.36 2.24
868.2 2.18
869.64 2.22
869.88 2.22
870.84 2.21
872.04 2.21
872.52 2.21
873.24 2.2
874.2 2.2
874.92 2.19
876.36 2.23
876.72 2.21
877.56 2.21
878.76 2.23
879.96 2.28
880.08 2.23
880.8 2.19
881.76 2.17
882.6 2.18
883.32 2.17
884.4 2.18
885.12 2.18
885.96 2.18
886.92 2.2
887.52 2.15
888.84 2.14
889.2 2.11
890.16 2.11
891.36 2.08
891.96 2.04
892.68 2.04
893.64 2.05
894.72 2.08
895.56 2.12
896.16 2.13
896.76 2.11
897.96 2.13
898.56 2.14
899.28 2.14
901.08 2.15
901.68 2.21
902.76 2.28
904.2 2.29
904.32 2.29
905.52 2.31
906.12 2.28
906.84 2.27
908.04 2.3
909.0 2.32
909.6 2.34
910.32 2.31
911.04 2.3
912.12 2.31
912.72 2.27
914.28 2.26
914.64 2.27
915.96 2.32
916.08 2.32
917.28 2.33
918.12 2.36
918.6 2.34
919.44 2.33
920.28 2.32
921.36 2.32
922.2 2.34
922.92 2.32
923.64 2.32
924.48 2.31
925.56 2.29
926.28 2.28
927.12 2.28
929.16 2.36
929.52 2.39
930.36 2.41
931.44 2.41
932.64 2.46
932.88 2.43
934.44 2.48
935.64 2.56
936.84 2.59
937.08 2.6
938.52 2.58
938.88 2.53
939.96 2.56
941.76 2.63
942.36 2.7
944.04 2.78
944.64 2.76
945.6 2.73
946.32 2.71
947.16 2.7
948.6 2.75
949.44 2.77
950.16 2.81
950.88 2.78
951.96 2.81
952.32 2.76
953.4 2.79
954.24 2.79
954.84 2.77
955.56 2.77
956.52 2.78
957.36 2.79
958.2 2.78
959.04 2.77
959.88 2.77
960.72 2.78
961.56 2.79
963.24 2.85
963.36 2.85
963.96 2.85
965.04 2.76
966.24 2.75
966.84 2.71
967.32 2.69
968.52 2.67
969.0 2.67
970.2 2.65
970.68 2.57
971.76 2.48
972.84 2.45
973.32 2.41
974.28 2.42
976.08 2.49
976.2 2.42
977.16 2.39
977.52 2.32
978.6 2.34
979.44 2.36
980.16 2.38
980.76 2.38
981.72 2.34
982.56 2.31
983.28 2.27
984.24 2.25
985.8 2.27
986.16 2.29
986.88 2.28
988.32 2.32
989.16 2.31
990.0 2.31
990.96 2.31
992.76 2.38
993.0 2.41
993.36 2.4
994.8 2.43
996.0 2.5
996.12 2.5
996.72 2.43
998.04 2.45
998.88 2.49
999.24 2.47
1000.68 2.47
1001.04 2.45
1001.88 2.46
1002.72 2.44
1003.56 2.45
1004.28 2.42
1005.36 2.44
1005.96 2.42
1007.76 2.46
1008.96 2.49
1009.44 2.48
1010.4 2.41
1011.24 2.39
1012.32 2.38
1013.4 2.42
1013.64 2.41
1014.84 2.41
1015.32 2.41
1016.4 2.43
1017.24 2.45
1017.96 2.46
1018.8 2.48
1019.64 2.49
1020.6 2.45
1021.32 2.44
1021.92 2.42
1022.88 2.37
1023.84 2.39
1024.92 2.42
1025.88 2.46
1026.96 2.44
1027.68 2.46
1028.04 2.48
1028.64 2.43
1030.2 2.41
1030.56 2.41
1031.16 2.41
1032.36 2.41
1032.96 2.38
1034.04 2.41
1035.36 2.42
1035.84 2.45
1036.32 2.45
1038.24 2.53
1038.84 2.59
1039.32 2.64
1039.68 2.63
1041.0 2.67
1041.36 2.61
1042.2 2.59
1043.04 2.59
1043.76 2.57
1044.6 2.55
1045.56 2.52
1046.52 2.49
1047.24 2.49
1047.96 2.45
1048.92 2.45
1050.0 2.45
1050.84 2.45
1051.32 2.43
1052.64 2.45
1053.0 2.43
1053.84 2.41
1055.04 2.41
1055.76 2.43
1056.84 2.46
1057.44 2.46
1058.04 2.42
1059.24 2.41
1059.72 2.34
1060.68 2.3
1061.76 2.31
1062.72 2.34
1063.56 2.32
1064.28 2.33
1065.12 2.36
1066.44 2.4
1066.8 2.41
1067.28 2.39
1068.48 2.35
1069.32 2.34
1069.8 2.33
1070.76 2.25
1071.96 2.22
1072.92 2.22
1073.16 2.21
1074.6 2.21
1075.56 2.25
1076.4 2.3
1076.52 2.29
1077.48 2.3
1078.2 2.3
1079.16 2.3
1080.36 2.32
1080.84 2.32
1082.04 2.35
1082.88 2.38
1083.48 2.37
1084.32 2.36
1085.16 2.38
1085.76 2.34
1087.44 2.41
1087.56 2.41
1088.28 2.39
1089.84 2.42
1090.08 2.4
1091.04 2.4
1092.0 2.42
1092.72 2.41
1093.44 2.42
1094.28 2.42
1095.0 2.4
1095.84 2.36
1098.0 2.42
1098.48 2.41
1099.32 2.39
1100.16 2.33
1101.6 2.36
1101.72 2.36
1102.56 2.33
1103.88 2.34
1104.48 2.36
1105.08 2.35
1106.52 2.36
1106.76 2.32
1107.6 2.32
1109.16 2.32
1109.52 2.29
1110.24 2.24
1110.96 2.24
1112.28 2.27
1112.88 2.29
1113.84 2.31
1115.16 2.33
1115.28 2.33
1116.36 2.32
1116.84 2.29
1118.04 2.3
1118.76 2.3
1119.72 2.31
1120.56 2.33
1121.28 2.29
1122.0 2.29
1122.96 2.31
1124.04 2.29
1124.76 2.31
1125.36 2.3
1126.56 2.31
1127.64 2.34
1128.12 2.36
1128.84 2.37
1130.4 2.44
1130.52 2.46
1131.24 2.37
1132.32 2.39
1133.16 2.41
1133.76 2.41
1134.48 2.35
1135.32 2.35
1136.4 2.37
1137.24 2.35
1138.32 2.37
1138.8 2.38
1139.52 2.33
1140.96 2.38
1141.2 2.38
1142.28 2.34
1143.36 2.36
1143.96 2.37
1145.04 2.41
1145.52 2.38
1147.08 2.42
1147.8 2.45
1148.16 2.41
1149.12 2.42
1149.72 2.41
1151.28 2.47
1151.52 2.46
1152.96 2.5
1153.44 2.51
1154.52 2.54
1154.76 2.53
1155.48 2.52
1156.68 2.53
1157.16 2.5
1158.0 2.47
1158.84 2.46
1159.68 2.42
1160.88 2.4
1161.6 2.39
1162.2 2.37
1163.16 2.31
1164.12 2.31
1164.72 2.3
1165.68 2.28
1166.52 2.26
1167.36 2.26
1168.08 2.26
1169.64 2.32
1170.0 2.32
1170.6 2.3
1171.68 2.28
1172.64 2.3
1173.12 2.3
1174.2 2.27
1175.04 2.29
1175.88 2.29
1176.48 2.25
1177.44 2.24
1178.16 2.21
1179.84 2.26
1180.8 2.27
1181.64 2.23
1182.36 2.21
1183.56 2.21
1184.4 2.23
1185.0 2.17
1186.2 2.19
1186.92 2.15
1187.52 2.13
1188.6 2.1
1189.32 2.11
1190.28 2.14
1191.0 2.13
1191.6 2.13
1192.92 2.16
1194.24 2.23
1194.96 2.23
1196.76 2.28
1197.6 2.27
1198.92 2.32
1199.52 2.33
1206.72 2.82
1208.4 2.88
1209.48 2.89
1210.08 2.88
1211.04 2.88
1212.0 2.9
1213.32 2.9
1213.44 2.88
1215.12 2.94
1215.24 2.94
1216.92 2.98
1218.36 3.03
1218.96 3.05
1219.44 3.04
1220.28 3.03
1221.0 3.03
1222.56 3.08
1222.68 3.08
1224.48 3.09
1224.72 3.04
1225.56 3.06
1226.64 3.11
1227.36 3.12
1228.08 3.12
1229.16 3.15
1229.64 3.13
1230.6 3.13
1231.56 3.16
1232.76 3.2
1232.88 3.19
1233.6 3.16
1234.56 3.15
1235.52 3.17
1236.24 3.14
1236.96 3.07
1237.92 3.08
1238.88 3.03
1240.32 3.08
1241.88 3.09
1242.0 3.06
1243.32 2.59
1243.8 2.54
1244.88 2.55
1245.36 2.55
1246.32 2.55
1247.04 2.53
1248.72 2.54
1248.84 2.55
1249.56 2.49
1250.88 2.51
1251.36 2.45
1252.32 2.41
1253.04 2.39
1253.76 2.38
1254.72 2.38
1255.56 2.39
1257.48 2.42
1258.8 2.49
1260.0 2.44
1260.48 2.41
1262.28 2.46
1263.12 2.42
1264.32 2.42
1265.04 2.42
1266.36 2.44
1266.48 2.43
1267.2 2.41
1268.04 2.37
1269.0 2.32
1271.04 2.41
1271.4 2.47
1271.52 2.47
1272.84 2.5
1273.08 2.49
1274.04 2.5
1274.88 2.5
1275.72 2.49
1276.56 2.43
1277.28 2.38
1278.24 2.39
1278.96 2.35
1280.04 2.36
1280.64 2.33
1282.32 2.4
1282.8 2.42
1283.4 2.44
1284.12 2.39
1285.32 2.41
1286.52 2.48
1287.6 2.52
1288.2 2.58
1288.32 2.57
1289.04 2.56
1289.88 2.56
1291.2 2.59
1291.8 2.59
1292.4 2.5
1293.6 2.47
1294.08 2.44
1294.92 2.44
1296.0 2.39
1297.08 2.41
1297.68 2.4
1298.4 2.38
1299.24 2.32
1300.8 2.38
1301.64 2.44
1301.76 2.45
1302.72 2.46
1303.68 2.39
1304.28 2.33
1305.12 2.33
1306.56 2.34
1308.24 2.46
1308.48 2.52
1309.8 2.62
1310.04 2.61
1310.88 2.6
1311.96 2.62
1312.56 2.61
1313.76 2.64
1314.24 2.62
1316.04 2.69
1316.52 2.67
1317.6 2.7
1317.72 2.69
1318.8 2.71
1319.52 2.69
1320.12 2.63
1321.32 2.58
1321.92 2.52
1322.88 2.53
1323.6 2.54
1324.32 2.54
1325.4 2.52
1326.36 2.53
1327.56 2.59
1328.64 2.63
1328.76 2.65
1329.36 2.65
1330.32 2.64
1331.16 2.61
1331.88 2.59
1332.72 2.59
1334.28 2.63
1335.36 2.64
1336.44 2.6
1337.16 2.61
1337.88 2.6
1338.6 2.58
1339.56 2.58
1341.12 2.63
1341.72 2.62
1341.96 2.5
1342.8 2.43
1343.64 2.32
1344.48 2.32
1345.32 2.32
1346.64 2.34
1347.36 2.37
1347.96 2.35
1349.4 2.41
1349.64 2.34
