0.0 6006.0
1.2 6066.0
2.4 6126.0
3.6 6185.99
4.8 6245.97
6.0 6305.95
7.2 6365.93
8.4 6425.89
9.6 6485.85
10.8 6545.79
12.0 6605.73
13.2 6665.65
14.4 6725.57
15.6 6785.47
16.8 6845.36
18.0 6905.25
19.2 6965.12
20.4 7024.97
21.6 7084.82
22.8 7144.65
24.0 7204.48
25.2 7264.29
26.4 7324.09
27.6 7383.87
28.8 7443.65
30.0 7503.41
31.2 7563.17
32.4 7622.91
33.6 7682.64
34.8 7742.36
36.0 7802.07
37.2 7861.76
38.4 7921.45
39.6 7981.12
40.8 8040.79
42.0 8100.44
43.2 8160.09
44.4 8219.72
45.6 8279.34
46.8 8338.96
48.0 8398.56
49.2 8458.15
50.4 8517.74
51.6 8577.31
52.8 8636.87
54.0 8696.43
55.2 8755.98
56.4 8815.51
57.6 8875.04
58.8 8934.56
60.0 8994.07
61.2 9053.57
62.4 9113.07
63.6 9172.55
64.8 9232.03
66.0 9291.5
67.2 9350.96
68.4 9410.41
69.6 9469.85
70.8 9529.29
72.0 9588.72
73.2 9648.14
74.4 9707.56
75.6 9766.97
76.8 9826.37
78.0 9885.76
79.2 9945.14
80.4 10004.52
81.6 10063.89
82.8 10123.26
84.0 10182.62
85.2 10241.97
86.4 10301.32
87.6 10360.66
88.8 10419.99
90.0 10479.31
91.2 10538.64
92.4 10597.95
93.6 10657.26
94.8 10716.56
96.0 10775.86
97.2 10835.15
98.4 10894.43
99.6 10953.71
100.8 11012.99
102.0 11072.26
103.2 11131.52
104.4 11190.78
105.6 11250.03
106.8 11309.28
108.0 11368.52
109.2 11427.76
110.4 11486.99
111.6 11546.22
112.8 11605.44
114.0 11664.66
115.2 11723.87
116.4 11783.08
117.6 11842.28
118.8 11901.48
120.0 11960.68
121.2 12019.87
122.4 12079.05
123.6 12138.24
124.8 12197.41
126.0 12256.59
127.2 12315.76
128.4 12374.92
129.6 12434.09
130.8 12493.24
132.0 12552.4
133.2 12611.55
134.4 12670.69
135.6 12729.84
136.8 12788.98
138.0 12848.11
139.2 12907.24
140.4 12966.37
141.6 13025.5
142.8 13084.62
144.0 13143.73
145.2 13202.85
146.4 13261.96
147.6 13321.07
148.8 13380.17
150.0 13439.27
151.2 13498.37
152.4 13557.47
153.6 13616.56
154.8 13675.65
156.0 13734.73
157.2 13793.82
158.4 13852.9
159.6 13911.97
160.8 13971.05
162.0 14030.12
163.2 14089.19
164.4 14148.26
165.6 14207.32
166.8 14266.38
168.0 14325.44
169.2 14384.49
170.4 14443.55
171.6 14502.6
172.8 14561.65
174.0 14620.69
175.2 14679.73
176.4 14738.78
177.6 14797.81
178.8 14856.85
180.0 14915.88
181.2 14974.92
182.4 15033.95
183.6 15092.97
184.8 15152.0
186.0 15211.02
187.2 15270.04
188.4 15329.06
189.6 15388.08
190.8 15447.09
192.0 15506.11
193.2 15565.12
194.4 15624.13
195.6 15683.13
196.8 15742.14
198.0 15801.14
199.2 15860.15
200.4 15919.15
201.6 15978.14
202.8 16037.14
204.0 16096.13
205.2 16155.13
206.4 16214.12
207.6 16273.11
208.8 16332.1
210.0 16391.08
211.2 16450.07
212.4 16509.05
213.6 16568.03
214.8 16627.01
216.0 16685.99
217.2 16744.97
218.4 16803.94
219.6 16862.92
220.8 16921.89
222.0 16980.86
223.2 17039.83
224.4 17098.8
225.6 17157.77
226.8 17216.74
228.0 17275.7
229.2 17334.66
230.4 17393.63
231.6 17452.59
232.8 17511.55
234.0 17570.5
235.2 17629.46
236.4 17688.42
237.6 17747.37
238.8 17806.33
240.0 17865.28
241.2 17924.23
242.4 17983.18
243.6 18042.13
244.8 18101.08
246.0 18160.02
247.2 18218.97
248.4 18277.92
249.6 18336.86
250.8 18395.8
252.0 18454.74
253.2 18513.69
254.4 18572.63
255.6 18631.56
256.8 18690.5
258.0 18749.44
259.2 18808.38
260.4 18867.31
261.6 18926.25
262.8 18985.18
264.0 19044.11
265.2 19103.04
266.4 19161.97
267.6 19220.9
268.8 19279.83
270.0 19338.76
271.2 19397.69
272.4 19456.62
273.6 19515.54
274.8 19574.47
276.0 19633.39
277.2 19692.32
278.4 19751.24
279.6 19810.16
280.8 19869.08
282.0 19928.0
283.2 19986.92
284.4 20045.84
285.6 20104.76
286.8 20163.68
288.0 20222.6
289.2 20281.51
290.4 20340.43
291.6 20399.35
292.8 20458.26
294.0 20517.17
295.2 20576.09
296.4 20635.0
297.6 20693.91
298.8 20752.82
300.0 20811.74
301.2 20870.65
302.4 20929.56
303.6 20988.47
304.8 21047.37
306.0 21106.28
307.2 21165.19
308.4 21224.1
309.6 21283.01
310.8 21341.91
312.0 21400.82
313.2 21459.72
314.4 21518.63
315.6 21577.53
316.8 21636.44
318.0 21695.34
319.2 21754.24
320.4 21813.14
321.6 21872.05
322.8 21930.95
324.0 21989.85
325.2 22048.75
326.4 22107.65
327.6 22166.55
328.8 22225.45
330.0 22284.35
331.2 22343.24
332.4 22402.14
333.6 22461.04
334.8 22519.94
336.0 22578.83
337.2 22637.73
338.4 22696.63
339.6 22755.52
340.8 22814.42
342.0 22873.31
343.2 22932.21
344.4 22991.1
345.6 23049.99
346.8 23108.89
348.0 23167.78
349.2 23226.67
350.4 23285.57
351.6 23344.46
352.8 23403.35
354.0 23462.24
355.2 23521.13
356.4 23580.02
357.6 23638.91
358.8 23697.8
360.0 23756.69
361.2 23815.58
362.4 23874.47
363.6 23933.36
364.8 23992.25
366.0 24051.14
367.2 24110.03
368.4 24168.92
369.6 24227.81
370.8 24286.69
372.0 24345.58
373.2 24404.47
374.4 24463.35
375.6 24522.24
376.8 24581.13
378.0 24640.01
379.2 24698.9
380.4 24757.78
381.6 24816.67
382.8 24875.56
384.0 24934.44
385.2 24993.33
386.4 25052.21
387.6 25111.09
388.8 25169.98
390.0 25228.86
391.2 25287.75
392.4 25346.63
393.6 25405.51
394.8 25464.39
396.0 25523.28
397.2 25582.16
398.4 25641.04
399.6 25699.93
400.8 25758.81
402.0 25817.69
403.2 25876.57
404.4 25935.45
405.6 25994.33
406.8 26053.21
408.0 26112.1
409.2 26170.98
410.4 26229.86
411.6 26288.74
412.8 26347.62
414.0 26406.5
415.2 26465.38
416.4 26524.26
417.6 26583.14
418.8 26642.02
420.0 26700.9
421.2 26759.77
422.4 26818.65
423.6 26877.53
424.8 26936.41
426.0 26995.29
427.2 27054.17
428.4 27113.05
429.6 27171.92
430.8 27230.8
432.0 27289.68
433.2 27348.56
434.4 27407.44
435.6 27466.31
436.8 27525.19
438.0 27584.07
439.2 27642.94
440.4 27701.82
441.6 27760.7
442.8 27819.58
444.0 27878.45
445.2 27937.33
446.4 27996.2
447.6 28055.08
448.8 28113.96
450.0 28172.83
451.2 28231.71
452.4 28290.58
453.6 28349.46
454.8 28408.34
456.0 28467.21
457.2 28526.09
458.4 28584.96
459.6 28643.84
460.8 28702.71
462.0 28761.59
463.2 28820.46
464.4 28879.34
465.6 28938.21
466.8 28997.09
468.0 29055.96
469.2 29114.83
470.4 29173.71
471.6 29232.58
472.8 29291.46
474.0 29350.33
475.2 29409.2
476.4 29468.08
477.6 29526.95
478.8 29585.83
480.0 29644.7
481.2 29703.57
482.4 29762.45
483.6 29821.32
484.8 29880.19
486.0 29939.07
487.2 29997.94
488.4 30056.81
489.6 30115.69
490.8 30174.56
492.0 30233.43
493.2 30292.3
494.4 30351.18
495.6 30410.05
496.8 30468.92
498.0 30527.8
499.2 30586.67
500.4 30645.54
501.6 30704.41
502.8 30763.28
504.0 30822.16
505.2 30881.03
506.4 30939.9
507.6 30998.77
508.8 31057.65
510.0 31116.52
511.2 31175.39
512.4 31234.26
513.6 31293.13
514.8 31352.0
516.0 31410.88
517.2 31469.75
518.4 31528.62
519.6 31587.49
520.8 31646.36
522.0 31705.23
523.2 31764.11
524.4 31822.98
525.6 31881.85
526.8 31940.72
528.0 31999.59
529.2 32058.46
530.4 32117.33
531.6 32176.2
532.8 32235.07
534.0 32293.95
535.2 32352.82
536.4 32411.69
537.6 32470.56
538.8 32529.43
540.0 32588.3
541.2 32647.17
542.4 32706.04
543.6 32764.91
544.8 32823.78
546.0 32882.65
547.2 32941.52
548.4 33000.39
549.6 33059.26
550.8 33118.14
552.0 33177.01
553.2 33235.88
554.4 33294.75
555.6 33353.62
556.8 33412.49
558.0 33471.36
559.2 33530.23
560.4 33589.1
561.6 33647.97
562.8 33706.84
564.0 33765.71
565.2 33824.58
566.4 33883.45
567.6 33942.32
568.8 34001.19
570.0 34060.06
571.2 34118.93
572.4 34177.8
573.6 34236.67
574.8 34295.54
576.0 34354.41
577.2 34413.28
578.4 34472.15
579.6 34531.02
580.8 34589.89
582.0 34648.76
583.2 34707.63
584.4 34766.5
585.6 34825.37
586.8 34884.24
588.0 34943.11
589.2 35001.98
590.4 35060.85
591.6 35119.72
592.8 35178.59
594.0 35237.46
595.2 35296.33
596.4 35355.2
597.6 35414.07
598.8 35472.94
600.0 35531.81
601.2 35590.68
602.4 35649.55
603.6 35708.42
604.8 35767.29
606.0 35826.16
607.2 35885.03
608.4 35943.9
609.6 36002.77
610.8 36061.64
612.0 36120.5
613.2 36179.37
614.4 36238.24
615.6 36297.11
616.8 36355.98
618.0 36414.85
619.2 36473.72
620.4 36532.59
621.6 36591.46
622.8 36650.33
624.0 36709.2
625.2 36768.07
626.4 36826.94
627.6 36885.81
628.8 36944.68
630.0 37003.54
631.2 37062.41
632.4 37121.28
633.6 37180.15
634.8 37239.02
636.0 37297.89
637.2 37356.76
638.4 37415.63
639.6 37474.5
640.8 37533.37
642.0 37592.23
643.2 37651.1
644.4 37709.97
645.6 37768.84
646.8 37827.71
648.0 37886.58
649.2 37945.45
650.4 38004.32
651.6 38063.19
652.8 38122.05
654.0 38180.92
655.2 38239.79
656.4 38298.66
657.6 38357.53
658.8 38416.4
660.0 38475.27
661.2 38534.14
662.4 38593.0
663.6 38651.87
664.8 38710.74
666.0 38769.61
667.2 38828.48
668.4 38887.35
669.6 38946.21
670.8 39005.08
672.0 39063.95
673.2 39122.82
674.4 39181.69
675.6 39240.56
676.8 39299.42
678.0 39358.29
679.2 39417.16
680.4 39476.03
681.6 39534.9
682.8 39593.76
684.0 39652.63
685.2 39711.5
686.4 39770.37
687.6 39829.24
688.8 39888.1
690.0 39946.97
691.2 40005.84
692.4 40064.71
693.6 40123.58
694.8 40182.44
696.0 40241.31
697.2 40300.18
698.4 40359.05
699.6 40417.92
700.8 40476.78
702.0 40535.65
703.2 40594.52
704.4 40653.39
705.6 40712.26
706.8 40771.13
708.0 40829.99
709.2 40888.86
710.4 40947.73
711.6 41006.6
712.8 41065.47
714.0 41124.33
715.2 41183.2
716.4 41242.07
717.6 41300.94
718.8 41359.81
720.0 41418.68
721.2 41477.54
722.4 41536.41
723.6 41595.28
724.8 41654.15
726.0 41713.02
727.2 41771.88
728.4 41830.75
729.6 41889.62
730.8 41948.49
732.0 42007.36
733.2 42066.22
734.4 42125.09
735.6 42183.96
736.8 42242.83
738.0 42301.7
739.2 42360.57
740.4 42419.43
741.6 42478.3
742.8 42537.17
744.0 42596.04
745.2 42654.91
746.4 42713.77
747.6 42772.64
748.8 42831.51
750.0 42890.38
751.2 42949.25
752.4 43008.11
753.6 43066.98
754.8 43125.85
756.0 43184.72
757.2 43243.59
758.4 43302.45
759.6 43361.32
760.8 43420.19
762.0 43479.06
763.2 43537.93
764.4 43596.79
765.6 43655.66
766.8 43714.53
768.0 43773.4
769.2 43832.27
770.4 43891.13
771.6 43950.0
772.8 44008.87
774.0 44067.74
775.2 44126.61
776.4 44185.47
777.6 44244.34
778.8 44303.21
780.0 44362.08
781.2 44420.94
782.4 44479.81
783.6 44538.68
784.8 44597.55
786.0 44656.42
787.2 44715.28
788.4 44774.15
789.6 44833.02
790.8 44891.89
792.0 44950.76
793.2 45009.62
794.4 45068.49
795.6 45127.36
796.8 45186.23
798.0 45245.1
799.2 45303.96
800.4 45362.83
801.6 45421.71
802.8 45480.61
804.0 45539.55
805.2 45598.55
806.4 45657.61
807.6 45716.75
808.8 45775.97
810.0 45835.28
811.2 45894.68
812.4 45954.19
813.6 46013.8
814.8 46073.53
816.0 46133.36
817.2 46193.31
818.4 46253.38
819.6 46313.56
820.8 46373.87
822.0 46434.29
823.2 46494.83
824.4 46555.49
825.6 46616.28
826.8 46677.18
828.0 46738.2
829.2 46799.34
830.4 46860.6
831.6 46921.98
832.8 46983.47
834.0 47045.08
835.2 47106.8
836.4 47168.64
837.6 47230.59
838.8 47292.65
840.0 47354.82
841.2 47417.1
842.4 47479.49
843.6 47541.98
844.8 47604.58
846.0 47667.28
847.2 47730.09
848.4 47793.0
849.6 47856.01
850.8 47919.11
852.0 47982.32
853.2 48045.62
854.4 48109.02
855.6 48172.51
856.8 48236.09
858.0 48299.77
859.2 48363.54
860.4 48427.39
861.6 48491.34
862.8 48555.37
864.0 48619.49
865.2 48683.69
866.4 48747.98
867.6 48812.34
868.8 48876.79
870.0 48941.32
871.2 49005.93
872.4 49070.62
873.6 49135.39
874.8 49200.23
876.0 49265.14
877.2 49330.13
878.4 49395.2
879.6 49460.33
880.8 49525.54
882.0 49590.82
883.2 49656.16
884.4 49721.58
885.6 49787.06
886.8 49852.61
888.0 49918.22
889.2 49983.9
890.4 50049.64
891.6 50115.45
892.8 50181.32
894.0 50247.25
895.2 50313.24
896.4 50379.28
897.6 50445.39
898.8 50511.56
900.0 50577.78
901.2 50644.06
902.4 50710.4
903.6 50776.79
904.8 50843.23
906.0 50909.73
907.2 50976.28
908.4 51042.89
909.6 51109.54
910.8 51176.25
912.0 51243.0
913.2 51309.81
914.4 51376.66
915.6 51443.56
916.8 51510.51
918.0 51577.51
919.2 51644.55
920.4 51711.63
921.6 51778.77
922.8 51845.94
924.0 51913.16
925.2 51980.42
926.4 52047.73
927.6 52115.08
928.8 52182.46
930.0 52249.89
931.2 52317.36
932.4 52384.87
933.6 52452.42
934.8 52520.01
936.0 52587.63
937.2 52655.29
938.4 52722.99
939.6 52790.73
940.8 52858.5
942.0 52926.31
943.2 52994.15
944.4 53062.03
945.6 53129.94
946.8 53197.89
948.0 53265.87
949.2 53333.88
950.4 53401.92
951.6 53470.0
952.8 53538.11
954.0 53606.25
955.2 53674.41
956.4 53742.61
957.6 53810.84
958.8 53879.1
960.0 53947.39
961.2 54015.71
962.4 54084.05
963.6 54152.42
964.8 54220.82
966.0 54289.25
967.2 54357.7
968.4 54426.18
969.6 54494.69
970.8 54563.22
972.0 54631.78
973.2 54700.36
974.4 54768.97
975.6 54837.6
976.8 54906.25
978.0 54974.93
979.2 55043.63
980.4 55112.36
981.6 55181.11
982.8 55249.88
984.0 55318.67
985.2 55387.48
986.4 55456.32
987.6 55525.18
988.8 55594.05
990.0 55662.95
991.2 55731.87
992.4 55800.81
993.6 55869.77
994.8 55938.75
996.0 56007.74
997.2 56076.76
998.4 56145.8
999.6 56214.85
1000.8 56283.92
1002.0 56353.01
1003.2 56422.12
1004.4 56491.25
1005.6 56560.39
1006.8 56629.55
1008.0 56698.73
1009.2 56767.92
1010.4 56837.13
1011.6 56906.36
1012.8 56975.6
1014.0 57044.85
1015.2 57114.13
1016.4 57183.42
1017.6 57252.72
1018.8 57322.04
1020.0 57391.37
1021.2 57460.72
1022.4 57530.08
1023.6 57599.46
1024.8 57668.85
1026.0 57738.25
1027.2 57807.67
1028.4 57877.1
1029.6 57946.54
1030.8 58016.0
1032.0 58085.47
1033.2 58154.95
1034.4 58224.45
1035.6 58293.95
1036.8 58363.47
1038.0 58433.0
1039.2 58502.55
1040.4 58572.1
1041.6 58641.67
1042.8 58711.24
1044.0 58780.83
1045.2 58850.43
1046.4 58920.04
1047.6 58989.66
1048.8 59059.3
1050.0 59128.94
1051.2 59198.59
1052.4 59268.25
1053.6 59337.93
1054.8 59407.61
1056.0 59477.3
1057.2 59547.0
1058.4 59616.71
1059.6 59686.44
1060.8 59756.17
1062.0 59825.91
1063.2 59895.65
1064.4 59965.41
1065.6 60035.18
1066.8 60104.95
1068.0 60174.73
1069.2 60244.53
1070.4 60314.33
1071.6 60384.13
1072.8 60453.95
1074.0 60523.77
1075.2 60593.61
1076.4 60663.44
1077.6 60733.29
1078.8 60803.15
1080.0 60873.01
1081.2 60942.88
1082.4 61012.75
1083.6 61082.64
1084.8 61152.53
1086.0 61222.43
1087.2 61292.33
1088.4 61362.24
1089.6 61432.16
1090.8 61502.09
1092.0 61572.02
1093.2 61641.96
1094.4 61711.9
1095.6 61781.85
1096.8 61851.81
1098.0 61921.77
1099.2 61991.74
1100.4 62061.71
1101.6 62131.69
1102.8 62201.68
1104.0 62271.67
1105.2 62341.67
1106.4 62411.67
1107.6 62481.68
1108.8 62551.69
1110.0 62621.71
1111.2 62691.73
1112.4 62761.76
1113.6 62831.8
1114.8 62901.83
1116.0 62971.88
1117.2 63041.93
1118.4 63111.98
1119.6 63182.04
1120.8 63252.1
1122.0 63322.17
1123.2 63392.24
1124.4 63462.32
1125.6 63532.4
1126.8 63602.49
1128.0 63672.58
1129.2 63742.67
1130.4 63812.77
1131.6 63882.87
1132.8 63952.98
1134.0 64023.09
1135.2 64093.21
1136.4 64163.33
1137.6 64233.45
1138.8 64303.57
1140.0 64373.7
1141.2 64443.84
1142.4 64513.98
1143.6 64584.12
1144.8 64654.26
1146.0 64724.41
1147.2 64794.56
1148.4 64864.72
1149.6 64934.88
1150.8 65005.04
1152.0 65075.2
1153.2 65145.37
1154.4 65215.54
1155.6 65285.72
1156.8 65355.89
1158.0 65426.08
1159.2 65496.26
1160.4 65566.45
1161.6 65636.64
1162.8 65706.83
1164.0 65777.02
1165.2 65847.22
1166.4 65917.42
1167.6 65987.63
1168.8 66057.84
1170.0 66128.04
1171.2 66198.26
1172.4 66268.47
1173.6 66338.69
1174.8 66408.91
1176.0 66479.13
1177.2 66549.35
1178.4 66619.58
1179.6 66689.81
1180.8 66760.04
1182.0 66830.28
1183.2 66900.51
1184.4 66970.75
1185.6 67040.99
1186.8 67111.24
1188.0 67181.48
1189.2 67251.73
1190.4 67321.98
1191.6 67392.23
1192.8 67462.48
1194.0 67532.74
1195.2 67603.0
1196.4 67673.26
1197.6 67743.52
1198.8 67813.78
1200.0 67884.05
1201.2 67954.32
1202.4 68024.59
1203.6 68094.86
1204.8 68165.13
1206.0 68235.41
1207.2 68305.68
1208.4 68375.96
1209.6 68446.24
1210.8 68516.52
1212.0 68586.81
1213.2 68657.09
1214.4 68727.38
1215.6 68797.67
1216.8 68867.96
1218.0 68938.25
1219.2 69008.54
1220.4 69078.83
1221.6 69149.13
1222.8 69219.43
1224.0 69289.73
1225.2 69360.03
1226.4 69430.33
1227.6 69500.63
1228.8 69570.94
1230.0 69641.24
1231.2 69711.55
1232.4 69781.86
1233.6 69852.17
1234.8 69922.48
1236.0 69992.79
1237.2 70063.1
1238.4 70133.42
1239.6 70203.73
1240.8 70274.05
1242.0 70344.37
1243.2 70414.69
1244.4 70485.01
1245.6 70555.33
1246.8 70625.66
1248.0 70695.98
1249.2 70766.3
1250.4 70836.63
1251.6 70906.96
1252.8 70977.29
1254.0 71047.62
1255.2 71117.95
1256.4 71188.28
1257.6 71258.61
1258.8 71328.94
1260.0 71399.28
1261.2 71469.61
1262.4 71539.95
1263.6 71610.29
1264.8 71680.62
1266.0 71750.96
1267.2 71821.3
1268.4 71891.64
1269.6 71961.99
1270.8 72032.33
1272.0 72102.67
1273.2 72173.01
1274.4 72243.36
1275.6 72313.71
1276.8 72384.05
1278.0 72454.4
1279.2 72524.75
1280.4 72595.1
1281.6 72665.44
1282.8 72735.8
1284.0 72806.15
1285.2 72876.5
1286.4 72946.85
1287.6 73017.2
1288.8 73087.56
1290.0 73157.91
1291.2 73228.27
1292.4 73298.62
1293.6 73368.98
1294.8 73439.34
1296.0 73509.69
1297.2 73580.05
1298.4 73650.41
1299.6 73720.77
1300.8 73791.13
1302.0 73861.49
1303.2 73931.85
1304.4 74002.21
1305.6 74072.58
1306.8 74142.94
1308.0 74213.3
1309.2 74283.67
1310.4 74354.03
1311.6 74424.4
1312.8 74494.76
1314.0 74565.13
1315.2 74635.5
1316.4 74705.87
1317.6 74776.23
1318.8 74846.6
1320.0 74916.97
1321.2 74987.34
1322.4 75057.71
1323.6 75128.08
1324.8 75198.45
1326.0 75268.82
1327.2 75339.2
1328.4 75409.57
1329.6 75479.94
1330.8 75550.31
1332.0 75620.69
1333.2 75691.06
1334.4 75761.44
1335.6 75831.81
1336.8 75902.19
1338.0 75972.56
1339.2 76042.94
1340.4 76113.31
1341.6 76183.69
1342.8 76254.07
1344.0 76324.45
1345.2 76394.82
1346.4 76465.2
1347.6 76535.58
1348.8 76605.96
1350.0 76676.34
1351.2 76746.72
1352.4 76817.1
1353.6 76887.48
1354.8 76957.86
1356.0 77028.24
1357.2 77098.62
1358.4 77169.0
1359.6 77239.39
1360.8 77309.77
1362.0 77380.15
1363.2 77450.53
1364.4 77520.92
1365.6 77591.3
1366.8 77661.68
1368.0 77732.07
1369.2 77802.45
1370.4 77872.84
1371.6 77943.22
1372.8 78013.61
1374.0 78083.99
1375.2 78154.38
1376.4 78224.76
1377.6 78295.15
1378.8 78365.54
1380.0 78435.92
1381.2 78506.31
1382.4 78576.7
1383.6 78647.08
1384.8 78717.47
1386.0 78787.86
1387.2 78858.25
1388.4 78928.64
1389.6 78999.02
1390.8 79069.41
1392.0 79139.8
1393.2 79210.19
1394.4 79280.58
1395.6 79350.97
1396.8 79421.36
1398.0 79491.75
1399.2 79562.14
1400.4 79632.53
1401.6 79702.92
1402.8 79773.32
1404.0 79843.71
1405.2 79914.1
1406.4 79984.49
1407.6 80054.88
1408.8 80125.27
1410.0 80195.67
1411.2 80266.06
1412.4 80336.45
1413.6 80406.84
1414.8 80477.24
1416.0 80547.63
1417.2 80618.02
1418.4 80688.42
1419.6 80758.81
1420.8 80829.2
1422.0 80899.6
1423.2 80969.99
1424.4 81040.38
1425.6 81110.78
1426.8 81181.17
1428.0 81251.57
1429.2 81321.96
1430.4 81392.36
1431.6 81462.75
1432.8 81533.15
1434.0 81603.54
1435.2 81673.94
1436.4 81744.33
1437.6 81814.73
1438.8 81885.13
1440.0 81955.52
1441.2 82025.92
1442.4 82096.31
1443.6 82166.71
1444.8 82237.11
1446.0 82307.5
1447.2 82377.9
1448.4 82448.3
1449.6 82518.69
1450.8 82589.09
1452.0 82659.49
1453.2 82729.89
1454.4 82800.28
1455.6 82870.68
1456.8 82941.08
1458.0 83011.48
1459.2 83081.87
1460.4 83152.27
1461.6 83222.67
1462.8 83293.07
1464.0 83363.47
1465.2 83433.87
1466.4 83504.26
1467.6 83574.66
1468.8 83645.06
1470.0 83715.46
1471.2 83785.86
1472.4 83856.26
1473.6 83926.66
1474.8 83997.06
1476.0 84067.46
1477.2 84137.86
1478.4 84208.26
1479.6 84278.66
1480.8 84349.06
1482.0 84419.45
1483.2 84489.85
1484.4 84560.25
1485.6 84630.65
1486.8 84701.05
1488.0 84771.45
1489.2 84841.85
1490.4 84912.25
1491.6 84982.65
1492.8 85053.05
1494.0 85123.46
1495.2 85193.86
1496.4 85264.26
1497.6 85334.66
1498.8 85405.06
1500.0 85475.46
1501.2 85545.86
1502.4 85616.26
1503.6 85686.66
1504.8 85757.06
1506.0 85827.46
1507.2 85897.86
1508.4 85968.26
1509.6 86038.67
1510.8 86109.07
1512.0 86179.47
1513.2 86249.87
1514.4 86320.27
1515.6 86390.67
1516.8 86461.07
1518.0 86531.48
1519.2 86601.88
1520.4 86672.28
1521.6 86742.68
1522.8 86813.08
1524.0 86883.49
1525.2 86953.89
1526.4 87024.29
1527.6 87094.69
1528.8 87165.09
1530.0 87235.5
1531.2 87305.9
1532.4 87376.3
1533.6 87446.7
1534.8 87517.1
1536.0 87587.51
1537.2 87657.91
1538.4 87728.31
1539.6 87798.71
1540.8 87869.12
1542.0 87939.52
1543.2 88009.92
1544.4 88080.32
1545.6 88150.73
1546.8 88221.13
1548.0 88291.53
1549.2 88361.93
1550.4 88432.34
1551.6 88502.74
1552.8 88573.14
1554.0 88643.54
1555.2 88713.95
1556.4 88784.35
1557.6 88854.75
1558.8 88925.15
1560.0 88995.56
1561.2 89065.96
1562.4 89136.36
1563.6 89206.77
1564.8 89277.17
1566.0 89347.57
1567.2 89417.97
1568.4 89488.38
1569.6 89558.78
1570.8 89629.18
1572.0 89699.59
1573.2 89769.99
1574.4 89840.39
1575.6 89910.8
1576.8 89981.2
1578.0 90051.6
1579.2 90122.0
1580.4 90192.41
1581.6 90262.81
1582.8 90333.21
1584.0 90403.62
1585.2 90474.02
1586.4 90544.42
1587.6 90614.83
1588.8 90685.23
1590.0 90755.63
1591.2 90826.04
1592.4 90896.44
1593.6 90966.85
1594.8 91037.25
1596.0 91107.65
1597.2 91178.06
1598.4 91248.46
1599.6 91318.86
1600.8 91389.27
1602.0 91459.64
1603.2 91529.96
1604.4 91600.18
1605.6 91670.29
1606.8 91740.27
1608.0 91810.09
1609.2 91879.74
1610.4 91949.2
1611.6 92018.47
1612.8 92087.53
1614.0 92156.38
1615.2 92225.01
1616.4 92293.41
1617.6 92361.58
1618.8 92429.52
1620.0 92497.22
1621.2 92564.69
1622.4 92631.91
1623.6 92698.9
1624.8 92765.64
1626.0 92832.15
1627.2 92898.42
1628.4 92964.45
1629.6 93030.24
1630.8 93095.79
1632.0 93161.12
1633.2 93226.21
1634.4 93291.07
1635.6 93355.7
1636.8 93420.1
1638.0 93484.28
1639.2 93548.24
1640.4 93611.98
1641.6 93675.51
1642.8 93738.81
1644.0 93801.91
1645.2 93864.8
1646.4 93927.48
1647.6 93989.95
1648.8 94052.22
1650.0 94114.3
1651.2 94176.17
1652.4 94237.85
1653.6 94299.34
1654.8 94360.64
1656.0 94421.75
1657.2 94482.68
1658.4 94543.42
1659.6 94603.98
1660.8 94664.37
1662.0 94724.58
1663.2 94784.62
1664.4 94844.48
1665.6 94904.18
1666.8 94963.71
1668.0 95023.08
1669.2 95082.28
1670.4 95141.32
1671.6 95200.21
1672.8 95258.94
1674.0 95317.52
1675.2 95375.94
1676.4 95434.22
1677.6 95492.35
1678.8 95550.33
1680.0 95608.17
1681.2 95665.87
1682.4 95723.42
1683.6 95780.84
1684.8 95838.13
1686.0 95895.27
1687.2 95952.29
1688.4 96009.18
1689.6 96065.93
1690.8 96122.56
1692.0 96179.07
1693.2 96235.45
1694.4 96291.7
1695.6 96347.84
1696.8 96403.86
1698.0 96459.76
1699.2 96515.54
1700.4 96571.22
1701.6 96626.77
1702.8 96682.22
1704.0 96737.56
1705.2 96792.79
1706.4 96847.91
1707.6 96902.93
1708.8 96957.84
1710.0 97012.65
1711.2 97067.36
1712.4 97121.97
1713.6 97176.48
1714.8 97230.89
1716.0 97285.21
1717.2 97339.43
1718.4 97393.56
1719.6 97447.6
1720.8 97501.55
1722.0 97555.41
1723.2 97609.18
1724.4 97662.86
1725.6 97716.45
1726.8 97769.97
1728.0 97823.39
1729.2 97876.74
1730.4 97930.0
1731.6 97983.18
1732.8 98036.29
1734.0 98089.31
1735.2 98142.26
1736.4 98195.13
1737.6 98247.93
1738.8 98300.65
1740.0 98353.3
1741.2 98405.88
1742.4 98458.39
1743.6 98510.82
1744.8 98563.19
1746.0 98615.49
1747.2 98667.72
1748.4 98719.88
1749.6 98771.98
1750.8 98824.01
1752.0 98875.98
1753.2 98927.89
1754.4 98979.73
1755.6 99031.51
1756.8 99083.24
1758.0 99134.9
1759.2 99186.5
1760.4 99238.05
1761.6 99289.54
1762.8 99340.97
1764.0 99392.34
1765.2 99443.66
1766.4 99494.93
1767.6 99546.14
1768.8 99597.3
1770.0 99648.41
1771.2 99699.46
1772.4 99750.47
1773.6 99801.42
1774.8 99852.33
1776.0 99903.18
1777.2 99953.99
1778.4 100004.75
1779.6 100055.47
1780.8 100106.13
1782.0 100156.76
1783.2 100207.33
1784.4 100257.86
1785.6 100308.35
1786.8 100358.8
1788.0 100409.2
1789.2 100459.56
1790.4 100509.88
1791.6 100560.16
1792.8 100610.39
1794.0 100660.59
1795.2 100710.75
1796.4 100760.87
1797.6 100810.95
1798.8 100860.99
1800.0 100911.0
1801.2 100960.97
1802.4 101010.9
1803.6 101060.8
1804.8 101110.66
1806.0 101160.49
1807.2 101210.28
1808.4 101260.04
1809.6 101309.76
1810.8 101359.46
1812.0 101409.11
1813.2 101458.74
1814.4 101508.34
1815.6 101557.9
1816.8 101607.43
1818.0 101656.94
1819.2 101706.41
1820.4 101755.85
1821.6 101805.27
1822.8 101854.65
1824.0 101904.01
1825.2 101953.34
1826.4 102002.64
1827.6 102051.91
1828.8 102101.16
1830.0 102150.38
1831.2 102199.57
1832.4 102248.74
1833.6 102297.88
1834.8 102347.0
1836.0 102396.09
1837.2 102445.16
1838.4 102494.2
1839.6 102543.22
1840.8 102592.21
1842.0 102641.18
1843.2 102690.13
1844.4 102739.06
1845.6 102787.96
1846.8 102836.85
1848.0 102885.71
1849.2 102934.55
1850.4 102983.36
1851.6 103032.16
1852.8 103080.94
1854.0 103129.69
1855.2 103178.43
1856.4 103227.14
1857.6 103275.84
1858.8 103324.52
1860.0 103373.17
1861.2 103421.81
1862.4 103470.43
1863.6 103519.04
1864.8 103567.62
1866.0 103616.19
1867.2 103664.74
1868.4 103713.27
1869.6 103761.78
1870.8 103810.28
1872.0 103858.76
1873.2 103907.23
1874.4 103955.67
1875.6 104004.11
1876.8 104052.52
1878.0 104100.92
1879.2 104149.31
1880.4 104197.68
1881.6 104246.04
1882.8 104294.38
1884.0 104342.7
1885.2 104391.02
1886.4 104439.31
1887.6 104487.6
1888.8 104535.87
1890.0 104584.12
1891.2 104632.37
1892.4 104680.6
1893.6 104728.81
1894.8 104777.02
1896.0 104825.21
1897.2 104873.39
1898.4 104921.55
1899.6 104969.71
1900.8 105017.85
1902.0 105065.98
1903.2 105114.1
1904.4 105162.21
1905.6 105210.3
1906.8 105258.39
1908.0 105306.46
1909.2 105354.52
1910.4 105402.57
1911.6 105450.61
1912.8 105498.64
1914.0 105546.66
1915.2 105594.67
1916.4 105642.67
1917.6 105690.66
1918.8 105738.64
1920.0 105786.61
1921.2 105834.57
1922.4 105882.53
1923.6 105930.47
1924.8 105978.4
1926.0 106026.32
1927.2 106074.24
1928.4 106122.14
1929.6 106170.04
1930.8 106217.93
1932.0 106265.81
1933.2 106313.68
1934.4 106361.54
1935.6 106409.4
1936.8 106457.25
1938.0 106505.09
1939.2 106552.92
1940.4 106600.74
1941.6 106648.56
1942.8 106696.36
1944.0 106744.17
1945.2 106791.96
1946.4 106839.75
1947.6 106887.53
1948.8 106935.3
1950.0 106983.06
1951.2 107030.82
1952.4 107078.57
1953.6 107126.32
1954.8 107174.06
1956.0 107221.79
1957.2 107269.52
1958.4 107317.24
1959.6 107364.95
1960.8 107412.66
1962.0 107460.36
1963.2 107508.05
1964.4 107555.74
1965.6 107603.43
1966.8 107651.1
1968.0 107698.78
1969.2 107746.44
1970.4 107794.1
1971.6 107841.76
1972.8 107889.41
1974.0 107937.05
1975.2 107984.69
1976.4 108032.33
1977.6 108079.96
1978.8 108127.58
1980.0 108175.2
1981.2 108222.82
1982.4 108270.42
1983.6 108318.03
1984.8 108365.63
1986.0 108413.23
1987.2 108460.82
1988.4 108508.4
1989.6 108555.98
1990.8 108603.56
1992.0 108651.14
1993.2 108698.7
1994.4 108746.27
1995.6 108793.83
1996.8 108841.39
1998.0 108888.94
1999.2 108936.49
2000.4 108984.03
2001.6 109031.57
2002.8 109079.11
2004.0 109126.64
2005.2 109174.17
2006.4 109221.7
2007.6 109269.22
2008.8 109316.74
2010.0 109364.25
2011.2 109411.77
2012.4 109459.27
2013.6 109506.78
2014.8 109554.28
2016.0 109601.78
2017.2 109649.27
2018.4 109696.77
2019.6 109744.25
2020.8 109791.74
2022.0 109839.22
2023.2 109886.7
2024.4 109934.18
2025.6 109981.65
2026.8 110029.12
2028.0 110076.59
2029.2 110124.05
2030.4 110171.52
2031.6 110218.97
2032.8 110266.43
2034.0 110313.88
2035.2 110361.34
2036.4 110408.78
2037.6 110456.23
2038.8 110503.67
2040.0 110551.11
2041.2 110598.55
2042.4 110645.99
2043.6 110693.42
2044.8 110740.85
2046.0 110788.28
2047.2 110835.71
2048.4 110883.13
2049.6 110930.55
2050.8 110977.97
2052.0 111025.39
2053.2 111072.81
2054.4 111120.22
2055.6 111167.63
2056.8 111215.04
2058.0 111262.45
2059.2 111309.85
2060.4 111357.25
2061.6 111404.65
2062.8 111452.05
2064.0 111499.45
2065.2 111546.85
2066.4 111594.24
2067.6 111641.63
2068.8 111689.02
2070.0 111736.41
2071.2 111783.79
2072.4 111831.18
2073.6 111878.56
2074.8 111925.94
2076.0 111973.32
2077.2 112020.7
2078.4 112068.08
2079.6 112115.45
2080.8 112162.82
2082.0 112210.19
2083.2 112257.56
2084.4 112304.93
2085.6 112352.3
2086.8 112399.66
2088.0 112447.03
2089.2 112494.39
2090.4 112541.75
2091.6 112589.11
2092.8 112636.47
2094.0 112683.82
2095.2 112731.18
2096.4 112778.53
2097.6 112825.88
2098.8 112873.23
2100.0 112920.58
2101.2 112967.93
2102.4 113015.28
2103.6 113062.62
2104.8 113109.97
2106.0 113157.31
2107.2 113204.65
2108.4 113251.99
2109.6 113299.33
2110.8 113346.67
2112.0 113394.01
2113.2 113441.35
2114.4 113488.68
2115.6 113536.02
2116.8 113583.35
2118.0 113630.68
2119.2 113678.01
2120.4 113725.34
2121.6 113772.67
2122.8 113820.0
2124.0 113867.32
2125.2 113914.65
2126.4 113961.98
2127.6 114009.3
2128.8 114056.62
2130.0 114103.94
2131.2 114151.27
2132.4 114198.59
2133.6 114245.9
2134.8 114293.22
2136.0 114340.54
2137.2 114387.86
2138.4 114435.17
2139.6 114482.49
2140.8 114529.8
2142.0 114577.12
2143.2 114624.43
2144.4 114671.74
2145.6 114719.05
2146.8 114766.36
2148.0 114813.67
2149.2 114860.98
2150.4 114908.29
2151.6 114955.59
2152.8 115002.9
2154.0 115050.21
2155.2 115097.51
2156.4 115144.82
2157.6 115192.12
2158.8 115239.42
2160.0 115286.73
2161.2 115334.03
2162.4 115381.33
2163.6 115428.63
2164.8 115475.93
2166.0 115523.23
2167.2 115570.53
2168.4 115617.82
2169.6 115665.12
2170.8 115712.42
2172.0 115759.71
2173.2 115807.01
2174.4 115854.31
2175.6 115901.6
2176.8 115948.89
2178.0 115996.19
2179.2 116043.48
2180.4 116090.77
2181.6 116138.06
2182.8 116185.36
2184.0 116232.65
2185.2 116279.94
2186.4 116327.23
2187.6 116374.52
2188.8 116421.8
2190.0 116469.09
2191.2 116516.38
2192.4 116563.67
2193.6 116610.95
2194.8 116658.24
2196.0 116705.53
2197.2 116752.81
2198.4 116800.1
2199.6 116847.38
2200.8 116894.67
2202.0 116941.95
2203.2 116989.23
2204.4 117036.52
2205.6 117083.8
2206.8 117131.08
2208.0 117178.36
2209.2 117225.65
2210.4 117272.93
2211.6 117320.21
2212.8 117367.49
2214.0 117414.77
2215.2 117462.05
2216.4 117509.33
2217.6 117556.61
2218.8 117603.88
2220.0 117651.16
2221.2 117698.44
2222.4 117745.72
2223.6 117792.99
2224.8 117840.27
2226.0 117887.55
2227.2 117934.82
2228.4 117982.1
2229.6 118029.38
2230.8 118076.65
2232.0 118123.93
2233.2 118171.2
2234.4 118218.48
2235.6 118265.75
2236.8 118313.02
2238.0 118360.3
2239.2 118407.57
2240.4 118454.84
2241.6 118502.12
2242.8 118549.39
2244.0 118596.66
2245.2 118643.93
2246.4 118691.2
2247.6 118738.48
2248.8 118785.75
2250.0 118833.02
2251.2 118880.29
2252.4 118927.56
2253.6 118974.83
2254.8 119022.1
2256.0 119069.37
2257.2 119116.64
2258.4 119163.91
2259.6 119211.18
2260.8 119258.44
2262.0 119305.71
2263.2 119352.98
2264.4 119400.25
2265.6 119447.52
2266.8 119494.78
2268.0 119542.05
2269.2 119589.32
2270.4 119636.59
2271.6 119683.85
2272.8 119731.12
2274.0 119778.39
2275.2 119825.65
2276.4 119872.92
2277.6 119920.19
2278.8 119967.45
2280.0 120014.72
2281.2 120061.98
2282.4 120109.25
2283.6 120156.51
2284.8 120203.78
2286.0 120251.04
2287.2 120298.31
2288.4 120345.57
2289.6 120392.84
2290.8 120440.1
2292.0 120487.37
2293.2 120534.63
2294.4 120581.89
2295.6 120629.16
2296.8 120676.42
2298.0 120723.69
2299.2 120770.95
2300.4 120818.21
2301.6 120865.44
2302.8 120912.57
2304.0 120959.53
2305.2 121006.28
2306.4 121052.77
2307.6 121098.96
2308.8 121144.82
2310.0 121190.31
2311.2 121235.42
2312.4 121280.12
2313.6 121324.39
2314.8 121368.23
2316.0 121411.62
2317.2 121454.55
2318.4 121497.01
2319.6 121539.0
2320.8 121580.52
2322.0 121621.55
2323.2 121662.11
2324.4 121702.18
2325.6 121741.77
2326.8 121780.88
2328.0 121819.52
2329.2 121857.67
2330.4 121895.35
2331.6 121932.57
2332.8 121969.31
2334.0 122005.59
2335.2 122041.4
2336.4 122076.77
2337.6 122111.68
2338.8 122146.14
2340.0 122180.16
2341.2 122213.74
2342.4 122246.89
2343.6 122279.61
2344.8 122311.91
2346.0 122343.78
2347.2 122375.25
2348.4 122406.3
2349.6 122436.95
2350.8 122467.2
2352.0 122497.06
2353.2 122526.53
2354.4 122555.61
2355.6 122584.32
2356.8 122612.65
2358.0 122640.61
2359.2 122668.2
2360.4 122695.43
2361.6 122722.31
2362.8 122748.84
2364.0 122775.01
2365.2 122800.85
2366.4 122826.35
2367.6 122851.51
2368.8 122876.35
2370.0 122900.86
2371.2 122925.05
2372.4 122948.92
2373.6 122972.48
2374.8 122995.73
2376.0 123018.68
2377.2 123041.33
2378.4 123063.68
2379.6 123085.74
2380.8 123107.51
2382.0 123128.99
2383.2 123150.19
2384.4 123171.12
2385.6 123191.77
2386.8 123212.15
2388.0 123232.27
2389.2 123252.12
2390.4 123271.71
2391.6 123291.05
2392.8 123310.13
2394.0 123328.96
2395.2 123347.55
2396.4 123365.9
2397.6 123384.0
2398.8 123401.87
2400.0 123419.5
2401.2 123436.9
2402.4 123454.08
2403.6 123471.03
2404.8 123487.76
2406.0 123504.27
2407.2 123520.56
2408.4 123536.64
2409.6 123552.51
2410.8 123568.18
2412.0 123583.64
2413.2 123598.89
2414.4 123613.95
2415.6 123628.81
2416.8 123643.48
2418.0 123657.95
2419.2 123672.24
2420.4 123686.33
2421.6 123700.25
2422.8 123713.98
2424.0 123727.53
2425.2 123740.91
2426.4 123754.11
2427.6 123767.14
2428.8 123780.0
2430.0 123792.69
2431.2 123805.21
2432.4 123817.57
2433.6 123829.77
2434.8 123841.81
2436.0 123853.69
2437.2 123865.42
2438.4 123877.0
2439.6 123888.42
2440.8 123899.69
2442.0 123910.82
2443.2 123921.8
2444.4 123932.64
2445.6 123943.34
2446.8 123953.89
2448.0 123964.31
2449.2 123974.59
2450.4 123984.74
2451.6 123994.76
2452.8 124004.64
2454.0 124014.4
2455.2 124024.03
2456.4 124033.53
2457.6 124042.91
2458.8 124052.17
2460.0 124061.3
2461.2 124070.32
2462.4 124079.22
2463.6 124088.0
2464.8 124096.67
2466.0 124105.22
2467.2 124113.67
2468.4 124122.0
2469.6 124130.22
2470.8 124138.34
2472.0 124146.35
2473.2 124154.26
2474.4 124162.06
2475.6 124169.76
2476.8 124177.36
2478.0 124184.86
2479.2 124192.27
2480.4 124199.57
2481.6 124206.78
2482.8 124213.9
2484.0 124220.93
2485.2 124227.86
2486.4 124234.7
2487.6 124241.45
2488.8 124248.12
2490.0 124254.7
2491.2 124261.19
2492.4 124267.6
2493.6 124273.92
2494.8 124280.16
2496.0 124286.32
2497.2 124292.4
2498.4 124298.4
2499.6 124304.32
2500.8 124310.17
2502.0 124315.93
2503.2 124321.63
2504.4 124327.25
2505.6 124332.79
2506.8 124338.26
2508.0 124343.66
2509.2 124349.0
2510.4 124354.26
2511.6 124359.45
2512.8 124364.57
2514.0 124369.63
2515.2 124374.62
2516.4 124379.55
2517.6 124384.41
2518.8 124389.21
2520.0 124393.95
2521.2 124398.62
2522.4 124403.24
2523.6 124407.79
2524.8 124412.28
2526.0 124416.72
2527.2 124421.1
2528.4 124425.42
2529.6 124429.68
2530.8 124433.89
2532.0 124438.04
2533.2 124442.14
2534.4 124446.19
2535.6 124450.18
2536.8 124454.12
2538.0 124458.01
2539.2 124461.85
2540.4 124465.64
2541.6 124469.38
2542.8 124473.07
2544.0 124476.71
2545.2 124480.3
2546.4 124483.85
2547.6 124487.35
2548.8 124490.81
2550.0 124494.22
2551.2 124497.58
2552.4 124500.9
2553.6 124504.18
2554.8 124507.42
2556.0 124510.61
2557.2 124513.76
2558.4 124516.88
2559.6 124519.95
2560.8 124522.98
2562.0 124525.97
2563.2 124528.92
2564.4 124531.83
2565.6 124534.71
2566.8 124537.54
2568.0 124540.34
2569.2 124543.11
2570.4 124545.83
2571.6 124548.53
2572.8 124551.18
2574.0 124553.8
2575.2 124556.39
2576.4 124558.95
2577.6 124561.47
2578.8 124563.96
2580.0 124566.41
2581.2 124568.83
2582.4 124571.23
2583.6 124573.59
2584.8 124575.91
2586.0 124578.21
2587.2 124580.48
2588.4 124582.72
2589.6 124584.93
2590.8 124587.11
2592.0 124589.27
2593.2 124591.39
2594.4 124593.49
2595.6 124595.56
2596.8 124597.6
2598.0 124599.61
2599.2 124601.6
2600.4 124603.57
2601.6 124605.5
2602.8 124607.42
2604.0 124609.3
2605.2 124611.17
2606.4 124613.0
2607.6 124614.82
2608.8 124616.61
2610.0 124618.38
2611.2 124620.12
2612.4 124621.84
2613.6 124623.54
2614.8 124625.22
2616.0 124626.87
2617.2 124628.5
2618.4 124630.11
2619.6 124631.7
2620.8 124633.27
2622.0 124634.82
2623.2 124636.35
2624.4 124637.86
2625.6 124639.35
2626.8 124640.82
2628.0 124642.27
2629.2 124643.7
2630.4 124645.11
2631.6 124646.51
2632.8 124647.88
2634.0 124649.24
2635.2 124650.58
2636.4 124651.9
2637.6 124653.21
2638.8 124654.49
2640.0 124655.77
2641.2 124657.02
2642.4 124658.26
2643.6 124659.48
2644.8 124660.69
2646.0 124661.88
2647.2 124663.05
2648.4 124664.21
2649.6 124665.35
2650.8 124666.48
2652.0 124667.6
2653.2 124668.7
2654.4 124669.78
2655.6 124670.85
2656.8 124671.91
2658.0 124672.95
2659.2 124673.98
2660.4 124675.0
2661.6 124676.0
2662.8 124676.99
2664.0 124677.97
2665.2 124678.93
2666.4 124679.88
2667.6 124680.82
2668.8 124681.74
2670.0 124682.66
2671.2 124683.56
2672.4 124684.45
2673.6 124685.33
2674.8 124686.2
2676.0 124687.05
2677.2 124687.9
2678.4 124688.73
2679.6 124689.55
2680.8 124690.36
2682.0 124691.16
2683.2 124691.95
2684.4 124692.73
2685.6 124693.5
2686.8 124694.26
2688.0 124695.01
2689.2 124695.75
2690.4 124696.48
2691.6 124697.2
2692.8 124697.91
2694.0 124698.62
2695.2 124699.31
2696.4 124699.99
2697.6 124700.67
2698.8 124701.33
2700.0 124701.99
2701.2 124702.64
2702.4 124703.27
2703.6 124703.91
2704.8 124704.53
2706.0 124705.14
2707.2 124705.75
2708.4 124706.35
2709.6 124706.94
2710.8 124707.52
2712.0 124708.1
2713.2 124708.66
2714.4 124709.22
2715.6 124709.78
2716.8 124710.32
2718.0 124710.86
2719.2 124711.39
2720.4 124711.92
2721.6 124712.43
2722.8 124712.94
2724.0 124713.45
2725.2 124713.94
2726.4 124714.43
2727.6 124714.92
2728.8 124715.4
2730.0 124715.87
2731.2 124716.33
2732.4 124716.79
2733.6 124717.24
2734.8 124717.69
2736.0 124718.13
2737.2 124718.57
2738.4 124719.0
2739.6 124719.42
2740.8 124719.84
2742.0 124720.25
2743.2 124720.66
2744.4 124721.06
2745.6 124721.46
2746.8 124721.85
2748.0 124722.23
2749.2 124722.61
2750.4 124722.99
2751.6 124723.36
2752.8 124723.73
2754.0 124724.09
2755.2 124724.44
2756.4 124724.8
2757.6 124725.14
2758.8 124725.48
2760.0 124725.82
2761.2 124726.16
2762.4 124726.48
2763.6 124726.81
2764.8 124727.13
2766.0 124727.45
2767.2 124727.76
2768.4 124728.06
2769.6 124728.37
2770.8 124728.67
2772.0 124728.96
2773.2 124729.25
2774.4 124729.54
2775.6 124729.83
2776.8 124730.11
2778.0 124730.38
2779.2 124730.66
2780.4 124730.92
2781.6 124731.19
2782.8 124731.45
2784.0 124731.71
2785.2 124731.96
2786.4 124732.22
2787.6 124732.46
2788.8 124732.71
2790.0 124732.95
2791.2 124733.19
2792.4 124733.42
2793.6 124733.66
2794.8 124733.88
2796.0 124734.11
2797.2 124734.33
2798.4 124734.55
2799.6 124734.77
