0.0 6.0
1.2 66.0
2.4 126.03
3.6 186.14
4.8 246.35
6.0 306.69
7.2 367.17
8.4 427.81
9.6 488.63
10.8 549.64
12.0 610.86
13.2 672.29
14.4 733.96
15.6 795.88
16.8 858.07
18.0 920.56
19.2 983.38
20.4 1046.55
21.6 1110.09
22.8 1174.01
24.0 1238.34
25.2 1303.1
26.4 1368.28
27.6 1433.92
28.8 1500.02
30.0 1566.59
31.2 1633.64
32.4 1701.17
33.6 1769.21
34.8 1837.74
36.0 1906.78
37.2 1976.33
38.4 2046.39
39.6 2116.97
40.8 2188.07
42.0 2259.68
43.2 2331.82
44.4 2404.48
45.6 2477.65
46.8 2551.34
48.0 2625.55
49.2 2700.28
50.4 2775.51
51.6 2851.25
52.8 2927.49
54.0 3004.24
55.2 3081.48
56.4 3159.21
57.6 3237.43
58.8 3316.12
60.0 3395.3
61.2 3474.94
62.4 3555.05
63.6 3635.62
64.8 3716.63
66.0 3798.1
67.2 3880.0
68.4 3962.33
69.6 4045.09
70.8 4128.26
72.0 4211.85
73.2 4295.84
74.4 4380.22
75.6 4464.99
76.8 4550.14
78.0 4635.66
79.2 4721.55
80.4 4807.8
81.6 4894.39
82.8 4981.32
84.0 5068.59
85.2 5156.18
86.4 5244.09
87.6 5332.31
88.8 5420.82
90.0 5509.63
91.2 5598.72
92.4 5688.09
93.6 5777.73
94.8 5867.62
96.0 5957.77
97.2 6048.16
98.4 6138.79
99.6 6229.64
100.8 6320.71
102.0 6411.99
103.2 6503.48
104.4 6595.16
105.6 6687.03
106.8 6779.07
108.0 6871.29
109.2 6963.67
110.4 7056.21
111.6 7148.89
112.8 7241.72
114.0 7334.68
115.2 7427.76
116.4 7520.96
117.6 7614.28
118.8 7707.69
120.0 7801.2
121.2 7894.8
122.4 7988.48
123.6 8082.24
124.8 8176.06
126.0 8269.94
127.2 8363.88
128.4 8457.85
129.6 8551.87
130.8 8645.9
132.0 8739.94
133.2 8833.97
134.4 8927.95
135.6 9021.83
136.8 9115.57
138.0 9209.15
139.2 9302.52
140.4 9395.68
141.6 9488.58
142.8 9581.2
144.0 9673.51
145.2 9765.49
146.4 9857.1
147.6 9948.31
148.8 10039.1
150.0 10129.44
151.2 10219.31
152.4 10308.66
153.6 10397.48
154.8 10485.74
156.0 10573.4
157.2 10660.4
158.4 10746.72
159.6 10832.35
160.8 10917.33
162.0 11001.69
163.2 11085.48
164.4 11168.71
165.6 11251.42
166.8 11333.62
168.0 11415.35
169.2 11496.6
170.4 11577.4
171.6 11657.75
172.8 11737.68
174.0 11817.2
175.2 11896.34
176.4 11975.11
177.6 12053.55
178.8 12131.69
180.0 12209.54
181.2 12287.12
182.4 12364.47
183.6 12441.58
184.8 12518.49
186.0 12595.2
187.2 12671.74
188.4 12748.11
189.6 12824.32
190.8 12900.4
192.0 12976.34
193.2 13052.17
194.4 13127.88
195.6 13203.49
196.8 13279.01
198.0 13354.43
199.2 13429.78
200.4 13505.04
201.6 13580.24
202.8 13655.37
204.0 13730.44
205.2 13805.45
206.4 13880.41
207.6 13955.31
208.8 14030.17
210.0 14104.99
211.2 14179.75
212.4 14254.48
213.6 14329.16
214.8 14403.81
216.0 14478.4
217.2 14552.96
218.4 14627.47
219.6 14701.93
220.8 14776.35
222.0 14850.73
223.2 14925.05
224.4 14999.33
225.6 15073.56
226.8 15147.74
228.0 15221.86
229.2 15295.93
230.4 15369.91
231.6 15443.77
232.8 15517.47
234.0 15590.95
235.2 15664.2
236.4 15737.15
237.6 15809.79
238.8 15882.11
240.0 15954.11
241.2 16025.81
242.4 16097.24
243.6 16168.39
244.8 16239.3
246.0 16309.97
247.2 16380.41
248.4 16450.64
249.6 16520.66
250.8 16590.49
252.0 16660.14
253.2 16729.61
254.4 16798.92
255.6 16868.08
256.8 16937.08
258.0 17005.95
259.2 17074.69
260.4 17143.3
261.6 17211.79
262.8 17280.17
264.0 17348.44
265.2 17416.6
266.4 17484.67
267.6 17552.65
268.8 17620.54
270.0 17688.34
271.2 17756.06
272.4 17823.71
273.6 17891.28
274.8 17958.78
276.0 18026.22
277.2 18093.58
278.4 18160.89
279.6 18228.13
280.8 18295.32
282.0 18362.45
283.2 18429.52
284.4 18496.54
285.6 18563.5
286.8 18630.42
288.0 18697.28
289.2 18764.1
290.4 18830.87
291.6 18897.59
292.8 18964.26
294.0 19030.89
295.2 19097.47
296.4 19164.01
297.6 19230.5
298.8 19296.95
300.0 19363.35
301.2 19429.71
302.4 19496.02
303.6 19562.27
304.8 19628.41
306.0 19694.41
307.2 19760.25
308.4 19825.94
309.6 19891.48
310.8 19956.87
312.0 20022.13
313.2 20087.27
314.4 20152.28
315.6 20217.17
316.8 20281.95
318.0 20346.63
319.2 20411.2
320.4 20475.68
321.6 20540.07
322.8 20604.37
324.0 20668.58
325.2 20732.72
326.4 20796.78
327.6 20860.77
328.8 20924.69
330.0 20988.54
331.2 21052.33
332.4 21116.06
333.6 21179.73
334.8 21243.35
336.0 21306.91
337.2 21370.42
338.4 21433.89
339.6 21497.3
340.8 21560.67
342.0 21624.0
343.2 21687.28
344.4 21750.52
345.6 21813.73
346.8 21876.89
348.0 21940.02
349.2 22003.12
350.4 22066.17
351.6 22129.2
352.8 22192.19
354.0 22255.15
355.2 22318.08
356.4 22380.98
357.6 22443.85
358.8 22506.69
360.0 22569.5
361.2 22632.28
362.4 22695.04
363.6 22757.76
364.8 22820.47
366.0 22883.14
367.2 22945.79
368.4 23008.41
369.6 23071.01
370.8 23133.58
372.0 23196.13
373.2 23258.65
374.4 23321.15
375.6 23383.62
376.8 23446.06
378.0 23508.49
379.2 23570.88
380.4 23633.25
381.6 23695.6
382.8 23757.93
384.0 23820.23
385.2 23882.5
386.4 23944.75
387.6 24006.97
388.8 24069.17
390.0 24131.35
391.2 24193.5
392.4 24255.63
393.6 24317.73
394.8 24379.81
396.0 24441.86
397.2 24503.89
398.4 24565.9
399.6 24627.88
400.8 24689.83
402.0 24751.77
403.2 24813.67
404.4 24875.55
405.6 24937.41
406.8 24999.24
408.0 25061.05
409.2 25122.84
410.4 25184.6
411.6 25246.33
412.8 25308.03
414.0 25369.69
415.2 25431.31
416.4 25492.89
417.6 25554.43
418.8 25615.93
420.0 25677.4
421.2 25738.83
422.4 25800.23
423.6 25861.59
424.8 25922.92
426.0 25984.22
427.2 26045.49
428.4 26106.73
429.6 26167.93
430.8 26229.11
432.0 26290.26
433.2 26351.37
434.4 26412.47
435.6 26473.53
436.8 26534.57
438.0 26595.58
439.2 26656.56
440.4 26717.53
441.6 26778.46
442.8 26839.37
444.0 26900.26
445.2 26961.13
446.4 27021.97
447.6 27082.79
448.8 27143.58
450.0 27204.36
451.2 27265.11
452.4 27325.85
453.6 27386.56
454.8 27447.25
456.0 27507.92
457.2 27568.58
458.4 27629.21
459.6 27689.82
460.8 27750.42
462.0 27810.99
463.2 27871.55
464.4 27932.09
465.6 27992.62
466.8 28053.12
468.0 28113.61
469.2 28174.08
470.4 28234.54
471.6 28294.98
472.8 28355.4
474.0 28415.81
475.2 28476.2
476.4 28536.58
477.6 28596.94
478.8 28657.28
480.0 28717.62
481.2 28777.94
482.4 28838.24
483.6 28898.53
484.8 28958.81
486.0 29019.07
487.2 29079.33
488.4 29139.57
489.6 29199.79
490.8 29260.01
492.0 29320.21
493.2 29380.4
494.4 29440.58
495.6 29500.75
496.8 29560.9
498.0 29621.05
499.2 29681.18
500.4 29741.31
501.6 29801.42
502.8 29861.53
504.0 29921.62
505.2 29981.71
506.4 30041.78
507.6 30101.85
508.8 30161.91
510.0 30221.96
511.2 30282.0
512.4 30342.03
513.6 30402.05
514.8 30462.07
516.0 30522.07
517.2 30582.07
518.4 30642.06
519.6 30702.05
520.8 30762.03
522.0 30821.99
523.2 30881.96
524.4 30941.91
525.6 31001.86
526.8 31061.8
528.0 31121.74
529.2 31181.67
530.4 31241.59
531.6 31301.51
532.8 31361.42
534.0 31421.33
535.2 31481.22
536.4 31541.12
537.6 31601.01
538.8 31660.89
540.0 31720.77
541.2 31780.64
542.4 31840.5
543.6 31900.37
544.8 31960.22
546.0 32020.07
547.2 32079.92
548.4 32139.76
549.6 32199.6
550.8 32259.44
552.0 32319.27
553.2 32379.09
554.4 32438.91
555.6 32498.73
556.8 32558.54
558.0 32618.35
559.2 32678.16
560.4 32737.96
561.6 32797.76
562.8 32857.55
564.0 32917.34
565.2 32977.13
566.4 33036.92
567.6 33096.7
568.8 33156.48
570.0 33216.26
571.2 33276.03
572.4 33335.8
573.6 33395.57
574.8 33455.34
576.0 33515.1
577.2 33574.86
578.4 33634.62
579.6 33694.38
580.8 33754.14
582.0 33813.89
583.2 33873.64
584.4 33933.39
585.6 33993.14
586.8 34052.88
588.0 34112.63
589.2 34172.37
590.4 34232.11
591.6 34291.85
592.8 34351.59
594.0 34411.33
595.2 34471.07
596.4 34530.81
597.6 34590.54
598.8 34650.28
600.0 34710.01
601.2 34769.74
602.4 34829.48
603.6 34889.21
604.8 34948.94
606.0 35008.68
607.2 35068.41
608.4 35128.14
609.6 35187.87
610.8 35247.61
612.0 35307.34
613.2 35367.07
614.4 35426.8
615.6 35486.54
616.8 35546.27
618.0 35606.01
619.2 35665.74
620.4 35725.48
621.6 35785.21
622.8 35844.95
624.0 35904.69
625.2 35964.43
626.4 36024.17
627.6 36083.91
628.8 36143.65
630.0 36203.39
631.2 36263.14
632.4 36322.88
633.6 36382.63
634.8 36442.38
636.0 36502.12
637.2 36561.87
638.4 36621.62
639.6 36681.38
640.8 36741.13
642.0 36800.89
643.2 36860.64
644.4 36920.4
645.6 36980.16
646.8 37039.92
648.0 37099.69
649.2 37159.45
650.4 37219.22
651.6 37278.99
652.8 37338.76
654.0 37398.53
655.2 37458.3
656.4 37518.07
657.6 37577.85
658.8 37637.63
660.0 37697.41
661.2 37757.19
662.4 37816.98
663.6 37876.76
664.8 37936.55
666.0 37996.34
667.2 38056.13
668.4 38115.92
669.6 38175.72
670.8 38235.51
672.0 38295.31
673.2 38355.11
674.4 38414.92
675.6 38474.72
676.8 38534.53
678.0 38594.34
679.2 38654.15
680.4 38713.97
681.6 38773.78
682.8 38833.6
684.0 38893.43
685.2 38953.25
686.4 39013.07
687.6 39072.9
688.8 39132.73
690.0 39192.57
691.2 39252.4
692.4 39312.24
693.6 39372.08
694.8 39431.92
696.0 39491.77
697.2 39551.61
698.4 39611.46
699.6 39671.31
700.8 39731.17
702.0 39791.02
703.2 39850.88
704.4 39910.74
705.6 39970.6
706.8 40030.46
708.0 40090.33
709.2 40150.19
710.4 40210.06
711.6 40269.93
712.8 40329.81
714.0 40389.68
715.2 40449.56
716.4 40509.43
717.6 40569.31
718.8 40629.19
720.0 40689.07
721.2 40748.96
722.4 40808.84
723.6 40868.73
724.8 40928.62
726.0 40988.51
727.2 41048.4
728.4 41108.29
729.6 41168.18
730.8 41228.07
732.0 41287.97
733.2 41347.87
734.4 41407.76
735.6 41467.66
736.8 41527.56
738.0 41587.46
739.2 41647.37
740.4 41707.27
741.6 41767.18
742.8 41827.08
744.0 41886.99
745.2 41946.9
746.4 42006.81
747.6 42066.72
748.8 42126.63
750.0 42186.54
751.2 42246.46
752.4 42306.37
753.6 42366.29
754.8 42426.21
756.0 42486.12
757.2 42546.04
758.4 42605.96
759.6 42665.89
760.8 42725.81
762.0 42785.73
763.2 42845.66
764.4 42905.58
765.6 42965.51
766.8 43025.44
768.0 43085.36
769.2 43145.29
770.4 43205.22
771.6 43265.15
772.8 43325.08
774.0 43385.02
775.2 43444.95
776.4 43504.88
777.6 43564.81
778.8 43624.75
780.0 43684.68
781.2 43744.61
782.4 43804.55
783.6 43864.48
784.8 43924.42
786.0 43984.35
787.2 44044.29
788.4 44104.22
789.6 44164.16
790.8 44224.09
792.0 44284.03
793.2 44343.96
794.4 44403.9
795.6 44463.83
796.8 44523.77
798.0 44583.7
799.2 44643.64
800.4 44703.58
801.6 44763.51
802.8 44823.45
804.0 44883.38
805.2 44943.32
806.4 45003.26
807.6 45063.2
808.8 45123.14
810.0 45183.08
811.2 45243.03
812.4 45302.98
813.6 45362.94
814.8 45422.91
816.0 45482.88
817.2 45542.87
818.4 45602.86
819.6 45662.86
820.8 45722.87
822.0 45782.88
823.2 45842.91
824.4 45902.94
825.6 45962.98
826.8 46023.03
828.0 46083.1
829.2 46143.18
830.4 46203.28
831.6 46263.39
832.8 46323.52
834.0 46383.67
835.2 46443.83
836.4 46504.02
837.6 46564.24
838.8 46624.47
840.0 46684.73
841.2 46745.02
842.4 46805.34
843.6 46865.68
844.8 46926.05
846.0 46986.46
847.2 47046.89
848.4 47107.36
849.6 47167.87
850.8 47228.41
852.0 47288.99
853.2 47349.61
854.4 47410.27
855.6 47470.97
856.8 47531.71
858.0 47592.5
859.2 47653.34
860.4 47714.22
861.6 47775.16
862.8 47836.14
864.0 47897.18
865.2 47958.27
866.4 48019.42
867.6 48080.62
868.8 48141.89
870.0 48203.21
871.2 48264.6
872.4 48326.05
873.6 48387.57
874.8 48449.16
876.0 48510.81
877.2 48572.54
878.4 48634.34
879.6 48696.22
880.8 48758.17
882.0 48820.2
883.2 48882.32
884.4 48944.51
885.6 49006.79
886.8 49069.16
888.0 49131.61
889.2 49194.15
890.4 49256.79
891.6 49319.52
892.8 49382.34
894.0 49445.26
895.2 49508.28
896.4 49571.4
897.6 49634.62
898.8 49697.95
900.0 49761.38
901.2 49824.92
902.4 49888.57
903.6 49952.33
904.8 50016.2
906.0 50080.19
907.2 50144.3
908.4 50208.52
909.6 50272.86
910.8 50337.32
912.0 50401.9
913.2 50466.61
914.4 50531.44
915.6 50596.4
916.8 50661.49
918.0 50726.71
919.2 50792.06
920.4 50857.54
921.6 50923.16
922.8 50988.91
924.0 51054.79
925.2 51120.82
926.4 51186.98
927.6 51253.29
928.8 51319.73
930.0 51386.32
931.2 51453.05
932.4 51519.93
933.6 51586.95
934.8 51654.12
936.0 51721.43
937.2 51788.89
938.4 51856.5
939.6 51924.26
940.8 51992.16
942.0 52060.22
943.2 52128.42
944.4 52196.76
945.6 52265.25
946.8 52333.89
948.0 52402.67
949.2 52471.6
950.4 52540.67
951.6 52609.88
952.8 52679.24
954.0 52748.73
955.2 52818.37
956.4 52888.14
957.6 52958.05
958.8 53028.1
960.0 53098.28
961.2 53168.6
962.4 53239.05
963.6 53309.63
964.8 53380.35
966.0 53451.19
967.2 53522.16
968.4 53593.26
969.6 53664.48
970.8 53735.83
972.0 53807.3
973.2 53878.9
974.4 53950.62
975.6 54022.45
976.8 54094.41
978.0 54166.48
979.2 54238.67
980.4 54310.97
981.6 54383.39
982.8 54455.92
984.0 54528.56
985.2 54601.31
986.4 54674.17
987.6 54747.14
988.8 54820.21
990.0 54893.38
991.2 54966.66
992.4 55040.04
993.6 55113.53
994.8 55187.11
996.0 55260.79
997.2 55334.57
998.4 55408.44
999.6 55482.41
1000.8 55556.47
1002.0 55630.63
1003.2 55704.87
1004.4 55779.2
1005.6 55853.63
1006.8 55928.14
1008.0 56002.73
1009.2 56077.42
1010.4 56152.18
1011.6 56227.03
1012.8 56301.96
1014.0 56376.97
1015.2 56452.06
1016.4 56527.22
1017.6 56602.46
1018.8 56677.78
1020.0 56753.18
1021.2 56828.64
1022.4 56904.18
1023.6 56979.79
1024.8 57055.47
1026.0 57131.21
1027.2 57207.03
1028.4 57282.91
1029.6 57358.85
1030.8 57434.86
1032.0 57510.93
1033.2 57587.06
1034.4 57663.26
1035.6 57739.51
1036.8 57815.82
1038.0 57892.19
1039.2 57968.61
1040.4 58045.08
1041.6 58121.61
1042.8 58198.19
1044.0 58274.82
1045.2 58351.51
1046.4 58428.23
1047.6 58505.01
1048.8 58581.83
1050.0 58658.7
1051.2 58735.61
1052.4 58812.56
1053.6 58889.55
1054.8 58966.58
1056.0 59043.65
1057.2 59120.76
1058.4 59197.9
1059.6 59275.08
1060.8 59352.29
1062.0 59429.54
1063.2 59506.81
1064.4 59584.12
1065.6 59661.45
1066.8 59738.81
1068.0 59816.2
1069.2 59893.61
1070.4 59971.04
1071.6 60048.5
1072.8 60125.98
1074.0 60203.48
1075.2 60280.99
1076.4 60358.53
1077.6 60436.08
1078.8 60513.64
1080.0 60591.22
1081.2 60668.82
1082.4 60746.42
1083.6 60824.04
1084.8 60901.66
1086.0 60979.29
1087.2 61056.93
1088.4 61134.58
1089.6 61212.23
1090.8 61289.88
1092.0 61367.54
1093.2 61445.19
1094.4 61522.85
1095.6 61600.51
1096.8 61678.16
1098.0 61755.82
1099.2 61833.47
1100.4 61911.12
1101.6 61988.77
1102.8 62066.42
1104.0 62144.07
1105.2 62221.71
1106.4 62299.36
1107.6 62377.0
1108.8 62454.63
1110.0 62532.27
1111.2 62609.89
1112.4 62687.52
1113.6 62765.13
1114.8 62842.74
1116.0 62920.34
1117.2 62997.94
1118.4 63075.52
1119.6 63153.09
1120.8 63230.65
1122.0 63308.2
1123.2 63385.73
1124.4 63463.25
1125.6 63540.75
1126.8 63618.24
1128.0 63695.7
1129.2 63773.15
1130.4 63850.58
1131.6 63927.98
1132.8 64005.37
1134.0 64082.73
1135.2 64160.06
1136.4 64237.37
1137.6 64314.66
1138.8 64391.91
1140.0 64469.14
1141.2 64546.34
1142.4 64623.51
1143.6 64700.64
1144.8 64777.75
1146.0 64854.81
1147.2 64931.81
1148.4 65008.71
1149.6 65085.49
1150.8 65162.16
1152.0 65238.73
1153.2 65315.19
1154.4 65391.55
1155.6 65467.81
1156.8 65543.98
1158.0 65620.07
1159.2 65696.07
1160.4 65771.99
1161.6 65847.83
1162.8 65923.59
1164.0 65999.28
1165.2 66074.9
1166.4 66150.46
1167.6 66225.95
1168.8 66301.38
1170.0 66376.75
1171.2 66452.06
1172.4 66527.32
1173.6 66602.52
1174.8 66677.68
1176.0 66752.78
1177.2 66827.83
1178.4 66902.84
1179.6 66977.81
1180.8 67052.73
1182.0 67127.61
1183.2 67202.44
1184.4 67277.24
1185.6 67352.0
1186.8 67426.73
1188.0 67501.42
1189.2 67576.07
1190.4 67650.69
1191.6 67725.28
1192.8 67799.84
1194.0 67874.36
1195.2 67948.85
1196.4 68023.32
1197.6 68097.76
1198.8 68172.16
1200.0 68246.54
1201.2 68320.9
1202.4 68395.22
1203.6 68469.52
1204.8 68543.8
1206.0 68618.05
1207.2 68692.27
1208.4 68766.47
1209.6 68840.65
1210.8 68914.8
1212.0 68988.93
1213.2 69063.04
1214.4 69137.12
1215.6 69211.18
1216.8 69285.22
1218.0 69359.23
1219.2 69433.22
1220.4 69507.19
1221.6 69581.14
1222.8 69655.07
1224.0 69728.98
1225.2 69802.86
1226.4 69876.73
1227.6 69950.57
1228.8 70024.39
1230.0 70098.19
1231.2 70171.97
1232.4 70245.73
1233.6 70319.47
1234.8 70393.19
1236.0 70466.89
1237.2 70540.57
1238.4 70614.23
1239.6 70687.86
1240.8 70761.48
1242.0 70835.08
1243.2 70908.66
1244.4 70982.22
1245.6 71055.76
1246.8 71129.27
1248.0 71202.77
1249.2 71276.25
1250.4 71349.71
1251.6 71423.15
1252.8 71496.57
1254.0 71569.97
1255.2 71643.35
1256.4 71716.71
1257.6 71790.05
1258.8 71863.38
1260.0 71936.68
1261.2 72009.96
1262.4 72083.22
1263.6 72156.47
1264.8 72229.69
1266.0 72302.9
1267.2 72376.08
1268.4 72449.25
1269.6 72522.4
1270.8 72595.52
1272.0 72668.63
1273.2 72741.72
1274.4 72814.79
1275.6 72887.84
1276.8 72960.88
1278.0 73033.89
1279.2 73106.89
1280.4 73179.86
1281.6 73252.82
1282.8 73325.76
1284.0 73398.68
1285.2 73471.58
1286.4 73544.47
1287.6 73617.33
1288.8 73690.18
1290.0 73763.01
1291.2 73835.83
1292.4 73908.62
1293.6 73981.4
1294.8 74054.15
1296.0 74126.9
1297.2 74199.62
1298.4 74272.33
1299.6 74345.01
1300.8 74417.66
1302.0 74490.26
1303.2 74562.82
1304.4 74635.34
1305.6 74707.82
1306.8 74780.27
1308.0 74852.68
1309.2 74925.05
1310.4 74997.4
1311.6 75069.71
1312.8 75142.0
1314.0 75214.26
1315.2 75286.49
1316.4 75358.7
1317.6 75430.88
1318.8 75503.05
1320.0 75575.19
1321.2 75647.31
1322.4 75719.41
1323.6 75791.49
1324.8 75863.56
1326.0 75935.61
1327.2 76007.65
1328.4 76079.67
1329.6 76151.68
1330.8 76223.67
1332.0 76295.66
1333.2 76367.63
1334.4 76439.59
1335.6 76511.54
1336.8 76583.49
1338.0 76655.42
1339.2 76727.35
1340.4 76799.27
1341.6 76871.18
1342.8 76943.09
1344.0 77014.99
1345.2 77086.89
1346.4 77158.78
1347.6 77230.67
1348.8 77302.55
1350.0 77374.43
1351.2 77446.31
1352.4 77518.19
1353.6 77590.06
1354.8 77661.93
1356.0 77733.8
1357.2 77805.67
1358.4 77877.54
1359.6 77949.4
1360.8 78021.27
1362.0 78093.14
1363.2 78165.0
1364.4 78236.87
1365.6 78308.73
1366.8 78380.6
1368.0 78452.47
1369.2 78524.33
1370.4 78596.2
1371.6 78668.07
1372.8 78739.94
1374.0 78811.81
1375.2 78883.68
1376.4 78955.55
1377.6 79027.43
1378.8 79099.3
1380.0 79171.18
1381.2 79243.05
1382.4 79314.93
1383.6 79386.81
1384.8 79458.69
1386.0 79530.57
1387.2 79602.46
1388.4 79674.34
1389.6 79746.23
1390.8 79818.11
1392.0 79890.0
1393.2 79961.89
1394.4 80033.78
1395.6 80105.67
1396.8 80177.56
1398.0 80249.45
1399.2 80321.35
1400.4 80393.24
1401.6 80465.14
1402.8 80537.03
1404.0 80608.93
1405.2 80680.83
1406.4 80752.73
1407.6 80824.63
1408.8 80896.53
1410.0 80968.43
1411.2 81040.33
1412.4 81112.23
1413.6 81184.13
1414.8 81256.03
1416.0 81327.93
1417.2 81399.83
1418.4 81471.74
1419.6 81543.64
1420.8 81615.54
1422.0 81687.44
1423.2 81759.35
1424.4 81831.25
1425.6 81903.15
1426.8 81975.05
1428.0 82046.95
1429.2 82118.86
1430.4 82190.76
1431.6 82262.66
1432.8 82334.56
1434.0 82406.46
1435.2 82478.36
1436.4 82550.26
1437.6 82622.16
1438.8 82694.07
1440.0 82765.97
1441.2 82837.87
1442.4 82909.77
1443.6 82981.67
1444.8 83053.57
1446.0 83125.48
1447.2 83197.38
1448.4 83269.28
1449.6 83341.18
1450.8 83413.09
1452.0 83484.99
1453.2 83556.9
1454.4 83628.8
1455.6 83700.71
1456.8 83772.61
1458.0 83844.52
1459.2 83916.43
1460.4 83988.33
1461.6 84060.24
1462.8 84132.15
1464.0 84204.06
1465.2 84275.97
1466.4 84347.89
1467.6 84419.8
1468.8 84491.71
1470.0 84563.63
1471.2 84635.54
1472.4 84707.46
1473.6 84779.38
1474.8 84851.3
1476.0 84923.22
1477.2 84995.14
1478.4 85067.06
1479.6 85138.98
1480.8 85210.9
1482.0 85282.83
1483.2 85354.75
1484.4 85426.68
1485.6 85498.6
1486.8 85570.53
1488.0 85642.45
1489.2 85714.38
1490.4 85786.31
1491.6 85858.24
1492.8 85930.17
1494.0 86002.09
1495.2 86074.02
1496.4 86145.95
1497.6 86217.88
1498.8 86289.81
1500.0 86361.74
1501.2 86433.67
1502.4 86505.6
1503.6 86577.53
1504.8 86649.46
1506.0 86721.39
1507.2 86793.32
1508.4 86865.25
1509.6 86937.18
1510.8 87009.11
1512.0 87081.04
1513.2 87152.97
1514.4 87224.9
1515.6 87296.83
1516.8 87368.76
1518.0 87440.68
1519.2 87512.61
1520.4 87584.54
1521.6 87656.47
1522.8 87728.39
1524.0 87800.32
1525.2 87872.24
1526.4 87944.17
1527.6 88016.1
1528.8 88088.02
1530.0 88159.95
1531.2 88231.87
1532.4 88303.79
1533.6 88375.72
1534.8 88447.64
1536.0 88519.56
1537.2 88591.49
1538.4 88663.41
1539.6 88735.33
1540.8 88807.25
1542.0 88879.17
1543.2 88951.05
1544.4 89022.91
1545.6 89094.75
1546.8 89166.56
1548.0 89238.35
1549.2 89310.12
1550.4 89381.87
1551.6 89453.61
1552.8 89525.32
1554.0 89597.02
1555.2 89668.71
1556.4 89740.39
1557.6 89812.05
1558.8 89883.71
1560.0 89955.35
1561.2 90026.99
1562.4 90098.62
1563.6 90170.24
1564.8 90241.85
1566.0 90313.46
1567.2 90385.07
1568.4 90456.67
1569.6 90528.27
1570.8 90599.87
1572.0 90671.46
1573.2 90743.05
1574.4 90814.65
1575.6 90886.24
1576.8 90957.83
1578.0 91029.43
1579.2 91101.02
1580.4 91172.62
1581.6 91244.22
1582.8 91315.82
1584.0 91387.42
1585.2 91459.03
1586.4 91530.64
1587.6 91602.26
1588.8 91673.88
1590.0 91745.5
1591.2 91817.13
1592.4 91888.76
1593.6 91960.4
1594.8 92032.05
1596.0 92103.7
1597.2 92175.35
1598.4 92247.01
1599.6 92318.68
1600.8 92390.35
1602.0 92462.03
1603.2 92533.7
1604.4 92605.35
1605.6 92676.92
1606.8 92748.36
1608.0 92819.65
1609.2 92890.77
1610.4 92961.67
1611.6 93032.34
1612.8 93102.73
1614.0 93172.83
1615.2 93242.6
1616.4 93312.01
1617.6 93381.02
1618.8 93449.62
1620.0 93517.74
1621.2 93585.36
1622.4 93652.42
1623.6 93718.9
1624.8 93784.77
1626.0 93849.99
1627.2 93914.53
1628.4 93978.36
1629.6 94041.43
1630.8 94103.73
1632.0 94165.21
1633.2 94225.85
1634.4 94285.6
1635.6 94344.45
1636.8 94402.35
1638.0 94459.29
1639.2 94515.21
1640.4 94570.11
1641.6 94623.94
1642.8 94676.68
1644.0 94728.32
1645.2 94778.86
1646.4 94828.3
1647.6 94876.65
1648.8 94923.9
1650.0 94970.05
1651.2 95015.11
1652.4 95059.12
1653.6 95102.12
1654.8 95144.14
1656.0 95185.22
1657.2 95225.4
1658.4 95264.7
1659.6 95303.16
1660.8 95340.82
1662.0 95377.7
1663.2 95413.84
1664.4 95449.28
1665.6 95484.04
1666.8 95518.16
1668.0 95551.68
1669.2 95584.63
1670.4 95617.04
1671.6 95648.94
1672.8 95680.37
1674.0 95711.35
1675.2 95741.94
1676.4 95772.14
1677.6 95802.01
1678.8 95831.59
1680.0 95860.92
1681.2 95890.07
1682.4 95919.07
1683.6 95947.98
1684.8 95976.84
1686.0 96005.69
1687.2 96034.58
1688.4 96063.55
1689.6 96092.63
1690.8 96121.87
1692.0 96151.31
1693.2 96180.97
1694.4 96210.9
1695.6 96241.12
1696.8 96271.66
1698.0 96302.56
1699.2 96333.85
1700.4 96365.55
1701.6 96397.68
1702.8 96430.28
1704.0 96463.36
1705.2 96496.94
1706.4 96531.05
1707.6 96565.69
1708.8 96600.89
1710.0 96636.66
1711.2 96673.0
1712.4 96709.93
1713.6 96747.46
1714.8 96785.59
1716.0 96824.33
1717.2 96863.68
1718.4 96903.65
1719.6 96944.23
1720.8 96985.43
1722.0 97027.25
1723.2 97069.67
1724.4 97112.71
1725.6 97156.35
1726.8 97200.58
1728.0 97245.4
1729.2 97290.8
1730.4 97336.76
1731.6 97383.29
1732.8 97430.35
1734.0 97477.94
1735.2 97526.05
1736.4 97574.66
1737.6 97623.75
1738.8 97673.32
1740.0 97723.33
1741.2 97773.77
1742.4 97824.64
1743.6 97875.9
1744.8 97927.53
1746.0 97979.53
1747.2 98031.87
1748.4 98084.54
1749.6 98137.51
1750.8 98190.76
1752.0 98244.28
1753.2 98298.04
1754.4 98352.04
1755.6 98406.24
1756.8 98460.64
1758.0 98515.21
1759.2 98569.94
1760.4 98624.81
1761.6 98679.8
1762.8 98734.89
1764.0 98790.08
1765.2 98845.34
1766.4 98900.66
1767.6 98956.02
1768.8 99011.41
1770.0 99066.82
1771.2 99122.23
1772.4 99177.64
1773.6 99233.02
1774.8 99288.36
1776.0 99343.66
1777.2 99398.9
1778.4 99454.08
1779.6 99509.18
1780.8 99564.19
1782.0 99619.11
1783.2 99673.92
1784.4 99728.63
1785.6 99783.22
1786.8 99837.68
1788.0 99892.02
1789.2 99946.22
1790.4 100000.28
1791.6 100054.2
1792.8 100107.97
1794.0 100161.58
1795.2 100215.05
1796.4 100268.36
1797.6 100321.51
1798.8 100374.5
1800.0 100427.33
1801.2 100480.0
1802.4 100532.51
1803.6 100584.86
1804.8 100637.04
1806.0 100689.07
1807.2 100740.94
1808.4 100792.66
1809.6 100844.21
1810.8 100895.62
1812.0 100946.87
1813.2 100997.98
1814.4 101048.94
1815.6 101099.76
1816.8 101150.44
1818.0 101200.98
1819.2 101251.4
1820.4 101301.68
1821.6 101351.84
1822.8 101401.88
1824.0 101451.8
1825.2 101501.61
1826.4 101551.32
1827.6 101600.91
1828.8 101650.41
1830.0 101699.82
1831.2 101749.13
1832.4 101798.36
1833.6 101847.5
1834.8 101896.57
1836.0 101945.56
1837.2 101994.49
1838.4 102043.35
1839.6 102092.15
1840.8 102140.89
1842.0 102189.58
1843.2 102238.23
1844.4 102286.83
1845.6 102335.39
1846.8 102383.91
1848.0 102432.41
1849.2 102480.87
1850.4 102529.31
1851.6 102577.73
1852.8 102626.13
1854.0 102674.51
1855.2 102722.89
1856.4 102771.25
1857.6 102819.61
1858.8 102867.97
1860.0 102916.32
1861.2 102964.68
1862.4 103013.04
1863.6 103061.41
1864.8 103109.79
1866.0 103158.18
1867.2 103206.58
1868.4 103255.0
1869.6 103303.43
1870.8 103351.88
1872.0 103400.35
1873.2 103448.84
1874.4 103497.35
1875.6 103545.88
1876.8 103594.43
1878.0 103643.01
1879.2 103691.62
1880.4 103740.25
1881.6 103788.9
1882.8 103837.58
1884.0 103886.29
1885.2 103935.03
1886.4 103983.79
1887.6 104032.59
1888.8 104081.4
1890.0 104130.25
1891.2 104179.12
1892.4 104228.03
1893.6 104276.95
1894.8 104325.91
1896.0 104374.89
1897.2 104423.9
1898.4 104472.93
1899.6 104521.99
1900.8 104571.07
1902.0 104620.17
1903.2 104669.3
1904.4 104718.45
1905.6 104767.62
1906.8 104816.81
1908.0 104866.03
1909.2 104915.26
1910.4 104964.51
1911.6 105013.78
1912.8 105063.06
1914.0 105112.36
1915.2 105161.68
1916.4 105211.0
1917.6 105260.35
1918.8 105309.7
1920.0 105359.07
1921.2 105408.44
1922.4 105457.82
1923.6 105507.22
1924.8 105556.62
1926.0 105606.02
1927.2 105655.44
1928.4 105704.85
1929.6 105754.27
1930.8 105803.7
1932.0 105853.12
1933.2 105902.55
1934.4 105951.97
1935.6 106001.4
1936.8 106050.82
1938.0 106100.24
1939.2 106149.66
1940.4 106199.08
1941.6 106248.49
1942.8 106297.89
1944.0 106347.29
1945.2 106396.68
1946.4 106446.06
1947.6 106495.43
1948.8 106544.8
1950.0 106594.15
1951.2 106643.49
1952.4 106692.83
1953.6 106742.15
1954.8 106791.46
1956.0 106840.75
1957.2 106890.03
1958.4 106939.3
1959.6 106988.56
1960.8 107037.79
1962.0 107087.02
1963.2 107136.22
1964.4 107185.42
1965.6 107234.59
1966.8 107283.75
1968.0 107332.89
1969.2 107382.01
1970.4 107431.12
1971.6 107480.21
1972.8 107529.28
1974.0 107578.33
1975.2 107627.37
1976.4 107676.39
1977.6 107725.39
1978.8 107774.37
1980.0 107823.33
1981.2 107872.28
1982.4 107921.21
1983.6 107970.12
1984.8 108019.01
1986.0 108067.89
1987.2 108116.75
1988.4 108165.6
1989.6 108214.42
1990.8 108263.23
1992.0 108312.03
1993.2 108360.81
1994.4 108409.57
1995.6 108458.32
1996.8 108507.06
1998.0 108555.78
1999.2 108604.48
2000.4 108653.17
2001.6 108701.85
2002.8 108750.52
2004.0 108799.17
2005.2 108847.81
2006.4 108896.44
2007.6 108945.06
2008.8 108993.67
2010.0 109042.27
2011.2 109090.86
2012.4 109139.44
2013.6 109188.01
2014.8 109236.57
2016.0 109285.12
2017.2 109333.67
2018.4 109382.21
2019.6 109430.74
2020.8 109479.26
2022.0 109527.78
2023.2 109576.3
2024.4 109624.8
2025.6 109673.31
2026.8 109721.81
2028.0 109770.3
2029.2 109818.8
2030.4 109867.29
2031.6 109915.77
2032.8 109964.26
2034.0 110012.74
2035.2 110061.22
2036.4 110109.7
2037.6 110158.18
2038.8 110206.66
2040.0 110255.14
2041.2 110303.62
2042.4 110352.09
2043.6 110400.57
2044.8 110449.05
2046.0 110497.52
2047.2 110546.0
2048.4 110594.48
2049.6 110642.96
2050.8 110691.44
2052.0 110739.92
2053.2 110788.4
2054.4 110836.88
2055.6 110885.36
2056.8 110933.84
2058.0 110982.32
2059.2 111030.8
2060.4 111079.28
2061.6 111127.76
2062.8 111176.25
2064.0 111224.73
2065.2 111273.21
2066.4 111321.69
2067.6 111370.17
2068.8 111418.66
2070.0 111467.14
2071.2 111515.62
2072.4 111564.1
2073.6 111612.58
2074.8 111661.06
2076.0 111709.53
2077.2 111758.01
2078.4 111806.48
2079.6 111854.96
2080.8 111903.43
2082.0 111951.9
2083.2 112000.38
2084.4 112048.84
2085.6 112097.31
2086.8 112145.78
2088.0 112194.24
2089.2 112242.71
2090.4 112291.17
2091.6 112339.63
2092.8 112388.08
2094.0 112436.54
2095.2 112484.99
2096.4 112533.44
2097.6 112581.89
2098.8 112630.33
2100.0 112678.78
2101.2 112727.22
2102.4 112775.65
2103.6 112824.09
2104.8 112872.52
2106.0 112920.96
2107.2 112969.38
2108.4 113017.81
2109.6 113066.23
2110.8 113114.65
2112.0 113163.07
2113.2 113211.49
2114.4 113259.9
2115.6 113308.31
2116.8 113356.71
2118.0 113405.11
2119.2 113453.51
2120.4 113501.91
2121.6 113550.3
2122.8 113598.69
2124.0 113647.08
2125.2 113695.46
2126.4 113743.84
2127.6 113792.22
2128.8 113840.6
2130.0 113888.97
2131.2 113937.34
2132.4 113985.7
2133.6 114034.06
2134.8 114082.42
2136.0 114130.77
2137.2 114179.12
2138.4 114227.47
2139.6 114275.81
2140.8 114324.15
2142.0 114372.49
2143.2 114420.82
2144.4 114469.15
2145.6 114517.48
2146.8 114565.8
2148.0 114614.12
2149.2 114662.44
2150.4 114710.75
2151.6 114759.06
2152.8 114807.37
2154.0 114855.67
2155.2 114903.97
2156.4 114952.27
2157.6 115000.56
2158.8 115048.86
2160.0 115097.15
2161.2 115145.45
2162.4 115193.76
2163.6 115242.06
2164.8 115290.38
2166.0 115338.7
2167.2 115387.03
2168.4 115435.36
2169.6 115483.71
2170.8 115532.07
2172.0 115580.43
2173.2 115628.81
2174.4 115677.2
2175.6 115725.6
2176.8 115774.02
2178.0 115822.44
2179.2 115870.88
2180.4 115919.33
2181.6 115967.8
2182.8 116016.28
2184.0 116064.77
2185.2 116113.28
2186.4 116161.8
2187.6 116210.34
2188.8 116258.89
2190.0 116307.45
2191.2 116356.03
2192.4 116404.62
2193.6 116453.22
2194.8 116501.84
2196.0 116550.47
2197.2 116599.12
2198.4 116647.78
2199.6 116696.45
2200.8 116745.13
2202.0 116793.83
2203.2 116842.54
2204.4 116891.26
2205.6 116940.0
2206.8 116988.75
2208.0 117037.5
2209.2 117086.27
2210.4 117135.06
2211.6 117183.85
2212.8 117232.65
2214.0 117281.46
2215.2 117330.28
2216.4 117379.11
2217.6 117427.95
2218.8 117476.8
2220.0 117525.66
2221.2 117574.52
2222.4 117623.4
2223.6 117672.28
2224.8 117721.16
2226.0 117770.06
2227.2 117818.96
2228.4 117867.86
2229.6 117916.77
2230.8 117965.69
2232.0 118014.61
2233.2 118063.53
2234.4 118112.46
2235.6 118161.39
2236.8 118210.33
2238.0 118259.27
2239.2 118308.21
2240.4 118357.15
2241.6 118406.09
2242.8 118455.04
2244.0 118503.99
2245.2 118552.93
2246.4 118601.88
2247.6 118650.83
2248.8 118699.78
2250.0 118748.72
2251.2 118797.67
2252.4 118846.59
2253.6 118895.46
2254.8 118944.22
2256.0 118992.84
2257.2 119041.31
2258.4 119089.58
2259.6 119137.63
2260.8 119185.43
2262.0 119232.94
2263.2 119280.14
2264.4 119326.95
2265.6 119373.21
2266.8 119418.65
2268.0 119463.05
2269.2 119506.35
2270.4 119548.56
2271.6 119589.67
2272.8 119629.69
2274.0 119668.61
2275.2 119706.44
2276.4 119743.18
2277.6 119778.82
2278.8 119813.37
2280.0 119846.82
2281.2 119879.19
2282.4 119910.46
2283.6 119940.64
2284.8 119969.73
2286.0 119997.72
2287.2 120024.63
2288.4 120050.45
2289.6 120075.17
2290.8 120098.81
2292.0 120121.35
2293.2 120142.81
2294.4 120163.17
2295.6 120182.45
2296.8 120200.64
2298.0 120217.77
2299.2 120233.9
2300.4 120249.06
2301.6 120263.31
2302.8 120276.68
2304.0 120289.23
2305.2 120300.99
2306.4 120312.0
2307.6 120322.29
2308.8 120331.91
2310.0 120340.89
2311.2 120349.26
2312.4 120357.06
2313.6 120364.3
2314.8 120371.03
2316.0 120377.27
2317.2 120383.04
2318.4 120388.36
2319.6 120393.26
2320.8 120397.76
2322.0 120401.88
2323.2 120405.62
2324.4 120409.01
2325.6 120412.06
2326.8 120414.77
2328.0 120417.17
2329.2 120419.24
2330.4 120421.02
2331.6 120422.49
2332.8 120423.68
2334.0 120424.58
2335.2 120425.21
2336.4 120425.57
2337.6 120425.69
2338.8 120425.67
2340.0 120425.65
2341.2 120425.64
2342.4 120425.62
2343.6 120425.61
2344.8 120425.6
2346.0 120425.6
2347.2 120425.59
2348.4 120425.59
2349.6 120425.59
2350.8 120425.59
2352.0 120425.59
2353.2 120425.58
2354.4 120425.58
2355.6 120425.58
2356.8 120425.58
2358.0 120425.58
2359.2 120425.58
2360.4 120425.58
2361.6 120425.58
2362.8 120425.58
2364.0 120425.58
2365.2 120425.58
2366.4 120425.58
2367.6 120425.58
2368.8 120425.58
2370.0 120425.58
2371.2 120425.59
2372.4 120425.6
2373.6 120425.61
2374.8 120425.64
2376.0 120425.66
2377.2 120425.7
2378.4 120425.75
2379.6 120425.8
2380.8 120425.87
2382.0 120425.95
2383.2 120426.05
2384.4 120426.16
2385.6 120426.28
2386.8 120426.43
2388.0 120426.59
2389.2 120426.77
2390.4 120426.97
2391.6 120427.19
2392.8 120427.43
2394.0 120427.7
2395.2 120427.99
2396.4 120428.3
2397.6 120428.64
2398.8 120429.0
2400.0 120429.38
2401.2 120429.8
2402.4 120430.23
2403.6 120430.7
2404.8 120431.19
2406.0 120431.71
2407.2 120432.25
2408.4 120432.82
2409.6 120433.42
2410.8 120434.05
2412.0 120434.7
2413.2 120435.38
2414.4 120436.08
2415.6 120436.81
2416.8 120437.56
2418.0 120438.34
2419.2 120439.15
2420.4 120439.98
2421.6 120440.83
2422.8 120441.71
2424.0 120442.6
2425.2 120443.53
2426.4 120444.47
2427.6 120445.43
2428.8 120446.42
2430.0 120447.42
2431.2 120448.44
2432.4 120449.48
2433.6 120450.54
2434.8 120451.61
2436.0 120452.7
2437.2 120453.81
2438.4 120454.93
2439.6 120456.06
2440.8 120457.2
2442.0 120458.36
2443.2 120459.53
2444.4 120460.71
2445.6 120461.9
2446.8 120463.09
2448.0 120464.3
2449.2 120465.51
2450.4 120466.73
2451.6 120467.95
2452.8 120469.18
2454.0 120470.41
2455.2 120471.65
2456.4 120472.89
2457.6 120474.14
2458.8 120475.38
2460.0 120476.63
2461.2 120477.88
2462.4 120479.12
2463.6 120480.37
2464.8 120481.62
2466.0 120482.87
2467.2 120484.11
2468.4 120485.35
2469.6 120486.59
2470.8 120487.82
2472.0 120489.06
2473.2 120490.28
2474.4 120491.5
2475.6 120492.72
2476.8 120493.93
2478.0 120495.14
2479.2 120496.34
2480.4 120497.53
2481.6 120498.71
2482.8 120499.89
2484.0 120501.06
2485.2 120502.22
2486.4 120503.37
2487.6 120504.52
2488.8 120505.65
2490.0 120506.78
2491.2 120507.89
2492.4 120508.99
2493.6 120510.09
2494.8 120511.17
2496.0 120512.24
2497.2 120513.3
2498.4 120514.35
2499.6 120515.39
2500.8 120516.42
2502.0 120517.43
2503.2 120518.44
2504.4 120519.43
2505.6 120520.41
2506.8 120521.38
2508.0 120522.34
2509.2 120523.28
2510.4 120524.22
2511.6 120525.14
2512.8 120526.05
2514.0 120526.95
2515.2 120527.84
2516.4 120528.72
2517.6 120529.58
2518.8 120530.44
2520.0 120531.28
2521.2 120532.12
2522.4 120532.94
2523.6 120533.75
2524.8 120534.55
2526.0 120535.34
2527.2 120536.12
2528.4 120536.9
2529.6 120537.66
2530.8 120538.41
2532.0 120539.15
2533.2 120539.88
2534.4 120540.61
2535.6 120541.32
2536.8 120542.02
2538.0 120542.72
2539.2 120543.41
2540.4 120544.09
2541.6 120544.76
2542.8 120545.42
2544.0 120546.07
2545.2 120546.72
2546.4 120547.36
2547.6 120547.99
2548.8 120548.61
2550.0 120549.23
2551.2 120549.84
2552.4 120550.44
2553.6 120551.03
2554.8 120551.62
2556.0 120552.2
2557.2 120552.78
2558.4 120553.35
2559.6 120553.91
2560.8 120554.46
2562.0 120555.01
2563.2 120555.56
2564.4 120556.09
2565.6 120556.63
2566.8 120557.15
2568.0 120557.67
2569.2 120558.19
2570.4 120558.7
2571.6 120559.2
2572.8 120559.7
2574.0 120560.2
2575.2 120560.69
2576.4 120561.17
2577.6 120561.65
2578.8 120562.13
2580.0 120562.6
2581.2 120563.06
2582.4 120563.52
2583.6 120563.98
2584.8 120564.43
2586.0 120564.88
2587.2 120565.33
2588.4 120565.77
2589.6 120566.2
2590.8 120566.63
2592.0 120567.06
2593.2 120567.49
2594.4 120567.91
2595.6 120568.32
2596.8 120568.74
2598.0 120569.15
2599.2 120569.55
2600.4 120569.95
2601.6 120570.35
2602.8 120570.75
2604.0 120571.14
2605.2 120571.53
2606.4 120571.91
2607.6 120572.29
2608.8 120572.67
2610.0 120573.05
2611.2 120573.42
2612.4 120573.79
2613.6 120574.15
2614.8 120574.51
2616.0 120574.87
2617.2 120575.22
2618.4 120575.58
2619.6 120575.92
2620.8 120576.27
2622.0 120576.61
2623.2 120576.95
2624.4 120577.29
2625.6 120577.62
2626.8 120577.95
2628.0 120578.27
2629.2 120578.6
2630.4 120578.92
2631.6 120579.23
2632.8 120579.55
2634.0 120579.86
2635.2 120580.16
2636.4 120580.47
2637.6 120580.77
2638.8 120581.07
2640.0 120581.37
2641.2 120581.66
2642.4 120581.95
2643.6 120582.24
2644.8 120582.52
2646.0 120582.8
2647.2 120583.08
2648.4 120583.36
2649.6 120583.63
2650.8 120583.9
2652.0 120584.17
2653.2 120584.43
2654.4 120584.69
2655.6 120584.95
2656.8 120585.21
2658.0 120585.46
2659.2 120585.71
2660.4 120585.96
2661.6 120586.21
2662.8 120586.45
2664.0 120586.69
2665.2 120586.93
2666.4 120587.17
2667.6 120587.4
2668.8 120587.63
2670.0 120587.86
2671.2 120588.09
2672.4 120588.31
2673.6 120588.53
2674.8 120588.75
2676.0 120588.97
2677.2 120589.18
2678.4 120589.39
2679.6 120589.6
2680.8 120589.81
2682.0 120590.02
2683.2 120590.22
2684.4 120590.42
2685.6 120590.62
2686.8 120590.82
2688.0 120591.01
2689.2 120591.2
2690.4 120591.39
2691.6 120591.58
2692.8 120591.77
2694.0 120591.95
2695.2 120592.14
2696.4 120592.32
2697.6 120592.5
2698.8 120592.67
2700.0 120592.85
2701.2 120593.02
2702.4 120593.19
2703.6 120593.36
2704.8 120593.53
2706.0 120593.7
2707.2 120593.86
2708.4 120594.03
2709.6 120594.19
2710.8 120594.35
2712.0 120594.51
2713.2 120594.66
2714.4 120594.82
2715.6 120594.97
2716.8 120595.12
2718.0 120595.27
2719.2 120595.42
2720.4 120595.57
2721.6 120595.71
2722.8 120595.85
2724.0 120596.0
2725.2 120596.14
2726.4 120596.27
2727.6 120596.41
2728.8 120596.55
2730.0 120596.68
2731.2 120596.82
2732.4 120596.95
2733.6 120597.08
2734.8 120597.21
2736.0 120597.33
2737.2 120597.46
2738.4 120597.58
2739.6 120597.7
2740.8 120597.83
2742.0 120597.95
2743.2 120598.06
2744.4 120598.18
2745.6 120598.3
2746.8 120598.41
2748.0 120598.52
2749.2 120598.64
2750.4 120598.75
2751.6 120598.86
2752.8 120598.96
2754.0 120599.07
2755.2 120599.18
2756.4 120599.28
2757.6 120599.38
2758.8 120599.49
2760.0 120599.59
2761.2 120599.69
2762.4 120599.78
2763.6 120599.88
2764.8 120599.98
2766.0 120600.07
2767.2 120600.17
2768.4 120600.26
2769.6 120600.35
2770.8 120600.45
2772.0 120600.54
2773.2 120600.63
2774.4 120600.71
2775.6 120600.8
2776.8 120600.89
2778.0 120600.98
2779.2 120601.06
2780.4 120601.14
2781.6 120601.23
2782.8 120601.31
2784.0 120601.39
2785.2 120601.47
2786.4 120601.55
2787.6 120601.63
2788.8 120601.71
2790.0 120601.79
2791.2 120601.86
2792.4 120601.94
2793.6 120602.02
2794.8 120602.09
2796.0 120602.16
2797.2 120602.24
2798.4 120602.31
2799.6 120602.38
2800.8 120602.45
2802.0 120602.52
2803.2 120602.59
2804.4 120602.66
2805.6 120602.73
2806.8 120602.8
2808.0 120602.86
2809.2 120602.93
2810.4 120602.99
2811.6 120603.06
2812.8 120603.12
2814.0 120603.19
2815.2 120603.25
2816.4 120603.31
2817.6 120603.37
2818.8 120603.43
2820.0 120603.49
2821.2 120603.55
2822.4 120603.61
2823.6 120603.67
2824.8 120603.73
2826.0 120603.79
2827.2 120603.84
2828.4 120603.9
2829.6 120603.95
2830.8 120604.01
2832.0 120604.06
2833.2 120604.12
2834.4 120604.17
2835.6 120604.22
2836.8 120604.28
2838.0 120604.33
2839.2 120604.38
2840.4 120604.43
2841.6 120604.48
2842.8 120604.53
2844.0 120604.58
2845.2 120604.64
2846.4 120604.69
2847.6 120604.74
2848.8 120604.79
2850.0 120604.84
2851.2 120604.9
2852.4 120604.95
2853.6 120605.0
2854.8 120605.06
2856.0 120605.12
2857.2 120605.17
2858.4 120605.23
2859.6 120605.29
2860.8 120605.34
2862.0 120605.4
2863.2 120605.46
2864.4 120605.52
2865.6 120605.59
2866.8 120605.65
2868.0 120605.71
2869.2 120605.78
2870.4 120605.84
2871.6 120605.91
2872.8 120605.97
2874.0 120606.04
2875.2 120606.11
2876.4 120606.18
2877.6 120606.25
2878.8 120606.32
2880.0 120606.39
2881.2 120606.47
2882.4 120606.54
2883.6 120606.62
2884.8 120606.69
2886.0 120606.77
2887.2 120606.85
2888.4 120606.92
2889.6 120607.0
2890.8 120607.08
2892.0 120607.16
2893.2 120607.25
2894.4 120607.33
2895.6 120607.41
2896.8 120607.49
2898.0 120607.58
2899.2 120607.66
2900.4 120607.75
2901.6 120607.84
2902.8 120607.92
2904.0 120608.01
2905.2 120608.1
2906.4 120608.19
2907.6 120608.28
2908.8 120608.37
2910.0 120608.46
2911.2 120608.55
2912.4 120608.64
2913.6 120608.73
2914.8 120608.82
2916.0 120608.91
2917.2 120609.01
2918.4 120609.1
2919.6 120609.19
2920.8 120609.29
2922.0 120609.38
2923.2 120609.48
2924.4 120609.57
2925.6 120609.66
2926.8 120609.76
2928.0 120609.85
2929.2 120609.95
2930.4 120610.04
2931.6 120610.14
2932.8 120610.23
2934.0 120610.33
2935.2 120610.42
2936.4 120610.52
2937.6 120610.59
2938.8 120610.62
2940.0 120610.62
2941.2 120610.61
2942.4 120610.6
2943.6 120610.6
2944.8 120610.59
2946.0 120610.58
2947.2 120610.58
2948.4 120610.57
2949.6 120610.57
2950.8 120610.57
2952.0 120610.56
2953.2 120610.56
2954.4 120610.55
2955.6 120610.55
2956.8 120610.55
2958.0 120610.54
2959.2 120610.54
2960.4 120610.54
2961.6 120610.54
2962.8 120610.53
2964.0 120610.53
2965.2 120610.53
2966.4 120610.53
2967.6 120610.53
2968.8 120610.53
2970.0 120610.52
2971.2 120610.52
2972.4 120610.52
2973.6 120610.52
2974.8 120610.52
2976.0 120610.52
2977.2 120610.52
2978.4 120610.52
2979.6 120610.51
2980.8 120610.51
2982.0 120610.51
2983.2 120610.51
2984.4 120610.51
2985.6 120610.51
2986.8 120610.51
2988.0 120610.51
2989.2 120610.51
2990.4 120610.51
2991.6 120610.51
2992.8 120610.51
2994.0 120610.51
2995.2 120610.51
2996.4 120610.51
2997.6 120610.51
2998.8 120610.51
