0.0 1.16
1.2 0.29
2.4 0.06
3.6 0.06
4.8 0.06
6.0 0.06
7.2 0.14
8.4 0.1
9.6 0.16
10.8 0.1
12.0 0.14
13.2 0.08
14.4 0.09
15.6 0.06
16.8 0.07
18.0 0.06
19.2 0.12
20.4 0.06
21.6 0.07
22.8 0.11
24.0 0.06
25.2 0.06
26.4 0.07
27.6 0.06
28.8 0.06
30.0 0.15
31.2 0.06
32.4 0.06
33.6 0.12
34.8 0.08
36.0 0.07
37.2 0.09
38.4 0.1
39.6 0.06
40.8 0.18
42.0 0.06
43.2 0.06
44.4 0.1
45.6 0.06
46.8 0.09
48.0 0.2
49.2 0.07
50.4 0.08
51.6 0.07
52.8 0.07
54.0 0.07
55.2 0.07
56.4 0.06
57.6 0.06
58.8 0.06
60.0 0.07
61.2 0.11
62.4 0.07
63.6 0.07
64.8 0.07
66.0 0.07
67.2 0.06
68.4 0.06
69.6 0.06
70.8 0.07
72.0 0.1
73.2 0.06
74.4 0.1
75.6 0.07
76.8 0.09
78.0 0.09
79.2 0.06
80.4 0.15
81.6 0.1
82.8 0.17
84.0 0.12
85.2 0.06
86.4 0.08
87.6 0.11
88.8 0.09
90.0 0.14
91.2 0.07
92.4 0.14
93.6 0.11
94.8 0.07
96.0 0.16
97.2 0.06
98.4 0.07
99.6 0.06
100.8 0.07
102.0 0.06
103.2 0.06
104.4 0.06
105.6 0.06
106.8 0.07
108.0 0.07
109.2 0.07
110.4 0.07
111.6 0.07
112.8 0.07
114.0 0.11
115.2 0.06
116.4 0.07
117.6 0.07
118.8 0.06
120.0 0.15
121.2 0.09
122.4 0.11
123.6 0.07
124.8 0.06
126.0 0.06
127.2 0.08
128.4 0.06
129.6 0.06
130.8 0.07
132.0 0.06
133.2 0.06
134.4 0.07
135.6 0.06
136.8 0.06
138.0 0.06
139.2 0.07
140.4 0.07
141.6 0.07
142.8 0.06
144.0 0.11
145.2 0.07
146.4 0.09
147.6 0.12
148.8 0.06
150.0 0.06
151.2 0.08
152.4 0.06
153.6 0.06
154.8 0.08
156.0 0.07
157.2 0.07
158.4 0.07
159.6 0.07
160.8 0.09
162.0 0.07
163.2 0.07
164.4 0.15
165.6 0.06
166.8 0.11
168.0 0.07
169.2 0.07
170.4 0.07
171.6 0.07
172.8 0.07
174.0 0.07
175.2 0.07
176.4 0.07
177.6 0.07
178.8 0.07
180.0 0.07
181.2 0.07
182.4 0.1
183.6 0.09
184.8 0.06
186.0 0.1
187.2 0.13
188.4 0.06
189.6 0.06
190.8 0.07
192.0 0.07
193.2 0.07
194.4 0.14
195.6 0.06
196.8 0.06
198.0 0.09
199.2 0.06
200.4 0.07
201.6 0.12
202.8 0.08
204.0 0.07
205.2 0.09
206.4 0.09
207.6 0.11
208.8 0.11
210.0 0.08
211.2 0.1
212.4 0.06
213.6 0.06
214.8 0.08
216.0 0.06
217.2 0.15
218.4 0.07
219.6 0.17
220.8 0.06
222.0 0.08
223.2 0.07
224.4 0.06
225.6 0.15
226.8 0.07
228.0 0.06
229.2 0.12
230.4 0.07
231.6 0.06
232.8 0.06
234.0 0.1
235.2 0.08
236.4 0.06
237.6 0.12
238.8 0.1
240.0 0.08
241.2 0.07
242.4 0.09
243.6 0.06
244.8 0.09
246.0 0.09
247.2 0.07
248.4 0.13
249.6 0.07
250.8 0.09
252.0 0.13
253.2 0.06
254.4 0.09
255.6 0.07
256.8 0.09
258.0 0.12
259.2 0.09
260.4 0.13
261.6 0.06
262.8 0.06
264.0 0.09
265.2 0.06
266.4 0.06
267.6 0.12
268.8 0.06
270.0 0.06
271.2 0.16
272.4 0.06
273.6 0.06
274.8 0.06
276.0 0.06
277.2 0.12
278.4 0.08
279.6 0.07
280.8 0.1
282.0 0.09
283.2 0.08
284.4 0.16
285.6 0.06
286.8 0.06
288.0 0.11
289.2 0.07
290.4 0.07
291.6 0.12
292.8 0.12
294.0 0.12
295.2 0.07
296.4 0.07
297.6 0.1
298.8 0.07
300.0 0.07
301.2 0.09
302.4 0.11
303.6 0.09
304.8 0.06
306.0 0.1
307.2 0.06
308.4 0.1
309.6 0.09
310.8 0.11
312.0 0.06
313.2 0.08
314.4 0.06
315.6 0.09
316.8 0.08
318.0 0.06
319.2 0.06
320.4 0.07
321.6 0.06
322.8 0.06
324.0 0.07
325.2 0.06
326.4 0.06
327.6 0.09
328.8 0.06
330.0 0.06
331.2 0.17
332.4 0.06
333.6 0.07
334.8 0.12
336.0 0.06
337.2 0.06
338.4 0.14
339.6 0.07
340.8 0.06
342.0 0.06
343.2 0.06
344.4 0.06
345.6 0.08
346.8 0.06
348.0 0.06
349.2 0.1
350.4 0.06
351.6 0.06
352.8 0.12
354.0 0.07
355.2 0.06
356.4 0.25
357.6 0.07
358.8 0.06
360.0 0.19
361.2 0.06
362.4 0.06
363.6 0.06
364.8 0.06
366.0 0.06
367.2 0.08
368.4 0.06
369.6 0.06
370.8 0.06
372.0 0.1
373.2 0.06
374.4 0.07
375.6 0.09
376.8 0.06
378.0 0.06
379.2 0.1
380.4 0.06
381.6 0.06
382.8 0.12
384.0 0.12
385.2 0.12
386.4 0.07
387.6 0.06
388.8 0.06
390.0 0.06
391.2 0.06
392.4 0.06
393.6 0.09
394.8 0.07
396.0 0.06
397.2 0.14
398.4 0.06
399.6 0.07
400.8 0.06
402.0 0.06
403.2 0.07
404.4 0.06
405.6 0.06
406.8 0.08
408.0 0.07
409.2 0.07
410.4 0.11
411.6 0.07
412.8 0.07
414.0 0.08
415.2 0.06
416.4 0.14
417.6 0.06
418.8 0.06
420.0 0.11
421.2 0.06
422.4 0.06
423.6 0.07
424.8 0.1
426.0 0.09
427.2 0.07
428.4 0.07
429.6 0.09
430.8 0.07
432.0 0.07
433.2 0.06
434.4 0.06
435.6 0.17
436.8 0.06
438.0 0.06
439.2 0.06
440.4 0.06
441.6 0.13
442.8 0.06
444.0 0.06
445.2 0.07
446.4 0.07
447.6 0.07
448.8 0.07
450.0 0.11
451.2 0.07
452.4 0.07
453.6 0.07
454.8 0.06
456.0 0.06
457.2 0.11
458.4 0.06
459.6 0.06
460.8 0.11
462.0 0.06
463.2 0.06
464.4 0.06
465.6 0.15
466.8 0.06
468.0 0.06
469.2 0.09
470.4 0.06
471.6 0.06
472.8 0.06
474.0 0.11
475.2 0.17
476.4 0.14
477.6 0.13
478.8 0.12
480.0 0.09
481.2 0.08
482.4 0.07
483.6 0.11
484.8 0.06
486.0 0.06
487.2 0.13
488.4 0.06
489.6 0.08
490.8 0.06
492.0 0.08
493.2 0.09
494.4 0.09
495.6 0.13
496.8 0.08
498.0 0.08
499.2 0.06
500.4 0.06
501.6 0.07
502.8 0.08
504.0 0.06
505.2 0.06
506.4 0.08
507.6 0.06
508.8 0.07
510.0 0.1
511.2 0.07
512.4 0.06
513.6 0.06
514.8 0.06
516.0 0.07
517.2 0.06
518.4 0.06
519.6 0.14
520.8 0.09
522.0 0.06
523.2 0.13
524.4 0.06
525.6 0.1
526.8 0.13
528.0 0.12
529.2 0.1
530.4 0.08
531.6 0.13
532.8 0.06
534.0 0.07
535.2 0.06
536.4 0.12
537.6 0.14
538.8 0.09
540.0 0.08
541.2 0.07
542.4 0.07
543.6 0.07
544.8 0.07
546.0 0.06
547.2 0.16
548.4 0.07
549.6 0.07
550.8 0.07
552.0 0.09
553.2 0.15
554.4 0.1
555.6 0.06
556.8 0.06
558.0 0.12
559.2 0.07
560.4 0.06
561.6 0.07
562.8 0.06
564.0 0.07
565.2 0.07
566.4 0.14
567.6 0.11
568.8 0.07
570.0 0.06
571.2 0.06
572.4 0.06
573.6 0.06
574.8 0.07
576.0 0.06
577.2 0.06
578.4 0.06
579.6 0.06
580.8 0.1
582.0 0.11
583.2 0.07
584.4 0.07
585.6 0.1
586.8 0.09
588.0 0.07
589.2 0.07
590.4 0.07
591.6 0.06
592.8 0.06
594.0 0.06
595.2 0.06
596.4 0.06
597.6 0.06
598.8 0.06
600.0 0.06
601.2 0.06
602.4 0.09
603.6 0.06
604.8 0.08
606.0 0.06
607.2 0.07
608.4 0.06
609.6 0.12
610.8 0.07
612.0 0.13
613.2 0.08
614.4 0.07
615.6 0.11
616.8 0.06
618.0 0.06
619.2 0.08
620.4 0.06
621.6 0.06
622.8 0.08
624.0 0.06
625.2 0.06
626.4 0.06
627.6 0.06
628.8 0.07
630.0 0.07
631.2 0.06
632.4 0.07
633.6 0.06
634.8 0.06
636.0 0.06
637.2 0.12
638.4 0.1
639.6 0.16
640.8 0.07
642.0 0.06
643.2 0.07
644.4 0.07
645.6 0.17
646.8 0.06
648.0 0.06
649.2 0.06
650.4 0.08
651.6 0.09
652.8 0.06
654.0 0.06
655.2 0.06
656.4 0.06
657.6 0.07
658.8 0.07
660.0 0.06
661.2 0.06
662.4 0.07
663.6 0.1
664.8 0.1
666.0 0.06
667.2 0.06
668.4 0.07
669.6 0.06
670.8 0.06
672.0 0.07
673.2 0.07
674.4 0.06
675.6 0.06
676.8 0.07
678.0 0.06
679.2 0.06
680.4 0.07
681.6 0.06
682.8 0.06
684.0 0.13
685.2 0.07
686.4 0.06
687.6 0.09
688.8 0.06
690.0 0.07
691.2 0.09
692.4 0.07
693.6 0.06
694.8 0.06
696.0 0.08
697.2 0.07
698.4 0.06
699.6 0.06
700.8 0.07
702.0 0.06
703.2 0.07
704.4 0.06
705.6 0.11
706.8 0.07
708.0 0.07
709.2 0.07
710.4 0.07
711.6 0.07
712.8 0.1
714.0 0.09
715.2 0.1
716.4 0.07
717.6 0.06
718.8 0.06
720.0 0.07
721.2 0.08
722.4 0.07
723.6 0.06
724.8 0.06
726.0 0.06
727.2 0.06
728.4 0.06
729.6 0.07
730.8 0.06
732.0 0.06
733.2 0.06
734.4 0.06
735.6 0.06
736.8 0.07
738.0 0.06
739.2 0.06
740.4 0.07
741.6 0.06
742.8 0.07
744.0 0.06
745.2 0.09
746.4 0.07
747.6 0.09
748.8 0.1
750.0 0.06
751.2 0.07
752.4 0.07
753.6 0.06
754.8 0.07
756.0 0.09
757.2 0.13
758.4 0.2
759.6 0.07
760.8 0.11
762.0 0.07
763.2 0.07
764.4 0.07
765.6 0.11
766.8 0.06
768.0 0.2
769.2 0.07
770.4 0.07
771.6 0.11
772.8 0.07
774.0 0.07
775.2 0.1
776.4 0.07
777.6 0.07
778.8 0.07
780.0 0.06
781.2 0.06
782.4 0.1
783.6 0.08
784.8 0.06
786.0 0.07
787.2 0.07
788.4 0.06
789.6 0.06
790.8 0.07
792.0 0.13
793.2 0.06
794.4 0.06
795.6 0.08
796.8 0.06
798.0 0.06
799.2 0.06
800.4 0.07
801.6 0.07
802.8 0.06
804.0 0.07
805.2 0.07
806.4 0.11
807.6 0.08
808.8 0.08
810.0 0.12
811.2 0.07
812.4 0.06
813.6 0.18
814.8 0.16
816.0 0.13
817.2 0.12
818.4 0.06
819.6 0.07
820.8 0.07
822.0 0.07
823.2 0.07
824.4 0.06
825.6 0.07
826.8 0.12
828.0 0.06
829.2 0.06
830.4 0.06
831.6 0.06
832.8 0.06
834.0 0.15
835.2 0.06
836.4 0.06
837.6 0.08
838.8 0.12
840.0 0.08
841.2 0.06
842.4 0.14
843.6 0.06
844.8 0.06
846.0 0.06
847.2 0.09
848.4 0.06
849.6 0.07
850.8 0.06
852.0 0.08
853.2 0.06
854.4 0.08
855.6 0.07
856.8 0.06
858.0 0.11
859.2 0.09
860.4 0.08
861.6 0.07
862.8 0.07
864.0 0.08
865.2 0.07
866.4 0.07
867.6 0.06
868.8 0.06
870.0 0.06
871.2 0.06
872.4 0.07
873.6 0.07
874.8 0.06
876.0 0.06
877.2 0.06
878.4 0.08
879.6 0.07
880.8 0.09
882.0 0.06
883.2 0.06
884.4 0.17
885.6 0.06
886.8 0.14
888.0 0.08
889.2 0.08
890.4 0.09
891.6 0.07
892.8 0.13
894.0 0.06
895.2 0.06
896.4 0.08
897.6 0.14
898.8 0.07
900.0 0.1
901.2 0.08
902.4 0.09
903.6 0.1
904.8 0.07
906.0 0.12
907.2 0.06
908.4 0.06
909.6 0.09
910.8 0.08
912.0 0.14
913.2 0.07
914.4 0.09
915.6 0.09
916.8 0.11
918.0 0.06
919.2 0.06
920.4 0.1
921.6 0.16
922.8 0.07
924.0 0.2
925.2 0.12
926.4 0.1
927.6 0.07
928.8 0.06
930.0 0.07
931.2 0.06
932.4 0.12
933.6 0.06
934.8 0.07
936.0 0.08
937.2 0.06
938.4 0.15
939.6 0.11
940.8 0.1
942.0 0.12
943.2 0.06
944.4 0.07
945.6 0.06
946.8 0.06
948.0 0.08
949.2 0.09
950.4 0.07
951.6 0.06
952.8 0.06
954.0 0.06
955.2 0.06
956.4 0.06
957.6 0.14
958.8 0.09
960.0 0.07
961.2 0.11
962.4 0.08
963.6 0.2
964.8 0.19
966.0 0.07
967.2 0.06
968.4 0.07
969.6 0.06
970.8 0.06
972.0 0.07
973.2 0.07
974.4 0.17
975.6 0.06
976.8 0.06
978.0 0.06
979.2 0.07
980.4 0.07
981.6 0.09
982.8 0.09
984.0 0.06
985.2 0.06
986.4 0.08
987.6 0.07
988.8 0.16
990.0 0.07
991.2 0.06
992.4 0.16
993.6 0.06
994.8 0.07
996.0 0.06
997.2 0.07
998.4 0.07
999.6 0.07
1000.8 0.07
1002.0 0.07
1003.2 0.07
1004.4 0.07
1005.6 0.06
1006.8 0.06
1008.0 0.07
1009.2 0.07
1010.4 0.11
1011.6 0.14
1012.8 0.1
1014.0 0.16
1015.2 0.07
1016.4 0.06
1017.6 0.07
1018.8 0.06
1020.0 0.16
1021.2 0.06
1022.4 0.06
1023.6 0.11
1024.8 0.06
1026.0 0.17
1027.2 0.06
1028.4 0.06
1029.6 0.06
1030.8 0.06
1032.0 0.12
1033.2 0.06
1034.4 0.06
1035.6 0.12
1036.8 0.07
1038.0 0.07
1039.2 0.13
1040.4 0.07
1041.6 0.06
1042.8 0.06
1044.0 0.06
1045.2 0.06
1046.4 0.06
1047.6 0.06
1048.8 0.06
1050.0 0.09
1051.2 0.07
1052.4 0.07
1053.6 0.07
1054.8 0.06
1056.0 0.06
1057.2 0.06
1058.4 0.06
1059.6 0.07
1060.8 0.06
1062.0 0.09
1063.2 0.06
1064.4 0.06
1065.6 0.06
1066.8 0.07
1068.0 0.07
1069.2 0.13
1070.4 0.06
1071.6 0.06
1072.8 0.06
1074.0 0.06
1075.2 0.06
1076.4 0.07
1077.6 0.06
1078.8 0.06
1080.0 0.06
1081.2 0.06
1082.4 0.11
1083.6 0.12
1084.8 0.06
1086.0 0.06
1087.2 0.06
1088.4 0.06
1089.6 0.11
1090.8 0.06
1092.0 0.07
1093.2 0.07
1094.4 0.08
1095.6 0.06
1096.8 0.06
1098.0 0.06
1099.2 0.06
1100.4 0.07
1101.6 0.06
1102.8 0.06
1104.0 0.07
1105.2 0.06
1106.4 0.06
1107.6 0.06
1108.8 0.07
1110.0 0.2
1111.2 0.06
1112.4 0.06
1113.6 0.06
1114.8 0.06
1116.0 0.06
1117.2 0.12
1118.4 0.06
1119.6 0.06
1120.8 0.09
1122.0 0.06
1123.2 0.06
1124.4 0.06
1125.6 0.06
1126.8 0.06
1128.0 0.06
1129.2 0.06
1130.4 0.07
1131.6 0.06
1132.8 0.07
1134.0 0.06
1135.2 0.06
1136.4 0.06
1137.6 0.06
1138.8 0.06
1140.0 0.06
1141.2 0.06
1142.4 0.06
1143.6 0.06
1144.8 0.18
1146.0 0.07
1147.2 0.11
1148.4 0.09
1149.6 0.06
1150.8 0.06
1152.0 0.09
1153.2 0.11
1154.4 0.06
1155.6 0.07
1156.8 0.06
1158.0 0.07
1159.2 0.07
1160.4 0.07
1161.6 0.07
1162.8 0.09
1164.0 0.07
1165.2 0.1
1166.4 0.07
1167.6 0.06
1168.8 0.08
1170.0 0.06
1171.2 0.06
1172.4 0.07
1173.6 0.06
1174.8 0.06
1176.0 0.07
1177.2 0.06
1178.4 0.13
1179.6 0.07
1180.8 0.06
1182.0 0.07
1183.2 0.06
1184.4 0.06
1185.6 0.07
1186.8 0.07
1188.0 0.06
1189.2 0.07
1190.4 0.06
1191.6 0.06
1192.8 0.09
1194.0 0.07
1195.2 0.06
1196.4 0.07
1197.6 0.06
1198.8 0.07
1200.0 0.06
1201.2 0.07
1202.4 0.08
1203.6 0.19
1204.8 0.09
1206.0 0.24
1207.2 0.22
1208.4 0.23
1209.6 0.62
1210.8 0.25
1212.0 0.46
1213.2 0.24
1214.4 0.24
1215.6 0.25
1216.8 0.29
1218.0 0.24
1219.2 0.24
1220.4 0.24
1221.6 0.27
1222.8 0.26
1224.0 0.24
1225.2 0.37
1226.4 0.27
1227.6 0.48
1228.8 0.24
1230.0 0.26
1231.2 0.25
1232.4 0.25
1233.6 0.27
1234.8 0.26
1236.0 0.25
1237.2 0.28
1238.4 0.28
1239.6 0.53
1240.8 0.28
1242.0 0.25
1243.2 0.18
1244.4 0.19
1245.6 0.45
1246.8 0.25
1248.0 0.12
1249.2 5.44
1250.4 0.11
1251.6 0.42
1252.8 0.24
1254.0 0.35
1255.2 0.19
1256.4 0.19
1257.6 0.19
1258.8 0.18
1260.0 0.27
1261.2 0.19
1262.4 0.17
1263.6 0.23
1264.8 0.18
1266.0 2.35
1267.2 0.49
1268.4 6.86
1269.6 6.69
1270.8 6.62
1272.0 5.37
1273.2 0.11
1274.4 4.03
1275.6 5.0
1276.8 5.08
1278.0 3.72
1279.2 3.12
1280.4 4.49
1281.6 5.66
1282.8 6.25
1284.0 5.45
1285.2 1.4
1286.4 0.18
1287.6 0.17
1288.8 0.45
1290.0 0.18
1291.2 0.17
1292.4 0.18
1293.6 0.18
1294.8 0.19
1296.0 0.2
1297.2 0.2
1298.4 0.46
1299.6 0.23
1300.8 0.32
1302.0 0.51
1303.2 0.12
1304.4 0.11
1305.6 0.12
1306.8 0.31
1308.0 0.23
1309.2 1.71
1310.4 0.07
1311.6 0.12
1312.8 0.07
1314.0 0.06
1315.2 0.07
1316.4 0.06
1317.6 0.07
1318.8 0.07
1320.0 0.06
1321.2 0.06
1322.4 0.09
1323.6 0.07
1324.8 0.06
1326.0 0.06
1327.2 0.07
1328.4 0.06
1329.6 0.06
1330.8 0.06
1332.0 0.07
1333.2 0.14
1334.4 0.08
1335.6 0.06
1336.8 0.07
1338.0 0.06
1339.2 0.06
1340.4 0.1
1341.6 0.07
1342.8 0.06
1344.0 0.06
1345.2 0.06
1346.4 0.19
1347.6 0.11
1348.8 0.1
