0.0 50.0
1.2 50.0
2.4 50.0
3.6 49.99
4.8 49.99
6.0 49.98
7.2 49.97
8.4 49.97
9.6 49.96
10.8 49.95
12.0 49.94
13.2 49.93
14.4 49.92
15.6 49.92
16.8 49.91
18.0 49.9
19.2 49.89
20.4 49.88
21.6 49.87
22.8 49.86
24.0 49.85
25.2 49.84
26.4 49.83
27.6 49.82
28.8 49.81
30.0 49.8
31.2 49.79
32.4 49.78
33.6 49.77
34.8 49.76
36.0 49.75
37.2 49.74
38.4 49.73
39.6 49.73
40.8 49.72
42.0 49.71
43.2 49.7
44.4 49.69
45.6 49.68
46.8 49.67
48.0 49.67
49.2 49.66
50.4 49.65
51.6 49.64
52.8 49.63
54.0 49.63
55.2 49.62
56.4 49.61
57.6 49.6
58.8 49.6
60.0 49.59
61.2 49.58
62.4 49.57
63.6 49.57
64.8 49.56
66.0 49.55
67.2 49.55
68.4 49.54
69.6 49.53
70.8 49.53
72.0 49.52
73.2 49.52
74.4 49.51
75.6 49.5
76.8 49.5
78.0 49.49
79.2 49.49
80.4 49.48
81.6 49.47
82.8 49.47
84.0 49.46
85.2 49.46
86.4 49.45
87.6 49.45
88.8 49.44
90.0 49.44
91.2 49.43
92.4 49.43
93.6 49.42
94.8 49.42
96.0 49.41
97.2 49.41
98.4 49.4
99.6 49.4
100.8 49.39
102.0 49.39
103.2 49.38
104.4 49.38
105.6 49.38
106.8 49.37
108.0 49.37
109.2 49.36
110.4 49.36
111.6 49.35
112.8 49.35
114.0 49.35
115.2 49.34
116.4 49.34
117.6 49.34
118.8 49.33
120.0 49.33
121.2 49.32
122.4 49.32
123.6 49.32
124.8 49.31
126.0 49.31
127.2 49.31
128.4 49.3
129.6 49.3
130.8 49.3
132.0 49.29
133.2 49.29
134.4 49.29
135.6 49.28
136.8 49.28
138.0 49.28
139.2 49.28
140.4 49.27
141.6 49.27
142.8 49.27
144.0 49.26
145.2 49.26
146.4 49.26
147.6 49.26
148.8 49.25
150.0 49.25
151.2 49.25
152.4 49.24
153.6 49.24
154.8 49.24
156.0 49.24
157.2 49.23
158.4 49.23
159.6 49.23
160.8 49.23
162.0 49.23
163.2 49.22
164.4 49.22
165.6 49.22
166.8 49.22
168.0 49.21
169.2 49.21
170.4 49.21
171.6 49.21
172.8 49.21
174.0 49.2
175.2 49.2
176.4 49.2
177.6 49.2
178.8 49.2
180.0 49.19
181.2 49.19
182.4 49.19
183.6 49.19
184.8 49.19
186.0 49.19
187.2 49.18
188.4 49.18
189.6 49.18
190.8 49.18
192.0 49.18
193.2 49.18
194.4 49.17
195.6 49.17
196.8 49.17
198.0 49.17
199.2 49.17
200.4 49.17
201.6 49.16
202.8 49.16
204.0 49.16
205.2 49.16
206.4 49.16
207.6 49.16
208.8 49.16
210.0 49.15
211.2 49.15
212.4 49.15
213.6 49.15
214.8 49.15
216.0 49.15
217.2 49.15
218.4 49.15
219.6 49.14
220.8 49.14
222.0 49.14
223.2 49.14
224.4 49.14
225.6 49.14
226.8 49.14
228.0 49.14
229.2 49.14
230.4 49.13
231.6 49.13
232.8 49.13
234.0 49.13
235.2 49.13
236.4 49.13
237.6 49.13
238.8 49.13
240.0 49.13
241.2 49.13
242.4 49.12
243.6 49.12
244.8 49.12
246.0 49.12
247.2 49.12
248.4 49.12
249.6 49.12
250.8 49.12
252.0 49.12
253.2 49.12
254.4 49.12
255.6 49.12
256.8 49.11
258.0 49.11
259.2 49.11
260.4 49.11
261.6 49.11
262.8 49.11
264.0 49.11
265.2 49.11
266.4 49.11
267.6 49.11
268.8 49.11
270.0 49.11
271.2 49.11
272.4 49.11
273.6 49.1
274.8 49.1
276.0 49.1
277.2 49.1
278.4 49.1
279.6 49.1
280.8 49.1
282.0 49.1
283.2 49.1
284.4 49.1
285.6 49.1
286.8 49.1
288.0 49.1
289.2 49.1
290.4 49.1
291.6 49.1
292.8 49.1
294.0 49.09
295.2 49.09
296.4 49.09
297.6 49.09
298.8 49.09
300.0 49.09
301.2 49.09
302.4 49.09
303.6 49.09
304.8 49.09
306.0 49.09
307.2 49.09
308.4 49.09
309.6 49.09
310.8 49.09
312.0 49.09
313.2 49.09
314.4 49.09
315.6 49.09
316.8 49.09
318.0 49.09
319.2 49.09
320.4 49.09
321.6 49.08
322.8 49.08
324.0 49.08
325.2 49.08
326.4 49.08
327.6 49.08
328.8 49.08
330.0 49.08
331.2 49.08
332.4 49.08
333.6 49.08
334.8 49.08
336.0 49.08
337.2 49.08
338.4 49.08
339.6 49.08
340.8 49.08
342.0 49.08
343.2 49.08
344.4 49.08
345.6 49.08
346.8 49.08
348.0 49.08
349.2 49.08
350.4 49.08
351.6 49.08
352.8 49.08
354.0 49.08
355.2 49.08
356.4 49.08
357.6 49.08
358.8 49.08
360.0 49.07
361.2 49.07
362.4 49.07
363.6 49.07
364.8 49.07
366.0 49.07
367.2 49.07
368.4 49.07
369.6 49.07
370.8 49.07
372.0 49.07
373.2 49.07
374.4 49.07
375.6 49.07
376.8 49.07
378.0 49.07
379.2 49.07
380.4 49.07
381.6 49.07
382.8 49.07
384.0 49.07
385.2 49.07
386.4 49.07
387.6 49.07
388.8 49.07
390.0 49.07
391.2 49.07
392.4 49.07
393.6 49.07
394.8 49.07
396.0 49.07
397.2 49.07
398.4 49.07
399.6 49.07
400.8 49.07
402.0 49.07
403.2 49.07
404.4 49.07
405.6 49.07
406.8 49.07
408.0 49.07
409.2 49.07
410.4 49.07
411.6 49.07
412.8 49.07
414.0 49.07
415.2 49.07
416.4 49.07
417.6 49.07
418.8 49.07
420.0 49.07
421.2 49.07
422.4 49.07
423.6 49.07
424.8 49.07
426.0 49.07
427.2 49.07
428.4 49.07
429.6 49.07
430.8 49.06
432.0 49.06
433.2 49.06
434.4 49.06
435.6 49.06
436.8 49.06
438.0 49.06
439.2 49.06
440.4 49.06
441.6 49.06
442.8 49.06
444.0 49.06
445.2 49.06
446.4 49.06
447.6 49.06
448.8 49.06
450.0 49.06
451.2 49.06
452.4 49.06
453.6 49.06
454.8 49.06
456.0 49.06
457.2 49.06
458.4 49.06
459.6 49.06
460.8 49.06
462.0 49.06
463.2 49.06
464.4 49.06
465.6 49.06
466.8 49.06
468.0 49.06
469.2 49.06
470.4 49.06
471.6 49.06
472.8 49.06
474.0 49.06
475.2 49.06
476.4 49.06
477.6 49.06
478.8 49.06
480.0 49.06
481.2 49.06
482.4 49.06
483.6 49.06
484.8 49.06
486.0 49.06
487.2 49.06
488.4 49.06
489.6 49.06
490.8 49.06
492.0 49.06
493.2 49.06
494.4 49.06
495.6 49.06
496.8 49.06
498.0 49.06
499.2 49.06
500.4 49.06
501.6 49.06
502.8 49.06
504.0 49.06
505.2 49.06
506.4 49.06
507.6 49.06
508.8 49.06
510.0 49.06
511.2 49.06
512.4 49.06
513.6 49.06
514.8 49.06
516.0 49.06
517.2 49.06
518.4 49.06
519.6 49.06
520.8 49.06
522.0 49.06
523.2 49.06
524.4 49.06
525.6 49.06
526.8 49.06
528.0 49.06
529.2 49.06
530.4 49.06
531.6 49.06
532.8 49.06
534.0 49.06
535.2 49.06
536.4 49.06
537.6 49.06
538.8 49.06
540.0 49.06
541.2 49.06
542.4 49.06
543.6 49.06
544.8 49.06
546.0 49.06
547.2 49.06
548.4 49.06
549.6 49.06
550.8 49.06
552.0 49.06
553.2 49.06
554.4 49.06
555.6 49.06
556.8 49.06
558.0 49.06
559.2 49.06
560.4 49.06
561.6 49.06
562.8 49.06
564.0 49.06
565.2 49.06
566.4 49.06
567.6 49.06
568.8 49.06
570.0 49.06
571.2 49.06
572.4 49.06
573.6 49.06
574.8 49.06
576.0 49.06
577.2 49.06
578.4 49.06
579.6 49.06
580.8 49.06
582.0 49.06
583.2 49.06
584.4 49.06
585.6 49.06
586.8 49.06
588.0 49.06
589.2 49.06
590.4 49.06
591.6 49.06
592.8 49.06
594.0 49.06
595.2 49.06
596.4 49.06
597.6 49.06
598.8 49.06
600.0 49.06
601.2 49.06
602.4 49.06
603.6 49.06
604.8 49.06
606.0 49.06
607.2 49.06
608.4 49.06
609.6 49.06
610.8 49.06
612.0 49.06
613.2 49.06
614.4 49.06
615.6 49.06
616.8 49.06
618.0 49.06
619.2 49.06
620.4 49.06
621.6 49.06
622.8 49.06
624.0 49.06
625.2 49.06
626.4 49.06
627.6 49.06
628.8 49.06
630.0 49.06
631.2 49.06
632.4 49.06
633.6 49.06
634.8 49.06
636.0 49.06
637.2 49.06
638.4 49.06
639.6 49.06
640.8 49.06
642.0 49.06
643.2 49.06
644.4 49.06
645.6 49.06
646.8 49.06
648.0 49.06
649.2 49.06
650.4 49.06
651.6 49.06
652.8 49.06
654.0 49.06
655.2 49.06
656.4 49.06
657.6 49.06
658.8 49.06
660.0 49.06
661.2 49.06
662.4 49.06
663.6 49.06
664.8 49.06
666.0 49.06
667.2 49.06
668.4 49.06
669.6 49.06
670.8 49.06
672.0 49.06
673.2 49.06
674.4 49.06
675.6 49.06
676.8 49.06
678.0 49.06
679.2 49.06
680.4 49.06
681.6 49.06
682.8 49.06
684.0 49.06
685.2 49.06
686.4 49.06
687.6 49.06
688.8 49.06
690.0 49.06
691.2 49.06
692.4 49.06
693.6 49.06
694.8 49.06
696.0 49.06
697.2 49.06
698.4 49.06
699.6 49.06
700.8 49.06
702.0 49.06
703.2 49.06
704.4 49.06
705.6 49.06
706.8 49.06
708.0 49.06
709.2 49.06
710.4 49.06
711.6 49.06
712.8 49.06
714.0 49.06
715.2 49.06
716.4 49.06
717.6 49.06
718.8 49.06
720.0 49.06
721.2 49.06
722.4 49.06
723.6 49.06
724.8 49.06
726.0 49.06
727.2 49.06
728.4 49.06
729.6 49.06
730.8 49.06
732.0 49.06
733.2 49.06
734.4 49.06
735.6 49.06
736.8 49.06
738.0 49.06
739.2 49.06
740.4 49.06
741.6 49.06
742.8 49.06
744.0 49.06
745.2 49.06
746.4 49.06
747.6 49.06
748.8 49.06
750.0 49.06
751.2 49.06
752.4 49.06
753.6 49.06
754.8 49.06
756.0 49.06
757.2 49.06
758.4 49.06
759.6 49.06
760.8 49.06
762.0 49.06
763.2 49.06
764.4 49.06
765.6 49.06
766.8 49.06
768.0 49.06
769.2 49.06
770.4 49.06
771.6 49.06
772.8 49.06
774.0 49.06
775.2 49.06
776.4 49.06
777.6 49.06
778.8 49.06
780.0 49.06
781.2 49.06
782.4 49.06
783.6 49.06
784.8 49.06
786.0 49.06
787.2 49.06
788.4 49.06
789.6 49.06
790.8 49.06
792.0 49.06
793.2 49.06
794.4 49.06
795.6 49.06
796.8 49.06
798.0 49.06
799.2 49.06
800.4 49.06
801.6 49.07
802.8 49.1
804.0 49.14
805.2 49.19
806.4 49.24
807.6 49.31
808.8 49.38
810.0 49.46
811.2 49.54
812.4 49.63
813.6 49.72
814.8 49.81
816.0 49.91
817.2 50.0
818.4 50.1
819.6 50.2
820.8 50.3
822.0 50.4
823.2 50.5
824.4 50.6
825.6 50.7
826.8 50.8
828.0 50.9
829.2 51.0
830.4 51.09
831.6 51.19
832.8 51.29
834.0 51.38
835.2 51.48
836.4 51.57
837.6 51.67
838.8 51.76
840.0 51.85
841.2 51.94
842.4 52.03
843.6 52.12
844.8 52.21
846.0 52.29
847.2 52.38
848.4 52.46
849.6 52.54
850.8 52.63
852.0 52.71
853.2 52.79
854.4 52.87
855.6 52.94
856.8 53.02
858.0 53.1
859.2 53.17
860.4 53.25
861.6 53.32
862.8 53.39
864.0 53.46
865.2 53.53
866.4 53.6
867.6 53.67
868.8 53.74
870.0 53.81
871.2 53.87
872.4 53.94
873.6 54.0
874.8 54.06
876.0 54.12
877.2 54.19
878.4 54.25
879.6 54.31
880.8 54.37
882.0 54.42
883.2 54.48
884.4 54.54
885.6 54.59
886.8 54.65
888.0 54.7
889.2 54.76
890.4 54.81
891.6 54.86
892.8 54.91
894.0 54.96
895.2 55.01
896.4 55.06
897.6 55.11
898.8 55.16
900.0 55.21
901.2 55.25
902.4 55.3
903.6 55.35
904.8 55.39
906.0 55.44
907.2 55.48
908.4 55.52
909.6 55.56
910.8 55.61
912.0 55.65
913.2 55.69
914.4 55.73
915.6 55.77
916.8 55.81
918.0 55.85
919.2 55.89
920.4 55.92
921.6 55.96
922.8 56.0
924.0 56.03
925.2 56.07
926.4 56.1
927.6 56.14
928.8 56.17
930.0 56.21
931.2 56.24
932.4 56.27
933.6 56.3
934.8 56.34
936.0 56.37
937.2 56.4
938.4 56.43
939.6 56.46
940.8 56.49
942.0 56.52
943.2 56.55
944.4 56.58
945.6 56.61
946.8 56.63
948.0 56.66
949.2 56.69
950.4 56.72
951.6 56.74
952.8 56.77
954.0 56.79
955.2 56.82
956.4 56.84
957.6 56.87
958.8 56.89
960.0 56.92
961.2 56.94
962.4 56.96
963.6 56.99
964.8 57.01
966.0 57.03
967.2 57.05
968.4 57.08
969.6 57.1
970.8 57.12
972.0 57.14
973.2 57.16
974.4 57.18
975.6 57.2
976.8 57.22
978.0 57.24
979.2 57.26
980.4 57.28
981.6 57.3
982.8 57.32
984.0 57.34
985.2 57.35
986.4 57.37
987.6 57.39
988.8 57.41
990.0 57.42
991.2 57.44
992.4 57.46
993.6 57.47
994.8 57.49
996.0 57.51
997.2 57.52
998.4 57.54
999.6 57.55
1000.8 57.57
1002.0 57.58
1003.2 57.6
1004.4 57.61
1005.6 57.63
1006.8 57.64
1008.0 57.65
1009.2 57.67
1010.4 57.68
1011.6 57.69
1012.8 57.71
1014.0 57.72
1015.2 57.73
1016.4 57.75
1017.6 57.76
1018.8 57.77
1020.0 57.78
1021.2 57.8
1022.4 57.81
1023.6 57.82
1024.8 57.83
1026.0 57.84
1027.2 57.85
1028.4 57.86
1029.6 57.87
1030.8 57.89
1032.0 57.9
1033.2 57.91
1034.4 57.92
1035.6 57.93
1036.8 57.94
1038.0 57.95
1039.2 57.96
1040.4 57.97
1041.6 57.98
1042.8 57.99
1044.0 57.99
1045.2 58.0
1046.4 58.01
1047.6 58.02
1048.8 58.03
1050.0 58.04
1051.2 58.05
1052.4 58.06
1053.6 58.06
1054.8 58.07
1056.0 58.08
1057.2 58.09
1058.4 58.1
1059.6 58.1
1060.8 58.11
1062.0 58.12
1063.2 58.13
1064.4 58.13
1065.6 58.14
1066.8 58.15
1068.0 58.16
1069.2 58.16
1070.4 58.17
1071.6 58.18
1072.8 58.18
1074.0 58.19
1075.2 58.2
1076.4 58.2
1077.6 58.21
1078.8 58.22
1080.0 58.22
1081.2 58.23
1082.4 58.23
1083.6 58.24
1084.8 58.25
1086.0 58.25
1087.2 58.26
1088.4 58.26
1089.6 58.27
1090.8 58.27
1092.0 58.28
1093.2 58.28
1094.4 58.29
1095.6 58.29
1096.8 58.3
1098.0 58.3
1099.2 58.31
1100.4 58.31
1101.6 58.32
1102.8 58.32
1104.0 58.33
1105.2 58.33
1106.4 58.34
1107.6 58.34
1108.8 58.35
1110.0 58.35
1111.2 58.36
1112.4 58.36
1113.6 58.36
1114.8 58.37
1116.0 58.37
1117.2 58.38
1118.4 58.38
1119.6 58.38
1120.8 58.39
1122.0 58.39
1123.2 58.4
1124.4 58.4
1125.6 58.4
1126.8 58.41
1128.0 58.41
1129.2 58.41
1130.4 58.42
1131.6 58.42
1132.8 58.42
1134.0 58.43
1135.2 58.43
1136.4 58.43
1137.6 58.44
1138.8 58.44
1140.0 58.44
1141.2 58.45
1142.4 58.45
1143.6 58.45
1144.8 58.46
1146.0 58.46
1147.2 58.46
1148.4 58.46
1149.6 58.47
1150.8 58.47
1152.0 58.47
1153.2 58.47
1154.4 58.48
1155.6 58.48
1156.8 58.48
1158.0 58.49
1159.2 58.49
1160.4 58.49
1161.6 58.49
1162.8 58.5
1164.0 58.5
1165.2 58.5
1166.4 58.5
1167.6 58.5
1168.8 58.51
1170.0 58.51
1171.2 58.51
1172.4 58.51
1173.6 58.52
1174.8 58.52
1176.0 58.52
1177.2 58.52
1178.4 58.52
1179.6 58.53
1180.8 58.53
1182.0 58.53
1183.2 58.53
1184.4 58.53
1185.6 58.53
1186.8 58.54
1188.0 58.54
1189.2 58.54
1190.4 58.54
1191.6 58.54
1192.8 58.55
1194.0 58.55
1195.2 58.55
1196.4 58.55
1197.6 58.55
1198.8 58.55
1200.0 58.56
1201.2 58.56
1202.4 58.56
1203.6 58.56
1204.8 58.56
1206.0 58.56
1207.2 58.56
1208.4 58.57
1209.6 58.57
1210.8 58.57
1212.0 58.57
1213.2 58.57
1214.4 58.57
1215.6 58.57
1216.8 58.58
1218.0 58.58
1219.2 58.58
1220.4 58.58
1221.6 58.58
1222.8 58.58
1224.0 58.58
1225.2 58.58
1226.4 58.59
1227.6 58.59
1228.8 58.59
1230.0 58.59
1231.2 58.59
1232.4 58.59
1233.6 58.59
1234.8 58.59
1236.0 58.59
1237.2 58.6
1238.4 58.6
1239.6 58.6
1240.8 58.6
1242.0 58.6
1243.2 58.6
1244.4 58.6
1245.6 58.6
1246.8 58.6
1248.0 58.6
1249.2 58.6
1250.4 58.61
1251.6 58.61
1252.8 58.61
1254.0 58.61
1255.2 58.61
1256.4 58.61
1257.6 58.61
1258.8 58.61
1260.0 58.61
1261.2 58.61
1262.4 58.61
1263.6 58.61
1264.8 58.62
1266.0 58.62
1267.2 58.62
1268.4 58.62
1269.6 58.62
1270.8 58.62
1272.0 58.62
1273.2 58.62
1274.4 58.62
1275.6 58.62
1276.8 58.62
1278.0 58.62
1279.2 58.62
1280.4 58.62
1281.6 58.62
1282.8 58.63
1284.0 58.63
1285.2 58.63
1286.4 58.63
1287.6 58.63
1288.8 58.63
1290.0 58.63
1291.2 58.63
1292.4 58.63
1293.6 58.63
1294.8 58.63
1296.0 58.63
1297.2 58.63
1298.4 58.63
1299.6 58.63
1300.8 58.63
1302.0 58.63
1303.2 58.63
1304.4 58.64
1305.6 58.64
1306.8 58.64
1308.0 58.64
1309.2 58.64
1310.4 58.64
1311.6 58.64
1312.8 58.64
1314.0 58.64
1315.2 58.64
1316.4 58.64
1317.6 58.64
1318.8 58.64
1320.0 58.64
1321.2 58.64
1322.4 58.64
1323.6 58.64
1324.8 58.64
1326.0 58.64
1327.2 58.64
1328.4 58.64
1329.6 58.64
1330.8 58.64
1332.0 58.64
1333.2 58.65
1334.4 58.65
1335.6 58.65
1336.8 58.65
1338.0 58.65
1339.2 58.65
1340.4 58.65
1341.6 58.65
1342.8 58.65
1344.0 58.65
1345.2 58.65
1346.4 58.65
1347.6 58.65
1348.8 58.65
1350.0 58.65
1351.2 58.65
1352.4 58.65
1353.6 58.65
1354.8 58.65
1356.0 58.65
1357.2 58.65
1358.4 58.65
1359.6 58.65
1360.8 58.65
1362.0 58.65
1363.2 58.65
1364.4 58.65
1365.6 58.65
1366.8 58.65
1368.0 58.65
1369.2 58.65
1370.4 58.65
1371.6 58.65
1372.8 58.65
1374.0 58.65
1375.2 58.65
1376.4 58.66
1377.6 58.66
1378.8 58.66
1380.0 58.66
1381.2 58.66
1382.4 58.66
1383.6 58.66
1384.8 58.66
1386.0 58.66
1387.2 58.66
1388.4 58.66
1389.6 58.66
1390.8 58.66
1392.0 58.66
1393.2 58.66
1394.4 58.66
1395.6 58.66
1396.8 58.66
1398.0 58.66
1399.2 58.66
1400.4 58.66
1401.6 58.66
1402.8 58.66
1404.0 58.66
1405.2 58.66
1406.4 58.66
1407.6 58.66
1408.8 58.66
1410.0 58.66
1411.2 58.66
1412.4 58.66
1413.6 58.66
1414.8 58.66
1416.0 58.66
1417.2 58.66
1418.4 58.66
1419.6 58.66
1420.8 58.66
1422.0 58.66
1423.2 58.66
1424.4 58.66
1425.6 58.66
1426.8 58.66
1428.0 58.66
1429.2 58.66
1430.4 58.66
1431.6 58.66
1432.8 58.66
1434.0 58.66
1435.2 58.66
1436.4 58.66
1437.6 58.66
1438.8 58.66
1440.0 58.66
1441.2 58.66
1442.4 58.66
1443.6 58.66
1444.8 58.66
1446.0 58.66
1447.2 58.66
1448.4 58.66
1449.6 58.66
1450.8 58.66
1452.0 58.66
1453.2 58.66
1454.4 58.66
1455.6 58.66
1456.8 58.66
1458.0 58.66
1459.2 58.67
1460.4 58.67
1461.6 58.67
1462.8 58.67
1464.0 58.67
1465.2 58.67
1466.4 58.67
1467.6 58.67
1468.8 58.67
1470.0 58.67
1471.2 58.67
1472.4 58.67
1473.6 58.67
1474.8 58.67
1476.0 58.67
1477.2 58.67
1478.4 58.67
1479.6 58.67
1480.8 58.67
1482.0 58.67
1483.2 58.67
1484.4 58.67
1485.6 58.67
1486.8 58.67
1488.0 58.67
1489.2 58.67
1490.4 58.67
1491.6 58.67
1492.8 58.67
1494.0 58.67
1495.2 58.67
1496.4 58.67
1497.6 58.67
1498.8 58.67
1500.0 58.67
1501.2 58.67
1502.4 58.67
1503.6 58.67
1504.8 58.67
1506.0 58.67
1507.2 58.67
1508.4 58.67
1509.6 58.67
1510.8 58.67
1512.0 58.67
1513.2 58.67
1514.4 58.67
1515.6 58.67
1516.8 58.67
1518.0 58.67
1519.2 58.67
1520.4 58.67
1521.6 58.67
1522.8 58.67
1524.0 58.67
1525.2 58.67
1526.4 58.67
1527.6 58.67
1528.8 58.67
1530.0 58.67
1531.2 58.67
1532.4 58.67
1533.6 58.67
1534.8 58.67
1536.0 58.67
1537.2 58.67
1538.4 58.67
1539.6 58.67
1540.8 58.67
1542.0 58.67
1543.2 58.67
1544.4 58.67
1545.6 58.67
1546.8 58.67
1548.0 58.67
1549.2 58.67
1550.4 58.67
1551.6 58.67
1552.8 58.67
1554.0 58.67
1555.2 58.67
1556.4 58.67
1557.6 58.67
1558.8 58.67
1560.0 58.67
1561.2 58.67
1562.4 58.67
1563.6 58.67
1564.8 58.67
1566.0 58.67
1567.2 58.67
1568.4 58.67
1569.6 58.67
1570.8 58.67
1572.0 58.67
1573.2 58.67
1574.4 58.67
1575.6 58.67
1576.8 58.67
1578.0 58.67
1579.2 58.67
1580.4 58.67
1581.6 58.67
1582.8 58.67
1584.0 58.67
1585.2 58.67
1586.4 58.67
1587.6 58.67
1588.8 58.67
1590.0 58.67
1591.2 58.67
1592.4 58.67
1593.6 58.67
1594.8 58.67
1596.0 58.67
1597.2 58.67
1598.4 58.67
1599.6 58.67
1600.8 58.66
1602.0 58.63
1603.2 58.57
1604.4 58.48
1605.6 58.38
1606.8 58.26
1608.0 58.12
1609.2 57.97
1610.4 57.81
1611.6 57.65
1612.8 57.47
1614.0 57.29
1615.2 57.11
1616.4 56.92
1617.6 56.72
1618.8 56.53
1620.0 56.33
1621.2 56.13
1622.4 55.93
1623.6 55.73
1624.8 55.53
1626.0 55.33
1627.2 55.13
1628.4 54.94
1629.6 54.74
1630.8 54.54
1632.0 54.35
1633.2 54.16
1634.4 53.96
1635.6 53.77
1636.8 53.59
1638.0 53.4
1639.2 53.22
1640.4 53.03
1641.6 52.85
1642.8 52.68
1644.0 52.5
1645.2 52.33
1646.4 52.16
1647.6 51.99
1648.8 51.82
1650.0 51.65
1651.2 51.49
1652.4 51.33
1653.6 51.17
1654.8 51.01
1656.0 50.86
1657.2 50.7
1658.4 50.55
1659.6 50.4
1660.8 50.26
1662.0 50.11
1663.2 49.97
1664.4 49.82
1665.6 49.68
1666.8 49.55
1668.0 49.41
1669.2 49.28
1670.4 49.14
1671.6 49.01
1672.8 48.88
1674.0 48.76
1675.2 48.63
1676.4 48.51
1677.6 48.39
1678.8 48.26
1680.0 48.15
1681.2 48.03
1682.4 47.91
1683.6 47.8
1684.8 47.69
1686.0 47.57
1687.2 47.46
1688.4 47.36
1689.6 47.25
1690.8 47.14
1692.0 47.04
1693.2 46.94
1694.4 46.84
1695.6 46.74
1696.8 46.64
1698.0 46.54
1699.2 46.44
1700.4 46.35
1701.6 46.26
1702.8 46.16
1704.0 46.07
1705.2 45.98
1706.4 45.9
1707.6 45.81
1708.8 45.72
1710.0 45.64
1711.2 45.55
1712.4 45.47
1713.6 45.39
1714.8 45.31
1716.0 45.23
1717.2 45.15
1718.4 45.07
1719.6 45.0
1720.8 44.92
1722.0 44.85
1723.2 44.77
1724.4 44.7
1725.6 44.63
1726.8 44.56
1728.0 44.49
1729.2 44.42
1730.4 44.36
1731.6 44.29
1732.8 44.22
1734.0 44.16
1735.2 44.09
1736.4 44.03
1737.6 43.97
1738.8 43.91
1740.0 43.85
1741.2 43.79
1742.4 43.73
1743.6 43.67
1744.8 43.61
1746.0 43.56
1747.2 43.5
1748.4 43.45
1749.6 43.39
1750.8 43.34
1752.0 43.28
1753.2 43.23
1754.4 43.18
1755.6 43.13
1756.8 43.08
1758.0 43.03
1759.2 42.98
1760.4 42.93
1761.6 42.89
1762.8 42.84
1764.0 42.79
1765.2 42.75
1766.4 42.7
1767.6 42.66
1768.8 42.61
1770.0 42.57
1771.2 42.53
1772.4 42.49
1773.6 42.44
1774.8 42.4
1776.0 42.36
1777.2 42.32
1778.4 42.28
1779.6 42.24
1780.8 42.21
1782.0 42.17
1783.2 42.13
1784.4 42.09
1785.6 42.06
1786.8 42.02
1788.0 41.99
1789.2 41.95
1790.4 41.92
1791.6 41.88
1792.8 41.85
1794.0 41.82
1795.2 41.78
1796.4 41.75
1797.6 41.72
1798.8 41.69
1800.0 41.66
1801.2 41.63
1802.4 41.6
1803.6 41.57
1804.8 41.54
1806.0 41.51
1807.2 41.48
1808.4 41.45
1809.6 41.43
1810.8 41.4
1812.0 41.37
1813.2 41.34
1814.4 41.32
1815.6 41.29
1816.8 41.27
1818.0 41.24
1819.2 41.22
1820.4 41.19
1821.6 41.17
1822.8 41.14
1824.0 41.12
1825.2 41.1
1826.4 41.07
1827.6 41.05
1828.8 41.03
1830.0 41.01
1831.2 40.98
1832.4 40.96
1833.6 40.94
1834.8 40.92
1836.0 40.9
1837.2 40.88
1838.4 40.86
1839.6 40.84
1840.8 40.82
1842.0 40.8
1843.2 40.78
1844.4 40.76
1845.6 40.75
1846.8 40.73
1848.0 40.71
1849.2 40.69
1850.4 40.67
1851.6 40.66
1852.8 40.64
1854.0 40.62
1855.2 40.61
1856.4 40.59
1857.6 40.57
1858.8 40.56
1860.0 40.54
1861.2 40.53
1862.4 40.51
1863.6 40.5
1864.8 40.48
1866.0 40.47
1867.2 40.45
1868.4 40.44
1869.6 40.42
1870.8 40.41
1872.0 40.39
1873.2 40.38
1874.4 40.37
1875.6 40.35
1876.8 40.34
1878.0 40.33
1879.2 40.32
1880.4 40.3
1881.6 40.29
1882.8 40.28
1884.0 40.27
1885.2 40.25
1886.4 40.24
1887.6 40.23
1888.8 40.22
1890.0 40.21
1891.2 40.2
1892.4 40.19
1893.6 40.18
1894.8 40.17
1896.0 40.15
1897.2 40.14
1898.4 40.13
1899.6 40.12
1900.8 40.11
1902.0 40.1
1903.2 40.09
1904.4 40.08
1905.6 40.08
1906.8 40.07
1908.0 40.06
1909.2 40.05
1910.4 40.04
1911.6 40.03
1912.8 40.02
1914.0 40.01
1915.2 40.0
1916.4 40.0
1917.6 39.99
1918.8 39.98
1920.0 39.97
1921.2 39.96
1922.4 39.96
1923.6 39.95
1924.8 39.94
1926.0 39.93
1927.2 39.93
1928.4 39.92
1929.6 39.91
1930.8 39.9
1932.0 39.9
1933.2 39.89
1934.4 39.88
1935.6 39.88
1936.8 39.87
1938.0 39.86
1939.2 39.86
1940.4 39.85
1941.6 39.84
1942.8 39.84
1944.0 39.83
1945.2 39.83
1946.4 39.82
1947.6 39.81
1948.8 39.81
1950.0 39.8
1951.2 39.8
1952.4 39.79
1953.6 39.79
1954.8 39.78
1956.0 39.77
1957.2 39.77
1958.4 39.76
1959.6 39.76
1960.8 39.75
1962.0 39.75
1963.2 39.74
1964.4 39.74
1965.6 39.73
1966.8 39.73
1968.0 39.72
1969.2 39.72
1970.4 39.72
1971.6 39.71
1972.8 39.71
1974.0 39.7
1975.2 39.7
1976.4 39.69
1977.6 39.69
1978.8 39.69
1980.0 39.68
1981.2 39.68
1982.4 39.67
1983.6 39.67
1984.8 39.67
1986.0 39.66
1987.2 39.66
1988.4 39.65
1989.6 39.65
1990.8 39.65
1992.0 39.64
1993.2 39.64
1994.4 39.64
1995.6 39.63
1996.8 39.63
1998.0 39.63
1999.2 39.62
2000.4 39.62
2001.6 39.62
2002.8 39.61
2004.0 39.61
2005.2 39.61
2006.4 39.6
2007.6 39.6
2008.8 39.6
2010.0 39.59
2011.2 39.59
2012.4 39.59
2013.6 39.59
2014.8 39.58
2016.0 39.58
2017.2 39.58
2018.4 39.58
2019.6 39.57
2020.8 39.57
2022.0 39.57
2023.2 39.56
2024.4 39.56
2025.6 39.56
2026.8 39.56
2028.0 39.56
2029.2 39.55
2030.4 39.55
2031.6 39.55
2032.8 39.55
2034.0 39.54
2035.2 39.54
2036.4 39.54
2037.6 39.54
2038.8 39.54
2040.0 39.53
2041.2 39.53
2042.4 39.53
2043.6 39.53
2044.8 39.52
2046.0 39.52
2047.2 39.52
2048.4 39.52
2049.6 39.52
2050.8 39.52
2052.0 39.51
2053.2 39.51
2054.4 39.51
2055.6 39.51
2056.8 39.51
2058.0 39.5
2059.2 39.5
2060.4 39.5
2061.6 39.5
2062.8 39.5
2064.0 39.5
2065.2 39.5
2066.4 39.49
2067.6 39.49
2068.8 39.49
2070.0 39.49
2071.2 39.49
2072.4 39.49
2073.6 39.48
2074.8 39.48
2076.0 39.48
2077.2 39.48
2078.4 39.48
2079.6 39.48
2080.8 39.48
2082.0 39.48
2083.2 39.47
2084.4 39.47
2085.6 39.47
2086.8 39.47
2088.0 39.47
2089.2 39.47
2090.4 39.47
2091.6 39.47
2092.8 39.46
2094.0 39.46
2095.2 39.46
2096.4 39.46
2097.6 39.46
2098.8 39.46
2100.0 39.46
2101.2 39.46
2102.4 39.46
2103.6 39.45
2104.8 39.45
2106.0 39.45
2107.2 39.45
2108.4 39.45
2109.6 39.45
2110.8 39.45
2112.0 39.45
2113.2 39.45
2114.4 39.45
2115.6 39.44
2116.8 39.44
2118.0 39.44
2119.2 39.44
2120.4 39.44
2121.6 39.44
2122.8 39.44
2124.0 39.44
2125.2 39.44
2126.4 39.44
2127.6 39.44
2128.8 39.44
2130.0 39.43
2131.2 39.43
2132.4 39.43
2133.6 39.43
2134.8 39.43
2136.0 39.43
2137.2 39.43
2138.4 39.43
2139.6 39.43
2140.8 39.43
2142.0 39.43
2143.2 39.43
2144.4 39.43
2145.6 39.43
2146.8 39.42
2148.0 39.42
2149.2 39.42
2150.4 39.42
2151.6 39.42
2152.8 39.42
2154.0 39.42
2155.2 39.42
2156.4 39.42
2157.6 39.42
2158.8 39.42
2160.0 39.42
2161.2 39.42
2162.4 39.42
2163.6 39.42
2164.8 39.42
2166.0 39.42
2167.2 39.42
2168.4 39.41
2169.6 39.41
2170.8 39.41
2172.0 39.41
2173.2 39.41
2174.4 39.41
2175.6 39.41
2176.8 39.41
2178.0 39.41
2179.2 39.41
2180.4 39.41
2181.6 39.41
2182.8 39.41
2184.0 39.41
2185.2 39.41
2186.4 39.41
2187.6 39.41
2188.8 39.41
2190.0 39.41
2191.2 39.41
2192.4 39.41
2193.6 39.41
2194.8 39.41
2196.0 39.4
2197.2 39.4
2198.4 39.4
2199.6 39.4
2200.8 39.4
2202.0 39.4
2203.2 39.4
2204.4 39.4
2205.6 39.4
2206.8 39.4
2208.0 39.4
2209.2 39.4
2210.4 39.4
2211.6 39.4
2212.8 39.4
2214.0 39.4
2215.2 39.4
2216.4 39.4
2217.6 39.4
2218.8 39.4
2220.0 39.4
2221.2 39.4
2222.4 39.4
2223.6 39.4
2224.8 39.4
2226.0 39.4
2227.2 39.4
2228.4 39.4
2229.6 39.4
2230.8 39.4
2232.0 39.4
2233.2 39.4
2234.4 39.4
2235.6 39.39
2236.8 39.39
2238.0 39.39
2239.2 39.39
2240.4 39.39
2241.6 39.39
2242.8 39.39
2244.0 39.39
2245.2 39.39
2246.4 39.39
2247.6 39.39
2248.8 39.39
2250.0 39.39
2251.2 39.39
2252.4 39.39
2253.6 39.39
2254.8 39.39
2256.0 39.39
2257.2 39.39
2258.4 39.39
2259.6 39.39
2260.8 39.39
2262.0 39.39
2263.2 39.39
2264.4 39.39
2265.6 39.39
2266.8 39.39
2268.0 39.39
2269.2 39.39
2270.4 39.39
2271.6 39.39
2272.8 39.39
2274.0 39.39
2275.2 39.39
2276.4 39.39
2277.6 39.39
2278.8 39.39
2280.0 39.39
2281.2 39.39
2282.4 39.39
2283.6 39.39
2284.8 39.39
2286.0 39.39
2287.2 39.39
2288.4 39.39
2289.6 39.39
2290.8 39.39
2292.0 39.39
2293.2 39.39
2294.4 39.39
2295.6 39.39
2296.8 39.39
2298.0 39.39
2299.2 39.39
2300.4 39.38
2301.6 39.33
2302.8 39.22
2304.0 39.06
2305.2 38.87
2306.4 38.63
2307.6 38.37
2308.8 38.08
2310.0 37.77
2311.2 37.44
2312.4 37.09
2313.6 36.73
2314.8 36.36
2316.0 35.99
2317.2 35.6
2318.4 35.21
2319.6 34.81
2320.8 34.42
2322.0 34.02
2323.2 33.62
2324.4 33.21
2325.6 32.81
2326.8 32.41
2328.0 32.01
2329.2 31.62
2330.4 31.22
2331.6 30.83
2332.8 30.44
2334.0 30.06
2335.2 29.68
2336.4 29.3
2337.6 28.92
2338.8 28.55
2340.0 28.19
2341.2 27.82
2342.4 27.46
2343.6 27.11
2344.8 26.76
2346.0 26.41
2347.2 26.07
2348.4 25.73
2349.6 25.39
2350.8 25.06
2352.0 24.73
2353.2 24.41
2354.4 24.09
2355.6 23.78
2356.8 23.47
2358.0 23.16
2359.2 22.86
2360.4 22.56
2361.6 22.27
2362.8 21.97
2364.0 21.69
2365.2 21.4
2366.4 21.12
2367.6 20.85
2368.8 20.57
2370.0 20.3
2371.2 20.04
2372.4 19.78
2373.6 19.52
2374.8 19.26
2376.0 19.01
2377.2 18.76
2378.4 18.52
2379.6 18.27
2380.8 18.03
2382.0 17.8
2383.2 17.56
2384.4 17.34
2385.6 17.11
2386.8 16.88
2388.0 16.66
2389.2 16.45
2390.4 16.23
2391.6 16.02
2392.8 15.81
2394.0 15.6
2395.2 15.4
2396.4 15.2
2397.6 15.0
2398.8 14.8
2400.0 14.61
2401.2 14.42
2402.4 14.23
2403.6 14.04
2404.8 13.86
2406.0 13.68
2407.2 13.5
2408.4 13.32
2409.6 13.15
2410.8 12.98
2412.0 12.81
2413.2 12.64
2414.4 12.47
2415.6 12.31
2416.8 12.15
2418.0 11.99
2419.2 11.83
2420.4 11.68
2421.6 11.53
2422.8 11.38
2424.0 11.23
2425.2 11.08
2426.4 10.94
2427.6 10.79
2428.8 10.65
2430.0 10.51
2431.2 10.38
2432.4 10.24
2433.6 10.11
2434.8 9.97
2436.0 9.84
2437.2 9.72
2438.4 9.59
2439.6 9.46
2440.8 9.34
2442.0 9.22
2443.2 9.1
2444.4 8.98
2445.6 8.86
2446.8 8.75
2448.0 8.63
2449.2 8.52
2450.4 8.41
2451.6 8.3
2452.8 8.19
2454.0 8.08
2455.2 7.98
2456.4 7.87
2457.6 7.77
2458.8 7.67
2460.0 7.57
2461.2 7.47
2462.4 7.37
2463.6 7.28
2464.8 7.18
2466.0 7.09
2467.2 6.99
2468.4 6.9
2469.6 6.81
2470.8 6.72
2472.0 6.64
2473.2 6.55
2474.4 6.46
2475.6 6.38
2476.8 6.3
2478.0 6.21
2479.2 6.13
2480.4 6.05
2481.6 5.97
2482.8 5.9
2484.0 5.82
2485.2 5.74
2486.4 5.67
2487.6 5.59
2488.8 5.52
2490.0 5.45
2491.2 5.38
2492.4 5.31
2493.6 5.24
2494.8 5.17
2496.0 5.1
2497.2 5.04
2498.4 4.97
2499.6 4.91
2500.8 4.84
2502.0 4.78
2503.2 4.72
2504.4 4.65
2505.6 4.59
2506.8 4.53
2508.0 4.47
2509.2 4.42
2510.4 4.36
2511.6 4.3
2512.8 4.25
2514.0 4.19
2515.2 4.14
2516.4 4.08
2517.6 4.03
2518.8 3.98
2520.0 3.92
2521.2 3.87
2522.4 3.82
2523.6 3.77
2524.8 3.72
2526.0 3.67
2527.2 3.63
2528.4 3.58
2529.6 3.53
2530.8 3.49
2532.0 3.44
2533.2 3.4
2534.4 3.35
2535.6 3.31
2536.8 3.26
2538.0 3.22
2539.2 3.18
2540.4 3.14
2541.6 3.1
2542.8 3.06
2544.0 3.02
2545.2 2.98
2546.4 2.94
2547.6 2.9
2548.8 2.86
2550.0 2.83
2551.2 2.79
2552.4 2.75
2553.6 2.72
2554.8 2.68
2556.0 2.65
2557.2 2.61
2558.4 2.58
2559.6 2.54
2560.8 2.51
2562.0 2.48
2563.2 2.45
2564.4 2.41
2565.6 2.38
2566.8 2.35
2568.0 2.32
2569.2 2.29
2570.4 2.26
2571.6 2.23
2572.8 2.2
2574.0 2.17
2575.2 2.14
2576.4 2.12
2577.6 2.09
2578.8 2.06
2580.0 2.03
2581.2 2.01
2582.4 1.98
2583.6 1.96
2584.8 1.93
2586.0 1.9
2587.2 1.88
2588.4 1.86
2589.6 1.83
2590.8 1.81
2592.0 1.78
2593.2 1.76
2594.4 1.74
2595.6 1.71
2596.8 1.69
2598.0 1.67
2599.2 1.65
2600.4 1.63
2601.6 1.61
2602.8 1.58
2604.0 1.56
2605.2 1.54
2606.4 1.52
2607.6 1.5
2608.8 1.48
2610.0 1.46
2611.2 1.44
2612.4 1.43
2613.6 1.41
2614.8 1.39
2616.0 1.37
2617.2 1.35
2618.4 1.33
2619.6 1.32
2620.8 1.3
2622.0 1.28
2623.2 1.27
2624.4 1.25
2625.6 1.23
2626.8 1.22
2628.0 1.2
2629.2 1.19
2630.4 1.17
2631.6 1.15
2632.8 1.14
2634.0 1.12
2635.2 1.11
2636.4 1.1
2637.6 1.08
2638.8 1.07
2640.0 1.05
2641.2 1.04
2642.4 1.03
2643.6 1.01
2644.8 1.0
2646.0 0.99
2647.2 0.97
2648.4 0.96
2649.6 0.95
2650.8 0.94
2652.0 0.92
2653.2 0.91
2654.4 0.9
2655.6 0.89
2656.8 0.88
2658.0 0.86
2659.2 0.85
2660.4 0.84
2661.6 0.83
2662.8 0.82
2664.0 0.81
2665.2 0.8
2666.4 0.79
2667.6 0.78
2668.8 0.77
2670.0 0.76
2671.2 0.75
2672.4 0.74
2673.6 0.73
2674.8 0.72
2676.0 0.71
2677.2 0.7
2678.4 0.69
2679.6 0.68
2680.8 0.67
2682.0 0.66
2683.2 0.65
2684.4 0.65
2685.6 0.64
2686.8 0.63
2688.0 0.62
2689.2 0.61
2690.4 0.6
2691.6 0.6
2692.8 0.59
2694.0 0.58
2695.2 0.57
2696.4 0.57
2697.6 0.56
2698.8 0.55
2700.0 0.54
2701.2 0.54
2702.4 0.53
2703.6 0.52
2704.8 0.52
2706.0 0.51
2707.2 0.5
2708.4 0.5
2709.6 0.49
2710.8 0.48
2712.0 0.48
2713.2 0.47
2714.4 0.46
2715.6 0.46
2716.8 0.45
2718.0 0.45
2719.2 0.44
2720.4 0.43
2721.6 0.43
2722.8 0.42
2724.0 0.42
2725.2 0.41
2726.4 0.41
2727.6 0.4
2728.8 0.4
2730.0 0.39
2731.2 0.39
2732.4 0.38
2733.6 0.38
2734.8 0.37
2736.0 0.37
2737.2 0.36
2738.4 0.36
2739.6 0.35
2740.8 0.35
2742.0 0.34
2743.2 0.34
2744.4 0.33
2745.6 0.33
2746.8 0.32
2748.0 0.32
2749.2 0.32
2750.4 0.31
2751.6 0.31
2752.8 0.3
2754.0 0.3
2755.2 0.3
2756.4 0.29
2757.6 0.29
2758.8 0.28
2760.0 0.28
2761.2 0.28
2762.4 0.27
2763.6 0.27
2764.8 0.27
2766.0 0.26
2767.2 0.26
2768.4 0.25
2769.6 0.25
2770.8 0.25
2772.0 0.24
2773.2 0.24
2774.4 0.24
2775.6 0.24
2776.8 0.23
2778.0 0.23
2779.2 0.23
2780.4 0.22
2781.6 0.22
2782.8 0.22
2784.0 0.21
2785.2 0.21
2786.4 0.21
2787.6 0.21
2788.8 0.2
2790.0 0.2
2791.2 0.2
2792.4 0.19
2793.6 0.19
2794.8 0.19
2796.0 0.19
2797.2 0.18
2798.4 0.18
2799.6 0.18
