0.0 50.0
1.2 50.0
2.4 50.03
3.6 50.05
4.8 50.07
6.0 50.09
7.2 50.11
8.4 50.13
9.6 50.15
10.8 50.17
12.0 50.19
13.2 50.21
14.4 50.23
15.6 50.24
16.8 50.26
18.0 50.28
19.2 50.29
20.4 50.31
21.6 50.33
22.8 50.34
24.0 50.36
25.2 50.37
26.4 50.39
27.6 50.4
28.8 50.41
30.0 50.43
31.2 50.44
32.4 50.45
33.6 50.46
34.8 50.47
36.0 50.49
37.2 50.5
38.4 50.51
39.6 50.52
40.8 50.53
42.0 50.53
43.2 50.54
44.4 50.55
45.6 50.56
46.8 50.57
48.0 50.57
49.2 50.58
50.4 50.59
51.6 50.59
52.8 50.6
54.0 50.6
55.2 50.61
56.4 50.61
57.6 50.62
58.8 50.62
60.0 50.63
61.2 50.63
62.4 50.63
63.6 50.63
64.8 50.64
66.0 50.64
67.2 50.64
68.4 50.64
69.6 50.64
70.8 50.64
72.0 50.64
73.2 50.64
74.4 50.64
75.6 50.64
76.8 50.64
78.0 50.64
79.2 50.64
80.4 50.64
81.6 50.64
82.8 50.64
84.0 50.63
85.2 50.63
86.4 50.63
87.6 50.63
88.8 50.62
90.0 50.62
91.2 50.62
92.4 50.61
93.6 50.61
94.8 50.61
96.0 50.6
97.2 50.6
98.4 50.6
99.6 50.59
100.8 50.59
102.0 50.58
103.2 50.58
104.4 50.58
105.6 50.57
106.8 50.57
108.0 50.56
109.2 50.56
110.4 50.55
111.6 50.55
112.8 50.54
114.0 50.54
115.2 50.53
116.4 50.53
117.6 50.52
118.8 50.52
120.0 50.51
121.2 50.51
122.4 50.5
123.6 50.49
124.8 50.49
126.0 50.48
127.2 50.48
128.4 50.47
129.6 50.47
130.8 50.46
132.0 50.45
133.2 50.45
134.4 50.44
135.6 50.44
136.8 50.43
138.0 50.42
139.2 50.42
140.4 50.41
141.6 50.41
142.8 50.4
144.0 50.39
145.2 50.39
146.4 50.38
147.6 50.38
148.8 50.37
150.0 50.36
151.2 50.36
152.4 50.35
153.6 50.34
154.8 50.34
156.0 50.33
157.2 50.32
158.4 50.32
159.6 50.31
160.8 50.3
162.0 50.3
163.2 50.29
164.4 50.28
165.6 50.28
166.8 50.27
168.0 50.26
169.2 50.26
170.4 50.25
171.6 50.24
172.8 50.24
174.0 50.23
175.2 50.22
176.4 50.22
177.6 50.21
178.8 50.2
180.0 50.2
181.2 50.19
182.4 50.18
183.6 50.18
184.8 50.17
186.0 50.16
187.2 50.16
188.4 50.15
189.6 50.14
190.8 50.14
192.0 50.13
193.2 50.12
194.4 50.12
195.6 50.11
196.8 50.11
198.0 50.1
199.2 50.09
200.4 50.09
201.6 50.08
202.8 50.07
204.0 50.07
205.2 50.06
206.4 50.06
207.6 50.05
208.8 50.05
210.0 50.04
211.2 50.03
212.4 50.03
213.6 50.02
214.8 50.02
216.0 50.01
217.2 50.01
218.4 50.0
219.6 50.0
220.8 49.99
222.0 49.99
223.2 49.98
224.4 49.98
225.6 49.97
226.8 49.97
228.0 49.96
229.2 49.96
230.4 49.95
231.6 49.95
232.8 49.95
234.0 49.94
235.2 49.94
236.4 49.93
237.6 49.93
238.8 49.93
240.0 49.92
241.2 49.92
242.4 49.92
243.6 49.91
244.8 49.91
246.0 49.91
247.2 49.9
248.4 49.9
249.6 49.9
250.8 49.89
252.0 49.89
253.2 49.89
254.4 49.89
255.6 49.88
256.8 49.88
258.0 49.88
259.2 49.88
260.4 49.87
261.6 49.87
262.8 49.87
264.0 49.87
265.2 49.86
266.4 49.86
267.6 49.86
268.8 49.86
270.0 49.86
271.2 49.85
272.4 49.85
273.6 49.85
274.8 49.85
276.0 49.85
277.2 49.85
278.4 49.85
279.6 49.84
280.8 49.84
282.0 49.84
283.2 49.84
284.4 49.84
285.6 49.84
286.8 49.84
288.0 49.84
289.2 49.84
290.4 49.84
291.6 49.83
292.8 49.83
294.0 49.83
295.2 49.83
296.4 49.83
297.6 49.83
298.8 49.83
300.0 49.83
301.2 49.83
302.4 49.83
303.6 49.83
304.8 49.83
306.0 49.83
307.2 49.83
308.4 49.83
309.6 49.83
310.8 49.83
312.0 49.83
313.2 49.83
314.4 49.83
315.6 49.83
316.8 49.83
318.0 49.83
319.2 49.84
320.4 49.84
321.6 49.84
322.8 49.84
324.0 49.84
325.2 49.84
326.4 49.84
327.6 49.84
328.8 49.84
330.0 49.84
331.2 49.84
332.4 49.84
333.6 49.84
334.8 49.84
336.0 49.84
337.2 49.84
338.4 49.84
339.6 49.84
340.8 49.84
342.0 49.84
343.2 49.84
344.4 49.84
345.6 49.84
346.8 49.84
348.0 49.85
349.2 49.85
350.4 49.85
351.6 49.85
352.8 49.85
354.0 49.85
355.2 49.85
356.4 49.85
357.6 49.85
358.8 49.85
360.0 49.85
361.2 49.85
362.4 49.85
363.6 49.85
364.8 49.86
366.0 49.86
367.2 49.86
368.4 49.86
369.6 49.86
370.8 49.86
372.0 49.86
373.2 49.86
374.4 49.86
375.6 49.86
376.8 49.86
378.0 49.86
379.2 49.86
380.4 49.86
381.6 49.86
382.8 49.86
384.0 49.87
385.2 49.87
386.4 49.87
387.6 49.87
388.8 49.87
390.0 49.87
391.2 49.87
392.4 49.87
393.6 49.87
394.8 49.87
396.0 49.87
397.2 49.87
398.4 49.88
399.6 49.88
400.8 49.88
402.0 49.88
403.2 49.88
404.4 49.88
405.6 49.88
406.8 49.88
408.0 49.88
409.2 49.88
410.4 49.89
411.6 49.89
412.8 49.89
414.0 49.89
415.2 49.89
416.4 49.89
417.6 49.89
418.8 49.89
420.0 49.89
421.2 49.89
422.4 49.9
423.6 49.9
424.8 49.9
426.0 49.9
427.2 49.9
428.4 49.9
429.6 49.9
430.8 49.9
432.0 49.9
433.2 49.9
434.4 49.9
435.6 49.9
436.8 49.91
438.0 49.91
439.2 49.91
440.4 49.91
441.6 49.91
442.8 49.91
444.0 49.91
445.2 49.91
446.4 49.91
447.6 49.91
448.8 49.91
450.0 49.92
451.2 49.92
452.4 49.92
453.6 49.92
454.8 49.92
456.0 49.92
457.2 49.92
458.4 49.92
459.6 49.92
460.8 49.92
462.0 49.92
463.2 49.92
464.4 49.92
465.6 49.93
466.8 49.93
468.0 49.93
469.2 49.93
470.4 49.93
471.6 49.93
472.8 49.93
474.0 49.93
475.2 49.93
476.4 49.93
477.6 49.93
478.8 49.93
480.0 49.93
481.2 49.93
482.4 49.93
483.6 49.93
484.8 49.93
486.0 49.93
487.2 49.93
488.4 49.93
489.6 49.93
490.8 49.93
492.0 49.93
493.2 49.93
494.4 49.93
495.6 49.93
496.8 49.93
498.0 49.93
499.2 49.93
500.4 49.93
501.6 49.93
502.8 49.93
504.0 49.93
505.2 49.93
506.4 49.93
507.6 49.93
508.8 49.93
510.0 49.93
511.2 49.93
512.4 49.93
513.6 49.93
514.8 49.93
516.0 49.93
517.2 49.93
518.4 49.93
519.6 49.92
520.8 49.92
522.0 49.92
523.2 49.92
524.4 49.92
525.6 49.91
526.8 49.91
528.0 49.91
529.2 49.9
530.4 49.9
531.6 49.9
532.8 49.89
534.0 49.89
535.2 49.89
536.4 49.88
537.6 49.88
538.8 49.87
540.0 49.87
541.2 49.86
542.4 49.86
543.6 49.85
544.8 49.85
546.0 49.84
547.2 49.84
548.4 49.83
549.6 49.83
550.8 49.82
552.0 49.82
553.2 49.81
554.4 49.81
555.6 49.8
556.8 49.8
558.0 49.79
559.2 49.79
560.4 49.78
561.6 49.78
562.8 49.78
564.0 49.77
565.2 49.77
566.4 49.76
567.6 49.76
568.8 49.75
570.0 49.75
571.2 49.75
572.4 49.74
573.6 49.74
574.8 49.74
576.0 49.73
577.2 49.73
578.4 49.73
579.6 49.72
580.8 49.72
582.0 49.72
583.2 49.71
584.4 49.71
585.6 49.71
586.8 49.7
588.0 49.7
589.2 49.7
590.4 49.7
591.6 49.7
592.8 49.69
594.0 49.69
595.2 49.69
596.4 49.69
597.6 49.69
598.8 49.69
600.0 49.68
601.2 49.68
602.4 49.68
603.6 49.68
604.8 49.68
606.0 49.68
607.2 49.68
608.4 49.68
609.6 49.67
610.8 49.67
612.0 49.67
613.2 49.67
614.4 49.67
615.6 49.67
616.8 49.67
618.0 49.67
619.2 49.67
620.4 49.68
621.6 49.68
622.8 49.68
624.0 49.68
625.2 49.68
626.4 49.68
627.6 49.68
628.8 49.68
630.0 49.69
631.2 49.69
632.4 49.69
633.6 49.69
634.8 49.69
636.0 49.69
637.2 49.7
638.4 49.7
639.6 49.7
640.8 49.7
642.0 49.71
643.2 49.71
644.4 49.71
645.6 49.71
646.8 49.71
648.0 49.72
649.2 49.72
650.4 49.72
651.6 49.72
652.8 49.72
654.0 49.73
655.2 49.73
656.4 49.73
657.6 49.73
658.8 49.73
660.0 49.74
661.2 49.74
662.4 49.74
663.6 49.74
664.8 49.74
666.0 49.74
667.2 49.74
668.4 49.74
669.6 49.74
670.8 49.74
672.0 49.74
673.2 49.74
674.4 49.74
675.6 49.74
676.8 49.74
678.0 49.74
679.2 49.74
680.4 49.75
681.6 49.75
682.8 49.75
684.0 49.75
685.2 49.75
686.4 49.75
687.6 49.74
688.8 49.74
690.0 49.74
691.2 49.74
692.4 49.74
693.6 49.74
694.8 49.74
696.0 49.74
697.2 49.74
698.4 49.74
699.6 49.74
700.8 49.74
702.0 49.74
703.2 49.74
704.4 49.74
705.6 49.74
706.8 49.74
708.0 49.74
709.2 49.74
710.4 49.74
711.6 49.74
712.8 49.74
714.0 49.74
715.2 49.74
716.4 49.74
717.6 49.74
718.8 49.74
720.0 49.74
721.2 49.74
722.4 49.74
723.6 49.74
724.8 49.74
726.0 49.74
727.2 49.74
728.4 49.74
729.6 49.74
730.8 49.74
732.0 49.74
733.2 49.75
734.4 49.75
735.6 49.75
736.8 49.75
738.0 49.75
739.2 49.75
740.4 49.75
741.6 49.76
742.8 49.76
744.0 49.76
745.2 49.76
746.4 49.77
747.6 49.77
748.8 49.77
750.0 49.78
751.2 49.78
752.4 49.78
753.6 49.79
754.8 49.79
756.0 49.79
757.2 49.8
758.4 49.8
759.6 49.8
760.8 49.81
762.0 49.81
763.2 49.81
764.4 49.82
765.6 49.82
766.8 49.83
768.0 49.83
769.2 49.84
770.4 49.84
771.6 49.84
772.8 49.85
774.0 49.85
775.2 49.86
776.4 49.86
777.6 49.86
778.8 49.87
780.0 49.87
781.2 49.87
782.4 49.88
783.6 49.88
784.8 49.88
786.0 49.89
787.2 49.89
788.4 49.89
789.6 49.89
790.8 49.9
792.0 49.9
793.2 49.9
794.4 49.9
795.6 49.9
796.8 49.91
798.0 49.91
799.2 49.91
800.4 49.91
801.6 49.91
802.8 49.91
804.0 49.91
805.2 49.91
806.4 49.91
807.6 49.91
808.8 49.91
810.0 49.91
811.2 49.91
812.4 49.91
813.6 49.91
814.8 49.91
816.0 49.91
817.2 49.91
818.4 49.91
819.6 49.91
820.8 49.91
822.0 49.91
823.2 49.91
824.4 49.91
825.6 49.91
826.8 49.91
828.0 49.91
829.2 49.91
830.4 49.91
831.6 49.91
832.8 49.91
834.0 49.91
835.2 49.91
836.4 49.91
837.6 49.92
838.8 49.92
840.0 49.92
841.2 49.92
842.4 49.92
843.6 49.92
844.8 49.92
846.0 49.92
847.2 49.92
848.4 49.92
849.6 49.92
850.8 49.93
852.0 49.93
853.2 49.93
854.4 49.93
855.6 49.93
856.8 49.93
858.0 49.93
859.2 49.93
860.4 49.93
861.6 49.94
862.8 49.94
864.0 49.94
865.2 49.94
866.4 49.94
867.6 49.94
868.8 49.94
870.0 49.94
871.2 49.94
872.4 49.94
873.6 49.95
874.8 49.95
876.0 49.95
877.2 49.95
878.4 49.95
879.6 49.95
880.8 49.96
882.0 49.96
883.2 49.96
884.4 49.96
885.6 49.96
886.8 49.97
888.0 49.97
889.2 49.97
890.4 49.97
891.6 49.97
892.8 49.98
894.0 49.98
895.2 49.98
896.4 49.98
897.6 49.99
898.8 49.99
900.0 49.99
901.2 49.99
902.4 50.0
903.6 50.0
904.8 50.0
906.0 50.0
907.2 50.0
908.4 50.01
909.6 50.01
910.8 50.01
912.0 50.01
913.2 50.01
914.4 50.01
915.6 50.01
916.8 50.01
918.0 50.02
919.2 50.02
920.4 50.02
921.6 50.02
922.8 50.02
924.0 50.02
925.2 50.02
926.4 50.02
927.6 50.02
928.8 50.02
930.0 50.02
931.2 50.02
932.4 50.02
933.6 50.02
934.8 50.02
936.0 50.02
937.2 50.02
938.4 50.02
939.6 50.01
940.8 50.01
942.0 50.01
943.2 50.01
944.4 50.01
945.6 50.01
946.8 50.0
948.0 50.0
949.2 50.0
950.4 49.99
951.6 49.99
952.8 49.99
954.0 49.98
955.2 49.98
956.4 49.98
957.6 49.97
958.8 49.97
960.0 49.96
961.2 49.96
962.4 49.95
963.6 49.95
964.8 49.94
966.0 49.94
967.2 49.93
968.4 49.93
969.6 49.93
970.8 49.92
972.0 49.92
973.2 49.91
974.4 49.91
975.6 49.9
976.8 49.9
978.0 49.9
979.2 49.89
980.4 49.89
981.6 49.89
982.8 49.89
984.0 49.88
985.2 49.88
986.4 49.88
987.6 49.88
988.8 49.88
990.0 49.88
991.2 49.87
992.4 49.87
993.6 49.87
994.8 49.87
996.0 49.87
997.2 49.87
998.4 49.87
999.6 49.87
1000.8 49.87
1002.0 49.87
1003.2 49.87
1004.4 49.87
1005.6 49.87
1006.8 49.87
1008.0 49.87
1009.2 49.87
1010.4 49.87
1011.6 49.87
1012.8 49.87
1014.0 49.87
1015.2 49.87
1016.4 49.87
1017.6 49.87
1018.8 49.87
1020.0 49.87
1021.2 49.87
1022.4 49.87
1023.6 49.87
1024.8 49.87
1026.0 49.87
1027.2 49.87
1028.4 49.87
1029.6 49.87
1030.8 49.87
1032.0 49.87
1033.2 49.87
1034.4 49.87
1035.6 49.87
1036.8 49.87
1038.0 49.87
1039.2 49.87
1040.4 49.87
1041.6 49.88
1042.8 49.88
1044.0 49.88
1045.2 49.88
1046.4 49.88
1047.6 49.88
1048.8 49.88
1050.0 49.88
1051.2 49.88
1052.4 49.88
1053.6 49.88
1054.8 49.88
1056.0 49.88
1057.2 49.88
1058.4 49.88
1059.6 49.88
1060.8 49.88
1062.0 49.88
1063.2 49.88
1064.4 49.88
1065.6 49.88
1066.8 49.88
1068.0 49.88
1069.2 49.88
1070.4 49.88
1071.6 49.89
1072.8 49.89
1074.0 49.89
1075.2 49.89
1076.4 49.89
1077.6 49.89
1078.8 49.89
1080.0 49.9
1081.2 49.9
1082.4 49.9
1083.6 49.9
1084.8 49.9
1086.0 49.9
1087.2 49.91
1088.4 49.91
1089.6 49.91
1090.8 49.91
1092.0 49.91
1093.2 49.91
1094.4 49.91
1095.6 49.92
1096.8 49.92
1098.0 49.92
1099.2 49.92
1100.4 49.92
1101.6 49.92
1102.8 49.92
1104.0 49.92
1105.2 49.93
1106.4 49.93
1107.6 49.93
1108.8 49.93
1110.0 49.93
1111.2 49.93
1112.4 49.93
1113.6 49.93
1114.8 49.93
1116.0 49.94
1117.2 49.94
1118.4 49.94
1119.6 49.94
1120.8 49.94
1122.0 49.94
1123.2 49.94
1124.4 49.94
1125.6 49.95
1126.8 49.95
1128.0 49.95
1129.2 49.95
1130.4 49.95
1131.6 49.95
1132.8 49.95
1134.0 49.95
1135.2 49.95
1136.4 49.95
1137.6 49.95
1138.8 49.96
1140.0 49.96
1141.2 49.96
1142.4 49.96
1143.6 49.96
1144.8 49.96
1146.0 49.96
1147.2 49.96
1148.4 49.96
1149.6 49.96
1150.8 49.96
1152.0 49.96
1153.2 49.96
1154.4 49.96
1155.6 49.96
1156.8 49.96
1158.0 49.96
1159.2 49.96
1160.4 49.96
1161.6 49.96
1162.8 49.96
1164.0 49.96
1165.2 49.96
1166.4 49.96
1167.6 49.95
1168.8 49.95
1170.0 49.95
1171.2 49.95
1172.4 49.95
1173.6 49.95
1174.8 49.95
1176.0 49.95
1177.2 49.95
1178.4 49.95
1179.6 49.95
1180.8 49.96
1182.0 49.96
1183.2 49.96
1184.4 49.96
1185.6 49.96
1186.8 49.96
1188.0 49.96
1189.2 49.96
1190.4 49.96
1191.6 49.96
1192.8 49.96
1194.0 49.96
1195.2 49.96
1196.4 49.97
1197.6 49.97
1198.8 49.97
1200.0 49.97
1201.2 49.97
1202.4 49.9
1203.6 49.6
1204.8 49.05
1206.0 48.25
1207.2 47.34
1208.4 46.47
1209.6 45.63
1210.8 44.82
1212.0 44.05
1213.2 43.31
1214.4 42.59
1215.6 41.91
1216.8 41.26
1218.0 40.65
1219.2 40.06
1220.4 39.5
1221.6 38.98
1222.8 38.48
1224.0 38.02
1225.2 37.59
1226.4 37.19
1227.6 36.82
1228.8 36.48
1230.0 36.17
1231.2 35.9
1232.4 35.65
1233.6 35.43
1234.8 35.25
1236.0 35.09
1237.2 34.96
1238.4 34.86
1239.6 34.8
1240.8 34.76
1242.0 34.75
1243.2 34.76
1244.4 34.81
1245.6 34.88
1246.8 34.98
1248.0 35.11
1249.2 35.29
1250.4 35.5
1251.6 35.75
1252.8 36.04
1254.0 36.37
1255.2 36.73
1256.4 37.12
1257.6 37.54
1258.8 37.98
1260.0 38.45
1261.2 38.95
1262.4 39.46
1263.6 40.0
1264.8 40.56
1266.0 41.12
1267.2 41.7
1268.4 42.3
1269.6 42.89
1270.8 43.5
1272.0 44.11
1273.2 44.72
1274.4 45.32
1275.6 45.93
1276.8 46.53
1278.0 47.13
1279.2 47.71
1280.4 48.28
1281.6 48.84
1282.8 49.39
1284.0 49.92
1285.2 50.43
1286.4 50.92
1287.6 51.39
1288.8 51.84
1290.0 52.26
1291.2 52.67
1292.4 53.05
1293.6 53.41
1294.8 53.74
1296.0 54.06
1297.2 54.34
1298.4 54.61
1299.6 54.85
1300.8 55.07
1302.0 55.26
1303.2 55.44
1304.4 55.59
1305.6 55.71
1306.8 55.82
1308.0 55.9
1309.2 55.97
1310.4 56.01
1311.6 56.06
1312.8 56.1
1314.0 56.14
1315.2 56.18
1316.4 56.22
1317.6 56.25
1318.8 56.28
1320.0 56.31
1321.2 56.34
1322.4 56.37
1323.6 56.39
1324.8 56.41
1326.0 56.43
1327.2 56.45
1328.4 56.46
1329.6 56.48
1330.8 56.49
1332.0 56.5
1333.2 56.5
1334.4 56.51
1335.6 56.51
1336.8 56.51
1338.0 56.51
1339.2 56.5
1340.4 56.5
1341.6 56.49
1342.8 56.48
1344.0 56.47
1345.2 56.45
1346.4 56.43
1347.6 56.38
1348.8 56.29
