0.0 4750.0
1.2 4750.0
2.4 183.48
3.6 235.69
4.8 295.18
6.0 357.09
7.2 414.22
8.4 470.95
9.6 527.54
10.8 585.31
12.0 645.93
13.2 705.73
14.4 763.3
15.6 822.71
16.8 882.46
18.0 941.45
19.2 997.31
20.4 1057.2
21.6 1116.56
22.8 1175.41
24.0 1234.59
25.2 1294.03
26.4 1353.46
27.6 1411.39
28.8 1469.62
30.0 1528.85
31.2 1587.2
32.4 1646.44
33.6 1705.88
34.8 1765.32
36.0 1824.8
37.2 1885.56
38.4 1945.13
39.6 2004.35
40.8 2064.49
42.0 2122.99
43.2 2183.23
44.4 2242.99
45.6 2302.05
46.8 2361.06
48.0 2422.0
49.2 2481.04
50.4 2539.5
51.6 2598.04
52.8 2658.75
54.0 2718.27
55.2 2775.66
56.4 2835.22
57.6 2894.51
58.8 2951.13
60.0 3010.77
61.2 3071.76
62.4 3132.29
63.6 3191.93
64.8 3250.35
66.0 3309.72
67.2 3368.52
68.4 3427.36
69.6 3487.74
70.8 3547.51
72.0 3606.16
73.2 3665.98
74.4 3725.82
75.6 3786.36
76.8 3845.34
78.0 3905.94
79.2 3966.74
80.4 4027.43
81.6 4087.37
82.8 4147.42
84.0 4208.1
85.2 4268.97
86.4 4329.99
87.6 4388.93
88.8 4449.97
90.0 4510.01
91.2 4572.72
92.4 4633.71
93.6 4692.89
94.8 4753.82
96.0 4813.92
97.2 4876.02
98.4 4936.14
99.6 4996.98
100.8 5056.43
102.0 5115.71
103.2 5175.16
104.4 5235.29
105.6 5297.49
106.8 5357.66
108.0 5418.99
109.2 5480.07
110.4 5540.31
111.6 5600.72
112.8 5660.93
114.0 5721.41
115.2 5781.62
116.4 5842.11
117.6 5903.24
118.8 5963.46
120.0 6023.98
121.2 6086.01
122.4 6147.42
123.6 6205.95
124.8 6266.4
126.0 6327.54
127.2 6387.83
128.4 6447.43
129.6 6506.14
130.8 6567.56
132.0 6626.96
133.2 6688.07
134.4 6749.54
135.6 6811.58
136.8 6873.05
138.0 6933.32
139.2 6993.21
140.4 7053.47
141.6 7114.05
142.8 7174.31
144.0 7235.46
145.2 7295.14
146.4 7355.4
147.6 7413.5
148.8 7472.92
150.0 7532.27
151.2 7591.92
152.4 7652.18
153.6 7712.77
154.8 7773.03
156.0 7832.61
157.2 7893.21
158.4 7953.81
159.6 8014.08
160.8 8073.54
162.0 8134.95
163.2 8196.11
164.4 8256.71
165.6 8317.88
166.8 8378.13
168.0 8438.06
169.2 8498.31
170.4 8558.92
171.6 8618.32
172.8 8678.87
174.0 8737.43
175.2 8797.03
176.4 8857.27
177.6 8916.67
178.8 8978.11
180.0 9036.67
181.2 9098.95
182.4 9160.1
183.6 9222.47
184.8 9281.87
186.0 9342.05
187.2 9402.64
188.4 9462.02
189.6 9524.34
190.8 9583.72
192.0 9643.33
193.2 9703.56
194.4 9765.57
195.6 9826.12
196.8 9886.33
198.0 9946.02
199.2 10004.48
200.4 10064.91
201.6 10125.12
202.8 10185.32
204.0 10244.13
205.2 10305.13
206.4 10365.63
207.6 10427.61
208.8 10488.1
210.0 10548.29
211.2 10609.37
212.4 10668.99
213.6 10730.92
214.8 10791.37
216.0 10851.54
217.2 10911.97
218.4 10972.16
219.6 11032.27
220.8 11092.69
222.0 11153.73
223.2 11213.22
224.4 11274.25
225.6 11335.28
226.8 11392.05
228.0 11451.31
229.2 11511.64
230.4 11571.75
231.6 11633.66
232.8 11694.89
234.0 11756.1
235.2 11816.89
236.4 11876.99
237.6 11937.31
238.8 11996.51
240.0 12056.76
241.2 12116.84
242.4 12177.82
243.6 12237.17
244.8 12297.25
246.0 12357.48
247.2 12416.67
248.4 12475.99
249.6 12536.02
250.8 12596.22
252.0 12657.16
253.2 12716.33
254.4 12772.93
255.6 12832.07
256.8 12893.11
258.0 12953.15
259.2 13016.9
260.4 13076.93
261.6 13137.85
262.8 13198.0
264.0 13256.25
265.2 13316.35
266.4 13376.36
267.6 13436.47
268.8 13496.47
270.0 13555.59
271.2 13616.59
272.4 13677.46
273.6 13737.54
274.8 13797.54
276.0 13858.49
277.2 13918.48
278.4 13978.46
279.6 14038.52
280.8 14099.37
282.0 14160.3
283.2 14219.38
284.4 14279.34
285.6 14338.44
286.8 14399.3
288.0 14461.99
289.2 14521.94
290.4 14581.02
291.6 14640.95
292.8 14700.92
294.0 14760.85
295.2 14820.78
296.4 14880.73
297.6 14942.44
298.8 15000.57
300.0 15060.49
301.2 15118.62
302.4 15177.63
303.6 15238.43
304.8 15298.34
306.0 15357.35
307.2 15417.25
308.4 15477.15
309.6 15536.14
310.8 15596.04
312.0 15655.04
313.2 15714.02
314.4 15773.91
315.6 15833.8
316.8 15893.69
318.0 15952.68
319.2 16012.56
320.4 16072.46
321.6 16133.23
322.8 16193.12
324.0 16253.0
325.2 16312.88
326.4 16370.97
327.6 16429.94
328.8 16489.83
330.0 16549.7
331.2 16609.59
332.4 16671.26
333.6 16731.14
334.8 16792.8
336.0 16853.58
337.2 16913.46
338.4 16973.31
339.6 17034.09
340.8 17093.04
342.0 17151.11
343.2 17211.0
344.4 17269.95
345.6 17328.92
346.8 17390.56
348.0 17450.43
349.2 17509.38
350.4 17570.15
351.6 17631.78
352.8 17690.75
354.0 17749.72
355.2 17808.66
356.4 17869.44
357.6 17930.16
358.8 17990.03
360.0 18050.79
361.2 18110.62
362.4 18168.68
363.6 18227.63
364.8 18286.59
366.0 18345.53
367.2 18404.5
368.4 18464.33
369.6 18524.2
370.8 18584.06
372.0 18643.91
373.2 18703.78
374.4 18763.61
375.6 18825.29
376.8 18886.92
378.0 18946.79
379.2 19008.45
380.4 19068.29
381.6 19128.16
382.8 19187.98
384.0 19247.86
385.2 19307.68
386.4 19365.73
387.6 19426.51
388.8 19486.34
390.0 19546.2
391.2 19605.12
392.4 19664.99
393.6 19726.6
394.8 19786.46
396.0 19848.12
397.2 19908.84
398.4 19968.69
399.6 20029.4
400.8 20090.16
402.0 20149.07
403.2 20208.01
404.4 20267.87
405.6 20327.68
406.8 20387.52
408.0 20446.41
409.2 20506.27
410.4 20565.16
411.6 20624.1
412.8 20683.06
414.0 20742.86
415.2 20802.71
416.4 20861.61
417.6 20921.47
418.8 20980.37
420.0 21042.92
421.2 21102.77
422.4 21163.47
423.6 21223.32
424.8 21284.04
426.0 21343.89
427.2 21402.84
428.4 21461.76
429.6 21521.62
430.8 21580.52
432.0 21641.29
433.2 21701.1
434.4 21760.96
435.6 21821.68
436.8 21882.43
438.0 21942.3
439.2 22002.12
440.4 22061.97
441.6 22123.59
442.8 22183.45
444.0 22244.17
445.2 22304.92
446.4 22364.77
447.6 22424.64
448.8 22481.76
450.0 22541.57
451.2 22601.43
452.4 22661.25
453.6 22721.11
454.8 22780.07
456.0 22839.9
457.2 22899.75
458.4 22957.78
459.6 23016.74
460.8 23077.47
462.0 23137.35
463.2 23197.21
464.4 23257.94
465.6 23317.82
466.8 23375.86
468.0 23435.74
469.2 23495.58
470.4 23555.46
471.6 23615.34
472.8 23675.19
474.0 23734.18
475.2 23793.14
476.4 23853.02
477.6 23912.89
478.8 23971.87
480.0 24032.67
481.2 24095.23
482.4 24155.11
483.6 24215.89
484.8 24275.78
486.0 24336.58
487.2 24393.76
488.4 24454.54
489.6 24512.63
490.8 24572.52
492.0 24634.2
493.2 24694.09
494.4 24753.98
495.6 24812.98
496.8 24871.97
498.0 24931.87
499.2 24990.87
500.4 25051.66
501.6 25111.56
502.8 25166.97
504.0 25224.19
505.2 25278.71
506.4 25339.52
507.6 25393.17
508.8 25452.19
510.0 25509.44
511.2 25569.41
512.4 25628.47
513.6 25688.4
514.8 25743.94
516.0 25803.88
517.2 25863.84
518.4 25915.85
519.6 25971.36
520.8 26033.18
522.0 26087.88
523.2 26148.72
524.4 26206.07
525.6 26259.0
526.8 26312.89
528.0 26371.18
529.2 26430.47
530.4 26490.51
531.6 26548.09
532.8 26607.31
534.0 26668.49
535.2 26727.77
536.4 26792.32
537.6 26852.73
538.8 26911.93
540.0 26972.28
541.2 27035.14
542.4 27098.84
543.6 27155.67
544.8 27214.96
546.0 27273.31
547.2 27328.22
548.4 27383.31
549.6 27444.41
550.8 27505.65
552.0 27565.8
553.2 27631.39
554.4 27692.49
555.6 27751.08
556.8 27809.49
558.0 27868.12
559.2 27938.32
560.4 28003.0
561.6 28062.29
562.8 28123.51
564.0 28184.54
565.2 28245.83
566.4 28305.92
567.6 28366.93
568.8 28422.86
570.0 28481.19
571.2 28540.31
572.4 28599.67
573.6 28658.05
574.8 28717.34
576.0 28771.15
577.2 28830.37
578.4 28891.65
579.6 28952.64
580.8 29011.86
582.0 29082.81
583.2 29142.87
584.4 29203.98
585.6 29264.0
586.8 29324.05
588.0 29382.35
589.2 29440.73
590.4 29502.59
591.6 29564.48
592.8 29625.33
594.0 29678.25
595.2 29741.02
596.4 29800.92
597.6 29859.23
598.8 29919.18
600.0 29973.87
601.2 30034.73
602.4 30092.07
603.6 30153.84
604.8 30215.6
606.0 30274.71
607.2 30336.54
608.4 30399.16
609.6 30469.92
610.8 30531.65
612.0 30592.49
613.2 30651.52
614.4 30712.33
615.6 30774.02
616.8 30824.05
618.0 30885.71
619.2 30945.58
620.4 31004.54
621.6 31067.09
622.8 31133.23
624.0 31195.77
625.2 31250.18
626.4 31313.62
627.6 31366.2
628.8 31431.43
630.0 31489.38
631.2 31545.56
632.4 31608.89
633.6 31668.8
634.8 31728.52
636.0 31788.23
637.2 31842.54
638.4 31902.44
639.6 31960.29
640.8 32015.48
642.0 32077.1
643.2 32138.57
644.4 32194.7
645.6 32252.72
646.8 32311.53
648.0 32367.68
649.2 32425.6
650.4 32490.77
651.6 32546.92
652.8 32606.82
654.0 32659.33
655.2 32717.23
656.4 32777.05
657.6 32829.61
658.8 32889.51
660.0 32948.29
661.2 33008.1
662.4 33065.24
663.6 33125.14
664.8 33177.74
666.0 33240.25
667.2 33297.4
668.4 33365.34
669.6 33426.11
670.8 33485.99
672.0 33544.98
673.2 33604.84
674.4 33672.79
675.6 33733.57
676.8 33789.86
678.0 33840.76
679.2 33900.66
680.4 33952.46
681.6 34007.85
682.8 34074.04
684.0 34130.34
685.2 34192.05
686.4 34253.76
687.6 34318.16
688.8 34377.19
690.0 34433.52
691.2 34499.72
692.4 34556.07
693.6 34620.46
694.8 34677.69
696.0 34737.6
697.2 34792.14
698.4 34858.35
699.6 34915.58
700.8 34971.92
702.0 35032.73
703.2 35089.07
704.4 35148.97
705.6 35209.79
706.8 35268.82
708.0 35323.37
709.2 35381.5
710.4 35443.23
711.6 35507.64
712.8 35575.65
714.0 35642.75
715.2 35702.65
716.4 35760.79
717.6 35818.9
718.8 35882.39
720.0 35938.69
721.2 35998.59
722.4 36052.17
723.6 36112.95
724.8 36173.72
726.0 36233.59
727.2 36292.58
728.4 36356.02
729.6 36416.8
730.8 36476.62
732.0 36543.67
733.2 36615.15
734.4 36675.0
735.6 36735.69
736.8 36799.11
738.0 36860.73
739.2 36916.85
740.4 36975.77
741.6 37039.96
742.8 37102.45
744.0 37164.79
745.2 37224.69
746.4 37278.06
747.6 37337.68
748.8 37398.33
750.0 37456.24
751.2 37517.67
752.4 37575.44
753.6 37635.11
754.8 37696.71
756.0 37760.87
757.2 37818.65
758.4 37879.24
759.6 37944.21
760.8 38007.48
762.0 38065.16
763.2 38124.72
764.4 38184.62
765.6 38239.67
766.8 38292.07
768.0 38350.71
769.2 38411.99
770.4 38470.72
771.6 38531.31
772.8 38591.03
774.0 38639.67
775.2 38703.94
776.4 38761.66
777.6 38819.54
778.8 38871.86
780.0 38934.17
781.2 38994.07
782.4 39052.64
783.6 39112.47
784.8 39169.45
786.0 39221.77
787.2 39286.91
788.4 39349.39
789.6 39400.91
790.8 39462.45
792.0 39519.56
793.2 39576.55
794.4 39634.6
795.6 39695.22
796.8 39753.22
798.0 39813.98
799.2 39868.31
800.4 39929.95
801.6 39993.39
802.8 40048.73
804.0 40104.11
805.2 40163.98
806.4 40223.84
807.6 40290.92
808.8 40352.59
810.0 40413.39
811.2 40472.4
812.4 40532.3
813.6 40594.02
814.8 40653.92
816.0 40712.94
817.2 40773.77
818.4 40834.59
819.6 40907.07
820.8 40967.88
822.0 41026.01
823.2 41088.61
824.4 41150.31
825.6 41217.4
826.8 41277.3
828.0 41331.78
829.2 41391.67
830.4 41451.55
831.6 41510.51
832.8 41565.9
834.0 41628.43
835.2 41688.31
836.4 41750.87
837.6 41811.61
838.8 41872.37
840.0 41933.1
841.2 41992.96
842.4 42050.98
843.6 42112.63
844.8 42173.37
846.0 42227.82
847.2 42288.53
848.4 42350.15
849.6 42412.69
850.8 42473.38
852.0 42534.13
853.2 42595.78
854.4 42651.99
855.6 42703.71
856.8 42765.37
858.0 42823.37
859.2 42876.88
860.4 42935.83
861.6 43002.83
862.8 43068.06
864.0 43128.82
865.2 43189.54
866.4 43253.89
867.6 43319.97
868.8 43386.1
870.0 43442.31
871.2 43503.03
872.4 43562.85
873.6 43623.54
874.8 43683.37
876.0 43744.1
877.2 43802.04
878.4 43861.85
879.6 43918.94
880.8 43983.12
882.0 44044.71
883.2 44103.62
884.4 44163.32
885.6 44223.14
886.8 44282.94
888.0 44345.35
889.2 44409.53
890.4 44469.31
891.6 44531.74
892.8 44595.96
894.0 44654.83
895.2 44710.99
896.4 44766.2
897.6 44827.8
898.8 44884.75
900.0 44944.54
901.2 45002.38
902.4 45056.8
903.6 45109.38
904.8 45168.17
906.0 45226.13
907.2 45289.45
908.4 45346.52
909.6 45401.78
910.8 45465.2
912.0 45525.93
913.2 45588.39
914.4 45649.06
915.6 45708.04
916.8 45763.37
918.0 45821.4
919.2 45880.33
920.4 45941.96
921.6 46001.82
922.8 46059.9
924.0 46122.45
925.2 46183.24
926.4 46245.8
927.6 46305.69
928.8 46365.59
930.0 46414.72
931.2 46471.92
932.4 46531.83
933.6 46589.97
934.8 46645.42
936.0 46697.29
937.2 46752.79
938.4 46812.69
939.6 46879.88
940.8 46937.19
942.0 46990.08
943.2 47042.87
944.4 47094.9
945.6 47160.4
946.8 47222.21
948.0 47283.15
949.2 47338.81
950.4 47392.73
951.6 47455.47
952.8 47517.47
954.0 47574.92
955.2 47636.95
956.4 47697.03
957.6 47755.59
958.8 47816.61
960.0 47877.85
961.2 47937.09
962.4 47996.32
963.6 48050.46
964.8 48111.42
966.0 48179.71
967.2 48245.53
968.4 48307.37
969.6 48369.55
970.8 48440.7
972.0 48509.88
973.2 48572.76
974.4 48635.73
975.6 48695.63
976.8 48755.99
978.0 48826.95
979.2 48884.38
980.4 48940.99
981.6 49001.0
982.8 49068.37
984.0 49131.96
985.2 49193.8
986.4 49250.34
987.6 49311.21
988.8 49367.66
990.0 49428.58
991.2 49488.54
992.4 49548.44
993.6 49599.5
994.8 49655.87
996.0 49709.55
997.2 49775.75
998.4 49833.9
999.6 49892.05
1000.8 49951.98
1002.0 50012.81
1003.2 50074.54
1004.4 50136.26
1005.6 50194.39
1006.8 50256.1
1008.0 50312.44
1009.2 50369.66
1010.4 50437.66
1011.6 50499.36
1012.8 50560.16
1014.0 50617.38
1015.2 50676.38
1016.4 50734.47
1017.6 50792.58
1018.8 50849.77
1020.0 50908.77
1021.2 50972.25
1022.4 51034.83
1023.6 51100.1
1024.8 51158.2
1026.0 51210.89
1027.2 51272.56
1028.4 51328.84
1029.6 51393.23
1030.8 51454.87
1032.0 51514.77
1033.2 51578.2
1034.4 51635.39
1035.6 51693.45
1036.8 51750.63
1038.0 51810.54
1039.2 51856.0
1040.4 51912.3
1041.6 51973.95
1042.8 52036.54
1044.0 52098.22
1045.2 52159.92
1046.4 52222.51
1047.6 52286.01
1048.8 52349.5
1050.0 52409.39
1051.2 52469.29
1052.4 52530.98
1053.6 52590.88
1054.8 52653.46
1056.0 52710.65
1057.2 52767.84
1058.4 52831.31
1059.6 52892.98
1060.8 52963.61
1062.0 53022.58
1063.2 53078.85
1064.4 53139.59
1065.6 53196.76
1066.8 53251.2
1068.0 53313.76
1069.2 53377.18
1070.4 53438.81
1071.6 53506.72
1072.8 53570.14
1074.0 53630.85
1075.2 53690.64
1076.4 53741.4
1077.6 53801.2
1078.8 53861.03
1080.0 53920.84
1081.2 53978.78
1082.4 54034.97
1083.6 54092.92
1084.8 54153.65
1086.0 54215.19
1087.2 54275.09
1088.4 54330.27
1089.6 54390.17
1090.8 54449.01
1092.0 54506.05
1093.2 54566.79
1094.4 54625.67
1095.6 54688.21
1096.8 54751.63
1098.0 54805.1
1099.2 54866.76
1100.4 54933.72
1101.6 54990.84
1102.8 55053.36
1104.0 55112.28
1105.2 55171.21
1106.4 55231.11
1107.6 55294.44
1108.8 55354.34
1110.0 55416.8
1111.2 55481.09
1112.4 55538.2
1113.6 55596.26
1114.8 55654.31
1116.0 55711.41
1117.2 55775.67
1118.4 55834.6
1119.6 55894.44
1120.8 55950.62
1122.0 56014.91
1123.2 56072.94
1124.4 56134.57
1125.6 56193.48
1126.8 56252.39
1128.0 56308.64
1129.2 56365.77
1130.4 56418.39
1131.6 56485.43
1132.8 56543.47
1134.0 56601.5
1135.2 56666.76
1136.4 56724.78
1137.6 56786.45
1138.8 56843.6
1140.0 56907.96
1141.2 56963.32
1142.4 57026.78
1143.6 57084.85
1144.8 57143.84
1146.0 57202.8
1147.2 57258.19
1148.4 57319.86
1149.6 57377.95
1150.8 57439.65
1152.0 57494.15
1153.2 57549.57
1154.4 57608.57
1155.6 57667.6
1156.8 57726.62
1158.0 57792.84
1159.2 57853.66
1160.4 57917.18
1161.6 57980.74
1162.8 58042.45
1164.0 58108.68
1165.2 58169.52
1166.4 58231.25
1167.6 58292.98
1168.8 58352.9
1170.0 58407.44
1171.2 58469.15
1172.4 58530.85
1173.6 58588.97
1174.8 58651.56
1176.0 58709.68
1177.2 58773.16
1178.4 58837.54
1179.6 58897.44
1180.8 58951.03
1182.0 59015.4
1183.2 59077.08
1184.4 59135.14
1185.6 59200.4
1186.8 59258.48
1188.0 59324.6
1189.2 59387.15
1190.4 59443.38
1191.6 59504.11
1192.8 59564.01
1194.0 59620.25
1195.2 59672.83
1196.4 59732.74
1197.6 59788.88
1198.8 59848.79
1200.0 59902.29
1201.2 59962.19
1202.4 60022.09
1203.6 60081.99
1204.8 60141.88
1206.0 60201.77
1207.2 60369.84
1208.4 60510.47
1209.6 60620.38
1210.8 60709.36
1212.0 60835.97
1213.2 60895.87
1214.4 60955.92
1215.6 61015.39
1216.8 61075.3
1218.0 61134.82
1219.2 61194.13
1220.4 61254.18
1221.6 61314.09
1222.8 61373.6
1224.0 61433.5
1225.2 61493.72
1226.4 61553.47
1227.6 61612.91
1228.8 61672.81
1230.0 61732.57
1231.2 61792.47
1232.4 61852.14
1233.6 61912.04
1234.8 61972.03
1236.0 62031.77
1237.2 62092.54
1238.4 62152.36
1239.6 62212.74
1240.8 62272.17
1242.0 62332.24
1243.2 62392.14
1244.4 62456.14
1245.6 62515.97
1246.8 62575.88
1248.0 62635.91
1249.2 62695.69
1250.4 62756.04
1251.6 62816.19
1252.8 62876.34
1254.0 62936.49
1255.2 62996.39
1256.4 63056.24
1257.6 63115.9
1258.8 63175.38
1260.0 63235.59
1261.2 63295.68
1262.4 63355.27
1263.6 63415.43
1264.8 63475.33
1266.0 63535.24
1267.2 63595.26
1268.4 63655.41
1269.6 63715.66
1270.8 63775.56
1272.0 63834.45
1273.2 63894.24
1274.4 63942.46
1275.6 63973.92
1276.8 63982.81
1278.0 64023.48
1279.2 64028.75
1280.4 64051.17
1281.6 64093.57
1282.8 64072.98
1284.0 64111.64
1285.2 64153.87
1286.4 64173.45
1287.6 64154.15
1288.8 64188.9
1290.0 64206.6
1291.2 64229.27
1292.4 64267.45
1293.6 64302.74
1294.8 64354.53
1296.0 64379.23
1297.2 64415.56
1298.4 64455.44
1299.6 64506.83
1300.8 64537.88
1302.0 64577.67
1303.2 64624.89
1304.4 64680.69
1305.6 64732.87
1306.8 64780.64
1308.0 64840.54
1309.2 64871.41
1310.4 64916.48
1311.6 64974.67
1312.8 65028.68
1314.0 65082.51
1315.2 65142.91
1316.4 65190.96
1317.6 65246.23
1318.8 65302.56
1320.0 65362.74
1321.2 65427.7
1322.4 65494.97
1323.6 65550.27
1324.8 65609.07
1326.0 65669.23
1327.2 65726.99
1328.4 65780.12
1329.6 65831.99
1330.8 65892.01
1332.0 65955.4
1333.2 66015.79
1334.4 66070.66
1335.6 66129.47
1336.8 66192.9
1338.0 66252.95
1339.2 66315.71
1340.4 66375.93
1341.6 66431.19
1342.8 66511.94
1344.0 66583.28
1345.2 66643.92
1346.4 66704.64
1347.6 66764.51
1348.8 66829.07
