0.0 2
1.2 2
2.4 2
3.6 2
4.8 2
6.0 2
7.2 2
8.4 2
9.6 2
10.8 2
12.0 2
13.2 2
14.4 2
15.6 2
16.8 2
18.0 2
19.2 2
20.4 2
21.6 2
22.8 2
24.0 2
25.2 2
26.4 2
27.6 2
28.8 2
30.0 2
31.2 2
32.4 2
33.6 2
34.8 2
36.0 2
37.2 2
38.4 2
39.6 2
40.8 2
42.0 2
43.2 2
44.4 2
45.6 2
46.8 2
48.0 2
49.2 2
50.4 2
51.6 2
52.8 2
54.0 2
55.2 2
56.4 2
57.6 2
58.8 2
60.0 2
61.2 2
62.4 2
63.6 2
64.8 2
66.0 2
67.2 2
68.4 2
69.6 2
70.8 2
72.0 2
73.2 2
74.4 2
75.6 2
76.8 2
78.0 2
79.2 2
80.4 2
81.6 2
82.8 2
84.0 2
85.2 2
86.4 2
87.6 2
88.8 2
90.0 2
91.2 2
92.4 2
93.6 2
94.8 2
96.0 2
97.2 2
98.4 2
99.6 2
100.8 2
102.0 2
103.2 2
104.4 2
105.6 2
106.8 2
108.0 2
109.2 2
110.4 2
111.6 2
112.8 2
114.0 2
115.2 2
116.4 2
117.6 2
118.8 2
120.0 2
121.2 2
122.4 2
123.6 2
124.8 2
126.0 2
127.2 2
128.4 2
129.6 2
130.8 2
132.0 2
133.2 2
134.4 2
135.6 2
136.8 2
138.0 2
139.2 2
140.4 2
141.6 2
142.8 2
144.0 2
145.2 2
146.4 2
147.6 2
148.8 2
150.0 2
151.2 2
152.4 2
153.6 2
154.8 2
156.0 2
157.2 2
158.4 2
159.6 2
160.8 2
162.0 2
163.2 2
164.4 2
165.6 2
166.8 2
168.0 2
169.2 2
170.4 2
171.6 2
172.8 2
174.0 2
175.2 2
176.4 2
177.6 2
178.8 2
180.0 2
181.2 2
182.4 2
183.6 2
184.8 2
186.0 2
187.2 2
188.4 2
189.6 2
190.8 2
192.0 2
193.2 2
194.4 2
195.6 2
196.8 2
198.0 2
199.2 2
200.4 2
201.6 2
202.8 2
204.0 2
205.2 2
206.4 2
207.6 2
208.8 2
210.0 2
211.2 2
212.4 2
213.6 2
214.8 2
216.0 2
217.2 2
218.4 2
219.6 2
220.8 2
222.0 2
223.2 2
224.4 2
225.6 2
226.8 2
228.0 2
229.2 2
230.4 2
231.6 2
232.8 2
234.0 2
235.2 2
236.4 2
237.6 2
238.8 2
240.0 2
241.2 2
242.4 2
243.6 2
244.8 2
246.0 2
247.2 2
248.4 2
249.6 2
250.8 2
252.0 2
253.2 2
254.4 2
255.6 2
256.8 2
258.0 2
259.2 2
260.4 2
261.6 2
262.8 2
264.0 2
265.2 2
266.4 2
267.6 2
268.8 2
270.0 2
271.2 2
272.4 2
273.6 2
274.8 2
276.0 2
277.2 2
278.4 2
279.6 2
280.8 2
282.0 2
283.2 2
284.4 2
285.6 2
286.8 2
288.0 2
289.2 2
290.4 2
291.6 2
292.8 2
294.0 2
295.2 2
296.4 2
297.6 2
298.8 2
300.0 2
301.2 2
302.4 2
303.6 2
304.8 2
306.0 2
307.2 2
308.4 2
309.6 2
310.8 2
312.0 2
313.2 2
314.4 2
315.6 2
316.8 2
318.0 2
319.2 2
320.4 2
321.6 2
322.8 2
324.0 2
325.2 2
326.4 2
327.6 2
328.8 2
330.0 2
331.2 2
332.4 2
333.6 2
334.8 2
336.0 2
337.2 2
338.4 2
339.6 2
340.8 2
342.0 2
343.2 2
344.4 2
345.6 2
346.8 2
348.0 2
349.2 2
350.4 2
351.6 2
352.8 2
354.0 2
355.2 2
356.4 2
357.6 2
358.8 2
360.0 2
361.2 2
362.4 2
363.6 2
364.8 2
366.0 2
367.2 2
368.4 2
369.6 2
370.8 2
372.0 2
373.2 2
374.4 2
375.6 2
376.8 2
378.0 2
379.2 2
380.4 2
381.6 2
382.8 2
384.0 2
385.2 2
386.4 2
387.6 2
388.8 2
390.0 2
391.2 2
392.4 2
393.6 2
394.8 2
396.0 2
397.2 2
398.4 2
399.6 2
400.8 2
402.0 2
403.2 2
404.4 2
405.6 2
406.8 2
408.0 2
409.2 2
410.4 2
411.6 2
412.8 2
414.0 2
415.2 2
416.4 2
417.6 2
418.8 2
420.0 2
421.2 2
422.4 2
423.6 2
424.8 2
426.0 2
427.2 2
428.4 2
429.6 2
430.8 2
432.0 2
433.2 2
434.4 2
435.6 2
436.8 2
438.0 2
439.2 2
440.4 2
441.6 2
442.8 2
444.0 2
445.2 2
446.4 2
447.6 2
448.8 2
450.0 2
451.2 2
452.4 2
453.6 2
454.8 2
456.0 2
457.2 2
458.4 2
459.6 2
460.8 2
462.0 2
463.2 2
464.4 2
465.6 2
466.8 2
468.0 2
469.2 2
470.4 2
471.6 2
472.8 2
474.0 2
475.2 2
476.4 2
477.6 2
478.8 2
480.0 2
481.2 2
482.4 2
483.6 2
484.8 2
486.0 2
487.2 2
488.4 2
489.6 2
490.8 2
492.0 2
493.2 2
494.4 2
495.6 2
496.8 2
498.0 2
499.2 2
500.4 2
501.6 2
502.8 2
504.0 2
505.2 2
506.4 2
507.6 2
508.8 2
510.0 2
511.2 2
512.4 2
513.6 2
514.8 2
516.0 2
517.2 2
518.4 2
519.6 2
520.8 2
522.0 2
523.2 2
524.4 2
525.6 2
526.8 2
528.0 2
529.2 2
530.4 2
531.6 2
532.8 2
534.0 2
535.2 2
536.4 2
537.6 2
538.8 2
540.0 2
541.2 2
542.4 2
543.6 2
544.8 2
546.0 2
547.2 2
548.4 2
549.6 2
550.8 2
552.0 2
553.2 2
554.4 2
555.6 2
556.8 2
558.0 2
559.2 2
560.4 2
561.6 2
562.8 2
564.0 2
565.2 2
566.4 2
567.6 2
568.8 2
570.0 2
571.2 2
572.4 2
573.6 2
574.8 2
576.0 2
577.2 2
578.4 2
579.6 2
580.8 2
582.0 2
583.2 2
584.4 2
585.6 2
586.8 2
588.0 2
589.2 2
590.4 2
591.6 2
592.8 2
594.0 2
595.2 2
596.4 2
597.6 2
598.8 2
600.0 2
601.2 2
602.4 2
603.6 2
604.8 2
606.0 2
607.2 2
608.4 2
609.6 2
610.8 2
612.0 2
613.2 2
614.4 2
615.6 2
616.8 2
618.0 2
619.2 2
620.4 2
621.6 2
622.8 2
624.0 2
625.2 2
626.4 2
627.6 2
628.8 2
630.0 2
631.2 2
632.4 2
633.6 2
634.8 2
636.0 2
637.2 2
638.4 2
639.6 2
640.8 2
642.0 2
643.2 2
644.4 2
645.6 2
646.8 2
648.0 2
649.2 2
650.4 2
651.6 2
652.8 2
654.0 2
655.2 2
656.4 2
657.6 2
658.8 2
660.0 2
661.2 2
662.4 2
663.6 2
664.8 2
666.0 2
667.2 2
668.4 2
669.6 2
670.8 2
672.0 2
673.2 2
674.4 2
675.6 2
676.8 2
678.0 2
679.2 2
680.4 2
681.6 2
682.8 2
684.0 2
685.2 2
686.4 2
687.6 2
688.8 2
690.0 2
691.2 2
692.4 2
693.6 2
694.8 2
696.0 2
697.2 2
698.4 2
699.6 2
700.8 2
702.0 2
703.2 2
704.4 2
705.6 2
706.8 2
708.0 2
709.2 2
710.4 2
711.6 2
712.8 2
714.0 2
715.2 2
716.4 2
717.6 2
718.8 2
720.0 2
721.2 2
722.4 2
723.6 2
724.8 2
726.0 2
727.2 2
728.4 2
729.6 2
730.8 2
732.0 2
733.2 2
734.4 2
735.6 2
736.8 2
738.0 2
739.2 2
740.4 2
741.6 2
742.8 2
744.0 2
745.2 2
746.4 2
747.6 2
748.8 2
750.0 2
751.2 2
752.4 2
753.6 2
754.8 2
756.0 2
757.2 2
758.4 2
759.6 2
760.8 2
762.0 2
763.2 2
764.4 2
765.6 2
766.8 2
768.0 2
769.2 2
770.4 2
771.6 2
772.8 2
774.0 2
775.2 2
776.4 2
777.6 2
778.8 2
780.0 2
781.2 2
782.4 2
783.6 2
784.8 2
786.0 2
787.2 2
788.4 2
789.6 2
790.8 2
792.0 2
793.2 2
794.4 2
795.6 2
796.8 2
798.0 2
799.2 2
800.4 2
801.6 2
802.8 2
804.0 2
805.2 2
806.4 2
807.6 2
808.8 2
810.0 2
811.2 2
812.4 2
813.6 2
814.8 2
816.0 2
817.2 2
818.4 2
819.6 2
820.8 2
822.0 2
823.2 2
824.4 2
825.6 2
826.8 2
828.0 2
829.2 2
830.4 2
831.6 2
832.8 2
834.0 2
835.2 2
836.4 2
837.6 2
838.8 2
840.0 2
841.2 2
842.4 2
843.6 2
844.8 2
846.0 2
847.2 2
848.4 2
849.6 2
850.8 2
852.0 2
853.2 2
854.4 2
855.6 2
856.8 2
858.0 2
859.2 2
860.4 2
861.6 2
862.8 2
864.0 2
865.2 2
866.4 2
867.6 2
868.8 2
870.0 2
871.2 2
872.4 2
873.6 2
874.8 2
876.0 2
877.2 2
878.4 2
879.6 2
880.8 2
882.0 2
883.2 2
884.4 2
885.6 2
886.8 2
888.0 2
889.2 2
890.4 2
891.6 2
892.8 2
894.0 2
895.2 2
896.4 2
897.6 2
898.8 2
900.0 2
901.2 2
902.4 2
903.6 2
904.8 2
906.0 2
907.2 2
908.4 2
909.6 2
910.8 2
912.0 2
913.2 2
914.4 2
915.6 2
916.8 2
918.0 2
919.2 2
920.4 2
921.6 2
922.8 2
924.0 2
925.2 2
926.4 2
927.6 2
928.8 2
930.0 2
931.2 2
932.4 2
933.6 2
934.8 2
936.0 2
937.2 2
938.4 2
939.6 2
940.8 2
942.0 2
943.2 2
944.4 2
945.6 2
946.8 2
948.0 2
949.2 2
950.4 2
951.6 2
952.8 2
954.0 2
955.2 2
956.4 2
957.6 2
958.8 2
960.0 2
961.2 2
962.4 2
963.6 2
964.8 2
966.0 2
967.2 2
968.4 2
969.6 2
970.8 2
972.0 2
973.2 2
974.4 2
975.6 2
976.8 2
978.0 2
979.2 2
980.4 2
981.6 2
982.8 2
984.0 2
985.2 2
986.4 2
987.6 2
988.8 2
990.0 2
991.2 2
992.4 2
993.6 2
994.8 2
996.0 2
997.2 2
998.4 2
999.6 2
1000.8 2
1002.0 2
1003.2 2
1004.4 2
1005.6 2
1006.8 2
1008.0 2
1009.2 2
1010.4 2
1011.6 2
1012.8 2
1014.0 2
1015.2 2
1016.4 2
1017.6 2
1018.8 2
1020.0 2
1021.2 2
1022.4 2
1023.6 2
1024.8 2
1026.0 2
1027.2 2
1028.4 2
1029.6 2
1030.8 2
1032.0 2
1033.2 2
1034.4 2
1035.6 2
1036.8 2
1038.0 2
1039.2 2
1040.4 2
1041.6 2
1042.8 2
1044.0 2
1045.2 2
1046.4 2
1047.6 2
1048.8 2
1050.0 2
1051.2 2
1052.4 2
1053.6 2
1054.8 2
1056.0 2
1057.2 2
1058.4 2
1059.6 2
1060.8 2
1062.0 2
1063.2 2
1064.4 2
1065.6 2
1066.8 2
1068.0 2
1069.2 2
1070.4 2
1071.6 2
1072.8 2
1074.0 2
1075.2 2
1076.4 2
1077.6 2
1078.8 2
1080.0 2
1081.2 2
1082.4 2
1083.6 2
1084.8 2
1086.0 2
1087.2 2
1088.4 2
1089.6 2
1090.8 2
1092.0 2
1093.2 2
1094.4 2
1095.6 2
1096.8 2
1098.0 2
1099.2 2
1100.4 2
1101.6 2
1102.8 2
1104.0 2
1105.2 2
1106.4 2
1107.6 2
1108.8 2
1110.0 2
1111.2 2
1112.4 2
1113.6 2
1114.8 2
1116.0 2
1117.2 2
1118.4 2
1119.6 2
1120.8 2
1122.0 2
1123.2 2
1124.4 2
1125.6 2
1126.8 2
1128.0 2
1129.2 2
1130.4 2
1131.6 2
1132.8 2
1134.0 2
1135.2 2
1136.4 2
1137.6 2
1138.8 2
1140.0 2
1141.2 2
1142.4 2
1143.6 2
1144.8 2
1146.0 2
1147.2 2
1148.4 2
1149.6 2
1150.8 2
1152.0 2
1153.2 2
1154.4 2
1155.6 2
1156.8 2
1158.0 2
1159.2 2
1160.4 2
1161.6 2
1162.8 2
1164.0 2
1165.2 2
1166.4 2
1167.6 2
1168.8 2
1170.0 2
1171.2 2
1172.4 2
1173.6 2
1174.8 2
1176.0 2
1177.2 2
1178.4 2
1179.6 2
1180.8 2
1182.0 2
1183.2 2
1184.4 2
1185.6 2
1186.8 2
1188.0 2
1189.2 2
1190.4 2
1191.6 2
1192.8 2
1194.0 2
1195.2 2
1196.4 2
1197.6 2
1198.8 2
1200.0 2
1201.2 2
1202.4 0
1203.6 0
1204.8 0
1206.0 0
1207.2 2
1208.4 2
1209.6 3
1210.8 3
1212.0 3
1213.2 3
1214.4 3
1215.6 3
1216.8 3
1218.0 3
1219.2 3
1220.4 3
1221.6 3
1222.8 3
1224.0 3
1225.2 3
1226.4 3
1227.6 3
1228.8 3
1230.0 3
1231.2 3
1232.4 3
1233.6 3
1234.8 3
1236.0 3
1237.2 3
1238.4 3
1239.6 3
1240.8 3
1242.0 3
1243.2 3
1244.4 3
1245.6 3
1246.8 3
1248.0 3
1249.2 3
1250.4 3
1251.6 3
1252.8 3
1254.0 3
1255.2 3
1256.4 3
1257.6 3
1258.8 3
1260.0 3
1261.2 3
1262.4 3
1263.6 3
1264.8 3
1266.0 3
1267.2 3
1268.4 3
1269.6 3
1270.8 3
1272.0 3
1273.2 3
1274.4 3
1275.6 3
1276.8 3
1278.0 3
1279.2 3
1280.4 3
1281.6 3
1282.8 3
1284.0 3
1285.2 3
1286.4 3
1287.6 3
1288.8 3
1290.0 3
1291.2 3
1292.4 3
1293.6 3
1294.8 3
1296.0 3
1297.2 3
1298.4 3
1299.6 3
1300.8 3
1302.0 3
1303.2 3
1304.4 3
1305.6 3
1306.8 3
1308.0 3
1309.2 3
1310.4 2
1311.6 2
1312.8 2
1314.0 2
1315.2 2
1316.4 2
1317.6 2
1318.8 2
1320.0 2
1321.2 2
1322.4 2
1323.6 2
1324.8 2
1326.0 2
1327.2 2
1328.4 2
1329.6 2
1330.8 2
1332.0 2
1333.2 2
1334.4 2
1335.6 2
1336.8 2
1338.0 2
1339.2 2
1340.4 2
1341.6 2
1342.8 2
1344.0 2
1345.2 2
1346.4 1
1347.6 1
1348.8 1
