0.0 4700.0
1.2 4700.0
2.4 4700.0
3.6 4745.78
4.8 4805.76
6.0 4828.14
7.2 4880.35
8.4 4940.31
9.6 4954.79
10.8 5014.73
12.0 5044.96
13.2 5104.88
14.4 5129.91
15.6 5189.81
16.8 5189.49
18.0 5224.58
19.2 5243.0
20.4 5302.85
21.6 5312.21
22.8 5372.04
24.0 5381.23
25.2 5441.04
26.4 5439.94
27.6 5447.57
28.8 5507.35
30.0 5508.64
31.2 5568.38
32.4 5572.63
33.6 5571.35
34.8 5631.06
36.0 5624.35
37.2 5684.05
38.4 5679.54
39.6 5679.03
40.8 5738.69
42.0 5733.2
43.2 5792.83
44.4 5787.15
45.6 5846.77
46.8 5831.61
48.0 5827.74
49.2 5887.33
50.4 5883.61
51.6 5943.17
52.8 5922.73
54.0 5982.28
55.2 5977.47
56.4 5980.69
57.6 6040.21
58.8 6033.37
60.0 6092.87
61.2 6076.68
62.4 6084.47
63.6 6143.95
64.8 6141.98
66.0 6201.44
67.2 6203.56
68.4 6208.67
69.6 6268.11
70.8 6267.71
72.0 6327.13
73.2 6329.76
74.4 6334.91
75.6 6394.31
76.8 6405.26
78.0 6464.65
79.2 6470.76
80.4 6484.6
81.6 6543.97
82.8 6548.94
84.0 6608.3
85.2 6624.97
86.4 6684.31
87.6 6698.88
88.8 6716.65
90.0 6775.98
91.2 6798.71
92.4 6858.02
93.6 6884.24
94.8 6914.8
96.0 6974.09
97.2 6998.8
98.4 7058.08
99.6 7090.74
100.8 7126.97
102.0 7186.23
103.2 7219.9
104.4 7279.15
105.6 7309.24
106.8 7368.48
108.0 7406.62
109.2 7444.15
110.4 7503.38
111.6 7542.67
112.8 7601.89
114.0 7646.05
115.2 7690.22
116.4 7749.42
117.6 7796.31
118.8 7855.5
120.0 7901.02
121.2 7952.89
122.4 8012.07
123.6 8070.21
124.8 8129.38
126.0 8189.02
127.2 8248.18
128.4 8313.84
129.6 8381.53
130.8 8440.68
132.0 8510.3
133.2 8569.44
134.4 8641.13
135.6 8714.79
136.8 8773.93
138.0 8851.7
139.2 8910.82
140.4 8990.78
141.6 9049.9
142.8 9130.66
144.0 9215.18
145.2 9274.29
146.4 9367.05
147.6 9426.15
148.8 9519.08
150.0 9606.89
151.2 9665.98
152.4 9767.32
153.6 9826.41
154.8 9931.81
156.0 10035.6
157.2 10094.68
158.4 10204.88
159.6 10263.95
160.8 10379.47
162.0 10438.53
163.2 10557.99
164.4 10677.24
165.6 10736.29
166.8 10858.24
168.0 10917.29
169.2 11044.65
170.4 11103.7
171.6 11233.39
172.8 11355.37
174.0 11414.41
175.2 11545.9
176.4 11680.35
177.6 11739.38
178.8 11875.45
180.0 11934.48
181.2 12072.94
182.4 12131.96
183.6 12271.31
184.8 12406.57
186.0 12465.59
187.2 12608.05
188.4 12667.06
189.6 12818.17
190.8 12952.55
192.0 13011.56
193.2 13147.57
194.4 13206.58
195.6 13333.68
196.8 13452.35
198.0 13511.35
199.2 13628.58
200.4 13687.58
201.6 13800.4
202.8 13859.39
204.0 13970.64
205.2 14074.49
206.4 14133.47
207.6 14232.6
208.8 14291.58
210.0 14387.25
211.2 14475.99
212.4 14534.97
213.6 14620.22
214.8 14679.19
216.0 14760.01
217.2 14837.73
218.4 14896.7
219.6 14971.97
220.8 15030.93
222.0 15105.87
223.2 15164.83
224.4 15235.19
225.6 15302.4
226.8 15361.36
228.0 15427.98
229.2 15486.94
230.4 15553.89
231.6 15618.32
232.8 15677.27
234.0 15742.42
235.2 15801.37
236.4 15862.68
237.6 15924.51
238.8 15983.45
240.0 16044.11
241.2 16103.06
242.4 16164.26
243.6 16223.2
244.8 16284.84
246.0 16346.7
247.2 16405.64
248.4 16465.5
249.6 16524.43
250.8 16584.36
252.0 16643.73
253.2 16702.66
254.4 16761.75
255.6 16820.68
256.8 16878.06
258.0 16937.49
259.2 16996.43
260.4 17052.24
261.6 17111.16
262.8 17169.1
264.0 17228.95
265.2 17287.87
266.4 17347.83
267.6 17406.75
268.8 17466.7
270.0 17525.62
271.2 17583.12
272.4 17641.97
273.6 17700.89
274.8 17757.81
276.0 17816.73
277.2 17873.52
278.4 17931.97
279.6 17990.88
280.8 18049.12
282.0 18108.03
283.2 18166.09
284.4 18224.86
285.6 18283.77
286.8 18340.82
288.0 18399.73
289.2 18459.04
290.4 18517.95
291.6 18577.42
292.8 18636.66
294.0 18695.56
295.2 18754.42
296.4 18813.33
297.6 18876.01
298.8 18937.38
300.0 18996.29
301.2 19058.61
302.4 19117.52
303.6 19179.3
304.8 19238.2
306.0 19296.06
307.2 19356.9
308.4 19415.8
309.6 19476.85
310.8 19535.75
312.0 19596.78
313.2 19658.87
314.4 19717.77
315.6 19781.93
316.8 19840.82
318.0 19908.46
319.2 19967.36
320.4 20031.55
321.6 20097.76
322.8 20156.66
324.0 20223.34
325.2 20291.99
326.4 20350.88
327.6 20422.07
328.8 20480.96
330.0 20552.79
331.2 20611.68
332.4 20685.8
333.6 20763.12
334.8 20822.01
336.0 20901.69
337.2 20960.58
338.4 21035.82
339.6 21106.14
340.8 21165.03
342.0 21236.71
343.2 21295.6
344.4 21363.62
345.6 21434.75
346.8 21493.64
348.0 21562.24
349.2 21621.12
350.4 21686.96
351.6 21745.85
352.8 21812.57
354.0 21876.86
355.2 21935.74
356.4 21994.81
357.6 22053.69
358.8 22115.69
360.0 22174.57
361.2 22236.54
362.4 22300.0
363.6 22358.88
364.8 22421.68
366.0 22483.38
367.2 22542.26
368.4 22602.37
369.6 22661.25
370.8 22720.53
372.0 22779.41
373.2 22838.79
374.4 22899.63
375.6 22958.51
376.8 23018.94
378.0 23077.81
379.2 23140.56
380.4 23200.55
381.6 23259.43
382.8 23322.5
384.0 23381.38
385.2 23442.19
386.4 23502.66
387.6 23561.54
388.8 23622.25
390.0 23681.12
391.2 23740.07
392.4 23798.95
393.6 23857.82
394.8 23916.69
396.0 23973.81
397.2 24038.9
398.4 24097.77
399.6 24158.5
400.8 24217.37
402.0 24279.7
403.2 24338.02
404.4 24396.89
405.6 24457.58
406.8 24516.45
408.0 24576.6
409.2 24637.51
410.4 24696.38
411.6 24758.69
412.8 24817.56
414.0 24878.96
415.2 24939.56
416.4 24998.43
417.6 25059.74
418.8 25118.61
420.0 25180.66
421.2 25242.13
422.4 25301.0
423.6 25362.44
424.8 25421.31
426.0 25483.16
427.2 25542.03
428.4 25601.33
429.6 25661.09
430.8 25719.97
432.0 25783.24
433.2 25842.11
434.4 25906.32
435.6 25971.68
436.8 26030.55
438.0 26092.47
439.2 26151.34
440.4 26212.71
441.6 26271.58
442.8 26332.7
444.0 26395.96
445.2 26454.83
446.4 26516.2
447.6 26575.07
448.8 26635.92
450.0 26699.36
451.2 26758.23
452.4 26819.94
453.6 26878.81
454.8 26939.4
456.0 27001.32
457.2 27060.19
458.4 27119.69
459.6 27178.56
460.8 27236.1
462.0 27295.87
463.2 27354.74
464.4 27415.05
465.6 27473.91
466.8 27535.85
468.0 27597.99
469.2 27656.86
470.4 27719.09
471.6 27777.96
472.8 27838.24
474.0 27897.1
475.2 27958.78
476.4 28019.95
477.6 28078.82
478.8 28139.01
480.0 28197.87
481.2 28257.9
482.4 28320.89
483.6 28379.76
484.8 28440.64
486.0 28499.51
487.2 28558.5
488.4 28617.36
489.6 28678.44
490.8 28736.03
492.0 28794.9
493.2 28852.72
494.4 28911.59
495.6 28973.09
496.8 29033.5
498.0 29092.37
499.2 29154.27
500.4 29213.13
501.6 29277.72
502.8 29339.19
504.0 29398.05
505.2 29456.68
506.4 29515.54
507.6 29575.13
508.8 29634.0
510.0 29693.54
511.2 29751.27
512.4 29810.13
513.6 29869.59
514.8 29928.46
516.0 29987.19
517.2 30047.13
518.4 30105.99
519.6 30164.98
520.8 30223.84
522.0 30284.57
523.2 30344.81
524.4 30403.67
525.6 30463.35
526.8 30522.21
528.0 30582.75
529.2 30641.61
530.4 30702.0
531.6 30761.82
532.8 30820.69
534.0 30882.93
535.2 30941.79
536.4 30998.81
537.6 31058.46
538.8 31117.32
540.0 31176.07
541.2 31234.93
542.4 31291.57
543.6 31351.4
544.8 31410.27
546.0 31471.5
547.2 31530.37
548.4 31590.05
549.6 31650.06
550.8 31708.92
552.0 31767.78
553.2 31825.07
554.4 31880.89
555.6 31939.75
556.8 32000.06
558.0 32058.21
559.2 32117.07
560.4 32177.34
561.6 32236.2
562.8 32295.39
564.0 32354.19
565.2 32413.05
566.4 32473.12
567.6 32531.98
568.8 32591.37
570.0 32650.23
571.2 32708.51
572.4 32769.6
573.6 32828.46
574.8 32887.86
576.0 32946.72
577.2 33007.92
578.4 33065.62
579.6 33124.48
580.8 33183.24
582.0 33242.1
583.2 33304.14
584.4 33362.96
585.6 33421.82
586.8 33477.36
588.0 33536.22
589.2 33594.74
590.4 33653.84
591.6 33712.71
592.8 33775.26
594.0 33834.12
595.2 33896.65
596.4 33955.51
597.6 34015.64
598.8 34076.45
600.0 34135.31
601.2 34194.45
602.4 34253.31
603.6 34311.24
604.8 34370.1
606.0 34425.87
607.2 34484.45
608.4 34543.31
609.6 34600.95
610.8 34659.82
612.0 34719.68
613.2 34777.89
614.4 34836.75
615.6 34893.28
616.8 34952.14
618.0 35012.94
619.2 35071.58
620.4 35130.45
621.6 35190.28
622.8 35249.14
624.0 35305.05
625.2 35364.14
626.4 35423.0
627.6 35484.82
628.8 35543.68
630.0 35602.76
631.2 35661.62
632.4 35720.1
633.6 35779.15
634.8 35838.01
636.0 35898.49
637.2 35957.35
638.4 36015.43
639.6 36074.29
640.8 36129.28
642.0 36188.9
643.2 36247.77
644.4 36307.13
645.6 36365.99
646.8 36423.57
648.0 36482.47
649.2 36541.33
650.4 36601.16
651.6 36660.52
652.8 36719.38
654.0 36779.55
655.2 36838.42
656.4 36898.93
657.6 36957.79
658.8 37016.42
660.0 37075.27
661.2 37131.73
662.4 37189.63
663.6 37248.49
664.8 37310.18
666.0 37367.7
667.2 37426.56
668.4 37483.96
669.6 37542.82
670.8 37600.94
672.0 37659.8
673.2 37715.29
674.4 37772.82
675.6 37831.68
676.8 37890.64
678.0 37949.5
679.2 38007.98
680.4 38069.3
681.6 38128.16
682.8 38187.01
684.0 38245.87
685.2 38300.42
686.4 38363.78
687.6 38422.64
688.8 38481.61
690.0 38540.47
691.2 38598.71
692.4 38657.57
693.6 38715.33
694.8 38771.92
696.0 38830.78
697.2 38889.38
698.4 38948.24
699.6 39006.37
700.8 39068.53
702.0 39127.39
703.2 39183.02
704.4 39241.88
705.6 39300.64
706.8 39359.82
708.0 39418.68
709.2 39478.47
710.4 39537.33
711.6 39595.48
712.8 39657.88
714.0 39716.74
715.2 39777.47
716.4 39836.33
717.6 39892.91
718.8 39951.77
720.0 40011.56
721.2 40069.78
722.4 40128.65
723.6 40187.84
724.8 40246.7
726.0 40308.34
727.2 40367.54
728.4 40426.4
729.6 40484.85
730.8 40543.71
732.0 40603.71
733.2 40662.56
734.4 40718.5
735.6 40776.48
736.8 40835.34
738.0 40894.65
739.2 40953.51
740.4 41011.36
741.6 41070.53
742.8 41129.39
744.0 41192.24
745.2 41251.1
746.4 41308.12
747.6 41367.42
748.8 41426.29
750.0 41486.17
751.2 41545.03
752.4 41604.54
753.6 41663.4
754.8 41721.62
756.0 41780.8
757.2 41839.66
758.4 41900.12
759.6 41958.98
760.8 42014.47
762.0 42071.74
763.2 42130.6
764.4 42189.2
765.6 42248.06
766.8 42308.3
768.0 42365.36
769.2 42424.22
770.4 42481.87
771.6 42540.73
772.8 42596.85
774.0 42655.71
775.2 42717.06
776.4 42778.88
777.6 42837.75
778.8 42895.31
780.0 42954.17
781.2 43013.15
782.4 43071.55
783.6 43130.42
784.8 43189.53
786.0 43248.39
787.2 43308.09
788.4 43366.02
789.6 43424.89
790.8 43481.52
792.0 43540.38
793.2 43598.68
794.4 43657.54
795.6 43716.1
796.8 43774.77
798.0 43833.63
799.2 43892.18
800.4 43951.04
801.6 44013.16
802.8 44077.76
804.0 44136.68
805.2 44198.86
806.4 44257.88
807.6 44323.08
808.8 44391.25
810.0 44450.53
811.2 44518.6
812.4 44578.07
813.6 44648.67
814.8 44717.54
816.0 44777.34
817.2 44847.06
818.4 44907.09
819.6 44977.26
820.8 45037.52
822.0 45108.28
823.2 45178.03
824.4 45238.66
825.6 45308.09
826.8 45368.96
828.0 45439.01
829.2 45508.26
830.4 45569.49
831.6 45639.62
832.8 45701.07
834.0 45771.65
835.2 45833.33
836.4 45901.93
837.6 45969.65
838.8 46031.68
840.0 46101.23
841.2 46163.47
842.4 46232.83
843.6 46302.85
844.8 46365.42
846.0 46435.95
847.2 46498.72
848.4 46568.84
849.6 46631.81
850.8 46699.79
852.0 46770.67
853.2 46833.94
854.4 46905.37
855.6 46968.83
856.8 47038.48
858.0 47106.97
859.2 47170.71
860.4 47240.66
861.6 47304.58
862.8 47375.92
864.0 47445.11
865.2 47509.28
866.4 47578.62
867.6 47642.95
868.8 47712.56
870.0 47784.74
871.2 47849.33
872.4 47919.15
873.6 47983.89
874.8 48051.97
876.0 48123.28
877.2 48188.25
878.4 48258.31
879.6 48323.42
880.8 48393.17
882.0 48458.42
883.2 48526.76
884.4 48593.88
885.6 48659.34
886.8 48727.4
888.0 48792.99
889.2 48861.57
890.4 48927.28
891.6 48995.99
892.8 49063.75
894.0 49129.66
895.2 49196.68
896.4 49262.71
897.6 49329.31
898.8 49397.96
900.0 49464.17
901.2 49530.37
902.4 49596.68
903.6 49662.99
904.8 49730.81
906.0 49797.29
907.2 49862.15
908.4 49928.73
909.6 49988.38
910.8 50054.38
912.0 50121.12
913.2 50186.77
914.4 50253.6
915.6 50317.79
916.8 50384.71
918.0 50448.33
919.2 50510.6
920.4 50577.66
921.6 50643.28
922.8 50710.44
924.0 50775.65
925.2 50842.41
926.4 50909.7
927.6 50975.92
928.8 51043.29
930.0 51107.88
931.2 51173.0
932.4 51240.49
933.6 51306.53
934.8 51374.1
936.0 51437.6
937.2 51505.24
938.4 51569.5
939.6 51634.41
940.8 51702.17
942.0 51762.2
943.2 51830.02
944.4 51893.43
945.6 51956.8
946.8 52024.73
948.0 52089.74
949.2 52157.74
950.4 52228.79
951.6 52296.84
952.8 52356.11
954.0 52420.43
955.2 52488.58
956.4 52552.98
957.6 52621.19
958.8 52682.36
960.0 52748.49
961.2 52816.79
962.4 52879.47
963.6 52947.82
964.8 53006.6
966.0 53068.6
967.2 53137.04
968.4 53200.09
969.6 53268.58
970.8 53331.24
972.0 53392.47
973.2 53461.04
974.4 53522.05
975.6 53590.67
976.8 53651.24
978.0 53714.84
979.2 53783.53
980.4 53842.55
981.6 53911.29
982.8 53976.62
984.0 54045.4
985.2 54109.12
986.4 54169.28
987.6 54238.13
988.8 54300.95
990.0 54369.83
991.2 54429.39
992.4 54493.54
993.6 54562.49
994.8 54625.03
996.0 54694.02
997.2 54754.0
998.4 54823.02
999.6 54886.05
1000.8 54947.11
1002.0 55016.19
1003.2 55078.2
1004.4 55147.31
1005.6 55211.87
1006.8 55271.7
1008.0 55340.86
1009.2 55399.97
1010.4 55469.17
1011.6 55531.85
1012.8 55593.03
1014.0 55662.28
1015.2 55723.8
1016.4 55793.07
1017.6 55857.11
1018.8 55926.41
1020.0 55988.55
1021.2 56053.22
1022.4 56122.57
1023.6 56186.13
1024.8 56255.51
1026.0 56316.58
1027.2 56378.93
1028.4 56448.35
1029.6 56508.79
1030.8 56578.24
1032.0 56641.51
1033.2 56703.77
1034.4 56773.25
1035.6 56836.52
1036.8 56906.02
1038.0 56966.58
1039.2 57036.11
1040.4 57100.11
1041.6 57163.25
1042.8 57232.81
1044.0 57291.4
1045.2 57360.98
1046.4 57421.41
1047.6 57484.8
1048.8 57554.42
1050.0 57621.41
1051.2 57691.05
1052.4 57753.85
1053.6 57823.51
1054.8 57885.0
1056.0 57949.42
1057.2 58019.11
1058.4 58084.41
1059.6 58148.1
1060.8 58217.82
1062.0 58281.94
1063.2 58351.67
1064.4 58413.79
1065.6 58483.54
1066.8 58547.11
1068.0 58611.23
1069.2 58681.01
1070.4 58744.92
1071.6 58814.72
1072.8 58880.54
1074.0 58946.63
1075.2 59016.45
1076.4 59081.14
1077.6 59150.97
1078.8 59216.13
1080.0 59285.98
1081.2 59344.71
1082.4 59411.21
1083.6 59481.09
1084.8 59550.59
1086.0 59620.48
1087.2 59687.57
1088.4 59754.39
1089.6 59824.3
1090.8 59890.56
1092.0 59960.48
1093.2 60027.44
1094.4 60095.31
1095.6 60165.25
1096.8 60231.67
1098.0 60301.62
1099.2 60365.08
1100.4 60432.52
1101.6 60502.49
1102.8 60567.79
1104.0 60637.77
1105.2 60704.37
1106.4 60774.36
1107.6 60837.35
1108.8 60906.07
1110.0 60976.07
1111.2 61044.37
1112.4 61114.38
1113.6 61179.52
1114.8 61246.25
1116.0 61316.28
1117.2 61379.75
1118.4 61449.79
1119.6 61520.62
1120.8 61590.67
1122.0 61662.22
1123.2 61730.25
1124.4 61800.32
1125.6 61868.54
1126.8 61938.61
1128.0 62007.3
1129.2 62077.38
1130.4 62142.61
1131.6 62210.91
1132.8 62281.0
1134.0 62345.88
1135.2 62413.86
1136.4 62483.97
1137.6 62552.72
1138.8 62622.84
1140.0 62691.04
1141.2 62761.16
1142.4 62828.9
1143.6 62899.35
1144.8 62969.48
1146.0 63036.78
1147.2 63106.92
1148.4 63179.95
1149.6 63248.0
1150.8 63318.15
1152.0 63385.2
1153.2 63455.36
1154.4 63525.96
1155.6 63596.12
1156.8 63663.57
1158.0 63736.07
1159.2 63806.25
1160.4 63869.91
1161.6 63941.82
1162.8 64012.0
1164.0 64082.96
1165.2 64153.15
1166.4 64221.74
1167.6 64291.93
1168.8 64360.8
1170.0 64433.2
1171.2 64503.4
1172.4 64573.82
1173.6 64644.03
1174.8 64716.4
1176.0 64786.61
1177.2 64853.33
1178.4 64922.1
1179.6 64992.32
1180.8 65063.29
1182.0 65132.03
1183.2 65202.26
1184.4 65270.0
1185.6 65340.24
1186.8 65409.08
1188.0 65479.31
1189.2 65545.48
1190.4 65614.97
1191.6 65685.21
1192.8 65751.93
1194.0 65822.18
1195.2 65891.57
1196.4 65961.81
1197.6 66029.88
1198.8 66098.7
1200.0 66168.96
1201.2 66240.35
1202.4 66308.68
1203.6 66378.94
1204.8 66446.89
1206.0 66517.16
1207.2 66583.07
1208.4 66653.34
1209.6 66722.13
1210.8 66793.73
1212.0 66864.01
1213.2 66933.93
1214.4 67004.2
1215.6 67070.8
1216.8 67144.38
1218.0 67214.67
1219.2 67284.31
1220.4 67354.59
1221.6 67425.16
1222.8 67495.95
1224.0 67566.24
1225.2 67636.49
1226.4 67706.79
1227.6 67777.88
1228.8 67848.17
1230.0 67921.26
1231.2 67992.33
1232.4 68062.62
1233.6 68131.4
1234.8 68201.7
1236.0 68273.83
1237.2 68344.13
1238.4 68415.78
1239.6 68487.66
1240.8 68557.97
1242.0 68631.28
1243.2 68701.59
1244.4 68773.4
1245.6 68845.49
1246.8 68915.8
1248.0 68991.97
1249.2 69062.29
1250.4 69137.36
1251.6 69207.67
1252.8 69275.44
1254.0 69346.84
1255.2 69417.16
1256.4 69492.77
1257.6 69564.5
1258.8 69634.83
1260.0 69707.62
1261.2 69777.95
1262.4 69850.71
1263.6 69921.03
1264.8 69994.48
1266.0 70064.81
1267.2 70133.13
1268.4 70206.21
1269.6 70276.54
1270.8 70350.03
1272.0 70421.29
1273.2 70491.63
1274.4 70567.73
1275.6 70638.07
1276.8 70710.75
1278.0 70785.5
1279.2 70855.84
1280.4 70928.78
1281.6 70999.12
1282.8 71073.68
1284.0 71147.74
1285.2 71218.08
1286.4 71292.96
1287.6 71363.31
1288.8 71434.8
1290.0 71505.14
1291.2 71578.59
1292.4 71657.25
1293.6 71727.6
1294.8 71800.0
1296.0 71870.34
1297.2 71941.91
1298.4 72016.32
1299.6 72086.67
1300.8 72159.26
1302.0 72229.61
1303.2 72303.34
1304.4 72373.69
1305.6 72446.35
1306.8 72525.94
1308.0 72596.29
1309.2 72669.49
1310.4 72739.84
1311.6 72809.23
1312.8 72883.37
1314.0 72953.72
1315.2 73029.05
1316.4 73099.4
1317.6 73172.72
1318.8 73247.52
1320.0 73317.88
1321.2 73386.74
1322.4 73457.1
1323.6 73529.65
1324.8 73600.01
1326.0 73672.2
1327.2 73743.26
1328.4 73813.62
1329.6 73888.55
1330.8 73958.91
1332.0 74030.86
1333.2 74104.31
1334.4 74174.68
1335.6 74250.52
1336.8 74320.88
1338.0 74395.91
1339.2 74467.98
1340.4 74538.35
1341.6 74611.07
1342.8 74681.44
1344.0 74752.15
1345.2 74827.46
1346.4 74897.84
1347.6 74970.85
1348.8 75041.22
1350.0 75114.48
1351.2 75184.84
1352.4 75262.44
1353.6 75336.16
1354.8 75406.53
1356.0 75480.05
1357.2 75550.42
1358.4 75622.74
1359.6 75694.59
1360.8 75764.96
1362.0 75843.28
1363.2 75913.65
1364.4 75987.08
1365.6 76057.45
1366.8 76127.67
1368.0 76202.31
1369.2 76272.68
1370.4 76344.07
1371.6 76414.45
1372.8 76487.4
1374.0 76559.42
1375.2 76629.8
1376.4 76701.48
1377.6 76771.85
1378.8 76844.58
1380.0 76917.48
1381.2 76987.86
1382.4 77060.47
1383.6 77130.85
1384.8 77204.95
1386.0 77275.32
1387.2 77345.58
1388.4 77414.79
1389.6 77485.17
1390.8 77557.5
1392.0 77627.88
1393.2 77699.35
1394.4 77771.41
1395.6 77841.79
1396.8 77913.61
1398.0 77983.99
1399.2 78056.92
1400.4 78129.37
1401.6 78199.75
1402.8 78269.42
1404.0 78339.8
1405.2 78411.41
1406.4 78481.79
1407.6 78554.14
1408.8 78625.91
1410.0 78696.29
1411.2 78767.8
1412.4 78838.18
1413.6 78906.25
1414.8 78977.0
1416.0 79047.39
1417.2 79117.47
1418.4 79187.85
1419.6 79260.55
1420.8 79330.92
1422.0 79401.31
1423.2 79474.09
1424.4 79544.47
1425.6 79615.64
1426.8 79686.03
1428.0 79757.68
1429.2 79829.87
1430.4 79900.26
1431.6 79971.53
1432.8 80041.91
1434.0 80111.02
1435.2 80182.34
1436.4 80252.72
1437.6 80317.04
1438.8 80387.42
1440.0 80457.82
1441.2 80527.6
1442.4 80597.98
1443.6 80671.12
1444.8 80741.5
1446.0 80812.41
1447.2 80882.79
1448.4 80954.7
1449.6 81024.42
1450.8 81094.81
1452.0 81167.59
1453.2 81237.98
1454.4 81311.1
1455.6 81382.57
1456.8 81452.96
1458.0 81525.02
1459.2 81595.41
1460.4 81664.05
1461.6 81735.56
1462.8 81805.95
1464.0 81875.94
1465.2 81946.33
1466.4 82017.68
1467.6 82089.44
1468.8 82159.83
1470.0 82231.18
1471.2 82301.57
1472.4 82370.59
1473.6 82440.98
1474.8 82511.56
1476.0 82582.07
1477.2 82652.47
1478.4 82728.66
1479.6 82799.05
1480.8 82868.71
1482.0 82939.89
1483.2 83010.28
1484.4 83079.46
1485.6 83149.85
1486.8 83218.45
1488.0 83288.84
1489.2 83360.82
1490.4 83432.77
1491.6 83503.16
1492.8 83573.84
1494.0 83644.23
1495.2 83716.02
1496.4 83786.38
1497.6 83856.78
1498.8 83921.47
1500.0 83991.86
1501.2 84064.3
1502.4 84134.35
1503.6 84204.74
1504.8 84275.77
1506.0 84346.16
1507.2 84416.62
1508.4 84487.07
1509.6 84557.47
1510.8 84626.49
1512.0 84696.89
1513.2 84768.31
1514.4 84838.7
1515.6 84909.84
1516.8 84978.29
1518.0 85048.68
1519.2 85119.53
1520.4 85189.92
1521.6 85258.98
1522.8 85328.27
1524.0 85398.66
1525.2 85467.37
1526.4 85537.77
1527.6 85609.04
1528.8 85679.42
1530.0 85749.85
1531.2 85820.26
1532.4 85890.66
1533.6 85960.8
1534.8 86031.19
1536.0 86101.74
1537.2 86170.46
1538.4 86240.85
1539.6 86317.63
1540.8 86388.02
1542.0 86458.85
1543.2 86529.52
1544.4 86599.91
1545.6 86670.15
1546.8 86740.54
1548.0 86807.64
1549.2 86877.86
1550.4 86948.26
1551.6 87019.18
1552.8 87089.57
1554.0 87160.92
1555.2 87231.31
1556.4 87302.79
1557.6 87372.7
1558.8 87443.09
1560.0 87513.01
1561.2 87583.4
1562.4 87656.0
1563.6 87726.88
1564.8 87797.28
1566.0 87870.01
1567.2 87940.4
1568.4 88011.98
1569.6 88082.37
1570.8 88152.52
1572.0 88221.1
1573.2 88291.5
1574.4 88360.36
1575.6 88430.75
1576.8 88499.89
1578.0 88571.59
1579.2 88641.98
1580.4 88711.69
1581.6 88782.09
1582.8 88850.39
1584.0 88920.67
1585.2 88991.06
1586.4 89060.63
1587.6 89131.02
1588.8 89203.16
1590.0 89273.56
1591.2 89342.86
1592.4 89414.14
1593.6 89484.53
1594.8 89551.14
1596.0 89621.54
1597.2 89691.28
1598.4 89763.29
1599.6 89833.68
1600.8 89904.42
1602.0 89974.82
1603.2 90007.96
1604.4 90050.4
1605.6 90120.52
1606.8 90163.58
1608.0 90233.4
1609.2 90276.57
1610.4 90322.28
1611.6 90391.54
1612.8 90460.59
1614.0 90506.29
1615.2 90555.27
1616.4 90623.66
1617.6 90673.63
1618.8 90727.18
1620.0 90794.87
1621.2 90850.34
1622.4 90917.55
1623.6 90976.59
1624.8 91035.99
1626.0 91102.49
1627.2 91164.41
1628.4 91230.41
1629.6 91295.88
1630.8 91361.41
1632.0 91429.47
1633.2 91497.26
1634.4 91562.1
1635.6 91637.91
1636.8 91702.29
1638.0 91771.78
1639.2 91848.5
1640.4 91912.22
1641.6 91989.82
1642.8 92053.1
1644.0 92132.41
1645.2 92211.52
1646.4 92274.19
1647.6 92354.95
1648.8 92417.2
1650.0 92503.97
1651.2 92586.87
1652.4 92648.54
1653.6 92740.02
1654.8 92801.3
1656.0 92889.82
1657.2 92950.72
1658.4 93040.85
1659.6 93134.0
1660.8 93194.37
1662.0 93285.43
1663.2 93345.45
1664.4 93437.78
1665.6 93532.61
1666.8 93592.13
1668.0 93682.46
1669.2 93741.64
1670.4 93828.11
1671.6 93912.32
1672.8 93971.04
1674.0 94052.2
1675.2 94110.61
1676.4 94187.79
1677.6 94245.9
1678.8 94319.93
1680.0 94377.74
1681.2 94449.47
1682.4 94517.12
1683.6 94574.53
1684.8 94644.75
1686.0 94712.96
1687.2 94769.97
1688.4 94836.74
1689.6 94893.49
1690.8 94955.64
1692.0 95019.26
1693.2 95075.63
1694.4 95139.3
1695.6 95195.42
1696.8 95257.07
1698.0 95312.96
1699.2 95372.7
1700.4 95431.78
1701.6 95487.33
1702.8 95546.73
1704.0 95602.06
1705.2 95660.0
1706.4 95716.16
1707.6 95771.17
1708.8 95825.88
1710.0 95880.68
1711.2 95934.34
1712.4 95988.93
1713.6 96043.19
1714.8 96096.64
1716.0 96150.95
1717.2 96203.82
1718.4 96257.93
1719.6 96312.29
1720.8 96366.22
1722.0 96418.5
1723.2 96468.89
1724.4 96522.56
1725.6 96572.4
1726.8 96623.06
1728.0 96676.48
1729.2 96728.07
1730.4 96781.33
1731.6 96830.76
1732.8 96878.92
1734.0 96931.94
1735.2 96980.11
1736.4 97032.97
1737.6 97077.67
1738.8 97130.38
1740.0 97177.12
1741.2 97224.34
1742.4 97276.84
1743.6 97323.0
1744.8 97375.36
1746.0 97421.85
1747.2 97467.72
1748.4 97519.88
1749.6 97567.8
1750.8 97619.82
1752.0 97663.73
1753.2 97711.06
1754.4 97762.9
1755.6 97808.4
1756.8 97860.11
1758.0 97902.26
1759.2 97953.85
1760.4 97999.01
1761.6 98047.14
1762.8 98098.56
1764.0 98144.27
1765.2 98195.59
1766.4 98240.45
1767.6 98291.65
1768.8 98333.77
1770.0 98377.93
1771.2 98428.97
1772.4 98470.26
1773.6 98521.21
1774.8 98564.87
1776.0 98610.34
1777.2 98661.14
1778.4 98707.36
1779.6 98758.07
1780.8 98801.48
1782.0 98844.35
1783.2 98894.93
1784.4 98939.75
1785.6 98990.23
1786.8 99034.66
1788.0 99079.63
1789.2 99129.99
1790.4 99174.59
1791.6 99224.86
1792.8 99270.88
1794.0 99315.39
1795.2 99365.55
1796.4 99409.93
1797.6 99460.0
1798.8 99507.39
1800.0 99557.39
1801.2 99600.9
1802.4 99645.23
1803.6 99695.12
1804.8 99740.3
1806.0 99790.12
1807.2 99835.75
1808.4 99881.85
1809.6 99931.57
1810.8 99978.07
1812.0 100027.73
1813.2 100074.51
1814.4 100124.1
1815.6 100168.57
1816.8 100213.33
1818.0 100262.83
1819.2 100305.9
1820.4 100355.34
1821.6 100402.97
1822.8 100450.82
1824.0 100500.18
1825.2 100543.66
1826.4 100592.96
1827.6 100639.6
1828.8 100684.87
1830.0 100734.09
1831.2 100781.05
1832.4 100830.21
1833.6 100876.94
1834.8 100924.71
1836.0 100973.79
1837.2 101022.03
1838.4 101071.07
1839.6 101118.41
1840.8 101167.4
1842.0 101216.58
1843.2 101265.2
1844.4 101314.12
1845.6 101361.67
1846.8 101410.55
1848.0 101457.61
1849.2 101506.79
1850.4 101555.61
1851.6 101605.14
1852.8 101653.91
1854.0 101704.42
1855.2 101755.09
1856.4 101803.81
1857.6 101851.37
1858.8 101900.04
1860.0 101951.09
1861.2 101999.72
1862.4 102049.15
1863.6 102098.42
1864.8 102147.0
1866.0 102198.77
1867.2 102247.31
1868.4 102297.0
1869.6 102346.24
1870.8 102394.74
1872.0 102443.29
1873.2 102491.75
1874.4 102540.84
1875.6 102589.92
1876.8 102638.34
1878.0 102687.64
1879.2 102736.03
1880.4 102785.68
1881.6 102834.03
1882.8 102880.93
1884.0 102930.29
1885.2 102978.6
1886.4 103026.13
1887.6 103074.41
1888.8 103123.71
1890.0 103171.96
1891.2 103219.66
1892.4 103269.43
1893.6 103317.65
1894.8 103367.4
1896.0 103416.76
1897.2 103464.94
1898.4 103516.79
1899.6 103564.94
1900.8 103615.21
1902.0 103663.34
1903.2 103713.21
1904.4 103762.22
1905.6 103810.31
1906.8 103860.59
1908.0 103908.66
1909.2 103958.17
1910.4 104008.95
1911.6 104056.99
1912.8 104109.19
1914.0 104157.21
1915.2 104206.47
1916.4 104254.47
1917.6 104304.35
1918.8 104353.92
1920.0 104401.89
1921.2 104449.85
1922.4 104493.29
1923.6 104544.48
1924.8 104593.82
1926.0 104641.74
1927.2 104693.92
1928.4 104741.83
1929.6 104792.44
1930.8 104842.31
1932.0 104890.19
1933.2 104939.53
1934.4 104987.39
1935.6 105034.71
1936.8 105082.55
1938.0 105131.77
1939.2 105182.32
1940.4 105230.14
1941.6 105279.09
1942.8 105326.9
1944.0 105374.43
1945.2 105422.22
1946.4 105469.33
1947.6 105518.31
1948.8 105566.08
1950.0 105615.58
1951.2 105663.33
1952.4 105709.19
1953.6 105757.07
1954.8 105804.81
1956.0 105853.46
1957.2 105901.18
1958.4 105948.54
1959.6 105996.8
1960.8 106044.5
1962.0 106101.05
1963.2 106148.74
1964.4 106197.48
1965.6 106245.01
1966.8 106292.68
1968.0 106341.4
1969.2 106389.06
1970.4 106438.29
1971.6 106487.97
1972.8 106535.62
1974.0 106584.29
1975.2 106631.92
1976.4 106682.81
1977.6 106731.97
1978.8 106779.6
1980.0 106828.2
1981.2 106875.81
1982.4 106925.31
1983.6 106972.91
1984.8 107023.82
1986.0 107074.85
1987.2 107122.43
1988.4 107170.82
1989.6 107218.4
1990.8 107266.64
1992.0 107314.21
1993.2 107363.01
1994.4 107411.43
1995.6 107458.99
1996.8 107507.18
1998.0 107554.73
1999.2 107604.8
2000.4 107653.38
2001.6 107700.91
2002.8 107749.69
2004.0 107797.22
2005.2 107845.0
2006.4 107895.37
2007.6 107942.88
2008.8 107990.96
2010.0 108038.47
2011.2 108086.93
2012.4 108134.14
2013.6 108181.64
2014.8 108230.0
2016.0 108277.49
2017.2 108325.53
2018.4 108373.02
2019.6 108420.41
2020.8 108465.7
2022.0 108513.18
2023.2 108560.43
2024.4 108607.9
2025.6 108655.75
2026.8 108703.21
2028.0 108748.37
2029.2 108795.2
2030.4 108842.66
2031.6 108886.64
2032.8 108934.09
2034.0 108983.13
2035.2 109031.99
2036.4 109079.43
2037.6 109126.51
2038.8 109173.95
2040.0 109220.58
2041.2 109268.52
2042.4 109315.95
2043.6 109363.23
2044.8 109410.65
2046.0 109459.0
2047.2 109506.97
2048.4 109554.39
2049.6 109601.96
2050.8 109649.37
2052.0 109694.67
2053.2 109743.29
2054.4 109790.7
2055.6 109838.3
2056.8 109885.7
2058.0 109933.48
2059.2 109981.59
2060.4 110028.99
2061.6 110077.12
2062.8 110124.52
2064.0 110171.18
2065.2 110218.57
2066.4 110266.45
2067.6 110315.55
2068.8 110362.94
2070.0 110410.6
2071.2 110457.98
2072.4 110510.01
2073.6 110557.93
2074.8 110605.31
2076.0 110651.68
2077.2 110699.06
2078.4 110746.95
2079.6 110794.31
2080.8 110840.86
2082.0 110884.84
2083.2 110932.2
2084.4 110979.96
2085.6 111027.32
2086.8 111072.58
2088.0 111119.66
2089.2 111167.02
2090.4 111213.71
2091.6 111261.07
2092.8 111310.89
2094.0 111357.38
2095.2 111404.73
2096.4 111450.51
2097.6 111497.86
2098.8 111543.67
2100.0 111591.01
2101.2 111636.23
2102.4 111685.74
2103.6 111733.08
2104.8 111781.06
2106.0 111828.4
2107.2 111873.61
2108.4 111920.99
2109.6 111968.33
2110.8 112016.39
2112.0 112063.72
2113.2 112110.44
2114.4 112159.07
2115.6 112206.4
2116.8 112253.59
2118.0 112300.92
2119.2 112348.4
2120.4 112395.72
2121.6 112444.24
2122.8 112494.35
2124.0 112541.68
2125.2 112585.53
2126.4 112632.85
2127.6 112681.27
2128.8 112728.36
2130.0 112775.68
2131.2 112823.43
2132.4 112870.75
2133.6 112918.12
2134.8 112966.25
2136.0 113013.56
2137.2 113061.3
2138.4 113108.62
2139.6 113156.44
2140.8 113203.75
2142.0 113251.88
2143.2 113298.3
2144.4 113345.6
2145.6 113389.93
2146.8 113437.23
2148.0 113486.7
2149.2 113533.02
2150.4 113580.32
2151.6 113626.84
2152.8 113674.14
2154.0 113721.7
2155.2 113768.6
2156.4 113815.9
2157.6 113863.37
2158.8 113910.67
2160.0 113956.61
2161.2 114003.91
2162.4 114050.12
2163.6 114097.03
2164.8 114144.32
2166.0 114195.14
2167.2 114242.43
2168.4 114289.33
2169.6 114336.91
2170.8 114384.2
2172.0 114431.77
2173.2 114479.06
2174.4 114526.36
2175.6 114573.46
2176.8 114620.75
2178.0 114667.58
2179.2 114714.86
2180.4 114762.54
2181.6 114809.83
2182.8 114856.94
2184.0 114905.1
2185.2 114952.38
2186.4 115002.23
2187.6 115049.52
2188.8 115096.44
2190.0 115143.46
2191.2 115190.75
2192.4 115238.91
2193.6 115286.19
2194.8 115333.88
2196.0 115381.38
2197.2 115428.66
2198.4 115476.26
2199.6 115523.54
2200.8 115572.38
2202.0 115619.65
2203.2 115667.15
2204.4 115714.47
2205.6 115761.75
2206.8 115808.96
2208.0 115856.24
2209.2 115903.17
2210.4 115949.55
2211.6 115996.82
2212.8 116044.14
2214.0 116091.41
2215.2 116138.35
2216.4 116185.76
2217.6 116233.03
2218.8 116281.39
2220.0 116328.67
2221.2 116375.99
2222.4 116423.26
2223.6 116471.53
2224.8 116518.45
2226.0 116565.72
2227.2 116613.22
2228.4 116660.5
2229.6 116706.77
2230.8 116753.99
2232.0 116801.26
2233.2 116847.44
2234.4 116894.71
2235.6 116940.98
2236.8 116988.25
2238.0 117033.76
2239.2 117079.93
2240.4 117127.2
2241.6 117173.29
2242.8 117220.55
2244.0 117268.82
2245.2 117316.79
2246.4 117364.06
2247.6 117409.87
2248.8 117457.13
2250.0 117505.59
2251.2 117552.85
2252.4 117597.89
2253.6 117644.92
2254.8 117692.18
2256.0 117737.41
2257.2 117784.16
2258.4 117831.42
2259.6 117877.32
2260.8 117924.58
2262.0 117970.47
2263.2 118018.16
2264.4 118065.43
2265.6 118109.43
2266.8 118156.69
2268.0 118202.49
2269.2 118249.76
2270.4 118297.93
2271.6 118345.44
2272.8 118392.7
2274.0 118440.97
2275.2 118488.23
2276.4 118536.79
2277.6 118585.64
2278.8 118632.9
2280.0 118680.51
2281.2 118727.77
2282.4 118775.95
2283.6 118823.21
2284.8 118866.17
2286.0 118912.35
2287.2 118959.61
2288.4 119008.63
2289.6 119055.89
2290.8 119103.41
2292.0 119153.4
2293.2 119200.66
2294.4 119247.03
2295.6 119294.28
2296.8 119343.98
2298.0 119391.24
2299.2 119436.67
2300.4 119483.6
2301.6 119530.86
2302.8 119533.13
2304.0 119545.51
2305.2 119592.29
2306.4 119604.88
2307.6 119651.08
2308.8 119664.08
2310.0 119709.57
2311.2 119722.17
2312.4 119736.54
2313.6 119780.81
2314.8 119795.67
2316.0 119839.03
2317.2 119857.52
2318.4 119899.94
2319.6 119921.37
2320.8 119943.85
2322.0 119984.85
2323.2 120009.21
2324.4 120036.67
2325.6 120076.25
2326.8 120103.99
2328.0 120142.59
2329.2 120171.36
2330.4 120208.99
2331.6 120237.57
2332.8 120267.98
2334.0 120304.23
2335.2 120338.45
2336.4 120373.77
2337.6 120406.56
2338.8 120443.41
2340.0 120477.41
2341.2 120513.98
2342.4 120547.09
2343.6 120585.47
2344.8 120617.72
2346.0 120660.01
2347.2 120700.02
2348.4 120731.04
2349.6 120782.59
2350.8 120812.8
2352.0 120873.47
2353.2 120949.5
2354.4 120978.57
2355.6 121056.94
2356.8 121085.23
2358.0 121170.72
2359.2 121256.06
2360.4 121283.28
2361.6 121360.95
2362.8 121387.44
2364.0 121462.06
2365.2 121487.86
2366.4 121558.05
2367.6 121623.38
2368.8 121648.2
2370.0 121712.3
2371.2 121736.46
2372.4 121796.73
2373.6 121853.25
2374.8 121876.49
2376.0 121931.6
2377.2 121954.22
2378.4 121998.98
2379.6 122040.1
2380.8 122061.86
2382.0 122100.88
2383.2 122122.06
2384.4 122153.96
2385.6 122175.0
2386.8 122195.37
2388.0 122215.49
2389.2 122235.33
2390.4 122254.99
2391.6 122274.3
2392.8 122293.48
2394.0 122312.35
2395.2 122330.92
2396.4 122349.23
2397.6 122367.31
2398.8 122385.04
2400.0 122402.77
2401.2 122420.16
2402.4 122437.26
2403.6 122454.19
2404.8 122470.94
2406.0 122487.42
2407.2 122498.81
2408.4 122514.83
2409.6 122530.69
2410.8 122546.32
2412.0 122561.76
2413.2 122577.03
2414.4 122592.06
2415.6 122606.67
2416.8 122621.57
2418.0 122636.03
2419.2 122650.37
2420.4 122664.5
2421.6 122678.4
2422.8 122692.19
2424.0 122705.73
2425.2 122719.19
2426.4 122732.37
2427.6 122745.25
2428.8 122758.15
2430.0 122770.83
2431.2 122783.35
2432.4 122795.7
2433.6 122807.93
2434.8 122820.06
2436.0 122831.93
2437.2 122843.77
2438.4 122855.33
2439.6 122867.01
2440.8 122878.23
2442.0 122889.35
2443.2 122900.54
2444.4 122911.37
2445.6 122922.18
2446.8 122932.72
2448.0 122942.89
2449.2 122953.12
2450.4 122963.26
2451.6 122973.39
2452.8 122983.26
2454.0 122992.79
2455.2 123002.8
2456.4 123012.29
2457.6 123021.72
2458.8 123030.96
2460.0 123040.1
2461.2 123049.05
2462.4 123057.94
2463.6 123066.58
2464.8 123075.24
2466.0 123083.67
2467.2 123092.1
2468.4 123100.6
2469.6 123108.93
2470.8 123117.04
2472.0 123125.1
2473.2 123133.0
2474.4 123140.79
2475.6 123148.27
2476.8 123155.87
2478.0 123162.77
2479.2 123170.16
2480.4 123177.35
2481.6 123184.37
2482.8 123191.49
2484.0 123198.28
2485.2 123205.21
2486.4 123211.82
2487.6 123218.56
2488.8 123225.54
2490.0 123232.21
2491.2 123238.69
2492.4 123244.97
2493.6 123251.29
2494.8 123257.71
2496.0 123263.84
2497.2 123269.92
2498.4 123275.87
2499.6 123281.78
2500.8 123287.62
2502.0 123293.47
2503.2 123299.16
2504.4 123304.93
2505.6 123310.47
2506.8 123316.0
2508.0 123321.39
2509.2 123326.74
2510.4 123332.03
2511.6 123337.22
2512.8 123342.38
2514.0 123347.43
2515.2 123352.53
2516.4 123357.74
2517.6 123362.6
2518.8 123367.93
2520.0 123372.66
2521.2 123377.42
2522.4 123382.23
2523.6 123386.78
2524.8 123391.27
2526.0 123395.7
2527.2 123400.29
2528.4 123404.71
2529.6 123408.97
2530.8 123413.23
2532.0 123417.38
2533.2 123421.58
2534.4 123425.62
2535.6 123429.56
2536.8 123433.54
2538.0 123437.42
2539.2 123441.23
2540.4 123445.02
2541.6 123448.38
2542.8 123452.13
2544.0 123455.77
2545.2 123459.39
2546.4 123462.94
2547.6 123466.48
2548.8 123469.93
2550.0 123473.13
2551.2 123476.43
2552.4 123479.74
2553.6 123483.02
2554.8 123486.25
2556.0 123489.34
2557.2 123492.44
2558.4 123495.55
2559.6 123498.58
2560.8 123501.6
2562.0 123504.6
2563.2 123507.57
2564.4 123510.48
2565.6 123513.35
2566.8 123515.89
2568.0 123518.59
2569.2 123521.35
2570.4 123524.05
2571.6 123526.71
2572.8 123529.36
2574.0 123531.96
2575.2 123534.55
2576.4 123537.2
2577.6 123539.59
2578.8 123542.07
2580.0 123544.6
2581.2 123547.02
2582.4 123549.68
2583.6 123552.01
2584.8 123554.34
2586.0 123556.35
2587.2 123558.62
2588.4 123560.91
2589.6 123563.44
2590.8 123565.62
2592.0 123567.86
2593.2 123569.98
2594.4 123571.8
2595.6 123573.86
2596.8 123575.62
2598.0 123577.62
2599.2 123579.61
2600.4 123581.59
2601.6 123583.52
2602.8 123585.46
2604.0 123587.4
2605.2 123589.27
2606.4 123591.64
2607.6 123593.45
2608.8 123595.4
2610.0 123597.18
2611.2 123598.92
2612.4 123600.56
2613.6 123602.26
2614.8 123603.98
2616.0 123605.63
2617.2 123607.37
2618.4 123608.96
2619.6 123610.55
2620.8 123612.05
2622.0 123613.59
2623.2 123615.38
2624.4 123616.83
2625.6 123618.32
2626.8 123620.05
2628.0 123621.5
2629.2 123622.5
2630.4 123623.91
2631.6 123625.1
2632.8 123626.51
2634.0 123627.87
2635.2 123629.5
2636.4 123630.83
2637.6 123632.52
2638.8 123633.84
2640.0 123635.11
2641.2 123636.43
2642.4 123637.67
2643.6 123638.82
2644.8 123639.93
2646.0 123641.12
2647.2 123642.2
2648.4 123643.36
2649.6 123644.51
2650.8 123645.64
2652.0 123646.62
2653.2 123647.79
2654.4 123648.87
2655.6 123649.88
2656.8 123650.94
2658.0 123651.79
2659.2 123652.94
2660.4 123653.95
2661.6 123655.04
2662.8 123656.03
2664.0 123656.91
2665.2 123657.92
2666.4 123658.87
2667.6 123659.69
2668.8 123660.62
2670.0 123662.0
2671.2 123662.9
2672.4 123663.94
2673.6 123664.8
2674.8 123665.67
2676.0 123666.59
2677.2 123667.43
2678.4 123668.04
2679.6 123668.9
2680.8 123669.71
2682.0 123670.4
2683.2 123671.19
2684.4 123672.02
2685.6 123672.81
2686.8 123673.57
2688.0 123674.49
2689.2 123675.23
2690.4 123675.9
2691.6 123676.62
2692.8 123677.42
2694.0 123678.21
2695.2 123678.9
2696.4 123679.48
2697.6 123680.16
2698.8 123680.92
2700.0 123681.39
2701.2 123682.04
2702.4 123682.56
2703.6 123683.19
2704.8 123683.84
2706.0 123684.52
2707.2 123685.13
2708.4 123685.41
2709.6 123686.0
2710.8 123686.55
2712.0 123687.16
2713.2 123687.73
2714.4 123688.26
2715.6 123688.81
2716.8 123689.33
2718.0 123689.86
2719.2 123690.53
2720.4 123691.09
2721.6 123691.61
2722.8 123691.94
2724.0 123692.44
2725.2 123692.99
2726.4 123693.47
2727.6 123693.96
2728.8 123694.41
2730.0 123694.88
2731.2 123695.33
2732.4 123695.85
2733.6 123696.31
2734.8 123696.78
2736.0 123697.22
2737.2 123697.58
2738.4 123698.01
2739.6 123698.23
2740.8 123698.65
2742.0 123699.06
2743.2 123699.61
2744.4 123700.01
2745.6 123700.41
2746.8 123700.7
2748.0 123701.08
2749.2 123701.6
2750.4 123701.97
2751.6 123702.42
2752.8 123702.79
2754.0 123702.96
2755.2 123703.26
2756.4 123703.61
2757.6 123703.88
2758.8 123704.22
2760.0 123704.57
2761.2 123704.9
2762.4 123705.23
2763.6 123705.64
2764.8 123705.96
2766.0 123706.06
2767.2 123706.44
2768.4 123706.74
2769.6 123707.07
2770.8 123707.37
2772.0 123707.46
2773.2 123707.75
2774.4 123707.9
2775.6 123708.17
2776.8 123708.45
2778.0 123708.94
2779.2 123709.22
2780.4 123709.45
2781.6 123709.87
2782.8 123710.13
2784.0 123710.06
2785.2 123710.32
2786.4 123710.63
2787.6 123710.88
2788.8 123710.75
2790.0 123711.36
2791.2 123711.59
2792.4 123711.82
2793.6 123712.05
2794.8 123712.31
2796.0 123712.51
2797.2 123712.73
2798.4 123712.96
2799.6 123713.18
