480.0 1241.79
480.12 1241.74
480.24 1241.7
480.36 1241.65
480.48 1241.6
480.6 1241.56
480.72 1241.51
480.84 1241.46
480.96 1241.42
481.08 1241.37
481.2 1241.32
481.32 1241.28
481.44 1241.23
481.56 1241.19
481.68 1241.14
481.8 1241.09
481.92 1241.05
482.04 1241.0
482.16 1240.96
482.28 1240.92
482.4 1240.87
482.52 1240.83
482.64 1240.78
482.76 1240.74
482.88 1240.69
483.0 1240.65
483.12 1240.61
483.24 1240.56
483.36 1240.52
483.48 1240.48
483.6 1240.43
483.72 1240.39
483.84 1240.35
483.96 1240.31
484.08 1240.27
484.2 1240.22
484.32 1240.18
484.44 1240.14
484.56 1240.1
484.68 1240.06
484.8 1240.02
484.92 1239.97
485.04 1239.93
485.16 1239.89
485.28 1239.85
485.4 1239.81
485.52 1239.77
485.64 1239.73
485.76 1239.69
485.88 1239.65
486.0 1239.61
486.12 1239.57
486.24 1239.53
486.36 1239.49
486.48 1239.45
486.6 1239.42
486.72 1239.38
486.84 1239.34
486.96 1239.3
487.08 1239.26
487.2 1239.22
487.32 1239.19
487.44 1239.15
487.56 1239.11
487.68 1239.07
487.8 1239.04
487.92 1239.0
488.04 1238.96
488.16 1238.93
488.28 1238.89
488.4 1238.85
488.52 1238.82
488.64 1238.78
488.76 1238.74
488.88 1238.71
489.0 1238.67
489.12 1238.64
489.24 1238.6
489.36 1238.57
489.48 1238.53
489.6 1238.5
489.72 1238.46
489.84 1238.43
489.96 1238.39
490.08 1238.36
490.2 1238.32
490.32 1238.29
490.44 1238.25
490.56 1238.22
490.68 1238.19
490.8 1238.15
490.92 1238.12
491.04 1238.09
491.16 1238.05
491.28 1238.02
491.4 1237.99
491.52 1237.96
491.64 1237.92
491.76 1237.89
491.88 1237.86
492.0 1237.83
492.12 1237.8
492.24 1237.76
492.36 1237.73
492.48 1237.7
492.6 1237.67
492.72 1237.64
492.84 1237.61
492.96 1237.58
493.08 1237.55
493.2 1237.52
493.32 1237.49
493.44 1237.46
493.56 1237.43
493.68 1237.4
493.8 1237.37
493.92 1237.34
494.04 1237.31
494.16 1237.28
494.28 1237.25
494.4 1237.22
494.52 1237.19
494.64 1237.16
494.76 1237.13
494.88 1237.1
495.0 1237.08
495.12 1237.05
495.24 1237.02
495.36 1236.99
495.48 1236.96
495.6 1236.94
495.72 1236.91
495.84 1236.88
495.96 1236.85
496.08 1236.83
496.2 1236.8
496.32 1236.77
496.44 1236.75
496.56 1236.72
496.68 1236.69
496.8 1236.67
496.92 1236.64
497.04 1236.62
497.16 1236.59
497.28 1236.56
497.4 1236.54
497.52 1236.51
497.64 1236.49
497.76 1236.46
497.88 1236.44
498.0 1236.41
498.12 1236.39
498.24 1236.36
498.36 1236.34
498.48 1236.31
498.6 1236.29
498.72 1236.27
498.84 1236.24
498.96 1236.22
499.08 1236.19
499.2 1236.17
499.32 1236.15
499.44 1236.12
499.56 1236.1
499.68 1236.08
499.8 1236.06
499.92 1236.03
500.04 1236.01
500.16 1235.99
500.28 1235.97
500.4 1235.94
500.52 1235.92
500.64 1235.9
500.76 1235.88
500.88 1235.86
501.0 1235.83
501.12 1235.81
501.24 1235.79
501.36 1235.77
501.48 1235.75
501.6 1235.73
501.72 1235.71
501.84 1235.69
501.96 1235.67
502.08 1235.65
502.2 1235.63
502.32 1235.61
502.44 1235.59
502.56 1235.57
502.68 1235.55
502.8 1235.53
502.92 1235.51
503.04 1235.49
503.16 1235.47
503.28 1235.45
503.4 1235.43
503.52 1235.41
503.64 1235.39
503.76 1235.37
503.88 1235.36
504.0 1235.34
504.12 1235.32
504.24 1235.3
504.36 1235.28
504.48 1235.27
504.6 1235.25
504.72 1235.23
504.84 1235.21
504.96 1235.2
505.08 1235.18
505.2 1235.16
505.32 1235.14
505.44 1235.13
505.56 1235.11
505.68 1235.09
505.8 1235.08
505.92 1235.06
506.04 1235.04
506.16 1235.03
506.28 1235.01
506.4 1235.0
506.52 1234.98
506.64 1234.97
506.76 1234.95
506.88 1234.93
507.0 1234.92
507.12 1234.9
507.24 1234.89
507.36 1234.87
507.48 1234.86
507.6 1234.84
507.72 1234.83
507.84 1234.81
507.96 1234.8
508.08 1234.79
508.2 1234.77
508.32 1234.76
508.44 1234.74
508.56 1234.73
508.68 1234.72
508.8 1234.7
508.92 1234.69
509.04 1234.68
509.16 1234.66
509.28 1234.65
509.4 1234.64
509.52 1234.62
509.64 1234.61
509.76 1234.6
509.88 1234.59
510.0 1234.57
510.12 1234.56
510.24 1234.55
510.36 1234.54
510.48 1234.52
510.6 1234.51
510.72 1234.5
510.84 1234.49
510.96 1234.48
511.08 1234.47
511.2 1234.46
511.32 1234.44
511.44 1234.43
511.56 1234.42
511.68 1234.41
511.8 1234.4
511.92 1234.39
512.04 1234.38
512.16 1234.37
512.28 1234.36
512.4 1234.35
512.52 1234.34
512.64 1234.33
512.76 1234.32
512.88 1234.31
513.0 1234.3
513.12 1234.29
513.24 1234.28
513.36 1234.27
513.48 1234.26
513.6 1234.25
513.72 1234.24
513.84 1234.23
513.96 1234.23
514.08 1234.22
514.2 1234.21
514.32 1234.2
514.44 1234.19
514.56 1234.18
514.68 1234.17
514.8 1234.17
514.92 1234.16
515.04 1234.15
515.16 1234.14
515.28 1234.13
515.4 1234.13
515.52 1234.12
515.64 1234.11
515.76 1234.1
515.88 1234.1
516.0 1234.09
516.12 1234.08
516.24 1234.08
516.36 1234.07
516.48 1234.06
516.6 1234.06
516.72 1234.05
516.84 1234.04
516.96 1234.04
517.08 1234.03
517.2 1234.02
517.32 1234.02
517.44 1234.01
517.56 1234.01
517.68 1234.0
517.8 1234.0
517.92 1233.99
518.04 1233.98
518.16 1233.98
518.28 1233.97
518.4 1233.97
518.52 1233.96
518.64 1233.96
518.76 1233.95
518.88 1233.95
519.0 1233.94
519.12 1233.94
519.24 1233.94
519.36 1233.93
519.48 1233.93
519.6 1233.92
519.72 1233.92
519.84 1233.91
519.96 1233.91
520.08 1233.91
520.2 1233.9
520.32 1233.9
520.44 1233.9
520.56 1233.89
520.68 1233.89
520.8 1233.89
520.92 1233.88
521.04 1233.88
521.16 1233.88
521.28 1233.87
521.4 1233.87
521.52 1233.87
521.64 1233.87
521.76 1233.86
521.88 1233.86
522.0 1233.86
522.12 1233.86
522.24 1233.85
522.36 1233.85
522.48 1233.85
522.6 1233.85
522.72 1233.85
522.84 1233.84
522.96 1233.84
523.08 1233.84
523.2 1233.84
523.32 1233.84
523.44 1233.84
523.56 1233.83
523.68 1233.83
523.8 1233.83
523.92 1233.83
524.04 1233.83
524.16 1233.83
524.28 1233.83
524.4 1233.83
524.52 1233.83
524.64 1233.83
524.76 1233.83
524.88 1233.83
525.0 1233.83
525.12 1233.83
525.24 1233.83
525.36 1233.83
525.48 1233.83
525.6 1233.83
525.72 1233.83
525.84 1233.83
525.96 1233.83
526.08 1233.83
526.2 1233.83
526.32 1233.83
526.44 1233.83
526.56 1233.83
526.68 1233.83
526.8 1233.83
526.92 1233.83
527.04 1233.83
527.16 1233.83
527.28 1233.84
527.4 1233.84
527.52 1233.84
527.64 1233.84
527.76 1233.84
527.88 1233.84
528.0 1233.84
528.12 1233.85
528.24 1233.85
528.36 1233.85
528.48 1233.85
528.6 1233.85
528.72 1233.86
528.84 1233.86
528.96 1233.86
529.08 1233.86
529.2 1233.87
529.32 1233.87
529.44 1233.87
529.56 1233.87
529.68 1233.88
529.8 1233.88
529.92 1233.88
530.04 1233.88
530.16 1233.89
530.28 1233.89
530.4 1233.89
530.52 1233.9
530.64 1233.9
530.76 1233.9
530.88 1233.91
531.0 1233.91
531.12 1233.91
531.24 1233.92
531.36 1233.92
531.48 1233.93
531.6 1233.93
531.72 1233.93
531.84 1233.94
531.96 1233.94
532.08 1233.95
532.2 1233.95
532.32 1233.95
532.44 1233.96
532.56 1233.96
532.68 1233.97
532.8 1233.97
532.92 1233.98
533.04 1233.98
533.16 1233.99
533.28 1233.99
533.4 1234.0
533.52 1234.0
533.64 1234.01
533.76 1234.01
533.88 1234.02
534.0 1234.02
534.12 1234.03
534.24 1234.03
534.36 1234.04
534.48 1234.04
534.6 1234.05
534.72 1234.06
534.84 1234.06
534.96 1234.07
535.08 1234.07
535.2 1234.08
535.32 1234.08
535.44 1234.09
535.56 1234.1
535.68 1234.1
535.8 1234.11
535.92 1234.12
536.04 1234.12
536.16 1234.13
536.28 1234.13
536.4 1234.14
536.52 1234.15
536.64 1234.15
536.76 1234.16
536.88 1234.17
537.0 1234.18
537.12 1234.18
537.24 1234.19
537.36 1234.2
537.48 1234.2
537.6 1234.21
537.72 1234.22
537.84 1234.23
537.96 1234.23
538.08 1234.24
538.2 1234.25
538.32 1234.25
538.44 1234.26
538.56 1234.27
538.68 1234.28
538.8 1234.29
538.92 1234.29
539.04 1234.3
539.16 1234.31
539.28 1234.32
539.4 1234.33
539.52 1234.33
539.64 1234.34
539.76 1234.35
539.88 1234.36
540.0 1234.37
540.12 1234.38
540.24 1234.38
540.36 1234.39
540.48 1234.4
540.6 1234.41
540.72 1234.42
540.84 1234.43
540.96 1234.44
541.08 1234.44
541.2 1234.45
541.32 1234.46
541.44 1234.47
541.56 1234.48
541.68 1234.49
541.8 1234.5
541.92 1234.51
542.04 1234.52
542.16 1234.53
542.28 1234.54
542.4 1234.55
542.52 1234.56
542.64 1234.57
542.76 1234.57
542.88 1234.58
543.0 1234.59
543.12 1234.6
543.24 1234.61
543.36 1234.62
543.48 1234.63
543.6 1234.64
543.72 1234.65
543.84 1234.66
543.96 1234.67
544.08 1234.68
544.2 1234.69
544.32 1234.71
544.44 1234.72
544.56 1234.73
544.68 1234.74
544.8 1234.75
544.92 1234.76
545.04 1234.77
545.16 1234.78
545.28 1234.79
545.4 1234.8
545.52 1234.81
545.64 1234.82
545.76 1234.83
545.88 1234.84
546.0 1234.86
546.12 1234.87
546.24 1234.88
546.36 1234.89
546.48 1234.9
546.6 1234.91
546.72 1234.92
546.84 1234.93
546.96 1234.95
547.08 1234.96
547.2 1234.97
547.32 1234.98
547.44 1234.99
547.56 1235.0
547.68 1235.01
547.8 1235.03
547.92 1235.04
548.04 1235.05
548.16 1235.06
548.28 1235.07
548.4 1235.09
548.52 1235.1
548.64 1235.11
548.76 1235.12
548.88 1235.13
549.0 1235.15
549.12 1235.16
549.24 1235.17
549.36 1235.18
549.48 1235.2
549.6 1235.21
549.72 1235.22
549.84 1235.23
549.96 1235.25
550.08 1235.26
550.2 1235.27
550.32 1235.28
550.44 1235.3
550.56 1235.31
550.68 1235.32
550.8 1235.33
550.92 1235.35
551.04 1235.36
551.16 1235.37
551.28 1235.39
551.4 1235.4
551.52 1235.41
551.64 1235.43
551.76 1235.44
551.88 1235.45
552.0 1235.46
552.12 1235.48
552.24 1235.49
552.36 1235.5
552.48 1235.52
552.6 1235.53
552.72 1235.55
552.84 1235.56
552.96 1235.57
553.08 1235.59
553.2 1235.6
553.32 1235.61
553.44 1235.63
553.56 1235.64
553.68 1235.65
553.8 1235.67
553.92 1235.68
554.04 1235.7
554.16 1235.71
554.28 1235.72
554.4 1235.74
554.52 1235.75
554.64 1235.77
554.76 1235.78
554.88 1235.79
555.0 1235.81
555.12 1235.82
555.24 1235.84
555.36 1235.85
555.48 1235.87
555.6 1235.88
555.72 1235.89
555.84 1235.91
555.96 1235.92
556.08 1235.94
556.2 1235.95
556.32 1235.97
556.44 1235.98
556.56 1236.0
556.68 1236.01
556.8 1236.03
556.92 1236.04
557.04 1236.06
557.16 1236.07
557.28 1236.09
557.4 1236.1
557.52 1236.12
557.64 1236.13
557.76 1236.15
557.88 1236.16
558.0 1236.18
558.12 1236.19
558.24 1236.21
558.36 1236.22
558.48 1236.24
558.6 1236.25
558.72 1236.27
558.84 1236.28
558.96 1236.3
559.08 1236.31
559.2 1236.33
559.32 1236.34
559.44 1236.36
559.56 1236.38
559.68 1236.39
559.8 1236.41
559.92 1236.42
560.04 1236.44
560.16 1236.45
560.28 1236.47
560.4 1236.49
560.52 1236.5
560.64 1236.52
560.76 1236.53
560.88 1236.55
561.0 1236.56
561.12 1236.58
561.24 1236.6
561.36 1236.61
561.48 1236.63
561.6 1236.64
561.72 1236.66
561.84 1236.68
561.96 1236.69
562.08 1236.71
562.2 1236.73
562.32 1236.74
562.44 1236.76
562.56 1236.77
562.68 1236.79
562.8 1236.81
562.92 1236.82
563.04 1236.84
563.16 1236.86
563.28 1236.87
563.4 1236.89
563.52 1236.91
563.64 1236.92
563.76 1236.94
563.88 1236.96
564.0 1236.97
564.12 1236.99
564.24 1237.01
564.36 1237.02
564.48 1237.04
564.6 1237.06
564.72 1237.07
564.84 1237.09
564.96 1237.11
565.08 1237.12
565.2 1237.14
565.32 1237.16
565.44 1237.18
565.56 1237.19
565.68 1237.21
565.8 1237.23
565.92 1237.24
566.04 1237.26
566.16 1237.28
566.28 1237.29
566.4 1237.31
566.52 1237.33
566.64 1237.35
566.76 1237.36
566.88 1237.38
567.0 1237.4
567.12 1237.42
567.24 1237.43
567.36 1237.45
567.48 1237.47
567.6 1237.49
567.72 1237.5
567.84 1237.52
567.96 1237.54
568.08 1237.56
568.2 1237.57
568.32 1237.59
568.44 1237.61
568.56 1237.63
568.68 1237.64
568.8 1237.66
568.92 1237.68
569.04 1237.7
569.16 1237.72
569.28 1237.73
569.4 1237.75
569.52 1237.77
569.64 1237.79
569.76 1237.8
569.88 1237.82
570.0 1237.84
570.12 1237.86
570.24 1237.88
570.36 1237.89
570.48 1237.91
570.6 1237.93
570.72 1237.95
570.84 1237.97
570.96 1237.98
571.08 1238.0
571.2 1238.02
571.32 1238.04
571.44 1238.06
571.56 1238.08
571.68 1238.09
571.8 1238.11
571.92 1238.13
572.04 1238.15
572.16 1238.17
572.28 1238.19
572.4 1238.2
572.52 1238.22
572.64 1238.24
572.76 1238.26
572.88 1238.28
573.0 1238.3
573.12 1238.31
573.24 1238.33
573.36 1238.35
573.48 1238.37
573.6 1238.39
573.72 1238.41
573.84 1238.43
573.96 1238.44
574.08 1238.46
574.2 1238.48
574.32 1238.5
574.44 1238.52
574.56 1238.54
574.68 1238.56
574.8 1238.58
574.92 1238.59
575.04 1238.61
575.16 1238.63
575.28 1238.65
575.4 1238.67
575.52 1238.69
575.64 1238.71
575.76 1238.73
575.88 1238.75
576.0 1238.76
576.12 1238.78
576.24 1238.8
576.36 1238.82
576.48 1238.84
576.6 1238.86
576.72 1238.88
576.84 1238.9
576.96 1238.92
577.08 1238.94
577.2 1238.95
577.32 1238.97
577.44 1238.99
577.56 1239.01
577.68 1239.03
577.8 1239.05
577.92 1239.07
578.04 1239.09
578.16 1239.11
578.28 1239.13
578.4 1239.15
578.52 1239.17
578.64 1239.18
578.76 1239.2
578.88 1239.22
579.0 1239.24
579.12 1239.26
579.24 1239.28
579.36 1239.3
579.48 1239.32
579.6 1239.34
579.72 1239.36
579.84 1239.38
579.96 1239.4
580.08 1239.42
580.2 1239.44
580.32 1239.46
580.44 1239.48
580.56 1239.49
580.68 1239.51
580.8 1239.53
580.92 1239.55
581.04 1239.57
581.16 1239.59
581.28 1239.61
581.4 1239.63
581.52 1239.65
581.64 1239.67
581.76 1239.69
581.88 1239.71
582.0 1239.73
582.12 1239.75
582.24 1239.77
582.36 1239.79
582.48 1239.81
582.6 1239.83
582.72 1239.85
582.84 1239.87
582.96 1239.89
583.08 1239.91
583.2 1239.93
583.32 1239.95
583.44 1239.97
583.56 1239.99
583.68 1240.01
583.8 1240.03
583.92 1240.05
584.04 1240.07
584.16 1240.09
584.28 1240.1
584.4 1240.12
584.52 1240.14
584.64 1240.16
584.76 1240.18
584.88 1240.2
585.0 1240.22
585.12 1240.24
585.24 1240.26
585.36 1240.28
585.48 1240.3
585.6 1240.32
585.72 1240.34
585.84 1240.36
585.96 1240.38
586.08 1240.4
586.2 1240.42
586.32 1240.44
586.44 1240.46
586.56 1240.48
586.68 1240.5
586.8 1240.52
586.92 1240.54
587.04 1240.56
587.16 1240.58
587.28 1240.6
587.4 1240.62
587.52 1240.64
587.64 1240.66
587.76 1240.68
587.88 1240.7
588.0 1240.72
588.12 1240.74
588.24 1240.76
588.36 1240.78
588.48 1240.8
588.6 1240.82
588.72 1240.84
588.84 1240.86
588.96 1240.88
589.08 1240.9
589.2 1240.92
589.32 1240.94
589.44 1240.97
589.56 1240.99
589.68 1241.01
589.8 1241.03
589.92 1241.05
590.04 1241.07
590.16 1241.09
590.28 1241.11
590.4 1241.13
590.52 1241.15
590.64 1241.17
590.76 1241.19
590.88 1241.21
591.0 1241.23
591.12 1241.25
591.24 1241.27
591.36 1241.29
591.48 1241.31
591.6 1241.33
591.72 1241.35
591.84 1241.37
591.96 1241.39
592.08 1241.41
592.2 1241.43
592.32 1241.45
592.44 1241.47
592.56 1241.49
592.68 1241.51
592.8 1241.53
592.92 1241.55
593.04 1241.57
593.16 1241.59
593.28 1241.61
593.4 1241.63
593.52 1241.65
593.64 1241.67
593.76 1241.69
593.88 1241.71
594.0 1241.73
594.12 1241.75
594.24 1241.77
594.36 1241.79
594.48 1241.81
594.6 1241.83
594.72 1241.85
594.84 1241.87
594.96 1241.89
595.08 1241.91
595.2 1241.93
595.32 1241.95
595.44 1241.97
595.56 1242.0
595.68 1242.02
595.8 1242.04
595.92 1242.06
596.04 1242.08
596.16 1242.1
596.28 1242.12
596.4 1242.14
596.52 1242.16
596.64 1242.18
596.76 1242.2
596.88 1242.22
597.0 1242.24
597.12 1242.26
597.24 1242.28
597.36 1242.3
597.48 1242.32
597.6 1242.34
597.72 1242.36
597.84 1242.38
597.96 1242.4
598.08 1242.42
598.2 1242.44
598.32 1242.46
598.44 1242.48
598.56 1242.5
598.68 1242.52
598.8 1242.54
598.92 1242.56
599.04 1242.58
599.16 1242.6
599.28 1242.62
599.4 1242.64
599.52 1242.66
599.64 1242.68
599.76 1242.7
599.88 1242.72
600.0 1242.74
600.12 1242.76
600.24 1242.78
600.36 1242.8
600.48 1242.82
600.6 1242.84
600.72 1242.86
600.84 1242.88
600.96 1242.9
601.08 1242.92
601.2 1242.94
601.32 1242.96
601.44 1242.98
601.56 1243.0
601.68 1243.02
601.8 1243.04
601.92 1243.06
602.04 1243.08
602.16 1243.1
602.28 1243.12
602.4 1243.14
602.52 1243.16
602.64 1243.18
602.76 1243.2
602.88 1243.22
603.0 1243.24
603.12 1243.26
603.24 1243.28
603.36 1243.3
603.48 1243.32
603.6 1243.34
603.72 1243.36
603.84 1243.38
603.96 1243.4
604.08 1243.42
604.2 1243.44
604.32 1243.46
604.44 1243.48
604.56 1243.5
604.68 1243.52
604.8 1243.54
604.92 1243.56
605.04 1243.58
605.16 1243.6
605.28 1243.62
605.4 1243.64
605.52 1243.66
605.64 1243.68
605.76 1243.7
605.88 1243.72
606.0 1243.74
606.12 1243.76
606.24 1243.78
606.36 1243.8
606.48 1243.82
606.6 1243.84
606.72 1243.86
606.84 1243.88
606.96 1243.9
607.08 1243.92
607.2 1243.94
607.32 1243.96
607.44 1243.98
607.56 1243.99
607.68 1244.01
607.8 1244.03
607.92 1244.05
608.04 1244.07
608.16 1244.09
608.28 1244.11
608.4 1244.13
608.52 1244.15
608.64 1244.17
608.76 1244.19
608.88 1244.21
609.0 1244.23
609.12 1244.25
609.24 1244.27
609.36 1244.29
609.48 1244.31
609.6 1244.33
609.72 1244.35
609.84 1244.37
609.96 1244.39
610.08 1244.41
610.2 1244.42
610.32 1244.44
610.44 1244.46
610.56 1244.48
610.68 1244.5
610.8 1244.52
610.92 1244.54
611.04 1244.56
611.16 1244.58
611.28 1244.6
611.4 1244.62
611.52 1244.64
611.64 1244.66
611.76 1244.68
611.88 1244.7
612.0 1244.71
612.12 1244.73
612.24 1244.75
612.36 1244.77
612.48 1244.79
612.6 1244.81
612.72 1244.83
612.84 1244.85
612.96 1244.87
613.08 1244.89
613.2 1244.91
613.32 1244.93
613.44 1244.94
613.56 1244.96
613.68 1244.98
613.8 1245.0
613.92 1245.02
614.04 1245.04
614.16 1245.06
614.28 1245.08
614.4 1245.1
614.52 1245.12
614.64 1245.13
614.76 1245.15
614.88 1245.17
615.0 1245.19
615.12 1245.21
615.24 1245.23
615.36 1245.25
615.48 1245.27
615.6 1245.29
615.72 1245.3
615.84 1245.32
615.96 1245.34
616.08 1245.36
616.2 1245.38
616.32 1245.4
616.44 1245.42
616.56 1245.44
616.68 1245.45
616.8 1245.47
616.92 1245.49
617.04 1245.51
617.16 1245.53
617.28 1245.55
617.4 1245.57
617.52 1245.58
617.64 1245.6
617.76 1245.62
617.88 1245.64
618.0 1245.66
618.12 1245.68
618.24 1245.7
618.36 1245.71
618.48 1245.73
618.6 1245.75
618.72 1245.77
618.84 1245.79
618.96 1245.81
619.08 1245.82
619.2 1245.84
619.32 1245.86
619.44 1245.88
619.56 1245.9
619.68 1245.92
619.8 1245.93
619.92 1245.95
620.04 1245.97
620.16 1245.99
620.28 1246.01
620.4 1246.03
620.52 1246.04
620.64 1246.06
620.76 1246.08
620.88 1246.1
621.0 1246.12
621.12 1246.13
621.24 1246.15
621.36 1246.17
621.48 1246.19
621.6 1246.21
621.72 1246.22
621.84 1246.24
621.96 1246.26
622.08 1246.28
622.2 1246.3
622.32 1246.31
622.44 1246.33
622.56 1246.35
622.68 1246.37
622.8 1246.39
622.92 1246.4
623.04 1246.42
623.16 1246.44
623.28 1246.46
623.4 1246.48
623.52 1246.49
623.64 1246.51
623.76 1246.53
623.88 1246.55
624.0 1246.56
624.12 1246.58
624.24 1246.6
624.36 1246.62
624.48 1246.63
624.6 1246.65
624.72 1246.67
624.84 1246.69
624.96 1246.7
625.08 1246.72
625.2 1246.74
625.32 1246.76
625.44 1246.77
625.56 1246.79
625.68 1246.81
625.8 1246.83
625.92 1246.84
626.04 1246.86
626.16 1246.88
626.28 1246.9
626.4 1246.91
626.52 1246.93
626.64 1246.95
626.76 1246.97
626.88 1246.98
627.0 1247.0
627.12 1247.02
627.24 1247.04
627.36 1247.05
627.48 1247.07
627.6 1247.09
627.72 1247.1
627.84 1247.12
627.96 1247.14
628.08 1247.16
628.2 1247.17
628.32 1247.19
628.44 1247.21
628.56 1247.22
628.68 1247.24
628.8 1247.26
628.92 1247.27
629.04 1247.29
629.16 1247.31
629.28 1247.32
629.4 1247.34
629.52 1247.36
629.64 1247.38
629.76 1247.39
629.88 1247.41
630.0 1247.43
630.12 1247.44
630.24 1247.46
630.36 1247.48
630.48 1247.49
630.6 1247.51
630.72 1247.53
630.84 1247.54
630.96 1247.56
631.08 1247.58
631.2 1247.59
631.32 1247.61
631.44 1247.63
631.56 1247.64
631.68 1247.66
631.8 1247.68
631.92 1247.69
632.04 1247.71
632.16 1247.72
632.28 1247.74
632.4 1247.76
632.52 1247.77
632.64 1247.79
632.76 1247.81
632.88 1247.82
633.0 1247.84
633.12 1247.86
633.24 1247.87
633.36 1247.89
633.48 1247.9
633.6 1247.92
633.72 1247.94
633.84 1247.95
633.96 1247.97
634.08 1247.98
634.2 1248.0
634.32 1248.02
634.44 1248.03
634.56 1248.05
634.68 1248.07
634.8 1248.08
634.92 1248.1
635.04 1248.11
635.16 1248.13
635.28 1248.14
635.4 1248.16
635.52 1248.18
635.64 1248.19
635.76 1248.21
635.88 1248.22
636.0 1248.24
636.12 1248.26
636.24 1248.27
636.36 1248.29
636.48 1248.3
636.6 1248.32
636.72 1248.33
636.84 1248.35
636.96 1248.37
637.08 1248.38
637.2 1248.4
637.32 1248.41
637.44 1248.43
637.56 1248.44
637.68 1248.46
637.8 1248.47
637.92 1248.49
638.04 1248.5
638.16 1248.52
638.28 1248.54
638.4 1248.55
638.52 1248.57
638.64 1248.58
638.76 1248.6
638.88 1248.61
639.0 1248.63
639.12 1248.64
639.24 1248.66
639.36 1248.67
639.48 1248.69
639.6 1248.7
639.72 1248.72
639.84 1248.73
639.96 1248.75
640.08 1248.76
640.2 1248.78
640.32 1248.79
640.44 1248.81
640.56 1248.82
640.68 1248.84
640.8 1248.85
640.92 1248.87
641.04 1248.88
641.16 1248.9
641.28 1248.91
641.4 1248.93
641.52 1248.94
641.64 1248.96
641.76 1248.97
641.88 1248.99
642.0 1249.0
642.12 1249.02
642.24 1249.03
642.36 1249.05
642.48 1249.06
642.6 1249.07
642.72 1249.09
642.84 1249.1
642.96 1249.12
643.08 1249.13
643.2 1249.15
643.32 1249.16
643.44 1249.18
643.56 1249.19
643.68 1249.21
643.8 1249.22
643.92 1249.23
644.04 1249.25
644.16 1249.26
644.28 1249.28
644.4 1249.29
644.52 1249.31
644.64 1249.32
644.76 1249.33
644.88 1249.35
645.0 1249.36
645.12 1249.38
645.24 1249.39
645.36 1249.4
645.48 1249.42
645.6 1249.43
645.72 1249.45
645.84 1249.46
645.96 1249.48
646.08 1249.49
646.2 1249.5
646.32 1249.52
646.44 1249.53
646.56 1249.54
646.68 1249.56
646.8 1249.57
646.92 1249.59
647.04 1249.6
647.16 1249.61
647.28 1249.63
647.4 1249.64
647.52 1249.66
647.64 1249.67
647.76 1249.68
647.88 1249.7
648.0 1249.71
648.12 1249.72
648.24 1249.74
648.36 1249.75
648.48 1249.76
648.6 1249.78
648.72 1249.79
648.84 1249.8
648.96 1249.82
649.08 1249.83
649.2 1249.84
649.32 1249.86
649.44 1249.87
649.56 1249.89
649.68 1249.9
649.8 1249.91
649.92 1249.92
650.04 1249.94
650.16 1249.95
650.28 1249.96
650.4 1249.98
650.52 1249.99
650.64 1250.0
650.76 1250.02
650.88 1250.03
651.0 1250.04
651.12 1250.06
651.24 1250.07
651.36 1250.08
651.48 1250.1
651.6 1250.11
651.72 1250.12
651.84 1250.13
651.96 1250.15
652.08 1250.16
652.2 1250.17
652.32 1250.19
652.44 1250.2
652.56 1250.21
652.68 1250.22
652.8 1250.24
652.92 1250.25
653.04 1250.26
653.16 1250.28
653.28 1250.29
653.4 1250.3
653.52 1250.31
653.64 1250.33
653.76 1250.34
653.88 1250.35
654.0 1250.36
654.12 1250.38
654.24 1250.39
654.36 1250.4
654.48 1250.41
654.6 1250.43
654.72 1250.44
654.84 1250.45
654.96 1250.46
655.08 1250.48
655.2 1250.49
655.32 1250.5
655.44 1250.51
655.56 1250.52
655.68 1250.54
655.8 1250.55
655.92 1250.56
656.04 1250.57
656.16 1250.59
656.28 1250.6
656.4 1250.61
656.52 1250.62
656.64 1250.63
656.76 1250.65
656.88 1250.66
657.0 1250.67
657.12 1250.68
657.24 1250.69
657.36 1250.71
657.48 1250.72
657.6 1250.73
657.72 1250.74
657.84 1250.75
657.96 1250.76
658.08 1250.78
658.2 1250.79
658.32 1250.8
658.44 1250.81
658.56 1250.82
658.68 1250.84
658.8 1250.85
658.92 1250.86
659.04 1250.87
659.16 1250.88
659.28 1250.89
659.4 1250.9
659.52 1250.92
659.64 1250.93
659.76 1250.94
659.88 1250.95
660.0 1250.96
660.12 1250.97
660.24 1250.98
660.36 1251.0
660.48 1251.01
660.6 1251.02
660.72 1251.03
660.84 1251.04
660.96 1251.05
661.08 1251.06
661.2 1251.08
661.32 1251.09
661.44 1251.1
661.56 1251.11
661.68 1251.12
661.8 1251.13
661.92 1251.14
662.04 1251.15
662.16 1251.16
662.28 1251.17
662.4 1251.19
662.52 1251.2
662.64 1251.21
662.76 1251.22
662.88 1251.23
663.0 1251.24
663.12 1251.25
663.24 1251.26
663.36 1251.27
663.48 1251.28
663.6 1251.29
663.72 1251.31
663.84 1251.32
663.96 1251.33
664.08 1251.34
664.2 1251.35
664.32 1251.36
664.44 1251.37
664.56 1251.38
664.68 1251.39
664.8 1251.4
664.92 1251.41
665.04 1251.42
665.16 1251.43
665.28 1251.44
665.4 1251.45
665.52 1251.46
665.64 1251.47
665.76 1251.48
665.88 1251.49
666.0 1251.5
666.12 1251.51
666.24 1251.53
666.36 1251.54
666.48 1251.55
666.6 1251.56
666.72 1251.57
666.84 1251.58
666.96 1251.59
667.08 1251.6
667.2 1251.61
667.32 1251.62
667.44 1251.63
667.56 1251.64
667.68 1251.65
667.8 1251.66
667.92 1251.67
668.04 1251.68
668.16 1251.69
668.28 1251.7
668.4 1251.71
668.52 1251.72
668.64 1251.72
668.76 1251.73
668.88 1251.74
669.0 1251.75
669.12 1251.76
669.24 1251.77
669.36 1251.78
669.48 1251.79
669.6 1251.8
669.72 1251.81
669.84 1251.82
669.96 1251.83
670.08 1251.84
670.2 1251.85
670.32 1251.86
670.44 1251.87
670.56 1251.88
670.68 1251.89
670.8 1251.9
670.92 1251.91
671.04 1251.92
671.16 1251.92
671.28 1251.93
671.4 1251.94
671.52 1251.95
671.64 1251.96
671.76 1251.97
671.88 1251.98
672.0 1251.99
672.12 1252.0
672.24 1252.01
672.36 1252.02
672.48 1252.02
672.6 1252.03
672.72 1252.04
672.84 1252.05
672.96 1252.06
673.08 1252.07
673.2 1252.08
673.32 1252.09
673.44 1252.1
673.56 1252.1
673.68 1252.11
673.8 1252.12
673.92 1252.13
674.04 1252.14
674.16 1252.15
674.28 1252.16
674.4 1252.17
674.52 1252.17
674.64 1252.18
674.76 1252.19
674.88 1252.2
675.0 1252.21
675.12 1252.22
675.24 1252.22
675.36 1252.23
675.48 1252.24
675.6 1252.25
675.72 1252.26
675.84 1252.27
675.96 1252.27
676.08 1252.28
676.2 1252.29
676.32 1252.3
676.44 1252.31
676.56 1252.32
676.68 1252.32
676.8 1252.33
676.92 1252.34
677.04 1252.35
677.16 1252.36
677.28 1252.36
677.4 1252.37
677.52 1252.38
677.64 1252.39
677.76 1252.4
677.88 1252.4
678.0 1252.41
678.12 1252.42
678.24 1252.43
678.36 1252.43
678.48 1252.44
678.6 1252.45
678.72 1252.46
678.84 1252.47
678.96 1252.47
679.08 1252.48
679.2 1252.49
679.32 1252.5
679.44 1252.5
679.56 1252.51
679.68 1252.52
679.8 1252.53
679.92 1252.53
680.04 1252.54
680.16 1252.55
680.28 1252.56
680.4 1252.56
680.52 1252.57
680.64 1252.58
680.76 1252.58
680.88 1252.59
681.0 1252.6
681.12 1252.61
681.24 1252.61
681.36 1252.62
681.48 1252.63
681.6 1252.63
681.72 1252.64
681.84 1252.65
681.96 1252.66
682.08 1252.66
682.2 1252.67
682.32 1252.68
682.44 1252.68
682.56 1252.69
682.68 1252.7
682.8 1252.7
682.92 1252.71
683.04 1252.72
683.16 1252.72
683.28 1252.73
683.4 1252.74
683.52 1252.74
683.64 1252.75
683.76 1252.76
683.88 1252.76
684.0 1252.77
684.12 1252.78
684.24 1252.78
684.36 1252.79
684.48 1252.8
684.6 1252.8
684.72 1252.81
684.84 1252.82
684.96 1252.82
685.08 1252.83
685.2 1252.84
685.32 1252.84
685.44 1252.85
685.56 1252.85
685.68 1252.86
685.8 1252.87
685.92 1252.87
686.04 1252.88
686.16 1252.88
686.28 1252.89
686.4 1252.9
686.52 1252.9
686.64 1252.91
686.76 1252.91
686.88 1252.92
687.0 1252.93
687.12 1252.93
687.24 1252.94
687.36 1252.94
687.48 1252.95
687.6 1252.96
687.72 1252.96
687.84 1252.97
687.96 1252.97
688.08 1252.98
688.2 1252.98
688.32 1252.99
688.44 1253.0
688.56 1253.0
688.68 1253.01
688.8 1253.01
688.92 1253.02
689.04 1253.02
689.16 1253.03
689.28 1253.03
689.4 1253.04
689.52 1253.04
689.64 1253.05
689.76 1253.05
689.88 1253.06
690.0 1253.07
690.12 1253.07
690.24 1253.08
690.36 1253.08
690.48 1253.09
690.6 1253.09
690.72 1253.1
690.84 1253.1
690.96 1253.11
691.08 1253.11
691.2 1253.12
691.32 1253.12
691.44 1253.13
691.56 1253.13
691.68 1253.14
691.8 1253.14
691.92 1253.15
692.04 1253.15
692.16 1253.15
692.28 1253.16
692.4 1253.16
692.52 1253.17
692.64 1253.17
692.76 1253.18
692.88 1253.18
693.0 1253.19
693.12 1253.19
693.24 1253.2
693.36 1253.2
693.48 1253.2
693.6 1253.21
693.72 1253.21
693.84 1253.22
693.96 1253.22
694.08 1253.23
694.2 1253.23
694.32 1253.24
694.44 1253.24
694.56 1253.24
694.68 1253.25
694.8 1253.25
694.92 1253.26
695.04 1253.26
695.16 1253.26
695.28 1253.27
695.4 1253.27
695.52 1253.28
695.64 1253.28
695.76 1253.28
695.88 1253.29
696.0 1253.29
696.12 1253.3
696.24 1253.3
696.36 1253.3
696.48 1253.31
696.6 1253.31
696.72 1253.31
696.84 1253.32
696.96 1253.32
697.08 1253.33
697.2 1253.33
697.32 1253.33
697.44 1253.34
697.56 1253.34
697.68 1253.34
697.8 1253.35
697.92 1253.35
698.04 1253.35
698.16 1253.36
698.28 1253.36
698.4 1253.36
698.52 1253.37
698.64 1253.37
698.76 1253.37
698.88 1253.38
699.0 1253.38
699.12 1253.38
699.24 1253.39
699.36 1253.39
699.48 1253.39
699.6 1253.4
699.72 1253.4
699.84 1253.4
699.96 1253.4
700.08 1253.41
700.2 1253.41
700.32 1253.41
700.44 1253.42
700.56 1253.42
700.68 1253.42
700.8 1253.42
700.92 1253.43
701.04 1253.43
701.16 1253.43
701.28 1253.44
701.4 1253.44
701.52 1253.44
701.64 1253.44
701.76 1253.45
701.88 1253.45
702.0 1253.45
702.12 1253.45
702.24 1253.46
702.36 1253.46
702.48 1253.46
702.6 1253.46
702.72 1253.47
702.84 1253.47
702.96 1253.47
703.08 1253.47
703.2 1253.48
703.32 1253.48
703.44 1253.48
703.56 1253.48
703.68 1253.48
703.8 1253.49
703.92 1253.49
704.04 1253.49
704.16 1253.49
704.28 1253.5
704.4 1253.5
704.52 1253.5
704.64 1253.5
704.76 1253.5
704.88 1253.51
705.0 1253.51
705.12 1253.51
705.24 1253.51
705.36 1253.51
705.48 1253.52
705.6 1253.52
705.72 1253.52
705.84 1253.52
705.96 1253.52
706.08 1253.52
706.2 1253.53
706.32 1253.53
706.44 1253.53
706.56 1253.53
706.68 1253.53
706.8 1253.53
706.92 1253.54
707.04 1253.54
707.16 1253.54
707.28 1253.54
707.4 1253.54
707.52 1253.54
707.64 1253.54
707.76 1253.55
707.88 1253.55
708.0 1253.55
708.12 1253.55
708.24 1253.55
708.36 1253.55
708.48 1253.55
708.6 1253.56
708.72 1253.56
708.84 1253.56
708.96 1253.56
709.08 1253.56
709.2 1253.56
709.32 1253.56
709.44 1253.56
709.56 1253.56
709.68 1253.57
709.8 1253.57
709.92 1253.57
710.04 1253.57
710.16 1253.57
710.28 1253.57
710.4 1253.57
710.52 1253.57
710.64 1253.57
710.76 1253.57
710.88 1253.57
711.0 1253.58
711.12 1253.58
711.24 1253.58
711.36 1253.58
711.48 1253.58
711.6 1253.58
711.72 1253.58
711.84 1253.58
711.96 1253.58
712.08 1253.58
712.2 1253.58
712.32 1253.58
712.44 1253.58
712.56 1253.58
712.68 1253.58
712.8 1253.59
712.92 1253.59
713.04 1253.59
713.16 1253.59
713.28 1253.59
713.4 1253.59
713.52 1253.59
713.64 1253.59
713.76 1253.59
713.88 1253.59
714.0 1253.59
714.12 1253.59
714.24 1253.59
714.36 1253.59
714.48 1253.59
714.6 1253.59
714.72 1253.59
714.84 1253.59
714.96 1253.59
715.08 1253.59
715.2 1253.59
715.32 1253.59
715.44 1253.59
715.56 1253.59
715.68 1253.59
715.8 1253.59
715.92 1253.59
716.04 1253.59
716.16 1253.59
716.28 1253.59
716.4 1253.59
716.52 1253.59
716.64 1253.59
716.76 1253.59
716.88 1253.59
717.0 1253.59
717.12 1253.59
717.24 1253.59
717.36 1253.59
717.48 1253.59
717.6 1253.59
717.72 1253.59
717.84 1253.59
717.96 1253.59
718.08 1253.59
718.2 1253.59
718.32 1253.59
718.44 1253.59
718.56 1253.59
718.68 1253.59
718.8 1253.59
718.92 1253.59
719.04 1253.59
719.16 1253.58
719.28 1253.58
719.4 1253.58
719.52 1253.58
719.64 1253.58
719.76 1253.58
719.88 1253.58
720.0 1253.58
720.12 1253.58
720.24 1253.58
720.36 1253.58
720.48 1253.58
720.6 1253.58
720.72 1253.58
720.84 1253.58
720.96 1253.58
721.08 1253.57
721.2 1253.57
721.32 1253.57
721.44 1253.57
721.56 1253.57
721.68 1253.57
721.8 1253.57
721.92 1253.57
722.04 1253.57
722.16 1253.57
722.28 1253.57
722.4 1253.57
722.52 1253.56
722.64 1253.56
722.76 1253.56
722.88 1253.56
723.0 1253.56
723.12 1253.56
723.24 1253.56
723.36 1253.56
723.48 1253.56
723.6 1253.56
723.72 1253.55
723.84 1253.55
723.96 1253.55
724.08 1253.55
724.2 1253.55
724.32 1253.55
724.44 1253.55
724.56 1253.55
724.68 1253.55
724.8 1253.54
724.92 1253.54
725.04 1253.54
725.16 1253.54
725.28 1253.54
725.4 1253.54
725.52 1253.54
725.64 1253.54
725.76 1253.53
725.88 1253.53
726.0 1253.53
726.12 1253.53
726.24 1253.53
726.36 1253.53
726.48 1253.53
726.6 1253.52
726.72 1253.52
726.84 1253.52
726.96 1253.52
727.08 1253.52
727.2 1253.52
727.32 1253.52
727.44 1253.51
727.56 1253.51
727.68 1253.51
727.8 1253.51
727.92 1253.51
728.04 1253.51
728.16 1253.51
728.28 1253.5
728.4 1253.5
728.52 1253.5
728.64 1253.5
728.76 1253.5
728.88 1253.5
729.0 1253.49
729.12 1253.49
729.24 1253.49
729.36 1253.49
729.48 1253.49
729.6 1253.49
729.72 1253.48
729.84 1253.48
729.96 1253.48
730.08 1253.48
730.2 1253.48
730.32 1253.48
730.44 1253.47
730.56 1253.47
730.68 1253.47
730.8 1253.47
730.92 1253.47
731.04 1253.46
731.16 1253.46
731.28 1253.46
731.4 1253.46
731.52 1253.46
731.64 1253.46
731.76 1253.45
731.88 1253.45
732.0 1253.45
732.12 1253.45
732.24 1253.45
732.36 1253.44
732.48 1253.44
732.6 1253.44
732.72 1253.44
732.84 1253.44
732.96 1253.43
733.08 1253.43
733.2 1253.43
733.32 1253.43
733.44 1253.43
733.56 1253.42
733.68 1253.42
733.8 1253.42
733.92 1253.42
734.04 1253.42
734.16 1253.41
734.28 1253.41
734.4 1253.41
734.52 1253.41
734.64 1253.41
734.76 1253.4
734.88 1253.4
735.0 1253.4
735.12 1253.4
735.24 1253.39
735.36 1253.39
735.48 1253.39
735.6 1253.39
735.72 1253.39
735.84 1253.38
735.96 1253.38
736.08 1253.38
736.2 1253.38
736.32 1253.37
736.44 1253.37
736.56 1253.37
736.68 1253.37
736.8 1253.37
736.92 1253.36
737.04 1253.36
737.16 1253.36
737.28 1253.36
737.4 1253.35
737.52 1253.35
737.64 1253.35
737.76 1253.35
737.88 1253.35
738.0 1253.34
738.12 1253.34
738.24 1253.34
738.36 1253.34
738.48 1253.33
738.6 1253.33
738.72 1253.33
738.84 1253.33
738.96 1253.32
739.08 1253.32
739.2 1253.32
739.32 1253.32
739.44 1253.31
739.56 1253.31
739.68 1253.31
739.8 1253.31
739.92 1253.3
740.04 1253.3
740.16 1253.3
740.28 1253.3
740.4 1253.29
740.52 1253.29
740.64 1253.29
740.76 1253.29
740.88 1253.29
741.0 1253.28
741.12 1253.28
741.24 1253.28
741.36 1253.27
741.48 1253.27
741.6 1253.27
741.72 1253.27
741.84 1253.26
741.96 1253.26
742.08 1253.26
742.2 1253.26
742.32 1253.25
742.44 1253.25
742.56 1253.25
742.68 1253.25
742.8 1253.24
742.92 1253.24
743.04 1253.24
743.16 1253.24
743.28 1253.23
743.4 1253.23
743.52 1253.23
743.64 1253.23
743.76 1253.22
743.88 1253.22
744.0 1253.22
744.12 1253.22
744.24 1253.21
744.36 1253.21
744.48 1253.21
744.6 1253.2
744.72 1253.2
744.84 1253.2
744.96 1253.2
745.08 1253.19
745.2 1253.19
745.32 1253.19
745.44 1253.19
745.56 1253.18
745.68 1253.18
745.8 1253.18
745.92 1253.17
746.04 1253.17
746.16 1253.17
746.28 1253.17
746.4 1253.16
746.52 1253.16
746.64 1253.16
746.76 1253.16
746.88 1253.15
747.0 1253.15
747.12 1253.15
747.24 1253.14
747.36 1253.14
747.48 1253.14
747.6 1253.14
747.72 1253.13
747.84 1253.13
747.96 1253.13
748.08 1253.12
748.2 1253.12
748.32 1253.12
748.44 1253.12
748.56 1253.11
748.68 1253.11
748.8 1253.11
748.92 1253.1
749.04 1253.1
749.16 1253.1
749.28 1253.1
749.4 1253.09
749.52 1253.09
749.64 1253.09
749.76 1253.08
749.88 1253.08
750.0 1253.08
750.12 1253.07
750.24 1253.07
750.36 1253.07
750.48 1253.07
750.6 1253.06
750.72 1253.06
750.84 1253.06
750.96 1253.05
751.08 1253.05
751.2 1253.05
751.32 1253.04
751.44 1253.04
751.56 1253.04
751.68 1253.04
751.8 1253.03
751.92 1253.03
752.04 1253.03
752.16 1253.02
752.28 1253.02
752.4 1253.02
752.52 1253.01
752.64 1253.01
752.76 1253.01
752.88 1253.01
753.0 1253.0
753.12 1253.0
753.24 1253.0
753.36 1252.99
753.48 1252.99
753.6 1252.99
753.72 1252.98
753.84 1252.98
753.96 1252.98
754.08 1252.97
754.2 1252.97
754.32 1252.97
754.44 1252.97
754.56 1252.96
754.68 1252.96
754.8 1252.96
754.92 1252.95
755.04 1252.95
755.16 1252.95
755.28 1252.94
755.4 1252.94
755.52 1252.94
755.64 1252.93
755.76 1252.93
755.88 1252.93
756.0 1252.92
756.12 1252.92
756.24 1252.92
756.36 1252.91
756.48 1252.91
756.6 1252.91
756.72 1252.91
756.84 1252.9
756.96 1252.9
757.08 1252.9
757.2 1252.89
757.32 1252.89
757.44 1252.89
757.56 1252.88
757.68 1252.88
757.8 1252.88
757.92 1252.87
758.04 1252.87
758.16 1252.87
758.28 1252.86
758.4 1252.86
758.52 1252.86
758.64 1252.85
758.76 1252.85
758.88 1252.85
759.0 1252.84
759.12 1252.84
759.24 1252.84
759.36 1252.83
759.48 1252.83
759.6 1252.83
759.72 1252.82
759.84 1252.82
759.96 1252.82
760.08 1252.81
760.2 1252.81
760.32 1252.81
760.44 1252.8
760.56 1252.8
760.68 1252.8
760.8 1252.79
760.92 1252.79
761.04 1252.79
761.16 1252.78
761.28 1252.78
761.4 1252.78
761.52 1252.77
761.64 1252.77
761.76 1252.77
761.88 1252.76
762.0 1252.76
762.12 1252.76
762.24 1252.75
762.36 1252.75
762.48 1252.75
762.6 1252.74
762.72 1252.74
762.84 1252.74
762.96 1252.73
763.08 1252.73
763.2 1252.73
763.32 1252.72
763.44 1252.72
763.56 1252.72
763.68 1252.71
763.8 1252.71
763.92 1252.71
764.04 1252.7
764.16 1252.7
764.28 1252.7
764.4 1252.69
764.52 1252.69
764.64 1252.69
764.76 1252.68
764.88 1252.68
765.0 1252.68
765.12 1252.67
765.24 1252.67
765.36 1252.66
765.48 1252.66
765.6 1252.66
765.72 1252.65
765.84 1252.65
765.96 1252.65
766.08 1252.64
766.2 1252.64
766.32 1252.64
766.44 1252.63
766.56 1252.63
766.68 1252.63
766.8 1252.62
766.92 1252.62
767.04 1252.62
767.16 1252.61
767.28 1252.61
767.4 1252.61
767.52 1252.6
767.64 1252.6
767.76 1252.59
767.88 1252.59
768.0 1252.59
768.12 1252.58
768.24 1252.58
768.36 1252.58
768.48 1252.57
768.6 1252.57
768.72 1252.57
768.84 1252.56
768.96 1252.56
769.08 1252.56
769.2 1252.55
769.32 1252.55
769.44 1252.54
769.56 1252.54
769.68 1252.54
769.8 1252.53
769.92 1252.53
770.04 1252.53
770.16 1252.52
770.28 1252.52
770.4 1252.52
770.52 1252.51
770.64 1252.51
770.76 1252.51
770.88 1252.5
771.0 1252.5
771.12 1252.49
771.24 1252.49
771.36 1252.49
771.48 1252.48
771.6 1252.48
771.72 1252.48
771.84 1252.47
771.96 1252.47
772.08 1252.47
772.2 1252.46
772.32 1252.46
772.44 1252.45
772.56 1252.45
772.68 1252.45
772.8 1252.44
772.92 1252.44
773.04 1252.44
773.16 1252.43
773.28 1252.43
773.4 1252.42
773.52 1252.42
773.64 1252.42
773.76 1252.41
773.88 1252.41
774.0 1252.41
774.12 1252.4
774.24 1252.4
774.36 1252.4
774.48 1252.39
774.6 1252.39
774.72 1252.38
774.84 1252.38
774.96 1252.38
775.08 1252.37
775.2 1252.37
775.32 1252.37
775.44 1252.36
775.56 1252.36
775.68 1252.35
775.8 1252.35
775.92 1252.35
776.04 1252.34
776.16 1252.34
776.28 1252.34
776.4 1252.33
776.52 1252.33
776.64 1252.32
776.76 1252.32
776.88 1252.32
777.0 1252.31
777.12 1252.31
777.24 1252.31
777.36 1252.3
777.48 1252.3
777.6 1252.29
777.72 1252.29
777.84 1252.29
777.96 1252.28
778.08 1252.28
778.2 1252.28
778.32 1252.27
778.44 1252.27
778.56 1252.26
778.68 1252.26
778.8 1252.26
778.92 1252.25
779.04 1252.25
779.16 1252.25
779.28 1252.24
779.4 1252.24
779.52 1252.23
779.64 1252.23
779.76 1252.23
779.88 1252.22
780.0 1252.22
780.12 1252.21
780.24 1252.21
780.36 1252.21
780.48 1252.2
780.6 1252.2
780.72 1252.2
780.84 1252.19
780.96 1252.19
781.08 1252.18
781.2 1252.18
781.32 1252.18
781.44 1252.17
781.56 1252.17
781.68 1252.17
781.8 1252.16
781.92 1252.16
782.04 1252.15
782.16 1252.15
782.28 1252.15
782.4 1252.14
782.52 1252.14
782.64 1252.14
782.76 1252.13
782.88 1252.13
783.0 1252.12
783.12 1252.12
783.24 1252.12
783.36 1252.11
783.48 1252.11
783.6 1252.1
783.72 1252.1
783.84 1252.1
783.96 1252.09
784.08 1252.09
784.2 1252.09
784.32 1252.08
784.44 1252.08
784.56 1252.07
784.68 1252.07
784.8 1252.07
784.92 1252.06
785.04 1252.06
785.16 1252.06
785.28 1252.05
785.4 1252.05
785.52 1252.04
785.64 1252.04
785.76 1252.04
785.88 1252.03
786.0 1252.03
786.12 1252.03
786.24 1252.02
786.36 1252.02
786.48 1252.01
786.6 1252.01
786.72 1252.01
786.84 1252.0
786.96 1252.0
787.08 1251.99
787.2 1251.99
787.32 1251.99
787.44 1251.98
787.56 1251.98
787.68 1251.98
787.8 1251.97
787.92 1251.97
788.04 1251.96
788.16 1251.96
788.28 1251.96
788.4 1251.95
788.52 1251.95
788.64 1251.95
788.76 1251.94
788.88 1251.94
789.0 1251.93
789.12 1251.93
789.24 1251.93
789.36 1251.92
789.48 1251.92
789.6 1251.92
789.72 1251.91
789.84 1251.91
789.96 1251.91
790.08 1251.9
790.2 1251.9
790.32 1251.89
790.44 1251.89
790.56 1251.89
790.68 1251.88
790.8 1251.88
790.92 1251.88
791.04 1251.87
791.16 1251.87
791.28 1251.86
791.4 1251.86
791.52 1251.86
791.64 1251.85
791.76 1251.85
791.88 1251.85
792.0 1251.84
792.12 1251.84
792.24 1251.84
792.36 1251.83
792.48 1251.83
792.6 1251.82
792.72 1251.82
792.84 1251.82
792.96 1251.81
793.08 1251.81
793.2 1251.81
793.32 1251.8
793.44 1251.8
793.56 1251.8
793.68 1251.79
793.8 1251.79
793.92 1251.78
794.04 1251.78
794.16 1251.78
794.28 1251.77
794.4 1251.77
794.52 1251.77
794.64 1251.76
794.76 1251.76
794.88 1251.76
795.0 1251.75
795.12 1251.75
795.24 1251.74
795.36 1251.74
795.48 1251.74
795.6 1251.73
795.72 1251.73
795.84 1251.73
795.96 1251.72
796.08 1251.72
796.2 1251.72
796.32 1251.71
796.44 1251.71
796.56 1251.71
796.68 1251.7
796.8 1251.7
796.92 1251.7
797.04 1251.69
797.16 1251.69
797.28 1251.69
797.4 1251.68
797.52 1251.68
797.64 1251.67
797.76 1251.67
797.88 1251.67
798.0 1251.66
798.12 1251.66
798.24 1251.66
798.36 1251.65
798.48 1251.65
798.6 1251.65
798.72 1251.64
798.84 1251.64
798.96 1251.64
799.08 1251.63
799.2 1251.63
799.32 1251.63
799.44 1251.62
799.56 1251.62
799.68 1251.62
799.8 1251.61
799.92 1251.61
800.04 1251.61
800.16 1251.6
800.28 1251.6
800.4 1251.6
800.52 1251.59
800.64 1251.59
800.76 1251.59
800.88 1251.59
801.0 1251.58
801.12 1251.58
801.24 1251.58
801.36 1251.58
801.48 1251.58
801.6 1251.58
801.72 1251.58
801.84 1251.58
801.96 1251.58
802.08 1251.58
802.2 1251.58
802.32 1251.58
802.44 1251.58
802.56 1251.59
802.68 1251.59
802.8 1251.59
802.92 1251.6
803.04 1251.6
803.16 1251.61
803.28 1251.62
803.4 1251.63
803.52 1251.63
803.64 1251.64
803.76 1251.65
803.88 1251.66
804.0 1251.68
804.12 1251.69
804.24 1251.7
804.36 1251.72
804.48 1251.73
804.6 1251.75
804.72 1251.77
804.84 1251.79
804.96 1251.81
805.08 1251.83
805.2 1251.85
805.32 1251.87
805.44 1251.9
805.56 1251.92
805.68 1251.95
805.8 1251.98
805.92 1252.01
806.04 1252.04
806.16 1252.07
806.28 1252.1
806.4 1252.14
806.52 1252.17
806.64 1252.21
806.76 1252.25
806.88 1252.29
807.0 1252.33
807.12 1252.37
807.24 1252.42
807.36 1252.46
807.48 1252.51
807.6 1252.56
807.72 1252.61
807.84 1252.66
807.96 1252.72
808.08 1252.77
808.2 1252.83
808.32 1252.89
808.44 1252.95
808.56 1253.01
808.68 1253.08
808.8 1253.14
808.92 1253.21
809.04 1253.28
809.16 1253.35
809.28 1253.42
809.4 1253.5
809.52 1253.58
809.64 1253.65
809.76 1253.73
809.88 1253.82
810.0 1253.9
810.12 1253.99
810.24 1254.08
810.36 1254.17
810.48 1254.26
810.6 1254.35
810.72 1254.45
810.84 1254.55
810.96 1254.65
811.08 1254.75
811.2 1254.86
811.32 1254.96
811.44 1255.07
811.56 1255.18
811.68 1255.3
811.8 1255.41
811.92 1255.53
812.04 1255.65
812.16 1255.78
812.28 1255.9
812.4 1256.03
812.52 1256.16
812.64 1256.29
812.76 1256.42
812.88 1256.56
813.0 1256.7
813.12 1256.84
813.24 1256.98
813.36 1257.13
813.48 1257.28
813.6 1257.43
813.72 1257.58
813.84 1257.74
813.96 1257.89
814.08 1258.05
814.2 1258.22
814.32 1258.38
814.44 1258.55
814.56 1258.72
814.68 1258.89
814.8 1259.07
814.92 1259.25
815.04 1259.43
815.16 1259.61
815.28 1259.8
815.4 1259.99
815.52 1260.18
815.64 1260.37
815.76 1260.57
815.88 1260.77
816.0 1260.97
816.12 1261.18
816.24 1261.39
816.36 1261.6
816.48 1261.81
816.6 1262.03
816.72 1262.25
816.84 1262.47
816.96 1262.69
817.08 1262.92
817.2 1263.15
817.32 1263.38
817.44 1263.62
817.56 1263.86
817.68 1264.1
817.8 1264.35
817.92 1264.59
818.04 1264.85
818.16 1265.1
818.28 1265.36
818.4 1265.62
818.52 1265.88
818.64 1266.14
818.76 1266.41
818.88 1266.68
819.0 1266.96
819.12 1267.24
819.24 1267.52
819.36 1267.8
819.48 1268.09
819.6 1268.38
819.72 1268.67
819.84 1268.97
819.96 1269.27
820.08 1269.57
820.2 1269.88
820.32 1270.19
820.44 1270.5
820.56 1270.81
820.68 1271.13
820.8 1271.45
820.92 1271.78
821.04 1272.11
821.16 1272.44
821.28 1272.77
821.4 1273.11
821.52 1273.45
821.64 1273.8
821.76 1274.14
821.88 1274.49
822.0 1274.85
822.12 1275.2
822.24 1275.56
822.36 1275.93
822.48 1276.3
822.6 1276.67
822.72 1277.04
822.84 1277.42
822.96 1277.8
823.08 1278.18
823.2 1278.57
823.32 1278.96
823.44 1279.35
823.56 1279.75
823.68 1280.15
823.8 1280.55
823.92 1280.96
824.04 1281.37
824.16 1281.78
824.28 1282.2
824.4 1282.62
824.52 1283.05
824.64 1283.47
824.76 1283.9
824.88 1284.34
825.0 1284.78
825.12 1285.22
825.24 1285.66
825.36 1286.11
825.48 1286.56
825.6 1287.02
825.72 1287.47
825.84 1287.93
825.96 1288.4
826.08 1288.87
826.2 1289.34
826.32 1289.82
826.44 1290.29
826.56 1290.78
826.68 1291.26
826.8 1291.75
826.92 1292.24
827.04 1292.74
827.16 1293.24
827.28 1293.74
827.4 1294.25
827.52 1294.76
827.64 1295.27
827.76 1295.79
827.88 1296.31
828.0 1296.83
828.12 1297.36
828.24 1297.89
828.36 1298.43
828.48 1298.96
828.6 1299.51
828.72 1300.05
828.84 1300.6
828.96 1301.15
829.08 1301.71
829.2 1302.26
829.32 1302.83
829.44 1303.39
829.56 1303.96
829.68 1304.53
829.8 1305.11
829.92 1305.69
830.04 1306.27
830.16 1306.86
830.28 1307.45
830.4 1308.04
830.52 1308.64
830.64 1309.24
830.76 1309.85
830.88 1310.45
831.0 1311.06
831.12 1311.68
831.24 1312.3
831.36 1312.92
831.48 1313.54
831.6 1314.17
831.72 1314.81
831.84 1315.44
831.96 1316.08
832.08 1316.72
832.2 1317.37
832.32 1318.02
832.44 1318.67
832.56 1319.33
832.68 1319.99
832.8 1320.65
832.92 1321.32
833.04 1321.99
833.16 1322.66
833.28 1323.34
833.4 1324.02
833.52 1324.7
833.64 1325.39
833.76 1326.08
833.88 1326.78
834.0 1327.48
834.12 1328.18
834.24 1328.88
834.36 1329.59
834.48 1330.3
834.6 1331.02
834.72 1331.74
834.84 1332.46
834.96 1333.18
835.08 1333.91
835.2 1334.65
835.32 1335.38
835.44 1336.12
835.56 1336.86
835.68 1337.61
835.8 1338.36
835.92 1339.11
836.04 1339.87
836.16 1340.63
836.28 1341.39
836.4 1342.16
836.52 1342.93
836.64 1343.7
836.76 1344.48
836.88 1345.26
837.0 1346.04
837.12 1346.83
837.24 1347.62
837.36 1348.41
837.48 1349.21
837.6 1350.01
837.72 1350.81
837.84 1351.62
837.96 1352.43
838.08 1353.24
838.2 1354.06
838.32 1354.88
838.44 1355.7
838.56 1356.53
838.68 1357.36
838.8 1358.19
838.92 1359.03
839.04 1359.87
839.16 1360.71
839.28 1361.56
839.4 1362.4
839.52 1363.26
839.64 1364.11
839.76 1364.97
839.88 1365.83
840.0 1366.7
840.12 1367.57
840.24 1368.44
840.36 1369.32
840.48 1370.2
840.6 1371.08
840.72 1371.96
840.84 1372.85
840.96 1373.74
841.08 1374.64
841.2 1375.53
841.32 1376.43
841.44 1377.34
841.56 1378.24
841.68 1379.15
841.8 1380.07
841.92 1380.98
842.04 1381.9
842.16 1382.83
842.28 1383.75
842.4 1384.68
842.52 1385.61
842.64 1386.55
842.76 1387.48
842.88 1388.43
843.0 1389.37
843.12 1390.32
843.24 1391.27
843.36 1392.22
843.48 1393.18
843.6 1394.14
843.72 1395.1
843.84 1396.06
843.96 1397.03
844.08 1398.0
844.2 1398.98
844.32 1399.95
844.44 1400.93
844.56 1401.92
844.68 1402.9
844.8 1403.89
844.92 1404.88
845.04 1405.88
845.16 1406.87
845.28 1407.87
845.4 1408.88
845.52 1409.88
845.64 1410.89
845.76 1411.91
845.88 1412.92
846.0 1413.94
846.12 1414.96
846.24 1415.98
846.36 1417.01
846.48 1418.04
846.6 1419.07
846.72 1420.1
846.84 1421.14
846.96 1422.18
847.08 1423.22
847.2 1424.27
847.32 1425.31
847.44 1426.37
847.56 1427.42
847.68 1428.48
847.8 1429.53
847.92 1430.6
848.04 1431.66
848.16 1432.73
848.28 1433.8
848.4 1434.87
848.52 1435.94
848.64 1437.02
848.76 1438.1
848.88 1439.18
849.0 1440.27
849.12 1441.36
849.24 1442.45
849.36 1443.54
849.48 1444.64
849.6 1445.73
849.72 1446.83
849.84 1447.94
849.96 1449.04
850.08 1450.15
850.2 1451.26
850.32 1452.38
850.44 1453.49
850.56 1454.61
850.68 1455.73
850.8 1456.85
850.92 1457.98
851.04 1459.11
851.16 1460.24
851.28 1461.37
851.4 1462.5
851.52 1463.64
851.64 1464.78
851.76 1465.92
851.88 1467.07
852.0 1468.21
852.12 1469.36
852.24 1470.51
852.36 1471.67
852.48 1472.82
852.6 1473.98
852.72 1475.14
852.84 1476.3
852.96 1477.47
853.08 1478.63
853.2 1479.8
853.32 1480.98
853.44 1482.15
853.56 1483.32
853.68 1484.5
853.8 1485.68
853.92 1486.86
854.04 1488.05
854.16 1489.24
854.28 1490.42
854.4 1491.61
854.52 1492.81
854.64 1494.0
854.76 1495.2
854.88 1496.4
855.0 1497.6
855.12 1498.8
855.24 1500.01
855.36 1501.21
855.48 1502.42
855.6 1503.63
855.72 1504.85
855.84 1506.06
855.96 1507.28
856.08 1508.5
856.2 1509.72
856.32 1510.94
856.44 1512.16
856.56 1513.39
856.68 1514.62
856.8 1515.85
856.92 1517.08
857.04 1518.31
857.16 1519.55
857.28 1520.79
857.4 1522.03
857.52 1523.27
857.64 1524.51
857.76 1525.75
857.88 1527.0
858.0 1528.25
858.12 1529.5
858.24 1530.75
858.36 1532.0
858.48 1533.26
858.6 1534.51
858.72 1535.77
858.84 1537.03
858.96 1538.29
859.08 1539.55
859.2 1540.82
859.32 1542.08
859.44 1543.35
859.56 1544.62
859.68 1545.89
859.8 1547.16
859.92 1548.44
860.04 1549.71
860.16 1550.99
860.28 1552.27
860.4 1553.55
860.52 1554.83
860.64 1556.11
860.76 1557.4
860.88 1558.68
861.0 1559.97
861.12 1561.26
861.24 1562.55
861.36 1563.84
861.48 1565.13
861.6 1566.42
861.72 1567.72
861.84 1569.02
861.96 1570.31
862.08 1571.61
862.2 1572.91
862.32 1574.21
862.44 1575.52
862.56 1576.82
862.68 1578.13
862.8 1579.43
862.92 1580.74
863.04 1582.05
863.16 1583.36
863.28 1584.67
863.4 1585.99
863.52 1587.3
863.64 1588.61
863.76 1589.93
863.88 1591.25
864.0 1592.56
864.12 1593.88
864.24 1595.2
864.36 1596.53
864.48 1597.85
864.6 1599.17
864.72 1600.5
864.84 1601.82
864.96 1603.15
865.08 1604.48
865.2 1605.8
865.32 1607.13
865.44 1608.46
865.56 1609.79
865.68 1611.13
865.8 1612.46
865.92 1613.79
866.04 1615.13
866.16 1616.46
866.28 1617.8
866.4 1619.14
866.52 1620.48
866.64 1621.82
866.76 1623.16
866.88 1624.5
867.0 1625.84
867.12 1627.18
867.24 1628.52
867.36 1629.87
867.48 1631.21
867.6 1632.55
867.72 1633.9
867.84 1635.25
867.96 1636.59
868.08 1637.94
868.2 1639.29
868.32 1640.64
868.44 1641.99
868.56 1643.34
868.68 1644.69
868.8 1646.04
868.92 1647.39
869.04 1648.75
869.16 1650.1
869.28 1651.45
869.4 1652.81
869.52 1654.16
869.64 1655.52
869.76 1656.87
869.88 1658.23
870.0 1659.58
870.12 1660.94
870.24 1662.3
870.36 1663.66
870.48 1665.02
870.6 1666.37
870.72 1667.73
870.84 1669.09
870.96 1670.45
871.08 1671.81
871.2 1673.17
871.32 1674.53
871.44 1675.89
871.56 1677.26
871.68 1678.62
871.8 1679.98
871.92 1681.34
872.04 1682.7
872.16 1684.07
872.28 1685.43
872.4 1686.79
872.52 1688.15
872.64 1689.52
872.76 1690.88
872.88 1692.25
873.0 1693.61
873.12 1694.97
873.24 1696.34
873.36 1697.7
873.48 1699.07
873.6 1700.43
873.72 1701.79
873.84 1703.16
873.96 1704.52
874.08 1705.89
874.2 1707.25
874.32 1708.62
874.44 1709.98
874.56 1711.35
874.68 1712.71
874.8 1714.08
874.92 1715.44
875.04 1716.81
875.16 1718.17
875.28 1719.53
875.4 1720.9
875.52 1722.26
875.64 1723.63
875.76 1724.99
875.88 1726.35
876.0 1727.72
876.12 1729.08
876.24 1730.44
876.36 1731.81
876.48 1733.17
876.6 1734.53
876.72 1735.89
876.84 1737.26
876.96 1738.62
877.08 1739.98
877.2 1741.34
877.32 1742.7
877.44 1744.06
877.56 1745.42
877.68 1746.78
877.8 1748.14
877.92 1749.5
878.04 1750.86
878.16 1752.22
878.28 1753.58
878.4 1754.94
878.52 1756.29
878.64 1757.65
878.76 1759.01
878.88 1760.36
879.0 1761.72
879.12 1763.07
879.24 1764.43
879.36 1765.78
879.48 1767.14
879.6 1768.49
879.72 1769.84
879.84 1771.2
879.96 1772.55
880.08 1773.9
880.2 1775.25
880.32 1776.6
880.44 1777.95
880.56 1779.3
880.68 1780.65
880.8 1782.0
880.92 1783.34
881.04 1784.69
881.16 1786.03
881.28 1787.38
881.4 1788.72
881.52 1790.07
881.64 1791.41
881.76 1792.75
881.88 1794.1
882.0 1795.44
882.12 1796.78
882.24 1798.12
882.36 1799.46
882.48 1800.79
882.6 1802.13
882.72 1803.47
882.84 1804.8
882.96 1806.14
883.08 1807.47
883.2 1808.81
883.32 1810.14
883.44 1811.47
883.56 1812.8
883.68 1814.13
883.8 1815.46
883.92 1816.79
884.04 1818.12
884.16 1819.44
884.28 1820.77
884.4 1822.09
884.52 1823.42
884.64 1824.74
884.76 1826.06
884.88 1827.38
885.0 1828.7
885.12 1830.02
885.24 1831.34
885.36 1832.65
885.48 1833.97
885.6 1835.28
885.72 1836.6
885.84 1837.91
885.96 1839.22
886.08 1840.53
886.2 1841.84
886.32 1843.15
886.44 1844.46
886.56 1845.76
886.68 1847.07
886.8 1848.37
886.92 1849.68
887.04 1850.98
887.16 1852.28
887.28 1853.58
887.4 1854.88
887.52 1856.17
887.64 1857.47
887.76 1858.76
887.88 1860.06
888.0 1861.35
888.12 1862.64
888.24 1863.93
888.36 1865.22
888.48 1866.51
888.6 1867.79
888.72 1869.08
888.84 1870.36
888.96 1871.64
889.08 1872.92
889.2 1874.2
889.32 1875.48
889.44 1876.76
889.56 1878.03
889.68 1879.31
889.8 1880.58
889.92 1881.85
890.04 1883.12
890.16 1884.39
890.28 1885.66
890.4 1886.93
890.52 1888.19
890.64 1889.46
890.76 1890.72
890.88 1891.98
891.0 1893.24
891.12 1894.49
891.24 1895.75
891.36 1897.01
891.48 1898.26
891.6 1899.51
891.72 1900.76
891.84 1902.01
891.96 1903.26
892.08 1904.5
892.2 1905.75
892.32 1906.99
892.44 1908.23
892.56 1909.47
892.68 1910.71
892.8 1911.95
892.92 1913.18
893.04 1914.42
893.16 1915.65
893.28 1916.88
893.4 1918.11
893.52 1919.34
893.64 1920.56
893.76 1921.79
893.88 1923.01
894.0 1924.23
894.12 1925.45
894.24 1926.67
894.36 1927.88
894.48 1929.1
894.6 1930.31
894.72 1931.52
894.84 1932.73
894.96 1933.94
895.08 1935.15
895.2 1936.35
895.32 1937.55
895.44 1938.75
895.56 1939.95
895.68 1941.15
895.8 1942.35
895.92 1943.54
896.04 1944.73
896.16 1945.92
896.28 1947.11
896.4 1948.3
896.52 1949.48
896.64 1950.67
896.76 1951.85
896.88 1953.03
897.0 1954.21
897.12 1955.38
897.24 1956.56
897.36 1957.73
897.48 1958.9
897.6 1960.07
897.72 1961.24
897.84 1962.4
897.96 1963.57
898.08 1964.73
898.2 1965.89
898.32 1967.05
898.44 1968.2
898.56 1969.36
898.68 1970.51
898.8 1971.66
898.92 1972.81
899.04 1973.96
899.16 1975.1
899.28 1976.24
899.4 1977.39
899.52 1978.52
899.64 1979.66
899.76 1980.8
899.88 1981.93
900.0 1983.06
