1190.04 -189.81
1190.16 -183.96
1190.28 -178.1
1190.4 -172.25
1190.52 -166.4
1190.64 -160.55
1190.76 -154.7
1190.88 -148.84
1191.0 -142.99
1191.12 -137.14
1191.24 -131.29
1191.36 -125.43
1191.48 -119.58
1191.6 -113.73
1191.72 -271.51
1191.84 -265.66
1191.96 -259.8
1192.08 -253.95
1192.2 -248.1
1192.32 -242.25
1192.44 -236.39
1192.56 -230.54
1192.68 -224.69
1192.8 -218.84
1192.92 -212.99
1193.04 -207.13
1193.16 -201.28
1193.28 -195.43
1193.4 -189.58
1193.52 -183.72
1193.64 -177.87
1193.76 -253.83
1193.88 -247.98
1194.0 -242.13
1194.12 -236.27
1194.24 -230.42
1194.36 -224.57
1194.48 -259.63
1194.6 -253.78
1194.72 -247.92
1194.84 -242.07
1194.96 -236.22
1195.08 -230.37
1195.2 -224.52
1195.32 -218.66
1195.44 -212.81
1195.56 -206.96
1195.68 -201.11
1195.8 -195.26
1195.92 -189.4
1196.04 -183.55
1196.16 -177.7
1196.28 -171.85
1196.4 -166.0
1196.52 -160.14
1196.64 -154.29
1196.76 -230.25
1196.88 -224.4
1197.0 -218.55
1197.12 -212.7
1197.24 -206.84
1197.36 -200.99
1197.48 -195.14
1197.6 -189.29
1197.72 -183.44
1197.84 -177.58
1197.96 -171.73
1198.08 -165.88
1198.2 -160.03
1198.32 -236.0
1198.44 -230.15
1198.56 -224.29
1198.68 -218.44
1198.8 -212.59
1198.92 -206.74
1199.04 -200.89
1199.16 -195.04
1199.28 -189.18
1199.4 -265.14
1199.52 -259.29
1199.64 -253.44
1199.76 -247.59
1199.88 -241.74
1200.0 -235.88
1200.12 -230.03
1200.24 -224.18
1200.36 -218.33
1200.48 -212.48
1200.6 -206.63
1200.72 -200.78
1200.84 -194.93
1200.96 -189.07
1201.08 -183.22
1201.2 -177.37
1201.32 -171.52
1201.44 -165.67
1201.56 -159.82
1201.68 -153.97
1201.8 -148.12
1201.92 -142.26
1202.04 -136.41
1202.16 -130.56
1202.28 -124.71
1202.4 -118.86
1202.52 -113.01
1202.64 -107.16
1202.76 -101.31
1202.88 -95.46
1203.0 -89.6
1203.12 -83.75
1203.24 -77.9
1203.36 -72.05
1203.48 -66.2
1203.6 -60.35
1203.72 -54.5
1203.84 -48.65
1203.96 -42.8
1204.08 -36.95
1204.2 -31.1
1204.32 -25.25
1204.44 -19.39
1204.56 -13.61
1204.68 -7.9
1204.8 -2.25
1204.92 3.33
1205.04 8.84
1205.16 14.29
1205.28 19.66
1205.4 24.96
1205.52 30.2
1205.64 35.37
1205.76 40.47
1205.88 -281.77
1206.0 -276.73
1206.12 -271.69
1206.24 -266.64
1206.36 -261.59
1206.48 -256.53
1206.6 -251.47
1206.72 -246.4
1206.84 -241.32
1206.96 -236.24
1207.08 -231.15
1207.2 -226.06
1207.32 -220.96
1207.44 -215.86
1207.56 -210.75
1207.68 -205.63
1207.8 -200.51
1207.92 -195.39
1208.04 -272.07
1208.16 -266.94
1208.28 -261.79
1208.4 -256.65
1208.52 -251.5
1208.64 -246.34
1208.76 -241.18
1208.88 -236.02
1209.0 -230.85
1209.12 -225.67
1209.24 -220.49
1209.36 -215.3
1209.48 -251.02
1209.6 -245.83
1209.72 -240.63
1209.84 -235.43
1209.96 -230.22
1210.08 -225.0
1210.2 -260.69
1210.32 -296.37
1210.44 -291.15
1210.56 -285.92
1210.68 -280.68
1210.8 -275.44
1210.92 -270.2
1211.04 -264.95
1211.16 -259.69
1211.28 -254.44
1211.4 -249.17
1211.52 -243.91
1211.64 -238.64
1211.76 -233.37
1211.88 -228.09
1212.0 -222.81
1212.12 -217.52
1212.24 -212.23
1212.36 -206.94
1212.48 -201.64
1212.6 -196.34
1212.72 -231.94
1212.84 -226.63
1212.96 -221.32
1213.08 -216.0
1213.2 -210.68
1213.32 -205.36
1213.44 -200.03
1213.56 -194.7
1213.68 -312.09
1213.8 -306.75
1213.92 -301.41
1214.04 -296.06
1214.16 -290.71
1214.28 -285.36
1214.4 -320.9
1214.52 -315.54
1214.64 -310.18
1214.76 -304.81
1214.88 -299.44
1215.0 -294.07
1215.12 -288.69
1215.24 -283.31
1215.36 -277.93
1215.48 -272.54
1215.6 -267.15
1215.72 -261.76
1215.84 -256.36
1215.96 -291.88
1216.08 -327.38
1216.2 -321.98
1216.32 -316.57
1216.44 -311.16
1216.56 -305.49
1216.68 -299.81
1216.8 -294.13
1216.92 -329.36
1217.04 -323.68
1217.16 -318.0
1217.28 -312.32
1217.4 -306.64
1217.52 -300.97
1217.64 -295.29
1217.76 -289.62
1217.88 -283.94
1218.0 -319.17
1218.12 -313.5
1218.24 -307.83
1218.36 -302.15
1218.48 -296.48
1218.6 -331.72
1218.72 -326.06
1218.84 -320.39
1218.96 -314.72
1219.08 -309.05
1219.2 -303.39
1219.32 -297.72
1219.44 -292.05
1219.56 -286.39
1219.68 -280.73
1219.8 -275.06
1219.92 -269.4
