115.08 5622.47
115.2 5628.38
115.32 5634.29
115.44 5640.2
115.56 5646.5
115.68 5652.4
115.8 5658.31
115.92 5664.22
116.04 5670.13
116.16 5676.04
116.28 5681.95
116.4 5688.41
116.52 5694.31
116.64 5700.22
116.76 5706.13
116.88 5712.04
117.0 5717.95
117.12 5723.85
117.24 5729.76
117.36 5735.67
117.48 5742.0
117.6 5747.91
117.72 5753.81
117.84 5759.72
117.96 5765.63
118.08 5771.57
118.2 5777.48
118.32 5783.38
118.44 5789.29
118.56 5795.2
118.68 5801.1
118.8 5807.01
118.92 5812.92
119.04 5819.74
119.16 5825.64
119.28 5831.55
119.4 5837.46
119.52 5843.36
119.64 5849.27
119.76 5855.18
119.88 5861.35
120.0 5867.25
120.12 5873.16
120.24 5879.06
120.36 5884.97
120.48 5890.88
120.6 5896.89
120.72 5902.8
120.84 5908.71
120.96 5914.61
121.08 5920.52
121.2 5926.42
121.32 5932.33
121.44 5938.78
121.56 5944.68
121.68 5950.59
121.8 5956.49
121.92 5962.4
122.04 5968.31
122.16 5974.21
122.28 5980.12
122.4 5986.36
122.52 5992.27
122.64 5998.17
122.76 6004.08
122.88 6009.98
123.0 6015.89
123.12 6021.62
123.24 6027.53
123.36 6033.43
123.48 6039.34
123.6 6045.24
123.72 6051.15
123.84 6057.05
123.96 6062.96
124.08 6068.86
124.2 6074.9
124.32 6080.8
124.44 6086.71
124.56 6092.61
124.68 6098.51
124.8 6104.42
124.92 6110.78
125.04 6116.69
125.16 6122.59
125.28 6128.49
125.4 6134.4
125.52 6140.3
125.64 6146.21
125.76 6152.01
125.88 6157.91
126.0 6163.82
126.12 6169.72
126.24 6175.62
126.36 6181.53
126.48 6187.43
126.6 6193.33
126.72 6199.24
126.84 6205.14
126.96 6210.69
127.08 6216.59
127.2 6222.49
127.32 6228.63
127.44 6234.53
127.56 6240.43
127.68 6246.33
127.8 6252.24
127.92 6258.14
128.04 6264.04
128.16 6269.94
128.28 6275.55
128.4 6281.45
128.52 6287.35
128.64 6293.25
128.76 6299.16
128.88 6305.06
129.0 6311.42
129.12 6317.32
129.24 6323.23
129.36 6329.13
129.48 6335.03
129.6 6340.93
129.72 6346.83
129.84 6352.73
129.96 6358.64
