115.08 7898.73
115.2 7904.73
115.32 7910.72
115.44 7916.72
115.56 7914.87
115.68 7920.86
115.8 7926.85
115.92 7932.85
116.04 7938.84
116.16 7944.84
116.28 7950.83
116.4 7956.83
116.52 7953.36
116.64 7959.35
116.76 7965.35
116.88 7971.34
117.0 7977.34
117.12 7983.33
117.24 7984.09
117.36 7990.08
117.48 7996.08
117.6 8002.07
117.72 8008.07
117.84 8014.06
117.96 8020.06
118.08 8019.2
118.2 8025.2
118.32 8031.19
118.44 8037.19
118.56 8043.18
118.68 8049.18
118.8 8055.17
118.92 8056.45
119.04 8062.44
119.16 8068.44
119.28 8074.43
119.4 8080.43
119.52 8086.42
119.64 8092.42
119.76 8092.23
119.88 8098.22
120.0 8104.22
120.12 8110.21
120.24 8116.21
120.36 8122.2
120.48 8128.2
120.6 8134.19
120.72 8132.62
120.84 8138.61
120.96 8144.61
121.08 8150.6
121.2 8156.6
121.32 8162.59
121.44 8164.77
121.56 8170.76
121.68 8176.76
121.8 8182.75
121.92 8188.75
122.04 8194.74
122.16 8200.74
122.28 8206.73
122.4 8205.9
122.52 8211.9
122.64 8217.89
122.76 8223.89
122.88 8229.88
123.0 8235.88
123.12 8237.7
123.24 8243.7
123.36 8249.69
123.48 8255.69
123.6 8261.68
123.72 8267.68
123.84 8273.67
123.96 8275.11
124.08 8281.1
124.2 8287.1
124.32 8293.09
124.44 8299.09
124.56 8305.09
124.68 8311.08
124.8 8317.08
124.92 8318.24
125.04 8324.24
125.16 8330.23
125.28 8336.23
125.4 8342.22
125.52 8348.22
125.64 8354.21
125.76 8355.43
125.88 8361.42
126.0 8367.42
126.12 8373.41
126.24 8379.41
126.36 8385.4
126.48 8388.32
126.6 8394.32
126.72 8400.31
126.84 8406.31
126.96 8412.3
127.08 8418.3
127.2 8424.29
127.32 8427.02
127.44 8433.01
127.56 8439.01
127.68 8445.0
127.8 8451.0
127.92 8456.99
128.04 8462.99
128.16 8466.2
128.28 8472.2
128.4 8478.19
128.52 8484.19
128.64 8490.18
128.76 8496.18
128.88 8502.17
129.0 8508.17
129.12 8510.05
129.24 8516.05
129.36 8522.04
129.48 8528.04
129.6 8534.03
129.72 8540.03
129.84 8544.59
129.96 8550.58
