2260.08 3
2260.2 3
2260.32 3
2260.44 3
2260.56 3
2260.68 3
2260.8 3
2260.92 3
2261.04 3
2261.16 3
2261.28 3
2261.4 3
2261.52 3
2261.64 3
2261.76 3
2261.88 3
2262.0 3
2262.12 3
2262.24 3
2262.36 3
2262.48 3
2262.6 3
2262.72 3
2262.84 3
2262.96 3
2263.08 3
2263.2 3
2263.32 3
2263.44 3
2263.56 3
2263.68 3
2263.8 3
2263.92 3
2264.04 3
2264.16 3
2264.28 3
2264.4 3
2264.52 3
2264.64 3
2264.76 3
2264.88 3
2265.0 3
2265.12 3
2265.24 3
2265.36 3
2265.48 3
2265.6 3
2265.72 3
2265.84 3
2265.96 3
2266.08 3
2266.2 3
2266.32 3
2266.44 3
2266.56 3
2266.68 3
2266.8 3
2266.92 3
2267.04 3
2267.16 3
2267.28 3
2267.4 3
2267.52 3
2267.64 3
2267.76 3
2267.88 3
2268.0 3
2268.12 3
2268.24 3
2268.36 3
2268.48 3
2268.6 3
2268.72 3
2268.84 3
2268.96 3
2269.08 3
2269.2 3
2269.32 3
2269.44 3
2269.56 3
2269.68 3
2269.8 3
2269.92 3
2270.04 3
2270.16 3
2270.28 3
2270.4 3
2270.52 3
2270.64 3
2270.76 3
2270.88 3
2271.0 3
2271.12 3
2271.24 3
2271.36 3
2271.48 3
2271.6 3
2271.72 3
2271.84 3
2271.96 3
2272.08 3
2272.2 3
2272.32 3
2272.44 3
2272.56 3
2272.68 3
2272.8 3
2272.92 3
2273.04 3
2273.16 3
2273.28 3
2273.4 3
2273.52 3
2273.64 3
2273.76 3
2273.88 3
2274.0 3
2274.12 3
2274.24 3
2274.36 3
2274.48 3
2274.6 3
2274.72 3
2274.84 3
2274.96 3
2275.08 3
2275.2 3
2275.32 3
2275.44 3
2275.56 3
2275.68 3
2275.8 3
2275.92 3
2276.04 3
2276.16 3
2276.28 3
2276.4 3
2276.52 3
2276.64 3
2276.76 3
2276.88 3
2277.0 3
2277.12 3
2277.24 3
2277.36 3
2277.48 3
2277.6 3
2277.72 3
2277.84 3
2277.96 3
2278.08 3
2278.2 3
2278.32 3
2278.44 3
2278.56 3
2278.68 3
2278.8 3
2278.92 3
2279.04 3
2279.16 3
2279.28 3
2279.4 3
2279.52 3
2279.64 3
2279.76 3
2279.88 3
2280.0 3
