1190.04 -131.38
1190.76 -138.18
1191.6 -137.25
1192.44 -136.31
1193.28 -135.36
1194.24 -127.08
1194.96 -133.45
1195.8 -132.49
1196.76 -124.2
1197.6 -123.23
1198.32 -129.59
1199.16 -128.62
1200.0 -127.64
1200.84 -126.67
1201.8 -118.77
1202.52 -125.12
1203.36 -124.15
1204.32 -115.85
1205.04 -122.21
1205.88 -121.24
1206.72 -120.26
1207.68 -111.96
1208.4 -118.33
1209.24 -117.36
1210.08 -116.41
1210.92 -115.45
1211.76 -114.49
1212.72 -106.22
1213.44 -112.59
1214.28 -111.66
1215.12 -110.72
1215.96 -109.78
1217.16 -86.89
1217.64 -107.93
1218.6 -99.7
1219.44 -98.78
