115.08 5725.55
115.2 5731.46
115.32 5737.38
115.44 5743.3
115.56 5749.22
115.68 5755.13
115.8 5761.05
115.92 5766.97
116.04 5772.88
116.16 5778.8
116.28 5784.72
116.4 5790.63
116.52 5796.55
116.64 5802.47
116.76 5808.38
116.88 5814.3
117.0 5820.21
117.12 5826.13
117.24 5832.05
117.36 5837.96
117.48 5843.88
117.6 5849.79
117.72 5855.71
117.84 5861.62
117.96 5867.54
118.08 5873.45
118.2 5879.37
118.32 5885.28
118.44 5891.2
118.56 5897.11
118.68 5903.03
118.8 5908.94
118.92 5914.86
119.04 5920.77
119.16 5926.69
119.28 5932.6
119.4 5938.51
119.52 5944.43
119.64 5950.34
119.76 5956.26
119.88 5962.17
120.0 5968.08
120.12 5974.0
120.24 5979.91
120.36 5985.82
120.48 5991.74
120.6 5997.65
120.72 6003.56
120.84 6009.48
120.96 6015.39
121.08 6021.3
121.2 6027.21
121.32 6033.13
121.44 6039.04
121.56 6044.95
121.68 6050.86
121.8 6056.77
121.92 6062.69
122.04 6068.6
122.16 6074.51
122.28 6080.42
122.4 6086.33
122.52 6092.25
122.64 6098.16
122.76 6104.07
122.88 6109.98
123.0 6115.89
123.12 6121.8
123.24 6127.71
123.36 6133.62
123.48 6139.53
123.6 6145.45
123.72 6151.36
123.84 6157.27
123.96 6163.18
124.08 6169.09
124.2 6175.0
124.32 6180.91
124.44 6186.82
124.56 6192.73
124.68 6198.64
124.8 6204.55
124.92 6210.46
125.04 6216.37
125.16 6222.28
125.28 6228.19
125.4 6234.09
125.52 6240.0
125.64 6245.91
125.76 6251.82
125.88 6257.73
126.0 6263.64
126.12 6269.55
126.24 6275.46
126.36 6281.37
126.48 6287.27
126.6 6293.18
126.72 6299.09
126.84 6305.0
126.96 6310.91
127.08 6316.81
127.2 6322.72
127.32 6328.63
127.44 6334.54
127.56 6340.45
127.68 6346.35
127.8 6352.26
127.92 6358.17
128.04 6364.07
128.16 6369.98
128.28 6375.89
128.4 6381.8
128.52 6387.7
128.64 6393.61
128.76 6399.52
128.88 6405.42
129.0 6411.33
129.12 6417.24
129.24 6423.14
129.36 6429.05
129.48 6434.95
129.6 6440.86
129.72 6446.77
129.84 6452.67
129.96 6458.58
