0.0 -0.01
1.2 -0.0
2.4 -0.0
3.6 -0.0
4.8 -0.0
6.0 -0.0
7.2 -0.0
8.4 -0.0
9.6 -0.0
10.8 -0.0
12.0 -0.0
13.2 -0.0
14.4 -0.0
15.6 -0.0
16.8 -0.0
18.0 -0.0
19.2 -0.0
20.4 -0.0
21.6 -0.0
22.8 -0.0
24.0 -0.0
25.2 -0.0
26.4 -0.0
27.6 -0.0
28.8 -0.0
30.0 -0.0
31.2 -0.0
32.4 -0.0
33.6 -0.0
34.8 -0.0
36.0 -0.0
37.2 -0.0
38.4 -0.0
39.6 -0.0
40.8 -0.0
42.0 -0.0
43.2 -0.0
44.4 -0.0
45.6 -0.0
46.8 -0.0
48.0 -0.0
49.2 -0.0
50.4 -0.0
51.6 -0.0
52.8 -0.0
54.0 -0.0
55.2 -0.0
56.4 -0.0
57.6 -0.0
58.8 -0.0
60.0 -0.0
61.2 -0.0
62.4 -0.0
63.6 -0.0
64.8 -0.0
66.0 -0.0
67.2 -0.0
68.4 -0.0
69.6 -0.0
70.8 -0.0
72.0 -0.0
73.2 -0.0
74.4 -0.0
75.6 -0.0
76.8 -0.0
78.0 -0.0
79.2 -0.0
80.4 -0.0
81.6 -0.0
82.8 -0.0
84.0 -0.0
85.2 -0.0
86.4 -0.0
87.6 -0.0
88.8 -0.0
90.0 -0.0
91.2 -0.0
92.4 -0.0
93.6 -0.0
94.8 -0.0
96.0 -0.0
97.2 -0.0
98.4 -0.0
99.6 -0.0
100.8 -0.0
102.0 -0.0
103.2 -0.0
104.4 -0.0
105.6 -0.0
106.8 -0.0
108.0 -0.0
109.2 -0.0
110.4 -0.0
111.6 -0.0
112.8 -0.0
114.0 -0.0
115.2 -0.0
116.4 -0.0
117.6 -0.0
118.8 -0.0
120.0 -0.0
121.2 -0.0
122.4 -0.0
123.6 -0.0
124.8 -0.0
126.0 -0.0
127.2 -0.0
128.4 -0.0
129.6 -0.0
130.8 -0.0
132.0 -0.0
133.2 -0.0
134.4 -0.0
135.6 -0.0
136.8 -0.0
138.0 -0.0
139.2 -0.0
140.4 -0.0
141.6 -0.0
142.8 -0.0
144.0 -0.0
145.2 -0.0
146.4 -0.0
147.6 -0.0
148.8 -0.0
150.0 -0.0
151.2 -0.0
152.4 -0.0
153.6 -0.0
154.8 -0.0
156.0 -0.0
157.2 -0.0
158.4 -0.0
159.6 -0.0
160.8 -0.0
162.0 -0.0
163.2 -0.0
164.4 -0.0
165.6 -0.0
166.8 -0.0
168.0 -0.0
169.2 -0.0
170.4 -0.0
171.6 -0.0
172.8 -0.0
174.0 -0.0
175.2 -0.0
176.4 -0.0
177.6 -0.0
178.8 -0.0
180.0 -0.0
181.2 -0.0
182.4 -0.0
183.6 -0.0
184.8 -0.0
186.0 -0.0
187.2 -0.0
188.4 -0.0
189.6 -0.0
190.8 -0.0
192.0 -0.0
193.2 -0.0
194.4 -0.0
195.6 -0.0
196.8 -0.0
198.0 -0.0
199.2 -0.0
200.4 -0.0
201.6 -0.0
202.8 -0.0
204.0 -0.0
205.2 -0.0
206.4 -0.0
207.6 -0.0
208.8 -0.0
210.0 -0.0
211.2 -0.0
212.4 -0.0
213.6 -0.0
214.8 -0.0
216.0 -0.0
217.2 -0.0
218.4 -0.0
219.6 -0.0
220.8 -0.0
222.0 -0.0
223.2 -0.0
224.4 -0.0
225.6 -0.0
226.8 -0.0
228.0 -0.0
229.2 -0.0
230.4 -0.0
231.6 -0.0
232.8 -0.0
234.0 -0.0
235.2 -0.0
236.4 -0.0
237.6 -0.0
238.8 -0.0
240.0 -0.0
241.2 -0.0
242.4 -0.0
243.6 -0.0
244.8 -0.0
246.0 -0.0
247.2 -0.0
248.4 -0.0
249.6 -0.0
250.8 -0.0
252.0 -0.0
253.2 -0.0
254.4 -0.0
255.6 -0.0
256.8 -0.0
258.0 -0.0
259.2 -0.0
260.4 -0.0
261.6 -0.0
262.8 -0.0
264.0 -0.0
265.2 -0.0
266.4 -0.0
267.6 -0.0
268.8 -0.0
270.0 -0.0
271.2 -0.0
272.4 -0.0
273.6 -0.0
274.8 -0.0
276.0 -0.0
277.2 -0.0
278.4 -0.0
279.6 -0.0
280.8 -0.0
282.0 -0.0
283.2 -0.0
284.4 -0.0
285.6 -0.0
286.8 -0.0
288.0 -0.0
289.2 -0.0
290.4 -0.0
291.6 -0.0
292.8 0.0
294.0 0.0
295.2 0.0
296.4 0.0
297.6 0.0
298.8 0.0
300.0 0.0
301.2 0.0
302.4 0.0
303.6 0.0
304.8 0.0
306.0 0.0
307.2 0.0
308.4 0.0
309.6 0.0
310.8 0.0
312.0 0.0
313.2 0.0
314.4 0.0
315.6 0.0
316.8 0.0
318.0 0.0
319.2 0.0
320.4 0.0
321.6 0.0
322.8 0.0
324.0 0.0
325.2 0.0
326.4 0.0
327.6 0.0
328.8 0.0
330.0 0.0
331.2 0.0
332.4 0.0
333.6 0.0
334.8 0.0
336.0 0.0
337.2 0.0
338.4 0.0
339.6 0.0
340.8 0.0
342.0 0.0
343.2 0.0
344.4 0.0
345.6 0.0
346.8 0.0
348.0 0.0
349.2 0.0
350.4 0.0
351.6 0.0
352.8 0.0
354.0 0.0
355.2 0.0
356.4 0.0
357.6 0.0
358.8 0.0
360.0 0.0
361.2 0.0
362.4 0.0
363.6 0.0
364.8 0.0
366.0 0.0
367.2 0.0
368.4 0.0
369.6 0.0
370.8 0.0
372.0 0.0
373.2 0.0
374.4 0.0
375.6 0.0
376.8 0.0
378.0 0.0
379.2 0.0
380.4 0.0
381.6 0.0
382.8 0.0
384.0 0.0
385.2 0.0
386.4 0.0
387.6 0.0
388.8 0.0
390.0 0.0
391.2 0.0
392.4 0.0
393.6 0.0
394.8 0.0
396.0 0.0
397.2 0.0
398.4 0.0
399.6 0.0
400.8 0.0
402.0 0.0
403.2 0.0
404.4 0.0
405.6 0.0
406.8 0.0
408.0 0.0
409.2 0.0
410.4 0.0
411.6 0.0
412.8 0.0
414.0 0.0
415.2 0.0
416.4 0.0
417.6 0.0
418.8 0.0
420.0 0.0
421.2 0.0
422.4 0.0
423.6 0.0
424.8 0.0
426.0 0.0
427.2 0.0
428.4 0.0
429.6 0.0
430.8 0.0
432.0 0.0
433.2 0.0
434.4 0.0
435.6 0.0
436.8 0.0
438.0 0.0
439.2 0.0
440.4 0.0
441.6 0.0
442.8 0.0
444.0 0.0
445.2 0.0
446.4 0.0
447.6 0.0
448.8 0.0
450.0 0.0
451.2 0.0
452.4 0.0
453.6 0.0
454.8 0.0
456.0 0.0
457.2 0.0
458.4 0.0
459.6 0.0
460.8 0.0
462.0 0.0
463.2 0.0
464.4 0.0
465.6 0.0
466.8 0.0
468.0 0.0
469.2 0.0
470.4 0.0
471.6 0.0
472.8 0.0
474.0 0.0
475.2 0.0
476.4 0.0
477.6 0.0
478.8 0.0
480.0 0.0
481.2 0.0
482.4 0.0
483.6 0.0
484.8 0.0
486.0 0.0
487.2 0.0
488.4 0.0
489.6 0.0
490.8 0.0
492.0 0.0
493.2 0.0
494.4 0.0
495.6 0.0
496.8 0.0
498.0 0.0
499.2 0.0
500.4 0.0
501.6 0.0
502.8 0.0
504.0 0.0
505.2 0.0
506.4 0.0
507.6 0.0
508.8 0.0
510.0 0.0
511.2 0.0
512.4 0.0
513.6 0.0
514.8 0.0
516.0 0.0
517.2 0.0
518.4 0.0
519.6 0.0
520.8 0.0
522.0 0.0
523.2 0.0
524.4 0.0
525.6 0.0
526.8 0.0
528.0 0.0
529.2 0.0
530.4 0.0
531.6 0.0
532.8 0.0
534.0 0.0
535.2 0.0
536.4 0.0
537.6 0.0
538.8 0.0
540.0 0.0
541.2 0.0
542.4 0.0
543.6 0.0
544.8 0.0
546.0 0.0
547.2 0.0
548.4 0.0
549.6 0.0
550.8 0.0
552.0 0.0
553.2 0.0
554.4 0.0
555.6 0.0
556.8 0.0
558.0 0.0
559.2 -0.04
560.4 -0.04
561.6 -0.04
562.8 -0.03
564.0 -0.03
565.2 -0.03
566.4 -0.02
567.6 -0.02
568.8 -0.02
570.0 -0.01
571.2 -0.01
572.4 -0.01
573.6 -0.01
574.8 -0.01
576.0 -0.01
577.2 -0.0
578.4 -0.0
579.6 -0.0
580.8 -0.0
582.0 0.0
583.2 0.0
584.4 0.0
585.6 0.0
586.8 0.0
588.0 0.0
589.2 0.0
590.4 0.01
591.6 0.01
592.8 0.01
594.0 0.01
595.2 0.01
596.4 0.01
597.6 0.01
598.8 0.01
600.0 0.01
601.2 0.01
602.4 0.01
603.6 0.01
604.8 0.01
606.0 0.01
607.2 0.01
608.4 0.01
609.6 0.01
610.8 0.01
612.0 0.01
613.2 0.01
614.4 0.01
615.6 0.01
616.8 0.01
618.0 0.01
619.2 0.01
620.4 0.01
621.6 0.01
622.8 0.01
624.0 0.01
625.2 0.01
626.4 0.01
627.6 0.01
628.8 0.01
630.0 0.01
631.2 0.01
632.4 0.01
633.6 0.01
634.8 0.01
636.0 0.01
637.2 0.01
638.4 0.01
639.6 0.01
640.8 0.01
642.0 0.01
643.2 0.01
644.4 0.0
645.6 0.0
646.8 0.0
648.0 0.0
649.2 0.0
650.4 0.0
651.6 0.0
652.8 0.0
654.0 0.0
655.2 0.0
656.4 0.0
657.6 0.0
658.8 -0.01
660.0 -0.01
661.2 -0.01
662.4 -0.01
663.6 -0.01
664.8 -0.0
666.0 -0.06
667.2 -0.05
668.4 -0.05
669.6 -0.04
670.8 -0.04
672.0 -0.03
673.2 -0.03
674.4 -0.02
675.6 -0.02
676.8 -0.02
678.0 -0.01
679.2 -0.01
680.4 -0.01
681.6 -0.01
682.8 -0.0
684.0 -0.0
685.2 -0.0
686.4 0.0
687.6 0.0
688.8 0.0
690.0 0.0
691.2 0.01
692.4 0.01
693.6 0.01
694.8 0.01
696.0 0.01
697.2 0.01
698.4 0.01
699.6 0.01
700.8 0.01
702.0 0.01
703.2 0.01
704.4 0.01
705.6 0.01
706.8 0.01
708.0 0.01
709.2 0.01
710.4 0.01
711.6 0.01
712.8 0.01
714.0 0.01
715.2 0.01
716.4 0.01
717.6 0.01
718.8 0.01
720.0 0.01
721.2 0.01
722.4 0.01
723.6 0.01
724.8 0.01
726.0 0.01
727.2 0.01
728.4 0.01
729.6 0.01
730.8 0.01
732.0 0.01
733.2 0.01
734.4 0.01
735.6 0.01
736.8 0.01
738.0 0.01
739.2 0.01
740.4 0.01
741.6 0.01
742.8 0.01
744.0 0.01
745.2 0.01
746.4 0.01
747.6 0.01
748.8 0.01
750.0 0.01
751.2 0.01
752.4 0.01
753.6 0.01
754.8 0.01
756.0 0.01
757.2 0.01
758.4 0.01
759.6 0.01
760.8 0.01
762.0 0.01
763.2 0.01
764.4 0.01
765.6 0.01
766.8 0.0
768.0 0.0
769.2 0.0
770.4 0.0
771.6 0.0
772.8 0.0
774.0 0.0
775.2 0.0
776.4 0.0
777.6 0.0
778.8 0.0
780.0 0.0
781.2 0.0
782.4 0.0
783.6 0.0
784.8 0.0
786.0 -0.09
787.2 -0.08
788.4 -0.07
789.6 -0.06
790.8 -0.06
792.0 -0.05
793.2 -0.04
794.4 -0.04
795.6 -0.03
796.8 -0.03
798.0 -0.02
799.2 -0.02
800.4 -0.02
801.6 -0.01
802.8 -0.01
804.0 -0.01
805.2 -0.01
806.4 -0.0
807.6 -0.0
808.8 0.0
810.0 0.0
811.2 0.0
812.4 0.01
813.6 0.01
814.8 0.01
816.0 0.01
817.2 0.01
818.4 0.01
819.6 0.01
820.8 0.01
822.0 0.01
823.2 0.01
824.4 0.01
825.6 0.01
826.8 0.01
828.0 0.01
829.2 0.01
830.4 0.01
831.6 0.01
832.8 0.01
834.0 0.01
835.2 0.01
836.4 0.01
837.6 0.01
838.8 0.01
840.0 0.01
841.2 0.01
842.4 0.01
843.6 0.01
844.8 0.01
846.0 0.01
847.2 0.01
848.4 0.01
849.6 0.01
850.8 0.01
852.0 0.01
853.2 0.01
854.4 0.01
855.6 0.01
856.8 0.01
858.0 0.01
859.2 0.01
860.4 0.01
861.6 0.01
862.8 0.01
864.0 0.01
865.2 0.01
866.4 0.01
867.6 0.01
868.8 0.01
870.0 0.01
871.2 0.01
872.4 0.01
873.6 0.01
874.8 0.01
876.0 0.01
877.2 0.01
878.4 0.01
879.6 0.01
880.8 0.01
882.0 0.01
883.2 0.01
884.4 0.01
885.6 0.01
886.8 0.01
888.0 0.0
889.2 0.0
890.4 0.0
891.6 0.0
892.8 0.0
894.0 0.0
895.2 0.0
896.4 0.0
897.6 0.0
898.8 0.0
900.0 0.0
901.2 0.0
902.4 0.0
903.6 0.0
904.8 0.0
906.0 0.0
907.2 0.0
908.4 0.0
909.6 0.0
910.8 0.0
912.0 -0.01
913.2 -0.01
914.4 -0.01
915.6 -0.01
916.8 -0.01
918.0 -0.01
919.2 -0.01
920.4 -0.01
921.6 -0.0
922.8 -0.0
924.0 -0.0
925.2 -0.0
926.4 -0.0
927.6 -0.0
928.8 -0.0
930.0 -0.0
931.2 -0.0
932.4 -0.0
933.6 -0.0
934.8 -0.0
936.0 -0.0
937.2 0.0
938.4 0.0
939.6 0.0
940.8 0.0
942.0 0.0
943.2 0.0
944.4 0.0
945.6 0.0
946.8 0.0
948.0 0.0
949.2 0.0
950.4 0.0
951.6 0.0
952.8 0.0
954.0 0.0
955.2 0.0
956.4 0.0
957.6 0.0
958.8 0.0
960.0 0.0
961.2 -0.0
962.4 -0.0
963.6 -0.0
964.8 -0.0
966.0 -0.0
967.2 -0.0
968.4 -0.0
969.6 -0.0
970.8 -0.0
972.0 -0.0
973.2 -0.0
974.4 -0.0
975.6 -0.0
976.8 -0.0
978.0 -0.0
979.2 -0.0
980.4 -0.0
981.6 -0.0
982.8 -0.0
984.0 -0.0
985.2 -0.0
986.4 -0.0
987.6 -0.0
988.8 -0.0
990.0 -0.0
991.2 -0.0
992.4 -0.0
993.6 -0.0
994.8 -0.0
996.0 -0.0
997.2 -0.0
998.4 -0.0
999.6 -0.0
1000.8 -0.0
1002.0 -0.0
1003.2 -0.0
1004.4 -0.0
1005.6 -0.0
1006.8 -0.0
1008.0 -0.0
1009.2 -0.0
1010.4 -0.0
1011.6 -0.0
1012.8 -0.0
1014.0 -0.0
1015.2 -0.0
1016.4 -0.0
1017.6 -0.0
1018.8 -0.0
1020.0 -0.0
1021.2 -0.0
1022.4 -0.0
1023.6 -0.0
1024.8 -0.0
1026.0 -0.0
1027.2 -0.0
1028.4 -0.0
1029.6 -0.0
1030.8 -0.0
1032.0 -0.0
1033.2 -0.0
1034.4 -0.0
1035.6 -0.0
1036.8 -0.0
1038.0 -0.0
1039.2 -0.0
1040.4 -0.0
1041.6 -0.0
1042.8 -0.0
1044.0 -0.0
1045.2 -0.0
1046.4 -0.0
1047.6 -0.0
1048.8 -0.0
1050.0 -0.0
1051.2 -0.0
1052.4 -0.0
1053.6 -0.0
1054.8 -0.0
1056.0 -0.0
1057.2 -0.0
1058.4 -0.0
1059.6 -0.0
1060.8 -0.0
1062.0 -0.0
1063.2 -0.0
1064.4 -0.0
1065.6 -0.0
1066.8 -0.0
1068.0 -0.0
1069.2 -0.0
1070.4 -0.14
1071.6 -0.14
1072.8 -0.13
1074.0 -0.11
1075.2 -0.1
1076.4 -0.09
1077.6 -0.08
1078.8 -0.07
1080.0 -0.06
1081.2 -0.05
1082.4 -0.05
1083.6 -0.04
1084.8 -0.04
1086.0 -0.04
1087.2 -0.04
1088.4 -0.04
1089.6 -0.04
1090.8 -0.03
1092.0 -0.03
1093.2 -0.03
1094.4 -0.03
1095.6 -0.03
1096.8 -0.03
1098.0 -0.02
1099.2 -0.02
1100.4 -0.02
1101.6 -0.02
1102.8 -0.02
1104.0 -0.02
1105.2 -0.01
1106.4 -0.01
1107.6 -0.01
1108.8 -0.01
1110.0 -0.01
1111.2 -0.01
1112.4 -0.01
1113.6 -0.0
1114.8 -0.0
1116.0 -0.0
1117.2 0.0
1118.4 0.0
1119.6 0.0
1120.8 0.0
1122.0 0.01
1123.2 0.01
1124.4 0.01
1125.6 0.01
1126.8 0.01
1128.0 0.01
1129.2 0.01
1130.4 0.01
1131.6 0.02
1132.8 0.02
1134.0 0.02
1135.2 0.02
1136.4 0.02
1137.6 0.02
1138.8 0.02
1140.0 0.02
1141.2 0.02
1142.4 0.02
1143.6 0.03
1144.8 0.03
1146.0 0.03
1147.2 0.03
1148.4 0.03
1149.6 0.03
1150.8 0.03
1152.0 0.03
1153.2 0.03
1154.4 0.03
1155.6 0.03
1156.8 0.03
1158.0 0.03
1159.2 0.03
1160.4 0.03
1161.6 0.03
1162.8 0.03
1164.0 0.03
1165.2 0.03
1166.4 0.03
1167.6 0.03
1168.8 0.04
1170.0 0.04
1171.2 0.04
1172.4 0.04
1173.6 0.04
1174.8 0.04
1176.0 0.04
1177.2 0.03
1178.4 0.03
1179.6 0.03
1180.8 0.03
1182.0 0.03
1183.2 0.03
1184.4 0.03
1185.6 0.03
1186.8 0.03
1188.0 0.03
1189.2 0.03
1190.4 0.03
1191.6 0.03
1192.8 0.03
1194.0 0.03
1195.2 0.03
1196.4 0.03
1197.6 0.03
1198.8 0.03
1200.0 0.03
1201.2 0.03
1202.4 0.03
1203.6 0.03
1204.8 -0.01
1206.0 -0.16
1207.2 -0.31
1208.4 -0.35
1209.6 -0.34
1210.8 -0.34
1212.0 -0.33
1213.2 -0.32
1214.4 -0.31
1215.6 -0.31
1216.8 -0.3
1218.0 -0.29
1219.2 -0.28
1220.4 -0.27
1221.6 -0.26
1222.8 -0.26
1224.0 -0.25
1225.2 -0.24
1226.4 -0.23
1227.6 -0.22
1228.8 -0.21
1230.0 -0.2
1231.2 -0.2
1232.4 -0.19
1233.6 -0.18
1234.8 -0.17
1236.0 -0.16
1237.2 -0.15
1238.4 -0.14
1239.6 -0.14
1240.8 -0.13
1242.0 -0.12
1243.2 -0.11
1244.4 -0.1
1245.6 -0.09
1246.8 -0.09
1248.0 -0.08
1249.2 -0.07
1250.4 -0.06
1251.6 -0.06
1252.8 -0.05
1254.0 -0.04
1255.2 -0.03
1256.4 -0.02
1257.6 -0.02
1258.8 -0.01
1260.0 -0.0
1261.2 0.0
1262.4 0.01
1263.6 0.02
1264.8 0.02
1266.0 0.03
1267.2 0.04
1268.4 0.04
1269.6 0.05
1270.8 0.06
1272.0 0.06
1273.2 0.07
1274.4 0.08
1275.6 0.08
1276.8 0.09
1278.0 0.09
1279.2 0.1
1280.4 0.1
1281.6 0.11
1282.8 0.11
1284.0 0.12
1285.2 0.12
1286.4 0.13
1287.6 0.13
1288.8 0.14
1290.0 0.14
1291.2 0.14
1292.4 0.15
1293.6 0.15
1294.8 0.16
1296.0 0.16
1297.2 0.16
1298.4 0.17
1299.6 0.17
1300.8 0.17
1302.0 0.18
1303.2 0.18
1304.4 0.18
1305.6 0.18
1306.8 0.19
1308.0 0.19
1309.2 0.19
1310.4 0.19
1311.6 0.19
1312.8 0.2
1314.0 0.2
1315.2 0.2
1316.4 0.2
1317.6 0.2
1318.8 0.2
1320.0 0.2
1321.2 0.2
1322.4 0.2
1323.6 0.2
1324.8 0.2
1326.0 0.2
1327.2 0.2
1328.4 0.2
1329.6 0.2
1330.8 0.2
1332.0 0.2
1333.2 0.19
1334.4 0.19
1335.6 0.19
1336.8 0.19
1338.0 0.19
1339.2 0.18
1340.4 0.18
1341.6 0.18
1342.8 0.18
1344.0 0.17
1345.2 0.17
1346.4 0.17
1347.6 0.17
1348.8 0.16
1350.0 0.16
1351.2 0.16
1352.4 0.15
1353.6 0.15
1354.8 0.14
1356.0 0.14
1357.2 0.14
1358.4 0.13
1359.6 0.13
1360.8 0.12
1362.0 0.12
1363.2 0.12
1364.4 0.11
1365.6 0.11
1366.8 0.1
1368.0 0.1
1369.2 0.09
1370.4 0.09
1371.6 0.09
1372.8 0.08
1374.0 0.08
1375.2 0.07
1376.4 0.07
1377.6 0.06
1378.8 0.06
1380.0 0.05
1381.2 0.05
1382.4 0.04
1383.6 0.04
1384.8 0.03
1386.0 0.03
1387.2 0.02
1388.4 0.02
1389.6 0.01
1390.8 0.01
1392.0 0.01
1393.2 0.0
1394.4 -0.0
1395.6 -0.0
1396.8 -0.01
1398.0 -0.01
1399.2 -0.02
1400.4 -0.04
1401.6 -0.06
1402.8 -0.08
1404.0 -0.1
1405.2 -0.12
1406.4 -0.14
1407.6 -0.16
1408.8 -0.16
1410.0 -0.15
1411.2 -0.13
1412.4 -0.12
1413.6 -0.11
1414.8 -0.11
1416.0 -0.1
1417.2 -0.09
1418.4 -0.08
1419.6 -0.08
1420.8 -0.07
1422.0 -0.07
1423.2 -0.06
1424.4 -0.06
1425.6 -0.05
1426.8 -0.05
1428.0 -0.05
1429.2 -0.04
1430.4 -0.04
1431.6 -0.04
1432.8 -0.04
1434.0 -0.04
1435.2 -0.03
1436.4 -0.03
1437.6 -0.03
1438.8 -0.03
1440.0 -0.03
1441.2 -0.03
1442.4 -0.03
1443.6 -0.03
1444.8 -0.03
1446.0 -0.03
1447.2 -0.03
1448.4 -0.03
1449.6 -0.03
1450.8 -0.03
1452.0 -0.03
1453.2 -0.03
1454.4 -0.04
1455.6 -0.05
1456.8 -0.07
1458.0 -0.08
1459.2 -0.07
1460.4 -0.07
1461.6 -0.06
1462.8 -0.06
1464.0 -0.05
1465.2 -0.05
1466.4 -0.05
1467.6 -0.04
1468.8 -0.04
1470.0 -0.04
1471.2 -0.04
1472.4 -0.04
1473.6 -0.03
1474.8 -0.03
1476.0 -0.03
1477.2 -0.03
1478.4 -0.03
1479.6 -0.03
1480.8 -0.03
1482.0 -0.03
1483.2 -0.02
1484.4 -0.02
1485.6 -0.02
1486.8 -0.02
1488.0 -0.02
1489.2 -0.02
1490.4 -0.02
1491.6 -0.02
1492.8 -0.02
1494.0 -0.02
1495.2 -0.02
1496.4 -0.03
1497.6 -0.04
1498.8 -0.05
1500.0 -0.05
1501.2 -0.05
1502.4 -0.04
1503.6 -0.04
1504.8 -0.04
1506.0 -0.04
1507.2 -0.03
1508.4 -0.03
1509.6 -0.03
1510.8 -0.03
1512.0 -0.03
1513.2 -0.03
1514.4 -0.03
1515.6 -0.02
1516.8 -0.02
1518.0 -0.02
1519.2 -0.02
1520.4 -0.02
1521.6 -0.02
1522.8 -0.02
1524.0 -0.02
1525.2 -0.02
1526.4 -0.02
1527.6 -0.02
1528.8 -0.02
1530.0 -0.02
1531.2 -0.02
1532.4 -0.02
1533.6 -0.02
1534.8 -0.01
1536.0 -0.01
1537.2 -0.01
1538.4 -0.01
1539.6 -0.01
1540.8 -0.01
1542.0 -0.01
1543.2 -0.01
1544.4 -0.01
1545.6 -0.01
1546.8 -0.01
1548.0 -0.01
1549.2 -0.01
1550.4 -0.01
1551.6 -0.01
1552.8 -0.01
1554.0 -0.01
1555.2 -0.01
1556.4 -0.01
1557.6 -0.01
1558.8 -0.01
1560.0 -0.01
1561.2 -0.01
1562.4 -0.01
1563.6 -0.01
1564.8 -0.01
1566.0 -0.01
1567.2 -0.01
1568.4 -0.01
1569.6 -0.01
1570.8 -0.01
1572.0 -0.01
1573.2 -0.01
1574.4 -0.01
1575.6 -0.01
1576.8 -0.04
1578.0 -0.04
1579.2 -0.04
1580.4 -0.03
1581.6 -0.03
1582.8 -0.03
1584.0 -0.03
1585.2 -0.02
1586.4 -0.02
1587.6 -0.02
1588.8 -0.02
1590.0 -0.02
1591.2 -0.02
1592.4 -0.02
1593.6 -0.01
1594.8 -0.01
1596.0 -0.01
1597.2 -0.01
1598.4 -0.01
1599.6 -0.01
1600.8 -0.01
1602.0 -0.01
1603.2 -0.01
1604.4 -0.01
1605.6 -0.01
1606.8 -0.01
1608.0 -0.01
1609.2 -0.05
1610.4 -0.05
1611.6 -0.04
1612.8 -0.04
1614.0 -0.03
1615.2 -0.03
1616.4 -0.03
1617.6 -0.02
1618.8 -0.02
1620.0 -0.02
1621.2 -0.02
1622.4 -0.01
1623.6 -0.01
1624.8 -0.01
1626.0 -0.01
1627.2 -0.01
1628.4 -0.01
1629.6 -0.0
1630.8 -0.0
1632.0 -0.0
1633.2 -0.0
1634.4 -0.0
1635.6 0.0
1636.8 0.0
1638.0 0.0
1639.2 0.0
1640.4 0.0
1641.6 0.0
1642.8 0.0
1644.0 0.0
1645.2 0.0
1646.4 0.0
1647.6 0.01
1648.8 0.01
1650.0 0.01
1651.2 0.01
1652.4 0.01
1653.6 0.01
1654.8 0.01
1656.0 0.01
1657.2 0.01
1658.4 0.01
1659.6 0.01
1660.8 0.01
1662.0 0.01
1663.2 0.01
1664.4 0.01
1665.6 0.01
1666.8 0.01
1668.0 0.01
1669.2 0.01
1670.4 0.01
1671.6 0.01
1672.8 0.01
1674.0 0.01
1675.2 0.01
1676.4 0.01
1677.6 0.01
1678.8 0.01
1680.0 0.01
1681.2 0.01
1682.4 0.01
1683.6 0.01
1684.8 0.01
1686.0 0.01
1687.2 0.0
1688.4 0.0
1689.6 0.0
1690.8 0.0
1692.0 0.0
1693.2 0.0
1694.4 0.0
1695.6 0.0
1696.8 0.0
1698.0 0.0
1699.2 0.0
1700.4 0.0
1701.6 0.0
1702.8 0.0
1704.0 0.0
1705.2 0.0
1706.4 0.0
1707.6 0.0
1708.8 0.0
1710.0 0.0
1711.2 0.0
1712.4 0.0
1713.6 0.0
1714.8 0.0
1716.0 0.0
1717.2 0.0
1718.4 0.0
1719.6 0.0
1720.8 0.0
1722.0 0.0
1723.2 0.0
1724.4 0.0
1725.6 0.0
1726.8 0.0
1728.0 0.0
1729.2 0.0
1730.4 0.0
1731.6 0.0
1732.8 0.0
1734.0 0.0
1735.2 0.0
1736.4 0.0
1737.6 0.0
1738.8 0.0
1740.0 0.0
1741.2 0.0
1742.4 0.0
1743.6 0.0
1744.8 0.0
1746.0 0.0
1747.2 0.0
1748.4 0.0
1749.6 0.0
1750.8 0.0
1752.0 0.0
1753.2 0.0
1754.4 0.0
1755.6 0.0
1756.8 0.0
1758.0 0.0
1759.2 0.0
1760.4 0.0
1761.6 0.0
1762.8 0.0
1764.0 0.0
1765.2 0.0
1766.4 0.0
1767.6 0.0
1768.8 0.0
1770.0 0.0
1771.2 0.0
1772.4 0.0
1773.6 0.0
1774.8 0.0
1776.0 0.0
1777.2 0.0
1778.4 0.0
1779.6 0.0
1780.8 -0.0
1782.0 -0.0
1783.2 -0.0
1784.4 -0.0
1785.6 -0.0
1786.8 -0.0
1788.0 -0.0
1789.2 -0.0
1790.4 -0.0
1791.6 -0.0
1792.8 -0.0
1794.0 -0.0
1795.2 -0.0
1796.4 -0.0
1797.6 -0.0
1798.8 -0.0
1800.0 -0.0
1801.2 -0.0
1802.4 -0.0
1803.6 -0.0
1804.8 -0.0
1806.0 -0.0
1807.2 -0.0
1808.4 -0.0
1809.6 -0.0
1810.8 -0.0
1812.0 -0.0
1813.2 -0.0
1814.4 -0.0
1815.6 -0.0
1816.8 -0.0
1818.0 -0.0
1819.2 -0.0
1820.4 -0.0
1821.6 -0.0
1822.8 -0.0
1824.0 -0.0
1825.2 -0.0
1826.4 -0.0
1827.6 -0.0
1828.8 -0.0
1830.0 -0.0
1831.2 -0.0
1832.4 -0.0
1833.6 -0.0
1834.8 -0.0
1836.0 -0.0
1837.2 -0.0
1838.4 -0.0
1839.6 -0.0
1840.8 -0.0
1842.0 -0.0
1843.2 -0.0
1844.4 -0.0
1845.6 -0.0
1846.8 -0.0
1848.0 -0.0
1849.2 -0.0
1850.4 -0.0
1851.6 -0.0
1852.8 -0.0
1854.0 -0.0
1855.2 -0.0
1856.4 -0.0
1857.6 -0.0
1858.8 -0.0
1860.0 -0.0
1861.2 -0.0
1862.4 -0.0
1863.6 -0.0
1864.8 -0.0
1866.0 -0.0
1867.2 -0.0
1868.4 -0.0
1869.6 -0.0
1870.8 -0.0
1872.0 -0.0
1873.2 -0.0
1874.4 -0.0
1875.6 -0.0
1876.8 -0.0
1878.0 -0.0
1879.2 -0.0
1880.4 -0.0
1881.6 -0.0
1882.8 -0.0
1884.0 -0.0
1885.2 -0.0
1886.4 -0.0
1887.6 -0.0
1888.8 -0.0
1890.0 -0.0
1891.2 -0.0
1892.4 -0.0
1893.6 -0.0
1894.8 -0.0
1896.0 -0.0
1897.2 -0.0
1898.4 -0.0
1899.6 -0.0
1900.8 -0.0
1902.0 -0.0
1903.2 -0.0
1904.4 -0.0
1905.6 -0.0
1906.8 -0.0
1908.0 -0.0
1909.2 -0.0
1910.4 -0.0
1911.6 -0.0
1912.8 -0.0
1914.0 -0.0
1915.2 -0.0
1916.4 -0.0
1917.6 -0.0
1918.8 -0.0
1920.0 -0.0
1921.2 -0.0
1922.4 -0.0
1923.6 -0.0
1924.8 -0.0
1926.0 -0.0
1927.2 -0.0
1928.4 -0.0
1929.6 -0.0
1930.8 -0.0
1932.0 -0.0
1933.2 -0.0
1934.4 -0.0
1935.6 -0.0
1936.8 -0.0
1938.0 -0.0
1939.2 -0.0
1940.4 -0.0
1941.6 -0.0
1942.8 -0.0
1944.0 -0.0
1945.2 -0.0
1946.4 -0.0
1947.6 -0.0
1948.8 -0.0
1950.0 -0.0
1951.2 -0.0
1952.4 -0.0
1953.6 -0.0
1954.8 -0.0
1956.0 -0.0
1957.2 -0.0
1958.4 -0.0
1959.6 -0.0
1960.8 -0.0
1962.0 -0.0
1963.2 -0.0
1964.4 -0.0
1965.6 -0.0
1966.8 -0.0
1968.0 -0.0
1969.2 -0.0
1970.4 -0.0
1971.6 -0.0
1972.8 -0.0
1974.0 -0.0
1975.2 -0.0
1976.4 -0.0
1977.6 -0.0
1978.8 -0.0
1980.0 -0.0
1981.2 -0.0
1982.4 -0.0
1983.6 -0.0
1984.8 -0.0
1986.0 -0.0
1987.2 -0.0
1988.4 -0.0
1989.6 -0.0
1990.8 -0.0
1992.0 -0.0
1993.2 -0.0
1994.4 -0.0
1995.6 -0.0
1996.8 -0.0
1998.0 -0.0
1999.2 -0.0
2000.4 -0.0
2001.6 -0.0
2002.8 -0.0
2004.0 -0.0
2005.2 -0.0
2006.4 -0.0
2007.6 -0.0
2008.8 -0.0
2010.0 -0.0
2011.2 -0.0
2012.4 -0.0
2013.6 -0.0
2014.8 -0.0
2016.0 -0.0
2017.2 -0.0
2018.4 -0.0
2019.6 -0.0
2020.8 -0.0
2022.0 -0.0
2023.2 -0.0
2024.4 -0.0
2025.6 -0.0
2026.8 -0.0
2028.0 -0.0
2029.2 -0.0
2030.4 -0.0
2031.6 -0.0
2032.8 -0.0
2034.0 0.0
2035.2 0.0
2036.4 0.0
2037.6 0.0
2038.8 0.0
2040.0 0.0
2041.2 0.0
2042.4 0.0
2043.6 0.0
2044.8 0.0
2046.0 0.0
2047.2 0.0
2048.4 0.0
2049.6 0.0
2050.8 0.0
2052.0 0.0
2053.2 0.0
2054.4 0.0
2055.6 0.0
2056.8 0.0
2058.0 0.0
2059.2 0.0
2060.4 0.0
2061.6 0.0
2062.8 0.0
2064.0 0.0
2065.2 0.0
2066.4 0.0
2067.6 0.0
2068.8 -0.03
2070.0 -0.03
2071.2 -0.02
2072.4 -0.02
2073.6 -0.02
2074.8 -0.02
2076.0 -0.01
2077.2 -0.01
2078.4 -0.01
2079.6 -0.01
2080.8 -0.01
2082.0 -0.01
2083.2 -0.01
2084.4 -0.0
2085.6 -0.0
2086.8 -0.0
2088.0 -0.0
2089.2 -0.0
2090.4 0.0
2091.6 0.0
2092.8 0.0
2094.0 0.0
2095.2 0.0
2096.4 0.0
2097.6 0.0
2098.8 0.0
2100.0 0.0
2101.2 0.0
2102.4 0.0
2103.6 0.0
2104.8 0.0
2106.0 0.0
2107.2 0.0
2108.4 0.0
2109.6 0.0
2110.8 0.0
2112.0 0.0
2113.2 0.0
2114.4 0.0
2115.6 0.0
2116.8 0.0
2118.0 0.0
2119.2 0.0
2120.4 0.0
2121.6 0.0
2122.8 0.0
2124.0 0.0
2125.2 0.0
2126.4 0.0
2127.6 0.0
2128.8 0.0
2130.0 0.0
2131.2 0.0
2132.4 0.0
2133.6 0.0
2134.8 0.0
2136.0 0.0
2137.2 0.0
2138.4 0.0
2139.6 0.0
2140.8 0.0
2142.0 0.0
2143.2 0.0
2144.4 0.0
2145.6 0.0
2146.8 0.0
2148.0 0.0
2149.2 0.0
2150.4 0.0
2151.6 0.0
2152.8 0.0
2154.0 0.0
2155.2 0.0
2156.4 0.0
2157.6 0.0
2158.8 0.0
2160.0 0.0
2161.2 0.0
2162.4 0.0
2163.6 0.0
2164.8 0.0
2166.0 0.0
2167.2 0.0
2168.4 0.0
2169.6 0.0
2170.8 0.0
2172.0 0.0
2173.2 0.0
2174.4 0.0
2175.6 0.0
2176.8 0.0
2178.0 0.0
2179.2 0.0
2180.4 0.0
2181.6 0.0
2182.8 0.0
2184.0 0.0
2185.2 0.0
2186.4 0.0
2187.6 0.0
2188.8 0.0
2190.0 0.0
2191.2 0.0
2192.4 0.0
2193.6 0.0
2194.8 0.0
2196.0 0.0
2197.2 0.0
2198.4 0.0
2199.6 0.0
2200.8 0.0
2202.0 0.0
2203.2 0.0
2204.4 0.0
2205.6 0.0
2206.8 0.0
2208.0 0.0
2209.2 0.0
2210.4 0.0
2211.6 0.0
2212.8 0.0
2214.0 0.0
2215.2 0.0
2216.4 0.0
2217.6 0.0
2218.8 0.0
2220.0 0.0
2221.2 0.0
2222.4 0.0
2223.6 0.0
2224.8 0.0
2226.0 0.0
2227.2 0.0
2228.4 0.0
2229.6 0.0
2230.8 0.0
2232.0 0.0
2233.2 0.0
2234.4 -0.0
2235.6 -0.0
2236.8 -0.0
2238.0 -0.0
2239.2 -0.0
2240.4 -0.0
2241.6 -0.0
2242.8 -0.0
2244.0 -0.0
2245.2 -0.0
2246.4 -0.0
2247.6 -0.0
2248.8 -0.0
2250.0 -0.0
2251.2 -0.0
2252.4 -0.0
2253.6 -0.0
2254.8 -0.0
2256.0 -0.0
2257.2 -0.0
2258.4 -0.0
2259.6 -0.0
2260.8 -0.0
2262.0 -0.0
2263.2 -0.0
2264.4 -0.0
2265.6 -0.0
2266.8 -0.0
2268.0 -0.0
2269.2 -0.0
2270.4 -0.0
2271.6 -0.0
2272.8 -0.0
2274.0 -0.0
2275.2 -0.0
2276.4 -0.0
2277.6 -0.0
2278.8 -0.0
2280.0 -0.0
2281.2 -0.0
2282.4 -0.0
2283.6 -0.0
2284.8 -0.0
2286.0 -0.0
2287.2 -0.0
2288.4 -0.0
2289.6 -0.0
2290.8 -0.0
2292.0 -0.0
2293.2 -0.0
2294.4 -0.0
2295.6 -0.0
2296.8 -0.0
2298.0 -0.0
2299.2 -0.0
2300.4 -0.0
2301.6 -0.0
2302.8 -0.0
2304.0 -0.0
2305.2 -0.0
2306.4 -0.0
2307.6 -0.0
2308.8 -0.0
2310.0 -0.0
2311.2 -0.0
2312.4 -0.0
2313.6 -0.0
2314.8 -0.0
2316.0 -0.0
2317.2 -0.0
2318.4 -0.0
2319.6 -0.0
2320.8 -0.0
2322.0 -0.0
2323.2 -0.0
2324.4 -0.0
2325.6 -0.0
2326.8 -0.0
2328.0 -0.0
2329.2 -0.0
2330.4 -0.0
2331.6 -0.0
2332.8 -0.0
2334.0 -0.0
2335.2 -0.0
2336.4 -0.0
2337.6 -0.0
2338.8 -0.0
2340.0 -0.0
2341.2 -0.0
2342.4 -0.0
2343.6 -0.0
2344.8 -0.0
2346.0 -0.0
2347.2 -0.0
2348.4 -0.0
2349.6 -0.0
2350.8 -0.0
2352.0 -0.0
2353.2 -0.0
2354.4 -0.0
2355.6 -0.0
2356.8 -0.0
2358.0 -0.0
2359.2 -0.0
2360.4 -0.0
2361.6 -0.0
2362.8 -0.0
2364.0 -0.0
2365.2 -0.0
2366.4 -0.0
2367.6 -0.0
2368.8 -0.0
2370.0 -0.0
2371.2 -0.0
2372.4 -0.0
2373.6 -0.0
2374.8 -0.01
2376.0 -0.01
2377.2 -0.01
2378.4 -0.01
2379.6 -0.01
2380.8 -0.01
2382.0 -0.01
2383.2 -0.01
2384.4 -0.01
2385.6 -0.0
2386.8 -0.0
2388.0 -0.0
2389.2 -0.0
2390.4 -0.0
2391.6 -0.0
2392.8 -0.0
2394.0 -0.0
2395.2 -0.0
2396.4 0.0
2397.6 0.0
2398.8 0.0
2400.0 0.0
2401.2 0.0
2402.4 0.0
2403.6 0.0
2404.8 0.0
2406.0 0.0
2407.2 0.0
2408.4 0.0
2409.6 0.0
2410.8 0.0
2412.0 0.0
2413.2 0.0
2414.4 0.0
2415.6 0.0
2416.8 0.0
2418.0 0.0
2419.2 0.0
2420.4 0.0
2421.6 0.0
2422.8 0.0
2424.0 0.0
2425.2 0.0
2426.4 0.0
2427.6 0.0
2428.8 0.0
2430.0 0.0
2431.2 0.0
2432.4 0.0
2433.6 0.0
2434.8 0.0
2436.0 0.0
2437.2 0.0
2438.4 0.0
2439.6 0.0
2440.8 0.0
2442.0 0.0
2443.2 0.0
2444.4 0.0
2445.6 0.0
2446.8 0.0
2448.0 0.0
2449.2 0.0
2450.4 0.0
2451.6 0.0
2452.8 0.0
2454.0 0.0
2455.2 0.0
2456.4 0.0
2457.6 0.0
2458.8 0.0
2460.0 0.0
2461.2 0.0
2462.4 0.0
2463.6 0.0
2464.8 0.0
2466.0 0.0
2467.2 0.0
2468.4 0.0
2469.6 0.0
2470.8 0.0
2472.0 0.0
2473.2 0.0
2474.4 0.0
2475.6 0.0
2476.8 0.0
2478.0 0.0
2479.2 0.0
2480.4 0.0
2481.6 0.0
2482.8 0.0
2484.0 0.0
2485.2 0.0
2486.4 0.0
2487.6 0.0
2488.8 0.0
2490.0 0.0
2491.2 0.0
2492.4 0.0
2493.6 0.0
2494.8 0.0
2496.0 0.0
2497.2 0.0
2498.4 0.0
2499.6 0.0
2500.8 0.0
2502.0 0.0
2503.2 0.0
2504.4 0.0
2505.6 0.0
2506.8 0.0
2508.0 0.0
2509.2 0.0
2510.4 0.0
2511.6 0.0
2512.8 0.0
2514.0 0.0
2515.2 0.0
2516.4 0.0
2517.6 0.0
2518.8 0.0
2520.0 0.0
2521.2 0.0
2522.4 0.0
2523.6 0.0
2524.8 0.0
2526.0 0.0
2527.2 0.0
2528.4 0.0
2529.6 0.0
2530.8 0.0
2532.0 0.0
2533.2 0.0
2534.4 0.0
2535.6 0.0
2536.8 0.0
2538.0 0.0
2539.2 0.0
2540.4 0.0
2541.6 0.0
2542.8 -0.0
2544.0 -0.0
2545.2 -0.0
2546.4 -0.0
2547.6 -0.0
2548.8 -0.0
2550.0 -0.0
2551.2 -0.0
2552.4 -0.0
2553.6 -0.0
2554.8 -0.0
2556.0 -0.0
2557.2 -0.0
2558.4 -0.0
2559.6 -0.0
2560.8 -0.0
2562.0 -0.0
2563.2 -0.0
2564.4 -0.0
2565.6 -0.0
2566.8 -0.0
2568.0 -0.03
2569.2 -0.03
2570.4 -0.02
2571.6 -0.02
2572.8 -0.02
2574.0 -0.02
2575.2 -0.01
2576.4 -0.01
2577.6 -0.01
2578.8 -0.01
2580.0 -0.01
2581.2 -0.01
2582.4 -0.01
2583.6 -0.0
2584.8 -0.0
2586.0 -0.0
2587.2 -0.0
2588.4 -0.0
2589.6 -0.0
2590.8 0.0
2592.0 0.0
2593.2 0.0
2594.4 0.0
2595.6 0.0
2596.8 0.0
2598.0 0.0
2599.2 0.0
2600.4 0.0
2601.6 0.0
2602.8 0.0
2604.0 0.0
2605.2 0.0
2606.4 0.0
2607.6 0.0
2608.8 0.0
2610.0 0.0
2611.2 0.0
2612.4 0.0
2613.6 0.0
2614.8 0.0
2616.0 0.0
2617.2 0.0
2618.4 0.0
2619.6 0.0
2620.8 0.0
2622.0 0.0
2623.2 0.0
2624.4 0.0
2625.6 0.0
2626.8 0.0
2628.0 0.0
2629.2 0.0
2630.4 0.0
2631.6 0.0
2632.8 0.0
2634.0 0.0
2635.2 0.0
2636.4 0.0
2637.6 0.0
2638.8 0.0
2640.0 0.0
2641.2 0.0
2642.4 0.0
2643.6 0.0
2644.8 0.0
2646.0 0.0
2647.2 0.0
2648.4 0.0
2649.6 0.0
2650.8 0.0
2652.0 0.0
2653.2 0.0
2654.4 0.0
2655.6 0.0
2656.8 0.0
2658.0 0.0
2659.2 0.0
2660.4 0.0
2661.6 0.0
2662.8 0.0
2664.0 0.0
2665.2 0.0
2666.4 0.0
2667.6 0.0
2668.8 0.0
2670.0 0.0
2671.2 0.0
2672.4 0.0
2673.6 0.0
2674.8 0.0
2676.0 0.0
2677.2 0.0
2678.4 0.0
2679.6 0.0
2680.8 0.0
2682.0 0.0
2683.2 0.0
2684.4 0.0
2685.6 0.0
2686.8 0.0
2688.0 0.0
2689.2 0.0
2690.4 0.0
2691.6 0.0
2692.8 0.0
2694.0 0.0
2695.2 0.0
2696.4 0.0
2697.6 0.0
2698.8 0.0
2700.0 0.0
2701.2 0.0
2702.4 0.0
2703.6 0.0
2704.8 0.0
2706.0 0.0
2707.2 0.0
2708.4 0.0
2709.6 0.0
2710.8 0.0
2712.0 0.0
2713.2 0.0
2714.4 0.0
2715.6 -0.08
2716.8 -0.11
2718.0 -0.1
2719.2 -0.09
2720.4 -0.08
2721.6 -0.07
2722.8 -0.06
2724.0 -0.06
2725.2 -0.05
2726.4 -0.04
2727.6 -0.04
2728.8 -0.03
2730.0 -0.03
2731.2 -0.02
2732.4 -0.02
2733.6 -0.02
2734.8 -0.02
2736.0 -0.01
2737.2 -0.01
2738.4 -0.01
2739.6 -0.01
2740.8 -0.01
2742.0 -0.01
2743.2 -0.01
2744.4 -0.01
2745.6 -0.01
2746.8 -0.01
2748.0 -0.01
2749.2 -0.0
2750.4 -0.0
2751.6 -0.0
2752.8 -0.0
2754.0 -0.0
2755.2 -0.0
2756.4 0.0
2757.6 0.0
2758.8 0.0
2760.0 0.0
2761.2 0.0
2762.4 0.0
2763.6 0.0
2764.8 0.01
2766.0 0.01
2767.2 0.01
2768.4 0.01
2769.6 0.01
2770.8 0.01
2772.0 0.01
2773.2 0.01
2774.4 0.01
2775.6 0.01
2776.8 0.01
2778.0 0.01
2779.2 0.01
2780.4 0.01
2781.6 0.01
2782.8 0.01
2784.0 0.02
2785.2 0.02
2786.4 0.02
2787.6 0.02
2788.8 0.02
2790.0 0.02
2791.2 0.02
2792.4 0.02
2793.6 0.02
2794.8 0.02
2796.0 0.02
2797.2 0.02
2798.4 0.02
2799.6 0.02
2800.8 0.02
2802.0 0.02
2803.2 0.02
2804.4 0.02
2805.6 0.02
2806.8 0.02
2808.0 0.02
2809.2 0.02
2810.4 0.02
2811.6 0.02
2812.8 0.02
2814.0 0.02
2815.2 0.02
2816.4 0.02
2817.6 0.02
2818.8 0.02
2820.0 0.02
2821.2 0.02
2822.4 0.02
2823.6 0.02
2824.8 0.02
2826.0 0.02
2827.2 0.02
2828.4 0.02
2829.6 0.02
2830.8 0.02
2832.0 0.02
2833.2 0.02
2834.4 0.02
2835.6 0.02
2836.8 0.02
2838.0 0.02
2839.2 0.02
2840.4 0.02
2841.6 0.02
2842.8 0.02
2844.0 0.02
2845.2 0.02
2846.4 0.02
2847.6 0.02
2848.8 0.01
2850.0 0.01
2851.2 0.01
2852.4 0.01
2853.6 0.01
2854.8 0.01
2856.0 0.01
2857.2 0.01
2858.4 0.01
2859.6 0.01
2860.8 0.01
2862.0 0.01
2863.2 0.01
2864.4 0.01
2865.6 0.01
2866.8 0.01
2868.0 0.01
2869.2 0.01
2870.4 0.01
2871.6 0.01
2872.8 0.01
2874.0 0.01
2875.2 0.01
2876.4 0.01
2877.6 0.01
2878.8 0.01
2880.0 0.01
2881.2 0.01
2882.4 0.01
2883.6 0.01
2884.8 0.01
2886.0 0.01
2887.2 0.01
2888.4 0.01
2889.6 0.0
2890.8 0.0
2892.0 0.0
2893.2 0.0
2894.4 0.0
2895.6 0.0
2896.8 0.0
2898.0 0.0
2899.2 0.0
2900.4 0.0
2901.6 0.0
2902.8 0.0
2904.0 0.0
2905.2 0.0
2906.4 0.0
2907.6 0.0
2908.8 0.0
2910.0 0.0
2911.2 0.0
2912.4 0.0
2913.6 -0.0
2914.8 -0.0
2916.0 -0.0
2917.2 -0.0
2918.4 -0.0
2919.6 -0.0
2920.8 -0.0
2922.0 -0.0
2923.2 -0.0
2924.4 -0.0
2925.6 -0.0
2926.8 -0.0
2928.0 -0.0
2929.2 -0.0
2930.4 -0.0
2931.6 -0.0
2932.8 -0.0
2934.0 -0.0
2935.2 -0.0
2936.4 -0.0
2937.6 -0.0
2938.8 -0.0
2940.0 -0.0
2941.2 -0.0
2942.4 -0.0
2943.6 -0.0
2944.8 -0.0
2946.0 -0.0
2947.2 -0.0
2948.4 -0.0
2949.6 -0.0
2950.8 -0.0
2952.0 -0.0
2953.2 -0.0
2954.4 -0.0
2955.6 -0.0
2956.8 -0.0
2958.0 -0.0
2959.2 -0.0
2960.4 -0.0
2961.6 -0.0
2962.8 -0.0
2964.0 -0.01
2965.2 -0.01
2966.4 -0.01
2967.6 -0.01
2968.8 -0.01
2970.0 -0.01
2971.2 -0.01
2972.4 -0.01
2973.6 -0.01
2974.8 -0.01
2976.0 -0.01
2977.2 -0.01
2978.4 -0.01
2979.6 -0.01
2980.8 -0.01
2982.0 -0.01
2983.2 -0.01
2984.4 -0.01
2985.6 -0.01
2986.8 -0.01
2988.0 -0.01
2989.2 -0.01
2990.4 -0.01
2991.6 -0.01
2992.8 -0.01
2994.0 -0.01
2995.2 -0.01
2996.4 -0.01
2997.6 -0.01
2998.8 -0.01
3000.0 -0.01
3001.2 -0.01
3002.4 -0.01
3003.6 -0.01
3004.8 -0.01
3006.0 -0.01
3007.2 -0.01
3008.4 -0.01
3009.6 -0.01
3010.8 -0.01
3012.0 -0.01
3013.2 -0.01
3014.4 -0.01
3015.6 -0.0
3016.8 -0.0
3018.0 -0.0
3019.2 -0.0
3020.4 -0.0
3021.6 -0.0
3022.8 -0.0
3024.0 -0.0
3025.2 -0.0
3026.4 -0.0
3027.6 -0.0
3028.8 -0.0
3030.0 -0.0
3031.2 -0.0
3032.4 -0.0
3033.6 -0.0
3034.8 -0.0
3036.0 -0.0
3037.2 -0.0
3038.4 -0.0
3039.6 -0.0
3040.8 -0.0
3042.0 -0.0
3043.2 -0.0
3044.4 -0.0
3045.6 -0.0
3046.8 -0.0
3048.0 -0.0
3049.2 -0.0
3050.4 -0.0
3051.6 -0.0
3052.8 -0.0
3054.0 -0.0
3055.2 -0.0
3056.4 -0.0
3057.6 -0.0
3058.8 -0.0
3060.0 -0.0
3061.2 -0.0
3062.4 -0.0
3063.6 -0.0
3064.8 -0.0
3066.0 -0.0
3067.2 -0.0
3068.4 -0.0
3069.6 -0.0
3070.8 -0.0
3072.0 -0.0
3073.2 -0.0
3074.4 -0.0
3075.6 -0.0
3076.8 -0.0
3078.0 -0.0
3079.2 -0.0
3080.4 -0.0
3081.6 -0.0
3082.8 -0.0
3084.0 -0.0
3085.2 -0.0
3086.4 -0.0
3087.6 -0.0
3088.8 -0.0
3090.0 -0.0
3091.2 -0.0
3092.4 -0.0
3093.6 -0.0
3094.8 -0.0
3096.0 -0.0
3097.2 -0.0
3098.4 -0.0
3099.6 -0.0
