0.0 6.0
1.2 65.99
2.4 125.98
3.6 185.97
4.8 245.95
6.0 305.93
7.2 365.9
8.4 425.88
9.6 485.85
10.8 545.82
12.0 605.78
13.2 665.75
14.4 725.72
15.6 785.68
16.8 845.64
18.0 905.6
19.2 965.56
20.4 1025.52
21.6 1085.48
22.8 1145.44
24.0 1205.4
25.2 1265.36
26.4 1325.31
27.6 1385.27
28.8 1445.22
30.0 1505.18
31.2 1565.13
32.4 1625.09
33.6 1685.04
34.8 1745.0
36.0 1804.95
37.2 1864.91
38.4 1924.86
39.6 1984.81
40.8 2044.77
42.0 2104.72
43.2 2164.67
44.4 2224.62
45.6 2284.58
46.8 2344.53
48.0 2404.48
49.2 2464.43
50.4 2524.39
51.6 2584.34
52.8 2644.29
54.0 2704.24
55.2 2764.19
56.4 2824.14
57.6 2884.09
58.8 2944.04
60.0 3003.99
61.2 3063.94
62.4 3123.89
63.6 3183.84
64.8 3243.79
66.0 3303.74
67.2 3363.69
68.4 3423.64
69.6 3483.59
70.8 3543.54
72.0 3603.49
73.2 3663.43
74.4 3723.38
75.6 3783.33
76.8 3843.28
78.0 3903.22
79.2 3963.17
80.4 4023.12
81.6 4083.07
82.8 4143.01
84.0 4202.96
85.2 4262.9
86.4 4322.85
87.6 4382.79
88.8 4442.74
90.0 4502.68
91.2 4562.63
92.4 4622.57
93.6 4682.52
94.8 4742.46
96.0 4802.4
97.2 4862.35
98.4 4922.29
99.6 4982.23
100.8 5042.18
102.0 5102.12
103.2 5162.06
104.4 5222.0
105.6 5281.94
106.8 5341.89
108.0 5401.83
109.2 5461.77
110.4 5521.71
111.6 5581.65
112.8 5641.59
114.0 5701.53
115.2 5761.47
116.4 5821.41
117.6 5881.35
118.8 5941.28
120.0 6001.22
121.2 6061.16
122.4 6121.1
123.6 6181.04
124.8 6240.97
126.0 6300.91
127.2 6360.85
128.4 6420.79
129.6 6480.72
130.8 6540.66
132.0 6600.59
133.2 6660.53
134.4 6720.46
135.6 6780.4
136.8 6840.33
138.0 6900.27
139.2 6960.2
140.4 7020.14
141.6 7080.07
142.8 7140.0
144.0 7199.94
145.2 7259.87
146.4 7319.8
147.6 7379.74
148.8 7439.67
150.0 7499.6
151.2 7559.53
152.4 7619.46
153.6 7679.4
154.8 7739.33
156.0 7799.26
157.2 7859.19
158.4 7919.12
159.6 7979.05
160.8 8038.98
162.0 8098.91
163.2 8158.84
164.4 8218.77
165.6 8278.7
166.8 8338.62
168.0 8398.55
169.2 8458.48
170.4 8518.41
171.6 8578.34
172.8 8638.27
174.0 8698.19
175.2 8758.12
176.4 8818.05
177.6 8877.97
178.8 8937.9
180.0 8997.83
181.2 9057.75
182.4 9117.68
183.6 9177.6
184.8 9237.53
186.0 9297.46
187.2 9357.38
188.4 9417.31
189.6 9477.23
190.8 9537.15
192.0 9597.08
193.2 9657.0
194.4 9716.93
195.6 9776.85
196.8 9836.77
198.0 9896.7
199.2 9956.62
200.4 10016.54
201.6 10076.47
202.8 10136.39
204.0 10196.31
205.2 10256.23
206.4 10316.16
207.6 10376.08
208.8 10436.0
210.0 10495.92
211.2 10555.84
212.4 10615.76
213.6 10675.68
214.8 10735.61
216.0 10795.53
217.2 10855.45
218.4 10915.37
219.6 10975.29
220.8 11035.21
222.0 11095.13
223.2 11155.05
224.4 11214.97
225.6 11274.89
226.8 11334.81
228.0 11394.73
229.2 11454.65
230.4 11514.57
231.6 11574.49
232.8 11634.41
234.0 11694.33
235.2 11754.24
236.4 11814.16
237.6 11874.08
238.8 11934.0
240.0 11993.92
241.2 12053.84
242.4 12113.76
243.6 12173.68
244.8 12233.59
246.0 12293.51
247.2 12353.43
248.4 12413.35
249.6 12473.27
250.8 12533.19
252.0 12593.11
253.2 12653.02
254.4 12712.94
255.6 12772.86
256.8 12832.78
258.0 12892.7
259.2 12952.61
260.4 13012.53
261.6 13072.45
262.8 13132.37
264.0 13192.29
265.2 13252.2
266.4 13312.12
267.6 13372.04
268.8 13431.96
270.0 13491.88
271.2 13551.79
272.4 13611.71
273.6 13671.63
274.8 13731.55
276.0 13791.47
277.2 13851.38
278.4 13911.3
279.6 13971.22
280.8 14031.14
282.0 14091.06
283.2 14150.97
284.4 14210.89
285.6 14270.81
286.8 14330.73
288.0 14390.65
289.2 14450.56
290.4 14510.48
291.6 14570.4
292.8 14630.32
294.0 14690.23
295.2 14750.15
296.4 14810.07
297.6 14869.99
298.8 14929.91
300.0 14989.82
301.2 15049.74
302.4 15109.66
303.6 15169.58
304.8 15229.5
306.0 15289.41
307.2 15349.33
308.4 15409.25
309.6 15469.17
310.8 15529.09
312.0 15589.0
313.2 15648.92
314.4 15708.84
315.6 15768.76
316.8 15828.67
318.0 15888.59
319.2 15948.51
320.4 16008.43
321.6 16068.35
322.8 16128.26
324.0 16188.18
325.2 16248.1
326.4 16308.02
327.6 16367.94
328.8 16427.86
330.0 16487.77
331.2 16547.69
332.4 16607.61
333.6 16667.53
334.8 16727.45
336.0 16787.36
337.2 16847.28
338.4 16907.2
339.6 16967.12
340.8 17027.04
342.0 17086.95
343.2 17146.87
344.4 17206.79
345.6 17266.71
346.8 17326.63
348.0 17386.55
349.2 17446.46
350.4 17506.38
351.6 17566.3
352.8 17626.22
354.0 17686.14
355.2 17746.06
356.4 17805.98
357.6 17865.89
358.8 17925.81
360.0 17985.73
361.2 18045.65
362.4 18105.57
363.6 18165.49
364.8 18225.41
366.0 18285.32
367.2 18345.24
368.4 18405.16
369.6 18465.08
370.8 18525.0
372.0 18584.92
373.2 18644.84
374.4 18704.75
375.6 18764.67
376.8 18824.59
378.0 18884.51
379.2 18944.43
380.4 19004.35
381.6 19064.27
382.8 19124.19
384.0 19184.11
385.2 19244.02
386.4 19303.94
387.6 19363.86
388.8 19423.78
390.0 19483.7
391.2 19543.62
392.4 19603.54
393.6 19663.46
394.8 19723.38
396.0 19783.3
397.2 19843.22
398.4 19903.13
399.6 19963.05
400.8 20022.97
402.0 20082.89
403.2 20142.81
404.4 20202.73
405.6 20262.65
406.8 20322.57
408.0 20382.49
409.2 20442.41
410.4 20502.33
411.6 20562.25
412.8 20622.17
414.0 20682.09
415.2 20742.01
416.4 20801.92
417.6 20861.84
418.8 20921.76
420.0 20981.68
421.2 21041.6
422.4 21101.52
423.6 21161.44
424.8 21221.36
426.0 21281.28
427.2 21341.2
428.4 21401.12
429.6 21461.04
430.8 21520.96
432.0 21580.88
433.2 21640.8
434.4 21700.72
435.6 21760.64
436.8 21820.56
438.0 21880.48
439.2 21940.4
440.4 22000.32
441.6 22060.24
442.8 22120.16
444.0 22180.08
445.2 22240.0
446.4 22299.92
447.6 22359.84
448.8 22419.76
450.0 22479.68
451.2 22539.6
452.4 22599.52
453.6 22659.44
454.8 22719.36
456.0 22779.28
457.2 22839.2
458.4 22899.12
459.6 22959.04
460.8 23018.96
462.0 23078.88
463.2 23138.8
464.4 23198.72
465.6 23258.64
466.8 23318.56
468.0 23378.48
469.2 23438.4
470.4 23498.32
471.6 23558.24
472.8 23618.16
474.0 23678.08
475.2 23738.0
476.4 23797.92
477.6 23857.84
478.8 23917.76
480.0 23977.68
481.2 24037.6
482.4 24097.52
483.6 24157.44
484.8 24217.36
486.0 24277.28
487.2 24337.2
488.4 24397.12
489.6 24457.05
490.8 24516.97
492.0 24576.89
493.2 24636.81
494.4 24696.73
495.6 24756.65
496.8 24816.57
498.0 24876.49
499.2 24936.41
500.4 24996.33
501.6 25056.25
502.8 25116.17
504.0 25176.09
505.2 25236.01
506.4 25295.93
507.6 25355.85
508.8 25415.77
510.0 25475.69
511.2 25535.61
512.4 25595.53
513.6 25655.46
514.8 25715.38
516.0 25775.3
517.2 25835.22
518.4 25895.14
519.6 25955.06
520.8 26014.98
522.0 26074.9
523.2 26134.82
524.4 26194.74
525.6 26254.66
526.8 26314.58
528.0 26374.5
529.2 26434.42
530.4 26494.34
531.6 26554.26
532.8 26614.19
534.0 26674.11
535.2 26734.03
536.4 26793.95
537.6 26853.87
538.8 26913.79
540.0 26973.71
541.2 27033.63
542.4 27093.55
543.6 27153.47
544.8 27213.39
546.0 27273.31
547.2 27333.23
548.4 27393.15
549.6 27453.08
550.8 27513.0
552.0 27572.92
553.2 27632.84
554.4 27692.76
555.6 27752.68
556.8 27812.6
558.0 27872.52
559.2 27932.43
560.4 27992.29
561.6 28052.1
562.8 28111.85
564.0 28171.55
565.2 28231.22
566.4 28290.85
567.6 28350.44
568.8 28410.01
570.0 28469.56
571.2 28529.08
572.4 28588.59
573.6 28648.08
574.8 28707.56
576.0 28767.03
577.2 28826.49
578.4 28885.95
579.6 28945.4
580.8 29004.85
582.0 29064.3
583.2 29123.75
584.4 29183.2
585.6 29242.65
586.8 29302.11
588.0 29361.58
589.2 29421.05
590.4 29480.52
591.6 29540.01
592.8 29599.5
594.0 29659.0
595.2 29718.51
596.4 29778.03
597.6 29837.56
598.8 29897.09
600.0 29956.64
601.2 30016.2
602.4 30075.77
603.6 30135.35
604.8 30194.94
606.0 30254.54
607.2 30314.15
608.4 30373.77
609.6 30433.4
610.8 30493.05
612.0 30552.7
613.2 30612.36
614.4 30672.04
615.6 30731.72
616.8 30791.42
618.0 30851.12
619.2 30910.84
620.4 30970.57
621.6 31030.3
622.8 31090.05
624.0 31149.8
625.2 31209.57
626.4 31269.34
627.6 31329.13
628.8 31388.92
630.0 31448.72
631.2 31508.53
632.4 31568.35
633.6 31628.18
634.8 31688.01
636.0 31747.86
637.2 31807.71
638.4 31867.57
639.6 31927.44
640.8 31987.32
642.0 32047.2
643.2 32107.09
644.4 32166.99
645.6 32226.9
646.8 32286.81
648.0 32346.73
649.2 32406.66
650.4 32466.59
651.6 32526.53
652.8 32586.47
654.0 32646.42
655.2 32706.38
656.4 32766.34
657.6 32826.31
658.8 32886.28
660.0 32946.24
661.2 33006.18
662.4 33066.11
663.6 33126.03
664.8 33185.95
666.0 33245.82
667.2 33305.6
668.4 33365.31
669.6 33424.95
670.8 33484.52
672.0 33544.05
673.2 33603.52
674.4 33662.96
675.6 33722.36
676.8 33781.73
678.0 33841.08
679.2 33900.4
680.4 33959.71
681.6 34019.01
682.8 34078.3
684.0 34137.58
685.2 34196.86
686.4 34256.13
687.6 34315.41
688.8 34374.69
690.0 34433.98
691.2 34493.28
692.4 34552.58
693.6 34611.9
694.8 34671.22
696.0 34730.56
697.2 34789.91
698.4 34849.28
699.6 34908.66
700.8 34968.06
702.0 35027.48
703.2 35086.91
704.4 35146.36
705.6 35205.83
706.8 35265.32
708.0 35324.82
709.2 35384.35
710.4 35443.89
711.6 35503.45
712.8 35563.03
714.0 35622.63
715.2 35682.24
716.4 35741.88
717.6 35801.53
718.8 35861.2
720.0 35920.89
721.2 35980.6
722.4 36040.32
723.6 36100.06
724.8 36159.82
726.0 36219.6
727.2 36279.39
728.4 36339.2
729.6 36399.02
730.8 36458.86
732.0 36518.72
733.2 36578.59
734.4 36638.48
735.6 36698.38
736.8 36758.29
738.0 36818.22
739.2 36878.16
740.4 36938.12
741.6 36998.09
742.8 37058.07
744.0 37118.07
745.2 37178.08
746.4 37238.09
747.6 37298.13
748.8 37358.17
750.0 37418.22
751.2 37478.29
752.4 37538.36
753.6 37598.45
754.8 37658.54
756.0 37718.65
757.2 37778.76
758.4 37838.89
759.6 37899.02
760.8 37959.16
762.0 38019.31
763.2 38079.47
764.4 38139.64
765.6 38199.81
766.8 38259.99
768.0 38320.18
769.2 38380.37
770.4 38440.57
771.6 38500.78
772.8 38561.0
774.0 38621.22
775.2 38681.44
776.4 38741.67
777.6 38801.91
778.8 38862.15
780.0 38922.4
781.2 38982.65
782.4 39042.9
783.6 39103.16
784.8 39163.42
786.0 39223.66
787.2 39283.79
788.4 39343.81
789.6 39403.73
790.8 39463.56
792.0 39523.31
793.2 39582.99
794.4 39642.6
795.6 39702.17
796.8 39761.69
798.0 39821.16
799.2 39880.61
800.4 39940.02
801.6 39999.41
802.8 40058.78
804.0 40118.14
805.2 40177.49
806.4 40236.82
807.6 40296.16
808.8 40355.49
810.0 40414.82
811.2 40474.16
812.4 40533.5
813.6 40592.85
814.8 40652.21
816.0 40711.58
817.2 40770.96
818.4 40830.36
819.6 40889.77
820.8 40949.2
822.0 41008.64
823.2 41068.1
824.4 41127.58
825.6 41187.08
826.8 41246.6
828.0 41306.14
829.2 41365.69
830.4 41425.27
831.6 41484.87
832.8 41544.48
834.0 41604.12
835.2 41663.78
836.4 41723.46
837.6 41783.15
838.8 41842.87
840.0 41902.61
841.2 41962.36
842.4 42022.14
843.6 42081.94
844.8 42141.75
846.0 42201.58
847.2 42261.43
848.4 42321.3
849.6 42381.19
850.8 42441.09
852.0 42501.01
853.2 42560.95
854.4 42620.91
855.6 42680.88
856.8 42740.87
858.0 42800.87
859.2 42860.88
860.4 42920.92
861.6 42980.96
862.8 43041.03
864.0 43101.1
865.2 43161.19
866.4 43221.29
867.6 43281.4
868.8 43341.53
870.0 43401.67
871.2 43461.82
872.4 43521.98
873.6 43582.16
874.8 43642.34
876.0 43702.54
877.2 43762.74
878.4 43822.96
879.6 43883.18
880.8 43943.41
882.0 44003.66
883.2 44063.91
884.4 44124.17
885.6 44184.43
886.8 44244.71
888.0 44304.99
889.2 44365.28
890.4 44425.58
891.6 44485.88
892.8 44546.19
894.0 44606.5
895.2 44666.83
896.4 44727.15
897.6 44787.48
898.8 44847.82
900.0 44908.16
901.2 44968.51
902.4 45028.86
903.6 45089.21
904.8 45149.57
906.0 45209.93
907.2 45270.3
908.4 45330.66
909.6 45391.03
910.8 45451.41
912.0 45511.78
913.2 45572.15
914.4 45632.49
915.6 45692.82
916.8 45753.14
918.0 45813.45
919.2 45873.74
920.4 45934.03
921.6 45994.31
922.8 46054.58
924.0 46114.84
925.2 46175.1
926.4 46235.36
927.6 46295.61
928.8 46355.86
930.0 46416.11
931.2 46476.36
932.4 46536.6
933.6 46596.85
934.8 46657.09
936.0 46717.34
937.2 46777.58
938.4 46837.83
939.6 46898.07
940.8 46958.32
942.0 47018.56
943.2 47078.81
944.4 47139.05
945.6 47199.3
946.8 47259.55
948.0 47319.8
949.2 47380.04
950.4 47440.29
951.6 47500.54
952.8 47560.8
954.0 47621.05
955.2 47681.3
956.4 47741.55
957.6 47801.8
958.8 47862.05
960.0 47922.31
961.2 47982.56
962.4 48042.81
963.6 48103.06
964.8 48163.32
966.0 48223.57
967.2 48283.82
968.4 48344.07
969.6 48404.32
970.8 48464.57
972.0 48524.82
973.2 48585.07
974.4 48645.32
975.6 48705.57
976.8 48765.81
978.0 48826.06
979.2 48886.3
980.4 48946.54
981.6 49006.78
982.8 49067.02
984.0 49127.26
985.2 49187.5
986.4 49247.74
987.6 49307.97
988.8 49368.2
990.0 49428.43
991.2 49488.66
992.4 49548.88
993.6 49609.11
994.8 49669.33
996.0 49729.55
997.2 49789.77
998.4 49849.98
999.6 49910.2
1000.8 49970.41
1002.0 50030.62
1003.2 50090.82
1004.4 50151.03
1005.6 50211.23
1006.8 50271.43
1008.0 50331.63
1009.2 50391.82
1010.4 50452.01
1011.6 50512.2
1012.8 50572.39
1014.0 50632.57
1015.2 50692.75
1016.4 50752.93
1017.6 50813.1
1018.8 50873.28
1020.0 50933.45
1021.2 50993.61
1022.4 51053.78
1023.6 51113.94
1024.8 51174.1
1026.0 51234.25
1027.2 51294.4
1028.4 51354.55
1029.6 51414.7
1030.8 51474.84
1032.0 51534.98
1033.2 51595.12
1034.4 51655.25
1035.6 51715.39
1036.8 51775.52
1038.0 51835.64
1039.2 51895.76
1040.4 51955.88
1041.6 52016.0
1042.8 52076.11
1044.0 52136.22
1045.2 52196.33
1046.4 52256.44
1047.6 52316.54
1048.8 52376.64
1050.0 52436.73
1051.2 52496.83
1052.4 52556.92
1053.6 52617.0
1054.8 52677.09
1056.0 52737.17
1057.2 52797.25
1058.4 52857.32
1059.6 52917.4
1060.8 52977.47
1062.0 53037.53
1063.2 53097.6
1064.4 53157.66
1065.6 53217.72
1066.8 53277.77
1068.0 53337.83
1069.2 53397.88
1070.4 53457.89
1071.6 53517.71
1072.8 53577.34
1074.0 53636.79
1075.2 53696.07
1076.4 53755.21
1077.6 53814.23
1078.8 53873.12
1080.0 53931.92
1081.2 53990.63
1082.4 54049.26
1083.6 54107.83
1084.8 54166.33
1086.0 54224.78
1087.2 54283.17
1088.4 54341.5
1089.6 54399.78
1090.8 54458.01
1092.0 54516.2
1093.2 54574.33
1094.4 54632.42
1095.6 54690.48
1096.8 54748.49
1098.0 54806.46
1099.2 54864.41
1100.4 54922.31
1101.6 54980.19
1102.8 55038.04
1104.0 55095.87
1105.2 55153.67
1106.4 55211.46
1107.6 55269.22
1108.8 55326.97
1110.0 55384.7
1111.2 55442.42
1112.4 55500.13
1113.6 55557.83
1114.8 55615.53
1116.0 55673.23
1117.2 55730.92
1118.4 55788.61
1119.6 55846.31
1120.8 55904.01
1122.0 55961.72
1123.2 56019.43
1124.4 56077.16
1125.6 56134.9
1126.8 56192.65
1128.0 56250.42
1129.2 56308.2
1130.4 56366.01
1131.6 56423.84
1132.8 56481.68
1134.0 56539.56
1135.2 56597.46
1136.4 56655.38
1137.6 56713.34
1138.8 56771.33
1140.0 56829.34
1141.2 56887.39
1142.4 56945.48
1143.6 57003.6
1144.8 57061.76
1146.0 57119.95
1147.2 57178.18
1148.4 57236.46
1149.6 57294.77
1150.8 57353.13
1152.0 57411.53
1153.2 57469.97
1154.4 57528.46
1155.6 57587.0
1156.8 57645.58
1158.0 57704.2
1159.2 57762.88
1160.4 57821.6
1161.6 57880.37
1162.8 57939.19
1164.0 57998.06
1165.2 58056.97
1166.4 58115.94
1167.6 58174.96
1168.8 58234.03
1170.0 58293.15
1171.2 58352.32
1172.4 58411.54
1173.6 58470.81
1174.8 58530.13
1176.0 58589.51
1177.2 58648.93
1178.4 58708.4
1179.6 58767.93
1180.8 58827.5
1182.0 58887.12
1183.2 58946.79
1184.4 59006.51
1185.6 59066.28
1186.8 59126.1
1188.0 59185.96
1189.2 59245.87
1190.4 59305.83
1191.6 59365.83
1192.8 59425.88
1194.0 59485.97
1195.2 59546.1
1196.4 59606.28
1197.6 59666.5
1198.8 59726.76
1200.0 59787.07
1201.2 59847.41
1202.4 59907.79
1203.6 59968.21
1204.8 60028.66
1206.0 60089.07
1207.2 60149.23
1208.4 60208.95
1209.6 60268.15
1210.8 60326.86
1212.0 60385.09
1213.2 60442.84
1214.4 60500.13
1215.6 60556.97
1216.8 60613.37
1218.0 60669.34
1219.2 60724.9
1220.4 60780.05
1221.6 60834.81
1222.8 60889.2
1224.0 60943.22
1225.2 60996.88
1226.4 61050.21
1227.6 61103.2
1228.8 61155.88
1230.0 61208.25
1231.2 61260.34
1232.4 61312.14
1233.6 61363.67
1234.8 61414.95
1236.0 61465.99
1237.2 61516.8
1238.4 61567.39
1239.6 61617.77
1240.8 61667.96
1242.0 61717.96
1243.2 61767.79
1244.4 61817.47
1245.6 61867.0
1246.8 61916.39
1248.0 61965.66
1249.2 62014.82
1250.4 62063.87
1251.6 62112.84
1252.8 62161.73
1254.0 62210.55
1255.2 62259.31
1256.4 62308.03
1257.6 62356.72
1258.8 62405.38
1260.0 62454.02
1261.2 62502.66
1262.4 62551.31
1263.6 62599.98
1264.8 62648.67
1266.0 62697.4
1267.2 62746.18
1268.4 62795.01
1269.6 62843.9
1270.8 62892.87
1272.0 62941.92
1273.2 62991.07
1274.4 63040.31
1275.6 63089.67
1276.8 63139.14
1278.0 63188.74
1279.2 63238.47
1280.4 63288.34
1281.6 63338.36
1282.8 63388.54
1284.0 63438.88
1285.2 63489.39
1286.4 63540.08
1287.6 63590.95
1288.8 63642.01
1290.0 63693.28
1291.2 63744.74
1292.4 63796.41
1293.6 63848.3
1294.8 63900.41
1296.0 63952.74
1297.2 64005.3
1298.4 64058.1
1299.6 64111.14
1300.8 64164.43
1302.0 64217.96
1303.2 64271.75
1304.4 64325.79
1305.6 64380.1
1306.8 64434.67
1308.0 64489.51
1309.2 64544.62
1310.4 64600.0
1311.6 64655.66
1312.8 64711.6
1314.0 64767.82
1315.2 64824.33
1316.4 64881.12
1317.6 64938.2
1318.8 64995.56
1320.0 65053.22
1321.2 65111.16
1322.4 65169.4
1323.6 65227.92
1324.8 65286.74
1326.0 65345.84
1327.2 65405.23
1328.4 65464.92
1329.6 65524.88
1330.8 65585.14
1332.0 65645.67
1333.2 65706.49
1334.4 65767.59
1335.6 65828.96
1336.8 65890.61
1338.0 65952.53
1339.2 66014.72
1340.4 66077.18
1341.6 66139.89
1342.8 66202.87
1344.0 66266.1
1345.2 66329.58
1346.4 66393.3
1347.6 66457.27
1348.8 66521.48
1350.0 66585.92
1351.2 66650.59
1352.4 66715.48
1353.6 66780.59
1354.8 66845.91
1356.0 66911.44
1357.2 66977.17
1358.4 67043.1
1359.6 67109.22
1360.8 67175.53
1362.0 67242.01
1363.2 67308.67
1364.4 67375.49
1365.6 67442.48
1366.8 67509.62
1368.0 67576.91
1369.2 67644.34
1370.4 67711.91
1371.6 67779.61
1372.8 67847.43
1374.0 67915.37
1375.2 67983.42
1376.4 68051.57
1377.6 68119.82
1378.8 68188.16
1380.0 68256.58
1381.2 68325.08
1382.4 68393.65
1383.6 68462.28
1384.8 68530.97
1386.0 68599.7
1387.2 68668.48
1388.4 68737.28
1389.6 68806.11
1390.8 68874.97
1392.0 68943.83
1393.2 69012.71
1394.4 69081.58
1395.6 69150.46
1396.8 69219.33
1398.0 69288.18
1399.2 69357.02
1400.4 69425.83
1401.6 69494.58
1402.8 69563.23
1404.0 69631.75
1405.2 69700.13
1406.4 69768.32
1407.6 69836.31
1408.8 69904.06
1410.0 69971.58
1411.2 70038.9
1412.4 70106.02
1413.6 70172.96
1414.8 70239.74
1416.0 70306.37
1417.2 70372.86
1418.4 70439.21
1419.6 70505.45
1420.8 70571.58
1422.0 70637.61
1423.2 70703.54
1424.4 70769.38
1425.6 70835.14
1426.8 70900.82
1428.0 70966.43
1429.2 71031.97
1430.4 71097.45
1431.6 71162.87
1432.8 71228.23
1434.0 71293.53
1435.2 71358.79
1436.4 71423.99
1437.6 71489.15
1438.8 71554.27
1440.0 71619.34
1441.2 71684.37
1442.4 71749.35
1443.6 71814.3
1444.8 71879.21
1446.0 71944.08
1447.2 72008.91
1448.4 72073.71
1449.6 72138.46
1450.8 72203.19
1452.0 72267.87
1453.2 72332.52
1454.4 72397.13
1455.6 72461.68
1456.8 72526.16
1458.0 72590.53
1459.2 72654.8
1460.4 72718.97
1461.6 72783.05
1462.8 72847.03
1464.0 72910.94
1465.2 72974.77
1466.4 73038.53
1467.6 73102.22
1468.8 73165.85
1470.0 73229.41
1471.2 73292.93
1472.4 73356.38
1473.6 73419.79
1474.8 73483.14
1476.0 73546.45
1477.2 73609.72
1478.4 73672.94
1479.6 73736.13
1480.8 73799.27
1482.0 73862.37
1483.2 73925.44
1484.4 73988.47
1485.6 74051.47
1486.8 74114.43
1488.0 74177.36
1489.2 74240.26
1490.4 74303.13
1491.6 74365.96
1492.8 74428.76
1494.0 74491.53
1495.2 74554.27
1496.4 74616.98
1497.6 74679.65
1498.8 74742.26
1500.0 74804.79
1501.2 74867.25
1502.4 74929.65
1503.6 74991.98
1504.8 75054.25
1506.0 75116.46
1507.2 75178.62
1508.4 75240.73
1509.6 75302.8
1510.8 75364.82
1512.0 75426.79
1513.2 75488.73
1514.4 75550.63
1515.6 75612.5
1516.8 75674.33
1518.0 75736.13
1519.2 75797.89
1520.4 75859.63
1521.6 75921.34
1522.8 75983.02
1524.0 76044.67
1525.2 76106.3
1526.4 76167.9
1527.6 76229.48
1528.8 76291.03
1530.0 76352.56
1531.2 76414.07
1532.4 76475.55
1533.6 76537.02
1534.8 76598.46
1536.0 76659.88
1537.2 76721.28
1538.4 76782.66
1539.6 76844.02
1540.8 76905.35
1542.0 76966.67
1543.2 77027.97
1544.4 77089.25
1545.6 77150.51
1546.8 77211.75
1548.0 77272.97
1549.2 77334.17
1550.4 77395.35
1551.6 77456.51
1552.8 77517.65
1554.0 77578.78
1555.2 77639.88
1556.4 77700.97
1557.6 77762.04
1558.8 77823.09
1560.0 77884.12
1561.2 77945.13
1562.4 78006.13
1563.6 78067.1
1564.8 78128.06
1566.0 78189.0
1567.2 78249.92
1568.4 78310.83
1569.6 78371.71
1570.8 78432.58
1572.0 78493.44
1573.2 78554.27
1574.4 78615.09
1575.6 78675.89
1576.8 78736.67
1578.0 78797.39
1579.2 78858.07
1580.4 78918.69
1581.6 78979.26
1582.8 79039.79
1584.0 79100.29
1585.2 79160.74
1586.4 79221.16
1587.6 79281.54
1588.8 79341.9
1590.0 79402.23
1591.2 79462.54
1592.4 79522.82
1593.6 79583.08
1594.8 79643.32
1596.0 79703.54
1597.2 79763.74
1598.4 79823.93
1599.6 79884.11
1600.8 79944.26
1602.0 80004.41
1603.2 80064.55
1604.4 80124.67
1605.6 80184.78
1606.8 80244.89
1608.0 80304.98
1609.2 80365.06
1610.4 80425.07
1611.6 80485.02
1612.8 80544.91
1614.0 80604.74
1615.2 80664.53
1616.4 80724.28
1617.6 80783.99
1618.8 80843.67
1620.0 80903.31
1621.2 80962.94
1622.4 81022.53
1623.6 81082.11
1624.8 81141.68
1626.0 81201.23
1627.2 81260.76
1628.4 81320.29
1629.6 81379.81
1630.8 81439.32
1632.0 81498.83
1633.2 81558.33
1634.4 81617.84
1635.6 81677.34
1636.8 81736.85
1638.0 81796.36
1639.2 81855.87
1640.4 81915.38
1641.6 81974.9
1642.8 82034.42
1644.0 82093.95
1645.2 82153.49
1646.4 82213.03
1647.6 82272.58
1648.8 82332.14
1650.0 82391.7
1651.2 82451.27
1652.4 82510.86
1653.6 82570.45
1654.8 82630.04
1656.0 82689.65
1657.2 82749.27
1658.4 82808.89
1659.6 82868.53
1660.8 82928.17
1662.0 82987.82
1663.2 83047.48
1664.4 83107.15
1665.6 83166.83
1666.8 83226.52
1668.0 83286.21
1669.2 83345.92
1670.4 83405.63
1671.6 83465.35
1672.8 83525.09
1674.0 83584.82
1675.2 83644.57
1676.4 83704.33
1677.6 83764.09
1678.8 83823.86
1680.0 83883.64
1681.2 83943.43
1682.4 84003.23
1683.6 84063.03
1684.8 84122.84
1686.0 84182.66
1687.2 84242.48
1688.4 84302.31
1689.6 84362.15
1690.8 84422.0
1692.0 84481.85
1693.2 84541.71
1694.4 84601.58
1695.6 84661.45
1696.8 84721.33
1698.0 84781.21
1699.2 84841.1
1700.4 84901.0
1701.6 84960.9
1702.8 85020.81
1704.0 85080.72
1705.2 85140.64
1706.4 85200.57
1707.6 85260.5
1708.8 85320.43
1710.0 85380.37
1711.2 85440.32
1712.4 85500.26
1713.6 85560.22
1714.8 85620.18
1716.0 85680.14
1717.2 85740.1
1718.4 85800.08
1719.6 85860.05
1720.8 85920.03
1722.0 85980.01
1723.2 86040.0
1724.4 86099.99
1725.6 86159.98
1726.8 86219.98
1728.0 86279.98
1729.2 86339.98
1730.4 86399.99
1731.6 86460.0
1732.8 86520.01
1734.0 86580.02
1735.2 86640.04
1736.4 86700.06
1737.6 86760.08
1738.8 86820.11
1740.0 86880.14
1741.2 86940.17
1742.4 87000.2
1743.6 87060.23
1744.8 87120.27
1746.0 87180.31
1747.2 87240.35
1748.4 87300.39
1749.6 87360.43
1750.8 87420.47
1752.0 87480.52
1753.2 87540.57
1754.4 87600.62
1755.6 87660.67
1756.8 87720.72
1758.0 87780.77
1759.2 87840.83
1760.4 87900.88
1761.6 87960.94
1762.8 88020.99
1764.0 88081.05
1765.2 88141.11
1766.4 88201.17
1767.6 88261.23
1768.8 88321.29
1770.0 88381.35
1771.2 88441.41
1772.4 88501.47
1773.6 88561.53
1774.8 88621.59
1776.0 88681.65
1777.2 88741.72
1778.4 88801.78
1779.6 88861.84
1780.8 88921.9
1782.0 88981.97
1783.2 89042.03
1784.4 89102.09
1785.6 89162.15
1786.8 89222.22
1788.0 89282.28
1789.2 89342.34
1790.4 89402.4
1791.6 89462.46
1792.8 89522.52
1794.0 89582.58
1795.2 89642.64
1796.4 89702.7
1797.6 89762.76
1798.8 89822.82
1800.0 89882.88
1801.2 89942.93
1802.4 90002.99
1803.6 90063.04
1804.8 90123.1
1806.0 90183.15
1807.2 90243.2
1808.4 90303.26
1809.6 90363.31
1810.8 90423.36
1812.0 90483.41
1813.2 90543.46
1814.4 90603.5
1815.6 90663.55
1816.8 90723.59
1818.0 90783.64
1819.2 90843.68
1820.4 90903.73
1821.6 90963.77
1822.8 91023.81
1824.0 91083.85
1825.2 91143.88
1826.4 91203.92
1827.6 91263.96
1828.8 91323.99
1830.0 91384.02
1831.2 91444.06
1832.4 91504.09
1833.6 91564.12
1834.8 91624.14
1836.0 91684.17
1837.2 91744.2
1838.4 91804.22
1839.6 91864.25
1840.8 91924.27
1842.0 91984.29
1843.2 92044.31
1844.4 92104.33
1845.6 92164.34
1846.8 92224.36
1848.0 92284.37
1849.2 92344.39
1850.4 92404.4
1851.6 92464.41
1852.8 92524.42
1854.0 92584.43
1855.2 92644.43
1856.4 92704.44
1857.6 92764.44
1858.8 92824.44
1860.0 92884.45
1861.2 92944.45
1862.4 93004.44
1863.6 93064.44
1864.8 93124.44
1866.0 93184.43
1867.2 93244.43
1868.4 93304.42
1869.6 93364.41
1870.8 93424.4
1872.0 93484.39
1873.2 93544.38
1874.4 93604.36
1875.6 93664.35
1876.8 93724.33
1878.0 93784.31
1879.2 93844.3
1880.4 93904.28
1881.6 93964.25
1882.8 94024.23
1884.0 94084.21
1885.2 94144.18
1886.4 94204.16
1887.6 94264.13
1888.8 94324.1
1890.0 94384.07
1891.2 94444.04
1892.4 94504.01
1893.6 94563.97
1894.8 94623.94
1896.0 94683.91
1897.2 94743.87
1898.4 94803.83
1899.6 94863.79
1900.8 94923.75
1902.0 94983.71
1903.2 95043.67
1904.4 95103.63
1905.6 95163.58
1906.8 95223.54
1908.0 95283.49
1909.2 95343.45
1910.4 95403.4
1911.6 95463.35
1912.8 95523.3
1914.0 95583.25
1915.2 95643.2
1916.4 95703.15
1917.6 95763.09
1918.8 95823.04
1920.0 95882.98
1921.2 95942.93
1922.4 96002.87
1923.6 96062.81
1924.8 96122.75
1926.0 96182.69
1927.2 96242.63
1928.4 96302.57
1929.6 96362.51
1930.8 96422.45
1932.0 96482.38
1933.2 96542.32
1934.4 96602.26
1935.6 96662.19
1936.8 96722.12
1938.0 96782.06
1939.2 96841.99
1940.4 96901.92
1941.6 96961.85
1942.8 97021.78
1944.0 97081.71
1945.2 97141.64
1946.4 97201.57
1947.6 97261.5
1948.8 97321.42
1950.0 97381.35
1951.2 97441.28
1952.4 97501.2
1953.6 97561.13
1954.8 97621.05
1956.0 97680.98
1957.2 97740.9
1958.4 97800.82
1959.6 97860.74
1960.8 97920.67
1962.0 97980.59
1963.2 98040.51
1964.4 98100.43
1965.6 98160.35
1966.8 98220.27
1968.0 98280.19
1969.2 98340.11
1970.4 98400.03
1971.6 98459.95
1972.8 98519.86
1974.0 98579.78
1975.2 98639.7
1976.4 98699.62
1977.6 98759.53
1978.8 98819.45
1980.0 98879.36
1981.2 98939.28
1982.4 98999.2
1983.6 99059.11
1984.8 99119.02
1986.0 99178.94
1987.2 99238.85
1988.4 99298.77
1989.6 99358.68
1990.8 99418.59
1992.0 99478.51
1993.2 99538.42
1994.4 99598.33
1995.6 99658.25
1996.8 99718.16
1998.0 99778.07
1999.2 99837.98
2000.4 99897.89
2001.6 99957.81
2002.8 100017.72
2004.0 100077.63
2005.2 100137.54
2006.4 100197.45
2007.6 100257.36
2008.8 100317.27
2010.0 100377.18
2011.2 100437.09
2012.4 100497.0
2013.6 100556.91
2014.8 100616.82
2016.0 100676.73
2017.2 100736.64
2018.4 100796.55
2019.6 100856.46
2020.8 100916.37
2022.0 100976.28
2023.2 101036.19
2024.4 101096.1
2025.6 101156.01
2026.8 101215.92
2028.0 101275.83
2029.2 101335.74
2030.4 101395.65
2031.6 101455.56
2032.8 101515.47
2034.0 101575.38
2035.2 101635.29
2036.4 101695.2
2037.6 101755.11
2038.8 101815.02
2040.0 101874.93
2041.2 101934.84
2042.4 101994.75
2043.6 102054.66
2044.8 102114.57
2046.0 102174.48
2047.2 102234.39
2048.4 102294.3
2049.6 102354.21
2050.8 102414.12
2052.0 102474.02
2053.2 102533.93
2054.4 102593.84
2055.6 102653.75
2056.8 102713.67
2058.0 102773.58
2059.2 102833.49
2060.4 102893.4
2061.6 102953.31
2062.8 103013.22
2064.0 103073.13
2065.2 103133.04
2066.4 103192.95
2067.6 103252.86
2068.8 103312.76
2070.0 103372.63
2071.2 103432.45
2072.4 103492.25
2073.6 103552.01
2074.8 103611.75
2076.0 103671.46
2077.2 103731.16
2078.4 103790.84
2079.6 103850.5
2080.8 103910.15
2082.0 103969.78
2083.2 104029.41
2084.4 104089.03
2085.6 104148.65
2086.8 104208.26
2088.0 104267.87
2089.2 104327.47
2090.4 104387.08
2091.6 104446.68
2092.8 104506.29
2094.0 104565.9
2095.2 104625.51
2096.4 104685.12
2097.6 104744.74
2098.8 104804.36
2100.0 104863.99
2101.2 104923.62
2102.4 104983.26
2103.6 105042.9
2104.8 105102.55
2106.0 105162.21
2107.2 105221.87
2108.4 105281.54
2109.6 105341.21
2110.8 105400.9
2112.0 105460.59
2113.2 105520.28
2114.4 105579.99
2115.6 105639.7
2116.8 105699.41
2118.0 105759.14
2119.2 105818.87
2120.4 105878.61
2121.6 105938.35
2122.8 105998.11
2124.0 106057.86
2125.2 106117.63
2126.4 106177.4
2127.6 106237.18
2128.8 106296.97
2130.0 106356.76
2131.2 106416.56
2132.4 106476.36
2133.6 106536.18
2134.8 106595.99
2136.0 106655.82
2137.2 106715.65
2138.4 106775.48
2139.6 106835.33
2140.8 106895.17
2142.0 106955.03
2143.2 107014.89
2144.4 107074.75
2145.6 107134.62
2146.8 107194.49
2148.0 107254.37
2149.2 107314.26
2150.4 107374.15
2151.6 107434.05
2152.8 107493.95
2154.0 107553.85
2155.2 107613.76
2156.4 107673.67
2157.6 107733.59
2158.8 107793.51
2160.0 107853.44
2161.2 107913.37
2162.4 107973.31
2163.6 108033.24
2164.8 108093.19
2166.0 108153.13
2167.2 108213.08
2168.4 108273.04
2169.6 108332.99
2170.8 108392.96
2172.0 108452.92
2173.2 108512.89
2174.4 108572.86
2175.6 108632.83
2176.8 108692.8
2178.0 108752.78
2179.2 108812.77
2180.4 108872.75
2181.6 108932.74
2182.8 108992.73
2184.0 109052.72
2185.2 109112.71
2186.4 109172.71
2187.6 109232.71
2188.8 109292.71
2190.0 109352.71
2191.2 109412.72
2192.4 109472.72
2193.6 109532.73
2194.8 109592.74
2196.0 109652.75
2197.2 109712.77
2198.4 109772.78
2199.6 109832.8
2200.8 109892.82
2202.0 109952.84
2203.2 110012.86
2204.4 110072.88
2205.6 110132.9
2206.8 110192.93
2208.0 110252.95
2209.2 110312.98
2210.4 110373.01
2211.6 110433.04
2212.8 110493.07
2214.0 110553.1
2215.2 110613.13
2216.4 110673.16
2217.6 110733.19
2218.8 110793.22
2220.0 110853.26
2221.2 110913.29
2222.4 110973.32
2223.6 111033.36
2224.8 111093.39
2226.0 111153.43
2227.2 111213.46
2228.4 111273.5
2229.6 111333.53
2230.8 111393.57
2232.0 111453.61
2233.2 111513.64
2234.4 111573.68
2235.6 111633.71
2236.8 111693.75
2238.0 111753.79
2239.2 111813.82
2240.4 111873.86
2241.6 111933.89
2242.8 111993.93
2244.0 112053.96
2245.2 112114.0
2246.4 112174.03
2247.6 112234.06
2248.8 112294.1
2250.0 112354.13
2251.2 112414.16
2252.4 112474.19
2253.6 112534.23
2254.8 112594.26
2256.0 112654.29
2257.2 112714.32
2258.4 112774.34
2259.6 112834.37
2260.8 112894.4
2262.0 112954.43
2263.2 113014.45
2264.4 113074.48
2265.6 113134.5
2266.8 113194.53
2268.0 113254.55
2269.2 113314.57
2270.4 113374.6
2271.6 113434.62
2272.8 113494.64
2274.0 113554.66
2275.2 113614.67
2276.4 113674.69
2277.6 113734.71
2278.8 113794.72
2280.0 113854.74
2281.2 113914.75
2282.4 113974.76
2283.6 114034.77
2284.8 114094.79
2286.0 114154.79
2287.2 114214.8
2288.4 114274.81
2289.6 114334.82
2290.8 114394.82
2292.0 114454.83
2293.2 114514.83
2294.4 114574.83
2295.6 114634.84
2296.8 114694.84
2298.0 114754.83
2299.2 114814.83
2300.4 114874.83
2301.6 114934.83
2302.8 114994.82
2304.0 115054.82
2305.2 115114.81
2306.4 115174.8
2307.6 115234.79
2308.8 115294.78
2310.0 115354.77
2311.2 115414.76
2312.4 115474.74
2313.6 115534.73
2314.8 115594.71
2316.0 115654.7
2317.2 115714.68
2318.4 115774.66
2319.6 115834.64
2320.8 115894.62
2322.0 115954.6
2323.2 116014.57
2324.4 116074.55
2325.6 116134.53
2326.8 116194.5
2328.0 116254.47
2329.2 116314.45
2330.4 116374.42
2331.6 116434.39
2332.8 116494.36
2334.0 116554.32
2335.2 116614.29
2336.4 116674.26
2337.6 116734.22
2338.8 116794.19
2340.0 116854.15
2341.2 116914.11
2342.4 116974.07
2343.6 117034.03
2344.8 117093.99
2346.0 117153.95
2347.2 117213.91
2348.4 117273.86
2349.6 117333.82
2350.8 117393.77
2352.0 117453.73
2353.2 117513.68
2354.4 117573.63
2355.6 117633.58
2356.8 117693.53
2358.0 117753.48
2359.2 117813.43
2360.4 117873.38
2361.6 117933.33
2362.8 117993.27
2364.0 118053.22
2365.2 118113.16
2366.4 118173.11
2367.6 118233.05
2368.8 118292.99
2370.0 118352.94
2371.2 118412.88
2372.4 118472.82
2373.6 118532.76
2374.8 118592.69
2376.0 118652.6
2377.2 118712.49
2378.4 118772.37
2379.6 118832.23
2380.8 118892.07
2382.0 118951.91
2383.2 119011.74
2384.4 119071.55
2385.6 119131.36
2386.8 119191.17
2388.0 119250.97
2389.2 119310.76
2390.4 119370.55
2391.6 119430.34
2392.8 119490.12
2394.0 119549.91
2395.2 119609.69
2396.4 119669.47
2397.6 119729.26
2398.8 119789.04
2400.0 119848.83
2401.2 119908.61
2402.4 119968.4
2403.6 120028.19
2404.8 120087.98
2406.0 120147.77
2407.2 120207.56
2408.4 120267.36
2409.6 120327.16
2410.8 120386.96
2412.0 120446.76
2413.2 120506.57
2414.4 120566.38
2415.6 120626.19
2416.8 120686.01
2418.0 120745.83
2419.2 120805.65
2420.4 120865.47
2421.6 120925.3
2422.8 120985.13
2424.0 121044.96
2425.2 121104.79
2426.4 121164.63
2427.6 121224.47
2428.8 121284.32
2430.0 121344.17
2431.2 121404.02
2432.4 121463.87
2433.6 121523.72
2434.8 121583.58
2436.0 121643.44
2437.2 121703.31
2438.4 121763.17
2439.6 121823.04
2440.8 121882.91
2442.0 121942.79
2443.2 122002.66
2444.4 122062.54
2445.6 122122.43
2446.8 122182.31
2448.0 122242.2
2449.2 122302.09
2450.4 122361.98
2451.6 122421.87
2452.8 122481.77
2454.0 122541.66
2455.2 122601.56
2456.4 122661.47
2457.6 122721.37
2458.8 122781.28
2460.0 122841.19
2461.2 122901.1
2462.4 122961.01
2463.6 123020.92
2464.8 123080.84
2466.0 123140.76
2467.2 123200.68
2468.4 123260.6
2469.6 123320.52
2470.8 123380.44
2472.0 123440.37
2473.2 123500.3
2474.4 123560.23
2475.6 123620.16
2476.8 123680.09
2478.0 123740.02
2479.2 123799.96
2480.4 123859.9
2481.6 123919.83
2482.8 123979.77
2484.0 124039.71
2485.2 124099.65
2486.4 124159.6
2487.6 124219.54
2488.8 124279.49
2490.0 124339.43
2491.2 124399.38
2492.4 124459.33
2493.6 124519.28
2494.8 124579.23
2496.0 124639.18
2497.2 124699.13
2498.4 124759.08
2499.6 124819.04
2500.8 124878.99
2502.0 124938.95
2503.2 124998.9
2504.4 125058.86
2505.6 125118.82
2506.8 125178.78
2508.0 125238.73
2509.2 125298.69
2510.4 125358.65
2511.6 125418.61
2512.8 125478.58
2514.0 125538.54
2515.2 125598.5
2516.4 125658.46
2517.6 125718.43
2518.8 125778.39
2520.0 125838.35
2521.2 125898.32
2522.4 125958.28
2523.6 126018.25
2524.8 126078.21
2526.0 126138.18
2527.2 126198.14
2528.4 126258.11
2529.6 126318.08
2530.8 126378.04
2532.0 126438.01
2533.2 126497.98
2534.4 126557.94
2535.6 126617.91
2536.8 126677.88
2538.0 126737.85
2539.2 126797.81
2540.4 126857.78
2541.6 126917.75
2542.8 126977.72
2544.0 127037.68
2545.2 127097.65
2546.4 127157.62
2547.6 127217.59
2548.8 127277.55
2550.0 127337.52
2551.2 127397.49
2552.4 127457.46
2553.6 127517.42
2554.8 127577.39
2556.0 127637.36
2557.2 127697.32
2558.4 127757.29
2559.6 127817.26
2560.8 127877.22
2562.0 127937.19
2563.2 127997.15
2564.4 128057.12
2565.6 128117.08
2566.8 128177.05
2568.0 128237.0
2569.2 128296.91
2570.4 128356.78
2571.6 128416.63
2572.8 128476.44
2574.0 128536.22
2575.2 128595.98
2576.4 128655.73
2577.6 128715.45
2578.8 128775.16
2580.0 128834.86
2581.2 128894.54
2582.4 128954.22
2583.6 129013.89
2584.8 129073.55
2586.0 129133.21
2587.2 129192.86
2588.4 129252.52
2589.6 129312.17
2590.8 129371.82
2592.0 129431.47
2593.2 129491.13
2594.4 129550.78
2595.6 129610.44
2596.8 129670.1
2598.0 129729.77
2599.2 129789.44
2600.4 129849.12
2601.6 129908.8
2602.8 129968.49
2604.0 130028.18
2605.2 130087.87
2606.4 130147.58
2607.6 130207.29
2608.8 130267.0
2610.0 130326.73
2611.2 130386.45
2612.4 130446.19
2613.6 130505.93
2614.8 130565.68
2616.0 130625.43
2617.2 130685.19
2618.4 130744.96
2619.6 130804.74
2620.8 130864.52
2622.0 130924.3
2623.2 130984.1
2624.4 131043.9
2625.6 131103.7
2626.8 131163.51
2628.0 131223.33
2629.2 131283.15
2630.4 131342.98
2631.6 131402.82
2632.8 131462.66
2634.0 131522.51
2635.2 131582.36
2636.4 131642.22
2637.6 131702.08
2638.8 131761.95
2640.0 131821.83
2641.2 131881.71
2642.4 131941.59
2643.6 132001.48
2644.8 132061.38
2646.0 132121.28
2647.2 132181.18
2648.4 132241.09
2649.6 132301.0
2650.8 132360.92
2652.0 132420.84
2653.2 132480.77
2654.4 132540.7
2655.6 132600.63
2656.8 132660.57
2658.0 132720.51
2659.2 132780.46
2660.4 132840.41
2661.6 132900.36
2662.8 132960.31
2664.0 133020.27
2665.2 133080.24
2666.4 133140.2
2667.6 133200.17
2668.8 133260.14
2670.0 133320.12
2671.2 133380.1
2672.4 133440.08
2673.6 133500.06
2674.8 133560.05
2676.0 133620.04
2677.2 133680.03
2678.4 133740.02
2679.6 133800.02
2680.8 133860.01
2682.0 133920.01
2683.2 133980.02
2684.4 134040.02
2685.6 134100.03
2686.8 134160.03
2688.0 134220.04
2689.2 134280.06
2690.4 134340.07
2691.6 134400.08
2692.8 134460.1
2694.0 134520.12
2695.2 134580.14
2696.4 134640.16
2697.6 134700.18
2698.8 134760.2
2700.0 134820.22
2701.2 134880.25
2702.4 134940.27
2703.6 135000.3
2704.8 135060.33
2706.0 135120.36
2707.2 135180.39
2708.4 135240.42
2709.6 135300.45
2710.8 135360.48
2712.0 135420.51
2713.2 135480.55
2714.4 135540.58
2715.6 135600.6
2716.8 135660.52
2718.0 135720.27
2719.2 135779.87
2720.4 135839.35
2721.6 135898.71
2722.8 135957.96
2724.0 136017.13
2725.2 136076.22
2726.4 136135.23
2727.6 136194.19
2728.8 136253.09
2730.0 136311.95
2731.2 136370.77
2732.4 136429.56
2733.6 136488.32
2734.8 136547.06
2736.0 136605.78
2737.2 136664.48
2738.4 136723.16
2739.6 136781.82
2740.8 136840.46
2742.0 136899.09
2743.2 136957.7
2744.4 137016.3
2745.6 137074.89
2746.8 137133.47
2748.0 137192.04
2749.2 137250.6
2750.4 137309.15
2751.6 137367.7
2752.8 137426.25
2754.0 137484.79
2755.2 137543.33
2756.4 137601.87
2757.6 137660.41
2758.8 137718.95
2760.0 137777.5
2761.2 137836.04
2762.4 137894.6
2763.6 137953.16
2764.8 138011.72
2766.0 138070.3
2767.2 138128.88
2768.4 138187.48
2769.6 138246.09
2770.8 138304.71
2772.0 138363.34
2773.2 138421.98
2774.4 138480.65
2775.6 138539.32
2776.8 138598.02
2778.0 138656.73
2779.2 138715.46
2780.4 138774.21
2781.6 138832.98
2782.8 138891.77
2784.0 138950.58
2785.2 139009.41
2786.4 139068.27
2787.6 139127.15
2788.8 139186.05
2790.0 139244.98
2791.2 139303.93
2792.4 139362.9
2793.6 139421.91
2794.8 139480.93
2796.0 139539.99
2797.2 139599.07
2798.4 139658.18
2799.6 139717.32
2800.8 139776.48
2802.0 139835.67
2803.2 139894.89
2804.4 139954.14
2805.6 140013.42
2806.8 140072.72
2808.0 140132.06
2809.2 140191.42
2810.4 140250.81
2811.6 140310.23
2812.8 140369.68
2814.0 140429.16
2815.2 140488.67
2816.4 140548.2
2817.6 140607.77
2818.8 140667.36
2820.0 140726.98
2821.2 140786.63
2822.4 140846.31
2823.6 140906.01
2824.8 140965.75
2826.0 141025.51
2827.2 141085.29
2828.4 141145.11
2829.6 141204.95
2830.8 141264.81
2832.0 141324.7
2833.2 141384.62
2834.4 141444.56
2835.6 141504.53
2836.8 141564.51
2838.0 141624.53
2839.2 141684.56
2840.4 141744.62
2841.6 141804.7
2842.8 141864.8
2844.0 141924.93
2845.2 141985.07
2846.4 142045.24
2847.6 142105.43
2848.8 142165.64
2850.0 142225.87
2851.2 142286.13
2852.4 142346.4
2853.6 142406.69
2854.8 142467.01
2856.0 142527.35
2857.2 142587.7
2858.4 142648.08
2859.6 142708.47
2860.8 142768.88
2862.0 142829.31
2863.2 142889.76
2864.4 142950.22
2865.6 143010.71
2866.8 143071.2
2868.0 143131.72
2869.2 143192.25
2870.4 143252.79
2871.6 143313.35
2872.8 143373.92
2874.0 143434.51
2875.2 143495.1
2876.4 143555.72
2877.6 143616.34
2878.8 143676.97
2880.0 143737.62
2881.2 143798.27
2882.4 143858.94
2883.6 143919.61
2884.8 143980.3
2886.0 144040.99
2887.2 144101.69
2888.4 144162.4
2889.6 144223.12
2890.8 144283.84
2892.0 144344.57
2893.2 144405.31
2894.4 144466.05
2895.6 144526.8
2896.8 144587.55
2898.0 144648.31
2899.2 144709.07
2900.4 144769.84
2901.6 144830.6
2902.8 144891.38
2904.0 144952.15
2905.2 145012.93
2906.4 145073.71
2907.6 145134.49
2908.8 145195.27
2910.0 145256.05
2911.2 145316.83
2912.4 145377.62
2913.6 145438.4
2914.8 145499.18
2916.0 145559.97
2917.2 145620.75
2918.4 145681.53
2919.6 145742.31
2920.8 145803.09
2922.0 145863.87
2923.2 145924.64
2924.4 145985.42
2925.6 146046.19
2926.8 146106.95
2928.0 146167.72
2929.2 146228.48
2930.4 146289.24
2931.6 146349.99
2932.8 146410.74
2934.0 146471.49
2935.2 146532.23
2936.4 146592.97
2937.6 146653.7
2938.8 146714.43
2940.0 146775.16
2941.2 146835.87
2942.4 146896.59
2943.6 146957.3
2944.8 147018.0
2946.0 147078.7
2947.2 147139.39
2948.4 147200.07
2949.6 147260.75
2950.8 147321.43
2952.0 147382.09
2953.2 147442.75
2954.4 147503.41
2955.6 147564.06
2956.8 147624.7
2958.0 147685.33
2959.2 147745.96
2960.4 147806.58
2961.6 147867.19
2962.8 147927.8
2964.0 147988.4
2965.2 148048.99
2966.4 148109.58
2967.6 148170.15
2968.8 148230.72
2970.0 148291.29
2971.2 148351.84
2972.4 148412.39
2973.6 148472.93
2974.8 148533.46
2976.0 148593.99
2977.2 148654.51
2978.4 148715.02
2979.6 148775.52
2980.8 148836.01
2982.0 148896.5
2983.2 148956.98
2984.4 149017.45
2985.6 149077.91
2986.8 149138.37
2988.0 149198.82
2989.2 149259.26
2990.4 149319.69
2991.6 149380.11
2992.8 149440.53
2994.0 149500.94
2995.2 149561.34
2996.4 149621.74
2997.6 149682.12
2998.8 149742.5
3000.0 149802.87
3001.2 149863.24
3002.4 149923.59
3003.6 149983.94
3004.8 150044.28
3006.0 150104.61
3007.2 150164.94
3008.4 150225.26
3009.6 150285.57
3010.8 150345.87
3012.0 150406.17
3013.2 150466.46
3014.4 150526.74
3015.6 150587.02
3016.8 150647.28
3018.0 150707.54
3019.2 150767.8
3020.4 150828.04
3021.6 150888.28
3022.8 150948.52
3024.0 151008.74
3025.2 151068.96
3026.4 151129.17
3027.6 151189.38
3028.8 151249.57
3030.0 151309.77
3031.2 151369.95
3032.4 151430.13
3033.6 151490.3
3034.8 151550.47
3036.0 151610.63
3037.2 151670.78
3038.4 151730.93
3039.6 151791.07
3040.8 151851.2
3042.0 151911.33
3043.2 151971.45
3044.4 152031.57
3045.6 152091.68
3046.8 152151.78
3048.0 152211.88
3049.2 152271.98
3050.4 152332.07
3051.6 152392.15
3052.8 152452.23
3054.0 152512.3
3055.2 152572.36
3056.4 152632.43
3057.6 152692.48
3058.8 152752.53
3060.0 152812.58
3061.2 152872.62
3062.4 152932.66
3063.6 152992.69
3064.8 153052.72
3066.0 153112.74
3067.2 153172.76
3068.4 153232.77
3069.6 153292.78
3070.8 153352.78
3072.0 153412.78
3073.2 153472.78
3074.4 153532.77
3075.6 153592.76
3076.8 153652.74
3078.0 153712.72
3079.2 153772.7
3080.4 153832.67
3081.6 153892.64
3082.8 153952.6
3084.0 154012.57
3085.2 154072.52
3086.4 154132.48
3087.6 154192.43
3088.8 154252.38
3090.0 154312.32
3091.2 154372.26
3092.4 154432.2
3093.6 154492.14
3094.8 154552.07
3096.0 154612.0
3097.2 154671.92
3098.4 154731.85
3099.6 154791.77
