0.0 1406.0
1.2 1466.0
2.4 1526.0
3.6 1585.99
4.8 1645.97
6.0 1705.95
7.2 1765.93
8.4 1825.89
9.6 1885.85
10.8 1945.79
12.0 2005.73
13.2 2065.65
14.4 2125.57
15.6 2185.47
16.8 2245.36
18.0 2305.25
19.2 2365.12
20.4 2424.97
21.6 2484.82
22.8 2544.65
24.0 2604.48
25.2 2664.29
26.4 2724.09
27.6 2783.87
28.8 2843.65
30.0 2903.41
31.2 2963.17
32.4 3022.91
33.6 3082.64
34.8 3142.36
36.0 3202.07
37.2 3261.76
38.4 3321.45
39.6 3381.12
40.8 3440.79
42.0 3500.44
43.2 3560.09
44.4 3619.72
45.6 3679.34
46.8 3738.96
48.0 3798.56
49.2 3858.15
50.4 3917.74
51.6 3977.31
52.8 4036.87
54.0 4096.43
55.2 4155.98
56.4 4215.51
57.6 4275.04
58.8 4334.56
60.0 4394.07
61.2 4453.57
62.4 4513.07
63.6 4572.55
64.8 4632.03
66.0 4691.5
67.2 4750.96
68.4 4810.41
69.6 4869.85
70.8 4929.29
72.0 4988.72
73.2 5048.14
74.4 5107.56
75.6 5166.97
76.8 5226.37
78.0 5285.76
79.2 5345.14
80.4 5404.52
81.6 5463.89
82.8 5523.26
84.0 5582.62
85.2 5641.97
86.4 5701.32
87.6 5760.66
88.8 5819.99
90.0 5879.31
91.2 5938.64
92.4 5997.95
93.6 6057.26
94.8 6116.56
96.0 6175.86
97.2 6235.15
98.4 6294.43
99.6 6353.71
100.8 6412.99
102.0 6472.26
103.2 6531.52
104.4 6590.78
105.6 6650.03
106.8 6709.28
108.0 6768.52
109.2 6827.76
110.4 6886.99
111.6 6946.22
112.8 7005.44
114.0 7064.66
115.2 7123.87
116.4 7183.08
117.6 7242.28
118.8 7301.48
120.0 7360.68
121.2 7419.87
122.4 7479.05
123.6 7538.24
124.8 7597.41
126.0 7656.59
127.2 7715.76
128.4 7774.92
129.6 7834.09
130.8 7893.24
132.0 7952.4
133.2 8011.55
134.4 8070.69
135.6 8129.84
136.8 8188.98
138.0 8248.11
139.2 8307.24
140.4 8366.37
141.6 8425.5
142.8 8484.62
144.0 8543.73
145.2 8602.85
146.4 8661.96
147.6 8721.07
148.8 8780.17
150.0 8839.27
151.2 8898.37
152.4 8957.47
153.6 9016.56
154.8 9075.65
156.0 9134.73
157.2 9193.82
158.4 9252.9
159.6 9311.97
160.8 9371.05
162.0 9430.12
163.2 9489.19
164.4 9548.26
165.6 9607.32
166.8 9666.38
168.0 9725.44
169.2 9784.49
170.4 9843.55
171.6 9902.6
172.8 9961.65
174.0 10020.69
175.2 10079.73
176.4 10138.78
177.6 10197.81
178.8 10256.85
180.0 10315.88
181.2 10374.92
182.4 10433.95
183.6 10492.97
184.8 10552.0
186.0 10611.02
187.2 10670.04
188.4 10729.06
189.6 10788.08
190.8 10847.09
192.0 10906.11
193.2 10965.12
194.4 11024.13
195.6 11083.13
196.8 11142.14
198.0 11201.14
199.2 11260.15
200.4 11319.15
201.6 11378.14
202.8 11437.14
204.0 11496.13
205.2 11555.13
206.4 11614.12
207.6 11673.11
208.8 11732.1
210.0 11791.08
211.2 11850.07
212.4 11909.05
213.6 11968.03
214.8 12027.01
216.0 12085.99
217.2 12144.97
218.4 12203.94
219.6 12262.92
220.8 12321.89
222.0 12380.86
223.2 12439.83
224.4 12498.8
225.6 12557.77
226.8 12616.74
228.0 12675.7
229.2 12734.66
230.4 12793.63
231.6 12852.59
232.8 12911.55
234.0 12970.5
235.2 13029.46
236.4 13088.42
237.6 13147.37
238.8 13206.33
240.0 13265.28
241.2 13324.23
242.4 13383.18
243.6 13442.13
244.8 13501.08
246.0 13560.02
247.2 13618.97
248.4 13677.92
249.6 13736.86
250.8 13795.8
252.0 13854.74
253.2 13913.69
254.4 13972.63
255.6 14031.56
256.8 14090.5
258.0 14149.44
259.2 14208.38
260.4 14267.31
261.6 14326.25
262.8 14385.18
264.0 14444.11
265.2 14503.04
266.4 14561.97
267.6 14620.9
268.8 14679.83
270.0 14738.76
271.2 14797.69
272.4 14856.62
273.6 14915.54
274.8 14974.47
276.0 15033.39
277.2 15092.32
278.4 15151.24
279.6 15210.16
280.8 15269.08
282.0 15328.0
283.2 15386.92
284.4 15445.84
285.6 15504.76
286.8 15563.68
288.0 15622.6
289.2 15681.51
290.4 15740.43
291.6 15799.35
292.8 15858.26
294.0 15917.17
295.2 15976.09
296.4 16035.0
297.6 16093.91
298.8 16152.82
300.0 16211.74
301.2 16270.65
302.4 16329.56
303.6 16388.47
304.8 16447.37
306.0 16506.28
307.2 16565.19
308.4 16624.1
309.6 16683.01
310.8 16741.91
312.0 16800.82
313.2 16859.72
314.4 16918.63
315.6 16977.53
316.8 17036.44
318.0 17095.34
319.2 17154.24
320.4 17213.14
321.6 17272.05
322.8 17330.95
324.0 17389.85
325.2 17448.75
326.4 17507.65
327.6 17566.55
328.8 17625.45
330.0 17684.35
331.2 17743.24
332.4 17802.14
333.6 17861.04
334.8 17919.94
336.0 17978.83
337.2 18037.73
338.4 18096.63
339.6 18155.52
340.8 18214.42
342.0 18273.31
343.2 18332.21
344.4 18391.1
345.6 18449.99
346.8 18508.89
348.0 18567.78
349.2 18626.67
350.4 18685.57
351.6 18744.46
352.8 18803.35
354.0 18862.24
355.2 18921.13
356.4 18980.02
357.6 19038.91
358.8 19097.8
360.0 19156.69
361.2 19215.58
362.4 19274.47
363.6 19333.36
364.8 19392.25
366.0 19451.14
367.2 19510.03
368.4 19568.92
369.6 19627.81
370.8 19686.69
372.0 19745.58
373.2 19804.47
374.4 19863.35
375.6 19922.24
376.8 19981.13
378.0 20040.01
379.2 20098.9
380.4 20157.78
381.6 20216.67
382.8 20275.56
384.0 20334.44
385.2 20393.33
386.4 20452.21
387.6 20511.09
388.8 20569.98
390.0 20628.86
391.2 20687.75
392.4 20746.63
393.6 20805.51
394.8 20864.39
396.0 20923.28
397.2 20982.16
398.4 21041.04
399.6 21099.93
400.8 21158.81
402.0 21217.69
403.2 21276.57
404.4 21335.45
405.6 21394.33
406.8 21453.21
408.0 21512.1
409.2 21570.98
410.4 21629.86
411.6 21688.74
412.8 21747.62
414.0 21806.5
415.2 21865.38
416.4 21924.26
417.6 21983.14
418.8 22042.02
420.0 22100.9
421.2 22159.77
422.4 22218.65
423.6 22277.53
424.8 22336.41
426.0 22395.29
427.2 22454.17
428.4 22513.05
429.6 22571.92
430.8 22630.8
432.0 22689.68
433.2 22748.56
434.4 22807.44
435.6 22866.31
436.8 22925.19
438.0 22984.07
439.2 23042.94
440.4 23101.82
441.6 23160.7
442.8 23219.58
444.0 23278.45
445.2 23337.33
446.4 23396.2
447.6 23455.08
448.8 23513.96
450.0 23572.83
451.2 23631.71
452.4 23690.58
453.6 23749.46
454.8 23808.34
456.0 23867.21
457.2 23926.09
458.4 23984.96
459.6 24043.84
460.8 24102.71
462.0 24161.59
463.2 24220.46
464.4 24279.34
465.6 24338.21
466.8 24397.09
468.0 24455.96
469.2 24514.83
470.4 24573.71
471.6 24632.58
472.8 24691.46
474.0 24750.33
475.2 24809.2
476.4 24868.08
477.6 24926.95
478.8 24985.83
480.0 25044.7
481.2 25103.57
482.4 25162.45
483.6 25221.32
484.8 25280.19
486.0 25339.07
487.2 25397.94
488.4 25456.81
489.6 25515.69
490.8 25574.56
492.0 25633.43
493.2 25692.3
494.4 25751.18
495.6 25810.05
496.8 25868.92
498.0 25927.8
499.2 25986.67
500.4 26045.54
501.6 26104.41
502.8 26163.28
504.0 26222.16
505.2 26281.03
506.4 26339.9
507.6 26398.77
508.8 26457.65
510.0 26516.52
511.2 26575.39
512.4 26634.26
513.6 26693.13
514.8 26752.0
516.0 26810.88
517.2 26869.75
518.4 26928.62
519.6 26987.49
520.8 27046.36
522.0 27105.23
523.2 27164.11
524.4 27222.98
525.6 27281.85
526.8 27340.72
528.0 27399.59
529.2 27458.46
530.4 27517.33
531.6 27576.2
532.8 27635.07
534.0 27693.95
535.2 27752.82
536.4 27811.69
537.6 27870.56
538.8 27929.43
540.0 27988.3
541.2 28047.17
542.4 28106.04
543.6 28164.91
544.8 28223.78
546.0 28282.65
547.2 28341.52
548.4 28400.39
549.6 28459.26
550.8 28518.14
552.0 28577.01
553.2 28635.88
554.4 28694.75
555.6 28753.62
556.8 28812.49
558.0 28871.36
559.2 28930.23
560.4 28989.1
561.6 29047.97
562.8 29106.84
564.0 29165.71
565.2 29224.58
566.4 29283.45
567.6 29342.32
568.8 29401.19
570.0 29460.06
571.2 29518.93
572.4 29577.8
573.6 29636.67
574.8 29695.54
576.0 29754.41
577.2 29813.28
578.4 29872.15
579.6 29931.02
580.8 29989.89
582.0 30048.76
583.2 30107.63
584.4 30166.5
585.6 30225.37
586.8 30284.24
588.0 30343.11
589.2 30401.98
590.4 30460.85
591.6 30519.72
592.8 30578.59
594.0 30637.46
595.2 30696.33
596.4 30755.2
597.6 30814.07
598.8 30872.94
600.0 30931.81
601.2 30990.68
602.4 31049.55
603.6 31108.42
604.8 31167.29
606.0 31226.16
607.2 31285.03
608.4 31343.9
609.6 31402.77
610.8 31461.64
612.0 31520.5
613.2 31579.37
614.4 31638.24
615.6 31697.11
616.8 31755.98
618.0 31814.85
619.2 31873.72
620.4 31932.59
621.6 31991.46
622.8 32050.33
624.0 32109.2
625.2 32168.07
626.4 32226.94
627.6 32285.81
628.8 32344.68
630.0 32403.54
631.2 32462.41
632.4 32521.28
633.6 32580.15
634.8 32639.02
636.0 32697.89
637.2 32756.76
638.4 32815.63
639.6 32874.5
640.8 32933.37
642.0 32992.23
643.2 33051.1
644.4 33109.97
645.6 33168.84
646.8 33227.71
648.0 33286.58
649.2 33345.45
650.4 33404.32
651.6 33463.19
652.8 33522.05
654.0 33580.92
655.2 33639.79
656.4 33698.66
657.6 33757.53
658.8 33816.4
660.0 33875.27
661.2 33934.14
662.4 33993.0
663.6 34051.87
664.8 34110.74
666.0 34169.61
667.2 34228.48
668.4 34287.35
669.6 34346.21
670.8 34405.08
672.0 34463.95
673.2 34522.82
674.4 34581.69
675.6 34640.56
676.8 34699.42
678.0 34758.29
679.2 34817.16
680.4 34876.03
681.6 34934.9
682.8 34993.76
684.0 35052.63
685.2 35111.5
686.4 35170.37
687.6 35229.24
688.8 35288.1
690.0 35346.97
691.2 35405.84
692.4 35464.71
693.6 35523.58
694.8 35582.44
696.0 35641.31
697.2 35700.18
698.4 35759.05
699.6 35817.92
700.8 35876.78
702.0 35935.65
703.2 35994.52
704.4 36053.39
705.6 36112.26
706.8 36171.13
708.0 36229.99
709.2 36288.86
710.4 36347.73
711.6 36406.6
712.8 36465.47
714.0 36524.33
715.2 36583.2
716.4 36642.07
717.6 36700.94
718.8 36759.81
720.0 36818.68
721.2 36877.54
722.4 36936.41
723.6 36995.28
724.8 37054.15
726.0 37113.02
727.2 37171.88
728.4 37230.75
729.6 37289.62
730.8 37348.49
732.0 37407.36
733.2 37466.22
734.4 37525.09
735.6 37583.96
736.8 37642.83
738.0 37701.7
739.2 37760.57
740.4 37819.43
741.6 37878.3
742.8 37937.17
744.0 37996.04
745.2 38054.91
746.4 38113.77
747.6 38172.64
748.8 38231.51
750.0 38290.38
751.2 38349.25
752.4 38408.11
753.6 38466.98
754.8 38525.85
756.0 38584.72
757.2 38643.59
758.4 38702.45
759.6 38761.32
760.8 38820.19
762.0 38879.06
763.2 38937.93
764.4 38996.79
765.6 39055.66
766.8 39114.53
768.0 39173.4
769.2 39232.27
770.4 39291.13
771.6 39350.0
772.8 39408.87
774.0 39467.74
775.2 39526.61
776.4 39585.47
777.6 39644.34
778.8 39703.21
780.0 39762.08
781.2 39820.94
782.4 39879.81
783.6 39938.68
784.8 39997.55
786.0 40056.42
787.2 40115.28
788.4 40174.15
789.6 40233.02
790.8 40291.89
792.0 40350.76
793.2 40409.62
794.4 40468.49
795.6 40527.36
796.8 40586.23
798.0 40645.1
799.2 40703.96
800.4 40762.83
801.6 40821.7
802.8 40880.57
804.0 40939.44
805.2 40998.3
806.4 41057.17
807.6 41116.04
808.8 41174.91
810.0 41233.78
811.2 41292.64
812.4 41351.51
813.6 41410.38
814.8 41469.25
816.0 41528.12
817.2 41586.98
818.4 41645.85
819.6 41704.72
820.8 41763.59
822.0 41822.46
823.2 41881.32
824.4 41940.19
825.6 41999.06
826.8 42057.93
828.0 42116.8
829.2 42175.66
830.4 42234.53
831.6 42293.4
832.8 42352.27
834.0 42411.14
835.2 42470.01
836.4 42528.87
837.6 42587.74
838.8 42646.61
840.0 42705.48
841.2 42764.35
842.4 42823.21
843.6 42882.08
844.8 42940.95
846.0 42999.82
847.2 43058.69
848.4 43117.55
849.6 43176.42
850.8 43235.29
852.0 43294.16
853.2 43353.03
854.4 43411.89
855.6 43470.76
856.8 43529.63
858.0 43588.5
859.2 43647.37
860.4 43706.24
861.6 43765.1
862.8 43823.97
864.0 43882.84
865.2 43941.71
866.4 44000.58
867.6 44059.45
868.8 44118.31
870.0 44177.18
871.2 44236.05
872.4 44294.92
873.6 44353.79
874.8 44412.66
876.0 44471.52
877.2 44530.39
878.4 44589.26
879.6 44648.13
880.8 44707.0
882.0 44765.87
883.2 44824.73
884.4 44883.6
885.6 44942.47
886.8 45001.34
888.0 45060.21
889.2 45119.08
890.4 45177.94
891.6 45236.81
892.8 45295.68
894.0 45354.55
895.2 45413.42
896.4 45472.29
897.6 45531.16
898.8 45590.02
900.0 45648.89
901.2 45707.76
902.4 45766.63
903.6 45825.5
904.8 45884.37
906.0 45943.24
907.2 46002.1
908.4 46060.97
909.6 46119.84
910.8 46178.71
912.0 46237.58
913.2 46296.45
914.4 46355.32
915.6 46414.18
916.8 46473.05
918.0 46531.92
919.2 46590.79
920.4 46649.66
921.6 46708.53
922.8 46767.4
924.0 46826.27
925.2 46885.13
926.4 46944.0
927.6 47002.87
928.8 47061.74
930.0 47120.61
931.2 47179.48
932.4 47238.35
933.6 47297.22
934.8 47356.08
936.0 47414.95
937.2 47473.82
938.4 47532.69
939.6 47591.56
940.8 47650.43
942.0 47709.3
943.2 47768.16
944.4 47827.03
945.6 47885.9
946.8 47944.77
948.0 48003.64
949.2 48062.51
950.4 48121.38
951.6 48180.24
952.8 48239.11
954.0 48297.98
955.2 48356.85
956.4 48415.72
957.6 48474.59
958.8 48533.46
960.0 48592.33
961.2 48651.19
962.4 48710.06
963.6 48768.93
964.8 48827.8
966.0 48886.67
967.2 48945.54
968.4 49004.41
969.6 49063.27
970.8 49122.14
972.0 49181.01
973.2 49239.88
974.4 49298.75
975.6 49357.62
976.8 49416.49
978.0 49475.35
979.2 49534.22
980.4 49593.09
981.6 49651.96
982.8 49710.83
984.0 49769.7
985.2 49828.56
986.4 49887.43
987.6 49946.3
988.8 50005.17
990.0 50064.04
991.2 50122.91
992.4 50181.78
993.6 50240.64
994.8 50299.51
996.0 50358.38
997.2 50417.25
998.4 50476.12
999.6 50534.99
1000.8 50593.85
1002.0 50652.72
1003.2 50711.59
1004.4 50770.46
1005.6 50829.33
1006.8 50888.19
1008.0 50947.06
1009.2 51005.93
1010.4 51064.8
1011.6 51123.67
1012.8 51182.54
1014.0 51241.41
1015.2 51300.27
1016.4 51359.14
1017.6 51418.01
1018.8 51476.88
1020.0 51535.75
1021.2 51594.62
1022.4 51653.48
1023.6 51712.35
1024.8 51771.22
1026.0 51830.09
1027.2 51888.96
1028.4 51947.83
1029.6 52006.7
1030.8 52065.56
1032.0 52124.43
1033.2 52183.3
1034.4 52242.17
1035.6 52301.04
1036.8 52359.91
1038.0 52418.78
1039.2 52477.65
1040.4 52536.51
1041.6 52595.38
1042.8 52654.25
1044.0 52713.12
1045.2 52771.99
1046.4 52830.86
1047.6 52889.73
1048.8 52948.59
1050.0 53007.46
1051.2 53066.33
1052.4 53125.2
1053.6 53184.07
1054.8 53242.94
1056.0 53301.81
1057.2 53360.67
1058.4 53419.54
1059.6 53478.41
1060.8 53537.28
1062.0 53596.15
1063.2 53655.02
1064.4 53713.89
1065.6 53772.75
1066.8 53831.62
1068.0 53890.49
1069.2 53949.36
1070.4 54008.23
1071.6 54067.1
1072.8 54125.96
1074.0 54184.83
1075.2 54243.7
1076.4 54302.57
1077.6 54361.44
1078.8 54420.31
1080.0 54479.18
1081.2 54538.04
1082.4 54596.91
1083.6 54655.78
1084.8 54714.65
1086.0 54773.52
1087.2 54832.39
1088.4 54891.26
1089.6 54950.12
1090.8 55008.99
1092.0 55067.86
1093.2 55126.73
1094.4 55185.6
1095.6 55244.47
1096.8 55303.34
1098.0 55362.21
1099.2 55421.07
1100.4 55479.94
1101.6 55538.81
1102.8 55597.68
1104.0 55656.55
1105.2 55715.42
1106.4 55774.29
1107.6 55833.16
1108.8 55892.02
1110.0 55950.89
1111.2 56009.76
1112.4 56068.63
1113.6 56127.5
1114.8 56186.37
1116.0 56245.24
1117.2 56304.11
1118.4 56362.97
1119.6 56421.84
1120.8 56480.71
1122.0 56539.58
1123.2 56598.45
1124.4 56657.32
1125.6 56716.19
1126.8 56775.05
1128.0 56833.92
1129.2 56892.79
1130.4 56951.66
1131.6 57010.53
1132.8 57069.4
1134.0 57128.27
1135.2 57187.13
1136.4 57246.0
1137.6 57304.87
1138.8 57363.74
1140.0 57422.61
1141.2 57481.48
1142.4 57540.35
1143.6 57599.21
1144.8 57658.08
1146.0 57716.95
1147.2 57775.82
1148.4 57834.69
1149.6 57893.56
1150.8 57952.43
1152.0 58011.29
1153.2 58070.16
1154.4 58129.03
1155.6 58187.9
1156.8 58246.77
1158.0 58305.64
1159.2 58364.51
1160.4 58423.37
1161.6 58482.24
1162.8 58541.11
1164.0 58599.98
1165.2 58658.85
1166.4 58717.72
1167.6 58776.58
1168.8 58835.45
1170.0 58894.32
1171.2 58953.19
1172.4 59012.06
1173.6 59070.93
1174.8 59129.8
1176.0 59188.66
1177.2 59247.53
1178.4 59306.4
1179.6 59365.27
1180.8 59424.14
1182.0 59483.01
1183.2 59541.88
1184.4 59600.74
1185.6 59659.61
1186.8 59718.48
1188.0 59777.35
1189.2 59836.22
1190.4 59895.09
1191.6 59953.96
1192.8 60012.82
1194.0 60071.69
1195.2 60130.56
1196.4 60189.43
1197.6 60248.3
1198.8 60307.17
1200.0 60366.04
1201.2 60424.9
1202.4 60483.77
1203.6 60542.64
1204.8 60601.51
1206.0 60660.38
1207.2 60719.25
1208.4 60778.12
1209.6 60836.98
1210.8 60895.85
1212.0 60954.72
1213.2 61013.59
1214.4 61072.46
1215.6 61131.33
1216.8 61190.2
1218.0 61249.06
1219.2 61307.93
1220.4 61366.8
1221.6 61425.67
1222.8 61484.54
1224.0 61543.41
1225.2 61602.28
1226.4 61661.15
1227.6 61720.01
1228.8 61778.88
1230.0 61837.75
1231.2 61896.62
1232.4 61955.49
1233.6 62014.36
1234.8 62073.23
1236.0 62132.09
1237.2 62190.96
1238.4 62249.83
1239.6 62308.7
1240.8 62367.57
1242.0 62426.44
1243.2 62485.31
1244.4 62544.18
1245.6 62603.04
1246.8 62661.91
1248.0 62720.78
1249.2 62779.65
1250.4 62838.52
1251.6 62897.39
1252.8 62956.26
1254.0 63015.13
1255.2 63073.99
1256.4 63132.86
1257.6 63191.73
1258.8 63250.6
1260.0 63309.47
1261.2 63368.34
1262.4 63427.21
1263.6 63486.07
1264.8 63544.94
1266.0 63603.81
1267.2 63662.68
1268.4 63721.55
1269.6 63780.42
1270.8 63839.29
1272.0 63898.15
1273.2 63957.02
1274.4 64015.89
1275.6 64074.76
1276.8 64133.63
1278.0 64192.5
1279.2 64251.37
1280.4 64310.24
1281.6 64369.1
1282.8 64427.97
1284.0 64486.84
1285.2 64545.71
1286.4 64604.58
1287.6 64663.45
1288.8 64722.32
1290.0 64781.18
1291.2 64840.05
1292.4 64898.92
1293.6 64957.79
1294.8 65016.66
1296.0 65075.53
1297.2 65134.4
1298.4 65193.26
1299.6 65252.13
1300.8 65311.0
1302.0 65369.87
1303.2 65428.74
1304.4 65487.61
1305.6 65546.48
1306.8 65605.34
1308.0 65664.21
1309.2 65723.08
1310.4 65781.95
1311.6 65840.82
1312.8 65899.69
1314.0 65958.56
1315.2 66017.42
1316.4 66076.29
1317.6 66135.16
1318.8 66194.03
1320.0 66252.9
1321.2 66311.77
1322.4 66370.64
1323.6 66429.51
1324.8 66488.37
1326.0 66547.24
1327.2 66606.11
1328.4 66664.98
1329.6 66723.85
1330.8 66782.72
1332.0 66841.58
1333.2 66900.45
1334.4 66959.32
1335.6 67018.19
1336.8 67077.06
1338.0 67135.93
1339.2 67194.8
1340.4 67253.66
1341.6 67312.53
1342.8 67371.4
1344.0 67430.27
1345.2 67489.14
1346.4 67548.01
1347.6 67606.88
1348.8 67665.74
1350.0 67724.61
1351.2 67783.48
1352.4 67842.35
1353.6 67901.22
1354.8 67960.09
1356.0 68018.96
1357.2 68077.82
1358.4 68136.69
1359.6 68195.56
1360.8 68254.43
1362.0 68313.3
1363.2 68372.17
1364.4 68431.03
1365.6 68489.9
1366.8 68548.77
1368.0 68607.64
1369.2 68666.51
1370.4 68725.38
1371.6 68784.25
1372.8 68843.11
1374.0 68901.98
1375.2 68960.85
1376.4 69019.72
1377.6 69078.59
1378.8 69137.46
1380.0 69196.32
1381.2 69255.19
1382.4 69314.06
1383.6 69372.93
1384.8 69431.8
1386.0 69490.67
1387.2 69549.54
1388.4 69608.4
1389.6 69667.27
1390.8 69726.14
1392.0 69785.01
1393.2 69843.88
1394.4 69902.75
1395.6 69961.61
1396.8 70020.48
1398.0 70079.35
1399.2 70138.22
1400.4 70197.09
1401.6 70255.96
1402.8 70314.82
1404.0 70373.69
1405.2 70432.56
1406.4 70491.43
1407.6 70550.3
1408.8 70609.17
1410.0 70668.03
1411.2 70726.9
1412.4 70785.77
1413.6 70844.64
1414.8 70903.51
1416.0 70962.38
1417.2 71021.24
1418.4 71080.11
1419.6 71138.98
1420.8 71197.85
1422.0 71256.72
1423.2 71315.58
1424.4 71374.45
1425.6 71433.32
1426.8 71492.19
1428.0 71551.06
1429.2 71609.93
1430.4 71668.79
1431.6 71727.66
1432.8 71786.53
1434.0 71845.4
1435.2 71904.27
1436.4 71963.14
1437.6 72022.0
1438.8 72080.87
1440.0 72139.74
1441.2 72198.61
1442.4 72257.48
1443.6 72316.35
1444.8 72375.21
1446.0 72434.08
1447.2 72492.95
1448.4 72551.82
1449.6 72610.69
1450.8 72669.56
1452.0 72728.43
1453.2 72787.29
1454.4 72846.16
1455.6 72905.03
1456.8 72963.9
1458.0 73022.77
1459.2 73081.64
1460.4 73140.5
1461.6 73199.37
1462.8 73258.24
1464.0 73317.11
1465.2 73375.98
1466.4 73434.85
1467.6 73493.72
1468.8 73552.58
1470.0 73611.45
1471.2 73670.32
1472.4 73729.19
1473.6 73788.06
1474.8 73846.93
1476.0 73905.79
1477.2 73964.66
1478.4 74023.53
1479.6 74082.4
1480.8 74141.27
1482.0 74200.14
1483.2 74259.0
1484.4 74317.87
1485.6 74376.74
1486.8 74435.61
1488.0 74494.48
1489.2 74553.35
1490.4 74612.21
1491.6 74671.08
1492.8 74729.95
1494.0 74788.82
1495.2 74847.69
1496.4 74906.56
1497.6 74965.42
1498.8 75024.29
1500.0 75083.16
1501.2 75142.03
1502.4 75200.9
1503.6 75259.77
1504.8 75318.63
1506.0 75377.5
1507.2 75436.37
1508.4 75495.24
1509.6 75554.11
1510.8 75612.98
1512.0 75671.84
1513.2 75730.71
1514.4 75789.58
1515.6 75848.45
1516.8 75907.32
1518.0 75966.19
1519.2 76025.05
1520.4 76083.92
1521.6 76142.79
1522.8 76201.66
1524.0 76260.53
1525.2 76319.4
1526.4 76378.26
1527.6 76437.13
1528.8 76496.0
1530.0 76554.87
1531.2 76613.74
1532.4 76672.61
1533.6 76731.47
1534.8 76790.34
1536.0 76849.21
1537.2 76908.08
1538.4 76966.95
1539.6 77025.82
1540.8 77084.68
1542.0 77143.55
1543.2 77202.42
1544.4 77261.29
1545.6 77320.16
1546.8 77379.03
1548.0 77437.89
1549.2 77496.76
1550.4 77555.63
1551.6 77614.5
1552.8 77673.37
1554.0 77732.24
1555.2 77791.1
1556.4 77849.97
1557.6 77908.84
1558.8 77967.71
1560.0 78026.58
1561.2 78085.45
1562.4 78144.31
1563.6 78203.18
1564.8 78262.05
1566.0 78320.92
1567.2 78379.79
1568.4 78438.66
1569.6 78497.52
1570.8 78556.39
1572.0 78615.26
1573.2 78674.13
1574.4 78733.0
1575.6 78791.86
1576.8 78850.73
1578.0 78909.6
1579.2 78968.47
1580.4 79027.34
1581.6 79086.2
1582.8 79145.07
1584.0 79203.94
1585.2 79262.81
1586.4 79321.68
1587.6 79380.54
1588.8 79439.41
1590.0 79498.28
1591.2 79557.15
1592.4 79616.02
1593.6 79674.88
1594.8 79733.75
1596.0 79792.62
1597.2 79851.49
1598.4 79910.36
1599.6 79969.22
1600.8 80028.09
1602.0 80086.96
1603.2 80145.83
1604.4 80204.7
1605.6 80263.56
1606.8 80322.43
1608.0 80381.3
1609.2 80440.17
1610.4 80499.04
1611.6 80557.9
1612.8 80616.77
1614.0 80675.64
1615.2 80734.51
1616.4 80793.37
1617.6 80852.24
1618.8 80911.11
1620.0 80969.98
1621.2 81028.85
1622.4 81087.71
1623.6 81146.58
1624.8 81205.45
1626.0 81264.32
1627.2 81323.19
1628.4 81382.05
1629.6 81440.92
1630.8 81499.79
1632.0 81558.66
1633.2 81617.53
1634.4 81676.39
1635.6 81735.26
1636.8 81794.13
1638.0 81853.0
1639.2 81911.87
1640.4 81970.73
1641.6 82029.6
1642.8 82088.47
1644.0 82147.34
1645.2 82206.21
1646.4 82265.08
1647.6 82323.94
1648.8 82382.81
1650.0 82441.68
1651.2 82500.55
1652.4 82559.42
1653.6 82618.28
1654.8 82677.15
1656.0 82736.02
1657.2 82794.89
1658.4 82853.76
1659.6 82912.62
1660.8 82971.49
1662.0 83030.36
1663.2 83089.23
1664.4 83148.1
1665.6 83206.96
1666.8 83265.83
1668.0 83324.7
1669.2 83383.57
1670.4 83442.44
1671.6 83501.31
1672.8 83560.17
1674.0 83619.04
1675.2 83677.91
1676.4 83736.78
1677.6 83795.65
1678.8 83854.51
1680.0 83913.38
1681.2 83972.25
1682.4 84031.12
1683.6 84089.99
1684.8 84148.85
1686.0 84207.72
1687.2 84266.59
1688.4 84325.46
1689.6 84384.33
1690.8 84443.2
1692.0 84502.06
1693.2 84560.93
1694.4 84619.8
1695.6 84678.67
1696.8 84737.54
1698.0 84796.4
1699.2 84855.27
1700.4 84914.14
1701.6 84973.01
1702.8 85031.88
1704.0 85090.74
1705.2 85149.61
1706.4 85208.48
1707.6 85267.35
1708.8 85326.22
1710.0 85385.08
1711.2 85443.95
1712.4 85502.82
1713.6 85561.69
1714.8 85620.56
1716.0 85679.43
1717.2 85738.29
1718.4 85797.16
1719.6 85856.03
1720.8 85914.9
1722.0 85973.77
1723.2 86032.64
1724.4 86091.5
1725.6 86150.37
1726.8 86209.24
1728.0 86268.11
1729.2 86326.98
1730.4 86385.84
1731.6 86444.71
1732.8 86503.58
1734.0 86562.45
1735.2 86621.32
1736.4 86680.18
1737.6 86739.05
1738.8 86797.92
1740.0 86856.79
1741.2 86915.66
1742.4 86974.53
1743.6 87033.39
1744.8 87092.26
1746.0 87151.13
1747.2 87210.0
1748.4 87268.87
1749.6 87327.73
1750.8 87386.6
1752.0 87445.47
1753.2 87504.34
1754.4 87563.21
1755.6 87622.08
1756.8 87680.94
1758.0 87739.81
1759.2 87798.68
1760.4 87857.55
1761.6 87916.42
1762.8 87975.28
1764.0 88034.15
1765.2 88093.02
1766.4 88151.89
1767.6 88210.76
1768.8 88269.63
1770.0 88328.49
1771.2 88387.36
1772.4 88446.23
1773.6 88505.1
1774.8 88563.97
1776.0 88622.83
1777.2 88681.7
1778.4 88740.57
1779.6 88799.44
1780.8 88858.31
1782.0 88917.18
1783.2 88976.04
1784.4 89034.91
1785.6 89093.78
1786.8 89152.65
1788.0 89211.52
1789.2 89270.39
1790.4 89329.25
1791.6 89388.12
1792.8 89446.99
1794.0 89505.86
1795.2 89564.73
1796.4 89623.6
1797.6 89682.47
1798.8 89741.33
1800.0 89800.2
1801.2 89859.07
1802.4 89917.94
1803.6 89976.81
1804.8 90035.68
1806.0 90094.55
1807.2 90153.41
1808.4 90212.28
1809.6 90271.15
1810.8 90330.02
1812.0 90388.89
1813.2 90447.76
1814.4 90506.63
1815.6 90565.5
1816.8 90624.36
1818.0 90683.23
1819.2 90742.1
1820.4 90800.97
1821.6 90859.84
1822.8 90918.71
1824.0 90977.58
1825.2 91036.45
1826.4 91095.31
1827.6 91154.18
1828.8 91213.05
1830.0 91271.92
1831.2 91330.79
1832.4 91389.66
1833.6 91448.53
1834.8 91507.4
1836.0 91566.26
1837.2 91625.13
1838.4 91684.0
1839.6 91742.87
1840.8 91801.74
1842.0 91860.61
1843.2 91919.48
1844.4 91978.35
1845.6 92037.21
1846.8 92096.08
1848.0 92154.95
1849.2 92213.82
1850.4 92272.69
1851.6 92331.56
1852.8 92390.43
1854.0 92449.29
1855.2 92508.16
1856.4 92567.03
1857.6 92625.9
1858.8 92684.77
1860.0 92743.64
1861.2 92802.51
1862.4 92861.38
1863.6 92920.24
1864.8 92979.11
1866.0 93037.98
1867.2 93096.85
1868.4 93155.72
1869.6 93214.59
1870.8 93273.46
1872.0 93332.32
1873.2 93391.19
1874.4 93450.06
1875.6 93508.93
1876.8 93567.8
1878.0 93626.67
1879.2 93685.54
1880.4 93744.41
1881.6 93803.27
1882.8 93862.14
1884.0 93921.01
1885.2 93979.88
1886.4 94038.75
1887.6 94097.62
1888.8 94156.48
1890.0 94215.35
1891.2 94274.22
1892.4 94333.09
1893.6 94391.96
1894.8 94450.83
1896.0 94509.69
1897.2 94568.56
1898.4 94627.43
1899.6 94686.3
1900.8 94745.17
1902.0 94804.04
1903.2 94862.9
1904.4 94921.77
1905.6 94980.64
1906.8 95039.51
1908.0 95098.38
1909.2 95157.25
1910.4 95216.11
1911.6 95274.98
1912.8 95333.85
1914.0 95392.72
1915.2 95451.59
1916.4 95510.45
1917.6 95569.32
1918.8 95628.19
1920.0 95687.06
1921.2 95745.93
1922.4 95804.8
1923.6 95863.66
1924.8 95922.53
1926.0 95981.4
1927.2 96040.27
1928.4 96099.14
1929.6 96158.01
1930.8 96216.87
1932.0 96275.74
1933.2 96334.61
1934.4 96393.48
1935.6 96452.35
1936.8 96511.22
1938.0 96570.08
1939.2 96628.95
1940.4 96687.82
1941.6 96746.69
1942.8 96805.56
1944.0 96864.43
1945.2 96923.29
1946.4 96982.16
1947.6 97041.03
1948.8 97099.9
1950.0 97158.77
1951.2 97217.64
1952.4 97276.5
1953.6 97335.37
1954.8 97394.24
1956.0 97453.11
1957.2 97511.98
1958.4 97570.85
1959.6 97629.72
1960.8 97688.58
1962.0 97747.45
1963.2 97806.32
1964.4 97865.19
1965.6 97924.06
1966.8 97982.93
1968.0 98041.79
1969.2 98100.66
1970.4 98159.53
1971.6 98218.4
1972.8 98277.27
1974.0 98336.14
1975.2 98395.01
1976.4 98453.87
1977.6 98512.74
1978.8 98571.61
1980.0 98630.48
1981.2 98689.35
1982.4 98748.22
1983.6 98807.08
1984.8 98865.95
1986.0 98924.82
1987.2 98983.69
1988.4 99042.56
1989.6 99101.43
1990.8 99160.3
1992.0 99219.16
1993.2 99278.03
1994.4 99336.9
1995.6 99395.77
1996.8 99454.64
1998.0 99513.51
1999.2 99572.38
2000.4 99631.24
2001.6 99690.11
2002.8 99748.98
2004.0 99807.85
2005.2 99866.72
2006.4 99925.59
2007.6 99984.45
2008.8 100043.32
2010.0 100102.19
2011.2 100161.06
2012.4 100219.93
2013.6 100278.8
2014.8 100337.67
2016.0 100396.53
2017.2 100455.4
2018.4 100514.27
2019.6 100573.14
2020.8 100632.01
2022.0 100690.88
2023.2 100749.74
2024.4 100808.61
2025.6 100867.48
2026.8 100926.35
2028.0 100985.22
2029.2 101044.09
2030.4 101102.96
2031.6 101161.82
2032.8 101220.69
2034.0 101279.56
2035.2 101338.43
2036.4 101397.3
2037.6 101456.17
2038.8 101515.04
2040.0 101573.9
2041.2 101632.77
2042.4 101691.64
2043.6 101750.51
2044.8 101809.38
2046.0 101868.25
2047.2 101927.12
2048.4 101985.98
2049.6 102044.85
2050.8 102103.72
2052.0 102162.59
2053.2 102221.46
2054.4 102280.33
2055.6 102339.2
2056.8 102398.06
2058.0 102456.93
2059.2 102515.8
2060.4 102574.67
2061.6 102633.54
2062.8 102692.41
2064.0 102751.28
2065.2 102810.15
2066.4 102869.01
2067.6 102927.88
2068.8 102986.75
2070.0 103045.62
2071.2 103104.49
2072.4 103163.36
2073.6 103222.23
2074.8 103281.09
2076.0 103339.96
2077.2 103398.83
2078.4 103457.7
2079.6 103516.57
2080.8 103575.44
2082.0 103634.31
2083.2 103693.17
2084.4 103752.04
2085.6 103810.91
2086.8 103869.78
2088.0 103928.65
2089.2 103987.52
2090.4 104046.39
2091.6 104105.25
2092.8 104164.12
2094.0 104222.99
2095.2 104281.86
2096.4 104340.73
2097.6 104399.6
2098.8 104458.47
2100.0 104517.33
2101.2 104576.2
2102.4 104635.07
2103.6 104693.94
2104.8 104752.81
2106.0 104811.68
2107.2 104870.54
2108.4 104929.41
2109.6 104988.28
2110.8 105047.15
2112.0 105106.02
2113.2 105164.89
2114.4 105223.75
2115.6 105282.62
2116.8 105341.49
2118.0 105400.36
2119.2 105459.23
2120.4 105518.1
2121.6 105576.96
2122.8 105635.83
2124.0 105694.7
2125.2 105753.57
2126.4 105812.44
2127.6 105871.31
2128.8 105930.17
2130.0 105989.04
2131.2 106047.91
2132.4 106106.78
2133.6 106165.65
2134.8 106224.52
2136.0 106283.38
2137.2 106342.25
2138.4 106401.12
2139.6 106459.99
2140.8 106518.86
2142.0 106577.73
2143.2 106636.59
2144.4 106695.46
2145.6 106754.33
2146.8 106813.2
2148.0 106872.07
2149.2 106930.94
2150.4 106989.8
2151.6 107048.67
2152.8 107107.54
2154.0 107166.41
2155.2 107225.28
2156.4 107284.15
2157.6 107343.01
2158.8 107401.88
2160.0 107460.75
2161.2 107519.62
2162.4 107578.49
2163.6 107637.36
2164.8 107696.22
2166.0 107755.09
2167.2 107813.96
2168.4 107872.83
2169.6 107931.7
2170.8 107990.57
2172.0 108049.43
2173.2 108108.3
2174.4 108167.17
2175.6 108226.04
2176.8 108284.91
2178.0 108343.78
2179.2 108402.64
2180.4 108461.51
2181.6 108520.38
2182.8 108579.25
2184.0 108638.12
2185.2 108696.99
2186.4 108755.86
2187.6 108814.72
2188.8 108873.59
2190.0 108932.46
2191.2 108991.33
2192.4 109050.2
2193.6 109109.07
2194.8 109167.93
2196.0 109226.8
2197.2 109285.67
2198.4 109344.54
2199.6 109403.41
2200.8 109462.28
2202.0 109521.15
2203.2 109580.01
2204.4 109638.88
2205.6 109697.75
2206.8 109756.62
2208.0 109815.49
2209.2 109874.36
2210.4 109933.22
2211.6 109992.09
2212.8 110050.96
2214.0 110109.83
2215.2 110168.7
2216.4 110227.57
2217.6 110286.43
2218.8 110345.3
2220.0 110404.17
2221.2 110463.04
2222.4 110521.91
2223.6 110580.78
2224.8 110639.64
2226.0 110698.51
2227.2 110757.38
2228.4 110816.25
2229.6 110875.12
2230.8 110933.99
2232.0 110992.85
2233.2 111051.72
2234.4 111110.59
2235.6 111169.46
2236.8 111228.33
2238.0 111287.2
2239.2 111346.06
2240.4 111404.93
2241.6 111463.8
2242.8 111522.67
2244.0 111581.54
2245.2 111640.4
2246.4 111699.27
2247.6 111758.14
2248.8 111817.01
2250.0 111875.88
2251.2 111934.75
2252.4 111993.61
2253.6 112052.48
2254.8 112111.35
2256.0 112170.22
2257.2 112229.09
2258.4 112287.96
2259.6 112346.82
2260.8 112405.69
2262.0 112464.56
2263.2 112523.43
2264.4 112582.3
2265.6 112641.17
2266.8 112700.03
2268.0 112758.9
2269.2 112817.77
2270.4 112876.64
2271.6 112935.51
2272.8 112994.37
2274.0 113053.24
2275.2 113112.11
2276.4 113170.98
2277.6 113229.85
2278.8 113288.72
2280.0 113347.58
2281.2 113406.45
2282.4 113465.32
2283.6 113524.19
2284.8 113583.06
2286.0 113641.93
2287.2 113700.79
2288.4 113759.66
2289.6 113818.53
2290.8 113877.4
2292.0 113936.27
2293.2 113995.14
2294.4 114054.0
2295.6 114112.87
2296.8 114171.74
2298.0 114230.61
2299.2 114289.48
2300.4 114348.35
2301.6 114407.21
2302.8 114466.08
2304.0 114524.95
2305.2 114583.82
2306.4 114642.69
2307.6 114701.56
2308.8 114760.43
2310.0 114819.29
2311.2 114878.16
2312.4 114937.03
2313.6 114995.9
2314.8 115054.77
2316.0 115113.64
2317.2 115172.51
2318.4 115231.38
2319.6 115290.24
2320.8 115349.11
2322.0 115407.98
2323.2 115466.85
2324.4 115525.72
2325.6 115584.59
2326.8 115643.46
2328.0 115702.32
2329.2 115761.19
2330.4 115820.06
2331.6 115878.93
2332.8 115937.8
2334.0 115996.67
2335.2 116055.54
2336.4 116114.41
2337.6 116173.27
2338.8 116232.14
2340.0 116291.01
2341.2 116349.88
2342.4 116408.75
2343.6 116467.62
2344.8 116526.49
2346.0 116585.35
2347.2 116644.22
2348.4 116703.09
2349.6 116761.96
2350.8 116820.83
2352.0 116879.7
2353.2 116938.57
2354.4 116997.43
2355.6 117056.3
2356.8 117115.17
2358.0 117174.04
2359.2 117232.91
2360.4 117291.78
2361.6 117350.64
2362.8 117409.51
2364.0 117468.38
2365.2 117527.25
2366.4 117586.12
2367.6 117644.99
2368.8 117703.86
2370.0 117762.72
2371.2 117821.59
2372.4 117880.46
2373.6 117939.33
2374.8 117998.2
2376.0 118057.07
2377.2 118115.93
2378.4 118174.8
2379.6 118233.67
2380.8 118292.54
2382.0 118351.41
2383.2 118410.28
2384.4 118469.14
2385.6 118528.01
2386.8 118586.88
2388.0 118645.75
2389.2 118704.62
2390.4 118763.49
2391.6 118822.35
2392.8 118881.22
2394.0 118940.09
2395.2 118998.96
2396.4 119057.83
2397.6 119116.69
2398.8 119175.56
2400.0 119234.43
2401.2 119293.3
2402.4 119352.17
2403.6 119411.03
2404.8 119469.9
2406.0 119528.77
2407.2 119587.64
2408.4 119646.51
2409.6 119705.38
2410.8 119764.24
2412.0 119823.11
2413.2 119881.98
2414.4 119940.85
2415.6 119999.72
2416.8 120058.58
2418.0 120117.45
2419.2 120176.32
2420.4 120235.19
2421.6 120294.06
2422.8 120352.92
2424.0 120411.79
2425.2 120470.66
2426.4 120529.53
2427.6 120588.39
2428.8 120647.26
2430.0 120706.13
2431.2 120765.0
2432.4 120823.87
2433.6 120882.73
2434.8 120941.6
2436.0 121000.47
2437.2 121059.34
2438.4 121118.2
2439.6 121177.07
2440.8 121235.94
2442.0 121294.81
2443.2 121353.68
2444.4 121412.54
2445.6 121471.41
2446.8 121530.28
2448.0 121589.15
2449.2 121648.02
2450.4 121706.88
2451.6 121765.75
2452.8 121824.62
2454.0 121883.49
2455.2 121942.36
2456.4 122001.23
2457.6 122060.09
2458.8 122118.96
2460.0 122177.83
2461.2 122236.7
2462.4 122295.57
2463.6 122354.43
2464.8 122413.3
2466.0 122472.17
2467.2 122531.04
2468.4 122589.91
2469.6 122648.78
2470.8 122707.64
2472.0 122766.51
2473.2 122825.38
2474.4 122884.25
2475.6 122943.12
2476.8 123001.98
2478.0 123060.85
2479.2 123119.72
2480.4 123178.59
2481.6 123237.46
2482.8 123296.33
2484.0 123355.19
2485.2 123414.06
2486.4 123472.93
2487.6 123531.8
2488.8 123590.67
2490.0 123649.54
2491.2 123708.4
2492.4 123767.27
2493.6 123826.14
2494.8 123885.01
2496.0 123943.88
2497.2 124002.75
2498.4 124061.61
2499.6 124120.48
2500.8 124179.35
2502.0 124238.22
2503.2 124297.09
2504.4 124355.96
2505.6 124414.82
2506.8 124473.69
2508.0 124532.56
2509.2 124591.43
2510.4 124650.3
2511.6 124709.17
2512.8 124768.03
2514.0 124826.9
2515.2 124885.77
2516.4 124944.64
2517.6 125003.51
2518.8 125062.38
2520.0 125121.24
2521.2 125180.11
2522.4 125238.98
2523.6 125297.85
2524.8 125356.72
2526.0 125415.59
2527.2 125474.45
2528.4 125533.32
2529.6 125592.19
2530.8 125651.06
2532.0 125709.93
2533.2 125768.79
2534.4 125827.66
2535.6 125886.53
2536.8 125945.4
2538.0 126004.27
2539.2 126063.14
2540.4 126122.0
2541.6 126180.87
2542.8 126239.74
2544.0 126298.61
2545.2 126357.48
2546.4 126416.34
2547.6 126475.21
2548.8 126534.08
2550.0 126592.95
2551.2 126651.82
2552.4 126710.69
2553.6 126769.55
2554.8 126828.42
2556.0 126887.29
2557.2 126946.16
2558.4 127005.03
2559.6 127063.9
2560.8 127122.76
2562.0 127181.63
2563.2 127240.5
2564.4 127299.37
2565.6 127358.24
2566.8 127417.11
2568.0 127475.97
2569.2 127534.84
2570.4 127593.71
2571.6 127652.58
2572.8 127711.45
2574.0 127770.32
2575.2 127829.18
2576.4 127888.05
2577.6 127946.92
2578.8 128005.79
2580.0 128064.66
2581.2 128123.53
2582.4 128182.4
2583.6 128241.27
2584.8 128300.13
2586.0 128359.0
2587.2 128417.87
2588.4 128476.74
2589.6 128535.61
2590.8 128594.48
2592.0 128653.35
2593.2 128712.22
2594.4 128771.08
2595.6 128829.95
2596.8 128888.82
2598.0 128947.69
2599.2 129006.56
2600.4 129065.43
2601.6 129124.3
2602.8 129183.17
2604.0 129242.03
2605.2 129300.9
2606.4 129359.77
2607.6 129418.64
2608.8 129477.51
2610.0 129536.38
2611.2 129595.25
2612.4 129654.12
2613.6 129712.99
2614.8 129771.85
2616.0 129830.72
2617.2 129889.59
2618.4 129948.46
2619.6 130007.33
2620.8 130066.2
2622.0 130125.07
2623.2 130183.94
2624.4 130242.8
2625.6 130301.67
2626.8 130360.54
2628.0 130419.41
2629.2 130478.28
2630.4 130537.15
2631.6 130596.02
2632.8 130654.89
2634.0 130713.75
2635.2 130772.62
2636.4 130831.49
2637.6 130890.36
2638.8 130949.23
2640.0 131008.1
2641.2 131066.97
2642.4 131125.84
2643.6 131184.7
2644.8 131243.57
2646.0 131302.44
2647.2 131361.31
2648.4 131420.18
2649.6 131479.05
2650.8 131537.92
2652.0 131596.79
2653.2 131655.65
2654.4 131714.52
2655.6 131773.39
2656.8 131832.26
2658.0 131891.13
2659.2 131950.0
2660.4 132008.87
2661.6 132067.73
2662.8 132126.6
2664.0 132185.47
2665.2 132244.34
2666.4 132303.21
2667.6 132362.08
2668.8 132420.94
2670.0 132479.81
2671.2 132538.68
2672.4 132597.55
2673.6 132656.42
2674.8 132715.29
2676.0 132774.16
2677.2 132833.02
2678.4 132891.89
2679.6 132950.76
2680.8 133009.63
2682.0 133068.5
2683.2 133127.37
2684.4 133186.23
2685.6 133245.1
2686.8 133303.97
2688.0 133362.84
2689.2 133421.71
2690.4 133480.57
2691.6 133539.44
2692.8 133598.31
2694.0 133657.18
2695.2 133716.05
2696.4 133774.91
2697.6 133833.78
2698.8 133892.65
2700.0 133951.52
2701.2 134010.39
2702.4 134069.25
2703.6 134128.12
2704.8 134186.99
2706.0 134245.86
2707.2 134304.73
2708.4 134363.59
2709.6 134422.46
2710.8 134481.33
2712.0 134540.2
2713.2 134599.07
2714.4 134657.93
2715.6 134716.8
2716.8 134775.67
2718.0 134834.54
2719.2 134893.4
2720.4 134952.27
2721.6 135011.14
2722.8 135070.01
2724.0 135128.88
2725.2 135187.75
2726.4 135246.61
2727.6 135305.48
2728.8 135364.35
2730.0 135423.22
2731.2 135482.09
2732.4 135540.95
2733.6 135599.82
2734.8 135658.69
2736.0 135717.56
2737.2 135776.43
2738.4 135835.3
2739.6 135894.16
2740.8 135953.03
2742.0 136011.9
2743.2 136070.77
2744.4 136129.64
2745.6 136188.5
2746.8 136247.37
2748.0 136306.24
2749.2 136365.11
2750.4 136423.98
2751.6 136482.85
2752.8 136541.71
2754.0 136600.58
2755.2 136659.45
2756.4 136718.32
2757.6 136777.19
2758.8 136836.05
2760.0 136894.92
2761.2 136953.79
2762.4 137012.66
2763.6 137071.53
2764.8 137130.39
2766.0 137189.26
2767.2 137248.13
2768.4 137307.0
2769.6 137365.87
2770.8 137424.73
2772.0 137483.6
2773.2 137542.47
2774.4 137601.34
2775.6 137660.21
2776.8 137719.07
2778.0 137777.94
2779.2 137836.81
2780.4 137895.68
2781.6 137954.55
2782.8 138013.42
2784.0 138072.28
2785.2 138131.15
2786.4 138190.02
2787.6 138248.89
2788.8 138307.76
2790.0 138366.62
2791.2 138425.49
2792.4 138484.36
2793.6 138543.23
2794.8 138602.1
2796.0 138660.97
2797.2 138719.83
2798.4 138778.7
2799.6 138837.57
