2.88 2
9.12 2
15.12 2
21.24 2
27.48 2
33.48 2
39.72 2
45.84 3
52.08 3
58.2 2
64.08 2
70.32 2
76.44 2
82.56 2
88.56 2
94.8 2
100.8 2
107.04 2
113.4 2
119.28 2
125.28 2
131.76 2
137.64 2
143.64 2
150.0 2
155.88 2
162.24 2
168.36 2
174.6 2
180.96 2
186.6 2
192.6 2
198.96 2
205.2 2
211.08 2
217.44 2
223.32 2
229.44 2
235.8 2
241.56 2
247.8 2
253.92 2
259.92 2
266.16 2
272.16 2
278.28 2
284.52 2
290.64 2
296.64 2
302.88 2
309.24 2
315.12 2
321.36 2
327.36 2
333.48 2
339.48 2
345.72 2
351.72 2
357.96 2
364.08 2
370.32 2
376.32 2
382.32 2
388.68 2
394.56 2
401.04 2
406.8 2
413.04 2
419.16 2
425.4 2
431.28 2
437.64 2
443.52 2
449.64 2
455.76 2
462.0 2
468.24 2
474.12 2
480.24 2
486.48 2
492.48 2
498.6 2
505.08 2
511.08 2
516.96 2
523.56 2
529.32 2
535.32 2
541.44 2
547.56 2
553.8 2
559.92 2
566.04 2
572.16 2
578.28 2
584.4 2
590.4 2
596.76 2
602.76 2
609.12 2
615.0 2
621.12 2
627.12 2
633.48 2
639.6 2
645.48 2
651.72 2
657.72 2
663.96 2
670.2 2
676.08 2
682.32 2
688.44 2
694.56 2
700.68 2
706.8 2
713.16 2
719.28 2
725.16 2
731.28 2
737.4 2
743.52 2
749.64 2
755.76 2
762.0 2
768.0 2
774.0 2
780.12 2
786.24 2
792.48 2
798.6 2
804.84 2
810.84 2
817.08 2
823.2 2
829.08 2
835.32 2
841.56 2
847.56 2
853.56 2
859.8 2
866.04 2
872.04 2
878.16 2
884.28 2
890.4 2
896.52 2
902.64 2
908.88 2
915.0 2
921.0 2
927.12 2
933.36 2
939.36 2
945.72 2
951.6 2
957.6 2
963.84 2
970.08 2
975.96 2
982.2 2
988.44 2
994.32 2
1000.44 2
1007.4 2
1013.4 2
1019.88 2
1025.64 2
1031.88 2
1037.88 2
1044.0 2
1050.24 2
1056.24 2
1062.48 2
1068.48 2
1074.6 2
1080.72 2
1086.84 2
1093.08 2
1099.2 2
1105.32 2
1111.44 2
1117.56 2
1123.8 2
1129.8 2
1135.8 2
1142.04 2
1148.4 2
1154.28 2
1160.28 2
1166.52 2
1172.64 2
1178.76 2
1184.76 2
1190.88 2
1197.12 2
1203.24 2
1209.48 2
1215.6 2
1221.6 2
1227.6 2
1233.72 2
1239.96 2
1246.08 2
1252.2 2
1258.44 2
1264.44 2
1270.68 2
1276.68 2
1282.8 2
1288.8 2
1295.16 2
1301.04 2
1307.16 2
1313.28 2
1319.4 2
1325.52 2
1331.88 2
1338.0 2
1344.0 2
1350.12 2
1356.12 2
1362.24 2
1368.36 2
1374.6 2
1380.6 2
1386.72 2
1393.08 2
1398.96 2
1405.08 2
1411.32 2
1417.32 2
1423.56 2
1429.56 2
1435.68 2
1441.8 2
1448.04 2
1454.04 2
1460.28 2
1466.4 2
1472.4 2
1478.64 2
1484.76 2
1491.0 2
1497.0 2
1503.0 2
1509.12 2
1515.24 2
1521.36 2
1527.48 2
1533.6 2
1539.72 2
1545.96 2
1551.96 2
1558.2 2
1564.2 2
1570.32 2
1576.8 2
1582.56 2
1588.8 2
1594.92 2
1601.04 2
1607.28 2
1613.28 2
1619.28 2
1625.4 2
1631.76 2
1637.64 2
1643.88 2
1650.0 2
1656.0 2
1662.12 2
1668.24 2
1674.48 2
1680.48 2
1686.96 2
1692.72 2
1698.96 2
1711.08 2
1717.32 1
1723.44 1
1729.56 1
1735.8 1
1741.68 1
1747.92 1
1754.04 1
1760.04 1
1766.4 1
1772.28 1
1778.64 1
1784.76 1
1790.76 1
1796.76 1
1803.0 1
1809.12 1
1815.24 1
1821.72 1
1827.6 1
1833.72 1
1839.6 1
1845.84 1
1851.84 1
1857.96 1
1864.2 1
1870.32 1
1876.68 1
1882.56 1
1888.56 1
1894.68 1
1900.92 1
1906.92 1
1913.04 1
1919.16 1
1925.52 1
1931.4 1
1937.64 1
1943.76 1
1949.76 1
1956.48 1
1962.0 1
1968.36 1
1974.24 1
1980.48 1
1986.72 1
1992.72 1
1998.96 1
2004.96 1
2011.2 1
2017.08 1
2023.2 1
2029.32 1
2035.44 1
2041.68 1
2047.68 1
2053.8 1
2060.04 1
2066.04 1
2072.16 1
2078.4 1
2084.4 1
2090.64 1
2096.64 1
2102.76 1
2109.0 1
2115.0 1
2121.24 1
2127.24 1
2133.36 1
2139.6 1
2145.6 1
2151.72 1
2157.96 1
2163.96 1
2170.08 1
2176.32 1
2182.68 1
2188.44 1
2194.68 1
2200.8 1
2206.92 1
2213.16 1
2219.16 1
2225.16 1
2231.4 1
2237.4 1
2243.52 1
2249.64 1
2255.76 1
2262.0 1
2268.12 1
2274.12 1
2280.36 1
2286.36 1
2292.6 1
2298.6 1
2304.72 1
2311.08 1
2316.96 1
2323.44 1
2329.44 1
2335.44 1
2341.56 1
2347.68 1
2353.92 1
2359.8 1
2366.04 1
2372.16 1
2378.4 1
2384.28 1
2390.52 1
2396.52 1
2402.64 1
2409.0 1
2414.88 1
2421.12 1
2427.24 1
2433.48 1
2439.48 1
2445.6 1
2451.6 1
2457.96 1
2464.08 1
2470.32 1
2476.08 1
2482.32 1
2488.32 1
2494.56 1
2500.56 1
2506.68 1
2512.92 1
2519.04 1
2525.04 1
2531.16 1
2537.28 1
2543.52 1
2549.64 1
2555.88 1
2562.0 1
2568.12 1
2574.12 1
2580.12 1
2586.24 1
2592.48 1
2598.48 1
2605.2 1
2610.84 1
2616.96 1
2622.96 1
2629.08 1
2635.2 1
2641.56 1
2647.44 1
2653.68 1
2659.68 1
2665.8 1
2671.92 1
2678.28 1
2684.16 1
2690.4 1
2696.52 1
2702.64 1
2708.76 1
2714.88 1
2721.0 1
2727.24 1
2733.24 1
2739.36 1
2745.36 1
2751.48 1
2757.6 1
2763.72 1
2769.84 1
2775.96 1
2782.2 1
2788.32 1
2794.44 1
