2.88 -354.98
9.12 -322.47
15.12 -307.19
21.24 -288.59
27.48 -266.41
33.48 -258.73
39.72 -240.3
45.84 -230.36
52.08 -219.97
58.2 -220.39
64.08 -231.45
70.32 -223.6
76.44 -220.49
82.56 -217.28
88.56 -220.22
94.8 -210.87
100.8 -213.96
107.04 -204.95
113.4 -190.59
119.28 -200.3
125.28 -204.3
131.76 -185.15
137.64 -195.58
143.64 -200.64
150.0 -187.8
155.88 -199.17
162.24 -187.11
168.36 -187.03
174.6 -180.86
180.96 -169.29
186.6 -193.55
192.6 -199.87
198.96 -188.64
205.2 -183.38
211.08 -195.82
217.44 -185.16
223.32 -197.69
229.44 -198.86
235.8 -187.93
241.56 -206.75
247.8 -201.72
253.92 -202.48
259.92 -209.07
266.16 -203.95
272.16 -210.63
278.28 -211.47
284.52 -206.44
290.64 -207.31
296.64 -214.05
302.88 -209.05
309.24 -198.17
315.12 -210.77
321.36 -205.72
327.36 -212.4
333.48 -213.18
339.48 -219.8
345.72 -214.65
351.72 -221.21
357.96 -215.98
364.08 -216.25
370.32 -210.78
376.32 -217.02
382.32 -223.23
388.68 -211.75
394.56 -223.77
401.04 -206.32
406.8 -224.15
413.04 -218.41
419.16 -218.52
425.4 -212.71
431.28 -224.2
437.64 -212.48
443.52 -224.28
449.64 -224.31
455.76 -224.31
462.0 -218.43
468.24 -212.53
474.12 -224.29
480.24 -224.25
486.48 -218.32
492.48 -224.16
498.6 -224.11
505.08 -206.38
511.08 -212.21
516.96 -223.92
523.56 -200.3
529.32 -217.9
535.32 -223.72
541.44 -223.66
547.56 -223.6
553.8 -217.64
559.92 -217.58
566.04 -217.52
572.16 -217.46
578.28 -217.41
584.4 -217.35
590.4 -223.19
596.76 -211.37
602.76 -217.2
609.12 -205.39
615.0 -217.12
621.12 -217.09
627.12 -222.94
633.48 -211.13
639.6 -211.09
645.48 -222.84
651.72 -216.93
657.72 -222.79
663.96 -216.88
670.2 -210.98
676.08 -222.73
682.32 -216.83
688.44 -216.82
694.56 -216.82
700.68 -216.8
706.8 -216.8
713.16 -205.03
719.28 -205.04
725.16 -216.81
731.28 -216.82
737.4 -216.83
743.52 -216.84
749.64 -216.84
755.76 -216.85
762.0 -210.98
768.0 -216.88
774.0 -222.78
780.12 -222.8
786.24 -222.81
792.48 -216.94
798.6 -216.95
804.84 -211.09
810.84 -216.99
817.08 -211.13
823.2 -211.14
829.08 -222.94
835.32 -217.07
841.56 -211.2
847.56 -217.1
853.56 -223.0
859.8 -217.12
866.04 -211.25
872.04 -217.14
878.16 -217.15
884.28 -217.16
890.4 -217.17
896.52 -217.18
902.64 -217.18
908.88 -211.3
915.0 -211.31
921.0 -217.2
927.12 -217.21
933.36 -211.32
939.36 -217.21
945.72 -205.44
951.6 -217.22
957.6 -223.11
963.84 -217.22
970.08 -211.33
975.96 -223.11
982.2 -217.22
988.44 -211.33
994.32 -223.1
1000.44 -223.1
1007.4 -181.88
1013.4 -187.76
1019.88 -170.09
1025.64 -187.75
1031.88 -181.86
1037.88 -187.74
1044.0 -187.73
1050.24 -181.84
1056.24 -187.71
1062.48 -181.82
1068.48 -187.7
1074.6 -187.69
1080.72 -187.68
1086.84 -187.67
1093.08 -181.77
1099.2 -181.76
1105.32 -181.75
1111.44 -181.73
1117.56 -181.72
1123.8 -175.83
1129.8 -181.7
1135.8 -187.58
1142.04 -181.68
1148.4 -169.9
1154.28 -181.67
1160.28 -187.56
1166.52 -181.67
1172.64 -181.67
1178.76 -181.67
1184.76 -187.56
1190.88 -187.56
1197.12 -181.68
1203.24 -181.67
1209.48 -175.79
1215.6 -175.8
1221.6 -181.69
1227.6 -187.59
1233.72 -187.6
1239.96 -181.73
1246.08 -181.74
1252.2 -181.76
1258.44 -175.88
1264.44 -181.78
1270.68 -175.91
1276.68 -181.81
1282.8 -181.82
1288.8 -187.72
1295.16 -175.95
1301.04 -187.73
1307.16 -187.74
1313.28 -187.74
1319.4 -187.75
1325.52 -187.75
1331.88 -175.98
1338.0 -175.97
1344.0 -181.86
1350.12 -181.86
1356.12 -187.75
1362.24 -187.75
1368.36 -187.74
1374.6 -181.86
1380.6 -187.74
1386.72 -187.74
1393.08 -175.96
1398.96 -187.73
1405.08 -187.72
1411.32 -181.82
1417.32 -187.71
1423.56 -181.81
1429.56 -187.69
1435.68 -187.69
1441.8 -187.67
1448.04 -181.77
1454.04 -187.65
1460.28 -181.76
1466.4 -181.75
1472.4 -187.62
1478.64 -181.73
1484.76 -181.72
1491.0 -175.82
1497.0 -181.69
1503.0 -187.57
1509.12 -187.56
1515.24 -187.56
1521.36 -187.55
1527.48 -187.55
1533.6 -187.55
1539.72 -187.54
1545.96 -181.66
1551.96 -187.55
1558.2 -181.66
1564.2 -187.55
1570.32 -187.56
1576.8 -169.9
1582.56 -187.57
1588.8 -181.69
1594.92 -181.69
1601.04 -181.7
1607.28 -175.82
1613.28 -181.71
1619.28 -187.61
1625.4 -187.63
1631.76 -175.86
1637.64 -187.65
1643.88 -181.78
1650.0 -181.78
1656.0 -187.69
1662.12 -187.7
1668.24 -187.71
1674.48 -181.82
1680.48 -187.71
1686.96 -170.06
1692.72 -187.73
1698.96 -181.84
1711.08 -194.85
1717.32 -204.73
1723.44 -230.46
1729.56 -264.65
1735.8 -300.67
1741.68 -357.06
1747.92 -402.53
1754.04 -455.66
1760.04 -515.16
1766.4 -560.76
1772.28 -625.19
1778.64 -669.12
1784.76 -720.77
1790.76 -774.86
1796.76 -826.1
1803.0 -863.95
1809.12 -903.15
1815.24 -938.48
1821.72 -953.86
1827.6 -991.68
1833.72 -1014.82
1839.6 -1045.09
1845.84 -1054.95
1851.84 -1072.37
1857.96 -1080.71
1864.2 -1080.01
1870.32 -1082.11
1876.68 -1055.2
1882.56 -1051.51
1888.56 -1041.11
1894.68 -1024.24
1900.92 -1001.19
1906.92 -990.81
1913.04 -974.66
1919.16 -959.12
1925.52 -932.0
1931.4 -930.39
1937.64 -911.24
1943.76 -899.22
1949.76 -894.29
1956.48 -853.89
1962.0 -875.23
1968.36 -855.1
1974.24 -860.03
1980.48 -847.75
1986.72 -836.3
1992.72 -837.55
1998.96 -827.52
2004.96 -830.01
2011.2 -821.13
2017.08 -830.54
2023.2 -828.47
2029.32 -826.75
2035.44 -825.32
2041.68 -818.22
2047.68 -823.11
2053.8 -822.22
2060.04 -815.51
2066.04 -820.64
2072.16 -819.88
2078.4 -813.2
2084.4 -818.27
2090.64 -811.47
2096.64 -816.4
2102.76 -815.33
2109.0 -808.24
2115.0 -812.86
2121.24 -805.54
2127.24 -809.94
2133.36 -808.31
2139.6 -800.65
2145.6 -804.73
2151.72 -802.81
2157.96 -794.87
2163.96 -798.7
2170.08 -796.54
2176.32 -788.38
2182.68 -774.25
2188.44 -789.74
2194.68 -781.48
2200.8 -779.12
2206.92 -776.76
2213.16 -768.45
2219.16 -772.02
2225.16 -775.6
2231.4 -767.3
2237.4 -770.9
2243.52 -768.59
2249.64 -766.32
2255.76 -764.08
2262.0 -755.93
2268.12 -753.76
2274.12 -757.57
2280.36 -749.55
2286.36 -753.43
2292.6 -745.5
2298.6 -749.45
2304.72 -747.53
2311.08 -733.79
2316.96 -743.79
2323.44 -724.2
2329.44 -728.33
2335.44 -732.49
2341.56 -730.76
2347.68 -729.06
2353.92 -721.47
2359.8 -731.67
2366.04 -724.14
2372.16 -722.55
2378.4 -715.07
2384.28 -725.36
2390.52 -717.92
2396.52 -722.32
2402.64 -720.83
2409.0 -707.52
2414.88 -717.9
2421.12 -710.53
2427.24 -709.1
2433.48 -701.75
2439.48 -706.27
2445.6 -704.87
2451.6 -709.4
2457.96 -696.2
2464.08 -694.85
2470.32 -687.59
2476.08 -703.98
2482.32 -696.75
2488.32 -701.35
2494.56 -694.13
2500.56 -698.76
2506.68 -697.48
2512.92 -690.3
2519.04 -689.03
2525.04 -693.69
2531.16 -692.46
2537.28 -691.23
2543.52 -684.11
2549.64 -682.9
2555.88 -675.8
2562.0 -674.62
2568.12 -673.45
2574.12 -678.21
2580.12 -682.98
2586.24 -681.85
2592.48 -674.82
2598.48 -679.62
2605.2 -648.98
2610.84 -671.53
2616.96 -670.45
2622.96 -675.3
2629.08 -674.25
2635.2 -673.21
2641.56 -660.36
2647.44 -671.17
2653.68 -664.25
2659.68 -669.15
2665.8 -668.17
2671.92 -667.19
2678.28 -654.41
2684.16 -665.27
2690.4 -658.42
2696.52 -657.48
2702.64 -656.55
2708.76 -655.63
2714.88 -654.73
2721.0 -653.82
2727.24 -647.03
2733.24 -652.06
2739.36 -651.19
2745.36 -656.24
2751.48 -655.39
2757.6 -654.56
2763.72 -653.73
2769.84 -652.91
2775.96 -652.11
2782.2 -645.41
2788.32 -644.61
2794.44 -643.83
