0.0 0.45
1.2 0.32
2.4 0.32
3.6 0.06
4.8 0.1
6.0 0.06
7.2 0.06
8.4 0.06
9.6 0.06
10.8 0.06
12.0 0.06
13.2 0.07
14.4 0.09
15.6 0.06
16.8 0.06
18.0 0.1
19.2 0.06
20.4 0.07
21.6 0.07
22.8 0.06
24.0 0.09
25.2 0.06
26.4 0.06
27.6 0.06
28.8 0.06
30.0 0.07
31.2 0.09
32.4 0.06
33.6 0.07
34.8 0.06
36.0 0.07
37.2 0.06
38.4 0.06
39.6 0.07
40.8 0.06
42.0 0.07
43.2 0.19
44.4 0.33
45.6 0.17
46.8 0.19
48.0 0.19
49.2 0.16
50.4 0.18
51.6 0.18
52.8 0.17
54.0 0.07
55.2 0.07
56.4 0.07
57.6 0.08
58.8 0.07
60.0 0.07
61.2 0.07
62.4 0.07
63.6 0.07
64.8 0.07
66.0 0.08
67.2 0.08
68.4 0.08
69.6 0.08
70.8 0.07
72.0 0.08
73.2 0.07
74.4 0.11
75.6 0.11
76.8 0.14
78.0 0.1
79.2 0.08
80.4 0.07
81.6 0.08
82.8 0.08
84.0 0.08
85.2 0.08
86.4 0.08
87.6 0.08
88.8 0.1
90.0 0.08
91.2 0.07
92.4 0.18
93.6 0.11
94.8 0.12
96.0 0.16
97.2 0.1
98.4 0.07
99.6 0.09
100.8 0.13
102.0 0.08
103.2 0.17
104.4 0.09
105.6 0.12
106.8 0.09
108.0 0.21
109.2 0.09
110.4 0.08
111.6 0.1
112.8 0.08
114.0 0.11
115.2 0.08
116.4 0.1
117.6 0.08
118.8 0.1
120.0 0.07
121.2 0.1
122.4 0.1
123.6 0.07
124.8 0.1
126.0 0.07
127.2 0.07
128.4 0.06
129.6 0.12
130.8 0.07
132.0 0.07
133.2 0.07
134.4 0.06
135.6 0.07
136.8 0.1
138.0 0.08
139.2 0.06
140.4 0.07
141.6 0.08
142.8 0.07
144.0 0.06
145.2 0.06
146.4 0.06
147.6 0.06
148.8 0.06
150.0 0.07
151.2 0.06
152.4 0.07
153.6 0.09
154.8 0.06
156.0 0.06
157.2 0.06
158.4 0.06
159.6 0.06
160.8 0.11
162.0 0.08
163.2 0.06
164.4 0.07
165.6 0.07
166.8 0.08
168.0 0.09
169.2 0.07
170.4 0.07
171.6 0.07
172.8 0.06
174.0 0.06
175.2 0.06
176.4 0.06
177.6 0.06
178.8 0.06
180.0 0.06
181.2 0.06
182.4 0.08
183.6 0.06
184.8 0.06
186.0 0.06
187.2 0.06
188.4 0.06
189.6 0.06
190.8 0.06
192.0 0.07
193.2 0.08
194.4 0.08
195.6 0.06
196.8 0.07
198.0 0.06
199.2 0.07
200.4 0.07
201.6 0.07
202.8 0.07
204.0 0.07
205.2 0.07
206.4 0.06
207.6 0.06
208.8 0.06
210.0 0.06
211.2 0.06
212.4 0.06
213.6 0.06
214.8 0.05
216.0 0.11
217.2 0.06
218.4 0.06
219.6 0.06
220.8 0.06
222.0 0.06
223.2 0.06
224.4 0.06
225.6 0.06
226.8 0.06
228.0 0.06
229.2 0.06
230.4 0.06
231.6 0.06
232.8 0.06
234.0 0.06
235.2 0.06
236.4 0.06
237.6 0.06
238.8 0.06
240.0 0.06
241.2 0.06
242.4 0.08
243.6 0.06
244.8 0.06
246.0 0.08
247.2 0.08
248.4 0.19
249.6 0.18
250.8 0.16
252.0 0.08
253.2 0.07
254.4 0.08
255.6 0.08
256.8 0.06
258.0 0.06
259.2 0.06
260.4 0.09
261.6 0.07
262.8 0.07
264.0 0.07
265.2 0.07
266.4 0.06
267.6 0.06
268.8 0.06
270.0 0.07
271.2 0.07
272.4 0.07
273.6 0.07
274.8 0.06
276.0 0.06
277.2 0.06
278.4 0.06
279.6 0.06
280.8 0.06
282.0 0.06
283.2 0.07
284.4 0.07
285.6 0.06
286.8 0.06
288.0 0.06
289.2 0.06
290.4 0.06
291.6 0.06
292.8 0.07
294.0 0.06
295.2 0.06
296.4 0.06
297.6 0.06
298.8 0.06
300.0 0.05
301.2 0.06
302.4 0.06
303.6 0.06
304.8 0.05
306.0 0.06
307.2 0.06
308.4 0.07
309.6 0.06
310.8 0.05
312.0 0.06
313.2 0.06
314.4 0.06
315.6 0.08
316.8 0.1
318.0 0.06
319.2 0.06
320.4 0.06
321.6 0.06
322.8 0.06
324.0 0.06
325.2 0.06
326.4 0.06
327.6 0.06
328.8 0.06
330.0 0.06
331.2 0.06
332.4 0.14
333.6 0.06
334.8 0.07
336.0 0.06
337.2 0.06
338.4 0.06
339.6 0.06
340.8 0.06
342.0 0.06
343.2 0.06
344.4 0.06
345.6 0.06
346.8 0.06
348.0 0.06
349.2 0.06
350.4 0.06
351.6 0.06
352.8 0.06
354.0 0.05
355.2 0.06
356.4 0.1
357.6 0.06
358.8 0.06
360.0 0.08
361.2 0.06
362.4 0.06
363.6 0.06
364.8 0.06
366.0 0.06
367.2 0.06
368.4 0.05
369.6 0.05
370.8 0.05
372.0 0.05
373.2 0.05
374.4 0.05
375.6 0.05
376.8 0.05
378.0 0.05
379.2 0.06
380.4 0.06
381.6 0.06
382.8 0.13
384.0 0.06
385.2 0.06
386.4 0.06
387.6 0.06
388.8 0.06
390.0 0.06
391.2 0.06
392.4 0.06
393.6 0.06
394.8 0.06
396.0 0.06
397.2 0.06
398.4 0.06
399.6 0.06
400.8 0.06
402.0 0.06
403.2 0.06
404.4 0.06
405.6 0.06
406.8 0.06
408.0 0.06
409.2 0.08
410.4 0.06
411.6 0.06
412.8 0.06
414.0 0.06
415.2 0.06
416.4 0.06
417.6 0.06
418.8 0.05
420.0 0.05
421.2 0.05
422.4 0.08
423.6 0.07
424.8 0.06
426.0 0.06
427.2 0.06
428.4 0.06
429.6 0.06
430.8 0.06
432.0 0.06
433.2 0.06
434.4 0.06
435.6 0.06
436.8 0.06
438.0 0.06
439.2 0.06
440.4 0.06
441.6 0.06
442.8 0.06
444.0 0.06
445.2 0.08
446.4 0.06
447.6 0.06
448.8 0.06
450.0 0.06
451.2 0.06
452.4 0.06
453.6 0.06
454.8 0.06
456.0 0.06
457.2 0.06
458.4 0.05
459.6 0.06
460.8 0.06
462.0 0.12
463.2 0.06
464.4 0.06
465.6 0.06
466.8 0.06
468.0 0.06
469.2 0.06
470.4 0.06
471.6 0.06
472.8 0.06
474.0 0.06
475.2 0.06
476.4 0.06
477.6 0.06
478.8 0.08
480.0 0.06
481.2 0.06
482.4 0.06
483.6 0.06
484.8 0.06
486.0 0.06
487.2 0.06
488.4 0.06
489.6 0.06
490.8 0.06
492.0 0.06
493.2 0.06
494.4 0.06
495.6 0.06
496.8 0.06
498.0 0.06
499.2 0.06
500.4 0.06
501.6 0.06
502.8 0.07
504.0 0.07
505.2 0.07
506.4 0.07
507.6 0.07
508.8 0.06
510.0 0.06
511.2 0.06
512.4 0.06
513.6 0.06
514.8 0.06
516.0 0.12
517.2 0.06
518.4 0.06
519.6 0.06
520.8 0.13
522.0 0.06
523.2 0.06
524.4 0.06
525.6 0.06
526.8 0.06
528.0 0.06
529.2 0.06
530.4 0.06
531.6 0.06
532.8 0.13
534.0 0.06
535.2 0.17
536.4 0.06
537.6 0.06
538.8 0.06
540.0 0.06
541.2 0.06
542.4 0.08
543.6 0.06
544.8 0.08
546.0 0.06
547.2 0.06
548.4 0.06
549.6 0.06
550.8 0.06
552.0 0.06
553.2 0.1
554.4 0.06
555.6 0.06
556.8 0.05
558.0 0.05
559.2 0.05
560.4 0.05
561.6 0.05
562.8 0.05
564.0 0.05
565.2 0.05
566.4 0.05
567.6 0.05
568.8 0.05
570.0 0.06
571.2 0.07
572.4 0.06
573.6 0.06
574.8 0.06
576.0 0.06
577.2 0.1
578.4 0.06
579.6 0.09
580.8 0.06
582.0 0.06
583.2 0.06
584.4 0.06
585.6 0.06
586.8 0.06
588.0 0.06
589.2 0.06
590.4 0.08
591.6 0.06
592.8 0.14
594.0 0.06
595.2 0.06
596.4 0.06
597.6 0.06
598.8 0.06
600.0 0.06
601.2 0.06
602.4 0.06
603.6 0.06
604.8 0.06
606.0 0.06
607.2 0.06
608.4 0.06
609.6 0.06
610.8 0.06
612.0 0.06
613.2 0.06
614.4 0.06
615.6 0.06
616.8 0.06
618.0 0.06
619.2 0.06
620.4 0.06
621.6 0.06
622.8 0.06
624.0 0.06
625.2 0.06
626.4 0.06
627.6 0.06
628.8 0.06
630.0 0.06
631.2 0.09
632.4 0.06
633.6 0.06
634.8 0.06
636.0 0.1
637.2 0.06
638.4 0.06
639.6 0.06
640.8 0.06
642.0 0.06
643.2 0.06
644.4 0.06
645.6 0.06
646.8 0.06
648.0 0.06
649.2 0.06
650.4 0.06
651.6 0.07
652.8 0.06
654.0 0.06
655.2 0.07
656.4 0.05
657.6 0.05
658.8 0.05
660.0 0.06
661.2 0.05
662.4 0.05
663.6 0.05
664.8 0.05
666.0 0.05
667.2 0.05
668.4 0.05
669.6 0.05
670.8 0.05
672.0 0.05
673.2 0.05
674.4 0.05
675.6 0.05
676.8 0.05
678.0 0.05
679.2 0.05
680.4 0.05
681.6 0.05
682.8 0.05
684.0 0.05
685.2 0.05
686.4 0.05
687.6 0.05
688.8 0.05
690.0 0.07
691.2 0.05
692.4 0.05
693.6 0.06
694.8 0.05
696.0 0.05
697.2 0.05
698.4 0.05
699.6 0.05
700.8 0.05
702.0 0.05
703.2 0.05
704.4 0.05
705.6 0.05
706.8 0.05
708.0 0.05
709.2 0.05
710.4 0.05
711.6 0.05
712.8 0.05
714.0 0.05
715.2 0.05
716.4 0.05
717.6 0.05
718.8 0.06
720.0 0.06
721.2 0.06
722.4 0.06
723.6 0.09
724.8 0.06
726.0 0.06
727.2 0.06
728.4 0.06
729.6 0.06
730.8 0.06
732.0 0.06
733.2 0.06
734.4 0.06
735.6 0.06
736.8 0.06
738.0 0.1
739.2 0.06
740.4 0.06
741.6 0.06
742.8 0.06
744.0 0.06
745.2 0.11
746.4 0.05
747.6 0.06
748.8 0.06
750.0 0.06
751.2 0.06
752.4 0.05
753.6 0.05
754.8 0.06
756.0 0.06
757.2 0.06
758.4 0.06
759.6 0.05
760.8 0.05
762.0 0.06
763.2 0.05
764.4 0.06
765.6 0.06
766.8 0.05
768.0 0.06
769.2 0.05
770.4 0.06
771.6 0.06
772.8 0.05
774.0 0.06
775.2 0.06
776.4 0.06
777.6 0.06
778.8 0.06
780.0 0.06
781.2 0.12
782.4 0.06
783.6 0.06
784.8 0.06
786.0 0.06
787.2 0.06
788.4 0.06
789.6 0.06
790.8 0.06
792.0 0.06
793.2 0.1
794.4 0.06
795.6 0.06
796.8 0.12
798.0 0.06
799.2 0.06
800.4 0.06
801.6 0.06
802.8 0.06
804.0 0.06
805.2 0.06
806.4 0.06
807.6 0.06
808.8 0.06
810.0 0.06
811.2 0.06
812.4 0.06
813.6 0.06
814.8 0.06
816.0 0.06
817.2 0.09
818.4 0.06
819.6 0.06
820.8 0.06
822.0 0.06
823.2 0.06
824.4 0.06
825.6 0.06
826.8 0.06
828.0 0.06
829.2 0.06
830.4 0.06
831.6 0.11
832.8 0.06
834.0 0.06
835.2 0.06
836.4 0.06
837.6 0.06
838.8 0.06
840.0 0.05
841.2 0.05
842.4 0.05
843.6 0.05
844.8 0.07
846.0 0.05
847.2 0.05
848.4 0.05
849.6 0.05
850.8 0.05
852.0 0.05
853.2 0.05
854.4 0.05
855.6 0.05
856.8 0.05
858.0 0.05
859.2 0.05
860.4 0.08
861.6 0.08
862.8 0.06
864.0 0.06
865.2 0.06
866.4 0.07
867.6 0.09
868.8 0.06
870.0 0.06
871.2 0.06
872.4 0.06
873.6 0.06
874.8 0.06
876.0 0.05
877.2 0.05
878.4 0.05
879.6 0.05
880.8 0.05
882.0 0.18
883.2 0.05
884.4 0.05
885.6 0.05
886.8 0.05
888.0 0.09
889.2 0.06
890.4 0.05
891.6 0.05
892.8 0.05
894.0 0.05
895.2 0.05
896.4 0.05
897.6 0.05
898.8 0.05
900.0 0.05
901.2 0.05
902.4 0.05
903.6 0.06
904.8 0.06
906.0 0.05
907.2 0.1
908.4 0.07
909.6 0.05
910.8 0.05
912.0 0.05
913.2 0.05
914.4 0.05
915.6 0.05
916.8 0.05
918.0 0.05
919.2 0.05
920.4 0.05
921.6 0.05
922.8 0.05
924.0 0.05
925.2 0.06
926.4 0.05
927.6 0.05
928.8 0.12
930.0 0.05
931.2 0.05
932.4 0.05
933.6 0.05
934.8 0.05
936.0 0.05
937.2 0.05
938.4 0.05
939.6 0.14
940.8 0.05
942.0 0.05
943.2 0.07
944.4 0.05
945.6 0.13
946.8 0.05
948.0 0.05
949.2 0.05
950.4 0.05
951.6 0.05
952.8 0.05
954.0 0.05
955.2 0.05
956.4 0.11
957.6 0.06
958.8 0.05
960.0 0.06
961.2 0.05
962.4 0.05
963.6 0.05
964.8 0.05
966.0 0.05
967.2 0.05
968.4 0.05
969.6 0.05
970.8 0.05
972.0 0.05
973.2 0.05
974.4 0.05
975.6 0.05
976.8 0.05
978.0 0.05
979.2 0.05
980.4 0.05
981.6 0.12
982.8 0.05
984.0 0.05
985.2 0.05
986.4 0.05
987.6 0.05
988.8 0.05
990.0 0.05
991.2 0.05
992.4 0.05
993.6 0.17
994.8 0.05
996.0 0.05
997.2 0.05
998.4 0.05
999.6 0.05
1000.8 0.05
1002.0 0.05
1003.2 0.05
1004.4 0.07
1005.6 0.05
1006.8 0.1
1008.0 0.05
1009.2 0.05
1010.4 0.05
1011.6 0.05
1012.8 0.07
1014.0 0.05
1015.2 0.05
1016.4 0.05
1017.6 0.05
1018.8 0.05
1020.0 0.05
1021.2 0.05
1022.4 0.05
1023.6 0.05
1024.8 0.05
1026.0 0.05
1027.2 0.05
1028.4 0.05
1029.6 0.05
1030.8 0.05
1032.0 0.05
1033.2 0.05
1034.4 0.05
1035.6 0.05
1036.8 0.05
1038.0 0.05
1039.2 0.05
1040.4 0.09
1041.6 0.05
1042.8 0.05
1044.0 0.05
1045.2 0.05
1046.4 0.1
1047.6 0.08
1048.8 0.05
1050.0 0.05
1051.2 0.05
1052.4 0.05
1053.6 0.05
1054.8 0.05
1056.0 0.05
1057.2 0.05
1058.4 0.06
1059.6 0.05
1060.8 0.05
1062.0 0.05
1063.2 0.09
1064.4 0.05
1065.6 0.05
1066.8 0.05
1068.0 0.05
1069.2 0.05
1070.4 0.05
1071.6 0.05
1072.8 0.05
1074.0 0.12
1075.2 0.07
1076.4 0.05
1077.6 0.05
1078.8 0.06
1080.0 0.05
1081.2 0.06
1082.4 0.06
1083.6 0.06
1084.8 0.06
1086.0 0.06
1087.2 0.06
1088.4 0.06
1089.6 0.05
1090.8 0.05
1092.0 0.05
1093.2 0.09
1094.4 0.05
1095.6 0.05
1096.8 0.05
1098.0 0.1
1099.2 0.05
1100.4 0.05
1101.6 0.05
1102.8 0.05
1104.0 0.05
1105.2 0.05
1106.4 0.05
1107.6 0.05
1108.8 0.05
1110.0 0.05
1111.2 0.08
1112.4 0.11
1113.6 0.06
1114.8 0.06
1116.0 0.06
1117.2 0.06
1118.4 0.06
1119.6 0.06
1120.8 0.06
1122.0 0.06
1123.2 0.06
1124.4 0.06
1125.6 0.06
1126.8 0.06
1128.0 0.08
1129.2 0.06
1130.4 0.06
1131.6 0.06
1132.8 0.06
1134.0 0.06
1135.2 0.06
1136.4 0.09
1137.6 0.06
1138.8 0.06
1140.0 0.06
1141.2 0.06
1142.4 0.06
1143.6 0.06
1144.8 0.06
1146.0 0.06
1147.2 0.06
1148.4 0.06
1149.6 0.06
1150.8 0.06
1152.0 0.06
1153.2 0.06
1154.4 0.06
1155.6 0.06
1156.8 0.06
1158.0 0.06
1159.2 0.06
1160.4 0.06
1161.6 0.06
1162.8 0.06
1164.0 0.06
1165.2 0.06
1166.4 0.06
1167.6 0.06
1168.8 0.06
1170.0 0.06
1171.2 0.06
1172.4 0.06
1173.6 0.06
1174.8 0.06
1176.0 0.06
1177.2 0.06
1178.4 0.06
1179.6 0.06
1180.8 0.06
1182.0 0.06
1183.2 0.06
1184.4 0.06
1185.6 0.06
1186.8 0.06
1188.0 0.06
1189.2 0.06
1190.4 0.06
1191.6 0.06
1192.8 0.06
1194.0 0.06
1195.2 0.06
1196.4 0.06
1197.6 0.06
1198.8 0.06
1200.0 0.06
1201.2 0.06
1202.4 0.06
1203.6 0.06
1204.8 0.06
1206.0 0.06
1207.2 0.06
1208.4 0.06
1209.6 0.06
1210.8 0.06
1212.0 0.06
1213.2 0.06
1214.4 0.06
1215.6 0.06
1216.8 0.06
1218.0 0.06
1219.2 0.06
1220.4 0.06
1221.6 0.08
1222.8 0.06
1224.0 0.06
1225.2 0.06
1226.4 0.06
1227.6 0.06
1228.8 0.06
1230.0 0.06
1231.2 0.06
1232.4 0.06
1233.6 0.06
1234.8 0.06
1236.0 0.06
1237.2 0.06
1238.4 0.06
1239.6 0.06
1240.8 0.06
1242.0 0.06
1243.2 0.06
1244.4 0.06
1245.6 0.06
1246.8 0.06
1248.0 0.06
1249.2 0.06
1250.4 0.06
1251.6 0.06
1252.8 0.06
1254.0 0.06
1255.2 0.06
1256.4 0.06
1257.6 0.06
1258.8 0.06
1260.0 0.06
1261.2 0.06
1262.4 0.06
1263.6 0.06
1264.8 0.06
1266.0 0.06
1267.2 0.06
1268.4 0.06
1269.6 0.06
1270.8 0.06
1272.0 0.06
1273.2 0.06
1274.4 0.06
1275.6 0.06
1276.8 0.06
1278.0 0.06
1279.2 0.06
1280.4 0.06
1281.6 0.06
1282.8 0.06
1284.0 0.06
1285.2 0.06
1286.4 0.05
1287.6 0.05
1288.8 0.05
1290.0 0.05
1291.2 0.05
1292.4 0.12
1293.6 0.05
1294.8 0.09
1296.0 0.05
1297.2 0.05
1298.4 0.05
1299.6 0.05
1300.8 0.05
1302.0 0.05
1303.2 0.05
1304.4 0.05
1305.6 0.05
1306.8 0.05
1308.0 0.05
1309.2 0.05
1310.4 0.05
1311.6 0.05
1312.8 0.05
1314.0 0.05
1315.2 0.05
1316.4 0.05
1317.6 0.05
1318.8 0.05
1320.0 0.05
1321.2 0.05
1322.4 0.05
1323.6 0.05
1324.8 0.05
1326.0 0.05
1327.2 0.05
1328.4 0.05
1329.6 0.05
1330.8 0.05
1332.0 0.05
1333.2 0.05
1334.4 0.05
1335.6 0.05
1336.8 0.05
1338.0 0.05
1339.2 0.05
1340.4 0.07
1341.6 0.05
1342.8 0.05
1344.0 0.06
1345.2 0.09
1346.4 0.05
1347.6 0.05
1348.8 0.05
1350.0 0.05
1351.2 0.05
1352.4 0.05
1353.6 0.05
1354.8 0.1
1356.0 0.05
1357.2 0.05
1358.4 0.05
1359.6 0.05
1360.8 0.05
1362.0 0.05
1363.2 0.1
1364.4 0.05
1365.6 0.05
1366.8 0.09
1368.0 0.05
1369.2 0.05
1370.4 0.05
1371.6 0.05
1372.8 0.05
1374.0 0.05
1375.2 0.05
1376.4 0.09
1377.6 0.05
1378.8 0.06
1380.0 0.05
1381.2 0.05
1382.4 0.05
1383.6 0.05
1384.8 0.05
1386.0 0.05
1387.2 0.05
1388.4 0.05
1389.6 0.05
1390.8 0.05
1392.0 0.05
1393.2 0.05
1394.4 0.05
1395.6 0.05
1396.8 0.05
1398.0 0.05
1399.2 0.05
1400.4 0.05
1401.6 0.05
1402.8 0.05
1404.0 0.05
1405.2 0.05
1406.4 0.05
1407.6 0.05
1408.8 0.05
1410.0 0.05
1411.2 0.05
1412.4 0.05
1413.6 0.05
1414.8 0.05
1416.0 0.06
1417.2 0.05
1418.4 0.05
1419.6 0.05
1420.8 0.05
1422.0 0.05
1423.2 0.05
1424.4 0.05
1425.6 0.1
1426.8 0.05
1428.0 0.06
1429.2 0.05
1430.4 0.05
1431.6 0.05
1432.8 0.05
1434.0 0.05
1435.2 0.05
1436.4 0.05
1437.6 0.05
1438.8 0.05
1440.0 0.05
1441.2 0.05
1442.4 0.05
1443.6 0.05
1444.8 0.05
1446.0 0.06
1447.2 0.05
1448.4 0.05
1449.6 0.05
1450.8 0.05
1452.0 0.05
1453.2 0.05
1454.4 0.05
1455.6 0.05
1456.8 0.05
1458.0 0.05
1459.2 0.05
1460.4 0.05
1461.6 0.05
1462.8 0.05
1464.0 0.05
1465.2 0.05
1466.4 0.05
1467.6 0.05
1468.8 0.05
1470.0 0.05
1471.2 0.05
1472.4 0.05
1473.6 0.05
1474.8 0.05
1476.0 0.06
1477.2 0.05
1478.4 0.05
1479.6 0.06
1480.8 0.05
1482.0 0.05
1483.2 0.06
1484.4 0.06
1485.6 0.06
1486.8 0.06
1488.0 0.06
1489.2 0.06
1490.4 0.06
1491.6 0.06
1492.8 0.06
1494.0 0.06
1495.2 0.06
1496.4 0.06
1497.6 0.06
1498.8 0.06
1500.0 0.06
1501.2 0.06
1502.4 0.1
1503.6 0.06
1504.8 0.06
1506.0 0.06
1507.2 0.06
1508.4 0.06
1509.6 0.06
1510.8 0.06
1512.0 0.06
1513.2 0.06
1514.4 0.06
1515.6 0.09
1516.8 0.06
1518.0 0.06
1519.2 0.06
1520.4 0.1
1521.6 0.06
1522.8 0.06
1524.0 0.06
1525.2 0.06
1526.4 0.06
1527.6 0.06
1528.8 0.06
1530.0 0.06
1531.2 0.06
1532.4 0.06
1533.6 0.06
1534.8 0.06
1536.0 0.06
1537.2 0.06
1538.4 0.06
1539.6 0.06
1540.8 0.06
1542.0 0.06
1543.2 0.06
1544.4 0.08
1545.6 0.06
1546.8 0.06
1548.0 0.06
1549.2 0.06
1550.4 0.06
1551.6 0.08
1552.8 0.06
1554.0 0.06
1555.2 0.06
1556.4 0.06
1557.6 0.06
1558.8 0.06
1560.0 0.06
1561.2 0.06
1562.4 0.06
1563.6 0.06
1564.8 0.06
1566.0 0.06
1567.2 0.06
1568.4 0.06
1569.6 0.06
1570.8 0.06
1572.0 0.06
1573.2 0.06
1574.4 0.06
1575.6 0.06
1576.8 0.06
1578.0 0.06
1579.2 0.06
1580.4 0.06
1581.6 0.06
1582.8 0.06
1584.0 0.06
1585.2 0.06
1586.4 0.06
1587.6 0.06
1588.8 0.06
1590.0 0.06
1591.2 0.06
1592.4 0.06
1593.6 0.06
1594.8 0.06
1596.0 0.06
1597.2 0.06
1598.4 0.06
1599.6 0.06
1600.8 0.06
1602.0 0.06
1603.2 0.06
1604.4 0.06
1605.6 0.06
1606.8 0.06
1608.0 0.06
1609.2 0.06
1610.4 0.06
1611.6 0.06
1612.8 0.06
1614.0 0.06
1615.2 0.06
1616.4 0.06
1617.6 0.06
1618.8 0.06
1620.0 0.06
1621.2 0.06
1622.4 0.06
1623.6 0.06
1624.8 0.06
1626.0 0.06
1627.2 0.06
1628.4 0.06
1629.6 0.06
1630.8 0.06
1632.0 0.06
1633.2 0.06
1634.4 0.06
1635.6 0.06
1636.8 0.06
1638.0 0.09
1639.2 0.06
1640.4 0.06
1641.6 0.06
1642.8 0.06
1644.0 0.06
1645.2 0.06
1646.4 0.06
1647.6 0.06
1648.8 0.06
1650.0 0.06
1651.2 0.06
1652.4 0.06
1653.6 0.06
1654.8 0.06
1656.0 0.06
1657.2 0.06
1658.4 0.06
1659.6 0.06
1660.8 0.06
1662.0 0.05
1663.2 0.05
1664.4 0.05
1665.6 0.05
1666.8 0.05
1668.0 0.05
1669.2 0.05
1670.4 0.17
1671.6 0.05
1672.8 0.15
1674.0 0.09
1675.2 0.16
1676.4 0.05
1677.6 0.09
1678.8 0.05
1680.0 0.05
1681.2 0.05
1682.4 0.05
1683.6 0.05
1684.8 0.05
1686.0 0.05
1687.2 0.05
1688.4 0.05
1689.6 0.05
1690.8 0.06
1692.0 0.05
1693.2 0.05
1694.4 0.05
1695.6 0.05
1696.8 0.05
1698.0 0.05
1699.2 0.05
1700.4 0.05
1701.6 0.05
1702.8 0.05
1704.0 0.05
1705.2 0.07
1706.4 0.08
1707.6 0.18
1708.8 0.21
1710.0 0.2
1711.2 0.18
1712.4 0.24
1713.6 0.21
1714.8 0.21
1716.0 0.26
1717.2 0.18
1718.4 0.17
1719.6 0.19
1720.8 0.19
1722.0 0.19
1723.2 0.17
1724.4 0.18
1725.6 0.18
1726.8 0.2
1728.0 0.16
1729.2 0.15
1730.4 0.18
1731.6 0.17
1732.8 0.16
1734.0 0.14
1735.2 0.31
1736.4 0.18
1737.6 0.15
1738.8 0.16
1740.0 0.16
1741.2 0.16
1742.4 0.19
1743.6 0.18
1744.8 0.18
1746.0 0.17
1747.2 0.18
1748.4 0.16
1749.6 0.18
1750.8 0.16
1752.0 0.19
1753.2 0.18
1754.4 0.17
1755.6 0.15
1756.8 0.16
1758.0 0.15
1759.2 0.16
1760.4 0.17
1761.6 0.6
1762.8 0.14
1764.0 0.11
1765.2 0.15
1766.4 0.11
1767.6 0.43
1768.8 0.11
1770.0 0.13
1771.2 0.15
1772.4 0.3
1773.6 0.86
1774.8 0.25
1776.0 0.21
1777.2 0.18
1778.4 0.15
1779.6 0.12
1780.8 0.13
1782.0 0.14
1783.2 0.13
1784.4 0.12
1785.6 0.16
1786.8 0.14
1788.0 0.15
1789.2 0.38
1790.4 0.86
1791.6 0.84
1792.8 2.03
1794.0 0.63
1795.2 0.75
1796.4 0.59
1797.6 0.33
1798.8 0.42
1800.0 0.34
1801.2 0.32
1802.4 0.24
1803.6 0.29
1804.8 0.39
1806.0 0.25
1807.2 0.25
1808.4 0.23
1809.6 0.23
1810.8 0.23
1812.0 0.31
1813.2 0.21
1814.4 0.4
1815.6 0.41
1816.8 0.51
1818.0 0.33
1819.2 0.35
1820.4 0.29
1821.6 0.3
1822.8 0.32
1824.0 0.32
1825.2 0.32
1826.4 0.32
1827.6 0.32
1828.8 0.31
1830.0 0.34
1831.2 0.3
1832.4 0.39
1833.6 0.39
1834.8 0.35
1836.0 0.23
1837.2 0.23
1838.4 0.23
1839.6 0.29
1840.8 0.23
1842.0 0.22
1843.2 0.24
1844.4 0.23
1845.6 0.26
1846.8 0.3
1848.0 0.37
1849.2 0.27
1850.4 0.31
1851.6 0.31
1852.8 0.31
1854.0 0.48
1855.2 0.36
1856.4 0.82
1857.6 0.63
1858.8 0.49
1860.0 0.67
1861.2 0.67
1862.4 1.12
1863.6 2.03
1864.8 2.85
1866.0 0.81
1867.2 0.35
1868.4 0.13
1869.6 0.17
1870.8 0.09
1872.0 0.12
1873.2 0.1
1874.4 0.15
1875.6 0.16
1876.8 0.15
1878.0 0.14
1879.2 0.15
1880.4 0.11
1881.6 0.16
1882.8 0.12
1884.0 0.13
1885.2 0.12
1886.4 0.13
1887.6 0.14
1888.8 0.16
1890.0 0.15
1891.2 0.16
1892.4 0.16
1893.6 0.18
1894.8 0.18
1896.0 0.25
1897.2 0.24
1898.4 0.25
1899.6 0.24
1900.8 0.39
1902.0 0.8
1903.2 0.55
1904.4 5.39
1905.6 0.43
1906.8 0.18
1908.0 0.09
1909.2 0.16
1910.4 0.16
1911.6 0.12
1912.8 0.11
1914.0 0.11
1915.2 0.13
1916.4 0.13
1917.6 0.11
1918.8 0.15
1920.0 0.17
1921.2 0.23
1922.4 0.27
1923.6 0.43
1924.8 1.15
1926.0 1.35
1927.2 0.11
1928.4 0.11
1929.6 0.17
1930.8 0.11
1932.0 0.12
1933.2 0.15
1934.4 0.18
1935.6 0.2
1936.8 0.26
1938.0 0.72
1939.2 0.24
1940.4 0.12
1941.6 0.14
1942.8 0.25
1944.0 0.12
1945.2 0.27
1946.4 5.91
1947.6 0.1
1948.8 0.13
1950.0 0.19
1951.2 1.45
1952.4 0.15
1953.6 0.36
1954.8 0.62
1956.0 0.51
1957.2 0.23
1958.4 0.16
1959.6 0.16
1960.8 0.18
1962.0 0.16
1963.2 0.16
1964.4 0.16
1965.6 0.16
1966.8 0.15
1968.0 0.16
1969.2 0.15
1970.4 0.16
1971.6 0.16
1972.8 0.15
1974.0 0.16
1975.2 0.15
1976.4 0.16
1977.6 0.16
1978.8 0.16
1980.0 0.17
1981.2 0.17
1982.4 0.16
1983.6 0.16
1984.8 0.32
1986.0 0.18
1987.2 0.17
1988.4 0.16
1989.6 0.16
1990.8 0.16
1992.0 0.16
1993.2 0.16
1994.4 0.16
1995.6 0.16
1996.8 0.16
1998.0 0.15
1999.2 0.16
2000.4 0.26
2001.6 0.16
2002.8 0.18
2004.0 0.17
2005.2 0.18
2006.4 0.19
2007.6 0.18
2008.8 0.47
2010.0 0.18
2011.2 0.19
2012.4 0.19
2013.6 0.2
2014.8 0.15
2016.0 0.15
2017.2 0.2
2018.4 0.17
2019.6 0.17
2020.8 0.24
2022.0 0.17
2023.2 0.19
2024.4 0.21
2025.6 0.18
2026.8 0.2
2028.0 0.17
2029.2 0.17
2030.4 0.18
2031.6 0.17
2032.8 0.34
2034.0 0.17
2035.2 0.17
2036.4 0.2
2037.6 0.2
2038.8 0.19
2040.0 0.17
2041.2 0.18
2042.4 0.18
2043.6 0.16
2044.8 0.19
2046.0 0.18
2047.2 0.2
2048.4 1.21
2049.6 0.14
2050.8 0.13
2052.0 0.5
2053.2 0.14
2054.4 0.18
2055.6 0.66
2056.8 0.18
2058.0 0.13
2059.2 0.15
2060.4 0.16
2061.6 0.22
2062.8 1.11
2064.0 0.33
2065.2 0.17
2066.4 0.13
2067.6 0.15
2068.8 0.13
2070.0 0.14
2071.2 0.16
2072.4 0.15
2073.6 0.14
2074.8 0.39
2076.0 0.38
2077.2 0.93
2078.4 1.05
2079.6 0.56
2080.8 0.33
2082.0 0.23
2083.2 0.23
2084.4 0.2
2085.6 0.18
2086.8 0.17
2088.0 0.16
2089.2 0.15
2090.4 0.26
2091.6 0.34
2092.8 0.13
2094.0 0.13
2095.2 0.11
2096.4 0.13
2097.6 0.16
2098.8 0.1
2100.0 0.18
2101.2 0.2
2102.4 0.27
2103.6 0.16
2104.8 0.12
2106.0 0.17
2107.2 0.14
2108.4 0.25
2109.6 0.19
2110.8 0.32
2112.0 0.29
2113.2 0.26
2114.4 0.24
2115.6 0.31
2116.8 0.44
2118.0 0.34
2119.2 0.4
2120.4 0.43
2121.6 0.58
2122.8 1.48
2124.0 1.8
2125.2 5.64
2126.4 3.36
2127.6 1.93
2128.8 1.48
2130.0 0.91
2131.2 0.83
2132.4 0.65
2133.6 0.71
2134.8 0.53
2136.0 0.59
2137.2 0.64
2138.4 0.58
2139.6 0.54
2140.8 0.48
2142.0 0.43
2143.2 0.47
2144.4 0.42
2145.6 0.43
2146.8 0.38
2148.0 0.36
2149.2 0.38
2150.4 0.37
2151.6 0.26
2152.8 0.31
2154.0 0.3
2155.2 0.34
2156.4 0.35
2157.6 0.33
2158.8 0.31
2160.0 0.3
2161.2 0.32
2162.4 0.34
2163.6 0.33
2164.8 0.33
2166.0 0.59
2167.2 0.31
2168.4 0.3
2169.6 0.31
2170.8 0.31
2172.0 0.39
2173.2 0.32
2174.4 0.34
2175.6 0.31
2176.8 0.29
2178.0 0.42
2179.2 0.38
2180.4 0.35
2181.6 0.38
2182.8 0.36
2184.0 0.37
2185.2 0.42
2186.4 0.43
2187.6 0.43
2188.8 0.51
2190.0 0.42
2191.2 0.46
2192.4 0.48
2193.6 0.55
2194.8 0.54
2196.0 0.49
2197.2 0.45
2198.4 0.4
2199.6 0.53
2200.8 0.41
2202.0 0.56
2203.2 1.55
2204.4 0.75
2205.6 0.58
2206.8 0.88
2208.0 0.86
2209.2 0.47
2210.4 0.82
2211.6 1.37
2212.8 0.09
2214.0 1.34
2215.2 2.77
2216.4 2.27
2217.6 3.49
2218.8 3.36
2220.0 7.08
2221.2 5.32
2222.4 5.17
2223.6 5.38
2224.8 5.58
2226.0 1.52
2227.2 1.83
2228.4 1.11
2229.6 0.58
2230.8 0.61
2232.0 0.37
2233.2 0.55
2234.4 0.39
2235.6 0.4
2236.8 0.39
2238.0 0.41
2239.2 0.35
2240.4 0.66
2241.6 0.32
2242.8 0.53
2244.0 0.59
2245.2 0.4
2246.4 0.35
2247.6 0.29
2248.8 0.25
2250.0 0.32
2251.2 0.4
2252.4 0.26
2253.6 0.16
2254.8 0.16
2256.0 0.24
2257.2 0.38
2258.4 0.29
2259.6 0.27
2260.8 0.26
2262.0 0.25
2263.2 0.26
2264.4 0.39
2265.6 0.23
2266.8 0.24
2268.0 0.35
2269.2 0.36
2270.4 0.37
2271.6 0.36
2272.8 0.23
2274.0 0.22
2275.2 0.14
2276.4 0.3
2277.6 0.27
2278.8 0.2
2280.0 0.29
2281.2 0.18
2282.4 0.16
2283.6 0.2
2284.8 0.18
2286.0 0.19
2287.2 0.18
2288.4 0.18
2289.6 0.14
2290.8 0.15
2292.0 0.13
2293.2 0.14
2294.4 0.32
2295.6 0.29
2296.8 0.16
2298.0 0.2
2299.2 0.17
2300.4 0.11
2301.6 0.35
2302.8 0.14
2304.0 0.12
2305.2 0.23
2306.4 0.2
2307.6 0.21
2308.8 0.18
2310.0 0.17
2311.2 0.27
2312.4 0.16
2313.6 0.37
2314.8 0.17
2316.0 0.17
2317.2 0.17
2318.4 0.17
2319.6 0.17
2320.8 0.17
2322.0 0.17
2323.2 0.18
2324.4 0.18
2325.6 0.18
2326.8 0.19
2328.0 0.19
2329.2 0.2
2330.4 0.2
2331.6 0.2
2332.8 0.21
2334.0 0.21
2335.2 0.22
2336.4 0.23
2337.6 0.24
2338.8 0.26
2340.0 0.27
2341.2 0.2
2342.4 0.2
2343.6 0.19
2344.8 0.18
2346.0 0.18
2347.2 0.11
2348.4 0.11
2349.6 0.12
2350.8 0.12
2352.0 0.12
2353.2 0.12
2354.4 0.12
2355.6 0.12
2356.8 0.12
2358.0 0.14
2359.2 0.12
2360.4 0.12
2361.6 0.12
2362.8 0.12
2364.0 0.13
2365.2 0.13
2366.4 0.13
2367.6 0.11
2368.8 0.16
2370.0 0.16
2371.2 0.16
2372.4 0.16
2373.6 0.18
2374.8 0.14
2376.0 0.13
2377.2 0.17
2378.4 0.14
2379.6 0.14
2380.8 0.17
2382.0 0.13
2383.2 0.15
2384.4 0.14
2385.6 0.16
2386.8 0.14
2388.0 0.13
2389.2 0.19
2390.4 0.16
2391.6 0.21
2392.8 0.14
2394.0 0.24
2395.2 0.18
2396.4 0.18
2397.6 0.19
2398.8 0.24
2400.0 0.18
2401.2 0.18
2402.4 0.17
2403.6 0.17
2404.8 0.15
2406.0 0.23
2407.2 0.19
2408.4 0.14
2409.6 0.27
2410.8 0.25
2412.0 0.25
2413.2 0.1
2414.4 0.2
2415.6 0.21
2416.8 0.32
2418.0 0.23
2419.2 0.28
2420.4 0.26
2421.6 0.26
2422.8 0.19
2424.0 0.19
2425.2 0.27
2426.4 0.27
2427.6 0.23
2428.8 0.09
2430.0 0.25
2431.2 0.26
2432.4 0.19
2433.6 0.1
2434.8 0.23
2436.0 0.25
2437.2 0.34
2438.4 0.38
2439.6 0.35
2440.8 0.35
2442.0 0.52
2443.2 0.62
2444.4 0.35
2445.6 0.36
2446.8 0.6
2448.0 0.37
2449.2 0.36
2450.4 0.36
2451.6 0.36
2452.8 0.36
2454.0 0.43
2455.2 0.36
2456.4 0.36
2457.6 0.35
2458.8 0.34
2460.0 0.35
2461.2 0.35
2462.4 0.34
2463.6 0.35
2464.8 0.53
2466.0 0.34
2467.2 0.35
2468.4 0.29
2469.6 0.29
2470.8 0.34
2472.0 0.21
2473.2 0.21
2474.4 0.27
2475.6 0.28
2476.8 0.24
2478.0 0.19
2479.2 0.28
2480.4 0.28
2481.6 0.26
2482.8 0.44
2484.0 0.31
2485.2 0.26
2486.4 0.26
2487.6 0.32
2488.8 0.32
2490.0 0.29
2491.2 0.28
2492.4 0.29
2493.6 0.4
2494.8 0.26
2496.0 0.34
2497.2 0.33
2498.4 0.28
2499.6 0.25
2500.8 0.25
2502.0 0.24
2503.2 0.25
2504.4 0.24
2505.6 0.24
2506.8 0.24
2508.0 0.25
2509.2 0.25
2510.4 0.26
2511.6 0.26
2512.8 0.26
2514.0 0.26
2515.2 0.26
2516.4 0.27
2517.6 0.64
2518.8 0.27
2520.0 0.45
2521.2 0.29
2522.4 0.38
2523.6 0.29
2524.8 0.29
2526.0 0.29
2527.2 0.28
2528.4 0.28
2529.6 0.33
2530.8 0.28
2532.0 0.28
2533.2 0.28
2534.4 0.28
2535.6 0.28
2536.8 0.44
2538.0 0.28
2539.2 0.31
2540.4 0.29
2541.6 0.28
2542.8 0.27
2544.0 0.27
2545.2 0.27
2546.4 0.27
2547.6 0.27
2548.8 0.26
2550.0 0.26
2551.2 0.43
2552.4 0.4
2553.6 0.38
2554.8 0.26
2556.0 0.26
2557.2 0.26
2558.4 0.26
2559.6 0.25
2560.8 0.25
2562.0 0.25
2563.2 0.25
2564.4 0.25
2565.6 0.39
2566.8 0.25
2568.0 0.25
2569.2 0.24
2570.4 0.24
2571.6 0.24
2572.8 0.25
2574.0 0.24
2575.2 0.24
2576.4 0.25
2577.6 0.24
2578.8 0.53
2580.0 0.36
2581.2 0.24
2582.4 0.24
2583.6 0.24
2584.8 0.24
2586.0 0.24
2587.2 0.24
2588.4 0.24
2589.6 0.24
2590.8 0.45
2592.0 0.24
2593.2 0.24
2594.4 0.24
2595.6 0.24
2596.8 0.24
2598.0 0.24
2599.2 0.24
2600.4 0.24
2601.6 0.25
2602.8 0.24
2604.0 0.24
2605.2 0.24
2606.4 0.38
2607.6 0.24
2608.8 0.24
2610.0 0.28
2611.2 0.37
2612.4 0.26
2613.6 0.24
2614.8 0.24
2616.0 0.24
2617.2 0.24
2618.4 0.24
2619.6 0.24
2620.8 0.24
2622.0 0.24
2623.2 0.24
2624.4 0.24
2625.6 0.24
2626.8 0.24
2628.0 0.24
2629.2 0.24
2630.4 0.24
2631.6 0.24
2632.8 0.24
2634.0 0.24
2635.2 0.24
2636.4 0.24
2637.6 0.24
2638.8 0.24
2640.0 0.24
2641.2 0.24
2642.4 0.25
2643.6 0.25
2644.8 0.24
2646.0 0.24
2647.2 0.25
2648.4 0.25
2649.6 0.25
2650.8 0.25
2652.0 0.25
2653.2 0.25
2654.4 0.31
2655.6 0.29
2656.8 0.25
2658.0 0.25
2659.2 0.43
2660.4 0.26
2661.6 0.26
2662.8 0.26
2664.0 0.26
2665.2 0.27
2666.4 0.26
2667.6 0.27
2668.8 0.27
2670.0 0.27
2671.2 0.28
2672.4 0.35
2673.6 0.28
2674.8 0.28
2676.0 0.28
2677.2 0.28
2678.4 0.29
2679.6 0.29
2680.8 0.29
2682.0 0.31
2683.2 0.31
2684.4 0.31
2685.6 0.31
2686.8 0.32
2688.0 0.32
2689.2 0.27
2690.4 0.27
2691.6 0.27
2692.8 0.27
2694.0 0.28
2695.2 0.28
2696.4 0.27
2697.6 0.18
2698.8 0.18
2700.0 0.16
2701.2 0.14
2702.4 0.14
2703.6 0.31
2704.8 0.14
2706.0 0.14
2707.2 0.14
2708.4 0.14
2709.6 0.14
2710.8 0.18
2712.0 0.18
2713.2 0.14
2714.4 0.18
2715.6 0.18
2716.8 0.28
2718.0 0.14
2719.2 0.18
2720.4 0.37
2721.6 0.19
2722.8 0.23
2724.0 0.18
2725.2 0.18
2726.4 0.18
2727.6 0.18
2728.8 0.18
2730.0 0.18
2731.2 0.18
2732.4 0.18
2733.6 0.18
2734.8 0.18
2736.0 0.19
2737.2 0.19
2738.4 0.19
2739.6 0.19
2740.8 0.15
2742.0 0.19
2743.2 0.18
2744.4 0.18
2745.6 0.18
2746.8 0.14
2748.0 0.18
2749.2 0.18
2750.4 0.18
2751.6 0.18
2752.8 0.18
2754.0 0.18
2755.2 0.26
2756.4 0.27
2757.6 0.38
2758.8 0.18
2760.0 0.18
2761.2 0.18
2762.4 0.18
2763.6 0.18
2764.8 0.14
2766.0 0.18
2767.2 0.18
2768.4 0.19
2769.6 0.14
2770.8 0.18
2772.0 0.18
2773.2 0.18
2774.4 0.18
2775.6 0.18
2776.8 0.18
2778.0 0.18
2779.2 0.27
2780.4 0.45
2781.6 0.4
2782.8 0.35
2784.0 0.32
2785.2 0.29
2786.4 0.29
2787.6 0.29
2788.8 0.28
2790.0 0.28
2791.2 0.28
2792.4 0.28
2793.6 0.28
2794.8 0.28
2796.0 0.28
2797.2 0.27
2798.4 0.27
2799.6 0.27
