0.0 4936.94
1.2 4352.54
2.4 3849.24
3.6 3411.48
4.8 3035.57
6.0 2712.84
7.2 2442.49
8.4 2203.71
9.6 2002.18
10.8 1834.22
12.0 1692.35
13.2 1574.9
14.4 1478.21
15.6 1399.17
16.8 1335.99
18.0 1289.66
19.2 1252.92
20.4 1231.83
21.6 1214.57
22.8 1206.7
24.0 1206.2
25.2 1211.52
26.4 1227.61
27.6 1244.25
28.8 1260.09
30.0 1287.7
31.2 1314.08
32.4 1341.89
33.6 1373.12
34.8 1403.58
36.0 1438.8
37.2 1474.46
38.4 1511.7
39.6 1548.34
40.8 1588.65
42.0 1628.47
43.2 1670.09
44.4 1709.36
45.6 1745.96
46.8 1785.63
48.0 1827.04
49.2 1867.16
50.4 1911.82
51.6 1950.17
52.8 1988.03
54.0 2023.9
55.2 2064.03
56.4 2106.75
57.6 2147.72
58.8 2184.9
60.0 2225.46
61.2 2261.71
62.4 2296.56
63.6 2330.55
64.8 2371.44
66.0 2408.68
67.2 2442.76
68.4 2479.3
69.6 2510.24
70.8 2547.09
72.0 2580.33
73.2 2608.97
74.4 2638.92
75.6 2673.51
76.8 2705.95
78.0 2738.33
79.2 2767.03
80.4 2795.98
81.6 2825.15
82.8 2856.01
84.0 2888.55
85.2 2917.12
86.4 2942.39
87.6 2971.07
88.8 3000.52
90.0 3025.93
91.2 3052.94
92.4 3079.67
93.6 3104.91
94.8 3128.84
96.0 3154.89
97.2 3179.41
98.4 3205.99
99.6 3230.28
100.8 3255.2
102.0 3278.92
103.2 3303.91
104.4 3327.32
105.6 3350.64
106.8 3374.43
108.0 3397.18
109.2 3421.16
110.4 3443.44
111.6 3467.15
112.8 3489.17
114.0 3510.04
115.2 3531.13
116.4 3553.47
117.6 3573.07
118.8 3593.71
120.0 3613.3
121.2 3632.62
122.4 3649.03
123.6 3667.64
124.8 3685.52
126.0 3706.38
127.2 3724.18
128.4 3742.09
129.6 3756.73
130.8 3773.81
132.0 3789.01
133.2 3803.06
134.4 3820.95
135.6 3833.39
136.8 3850.2
138.0 3864.86
139.2 3882.41
140.4 3894.51
141.6 3909.43
142.8 3925.63
144.0 3940.6
145.2 3953.7
146.4 3967.32
147.6 3982.63
148.8 3995.64
150.0 4012.31
151.2 4026.83
152.4 4041.39
153.6 4055.94
154.8 4069.9
156.0 4085.24
157.2 4098.13
158.4 4110.52
159.6 4120.49
160.8 4132.6
162.0 4143.81
163.2 4154.54
164.4 4166.55
165.6 4175.67
166.8 4190.62
168.0 4202.8
169.2 4214.05
170.4 4227.46
171.6 4237.9
172.8 4251.04
174.0 4261.12
175.2 4272.61
176.4 4281.8
177.6 4294.88
178.8 4304.27
180.0 4312.29
181.2 4323.39
182.4 4332.72
183.6 4343.46
184.8 4351.79
186.0 4359.11
187.2 4369.72
188.4 4380.29
189.6 4387.46
190.8 4400.55
192.0 4412.37
193.2 4422.48
194.4 4430.32
195.6 4440.27
196.8 4445.72
198.0 4451.05
199.2 4459.21
200.4 4467.2
201.6 4470.78
202.8 4478.16
204.0 4490.57
205.2 4498.01
206.4 4504.22
207.6 4510.65
208.8 4515.2
210.0 4523.81
211.2 4530.41
212.4 4537.96
213.6 4549.4
214.8 4552.53
216.0 4557.43
217.2 4561.15
218.4 4571.77
219.6 4580.64
220.8 4586.94
222.0 4596.31
223.2 4599.23
224.4 4604.86
225.6 4610.99
226.8 4613.72
228.0 4621.81
229.2 4627.02
230.4 4631.14
231.6 4639.31
232.8 4648.18
234.0 4656.87
235.2 4660.97
236.4 4664.41
237.6 4669.78
238.8 4678.52
240.0 4682.33
241.2 4690.82
242.4 4691.57
243.6 4690.72
244.8 4697.57
246.0 4701.7
247.2 4708.01
248.4 4712.74
249.6 4715.26
250.8 4719.05
252.0 4718.81
253.2 4725.01
254.4 4727.47
255.6 4733.91
256.8 4741.03
258.0 4744.77
259.2 4745.81
260.4 4754.84
261.6 4755.61
262.8 4763.84
264.0 4768.63
265.2 4774.63
266.4 4776.97
267.6 4778.17
268.8 4778.88
270.0 4781.73
271.2 4784.39
272.4 4788.57
273.6 4794.17
274.8 4795.1
276.0 4795.67
277.2 4802.37
278.4 4807.99
279.6 4809.19
280.8 4813.2
282.0 4819.43
283.2 4818.48
284.4 4824.37
285.6 4825.08
286.8 4826.02
288.0 4828.15
289.2 4833.84
290.4 4838.88
291.6 4837.65
292.8 4841.71
294.0 4846.55
295.2 4846.48
296.4 4850.63
297.6 4856.48
298.8 4858.69
300.0 4861.49
301.2 4864.5
302.4 4867.69
303.6 4870.36
304.8 4874.51
306.0 4876.46
307.2 4876.89
308.4 4878.14
309.6 4883.96
310.8 4884.96
312.0 4886.11
313.2 4886.14
314.4 4882.64
315.6 4886.5
316.8 4889.08
318.0 4887.75
319.2 4888.38
320.4 4890.1
321.6 4893.24
322.8 4897.64
324.0 4897.45
325.2 4900.63
326.4 4902.67
327.6 4903.87
328.8 4906.77
330.0 4907.3
331.2 4912.27
332.4 4913.64
333.6 4910.84
334.8 4916.2
336.0 4920.83
337.2 4921.07
338.4 4925.01
339.6 4927.39
340.8 4932.22
342.0 4936.23
343.2 4937.15
344.4 4936.87
345.6 4938.18
346.8 4941.11
348.0 4943.6
349.2 4944.22
350.4 4945.2
351.6 4947.25
352.8 4949.67
354.0 4950.09
355.2 4952.35
356.4 4953.33
357.6 4958.25
358.8 4962.85
360.0 4963.87
361.2 4958.85
362.4 4958.7
363.6 4958.54
364.8 4958.73
366.0 4960.29
367.2 4961.36
368.4 4959.15
369.6 4960.68
370.8 4963.62
372.0 4964.25
373.2 4966.01
374.4 4965.79
375.6 4966.22
376.8 4964.23
378.0 4965.88
379.2 4967.72
380.4 4971.44
381.6 4972.11
382.8 4970.9
384.0 4972.63
385.2 4972.73
386.4 4974.46
387.6 4976.48
388.8 4980.58
390.0 4980.11
391.2 4982.51
392.4 4982.71
393.6 4985.28
394.8 4988.67
396.0 4988.75
397.2 4986.29
398.4 4986.37
399.6 4985.31
400.8 4983.41
402.0 4987.98
403.2 4988.26
404.4 4986.92
405.6 4988.4
406.8 4989.94
408.0 4989.95
409.2 4989.53
410.4 4990.63
411.6 4993.39
412.8 4995.63
414.0 4993.3
415.2 4994.18
416.4 4999.82
417.6 5002.38
418.8 4999.92
420.0 4998.11
421.2 4997.17
422.4 4997.99
423.6 5002.5
424.8 5001.59
426.0 5001.45
427.2 5000.82
428.4 4999.74
429.6 5001.81
430.8 5001.67
432.0 5002.05
433.2 5002.01
434.4 5002.97
435.6 5003.52
436.8 5000.99
438.0 5007.78
439.2 5008.28
440.4 5012.76
441.6 5010.83
442.8 5013.44
444.0 5014.42
445.2 5011.42
446.4 5009.12
447.6 5007.07
448.8 5008.99
450.0 5010.86
451.2 5010.03
452.4 5013.34
453.6 5011.61
454.8 5012.05
456.0 5014.12
457.2 5017.5
458.4 5017.7
459.6 5020.33
460.8 5017.31
462.0 5017.16
463.2 5014.58
464.4 5015.47
465.6 5023.32
466.8 5024.14
468.0 5024.82
469.2 5025.83
470.4 5023.33
471.6 5023.51
472.8 5027.14
474.0 5024.49
475.2 5021.63
476.4 5022.35
477.6 5021.49
478.8 5017.89
480.0 5016.44
481.2 5015.88
482.4 5012.56
483.6 5017.83
484.8 5019.64
486.0 5023.52
487.2 5023.59
488.4 5023.39
489.6 5026.35
490.8 5028.4
492.0 5024.48
493.2 5024.59
494.4 5026.16
495.6 5028.69
496.8 5031.53
498.0 5032.29
499.2 5031.71
500.4 5027.83
501.6 5026.7
502.8 5028.46
504.0 5025.06
505.2 5029.98
506.4 5032.02
507.6 5032.09
508.8 5029.68
510.0 5029.73
511.2 5033.21
512.4 5031.3
513.6 5033.24
514.8 5034.16
516.0 5031.98
517.2 5034.0
518.4 5029.97
519.6 5034.48
520.8 5036.23
522.0 5035.0
523.2 5037.15
524.4 5034.33
525.6 5032.53
526.8 5036.89
528.0 5036.68
529.2 5036.09
530.4 5035.05
531.6 5033.61
532.8 5033.73
534.0 5029.5
535.2 5030.31
536.4 5033.0
537.6 5033.25
538.8 5029.99
540.0 5034.02
541.2 5034.55
542.4 5033.16
543.6 5032.48
544.8 5035.33
546.0 5040.15
547.2 5035.51
548.4 5035.05
549.6 5039.9
550.8 5042.26
552.0 5039.9
553.2 5040.58
554.4 5042.07
555.6 5042.03
556.8 5040.11
558.0 5042.43
559.2 5041.14
560.4 5041.32
561.6 5041.4
562.8 5043.49
564.0 5040.7
565.2 5042.33
566.4 5047.05
567.6 5044.11
568.8 5043.48
570.0 5047.87
571.2 5046.78
572.4 5048.04
573.6 5049.2
574.8 5046.28
576.0 5041.7
577.2 5042.95
578.4 5045.6
579.6 5045.03
580.8 5043.11
582.0 5045.22
583.2 5045.78
584.4 5046.63
585.6 5047.16
586.8 5045.38
588.0 5046.99
589.2 5045.42
590.4 5049.5
591.6 5046.98
592.8 5043.31
594.0 5043.42
595.2 5041.33
596.4 5041.86
597.6 5041.91
598.8 5044.83
600.0 5044.55
601.2 5050.0
602.4 5046.59
603.6 5043.85
604.8 5041.37
606.0 5039.08
607.2 5039.26
608.4 5036.89
609.6 5037.84
610.8 5040.59
612.0 5037.44
613.2 5035.8
614.4 5032.29
615.6 5034.16
616.8 5032.52
618.0 5030.42
619.2 5034.29
620.4 5037.47
621.6 5039.24
622.8 5038.79
624.0 5039.16
625.2 5036.71
626.4 5039.25
627.6 5034.25
628.8 5038.33
630.0 5041.63
631.2 5043.12
632.4 5039.96
633.6 5042.31
634.8 5046.54
636.0 5050.83
637.2 5051.18
638.4 5051.5
639.6 5049.23
640.8 5046.56
642.0 5049.13
643.2 5044.13
644.4 5042.92
645.6 5043.92
646.8 5044.35
648.0 5042.11
649.2 5037.57
650.4 5036.53
651.6 5039.5
652.8 5041.89
654.0 5043.72
655.2 5040.46
656.4 5042.09
657.6 5042.91
658.8 5038.33
660.0 5036.07
661.2 5035.31
662.4 5036.29
663.6 5035.15
664.8 5034.95
666.0 5031.02
667.2 5029.68
668.4 5031.71
669.6 5029.94
670.8 5037.15
672.0 5040.67
673.2 5042.21
674.4 5038.42
675.6 5044.03
676.8 5042.95
678.0 5044.19
679.2 5050.5
680.4 5049.2
681.6 5043.96
682.8 5044.48
684.0 5046.1
685.2 5043.48
686.4 5045.78
687.6 5044.3
688.8 5043.19
690.0 5045.46
691.2 5049.18
692.4 5051.18
693.6 5050.52
694.8 5047.39
696.0 5048.75
697.2 5046.4
698.4 5052.37
699.6 5053.92
700.8 5051.46
702.0 5051.87
703.2 5052.53
704.4 5056.61
705.6 5057.17
706.8 5056.69
708.0 5054.97
709.2 5050.79
710.4 5051.67
711.6 5045.44
712.8 5045.77
714.0 5047.2
715.2 5048.63
716.4 5051.6
717.6 5049.53
718.8 5048.68
720.0 5049.97
721.2 5050.46
722.4 5047.94
723.6 5049.11
724.8 5046.1
726.0 5047.43
727.2 5044.16
728.4 5045.88
729.6 5044.05
730.8 5043.51
732.0 5044.19
733.2 5051.1
734.4 5051.4
735.6 5051.11
736.8 5050.98
738.0 5047.95
739.2 5049.16
740.4 5047.75
741.6 5048.01
742.8 5045.0
744.0 5045.79
745.2 5043.04
746.4 5041.4
747.6 5044.34
748.8 5046.6
750.0 5047.05
751.2 5043.09
752.4 5042.38
753.6 5042.1
754.8 5045.0
756.0 5045.53
757.2 5044.71
758.4 5041.74
759.6 5048.55
760.8 5048.09
762.0 5049.41
763.2 5048.07
764.4 5052.5
765.6 5051.89
766.8 5049.03
768.0 5048.42
769.2 5046.49
770.4 5047.16
771.6 5043.81
772.8 5043.44
774.0 5042.07
775.2 5044.07
776.4 5042.17
777.6 5044.11
778.8 5045.9
780.0 5051.16
781.2 5051.0
782.4 5053.18
783.6 5052.76
784.8 5054.58
786.0 5053.49
787.2 5048.62
788.4 5048.67
789.6 5049.81
790.8 5051.64
792.0 5048.71
793.2 5044.96
794.4 5049.16
795.6 5049.97
796.8 5053.87
798.0 5053.19
799.2 5052.98
800.4 5053.33
801.6 5053.28
802.8 5055.21
804.0 5055.51
805.2 5052.97
806.4 5051.78
807.6 5050.18
808.8 5048.54
810.0 5051.27
811.2 5049.49
812.4 5047.82
813.6 5050.09
814.8 5049.22
816.0 5044.8
817.2 5045.06
818.4 5046.71
819.6 5047.88
820.8 5049.15
822.0 5047.93
823.2 5049.93
824.4 5052.04
825.6 5050.66
826.8 5051.7
828.0 5051.73
829.2 5052.67
830.4 5054.45
831.6 5052.18
832.8 5049.85
834.0 5050.47
835.2 5048.43
836.4 5046.03
837.6 5044.99
838.8 5046.02
840.0 5046.67
841.2 5047.01
842.4 5051.33
843.6 5052.62
844.8 5051.3
846.0 5049.04
847.2 5049.82
848.4 5048.54
849.6 5051.36
850.8 5052.88
852.0 5051.23
853.2 5052.51
854.4 5053.49
855.6 5053.35
856.8 5053.73
858.0 5051.67
859.2 5049.72
860.4 5045.4
861.6 5046.15
862.8 5046.35
864.0 5051.27
865.2 5054.91
866.4 5054.3
867.6 5056.81
868.8 5056.69
870.0 5058.16
871.2 5055.81
872.4 5056.41
873.6 5053.71
874.8 5052.07
876.0 5052.88
877.2 5051.08
878.4 5049.21
879.6 5048.62
880.8 5049.23
882.0 5050.54
883.2 5045.81
884.4 5047.78
885.6 5048.75
886.8 5050.29
888.0 5048.71
889.2 5051.81
890.4 5053.68
891.6 5055.13
892.8 5054.56
894.0 5054.64
895.2 5055.06
896.4 5052.19
897.6 5052.53
898.8 5051.89
900.0 5053.57
901.2 5054.52
902.4 5052.25
903.6 5051.16
904.8 5048.63
906.0 5052.47
907.2 5054.55
908.4 5053.05
909.6 5054.22
910.8 5053.51
912.0 5055.5
913.2 5057.22
914.4 5056.63
915.6 5052.75
916.8 5048.43
918.0 5051.18
919.2 5049.93
920.4 5048.49
921.6 5045.97
922.8 5046.31
924.0 5046.6
925.2 5047.57
926.4 5046.35
927.6 5044.83
928.8 5047.66
930.0 5046.49
931.2 5046.49
932.4 5049.32
933.6 5043.29
934.8 5043.33
936.0 5042.8
937.2 5042.14
938.4 5045.97
939.6 5047.37
940.8 5044.92
942.0 5043.79
943.2 5048.55
944.4 5050.06
945.6 5050.75
946.8 5051.31
948.0 5051.02
949.2 5050.11
950.4 5049.49
951.6 5050.67
952.8 5048.24
954.0 5047.23
955.2 5048.54
956.4 5043.89
957.6 5044.44
958.8 5048.49
960.0 5050.39
961.2 5050.73
962.4 5048.19
963.6 5045.77
964.8 5049.86
966.0 5047.82
967.2 5047.94
968.4 5047.45
969.6 5046.71
970.8 5046.98
972.0 5044.73
973.2 5041.96
974.4 5042.06
975.6 5041.17
976.8 5042.44
978.0 5043.48
979.2 5044.97
980.4 5045.98
981.6 5045.76
982.8 5042.45
984.0 5047.9
985.2 5044.15
986.4 5043.95
987.6 5047.27
988.8 5045.87
990.0 5045.88
991.2 5044.72
992.4 5042.16
993.6 5043.07
994.8 5047.04
996.0 5047.51
997.2 5047.24
998.4 5046.62
999.6 5048.74
1000.8 5049.64
1002.0 5046.95
1003.2 5046.54
1004.4 5045.92
1005.6 5046.85
1006.8 5050.91
1008.0 5049.94
1009.2 5056.42
1010.4 5058.06
1011.6 5059.06
1012.8 5060.91
1014.0 5059.77
1015.2 5059.94
1016.4 5060.39
1017.6 5055.1
1018.8 5054.68
1020.0 5052.97
1021.2 5053.84
1022.4 5049.64
1023.6 5049.65
1024.8 5050.27
1026.0 5049.7
1027.2 5049.25
1028.4 5050.34
1029.6 5050.42
1030.8 5049.76
1032.0 5050.28
1033.2 5052.44
1034.4 5048.74
1035.6 5052.22
1036.8 5050.03
1038.0 5048.59
1039.2 5048.59
1040.4 5044.67
1041.6 5048.85
1042.8 5048.08
1044.0 5047.69
1045.2 5046.35
1046.4 5048.4
1047.6 5052.73
1048.8 5048.81
1050.0 5046.99
1051.2 5044.48
1052.4 5044.69
1053.6 5042.76
1054.8 5043.21
1056.0 5042.77
1057.2 5044.51
1058.4 5047.09
1059.6 5048.49
1060.8 5049.87
1062.0 5045.89
1063.2 5046.08
1064.4 5048.98
1065.6 5050.37
1066.8 5049.41
1068.0 5052.48
1069.2 5054.25
1070.4 5052.51
1071.6 5049.92
1072.8 5048.59
1074.0 5047.75
1075.2 5046.32
1076.4 5044.6
1077.6 5041.35
1078.8 5045.04
1080.0 5050.85
1081.2 5051.7
1082.4 5055.79
1083.6 5054.73
1084.8 5055.08
1086.0 5055.27
1087.2 5055.52
1088.4 5057.44
1089.6 5056.74
1090.8 5056.95
1092.0 5057.16
1093.2 5055.68
1094.4 5055.65
1095.6 5055.16
1096.8 5056.1
1098.0 5055.87
1099.2 5050.06
1100.4 5047.22
1101.6 5047.48
1102.8 5046.78
1104.0 5047.26
1105.2 5050.49
1106.4 5045.75
1107.6 5048.92
1108.8 5044.37
1110.0 5041.48
1111.2 5044.09
1112.4 5044.25
1113.6 5042.26
1114.8 5043.17
1116.0 5040.76
1117.2 5042.29
1118.4 5045.07
1119.6 5044.37
1120.8 5042.37
1122.0 5045.68
1123.2 5043.81
1124.4 5042.06
1125.6 5046.3
1126.8 5048.12
1128.0 5046.72
1129.2 5046.67
1130.4 5046.44
1131.6 5048.05
1132.8 5050.23
1134.0 5048.24
1135.2 5049.11
1136.4 5048.61
1137.6 5050.08
1138.8 5049.04
1140.0 5052.91
1141.2 5051.11
1142.4 5047.25
1143.6 5045.99
1144.8 5049.77
1146.0 5047.54
1147.2 5049.04
1148.4 5049.67
1149.6 5045.58
1150.8 5049.93
1152.0 5046.1
1153.2 5049.27
1154.4 5048.3
1155.6 5048.27
1156.8 5047.38
1158.0 5047.71
1159.2 5047.26
1160.4 5049.18
1161.6 5050.08
1162.8 5048.13
1164.0 5051.36
1165.2 5049.92
1166.4 5046.83
1167.6 5046.52
1168.8 5047.14
1170.0 5047.5
1171.2 5052.0
1172.4 5054.94
1173.6 5052.02
1174.8 5049.82
1176.0 5050.92
1177.2 5047.88
1178.4 5049.8
1179.6 5049.82
1180.8 5049.55
1182.0 5049.74
1183.2 5049.06
1184.4 5050.11
1185.6 5051.95
1186.8 5050.71
1188.0 5049.03
1189.2 5056.2
1190.4 5052.79
1191.6 5046.19
1192.8 5044.15
1194.0 5044.29
1195.2 5045.13
1196.4 5045.4
1197.6 5046.55
1198.8 5051.58
1200.0 5052.63
1201.2 5051.6
1202.4 5053.51
1203.6 5052.07
1204.8 5051.95
1206.0 5054.35
1207.2 5048.57
1208.4 5046.82
1209.6 5048.3
1210.8 5047.88
1212.0 5047.91
1213.2 5048.61
1214.4 5050.25
1215.6 5051.69
1216.8 5049.47
1218.0 5047.98
1219.2 5049.99
1220.4 5055.06
1221.6 5050.94
1222.8 5048.94
1224.0 5048.03
1225.2 5049.67
1226.4 5047.76
1227.6 5048.6
1228.8 5046.21
1230.0 5049.38
1231.2 5052.76
1232.4 5051.89
1233.6 5053.98
1234.8 5057.34
1236.0 5053.9
1237.2 5053.28
1238.4 5050.3
1239.6 5049.09
1240.8 5044.62
1242.0 5047.15
1243.2 5045.57
1244.4 5046.12
1245.6 5046.06
1246.8 5046.48
1248.0 5048.45
1249.2 5047.92
1250.4 5046.38
1251.6 5046.75
1252.8 5049.16
1254.0 5050.2
1255.2 5047.05
1256.4 5045.73
1257.6 5046.06
1258.8 5042.54
1260.0 5043.38
1261.2 5042.24
1262.4 5045.39
1263.6 5045.83
1264.8 5047.65
1266.0 5048.85
1267.2 5049.94
1268.4 5049.33
1269.6 5053.93
1270.8 5054.96
1272.0 5056.86
1273.2 5054.11
1274.4 5055.32
1275.6 5052.45
1276.8 5052.49
1278.0 5049.37
1279.2 5046.37
1280.4 5045.6
1281.6 5044.58
1282.8 5045.33
1284.0 5045.34
1285.2 5045.32
1286.4 5045.29
1287.6 5045.58
1288.8 5045.26
1290.0 5048.39
1291.2 5047.32
1292.4 5048.86
1293.6 5049.38
1294.8 5047.43
1296.0 5048.64
1297.2 5049.56
1298.4 5048.77
1299.6 5050.06
1300.8 5048.16
1302.0 5044.49
1303.2 5043.06
1304.4 5047.59
1305.6 5049.43
1306.8 5049.61
1308.0 5052.04
1309.2 5048.89
1310.4 5049.14
1311.6 5046.82
1312.8 5047.64
1314.0 5050.27
1315.2 5050.51
1316.4 5049.89
1317.6 5047.74
1318.8 5047.65
1320.0 5048.54
1321.2 5046.41
1322.4 5044.06
1323.6 5042.59
1324.8 5041.23
1326.0 5045.61
1327.2 5047.64
1328.4 5048.55
1329.6 5047.54
1330.8 5048.54
1332.0 5048.59
1333.2 5049.95
1334.4 5052.32
1335.6 5052.68
1336.8 5048.79
1338.0 5046.04
1339.2 5047.14
1340.4 5048.44
1341.6 5047.07
1342.8 5047.38
1344.0 5040.46
1345.2 5043.08
1346.4 5042.79
1347.6 5046.75
1348.8 5046.19
1350.0 5052.62
1351.2 5053.51
1352.4 5052.5
1353.6 5053.57
1354.8 5048.41
1356.0 5046.39
1357.2 5049.45
1358.4 5045.6
1359.6 5050.15
1360.8 5046.8
1362.0 5046.56
1363.2 5041.12
1364.4 5043.56
1365.6 5042.98
1366.8 5045.81
1368.0 5049.56
1369.2 5048.49
1370.4 5048.97
1371.6 5051.69
1372.8 5049.61
1374.0 5047.77
1375.2 5047.27
1376.4 5046.17
1377.6 5050.39
1378.8 5048.24
1380.0 5045.18
1381.2 5047.88
1382.4 5045.01
1383.6 5048.53
1384.8 5049.49
1386.0 5046.87
1387.2 5044.46
1388.4 5045.24
1389.6 5046.96
1390.8 5043.78
1392.0 5041.04
1393.2 5042.95
1394.4 5044.94
1395.6 5046.54
1396.8 5046.34
1398.0 5049.89
1399.2 5051.29
1400.4 5052.6
1401.6 5053.51
1402.8 5053.63
1404.0 5052.25
1405.2 5048.57
1406.4 5050.02
1407.6 5046.35
1408.8 5042.88
1410.0 5041.26
1411.2 5043.36
1412.4 5043.81
1413.6 5044.21
1414.8 5043.32
1416.0 5044.27
1417.2 5047.59
1418.4 5047.65
1419.6 5048.06
1420.8 5049.31
1422.0 5050.95
1423.2 5051.8
1424.4 5052.72
1425.6 5051.57
1426.8 5052.8
1428.0 5050.61
1429.2 5049.53
1430.4 5050.33
1431.6 5047.08
1432.8 5049.59
1434.0 5053.02
1435.2 5051.41
1436.4 5049.42
1437.6 5051.24
1438.8 5048.4
1440.0 5052.72
1441.2 5052.67
1442.4 5052.66
1443.6 5055.86
1444.8 5056.4
1446.0 5052.48
1447.2 5054.95
1448.4 5057.97
1449.6 5057.86
1450.8 5055.91
1452.0 5051.29
1453.2 5045.62
1454.4 5044.33
1455.6 5043.99
1456.8 5042.89
1458.0 5048.26
1459.2 5050.51
1460.4 5050.56
1461.6 5051.58
1462.8 5049.52
1464.0 5044.42
1465.2 5048.4
1466.4 5048.39
1467.6 5046.95
1468.8 5047.18
1470.0 5044.24
1471.2 5042.99
1472.4 5044.26
1473.6 5045.82
1474.8 5049.01
1476.0 5049.04
1477.2 5045.48
1478.4 5044.68
1479.6 5048.44
1480.8 5046.8
1482.0 5041.71
1483.2 5041.09
1484.4 5039.1
1485.6 5038.84
1486.8 5042.36
1488.0 5043.8
1489.2 5047.16
1490.4 5048.17
1491.6 5049.62
1492.8 5049.84
1494.0 5052.12
1495.2 5048.4
1496.4 5050.93
1497.6 5052.71
1498.8 5055.06
1500.0 5052.09
1501.2 5052.55
1502.4 5050.05
1503.6 5051.88
1504.8 5051.1
1506.0 5052.06
1507.2 5049.17
1508.4 5046.24
1509.6 5049.06
1510.8 5047.74
1512.0 5049.76
1513.2 5049.72
1514.4 5050.01
1515.6 5050.77
1516.8 5052.52
1518.0 5051.16
1519.2 5048.84
1520.4 5050.69
1521.6 5047.58
1522.8 5047.98
1524.0 5048.74
1525.2 5044.7
1526.4 5044.17
1527.6 5044.46
1528.8 5046.99
1530.0 5047.82
1531.2 5049.82
1532.4 5049.4
1533.6 5049.05
1534.8 5051.73
1536.0 5055.3
1537.2 5055.33
1538.4 5055.77
1539.6 5055.65
1540.8 5055.64
1542.0 5052.95
1543.2 5047.94
1544.4 5048.46
1545.6 5046.49
1546.8 5042.44
1548.0 5043.18
1549.2 5043.41
1550.4 5043.14
1551.6 5044.83
1552.8 5046.79
1554.0 5044.9
1555.2 5045.3
1556.4 5043.3
1557.6 5042.1
1558.8 5040.15
1560.0 5043.32
1561.2 5039.8
1562.4 5042.72
1563.6 5043.52
1564.8 5043.83
1566.0 5045.77
1567.2 5049.37
1568.4 5044.17
1569.6 5043.87
1570.8 5042.8
1572.0 5043.25
1573.2 5041.58
1574.4 5043.1
1575.6 5043.49
1576.8 5041.04
1578.0 5040.89
1579.2 5039.11
1580.4 5042.13
1581.6 5044.79
1582.8 5044.6
1584.0 5043.9
1585.2 5048.39
1586.4 5049.48
1587.6 5051.51
1588.8 5053.28
1590.0 5051.35
1591.2 5049.29
1592.4 5046.43
1593.6 5045.55
1594.8 5046.65
1596.0 5051.3
1597.2 5045.59
1598.4 5048.23
1599.6 5046.88
1600.8 5047.82
1602.0 5044.11
1603.2 5044.3
1604.4 5042.15
1605.6 5042.85
1606.8 5043.54
1608.0 5045.14
1609.2 5047.25
1610.4 5042.96
1611.6 5046.23
1612.8 5042.72
1614.0 5043.5
1615.2 5048.84
1616.4 5053.57
1617.6 5054.44
1618.8 5054.74
1620.0 5058.32
1621.2 5058.59
1622.4 5056.51
1623.6 5053.59
1624.8 5053.19
1626.0 5055.25
1627.2 5054.73
1628.4 5051.08
1629.6 5051.83
1630.8 5052.49
1632.0 5054.86
1633.2 5056.35
1634.4 5055.92
1635.6 5056.5
1636.8 5054.52
1638.0 5048.68
1639.2 5048.2
1640.4 5048.27
1641.6 5048.35
1642.8 5048.19
1644.0 5047.64
1645.2 5050.66
1646.4 5048.33
1647.6 5043.33
1648.8 5045.32
1650.0 5044.36
1651.2 5045.05
1652.4 5047.24
1653.6 5049.96
1654.8 5053.53
1656.0 5051.01
1657.2 5045.43
1658.4 5046.72
1659.6 5046.06
1660.8 5045.79
1662.0 5043.72
1663.2 5044.98
1664.4 5046.13
1665.6 5053.3
1666.8 5051.68
1668.0 5051.96
1669.2 5053.02
1670.4 5051.71
1671.6 5050.79
1672.8 5051.45
1674.0 5052.27
1675.2 5052.55
1676.4 5049.78
1677.6 5047.96
1678.8 5049.07
1680.0 5048.98
1681.2 5047.02
1682.4 5046.1
1683.6 5044.74
1684.8 5044.89
1686.0 5043.28
1687.2 5040.49
1688.4 5043.29
1689.6 5046.56
1690.8 5048.19
1692.0 5052.1
1693.2 5053.19
1694.4 5054.23
1695.6 5053.71
1696.8 5054.26
1698.0 5052.35
1699.2 5053.65
1700.4 5053.01
1701.6 5053.05
1702.8 5048.32
1704.0 5046.68
1705.2 5048.52
1706.4 5049.27
1707.6 5050.13
1708.8 5049.14
1710.0 5049.7
1711.2 5051.17
1712.4 5048.74
1713.6 5051.02
1714.8 5050.45
1716.0 5051.16
1717.2 5050.06
1718.4 5049.36
1719.6 5047.87
1720.8 5048.58
1722.0 5048.58
1723.2 5045.88
1724.4 5045.39
1725.6 5046.33
1726.8 5045.93
1728.0 5045.48
1729.2 5045.31
1730.4 5045.32
1731.6 5047.51
1732.8 5048.75
1734.0 5051.35
1735.2 5049.26
1736.4 5051.08
1737.6 5050.36
1738.8 5049.41
1740.0 5054.17
1741.2 5054.1
1742.4 5050.68
1743.6 5052.7
1744.8 5052.13
1746.0 5050.6
1747.2 5047.02
1748.4 5046.76
1749.6 5045.5
1750.8 5045.16
1752.0 5047.39
1753.2 5046.39
1754.4 5047.07
1755.6 5044.23
1756.8 5045.2
1758.0 5045.16
1759.2 5047.52
1760.4 5049.25
1761.6 5050.21
1762.8 5051.04
1764.0 5052.73
1765.2 5050.24
1766.4 5052.17
1767.6 5049.89
1768.8 5049.59
1770.0 5053.74
1771.2 5053.28
1772.4 5053.66
1773.6 5056.91
1774.8 5057.02
1776.0 5054.9
1777.2 5054.08
1778.4 5055.42
1779.6 5051.04
1780.8 5048.47
1782.0 5047.29
1783.2 5047.73
1784.4 5048.84
1785.6 5051.3
1786.8 5051.73
1788.0 5052.03
1789.2 5055.62
1790.4 5054.38
1791.6 5055.26
1792.8 5055.74
1794.0 5056.68
1795.2 5057.29
1796.4 5056.94
1797.6 5057.02
1798.8 5059.0
1800.0 5061.11
1801.2 5058.04
1802.4 5056.57
1803.6 5054.34
1804.8 5054.64
1806.0 5056.81
1807.2 5054.16
1808.4 5053.0
1809.6 5052.02
1810.8 5050.14
1812.0 5051.24
1813.2 5051.55
1814.4 5055.43
1815.6 5053.8
1816.8 5052.6
1818.0 5053.41
1819.2 5051.72
1820.4 5051.18
1821.6 5050.86
1822.8 5049.18
1824.0 5049.79
1825.2 5049.53
1826.4 5048.51
1827.6 5047.45
1828.8 5045.51
1830.0 5043.11
1831.2 5039.11
1832.4 5042.25
1833.6 5046.72
1834.8 5045.24
1836.0 5048.98
1837.2 5047.74
1838.4 5045.24
1839.6 5043.58
1840.8 5041.84
1842.0 5042.39
1843.2 5042.36
1844.4 5042.17
1845.6 5045.51
1846.8 5048.74
1848.0 5050.9
1849.2 5052.03
1850.4 5054.04
1851.6 5053.98
1852.8 5050.27
1854.0 5049.24
1855.2 5046.69
1856.4 5048.03
1857.6 5048.25
1858.8 5046.05
1860.0 5050.91
1861.2 5048.99
1862.4 5048.27
1863.6 5050.1
1864.8 5047.26
1866.0 5050.17
1867.2 5047.32
1868.4 5046.06
1869.6 5046.29
1870.8 5047.34
1872.0 5048.29
1873.2 5050.04
1874.4 5044.94
1875.6 5038.98
1876.8 5038.86
1878.0 5041.29
1879.2 5043.45
1880.4 5039.71
1881.6 5042.64
1882.8 5043.18
1884.0 5042.65
1885.2 5042.73
1886.4 5043.62
1887.6 5043.42
1888.8 5042.4
1890.0 5039.64
1891.2 5040.8
1892.4 5043.04
1893.6 5045.43
1894.8 5044.86
1896.0 5043.92
1897.2 5044.46
1898.4 5047.94
1899.6 5047.05
1900.8 5049.31
1902.0 5046.52
1903.2 5046.53
1904.4 5049.27
1905.6 5047.17
1906.8 5044.83
1908.0 5048.71
1909.2 5050.66
1910.4 5051.83
1911.6 5054.5
1912.8 5056.41
1914.0 5055.37
1915.2 5051.83
1916.4 5051.7
1917.6 5045.96
1918.8 5048.51
1920.0 5045.29
1921.2 5044.31
1922.4 5044.41
1923.6 5045.1
1924.8 5043.66
1926.0 5045.52
1927.2 5048.48
1928.4 5050.5
1929.6 5050.99
1930.8 5051.98
1932.0 5050.65
1933.2 5051.86
1934.4 5051.09
1935.6 5050.61
1936.8 5053.32
1938.0 5052.02
1939.2 5054.44
1940.4 5050.49
1941.6 5048.15
1942.8 5049.41
1944.0 5051.76
1945.2 5053.6
1946.4 5051.55
1947.6 5051.14
1948.8 5051.25
1950.0 5052.79
1951.2 5052.98
1952.4 5051.67
1953.6 5051.44
1954.8 5051.74
1956.0 5056.71
1957.2 5050.81
1958.4 5051.48
1959.6 5049.28
1960.8 5048.29
1962.0 5045.89
1963.2 5043.77
1964.4 5049.34
1965.6 5044.94
1966.8 5047.64
1968.0 5047.35
1969.2 5047.67
1970.4 5050.16
1971.6 5049.36
1972.8 5049.51
1974.0 5052.46
1975.2 5051.49
1976.4 5051.21
1977.6 5049.72
1978.8 5053.18
1980.0 5057.03
1981.2 5052.94
1982.4 5048.87
1983.6 5052.57
1984.8 5048.59
1986.0 5047.23
1987.2 5047.18
1988.4 5045.43
1989.6 5049.49
1990.8 5046.45
1992.0 5053.85
1993.2 5053.55
1994.4 5048.07
1995.6 5045.44
1996.8 5041.85
1998.0 5040.97
1999.2 5044.22
2000.4 5046.2
2001.6 5049.9
2002.8 5046.15
2004.0 5046.36
2005.2 5048.71
2006.4 5044.97
2007.6 5046.8
2008.8 5045.3
2010.0 5045.0
2011.2 5046.17
2012.4 5046.85
2013.6 5048.41
2014.8 5048.57
2016.0 5050.87
2017.2 5050.88
2018.4 5050.89
2019.6 5052.17
2020.8 5052.88
2022.0 5051.88
2023.2 5051.7
2024.4 5053.08
2025.6 5054.08
2026.8 5055.11
2028.0 5054.46
2029.2 5053.01
2030.4 5052.01
2031.6 5050.69
2032.8 5052.37
2034.0 5054.65
2035.2 5055.69
2036.4 5053.72
2037.6 5048.53
2038.8 5046.4
2040.0 5046.36
2041.2 5045.45
2042.4 5046.63
2043.6 5048.51
2044.8 5050.34
2046.0 5051.27
2047.2 5047.31
2048.4 5049.41
2049.6 5052.74
2050.8 5049.56
2052.0 5049.35
2053.2 5050.62
2054.4 5046.33
2055.6 5048.41
2056.8 5048.27
2058.0 5048.32
2059.2 5048.51
2060.4 5050.36
2061.6 5050.7
2062.8 5054.05
2064.0 5051.6
2065.2 5052.47
2066.4 5047.72
2067.6 5048.42
2068.8 5047.2
2070.0 5045.63
2071.2 5045.0
2072.4 5045.75
2073.6 5047.7
2074.8 5047.77
2076.0 5046.73
2077.2 5046.87
2078.4 5045.46
2079.6 5044.93
2080.8 5047.87
2082.0 5047.81
2083.2 5048.07
2084.4 5045.44
2085.6 5048.78
2086.8 5047.0
2088.0 5047.02
2089.2 5045.09
2090.4 5047.06
2091.6 5043.07
2092.8 5044.8
2094.0 5044.5
2095.2 5045.19
2096.4 5046.72
2097.6 5048.57
2098.8 5045.75
2100.0 5045.98
2101.2 5044.1
2102.4 5041.91
2103.6 5041.81
2104.8 5044.76
2106.0 5044.74
2107.2 5048.49
2108.4 5048.2
2109.6 5047.68
2110.8 5048.97
2112.0 5044.76
2113.2 5043.64
2114.4 5046.97
2115.6 5045.92
2116.8 5046.02
2118.0 5047.22
2119.2 5046.66
2120.4 5048.2
2121.6 5049.29
2122.8 5051.63
2124.0 5047.9
2125.2 5045.56
2126.4 5047.55
2127.6 5047.86
2128.8 5047.22
2130.0 5045.46
2131.2 5045.47
2132.4 5046.93
2133.6 5048.31
2134.8 5048.74
2136.0 5049.42
2137.2 5047.87
2138.4 5052.19
2139.6 5050.67
2140.8 5048.23
2142.0 5050.99
2143.2 5052.18
2144.4 5052.03
2145.6 5052.71
2146.8 5051.95
2148.0 5051.32
2149.2 5046.37
2150.4 5045.47
2151.6 5050.88
2152.8 5052.73
2154.0 5050.56
2155.2 5049.84
2156.4 5055.08
2157.6 5054.32
2158.8 5052.46
2160.0 5051.19
2161.2 5047.36
2162.4 5048.05
2163.6 5044.14
2164.8 5047.67
2166.0 5044.74
2167.2 5047.49
2168.4 5044.3
2169.6 5050.56
2170.8 5050.38
2172.0 5049.65
2173.2 5051.46
2174.4 5050.49
2175.6 5052.43
2176.8 5053.55
2178.0 5052.24
2179.2 5051.17
2180.4 5048.96
2181.6 5047.59
2182.8 5048.7
2184.0 5044.07
2185.2 5047.57
2186.4 5050.71
2187.6 5054.89
2188.8 5052.51
2190.0 5052.75
2191.2 5051.09
2192.4 5052.25
2193.6 5046.98
2194.8 5048.57
2196.0 5047.33
2197.2 5048.52
2198.4 5049.91
2199.6 5050.24
2200.8 5049.63
2202.0 5046.57
2203.2 5043.03
2204.4 5041.32
2205.6 5046.25
2206.8 5043.34
2208.0 5041.28
2209.2 5045.83
2210.4 5043.4
2211.6 5045.81
2212.8 5046.23
2214.0 5046.41
2215.2 5046.61
2216.4 5046.52
2217.6 5049.01
2218.8 5049.66
2220.0 5051.09
2221.2 5048.42
2222.4 5049.32
2223.6 5046.71
2224.8 5048.19
2226.0 5046.45
2227.2 5043.37
2228.4 5045.44
2229.6 5043.23
2230.8 5045.59
2232.0 5049.7
2233.2 5048.18
2234.4 5047.3
2235.6 5048.13
2236.8 5045.13
2238.0 5048.36
2239.2 5048.6
2240.4 5046.04
2241.6 5043.47
2242.8 5047.17
2244.0 5051.13
2245.2 5050.7
2246.4 5052.52
2247.6 5051.4
2248.8 5050.49
2250.0 5051.98
2251.2 5051.21
2252.4 5053.83
2253.6 5051.54
2254.8 5049.49
2256.0 5046.18
2257.2 5045.07
2258.4 5046.37
2259.6 5047.3
2260.8 5050.68
2262.0 5047.81
2263.2 5046.72
2264.4 5047.4
2265.6 5044.24
2266.8 5042.46
2268.0 5043.53
2269.2 5046.9
2270.4 5044.36
2271.6 5051.61
2272.8 5048.58
2274.0 5049.99
2275.2 5049.95
2276.4 5050.2
2277.6 5049.15
2278.8 5051.81
2280.0 5052.59
2281.2 5050.88
2282.4 5052.72
2283.6 5050.71
2284.8 5054.41
2286.0 5056.24
2287.2 5054.61
2288.4 5054.77
2289.6 5052.15
2290.8 5055.89
2292.0 5053.95
2293.2 5054.56
2294.4 5055.52
2295.6 5057.29
2296.8 5057.14
2298.0 5056.16
2299.2 5053.05
2300.4 5052.01
2301.6 5052.26
2302.8 5054.9
2304.0 5055.37
2305.2 5054.53
2306.4 5053.21
2307.6 5053.2
2308.8 5054.53
2310.0 5055.15
2311.2 5055.08
2312.4 5050.2
2313.6 5051.17
2314.8 5048.56
2316.0 5050.81
2317.2 5049.34
2318.4 5050.87
2319.6 5050.19
2320.8 5047.09
2322.0 5044.92
2323.2 5046.0
2324.4 5048.53
2325.6 5047.91
2326.8 5047.68
2328.0 5042.38
2329.2 5045.49
2330.4 5048.78
2331.6 5049.29
2332.8 5051.1
2334.0 5049.09
2335.2 5047.77
2336.4 5044.91
2337.6 5044.42
2338.8 5042.05
2340.0 5045.88
2341.2 5043.86
2342.4 5044.04
2343.6 5045.12
2344.8 5044.73
2346.0 5045.75
2347.2 5047.43
2348.4 5048.56
2349.6 5047.91
2350.8 5046.24
2352.0 5045.67
2353.2 5047.94
2354.4 5045.79
2355.6 5044.88
2356.8 5045.98
2358.0 5044.64
2359.2 5045.05
2360.4 5046.05
2361.6 5044.34
2362.8 5052.6
2364.0 5054.26
2365.2 5052.3
2366.4 5049.16
2367.6 5048.61
2368.8 5047.28
2370.0 5045.24
2371.2 5046.78
2372.4 5043.31
2373.6 5042.57
2374.8 5042.14
2376.0 5041.63
2377.2 5043.31
2378.4 5044.52
2379.6 5045.83
2380.8 5043.92
2382.0 5043.44
2383.2 5043.69
2384.4 5048.52
2385.6 5045.6
2386.8 5045.67
2388.0 5046.25
2389.2 5046.54
2390.4 5045.91
2391.6 5045.56
2392.8 5048.2
2394.0 5044.86
2395.2 5042.76
2396.4 5043.72
2397.6 5046.81
2398.8 5042.97
2400.0 5040.89
2401.2 5046.06
2402.4 5047.28
2403.6 5044.51
2404.8 5043.82
2406.0 5043.93
2407.2 5043.5
2408.4 5047.4
2409.6 5048.72
2410.8 5048.98
2412.0 5046.26
2413.2 5042.05
2414.4 5038.97
2415.6 5040.43
2416.8 5040.71
2418.0 5041.03
2419.2 5036.08
2420.4 5035.66
2421.6 5038.93
2422.8 5042.88
2424.0 5044.46
2425.2 5047.64
2426.4 5045.65
2427.6 5045.73
2428.8 5047.59
2430.0 5047.46
2431.2 5048.57
2432.4 5045.84
2433.6 5049.41
2434.8 5050.82
2436.0 5053.9
2437.2 5058.0
2438.4 5059.87
2439.6 5060.89
2440.8 5057.26
2442.0 5057.38
2443.2 5056.23
2444.4 5057.92
2445.6 5057.26
2446.8 5061.54
2448.0 5056.65
2449.2 5057.17
2450.4 5056.33
2451.6 5052.42
2452.8 5052.77
2454.0 5047.38
2455.2 5048.88
2456.4 5048.32
2457.6 5048.5
2458.8 5048.32
2460.0 5045.54
2461.2 5047.46
2462.4 5049.94
2463.6 5048.62
2464.8 5050.09
2466.0 5051.01
2467.2 5050.82
2468.4 5051.33
2469.6 5051.5
2470.8 5050.49
2472.0 5052.39
2473.2 5054.38
2474.4 5053.88
2475.6 5055.29
2476.8 5053.19
2478.0 5054.66
2479.2 5055.22
2480.4 5057.48
2481.6 5052.46
2482.8 5055.38
2484.0 5054.31
2485.2 5054.33
2486.4 5057.44
2487.6 5053.01
2488.8 5048.0
2490.0 5046.7
2491.2 5042.85
2492.4 5041.93
2493.6 5043.35
2494.8 5042.12
2496.0 5043.19
2497.2 5047.71
2498.4 5048.67
2499.6 5048.38
2500.8 5049.56
2502.0 5049.62
2503.2 5045.74
2504.4 5047.1
2505.6 5049.63
2506.8 5053.94
2508.0 5051.7
2509.2 5047.93
2510.4 5045.45
2511.6 5046.72
2512.8 5044.71
2514.0 5045.1
2515.2 5043.74
2516.4 5048.53
2517.6 5045.71
2518.8 5046.38
2520.0 5045.86
2521.2 5046.47
2522.4 5042.03
2523.6 5040.89
2524.8 5045.06
2526.0 5042.49
2527.2 5043.22
2528.4 5044.84
2529.6 5043.74
2530.8 5043.16
2532.0 5048.52
2533.2 5049.43
2534.4 5045.3
2535.6 5045.62
2536.8 5047.41
2538.0 5048.8
2539.2 5048.75
2540.4 5048.76
2541.6 5053.04
2542.8 5053.78
2544.0 5055.69
2545.2 5053.91
2546.4 5054.03
2547.6 5057.95
2548.8 5055.18
2550.0 5054.12
2551.2 5055.99
2552.4 5051.67
2553.6 5054.95
2554.8 5050.91
2556.0 5051.72
2557.2 5050.18
2558.4 5049.76
2559.6 5050.11
2560.8 5048.09
2562.0 5051.07
2563.2 5056.06
2564.4 5054.57
2565.6 5056.15
2566.8 5051.92
2568.0 5052.56
2569.2 5049.2
2570.4 5050.48
2571.6 5053.42
2572.8 5059.92
2574.0 5060.48
2575.2 5064.5
2576.4 5063.67
2577.6 5060.47
2578.8 5054.58
2580.0 5051.64
2581.2 5051.86
2582.4 5058.8
2583.6 5057.92
2584.8 5056.11
2586.0 5054.24
2587.2 5052.33
2588.4 5050.83
2589.6 5049.3
2590.8 5049.87
2592.0 5051.61
2593.2 5052.13
2594.4 5049.52
2595.6 5048.73
2596.8 5048.21
2598.0 5046.34
2599.2 5046.61
2600.4 5046.78
2601.6 5047.12
2602.8 5046.41
2604.0 5047.18
2605.2 5042.61
2606.4 5045.86
2607.6 5049.61
2608.8 5052.13
2610.0 5051.4
2611.2 5049.56
2612.4 5049.32
2613.6 5051.17
2614.8 5048.03
2616.0 5047.83
2617.2 5047.99
2618.4 5049.34
2619.6 5050.72
2620.8 5049.13
2622.0 5046.81
2623.2 5048.35
2624.4 5048.47
2625.6 5050.11
2626.8 5052.78
2628.0 5052.5
2629.2 5052.91
2630.4 5053.46
2631.6 5050.5
2632.8 5048.2
2634.0 5049.78
2635.2 5047.04
2636.4 5044.82
2637.6 5045.4
2638.8 5047.93
2640.0 5043.04
2641.2 5042.97
2642.4 5044.79
2643.6 5041.92
2644.8 5042.31
2646.0 5042.84
2647.2 5040.81
2648.4 5044.84
2649.6 5044.49
2650.8 5042.23
2652.0 5042.5
2653.2 5043.38
2654.4 5043.39
2655.6 5041.89
2656.8 5045.23
2658.0 5046.32
2659.2 5046.91
2660.4 5048.7
2661.6 5049.38
2662.8 5048.42
2664.0 5044.94
2665.2 5046.91
2666.4 5047.09
2667.6 5049.52
2668.8 5048.38
2670.0 5046.72
2671.2 5043.15
2672.4 5042.12
2673.6 5040.39
2674.8 5038.92
2676.0 5040.84
2677.2 5041.81
2678.4 5040.57
2679.6 5041.29
2680.8 5041.79
2682.0 5040.37
2683.2 5035.36
2684.4 5037.67
2685.6 5036.85
2686.8 5042.27
2688.0 5042.52
2689.2 5047.2
2690.4 5043.44
2691.6 5039.04
2692.8 5036.5
2694.0 5034.58
2695.2 5035.05
2696.4 5036.51
2697.6 5038.29
2698.8 5040.65
2700.0 5043.95
2701.2 5042.97
2702.4 5043.62
2703.6 5049.39
2704.8 5051.08
2706.0 5048.27
2707.2 5052.92
2708.4 5052.18
2709.6 5055.43
2710.8 5057.14
2712.0 5053.95
2713.2 5051.63
2714.4 5052.09
2715.6 5051.94
2716.8 5051.76
2718.0 5052.37
2719.2 5052.62
2720.4 5054.09
2721.6 5056.73
2722.8 5056.21
2724.0 5058.66
2725.2 5055.93
2726.4 5054.02
2727.6 5053.91
2728.8 5058.07
2730.0 5059.46
2731.2 5058.24
2732.4 5053.77
2733.6 5049.91
2734.8 5048.04
2736.0 5047.68
2737.2 5043.12
2738.4 5047.31
2739.6 5045.94
2740.8 5043.64
2742.0 5046.75
2743.2 5045.85
2744.4 5043.75
2745.6 5041.56
2746.8 5041.52
2748.0 5043.32
2749.2 5046.12
2750.4 5046.56
2751.6 5045.94
2752.8 5042.74
2754.0 5041.3
2755.2 5042.8
2756.4 5044.86
2757.6 5047.27
2758.8 5048.56
2760.0 5050.37
2761.2 5049.88
2762.4 5053.08
2763.6 5050.39
2764.8 5049.76
2766.0 5049.16
2767.2 5048.79
2768.4 5047.04
2769.6 5048.99
2770.8 5049.51
2772.0 5048.32
2773.2 5049.08
2774.4 5048.03
2775.6 5050.54
2776.8 5052.76
2778.0 5054.77
2779.2 5054.27
2780.4 5054.84
2781.6 5052.43
2782.8 5049.11
2784.0 5048.57
2785.2 5049.54
2786.4 5049.75
2787.6 5048.47
2788.8 5048.92
2790.0 5050.49
2791.2 5050.94
2792.4 5049.32
2793.6 5047.89
2794.8 5046.9
2796.0 5043.83
2797.2 5043.91
2798.4 5045.12
2799.6 5046.61
