0.0 50589.83
1.2 56337.3
2.4 61815.64
3.6 60014.0
4.8 55550.3
6.0 51330.39
7.2 47467.42
8.4 43836.72
9.6 40471.7
10.8 37349.93
12.0 34419.17
13.2 31732.88
14.4 29194.72
15.6 26837.96
16.8 24650.21
18.0 22599.66
19.2 20704.11
20.4 18907.87
21.6 17246.36
22.8 15698.16
24.0 14258.83
25.2 12906.61
26.4 11634.3
27.6 10455.35
28.8 9349.69
30.0 8317.15
31.2 7351.76
32.4 6449.39
33.6 5605.76
34.8 4811.13
36.0 4072.43
37.2 3381.37
38.4 2732.16
39.6 2123.0
40.8 1553.96
42.0 1022.33
43.2 -214.84
44.4 -2552.79
45.6 -4897.33
46.8 -7239.79
48.0 -9586.62
49.2 -11929.49
50.4 -14265.87
51.6 -16600.35
52.8 -18915.86
54.0 -20386.51
55.2 -18615.14
56.4 -18874.12
57.6 -17197.95
58.8 -15653.76
60.0 -14239.87
61.2 -12930.94
62.4 -11742.52
63.6 -10645.16
64.8 -9635.83
66.0 -8724.04
67.2 -7875.22
68.4 -7107.75
69.6 -6402.67
70.8 -5758.89
72.0 -5172.28
73.2 -4631.85
74.4 -4143.54
75.6 -3695.97
76.8 -3291.77
78.0 -2922.93
79.2 -2586.35
80.4 -2286.77
81.6 -2014.11
82.8 -1777.61
84.0 -1569.27
85.2 -1380.58
86.4 -1216.19
87.6 -1067.1
88.8 -940.05
90.0 -830.88
91.2 -736.05
92.4 -654.46
93.6 -581.99
94.8 -524.98
96.0 -462.86
97.2 -411.71
98.4 -370.25
99.6 -334.03
100.8 -305.34
102.0 -269.89
103.2 -244.59
104.4 -220.77
105.6 -203.17
106.8 -189.67
108.0 -167.66
109.2 -151.74
110.4 -140.17
111.6 -131.63
112.8 -123.45
114.0 -112.32
115.2 -101.74
116.4 -89.34
117.6 -78.7
118.8 -65.06
120.0 -53.58
121.2 -47.22
122.4 -37.31
123.6 -28.93
124.8 -14.39
126.0 -1.36
127.2 5.91
128.4 24.01
129.6 36.87
130.8 53.87
132.0 69.15
133.2 91.1
134.4 110.55
135.6 121.85
136.8 146.61
138.0 172.3
139.2 199.34
140.4 225.39
141.6 247.08
142.8 278.57
144.0 305.33
145.2 329.7
146.4 359.54
147.6 386.39
148.8 414.92
150.0 439.02
151.2 472.48
152.4 502.15
153.6 530.17
154.8 563.12
156.0 596.99
157.2 634.76
158.4 668.35
159.6 699.96
160.8 736.29
162.0 770.96
163.2 813.63
164.4 853.06
165.6 887.72
166.8 926.71
168.0 962.75
169.2 1006.11
170.4 1046.19
171.6 1085.49
172.8 1125.93
174.0 1164.78
175.2 1207.71
176.4 1249.12
177.6 1291.23
178.8 1328.94
180.0 1374.73
181.2 1418.09
182.4 1462.7
183.6 1510.3
184.8 1553.57
186.0 1592.41
187.2 1633.06
188.4 1673.26
189.6 1718.93
190.8 1764.59
192.0 1814.36
193.2 1858.64
194.4 1898.48
195.6 1939.04
196.8 1981.2
198.0 2029.65
199.2 2075.35
200.4 2123.03
201.6 2166.34
202.8 2205.22
204.0 2249.95
205.2 2291.08
206.4 2337.39
207.6 2384.29
208.8 2428.8
210.0 2476.61
211.2 2521.21
212.4 2562.5
213.6 2605.33
214.8 2646.68
216.0 2690.48
217.2 2733.79
218.4 2781.26
219.6 2825.44
220.8 2869.31
222.0 2908.48
223.2 2943.98
224.4 2983.1
225.6 3021.37
226.8 3060.91
228.0 3101.38
229.2 3140.41
230.4 3182.87
231.6 3224.52
232.8 3265.13
234.0 3301.74
235.2 3335.34
236.4 3370.71
237.6 3406.76
238.8 3445.27
240.0 3482.56
241.2 3519.32
242.4 3558.63
243.6 3598.3
244.8 3639.47
246.0 3677.9
247.2 3716.58
248.4 3750.75
249.6 3780.73
250.8 3812.5
252.0 3844.23
253.2 3876.95
254.4 3909.82
255.6 3942.15
256.8 3977.33
258.0 4013.33
259.2 4048.96
260.4 4082.54
261.6 4115.01
262.8 4148.34
264.0 4179.83
265.2 4205.87
266.4 4231.04
267.6 4257.1
268.8 4283.95
270.0 4310.09
271.2 4337.61
272.4 4364.87
273.6 4392.53
274.8 4419.71
276.0 4446.58
277.2 4474.16
278.4 4500.86
279.6 4527.42
280.8 4554.62
282.0 4581.1
283.2 4607.51
284.4 4633.45
285.6 4659.64
286.8 4682.04
288.0 4700.16
289.2 4718.84
290.4 4737.11
291.6 4756.93
292.8 4776.57
294.0 4796.23
295.2 4815.15
296.4 4834.39
297.6 4853.62
298.8 4872.5
300.0 4891.64
301.2 4910.1
302.4 4929.27
303.6 4948.03
304.8 4966.47
306.0 4985.46
307.2 5005.14
308.4 5024.24
309.6 5042.3
310.8 5060.96
312.0 5078.91
313.2 5094.03
314.4 5102.22
315.6 5110.88
316.8 5121.65
318.0 5133.43
319.2 5145.8
320.4 5157.18
321.6 5168.12
322.8 5178.99
324.0 5191.57
325.2 5204.02
326.4 5216.06
327.6 5227.74
328.8 5238.87
330.0 5249.57
331.2 5260.56
332.4 5270.26
333.6 5279.84
334.8 5290.31
336.0 5300.53
337.2 5310.49
338.4 5320.07
339.6 5329.58
340.8 5339.19
342.0 5348.66
343.2 5357.5
344.4 5365.8
345.6 5373.99
346.8 5381.35
348.0 5388.64
349.2 5395.44
350.4 5401.66
351.6 5407.77
352.8 5412.94
354.0 5414.77
355.2 5411.95
356.4 5410.39
357.6 5409.66
358.8 5409.18
360.0 5409.41
361.2 5409.89
362.4 5410.83
363.6 5411.97
364.8 5413.07
366.0 5414.37
367.2 5414.51
368.4 5414.91
369.6 5415.64
370.8 5416.66
372.0 5418.0
373.2 5419.48
374.4 5421.57
375.6 5423.95
376.8 5426.96
378.0 5430.64
379.2 5433.54
380.4 5436.44
381.6 5438.81
382.8 5441.11
384.0 5443.37
385.2 5445.24
386.4 5447.36
387.6 5448.92
388.8 5450.74
390.0 5451.97
391.2 5453.01
392.4 5454.31
393.6 5454.89
394.8 5455.64
396.0 5456.08
397.2 5456.28
398.4 5456.54
399.6 5456.18
400.8 5456.26
402.0 5455.47
403.2 5454.59
404.4 5453.81
405.6 5452.69
406.8 5451.45
408.0 5449.8
409.2 5448.21
410.4 5446.45
411.6 5444.35
412.8 5442.24
414.0 5439.57
415.2 5437.12
416.4 5434.57
417.6 5431.99
418.8 5429.47
420.0 5426.96
421.2 5424.14
422.4 5419.89
423.6 5415.07
424.8 5410.99
426.0 5407.56
427.2 5404.53
428.4 5401.2
429.6 5395.82
430.8 5385.5
432.0 5376.21
433.2 5368.1
434.4 5360.38
435.6 5353.52
436.8 5347.17
438.0 5341.38
439.2 5335.92
440.4 5330.68
441.6 5325.47
442.8 5320.17
444.0 5315.26
445.2 5310.7
446.4 5306.16
447.6 5301.97
448.8 5297.65
450.0 5293.52
451.2 5290.12
452.4 5286.67
453.6 5283.28
454.8 5279.66
456.0 5275.23
457.2 5271.36
458.4 5266.3
459.6 5263.4
460.8 5259.76
462.0 5257.16
463.2 5254.7
464.4 5251.99
465.6 5248.85
466.8 5245.42
468.0 5242.52
469.2 5239.5
470.4 5236.7
471.6 5233.83
472.8 5231.03
474.0 5228.36
475.2 5225.54
476.4 5222.91
477.6 5220.3
478.8 5217.77
480.0 5215.36
481.2 5212.8
482.4 5210.36
483.6 5207.84
484.8 5205.38
486.0 5202.92
487.2 5200.36
488.4 5197.87
489.6 5195.3
490.8 5192.7
492.0 5190.15
493.2 5187.38
494.4 5183.24
495.6 5179.18
496.8 5175.33
498.0 5171.63
499.2 5168.04
500.4 5164.62
501.6 5161.31
502.8 5158.14
504.0 5155.06
505.2 5152.12
506.4 5149.2
507.6 5146.42
508.8 5144.59
510.0 5143.38
511.2 5142.01
512.4 5140.47
513.6 5138.78
514.8 5136.98
516.0 5134.99
517.2 5132.88
518.4 5130.64
519.6 5128.31
520.8 5125.91
522.0 5123.42
523.2 5120.98
524.4 5118.54
525.6 5116.21
526.8 5113.67
528.0 5110.44
529.2 5106.44
530.4 5102.22
531.6 5098.52
532.8 5095.04
534.0 5091.7
535.2 5088.74
536.4 5086.34
537.6 5084.23
538.8 5082.26
540.0 5080.17
541.2 5078.12
542.4 5076.82
543.6 5075.82
544.8 5074.94
546.0 5074.02
547.2 5073.06
548.4 5072.1
549.6 5070.93
550.8 5069.39
552.0 5067.62
553.2 5065.71
554.4 5063.95
555.6 5062.11
556.8 5060.23
558.0 5057.8
559.2 5056.04
560.4 5055.79
561.6 5055.66
562.8 5055.65
564.0 5055.51
565.2 5055.37
566.4 5054.82
567.6 5054.59
568.8 5054.12
570.0 5052.04
571.2 5050.41
572.4 5049.51
573.6 5048.86
574.8 5048.18
576.0 5047.35
577.2 5045.72
578.4 5044.66
579.6 5043.27
580.8 5041.55
582.0 5039.31
583.2 5035.68
584.4 5033.94
585.6 5032.48
586.8 5031.2
588.0 5029.52
589.2 5029.0
590.4 5029.11
591.6 5029.0
592.8 5029.14
594.0 5029.06
595.2 5029.14
596.4 5029.06
597.6 5029.02
598.8 5028.31
600.0 5026.47
601.2 5025.54
602.4 5025.2
603.6 5023.1
604.8 5021.96
606.0 5021.77
607.2 5021.69
608.4 5021.61
609.6 5021.58
610.8 5021.52
612.0 5021.56
613.2 5021.5
614.4 5021.44
615.6 5021.45
616.8 5021.36
618.0 5021.39
619.2 5021.32
620.4 5021.33
621.6 5021.34
622.8 5021.26
624.0 5020.1
625.2 5019.54
626.4 5019.55
627.6 5019.32
628.8 5019.47
630.0 5019.35
631.2 5019.47
632.4 5019.34
633.6 5018.82
634.8 5018.81
636.0 5018.87
637.2 5018.8
638.4 5018.82
639.6 5018.78
640.8 5018.78
642.0 5018.82
643.2 5018.75
644.4 5018.8
645.6 5018.79
646.8 5018.75
648.0 5018.8
649.2 5018.73
650.4 5017.51
651.6 5015.76
652.8 5014.19
654.0 5012.81
655.2 5012.17
656.4 5011.55
657.6 5010.9
658.8 5010.62
660.0 5010.6
661.2 5010.59
662.4 5010.64
663.6 5010.59
664.8 5010.64
666.0 5010.56
667.2 5010.63
668.4 5010.66
669.6 5010.59
670.8 5010.64
672.0 5010.61
673.2 5010.64
674.4 5010.67
675.6 5010.63
676.8 5010.7
678.0 5010.63
679.2 5010.7
680.4 5010.69
681.6 5010.68
682.8 5010.74
684.0 5010.68
685.2 5010.74
686.4 5010.71
687.6 5010.74
688.8 5010.79
690.0 5010.75
691.2 5010.82
692.4 5010.78
693.6 5010.88
694.8 5010.87
696.0 5010.99
697.2 5011.03
698.4 5011.0
699.6 5011.03
700.8 5011.07
702.0 5011.04
703.2 5011.02
704.4 5011.03
705.6 5011.09
706.8 5011.1
708.0 5011.09
709.2 5011.12
710.4 5011.08
711.6 5011.14
712.8 5011.11
714.0 5011.14
715.2 5011.1
716.4 5011.09
717.6 5011.17
718.8 5011.85
720.0 5012.97
721.2 5013.63
722.4 5014.13
723.6 5014.56
724.8 5015.01
726.0 5015.56
727.2 5016.06
728.4 5016.94
729.6 5017.13
730.8 5017.53
732.0 5018.11
733.2 5018.75
734.4 5020.01
735.6 5020.47
736.8 5020.78
738.0 5021.02
739.2 5021.1
740.4 5021.24
741.6 5021.26
742.8 5022.43
744.0 5022.84
745.2 5023.15
746.4 5023.18
747.6 5023.24
748.8 5023.21
750.0 5023.29
751.2 5023.23
752.4 5023.29
753.6 5023.24
754.8 5023.31
756.0 5023.36
757.2 5023.31
758.4 5023.22
759.6 5023.21
760.8 5023.28
762.0 5023.25
763.2 5023.31
764.4 5023.28
765.6 5023.27
766.8 5023.3
768.0 5023.32
769.2 5023.33
770.4 5023.34
771.6 5023.33
772.8 5023.36
774.0 5023.38
775.2 5023.46
776.4 5023.74
777.6 5024.38
778.8 5025.26
780.0 5027.44
781.2 5029.15
782.4 5030.31
783.6 5031.48
784.8 5032.78
786.0 5033.91
787.2 5035.23
788.4 5035.95
789.6 5036.25
790.8 5036.34
792.0 5036.39
793.2 5036.48
794.4 5036.46
795.6 5036.58
796.8 5036.66
798.0 5036.66
799.2 5036.66
800.4 5036.67
801.6 5036.7
802.8 5036.73
804.0 5036.65
805.2 5036.68
806.4 5036.71
807.6 5036.74
808.8 5036.72
810.0 5036.73
811.2 5036.75
812.4 5036.75
813.6 5036.74
814.8 5036.71
816.0 5036.72
817.2 5036.79
818.4 5036.76
819.6 5036.84
820.8 5036.81
822.0 5036.93
823.2 5036.96
824.4 5037.13
825.6 5037.35
826.8 5037.5
828.0 5037.72
829.2 5037.88
830.4 5038.17
831.6 5038.68
832.8 5040.15
834.0 5042.84
835.2 5046.04
836.4 5049.05
837.6 5051.88
838.8 5053.31
840.0 5055.51
841.2 5056.97
842.4 5057.29
843.6 5057.38
844.8 5057.47
846.0 5057.53
847.2 5057.51
848.4 5057.56
849.6 5057.55
850.8 5057.64
852.0 5057.67
853.2 5057.66
854.4 5057.7
855.6 5057.65
856.8 5057.7
858.0 5057.72
859.2 5057.79
860.4 5057.83
861.6 5057.82
862.8 5057.86
864.0 5057.8
865.2 5057.83
866.4 5057.83
867.6 5057.84
868.8 5057.94
870.0 5057.97
871.2 5058.02
872.4 5058.01
873.6 5057.97
874.8 5058.07
876.0 5058.06
877.2 5058.11
878.4 5058.11
879.6 5058.14
880.8 5058.22
882.0 5058.23
883.2 5058.25
884.4 5058.22
885.6 5058.27
886.8 5058.29
888.0 5058.27
889.2 5058.28
890.4 5058.23
891.6 5058.32
892.8 5058.3
894.0 5058.27
895.2 5058.35
896.4 5058.34
897.6 5058.4
898.8 5058.4
900.0 5058.4
901.2 5058.41
902.4 5058.39
903.6 5058.46
904.8 5058.43
906.0 5058.48
907.2 5058.49
908.4 5058.46
909.6 5058.46
910.8 5058.45
912.0 5058.48
913.2 5058.47
914.4 5058.48
915.6 5058.48
916.8 5058.43
918.0 5058.47
919.2 5058.47
920.4 5058.56
921.6 5058.58
922.8 5058.52
924.0 5058.55
925.2 5058.48
926.4 5058.49
927.6 5058.47
928.8 5058.43
930.0 5058.45
931.2 5058.4
932.4 5058.42
933.6 5058.36
934.8 5058.33
936.0 5058.33
937.2 5058.29
938.4 5058.3
939.6 5058.25
940.8 5058.22
942.0 5058.19
943.2 5058.12
944.4 5058.16
945.6 5058.04
946.8 5058.03
948.0 5058.0
949.2 5057.99
950.4 5058.0
951.6 5057.95
952.8 5057.98
954.0 5057.96
955.2 5057.91
956.4 5057.88
957.6 5057.83
958.8 5057.85
960.0 5057.79
961.2 5057.79
962.4 5057.77
963.6 5057.76
964.8 5057.74
966.0 5057.69
967.2 5057.67
968.4 5057.64
969.6 5057.6
970.8 5057.55
972.0 5057.49
973.2 5057.53
974.4 5057.52
975.6 5057.48
976.8 5057.47
978.0 5057.37
979.2 5057.35
980.4 5057.37
981.6 5057.36
982.8 5057.34
984.0 5057.28
985.2 5057.31
986.4 5057.25
987.6 5057.25
988.8 5057.21
990.0 5057.16
991.2 5057.18
992.4 5057.14
993.6 5057.11
994.8 5057.08
996.0 5057.02
997.2 5057.04
998.4 5056.97
999.6 5056.97
1000.8 5056.98
1002.0 5056.97
1003.2 5056.83
1004.4 5056.84
1005.6 5056.81
1006.8 5056.75
1008.0 5056.79
1009.2 5056.73
1010.4 5056.73
1011.6 5056.68
1012.8 5056.72
1014.0 5056.74
1015.2 5056.67
1016.4 5056.69
1017.6 5056.65
1018.8 5056.64
1020.0 5056.58
1021.2 5056.58
1022.4 5056.62
1023.6 5056.52
1024.8 5056.6
1026.0 5056.59
1027.2 5056.55
1028.4 5056.53
1029.6 5056.46
1030.8 5056.49
1032.0 5056.44
1033.2 5056.44
1034.4 5056.43
1035.6 5056.41
1036.8 5056.44
1038.0 5056.39
1039.2 5056.39
1040.4 5056.41
1041.6 5056.36
1042.8 5056.35
1044.0 5056.29
1045.2 5056.32
1046.4 5056.31
1047.6 5056.26
1048.8 5056.27
1050.0 5056.23
1051.2 5056.23
1052.4 5056.22
1053.6 5056.19
1054.8 5056.21
1056.0 5056.13
1057.2 5056.16
1058.4 5056.1
1059.6 5056.12
1060.8 5056.13
1062.0 5056.07
1063.2 5056.09
1064.4 5056.03
1065.6 5056.05
1066.8 5056.05
1068.0 5056.0
1069.2 5056.03
1070.4 5055.94
1071.6 5055.99
1072.8 5055.97
1074.0 5055.93
1075.2 5055.94
1076.4 5055.86
1077.6 5055.87
1078.8 5055.82
1080.0 5055.86
1081.2 5055.86
1082.4 5055.79
1083.6 5055.83
1084.8 5055.76
1086.0 5055.77
1087.2 5055.77
1088.4 5055.72
1089.6 5055.75
1090.8 5055.66
1092.0 5055.7
1093.2 5055.66
1094.4 5055.65
1095.6 5055.66
1096.8 5055.59
1098.0 5055.59
1099.2 5055.52
1100.4 5055.53
1101.6 5055.43
1102.8 5055.32
1104.0 5054.88
1105.2 5054.74
1106.4 5054.79
1107.6 5054.72
1108.8 5054.7
1110.0 5054.71
1111.2 5054.6
1112.4 5054.53
1113.6 5054.06
1114.8 5052.36
1116.0 5050.83
1117.2 5050.09
1118.4 5049.78
1119.6 5049.54
1120.8 5049.42
1122.0 5049.29
1123.2 5049.13
1124.4 5048.98
1125.6 5048.83
1126.8 5048.79
1128.0 5048.67
1129.2 5048.58
1130.4 5048.5
1131.6 5048.36
1132.8 5048.34
1134.0 5048.23
1135.2 5048.16
1136.4 5048.11
1137.6 5048.0
1138.8 5047.97
1140.0 5047.79
1141.2 5046.92
1142.4 5045.87
1143.6 5045.7
1144.8 5045.42
1146.0 5044.9
1147.2 5044.39
1148.4 5043.6
1149.6 5042.82
1150.8 5041.91
1152.0 5040.95
1153.2 5039.6
1154.4 5036.86
1155.6 5035.35
1156.8 5034.91
1158.0 5034.6
1159.2 5034.47
1160.4 5034.32
1161.6 5034.28
1162.8 5034.15
1164.0 5034.1
1165.2 5034.1
1166.4 5034.02
1167.6 5034.07
1168.8 5034.04
1170.0 5034.1
1171.2 5034.22
1172.4 5034.25
1173.6 5034.43
1174.8 5034.54
1176.0 5034.66
1177.2 5034.71
1178.4 5034.77
1179.6 5034.89
1180.8 5034.91
1182.0 5035.06
1183.2 5035.13
1184.4 5035.12
1185.6 5035.2
1186.8 5035.15
1188.0 5035.28
1189.2 5035.31
1190.4 5035.35
1191.6 5035.43
1192.8 5035.4
1194.0 5035.48
1195.2 5035.45
1196.4 5035.52
1197.6 5035.57
1198.8 5035.57
1200.0 5035.65
1201.2 5035.6
1202.4 5035.69
1203.6 5035.73
1204.8 5035.74
1206.0 5035.81
1207.2 5035.83
1208.4 5035.91
1209.6 5035.88
1210.8 5035.9
1212.0 5035.99
1213.2 5035.95
1214.4 5036.06
1215.6 5036.01
1216.8 5036.08
1218.0 5036.12
1219.2 5036.14
1220.4 5036.23
1221.6 5036.2
1222.8 5036.28
1224.0 5036.32
1225.2 5036.32
1226.4 5036.42
1227.6 5036.4
1228.8 5036.47
1230.0 5036.51
1231.2 5036.54
1232.4 5036.62
1233.6 5036.56
1234.8 5036.59
1236.0 5036.65
1237.2 5036.68
1238.4 5036.69
1239.6 5036.68
1240.8 5036.63
1242.0 5036.67
1243.2 5036.71
1244.4 5036.64
1245.6 5036.72
1246.8 5036.7
1248.0 5036.67
1249.2 5036.77
1250.4 5036.76
1251.6 5036.65
1252.8 5036.69
1254.0 5036.73
1255.2 5036.75
1256.4 5036.81
1257.6 5036.73
1258.8 5036.77
1260.0 5036.78
1261.2 5036.77
1262.4 5036.83
1263.6 5036.81
1264.8 5036.83
1266.0 5036.86
1267.2 5037.01
1268.4 5037.08
1269.6 5037.26
1270.8 5037.32
1272.0 5037.52
1273.2 5037.69
1274.4 5037.73
1275.6 5037.97
1276.8 5038.18
1278.0 5038.72
1279.2 5040.17
1280.4 5042.74
1281.6 5045.88
1282.8 5048.85
1284.0 5051.73
1285.2 5053.08
1286.4 5054.79
1287.6 5056.84
1288.8 5057.15
1290.0 5057.28
1291.2 5057.31
1292.4 5057.31
1293.6 5057.32
1294.8 5057.25
1296.0 5057.29
1297.2 5057.33
1298.4 5057.37
1299.6 5057.38
1300.8 5057.33
1302.0 5057.37
1303.2 5057.27
1304.4 5057.33
1305.6 5057.26
1306.8 5057.25
1308.0 5057.31
1309.2 5057.25
1310.4 5057.32
1311.6 5057.32
1312.8 5057.3
1314.0 5057.32
1315.2 5057.25
1316.4 5057.32
1317.6 5057.29
1318.8 5057.27
1320.0 5057.27
1321.2 5057.23
1322.4 5057.29
1323.6 5057.22
1324.8 5057.23
1326.0 5057.24
1327.2 5057.22
1328.4 5057.24
1329.6 5057.15
1330.8 5057.19
1332.0 5057.13
1333.2 5057.15
1334.4 5057.15
1335.6 5057.14
1336.8 5057.21
1338.0 5057.14
1339.2 5057.12
1340.4 5057.1
1341.6 5057.03
1342.8 5057.08
1344.0 5057.02
1345.2 5057.06
1346.4 5057.04
1347.6 5057.02
1348.8 5057.06
1350.0 5056.97
1351.2 5056.98
1352.4 5056.95
1353.6 5056.93
1354.8 5056.96
1356.0 5056.9
1357.2 5056.97
1358.4 5056.94
1359.6 5056.92
1360.8 5056.94
1362.0 5056.89
1363.2 5056.92
1364.4 5056.85
1365.6 5056.82
1366.8 5056.81
1368.0 5056.8
1369.2 5056.81
1370.4 5056.75
1371.6 5056.78
1372.8 5056.8
1374.0 5056.77
1375.2 5056.76
1376.4 5056.69
1377.6 5056.73
1378.8 5056.7
1380.0 5056.73
1381.2 5056.73
1382.4 5056.64
1383.6 5056.65
1384.8 5056.6
1386.0 5056.63
1387.2 5056.64
1388.4 5056.57
1389.6 5056.59
1390.8 5056.49
1392.0 5056.55
1393.2 5056.51
1394.4 5056.5
1395.6 5056.54
1396.8 5056.45
1398.0 5056.47
1399.2 5056.44
1400.4 5056.42
1401.6 5056.43
1402.8 5056.36
1404.0 5056.44
1405.2 5056.39
1406.4 5056.37
1407.6 5056.39
1408.8 5056.34
1410.0 5056.33
1411.2 5056.25
1412.4 5056.27
1413.6 5056.27
1414.8 5056.23
1416.0 5056.25
1417.2 5056.17
1418.4 5056.2
1419.6 5056.2
1420.8 5056.17
1422.0 5056.19
1423.2 5056.11
1424.4 5056.16
1425.6 5056.13
1426.8 5056.12
1428.0 5056.14
1429.2 5056.09
1430.4 5056.07
1431.6 5055.98
1432.8 5056.03
1434.0 5056.03
1435.2 5055.99
1436.4 5056.03
1437.6 5055.96
1438.8 5055.97
1440.0 5055.94
1441.2 5055.93
1442.4 5055.96
1443.6 5055.88
1444.8 5055.93
1446.0 5055.87
1447.2 5055.89
1448.4 5055.88
1449.6 5055.83
1450.8 5055.86
1452.0 5055.76
1453.2 5055.82
1454.4 5055.82
1455.6 5055.76
1456.8 5055.77
1458.0 5055.7
1459.2 5055.73
1460.4 5055.7
1461.6 5055.7
1462.8 5055.71
1464.0 5055.65
1465.2 5055.66
1466.4 5055.58
1467.6 5055.6
1468.8 5055.58
1470.0 5055.53
1471.2 5055.54
1472.4 5055.42
1473.6 5055.3
1474.8 5054.85
1476.0 5054.78
1477.2 5054.79
1478.4 5054.69
1479.6 5054.65
1480.8 5054.51
1482.0 5054.37
1483.2 5053.35
1484.4 5051.4
1485.6 5050.41
1486.8 5049.86
1488.0 5049.61
1489.2 5049.39
1490.4 5049.2
1491.6 5049.07
1492.8 5048.92
1494.0 5048.84
1495.2 5048.76
1496.4 5048.73
1497.6 5048.67
1498.8 5048.53
1500.0 5048.48
1501.2 5048.35
1502.4 5048.3
1503.6 5048.23
1504.8 5048.1
1506.0 5048.01
1507.2 5047.9
1508.4 5047.89
1509.6 5047.28
1510.8 5046.1
1512.0 5045.85
1513.2 5045.63
1514.4 5045.42
1515.6 5044.99
1516.8 5044.48
1518.0 5043.84
1519.2 5043.01
1520.4 5042.19
1521.6 5041.31
1522.8 5040.27
1524.0 5038.11
1525.2 5035.7
1526.4 5035.13
1527.6 5034.79
1528.8 5034.64
1530.0 5034.49
1531.2 5034.37
1532.4 5034.36
1533.6 5034.3
1534.8 5034.37
1536.0 5034.29
1537.2 5034.31
1538.4 5034.42
1539.6 5034.49
1540.8 5034.66
1542.0 5034.64
1543.2 5034.74
1544.4 5034.81
1545.6 5034.81
1546.8 5034.96
1548.0 5034.98
1549.2 5035.01
1550.4 5035.05
1551.6 5035.12
1552.8 5035.24
1554.0 5035.25
1555.2 5035.36
1556.4 5035.39
1557.6 5035.38
1558.8 5035.43
1560.0 5035.38
1561.2 5035.46
1562.4 5035.46
1563.6 5035.51
1564.8 5035.58
1566.0 5035.55
1567.2 5035.61
1568.4 5035.6
1569.6 5035.67
1570.8 5035.74
1572.0 5035.73
1573.2 5035.76
1574.4 5035.71
1575.6 5035.84
1576.8 5035.78
1578.0 5035.83
1579.2 5035.93
1580.4 5035.88
1581.6 5035.98
1582.8 5035.99
1584.0 5036.01
1585.2 5036.05
1586.4 5036.02
1587.6 5036.12
1588.8 5036.07
1590.0 5036.17
1591.2 5036.22
1592.4 5036.21
1593.6 5036.23
1594.8 5036.2
1596.0 5036.28
1597.2 5036.33
1598.4 5036.36
1599.6 5036.45
1600.8 5036.39
1602.0 5036.47
1603.2 5036.41
1604.4 5036.52
1605.6 5036.6
1606.8 5036.57
1608.0 5036.64
1609.2 5036.61
1610.4 5036.64
1611.6 5036.63
1612.8 5036.67
1614.0 5036.63
1615.2 5036.66
1616.4 5036.72
1617.6 5036.66
1618.8 5036.67
1620.0 5036.67
1621.2 5036.72
1622.4 5036.66
1623.6 5036.76
1624.8 5036.72
1626.0 5036.72
1627.2 5036.71
1628.4 5036.73
1629.6 5036.71
1630.8 5036.69
1632.0 5036.73
1633.2 5036.71
1634.4 5036.75
1635.6 5036.75
1636.8 5036.78
1638.0 5036.8
1639.2 5036.78
1640.4 5036.84
1641.6 5036.8
1642.8 5036.97
1644.0 5037.07
1645.2 5037.28
1646.4 5037.47
1647.6 5037.61
1648.8 5037.8
1650.0 5037.87
1651.2 5038.13
1652.4 5038.52
1653.6 5039.62
1654.8 5041.9
1656.0 5044.8
1657.2 5047.82
1658.4 5051.03
1659.6 5052.75
1660.8 5054.08
1662.0 5056.48
1663.2 5057.08
1664.4 5057.18
1665.6 5057.21
1666.8 5057.24
1668.0 5057.21
1669.2 5057.28
1670.4 5057.24
1671.6 5057.26
1672.8 5057.27
1674.0 5057.25
1675.2 5057.29
1676.4 5057.22
1677.6 5057.27
1678.8 5057.28
1680.0 5057.27
1681.2 5057.29
1682.4 5057.21
1683.6 5057.26
1684.8 5057.24
1686.0 5057.24
1687.2 5057.2
1688.4 5057.19
1689.6 5057.22
1690.8 5057.15
1692.0 5057.21
1693.2 5057.22
1694.4 5057.17
1695.6 5057.2
1696.8 5057.12
1698.0 5057.17
1699.2 5057.14
1700.4 5057.14
1701.6 5057.2
1702.8 5057.17
1704.0 5057.0
1705.2 -19943.11
1706.4 -69943.11
1707.6 -119943.11
1708.8 -169943.11
1710.0 -167708.98
1711.2 -159918.23
1712.4 -152261.2
1713.6 -144798.26
1714.8 -137523.08
1716.0 -132630.27
1717.2 -128322.3
1718.4 -124029.32
1719.6 -119764.51
1720.8 -115532.64
1722.0 -111328.34
1723.2 -107157.65
1724.4 -103027.27
1725.6 -98938.12
1726.8 -94892.0
1728.0 -90894.19
1729.2 -86941.67
1730.4 -83037.2
1731.6 -79181.27
1732.8 -75374.87
1734.0 -71620.97
1735.2 -67917.05
1736.4 -64262.21
1737.6 -60659.49
1738.8 -57107.22
1740.0 -53609.5
1741.2 -50167.06
1742.4 -46776.66
1743.6 -43445.01
1744.8 -40169.27
1746.0 -36947.52
1747.2 -33786.11
1748.4 -30672.64
1749.6 -27620.01
1750.8 -24625.0
1752.0 -21687.9
1753.2 -18808.87
1754.4 -15986.58
1755.6 -13223.92
1756.8 -10522.4
1758.0 -7873.43
1759.2 -5282.93
1760.4 -2747.46
1761.6 -271.39
1762.8 2145.93
1764.0 4505.43
1765.2 6807.18
1766.4 9051.25
1767.6 11238.34
1768.8 13368.71
1770.0 15442.13
1771.2 17459.47
1772.4 19420.13
1773.6 21325.11
1774.8 23174.53
1776.0 24968.64
1777.2 26708.18
1778.4 28393.31
1779.6 30025.12
1780.8 31603.44
1782.0 33128.85
1783.2 34600.94
1784.4 36020.8
1785.6 37388.88
1786.8 38706.65
1788.0 39973.24
1789.2 41189.74
1790.4 42356.66
1791.6 43474.8
1792.8 44546.75
1794.0 45568.79
1795.2 46543.72
1796.4 47472.21
1797.6 48354.76
1798.8 49192.08
1800.0 49984.97
1801.2 50733.97
1802.4 51439.83
1803.6 52103.2
1804.8 52724.59
1806.0 53304.72
1807.2 53844.26
1808.4 54344.08
1809.6 54804.76
1810.8 55226.85
1812.0 55611.19
1813.2 55958.71
1814.4 56269.74
1815.6 56542.74
1816.8 56777.53
1818.0 56974.92
1819.2 57136.0
1820.4 57261.59
1821.6 57352.52
1822.8 57409.76
1824.0 57433.99
1825.2 57426.1
1826.4 57382.13
1827.6 57306.05
1828.8 57194.59
1830.0 57051.19
1831.2 56877.7
1832.4 56671.87
1833.6 56439.96
1834.8 56175.92
1836.0 55887.15
1837.2 55571.6
1838.4 55232.17
1839.6 54871.85
1840.8 54487.89
1842.0 54084.91
1843.2 53659.79
1844.4 53215.14
1845.6 52752.89
1846.8 52270.76
1848.0 51772.41
1849.2 51257.02
1850.4 50725.59
1851.6 50179.94
1852.8 49617.76
1854.0 49043.49
1855.2 48454.75
1856.4 47854.29
1857.6 47241.79
1858.8 46617.31
1860.0 45984.41
1861.2 45340.67
1862.4 44686.57
1863.6 44024.7
1864.8 43354.09
1866.0 42677.42
1867.2 41992.46
1868.4 41302.62
1869.6 40606.11
1870.8 39905.08
1872.0 39200.17
1873.2 38489.76
1874.4 37777.45
1875.6 37060.84
1876.8 36343.22
1878.0 35622.25
1879.2 34899.92
1880.4 34177.97
1881.6 33454.18
1882.8 32731.78
1884.0 32010.39
1885.2 31288.86
1886.4 30568.66
1887.6 29850.5
1888.8 29133.79
1890.0 28419.18
1891.2 27707.09
1892.4 26998.68
1893.6 26293.14
1894.8 25591.98
1896.0 24894.92
1897.2 24202.34
1898.4 23514.89
1899.6 22832.4
1900.8 22156.02
1902.0 21484.69
1903.2 20820.1
1904.4 20161.67
1905.6 19509.57
1906.8 18864.85
1908.0 18226.68
1909.2 17596.12
1910.4 16972.69
1911.6 16357.44
1912.8 15749.95
1914.0 15150.95
1915.2 14560.34
1916.4 13977.49
1917.6 13403.09
1918.8 12837.42
1920.0 12280.7
1921.2 11733.22
1922.4 11194.77
1923.6 10665.43
1924.8 10145.31
1926.0 9634.76
1927.2 9133.88
1928.4 8643.0
1929.6 8161.04
1930.8 7688.99
1932.0 7226.91
1933.2 6774.47
1934.4 6331.64
1935.6 5898.74
1936.8 5475.47
1938.0 5062.4
1939.2 4658.7
1940.4 4265.67
1941.6 3882.52
1942.8 3509.77
1944.0 3146.25
1945.2 2793.1
1946.4 2449.49
1947.6 2116.19
1948.8 1793.14
1950.0 1479.23
1951.2 1174.91
1952.4 881.66
1953.6 598.3
1954.8 325.54
1956.0 63.26
1957.2 -189.28
1958.4 -430.16
1959.6 -658.01
1960.8 -876.77
1962.0 -1086.73
1963.2 -1290.26
1964.4 -1491.12
1965.6 -1672.22
1966.8 -1847.63
1968.0 -2013.59
1969.2 -2171.68
1970.4 -2317.86
1971.6 -2455.18
1972.8 -2587.01
1974.0 -2705.75
1975.2 -2813.54
1976.4 -2910.32
1977.6 -3001.27
1978.8 -3079.14
1980.0 -3153.15
1981.2 -3222.29
1982.4 -3284.75
1983.6 -3337.85
1984.8 -3386.25
1986.0 -3428.11
1987.2 -3462.42
1988.4 -3491.13
1989.6 -3512.44
1990.8 -3528.52
1992.0 -3536.94
1993.2 -3538.76
1994.4 -3533.99
1995.6 -3524.46
1996.8 -3509.4
1998.0 -3488.95
1999.2 -3465.21
2000.4 -3437.01
2001.6 -3404.05
2002.8 -3366.39
2004.0 -3327.21
2005.2 -3286.11
2006.4 -3239.91
2007.6 -3190.09
2008.8 -3136.07
2010.0 -3078.52
2011.2 -3017.14
2012.4 -2951.18
2013.6 -2882.04
2014.8 -2810.67
2016.0 -2731.77
2017.2 -2652.93
2018.4 -2571.44
2019.6 -2487.44
2020.8 -2404.22
2022.0 -2323.89
2023.2 -2233.82
2024.4 -2141.61
2025.6 -2052.84
2026.8 -1953.97
2028.0 -1859.5
2029.2 -1754.19
2030.4 -1651.31
2031.6 -1546.46
2032.8 -1435.85
2034.0 -1325.25
2035.2 -1218.2
2036.4 -1109.82
2037.6 -999.74
2038.8 -889.42
2040.0 -780.7
2041.2 -672.69
2042.4 -561.18
2043.6 -450.56
2044.8 -334.9
2046.0 -219.38
2047.2 -103.58
2048.4 18.97
2049.6 136.24
2050.8 254.13
2052.0 371.28
2053.2 487.87
2054.4 604.57
2055.6 720.83
2056.8 837.65
2058.0 952.0
2059.2 1066.85
2060.4 1181.24
2061.6 1294.44
2062.8 1408.13
2064.0 1520.76
2065.2 1632.21
2066.4 1742.53
2067.6 1853.22
2068.8 1962.92
2070.0 2070.47
2071.2 2176.23
2072.4 2281.0
2073.6 2384.57
2074.8 2487.17
2076.0 2587.83
2077.2 2688.9
2078.4 2787.99
2079.6 2885.99
2080.8 2982.62
2082.0 3078.0
2083.2 3172.14
2084.4 3263.78
2085.6 3353.87
2086.8 3442.69
2088.0 3531.2
2089.2 3618.16
2090.4 3703.87
2091.6 3787.92
2092.8 3869.63
2094.0 3950.04
2095.2 4028.43
2096.4 4104.61
2097.6 4179.54
2098.8 4252.83
2100.0 4325.02
2101.2 4395.32
2102.4 4463.63
2103.6 4530.3
2104.8 4594.76
2106.0 4658.09
2107.2 4719.95
2108.4 4780.27
2109.6 4838.9
2110.8 4896.21
2112.0 4951.49
2113.2 5004.9
2114.4 5057.44
2115.6 5107.84
2116.8 5156.76
2118.0 5204.24
2119.2 5250.49
2120.4 5295.26
2121.6 5338.41
2122.8 5379.75
2124.0 5419.34
2125.2 5459.78
2126.4 5496.61
2127.6 5531.95
2128.8 5565.83
2130.0 5598.21
2131.2 5629.27
2132.4 5658.78
2133.6 5686.94
2134.8 5713.75
2136.0 5739.29
2137.2 5763.44
2138.4 5786.0
2139.6 5807.66
2140.8 5827.97
2142.0 5847.04
2143.2 5864.63
2144.4 5881.26
2145.6 5896.84
2146.8 5911.41
2148.0 5924.69
2149.2 5936.81
2150.4 5947.69
2151.6 5957.98
2152.8 5966.8
2154.0 5974.98
2155.2 5981.93
2156.4 5987.64
2157.6 5992.65
2158.8 5997.08
2160.0 6000.63
2161.2 6002.91
2162.4 6004.2
2163.6 6004.5
2164.8 6003.99
2166.0 6002.86
2167.2 6000.99
2168.4 5998.61
2169.6 5995.68
2170.8 5991.99
2172.0 5987.51
2173.2 5981.92
2174.4 5975.87
2175.6 5969.33
2176.8 5962.26
2178.0 5954.52
2179.2 5946.41
2180.4 5937.34
2181.6 5927.82
2182.8 5917.77
2184.0 5907.4
2185.2 5896.64
2186.4 5885.34
2187.6 5873.63
2188.8 5861.31
2190.0 5848.47
2191.2 5835.4
2192.4 5822.14
2193.6 5808.44
2194.8 5794.58
2196.0 5780.32
2197.2 5765.6
2198.4 5750.77
2199.6 5735.85
2200.8 5720.83
2202.0 5705.59
2203.2 5690.14
2204.4 5674.5
2205.6 5658.72
2206.8 5642.74
2208.0 5626.72
2209.2 5610.63
2210.4 5594.43
2211.6 5578.2
2212.8 5561.66
2214.0 5545.03
2215.2 5528.44
2216.4 5511.8
2217.6 5495.19
2218.8 5478.69
2220.0 5462.2
2221.2 5445.84
2222.4 5432.15
2223.6 5429.56
2224.8 5427.37
2226.0 5408.78
2227.2 5391.58
2228.4 5374.37
2229.6 5357.38
2230.8 5340.53
2232.0 5323.93
2233.2 5307.59
2234.4 5291.69
2235.6 5275.79
2236.8 5259.98
2238.0 5244.27
2239.2 5228.87
2240.4 5213.5
2241.6 5198.44
2242.8 5183.37
2244.0 5168.06
2245.2 5152.92
2246.4 5137.84
2247.6 5123.04
2248.8 5108.56
2250.0 5094.0
2251.2 5079.47
2252.4 5065.36
2253.6 5051.53
2254.8 5038.52
2256.0 5025.78
2257.2 5013.22
2258.4 5000.88
2259.6 4987.65
2260.8 4974.89
2262.0 4962.59
2263.2 4951.05
2264.4 4939.77
2265.6 4928.51
2266.8 4917.53
2268.0 4906.79
2269.2 4896.26
2270.4 4885.99
2271.6 4876.01
2272.8 4866.21
2274.0 4856.4
2275.2 4846.85
2276.4 4838.63
2277.6 4830.94
2278.8 4822.83
2280.0 4814.27
2281.2 4806.25
2282.4 4799.01
2283.6 4792.15
2284.8 4785.19
2286.0 4778.93
2287.2 4772.45
2288.4 4766.1
2289.6 4760.19
2290.8 4754.3
2292.0 4747.83
2293.2 4742.81
2294.4 4738.13
2295.6 4734.38
2296.8 4730.12
2298.0 4725.89
2299.2 4721.43
2300.4 4716.03
2301.6 4712.11
2302.8 4708.28
2304.0 4704.33
2305.2 4700.09
2306.4 4697.11
2307.6 4694.49
2308.8 4692.65
2310.0 4691.71
2311.2 4691.32
2312.4 4691.35
2313.6 4691.41
2314.8 4691.51
2316.0 4691.58
2317.2 4691.75
2318.4 4691.96
2319.6 4692.08
2320.8 4692.22
2322.0 4692.44
2323.2 4692.67
2324.4 4692.89
2325.6 4693.11
2326.8 4693.31
2328.0 4693.53
2329.2 4693.77
2330.4 4694.04
2331.6 4694.32
2332.8 4694.65
2334.0 4694.99
2335.2 4695.34
2336.4 4695.75
2337.6 4696.17
2338.8 4696.7
2340.0 4697.24
2341.2 4697.89
2342.4 4698.64
2343.6 4699.41
2344.8 4700.2
2346.0 4701.01
2347.2 4701.81
2348.4 4702.39
2349.6 4702.77
2350.8 4702.83
2352.0 4702.86
2353.2 4702.88
2354.4 4702.92
2355.6 4703.09
2356.8 4703.41
2358.0 4703.84
2359.2 4704.46
2360.4 4704.98
2361.6 4705.65
2362.8 4706.78
2364.0 4709.34
2365.2 4712.0
2366.4 4714.7
2367.6 4717.34
2368.8 4718.29
2370.0 4719.24
2371.2 4720.73
2372.4 4723.22
2373.6 4726.13
2374.8 4729.42
2376.0 4733.06
2377.2 4737.05
2378.4 4740.93
2379.6 4744.26
2380.8 4747.23
2382.0 4749.56
2383.2 4751.79
2384.4 4753.98
2385.6 4756.33
2386.8 4759.61
2388.0 4762.59
2389.2 4765.81
2390.4 4768.81
2391.6 4772.09
2392.8 4775.18
2394.0 4778.37
2395.2 4781.89
2396.4 4785.63
2397.6 4789.2
2398.8 4792.25
2400.0 4795.21
2401.2 4797.92
2402.4 4802.35
2403.6 4804.36
2404.8 4806.11
2406.0 4808.05
2407.2 4811.26
2408.4 4813.86
2409.6 4816.7
2410.8 4818.67
2412.0 4820.88
2413.2 4823.28
2414.4 4826.54
2415.6 4829.66
2416.8 4832.72
2418.0 4836.38
2419.2 4839.92
2420.4 4843.31
2421.6 4846.87
2422.8 4849.19
2424.0 4851.39
2425.2 4853.59
2426.4 4855.7
2427.6 4857.7
2428.8 4859.44
2430.0 4860.61
2431.2 4862.48
2432.4 4864.23
2433.6 4865.43
2434.8 4867.42
2436.0 4869.32
2437.2 4871.16
2438.4 4873.11
2439.6 4875.04
2440.8 4876.99
2442.0 4878.84
2443.2 4880.62
2444.4 4882.48
2445.6 4884.31
2446.8 4886.21
2448.0 4888.03
2449.2 4889.75
2450.4 4891.43
2451.6 4893.07
2452.8 4894.65
2454.0 4896.2
2455.2 4897.75
2456.4 4899.25
2457.6 4900.7
2458.8 4902.11
2460.0 4903.49
2461.2 4904.88
2462.4 4906.19
2463.6 4907.42
2464.8 4908.71
2466.0 4910.01
2467.2 4911.33
2468.4 4912.58
2469.6 4913.78
2470.8 4914.98
2472.0 4916.13
2473.2 4917.23
2474.4 4918.29
2475.6 4919.26
2476.8 4920.1
2478.0 4920.88
2479.2 4921.76
2480.4 4922.55
2481.6 4923.55
2482.8 4924.56
2484.0 4925.48
2485.2 4926.38
2486.4 4927.34
2487.6 4928.25
2488.8 4929.06
2490.0 4929.73
2491.2 4930.31
2492.4 4930.88
2493.6 4931.34
2494.8 4931.82
2496.0 4932.41
2497.2 4932.99
2498.4 4933.47
2499.6 4934.02
2500.8 4934.51
2502.0 4934.93
2503.2 4935.31
2504.4 4935.66
2505.6 4936.0
2506.8 4936.32
2508.0 4936.69
2509.2 4937.04
2510.4 4937.37
2511.6 4937.63
2512.8 4937.84
2514.0 4938.0
2515.2 4938.18
2516.4 4938.41
2517.6 4938.61
2518.8 4938.79
2520.0 4938.9
2521.2 4938.99
2522.4 4939.08
2523.6 4939.14
2524.8 4939.16
2526.0 4939.2
2527.2 4939.22
2528.4 4939.23
2529.6 4939.24
2530.8 4939.25
2532.0 4939.25
2533.2 4939.23
2534.4 4939.21
2535.6 4939.2
2536.8 4939.2
2538.0 4939.15
2539.2 4939.07
2540.4 4938.99
2541.6 4938.88
2542.8 4938.77
2544.0 4938.66
2545.2 4938.57
2546.4 4938.5
2547.6 4938.43
2548.8 4938.32
2550.0 4938.24
2551.2 4938.21
2552.4 4938.1
2553.6 4937.94
2554.8 4937.8
2556.0 4937.67
2557.2 4937.61
2558.4 4937.48
2559.6 4937.3
2560.8 4937.23
2562.0 4937.13
2563.2 4936.95
2564.4 4936.85
2565.6 4936.82
2566.8 4936.68
2568.0 4936.5
2569.2 4936.42
2570.4 4936.29
2571.6 4936.12
2572.8 4936.06
2574.0 4936.01
2575.2 4935.95
2576.4 4935.89
2577.6 4935.85
2578.8 4935.77
2580.0 4935.67
2581.2 4935.62
2582.4 4935.56
2583.6 4935.49
2584.8 4935.41
2586.0 4935.32
2587.2 4935.26
2588.4 4935.19
2589.6 4935.16
2590.8 4935.1
2592.0 4935.04
2593.2 4934.99
2594.4 4934.93
2595.6 4934.92
2596.8 4934.94
2598.0 4934.99
2599.2 4934.97
2600.4 4934.92
2601.6 4934.88
2602.8 4934.83
2604.0 4934.82
2605.2 4934.79
2606.4 4934.78
2607.6 4934.75
2608.8 4934.71
2610.0 4934.84
2611.2 4934.91
2612.4 4934.91
2613.6 4934.92
2614.8 4934.93
2616.0 4935.01
2617.2 4935.05
2618.4 4935.05
2619.6 4935.05
2620.8 4935.05
2622.0 4935.21
2623.2 4935.32
2624.4 4935.36
2625.6 4935.39
2626.8 4935.43
2628.0 4935.47
2629.2 4935.52
2630.4 4935.57
2631.6 4935.61
2632.8 4935.62
2634.0 4935.67
2635.2 4935.74
2636.4 4935.82
2637.6 4935.89
2638.8 4936.0
2640.0 4936.12
2641.2 4936.24
2642.4 4936.34
2643.6 4936.43
2644.8 4936.52
2646.0 4936.59
2647.2 4936.66
2648.4 4936.78
2649.6 4936.89
2650.8 4937.0
2652.0 4937.07
2653.2 4937.1
2654.4 4937.2
2655.6 4937.31
2656.8 4937.41
2658.0 4937.51
2659.2 4937.65
2660.4 4937.8
2661.6 4937.94
2662.8 4938.1
2664.0 4938.25
2665.2 4938.42
2666.4 4938.58
2667.6 4938.75
2668.8 4938.91
2670.0 4939.07
2671.2 4939.24
2672.4 4939.37
2673.6 4939.46
2674.8 4939.56
2676.0 4939.67
2677.2 4939.85
2678.4 4940.02
2679.6 4940.19
2680.8 4940.39
2682.0 4940.62
2683.2 4940.77
2684.4 4940.92
2685.6 4941.08
2686.8 4941.22
2688.0 4941.34
2689.2 4941.57
2690.4 4941.82
2691.6 4942.04
2692.8 4942.27
2694.0 4942.5
2695.2 4942.69
2696.4 4942.95
2697.6 4944.51
2698.8 4944.2
2700.0 4944.37
2701.2 4944.64
2702.4 4944.39
2703.6 4944.62
2704.8 4944.37
2706.0 4944.41
2707.2 4944.39
2708.4 4944.64
2709.6 4944.42
2710.8 4944.22
2712.0 4944.45
2713.2 4944.63
2714.4 4944.23
2715.6 4944.38
2716.8 4944.51
2718.0 4944.68
2719.2 4944.29
2720.4 4944.5
2721.6 4944.69
2722.8 4944.35
2724.0 4944.59
2725.2 4944.3
2726.4 4944.66
2727.6 4944.5
2728.8 4944.32
2730.0 4944.62
2731.2 4944.38
2732.4 4944.67
2733.6 4944.49
2734.8 4944.33
2736.0 4944.69
2737.2 4944.51
2738.4 4944.44
2739.6 4944.31
2740.8 4944.72
2742.0 4944.6
2743.2 4944.48
2744.4 4944.41
2745.6 4944.33
2746.8 4944.54
2748.0 4944.76
2749.2 4944.69
2750.4 4944.63
2751.6 4944.58
2752.8 4944.6
2754.0 4944.59
2755.2 4944.57
2756.4 4944.56
2757.6 4944.55
2758.8 4944.5
2760.0 4944.51
2761.2 4944.6
2762.4 4944.67
2763.6 4944.74
2764.8 4944.64
2766.0 4944.54
2767.2 4944.63
2768.4 4944.73
2769.6 4944.89
2770.8 4944.59
2772.0 4944.42
2773.2 4944.66
2774.4 4944.6
2775.6 4944.77
2776.8 4944.54
2778.0 4944.45
2779.2 4946.23
2780.4 4947.63
2781.6 4948.77
2782.8 4949.55
2784.0 4950.07
2785.2 4950.21
2786.4 4950.21
2787.6 4950.2
2788.8 4950.21
2790.0 4950.21
2791.2 4950.26
2792.4 4950.26
2793.6 4950.25
2794.8 4950.26
2796.0 4950.26
2797.2 4950.27
2798.4 4950.28
2799.6 4950.28
