2.88 2.12
23.64 2.21
43.8 2.25
64.08 2.26
84.48 2.23
105.12 2.23
125.28 2.28
145.68 2.3
166.2 2.29
186.6 2.39
207.0 2.41
227.28 2.31
247.8 2.27
268.08 2.25
288.72 2.23
309.24 2.24
329.4 2.25
349.68 2.23
370.32 2.21
390.48 2.21
411.0 2.22
431.28 2.23
451.8 2.22
472.08 2.21
492.48 2.23
513.0 2.28
533.64 2.3
553.8 2.25
574.56 2.31
594.48 2.29
615.0 2.25
635.4 2.3
655.68 2.25
676.08 2.26
696.84 2.27
717.12 2.3
737.4 2.34
757.92 2.26
778.32 2.24
798.6 2.24
818.88 2.25
839.28 2.25
859.8 2.2
880.08 2.23
900.6 2.26
921.0 2.28
941.4 2.3
962.04 2.34
982.2 2.3
1003.44 2.3
1023.72 2.86
1044.0 3.37
1064.4 3.36
1084.8 3.31
1105.32 3.31
1125.6 3.36
1146.12 3.36
1166.52 3.39
1186.92 3.38
1207.2 3.43
1227.6 3.46
1248.12 3.36
1268.4 3.33
1288.8 3.37
1309.32 3.39
1329.72 3.36
1350.12 3.4
1370.4 3.38
1391.04 3.32
1411.32 3.34
1431.72 3.31
1452.12 3.33
1472.4 3.35
1492.92 3.37
1513.32 3.36
1533.6 3.36
1554.0 3.38
1574.52 3.35
1594.92 3.39
1615.44 3.42
1635.6 3.38
1656.0 3.36
1676.52 3.33
1697.04 3.35
1723.44 3.35
1743.72 3.35
1764.24 3.38
1784.76 3.42
1805.04 3.42
1825.56 3.41
1845.84 3.44
1866.24 3.4
1887.0 3.42
1906.92 3.4
1927.56 3.34
1947.84 3.38
1968.36 3.42
1988.52 3.42
2009.16 3.4
2029.32 3.42
2049.84 3.38
2070.12 3.35
2090.64 3.35
2111.04 3.32
2131.32 3.32
2151.72 3.34
2172.48 3.38
2192.52 3.41
2213.16 3.41
2233.44 3.38
2253.72 3.37
2274.12 3.37
2294.64 3.37
2315.04 3.37
2335.44 3.4
2355.84 3.42
2376.12 3.39
2396.52 3.37
2417.04 3.36
2437.32 3.41
2457.96 3.4
2478.12 3.38
2498.64 3.42
2519.04 3.38
2539.44 3.36
2559.72 3.38
2580.12 3.36
2600.76 3.37
2620.92 3.44
2641.56 3.43
2661.72 3.35
2682.12 3.36
2702.64 3.36
2722.92 3.38
2743.32 3.44
2763.72 3.39
2784.48 3.33
