0.0 50.0
1.2 50.0
2.4 50.0
3.6 49.99
4.8 49.99
6.0 49.98
7.2 49.97
8.4 49.97
9.6 49.96
10.8 49.95
12.0 49.94
13.2 49.93
14.4 49.92
15.6 49.92
16.8 49.91
18.0 49.9
19.2 49.89
20.4 49.88
21.6 49.87
22.8 49.86
24.0 49.85
25.2 49.84
26.4 49.83
27.6 49.82
28.8 49.81
30.0 49.8
31.2 49.79
32.4 49.78
33.6 49.77
34.8 49.76
36.0 49.75
37.2 49.74
38.4 49.73
39.6 49.73
40.8 49.72
42.0 49.71
43.2 49.7
44.4 49.69
45.6 49.68
46.8 49.67
48.0 49.67
49.2 49.66
50.4 49.65
51.6 49.64
52.8 49.63
54.0 49.63
55.2 49.62
56.4 49.61
57.6 49.6
58.8 49.6
60.0 49.59
61.2 49.58
62.4 49.57
63.6 49.57
64.8 49.56
66.0 49.55
67.2 49.55
68.4 49.54
69.6 49.53
70.8 49.53
72.0 49.52
73.2 49.52
74.4 49.51
75.6 49.5
76.8 49.5
78.0 49.49
79.2 49.49
80.4 49.48
81.6 49.47
82.8 49.47
84.0 49.46
85.2 49.46
86.4 49.45
87.6 49.45
88.8 49.44
90.0 49.44
91.2 49.43
92.4 49.43
93.6 49.42
94.8 49.42
96.0 49.41
97.2 49.41
98.4 49.4
99.6 49.4
100.8 49.39
102.0 49.39
103.2 49.38
104.4 49.38
105.6 49.38
106.8 49.37
108.0 49.37
109.2 49.36
110.4 49.36
111.6 49.35
112.8 49.35
114.0 49.35
115.2 49.34
116.4 49.34
117.6 49.34
118.8 49.33
120.0 49.33
121.2 49.32
122.4 49.32
123.6 49.32
124.8 49.31
126.0 49.31
127.2 49.31
128.4 49.3
129.6 49.3
130.8 49.3
132.0 49.29
133.2 49.29
134.4 49.29
135.6 49.28
136.8 49.28
138.0 49.28
139.2 49.28
140.4 49.27
141.6 49.27
142.8 49.27
144.0 49.26
145.2 49.26
146.4 49.26
147.6 49.26
148.8 49.25
150.0 49.25
151.2 49.25
152.4 49.24
153.6 49.24
154.8 49.24
156.0 49.24
157.2 49.23
158.4 49.23
159.6 49.23
160.8 49.23
162.0 49.23
163.2 49.22
164.4 49.22
165.6 49.22
166.8 49.22
168.0 49.21
169.2 49.21
170.4 49.21
171.6 49.21
172.8 49.21
174.0 49.2
175.2 49.2
176.4 49.2
177.6 49.2
178.8 49.2
180.0 49.19
181.2 49.19
182.4 49.19
183.6 49.19
184.8 49.19
186.0 49.19
187.2 49.18
188.4 49.18
189.6 49.18
190.8 49.18
192.0 49.18
193.2 49.18
194.4 49.17
195.6 49.17
196.8 49.17
198.0 49.17
199.2 49.17
200.4 49.17
201.6 49.16
202.8 49.16
204.0 49.16
205.2 49.16
206.4 49.16
207.6 49.16
208.8 49.16
210.0 49.15
211.2 49.15
212.4 49.15
213.6 49.15
214.8 49.15
216.0 49.15
217.2 49.15
218.4 49.15
219.6 49.14
220.8 49.14
222.0 49.14
223.2 49.14
224.4 49.14
225.6 49.14
226.8 49.14
228.0 49.14
229.2 49.14
230.4 49.13
231.6 49.13
232.8 49.13
234.0 49.13
235.2 49.13
236.4 49.13
237.6 49.13
238.8 49.13
240.0 49.13
241.2 49.13
242.4 49.12
243.6 49.12
244.8 49.12
246.0 49.12
247.2 49.12
248.4 49.12
249.6 49.12
250.8 49.12
252.0 49.12
253.2 49.12
254.4 49.12
255.6 49.12
256.8 49.11
258.0 49.11
259.2 49.11
260.4 49.11
261.6 49.11
262.8 49.11
264.0 49.11
265.2 49.11
266.4 49.11
267.6 49.11
268.8 49.11
270.0 49.11
271.2 49.11
272.4 49.11
273.6 49.1
274.8 49.1
276.0 49.1
277.2 49.1
278.4 49.1
279.6 49.1
280.8 49.1
282.0 49.1
283.2 49.1
284.4 49.1
285.6 49.1
286.8 49.1
288.0 49.1
289.2 49.1
290.4 49.1
291.6 49.1
292.8 49.1
294.0 49.09
295.2 49.09
296.4 49.09
297.6 49.09
298.8 49.09
300.0 49.09
301.2 49.09
302.4 49.09
303.6 49.09
304.8 49.09
306.0 49.09
307.2 49.09
308.4 49.09
309.6 49.09
310.8 49.09
312.0 49.09
313.2 49.09
314.4 49.09
315.6 49.09
316.8 49.09
318.0 49.09
319.2 49.09
320.4 49.09
321.6 49.08
322.8 49.08
324.0 49.08
325.2 49.08
326.4 49.08
327.6 49.08
328.8 49.08
330.0 49.08
331.2 49.08
332.4 49.08
333.6 49.08
334.8 49.08
336.0 49.08
337.2 49.08
338.4 49.08
339.6 49.08
340.8 49.08
342.0 49.08
343.2 49.08
344.4 49.08
345.6 49.08
346.8 49.08
348.0 49.08
349.2 49.08
350.4 49.08
351.6 49.08
352.8 49.08
354.0 49.08
355.2 49.08
356.4 49.08
357.6 49.08
358.8 49.08
360.0 49.07
361.2 49.07
362.4 49.07
363.6 49.07
364.8 49.07
366.0 49.07
367.2 49.07
368.4 49.07
369.6 49.07
370.8 49.07
372.0 49.07
373.2 49.07
374.4 49.07
375.6 49.07
376.8 49.07
378.0 49.07
379.2 49.07
380.4 49.07
381.6 49.07
382.8 49.07
384.0 49.07
385.2 49.07
386.4 49.07
387.6 49.07
388.8 49.07
390.0 49.07
391.2 49.07
392.4 49.07
393.6 49.07
394.8 49.07
396.0 49.07
397.2 49.07
398.4 49.07
399.6 49.07
400.8 49.07
402.0 49.07
403.2 49.07
404.4 49.07
405.6 49.07
406.8 49.07
408.0 49.07
409.2 49.07
410.4 49.07
411.6 49.07
412.8 49.07
414.0 49.07
415.2 49.07
416.4 49.07
417.6 49.07
418.8 49.07
420.0 49.07
421.2 49.07
422.4 49.07
423.6 49.07
424.8 49.07
426.0 49.07
427.2 49.07
428.4 49.07
429.6 49.07
430.8 49.06
432.0 49.06
433.2 49.06
434.4 49.06
435.6 49.06
436.8 49.06
438.0 49.06
439.2 49.06
440.4 49.06
441.6 49.06
442.8 49.06
444.0 49.06
445.2 49.06
446.4 49.06
447.6 49.06
448.8 49.06
450.0 49.06
451.2 49.06
452.4 49.06
453.6 49.06
454.8 49.06
456.0 49.06
457.2 49.06
458.4 49.06
459.6 49.06
460.8 49.06
462.0 49.06
463.2 49.06
464.4 49.06
465.6 49.06
466.8 49.06
468.0 49.06
469.2 49.06
470.4 49.06
471.6 49.06
472.8 49.06
474.0 49.06
475.2 49.06
476.4 49.06
477.6 49.06
478.8 49.06
480.0 49.06
481.2 49.06
482.4 49.06
483.6 49.06
484.8 49.06
486.0 49.06
487.2 49.06
488.4 49.06
489.6 49.06
490.8 49.06
492.0 49.06
493.2 49.06
494.4 49.06
495.6 49.06
496.8 49.06
498.0 49.06
499.2 49.06
500.4 49.06
501.6 49.06
502.8 49.06
504.0 49.06
505.2 49.06
506.4 49.06
507.6 49.06
508.8 49.06
510.0 49.06
511.2 49.06
512.4 49.06
513.6 49.06
514.8 49.06
516.0 49.06
517.2 49.06
518.4 49.06
519.6 49.06
520.8 49.06
522.0 49.06
523.2 49.06
524.4 49.06
525.6 49.06
526.8 49.06
528.0 49.06
529.2 49.06
530.4 49.06
531.6 49.06
532.8 49.06
534.0 49.06
535.2 49.06
536.4 49.06
537.6 49.06
538.8 49.06
540.0 49.06
541.2 49.06
542.4 49.06
543.6 49.06
544.8 49.06
546.0 49.06
547.2 49.06
548.4 49.06
549.6 49.06
550.8 49.06
552.0 49.06
553.2 49.06
554.4 49.06
555.6 49.06
556.8 49.06
558.0 49.06
559.2 49.06
560.4 49.06
561.6 49.06
562.8 49.06
564.0 49.06
565.2 49.06
566.4 49.06
567.6 49.06
568.8 49.06
570.0 49.06
571.2 49.06
572.4 49.06
573.6 49.06
574.8 49.06
576.0 49.06
577.2 49.06
578.4 49.06
579.6 49.06
580.8 49.06
582.0 49.06
583.2 49.06
584.4 49.06
585.6 49.06
586.8 49.06
588.0 49.06
589.2 49.06
590.4 49.06
591.6 49.06
592.8 49.06
594.0 49.06
595.2 49.06
596.4 49.06
597.6 49.06
598.8 49.06
600.0 49.06
601.2 49.06
602.4 49.06
603.6 49.06
604.8 49.06
606.0 49.06
607.2 49.06
608.4 49.06
609.6 49.06
610.8 49.06
612.0 49.06
613.2 49.06
614.4 49.06
615.6 49.06
616.8 49.06
618.0 49.06
619.2 49.06
620.4 49.06
621.6 49.06
622.8 49.06
624.0 49.06
625.2 49.06
626.4 49.06
627.6 49.06
628.8 49.06
630.0 49.06
631.2 49.06
632.4 49.06
633.6 49.06
634.8 49.06
636.0 49.06
637.2 49.06
638.4 49.06
639.6 49.06
640.8 49.06
642.0 49.06
643.2 49.06
644.4 49.06
645.6 49.06
646.8 49.06
648.0 49.06
649.2 49.06
650.4 49.06
651.6 49.06
652.8 49.06
654.0 49.06
655.2 49.06
656.4 49.06
657.6 49.06
658.8 49.06
660.0 49.06
661.2 49.06
662.4 49.06
663.6 49.06
664.8 49.06
666.0 49.06
667.2 49.06
668.4 49.06
669.6 49.06
670.8 49.06
672.0 49.06
673.2 49.06
674.4 49.06
675.6 49.06
676.8 49.06
678.0 49.06
679.2 49.06
680.4 49.06
681.6 49.06
682.8 49.06
684.0 49.06
685.2 49.06
686.4 49.06
687.6 49.06
688.8 49.06
690.0 49.06
691.2 49.06
692.4 49.06
693.6 49.06
694.8 49.06
696.0 49.06
697.2 49.06
698.4 49.06
699.6 49.06
700.8 49.06
702.0 49.06
703.2 49.06
704.4 49.06
705.6 49.06
706.8 49.06
708.0 49.06
709.2 49.06
710.4 49.06
711.6 49.06
712.8 49.06
714.0 49.06
715.2 49.06
716.4 49.06
717.6 49.06
718.8 49.06
720.0 49.06
721.2 49.06
722.4 49.06
723.6 49.06
724.8 49.06
726.0 49.06
727.2 49.06
728.4 49.06
729.6 49.06
730.8 49.06
732.0 49.06
733.2 49.06
734.4 49.06
735.6 49.06
736.8 49.06
738.0 49.06
739.2 49.06
740.4 49.06
741.6 49.06
742.8 49.06
744.0 49.06
745.2 49.06
746.4 49.06
747.6 49.06
748.8 49.06
750.0 49.06
751.2 49.06
752.4 49.06
753.6 49.06
754.8 49.06
756.0 49.06
757.2 49.06
758.4 49.06
759.6 49.06
760.8 49.06
762.0 49.06
763.2 49.06
764.4 49.06
765.6 49.06
766.8 49.06
768.0 49.06
769.2 49.06
770.4 49.06
771.6 49.06
772.8 49.06
774.0 49.06
775.2 49.06
776.4 49.06
777.6 49.06
778.8 49.06
780.0 49.06
781.2 49.06
782.4 49.06
783.6 49.06
784.8 49.06
786.0 49.06
787.2 49.06
788.4 49.06
789.6 49.06
790.8 49.06
792.0 49.06
793.2 49.06
794.4 49.06
795.6 49.06
796.8 49.06
798.0 49.06
799.2 49.06
800.4 49.06
801.6 49.06
802.8 49.06
804.0 49.06
805.2 49.06
806.4 49.06
807.6 49.06
808.8 49.06
810.0 49.06
811.2 49.06
812.4 49.06
813.6 49.06
814.8 49.06
816.0 49.06
817.2 49.06
818.4 49.06
819.6 49.06
820.8 49.06
822.0 49.06
823.2 49.06
824.4 49.06
825.6 49.06
826.8 49.06
828.0 49.06
829.2 49.06
830.4 49.06
831.6 49.06
832.8 49.06
834.0 49.06
835.2 49.06
836.4 49.06
837.6 49.06
838.8 49.06
840.0 49.06
841.2 49.06
842.4 49.06
843.6 49.06
844.8 49.06
846.0 49.06
847.2 49.06
848.4 49.06
849.6 49.06
850.8 49.06
852.0 49.06
853.2 49.06
854.4 49.06
855.6 49.06
856.8 49.06
858.0 49.06
859.2 49.06
860.4 49.06
861.6 49.06
862.8 49.06
864.0 49.06
865.2 49.06
866.4 49.06
867.6 49.06
868.8 49.06
870.0 49.06
871.2 49.06
872.4 49.06
873.6 49.06
874.8 49.06
876.0 49.06
877.2 49.06
878.4 49.06
879.6 49.06
880.8 49.06
882.0 49.06
883.2 49.06
884.4 49.06
885.6 49.06
886.8 49.06
888.0 49.06
889.2 49.06
890.4 49.06
891.6 49.06
892.8 49.06
894.0 49.06
895.2 49.06
896.4 49.06
897.6 49.06
898.8 49.06
900.0 49.06
901.2 49.06
902.4 49.06
903.6 49.06
904.8 49.06
906.0 49.06
907.2 49.06
908.4 49.06
909.6 49.06
910.8 49.06
912.0 49.06
913.2 49.06
914.4 49.06
915.6 49.06
916.8 49.06
918.0 49.06
919.2 49.06
920.4 49.06
921.6 49.06
922.8 49.06
924.0 49.06
925.2 49.06
926.4 49.06
927.6 49.06
928.8 49.06
930.0 49.06
931.2 49.06
932.4 49.06
933.6 49.06
934.8 49.06
936.0 49.06
937.2 49.06
938.4 49.06
939.6 49.06
940.8 49.06
942.0 49.06
943.2 49.06
944.4 49.06
945.6 49.06
946.8 49.06
948.0 49.06
949.2 49.06
950.4 49.06
951.6 49.06
952.8 49.06
954.0 49.06
955.2 49.06
956.4 49.06
957.6 49.06
958.8 49.06
960.0 49.06
961.2 49.06
962.4 49.06
963.6 49.06
964.8 49.06
966.0 49.06
967.2 49.06
968.4 49.06
969.6 49.06
970.8 49.06
972.0 49.06
973.2 49.06
974.4 49.06
975.6 49.06
976.8 49.06
978.0 49.06
979.2 49.06
980.4 49.06
981.6 49.06
982.8 49.06
984.0 49.06
985.2 49.06
986.4 49.06
987.6 49.06
988.8 49.06
990.0 49.06
991.2 49.06
992.4 49.06
993.6 49.06
994.8 49.06
996.0 49.06
997.2 49.06
998.4 49.06
999.6 49.06
1000.8 49.06
1002.0 49.06
1003.2 49.06
1004.4 49.06
1005.6 49.06
1006.8 49.06
1008.0 49.06
1009.2 49.06
1010.4 49.06
1011.6 49.06
1012.8 49.06
1014.0 49.06
1015.2 49.06
1016.4 49.06
1017.6 49.06
1018.8 49.06
1020.0 49.06
1021.2 49.06
1022.4 49.06
1023.6 49.06
1024.8 49.06
1026.0 49.06
1027.2 49.06
1028.4 49.06
1029.6 49.06
1030.8 49.06
1032.0 49.06
1033.2 49.06
1034.4 49.06
1035.6 49.06
1036.8 49.06
1038.0 49.06
1039.2 49.06
1040.4 49.06
1041.6 49.06
1042.8 49.06
1044.0 49.06
1045.2 49.06
1046.4 49.06
1047.6 49.06
1048.8 49.06
1050.0 49.06
1051.2 49.06
1052.4 49.06
1053.6 49.06
1054.8 49.06
1056.0 49.06
1057.2 49.06
1058.4 49.06
1059.6 49.06
1060.8 49.06
1062.0 49.06
1063.2 49.06
1064.4 49.06
1065.6 49.06
1066.8 49.06
1068.0 49.06
1069.2 49.06
1070.4 49.06
1071.6 49.06
1072.8 49.06
1074.0 49.06
1075.2 49.06
1076.4 49.06
1077.6 49.06
1078.8 49.06
1080.0 49.06
1081.2 49.06
1082.4 49.06
1083.6 49.06
1084.8 49.06
1086.0 49.06
1087.2 49.06
1088.4 49.06
1089.6 49.06
1090.8 49.06
1092.0 49.06
1093.2 49.06
1094.4 49.06
1095.6 49.06
1096.8 49.06
1098.0 49.06
1099.2 49.06
1100.4 49.06
1101.6 49.06
1102.8 49.06
1104.0 49.06
1105.2 49.06
1106.4 49.06
1107.6 49.06
1108.8 49.06
1110.0 49.06
1111.2 49.06
1112.4 49.06
1113.6 49.06
1114.8 49.06
1116.0 49.06
1117.2 49.06
1118.4 49.06
1119.6 49.06
1120.8 49.06
1122.0 49.06
1123.2 49.06
1124.4 49.06
1125.6 49.06
1126.8 49.06
1128.0 49.06
1129.2 49.06
1130.4 49.06
1131.6 49.06
1132.8 49.06
1134.0 49.06
1135.2 49.06
1136.4 49.06
1137.6 49.06
1138.8 49.06
1140.0 49.06
1141.2 49.06
1142.4 49.06
1143.6 49.06
1144.8 49.06
1146.0 49.06
1147.2 49.06
1148.4 49.06
1149.6 49.06
1150.8 49.06
1152.0 49.06
1153.2 49.06
1154.4 49.06
1155.6 49.06
1156.8 49.06
1158.0 49.06
1159.2 49.06
1160.4 49.06
1161.6 49.06
1162.8 49.06
1164.0 49.06
1165.2 49.06
1166.4 49.06
1167.6 49.06
1168.8 49.06
1170.0 49.06
1171.2 49.06
1172.4 49.06
1173.6 49.06
1174.8 49.06
1176.0 49.06
1177.2 49.06
1178.4 49.06
1179.6 49.06
1180.8 49.06
1182.0 49.06
1183.2 49.06
1184.4 49.06
1185.6 49.06
1186.8 49.06
1188.0 49.06
1189.2 49.06
1190.4 49.06
1191.6 49.06
1192.8 49.06
1194.0 49.06
1195.2 49.06
1196.4 49.06
1197.6 49.06
1198.8 49.06
1200.0 49.06
1201.2 49.06
1202.4 49.06
1203.6 49.06
1204.8 49.06
1206.0 49.06
1207.2 49.06
1208.4 49.06
1209.6 49.06
1210.8 49.06
1212.0 49.06
1213.2 49.06
1214.4 49.06
1215.6 49.06
1216.8 49.06
1218.0 49.06
1219.2 49.06
1220.4 49.06
1221.6 49.06
1222.8 49.06
1224.0 49.06
1225.2 49.06
1226.4 49.06
1227.6 49.06
1228.8 49.06
1230.0 49.06
1231.2 49.06
1232.4 49.06
1233.6 49.06
1234.8 49.06
1236.0 49.06
1237.2 49.06
1238.4 49.06
1239.6 49.06
1240.8 49.06
1242.0 49.06
1243.2 49.06
1244.4 49.06
1245.6 49.06
1246.8 49.06
1248.0 49.06
1249.2 49.06
1250.4 49.06
1251.6 49.06
1252.8 49.06
1254.0 49.06
1255.2 49.06
1256.4 49.06
1257.6 49.06
1258.8 49.06
1260.0 49.06
1261.2 49.06
1262.4 49.06
1263.6 49.06
1264.8 49.06
1266.0 49.06
1267.2 49.06
1268.4 49.06
1269.6 49.06
1270.8 49.06
1272.0 49.06
1273.2 49.06
1274.4 49.06
1275.6 49.06
1276.8 49.06
1278.0 49.06
1279.2 49.06
1280.4 49.06
1281.6 49.06
1282.8 49.06
1284.0 49.06
1285.2 49.06
1286.4 49.06
1287.6 49.06
1288.8 49.06
1290.0 49.06
1291.2 49.06
1292.4 49.06
1293.6 49.06
1294.8 49.06
1296.0 49.06
1297.2 49.06
1298.4 49.06
1299.6 49.06
1300.8 49.06
1302.0 49.06
1303.2 49.06
1304.4 49.06
1305.6 49.06
1306.8 49.06
1308.0 49.06
1309.2 49.06
1310.4 49.06
1311.6 49.06
1312.8 49.06
1314.0 49.06
1315.2 49.06
1316.4 49.06
1317.6 49.06
1318.8 49.06
1320.0 49.06
1321.2 49.06
1322.4 49.06
1323.6 49.06
1324.8 49.06
1326.0 49.06
1327.2 49.06
1328.4 49.06
1329.6 49.06
1330.8 49.06
1332.0 49.06
1333.2 49.06
1334.4 49.06
1335.6 49.06
1336.8 49.06
1338.0 49.06
1339.2 49.06
1340.4 49.06
1341.6 49.06
1342.8 49.06
1344.0 49.06
1345.2 49.06
1346.4 49.06
1347.6 49.06
1348.8 49.06
1350.0 49.06
1351.2 49.06
1352.4 49.06
1353.6 49.06
1354.8 49.06
1356.0 49.06
1357.2 49.06
1358.4 49.06
1359.6 49.06
1360.8 49.06
1362.0 49.06
1363.2 49.06
1364.4 49.06
1365.6 49.06
1366.8 49.06
1368.0 49.06
1369.2 49.06
1370.4 49.06
1371.6 49.06
1372.8 49.06
1374.0 49.06
1375.2 49.06
1376.4 49.06
1377.6 49.06
1378.8 49.06
1380.0 49.06
1381.2 49.06
1382.4 49.06
1383.6 49.06
1384.8 49.06
1386.0 49.06
1387.2 49.06
1388.4 49.06
1389.6 49.06
1390.8 49.06
1392.0 49.06
1393.2 49.06
1394.4 49.06
1395.6 49.06
1396.8 49.06
1398.0 49.06
1399.2 49.06
1400.4 49.06
1401.6 49.06
1402.8 49.06
1404.0 49.06
1405.2 49.06
1406.4 49.06
1407.6 49.06
1408.8 49.06
1410.0 49.06
1411.2 49.06
1412.4 49.06
1413.6 49.06
1414.8 49.06
1416.0 49.06
1417.2 49.06
1418.4 49.06
1419.6 49.06
1420.8 49.06
1422.0 49.06
1423.2 49.06
1424.4 49.06
1425.6 49.06
1426.8 49.06
1428.0 49.06
1429.2 49.06
1430.4 49.06
1431.6 49.06
1432.8 49.06
1434.0 49.06
1435.2 49.06
1436.4 49.06
1437.6 49.06
1438.8 49.06
1440.0 49.06
1441.2 49.06
1442.4 49.06
1443.6 49.06
1444.8 49.06
1446.0 49.06
1447.2 49.06
1448.4 49.06
1449.6 49.06
1450.8 49.06
1452.0 49.06
1453.2 49.06
1454.4 49.06
1455.6 49.06
1456.8 49.06
1458.0 49.06
1459.2 49.06
1460.4 49.06
1461.6 49.06
1462.8 49.06
1464.0 49.06
1465.2 49.06
1466.4 49.06
1467.6 49.06
1468.8 49.06
1470.0 49.06
1471.2 49.06
1472.4 49.06
1473.6 49.06
1474.8 49.06
1476.0 49.06
1477.2 49.06
1478.4 49.06
1479.6 49.06
1480.8 49.06
1482.0 49.06
1483.2 49.06
1484.4 49.06
1485.6 49.06
1486.8 49.06
1488.0 49.06
1489.2 49.06
1490.4 49.06
1491.6 49.06
1492.8 49.06
1494.0 49.06
1495.2 49.06
1496.4 49.06
1497.6 49.06
1498.8 49.06
1500.0 49.06
1501.2 49.06
1502.4 49.06
1503.6 49.06
1504.8 49.06
1506.0 49.06
1507.2 49.06
1508.4 49.06
1509.6 49.06
1510.8 49.06
1512.0 49.06
1513.2 49.06
1514.4 49.06
1515.6 49.06
1516.8 49.06
1518.0 49.06
1519.2 49.06
1520.4 49.06
1521.6 49.06
1522.8 49.06
1524.0 49.06
1525.2 49.06
1526.4 49.06
1527.6 49.06
1528.8 49.06
1530.0 49.06
1531.2 49.06
1532.4 49.06
1533.6 49.06
1534.8 49.06
1536.0 49.06
1537.2 49.06
1538.4 49.06
1539.6 49.06
1540.8 49.06
1542.0 49.06
1543.2 49.06
1544.4 49.06
1545.6 49.06
1546.8 49.06
1548.0 49.06
1549.2 49.06
1550.4 49.06
1551.6 49.06
1552.8 49.06
1554.0 49.06
1555.2 49.06
1556.4 49.06
1557.6 49.06
1558.8 49.06
1560.0 49.06
1561.2 49.06
1562.4 49.06
1563.6 49.06
1564.8 49.06
1566.0 49.06
1567.2 49.06
1568.4 49.06
1569.6 49.06
1570.8 49.06
1572.0 49.06
1573.2 49.06
1574.4 49.06
1575.6 49.06
1576.8 49.06
1578.0 49.06
1579.2 49.06
1580.4 49.06
1581.6 49.06
1582.8 49.06
1584.0 49.06
1585.2 49.06
1586.4 49.06
1587.6 49.06
1588.8 49.06
1590.0 49.06
1591.2 49.06
1592.4 49.06
1593.6 49.06
1594.8 49.06
1596.0 49.06
1597.2 49.06
1598.4 49.06
1599.6 49.06
1600.8 49.06
1602.0 49.06
1603.2 49.06
1604.4 49.06
1605.6 49.06
1606.8 49.06
1608.0 49.06
1609.2 49.06
1610.4 49.06
1611.6 49.06
1612.8 49.06
1614.0 49.06
1615.2 49.06
1616.4 49.06
1617.6 49.06
1618.8 49.06
1620.0 49.06
1621.2 49.06
1622.4 49.06
1623.6 49.06
1624.8 49.06
1626.0 49.06
1627.2 49.06
1628.4 49.06
1629.6 49.06
1630.8 49.06
1632.0 49.06
1633.2 49.06
1634.4 49.06
1635.6 49.06
1636.8 49.06
1638.0 49.06
1639.2 49.06
1640.4 49.06
1641.6 49.06
1642.8 49.06
1644.0 49.06
1645.2 49.06
1646.4 49.06
1647.6 49.06
1648.8 49.06
1650.0 49.06
1651.2 49.06
1652.4 49.06
1653.6 49.06
1654.8 49.06
1656.0 49.06
1657.2 49.06
1658.4 49.06
1659.6 49.06
1660.8 49.06
1662.0 49.06
1663.2 49.06
1664.4 49.06
1665.6 49.06
1666.8 49.06
1668.0 49.06
1669.2 49.06
1670.4 49.06
1671.6 49.06
1672.8 49.06
1674.0 49.06
1675.2 49.06
1676.4 49.06
1677.6 49.06
1678.8 49.06
1680.0 49.06
1681.2 49.06
1682.4 49.06
1683.6 49.06
1684.8 49.06
1686.0 49.06
1687.2 49.06
1688.4 49.06
1689.6 49.06
1690.8 49.06
1692.0 49.06
1693.2 49.06
1694.4 49.06
1695.6 49.06
1696.8 49.06
1698.0 49.06
1699.2 49.06
1700.4 49.06
1701.6 49.06
1702.8 49.06
1704.0 49.06
1705.2 49.06
1706.4 49.06
1707.6 49.06
1708.8 49.06
1710.0 49.06
1711.2 49.06
1712.4 49.06
1713.6 49.06
1714.8 49.06
1716.0 49.06
1717.2 49.06
1718.4 49.06
1719.6 49.06
1720.8 49.06
1722.0 49.06
1723.2 49.06
1724.4 49.06
1725.6 49.06
1726.8 49.06
1728.0 49.06
1729.2 49.06
1730.4 49.06
1731.6 49.06
1732.8 49.06
1734.0 49.06
1735.2 49.06
1736.4 49.06
1737.6 49.06
1738.8 49.06
1740.0 49.06
1741.2 49.06
1742.4 49.06
1743.6 49.06
1744.8 49.06
1746.0 49.06
1747.2 49.06
1748.4 49.06
1749.6 49.06
1750.8 49.06
1752.0 49.06
1753.2 49.06
1754.4 49.06
1755.6 49.06
1756.8 49.06
1758.0 49.06
1759.2 49.06
1760.4 49.06
1761.6 49.06
1762.8 49.06
1764.0 49.06
1765.2 49.06
1766.4 49.06
1767.6 49.06
1768.8 49.06
1770.0 49.06
1771.2 49.06
1772.4 49.06
1773.6 49.06
1774.8 49.06
1776.0 49.06
1777.2 49.06
1778.4 49.06
1779.6 49.06
1780.8 49.06
1782.0 49.06
1783.2 49.06
1784.4 49.06
1785.6 49.06
1786.8 49.06
1788.0 49.06
1789.2 49.06
1790.4 49.06
1791.6 49.06
1792.8 49.06
1794.0 49.06
1795.2 49.06
1796.4 49.06
1797.6 49.06
1798.8 49.06
1800.0 49.06
1801.2 49.06
1802.4 49.06
1803.6 49.06
1804.8 49.06
1806.0 49.06
1807.2 49.06
1808.4 49.06
1809.6 49.06
1810.8 49.06
1812.0 49.06
1813.2 49.06
1814.4 49.06
1815.6 49.06
1816.8 49.06
1818.0 49.06
1819.2 49.06
1820.4 49.06
1821.6 49.06
1822.8 49.06
1824.0 49.06
1825.2 49.06
1826.4 49.06
1827.6 49.06
1828.8 49.06
1830.0 49.06
1831.2 49.06
1832.4 49.06
1833.6 49.06
1834.8 49.06
1836.0 49.06
1837.2 49.06
1838.4 49.06
1839.6 49.06
1840.8 49.06
1842.0 49.06
1843.2 49.06
1844.4 49.06
1845.6 49.06
1846.8 49.06
1848.0 49.06
1849.2 49.06
1850.4 49.06
1851.6 49.06
1852.8 49.06
1854.0 49.06
1855.2 49.06
1856.4 49.06
1857.6 49.06
1858.8 49.06
1860.0 49.06
1861.2 49.06
1862.4 49.06
1863.6 49.06
1864.8 49.06
1866.0 49.06
1867.2 49.06
1868.4 49.06
1869.6 49.06
1870.8 49.06
1872.0 49.06
1873.2 49.06
1874.4 49.06
1875.6 49.06
1876.8 49.06
1878.0 49.06
1879.2 49.06
1880.4 49.06
1881.6 49.06
1882.8 49.06
1884.0 49.06
1885.2 49.06
1886.4 49.06
1887.6 49.06
1888.8 49.06
1890.0 49.06
1891.2 49.06
1892.4 49.06
1893.6 49.06
1894.8 49.06
1896.0 49.06
1897.2 49.06
1898.4 49.06
1899.6 49.06
1900.8 49.06
1902.0 49.06
1903.2 49.06
1904.4 49.06
1905.6 49.06
1906.8 49.06
1908.0 49.06
1909.2 49.06
1910.4 49.06
1911.6 49.06
1912.8 49.06
1914.0 49.06
1915.2 49.06
1916.4 49.06
1917.6 49.06
1918.8 49.06
1920.0 49.06
1921.2 49.06
1922.4 49.06
1923.6 49.06
1924.8 49.06
1926.0 49.06
1927.2 49.06
1928.4 49.06
1929.6 49.06
1930.8 49.06
1932.0 49.06
1933.2 49.06
1934.4 49.06
1935.6 49.06
1936.8 49.06
1938.0 49.06
1939.2 49.06
1940.4 49.06
1941.6 49.06
1942.8 49.06
1944.0 49.06
1945.2 49.06
1946.4 49.06
1947.6 49.06
1948.8 49.06
1950.0 49.06
1951.2 49.06
1952.4 49.06
1953.6 49.06
1954.8 49.06
1956.0 49.06
1957.2 49.06
1958.4 49.06
1959.6 49.06
1960.8 49.06
1962.0 49.06
1963.2 49.06
1964.4 49.06
1965.6 49.06
1966.8 49.06
1968.0 49.06
1969.2 49.06
1970.4 49.06
1971.6 49.06
1972.8 49.06
1974.0 49.06
1975.2 49.06
1976.4 49.06
1977.6 49.06
1978.8 49.06
1980.0 49.06
1981.2 49.06
1982.4 49.06
1983.6 49.06
1984.8 49.06
1986.0 49.06
1987.2 49.06
1988.4 49.06
1989.6 49.06
1990.8 49.06
1992.0 49.06
1993.2 49.06
1994.4 49.06
1995.6 49.06
1996.8 49.06
1998.0 49.06
1999.2 49.06
2000.4 49.06
2001.6 49.06
2002.8 49.06
2004.0 49.06
2005.2 49.06
2006.4 49.06
2007.6 49.06
2008.8 49.06
2010.0 49.06
2011.2 49.06
2012.4 49.06
2013.6 49.06
2014.8 49.06
2016.0 49.06
2017.2 49.06
2018.4 49.06
2019.6 49.06
2020.8 49.06
2022.0 49.06
2023.2 49.06
2024.4 49.06
2025.6 49.06
2026.8 49.06
2028.0 49.06
2029.2 49.06
2030.4 49.06
2031.6 49.06
2032.8 49.06
2034.0 49.06
2035.2 49.06
2036.4 49.06
2037.6 49.06
2038.8 49.06
2040.0 49.06
2041.2 49.06
2042.4 49.06
2043.6 49.06
2044.8 49.06
2046.0 49.06
2047.2 49.06
2048.4 49.06
2049.6 49.06
2050.8 49.06
2052.0 49.06
2053.2 49.06
2054.4 49.06
2055.6 49.06
2056.8 49.06
2058.0 49.06
2059.2 49.06
2060.4 49.06
2061.6 49.06
2062.8 49.06
2064.0 49.06
2065.2 49.06
2066.4 49.06
2067.6 49.06
2068.8 49.06
2070.0 49.06
2071.2 49.06
2072.4 49.06
2073.6 49.06
2074.8 49.06
2076.0 49.06
2077.2 49.06
2078.4 49.06
2079.6 49.06
2080.8 49.06
2082.0 49.06
2083.2 49.06
2084.4 49.06
2085.6 49.06
2086.8 49.06
2088.0 49.06
2089.2 49.06
2090.4 49.06
2091.6 49.06
2092.8 49.06
2094.0 49.06
2095.2 49.06
2096.4 49.06
2097.6 49.06
2098.8 49.06
2100.0 49.06
2101.2 49.06
2102.4 49.06
2103.6 49.06
2104.8 49.06
2106.0 49.06
2107.2 49.06
2108.4 49.06
2109.6 49.06
2110.8 49.06
2112.0 49.06
2113.2 49.06
2114.4 49.06
2115.6 49.06
2116.8 49.06
2118.0 49.06
2119.2 49.06
2120.4 49.06
2121.6 49.06
2122.8 49.06
2124.0 49.06
2125.2 49.06
2126.4 49.06
2127.6 49.06
2128.8 49.06
2130.0 49.06
2131.2 49.06
2132.4 49.06
2133.6 49.06
2134.8 49.06
2136.0 49.06
2137.2 49.06
2138.4 49.06
2139.6 49.06
2140.8 49.06
2142.0 49.06
2143.2 49.06
2144.4 49.06
2145.6 49.06
2146.8 49.06
2148.0 49.06
2149.2 49.06
2150.4 49.06
2151.6 49.06
2152.8 49.06
2154.0 49.06
2155.2 49.06
2156.4 49.06
2157.6 49.06
2158.8 49.06
2160.0 49.06
2161.2 49.06
2162.4 49.06
2163.6 49.06
2164.8 49.06
2166.0 49.06
2167.2 49.06
2168.4 49.06
2169.6 49.06
2170.8 49.06
2172.0 49.06
2173.2 49.06
2174.4 49.06
2175.6 49.06
2176.8 49.06
2178.0 49.06
2179.2 49.06
2180.4 49.06
2181.6 49.06
2182.8 49.06
2184.0 49.06
2185.2 49.06
2186.4 49.06
2187.6 49.06
2188.8 49.06
2190.0 49.06
2191.2 49.06
2192.4 49.06
2193.6 49.06
2194.8 49.06
2196.0 49.06
2197.2 49.06
2198.4 49.06
2199.6 49.06
2200.8 49.06
2202.0 49.06
2203.2 49.06
2204.4 49.06
2205.6 49.06
2206.8 49.06
2208.0 49.06
2209.2 49.06
2210.4 49.06
2211.6 49.06
2212.8 49.06
2214.0 49.06
2215.2 49.06
2216.4 49.06
2217.6 49.06
2218.8 49.06
2220.0 49.06
2221.2 49.06
2222.4 49.06
2223.6 49.06
2224.8 49.06
2226.0 49.06
2227.2 49.06
2228.4 49.06
2229.6 49.06
2230.8 49.06
2232.0 49.06
2233.2 49.06
2234.4 49.06
2235.6 49.06
2236.8 49.06
2238.0 49.06
2239.2 49.06
2240.4 49.06
2241.6 49.06
2242.8 49.06
2244.0 49.06
2245.2 49.06
2246.4 49.06
2247.6 49.06
2248.8 49.06
2250.0 49.06
2251.2 49.06
2252.4 49.06
2253.6 49.06
2254.8 49.06
2256.0 49.06
2257.2 49.06
2258.4 49.06
2259.6 49.06
2260.8 49.06
2262.0 49.06
2263.2 49.06
2264.4 49.06
2265.6 49.06
2266.8 49.06
2268.0 49.06
2269.2 49.06
2270.4 49.06
2271.6 49.06
2272.8 49.06
2274.0 49.06
2275.2 49.06
2276.4 49.06
2277.6 49.06
2278.8 49.06
2280.0 49.06
2281.2 49.06
2282.4 49.06
2283.6 49.06
2284.8 49.06
2286.0 49.06
2287.2 49.06
2288.4 49.06
2289.6 49.06
2290.8 49.06
2292.0 49.06
2293.2 49.06
2294.4 49.06
2295.6 49.06
2296.8 49.06
2298.0 49.06
2299.2 49.06
2300.4 49.06
2301.6 49.06
2302.8 49.06
2304.0 49.06
2305.2 49.06
2306.4 49.06
2307.6 49.06
2308.8 49.06
2310.0 49.06
2311.2 49.06
2312.4 49.06
2313.6 49.06
2314.8 49.06
2316.0 49.06
2317.2 49.06
2318.4 49.06
2319.6 49.06
2320.8 49.06
2322.0 49.06
2323.2 49.06
2324.4 49.06
2325.6 49.06
2326.8 49.06
2328.0 49.06
2329.2 49.06
2330.4 49.06
2331.6 49.06
2332.8 49.06
2334.0 49.06
2335.2 49.06
2336.4 49.06
2337.6 49.06
2338.8 49.06
2340.0 49.06
2341.2 49.06
2342.4 49.06
2343.6 49.06
2344.8 49.06
2346.0 49.06
2347.2 49.06
2348.4 49.06
2349.6 49.06
2350.8 49.06
2352.0 49.06
2353.2 49.06
2354.4 49.06
2355.6 49.06
2356.8 49.06
2358.0 49.06
2359.2 49.06
2360.4 49.06
2361.6 49.06
2362.8 49.06
2364.0 49.06
2365.2 49.06
2366.4 49.06
2367.6 49.06
2368.8 49.06
2370.0 49.06
2371.2 49.06
2372.4 49.06
2373.6 49.06
2374.8 49.06
2376.0 49.06
2377.2 49.06
2378.4 49.06
2379.6 49.06
2380.8 49.06
2382.0 49.06
2383.2 49.06
2384.4 49.06
2385.6 49.06
2386.8 49.06
2388.0 49.06
2389.2 49.06
2390.4 49.06
2391.6 49.06
2392.8 49.06
2394.0 49.06
2395.2 49.06
2396.4 49.06
2397.6 49.06
2398.8 49.06
2400.0 49.06
2401.2 49.06
2402.4 49.06
2403.6 49.06
2404.8 49.06
2406.0 49.06
2407.2 49.06
2408.4 49.06
2409.6 49.06
2410.8 49.06
2412.0 49.06
2413.2 49.06
2414.4 49.06
2415.6 49.06
2416.8 49.06
2418.0 49.06
2419.2 49.06
2420.4 49.06
2421.6 49.06
2422.8 49.06
2424.0 49.06
2425.2 49.06
2426.4 49.06
2427.6 49.06
2428.8 49.06
2430.0 49.06
2431.2 49.06
2432.4 49.06
2433.6 49.06
2434.8 49.06
2436.0 49.06
2437.2 49.06
2438.4 49.06
2439.6 49.06
2440.8 49.06
2442.0 49.06
2443.2 49.06
2444.4 49.06
2445.6 49.06
2446.8 49.06
2448.0 49.06
2449.2 49.06
2450.4 49.06
2451.6 49.06
2452.8 49.06
2454.0 49.06
2455.2 49.06
2456.4 49.06
2457.6 49.06
2458.8 49.06
2460.0 49.06
2461.2 49.06
2462.4 49.06
2463.6 49.06
2464.8 49.06
2466.0 49.06
2467.2 49.06
2468.4 49.06
2469.6 49.06
2470.8 49.06
2472.0 49.06
2473.2 49.06
2474.4 49.06
2475.6 49.06
2476.8 49.06
2478.0 49.06
2479.2 49.06
2480.4 49.06
2481.6 49.06
2482.8 49.06
2484.0 49.06
2485.2 49.06
2486.4 49.06
2487.6 49.06
2488.8 49.06
2490.0 49.06
2491.2 49.06
2492.4 49.06
2493.6 49.06
2494.8 49.06
2496.0 49.06
2497.2 49.06
2498.4 49.06
2499.6 49.06
2500.8 49.06
2502.0 49.06
2503.2 49.06
2504.4 49.06
2505.6 49.06
2506.8 49.06
2508.0 49.06
2509.2 49.06
2510.4 49.06
2511.6 49.06
2512.8 49.06
2514.0 49.06
2515.2 49.06
2516.4 49.06
2517.6 49.06
2518.8 49.06
2520.0 49.06
2521.2 49.06
2522.4 49.06
2523.6 49.06
2524.8 49.06
2526.0 49.06
2527.2 49.06
2528.4 49.06
2529.6 49.06
2530.8 49.06
2532.0 49.06
2533.2 49.06
2534.4 49.06
2535.6 49.06
2536.8 49.06
2538.0 49.06
2539.2 49.06
2540.4 49.06
2541.6 49.06
2542.8 49.06
2544.0 49.06
2545.2 49.06
2546.4 49.06
2547.6 49.06
2548.8 49.06
2550.0 49.06
2551.2 49.06
2552.4 49.06
2553.6 49.06
2554.8 49.06
2556.0 49.06
2557.2 49.06
2558.4 49.06
2559.6 49.06
2560.8 49.06
2562.0 49.06
2563.2 49.06
2564.4 49.06
2565.6 49.06
2566.8 49.06
2568.0 49.06
2569.2 49.06
2570.4 49.06
2571.6 49.06
2572.8 49.06
2574.0 49.06
2575.2 49.06
2576.4 49.06
2577.6 49.06
2578.8 49.06
2580.0 49.06
2581.2 49.06
2582.4 49.06
2583.6 49.06
2584.8 49.06
2586.0 49.06
2587.2 49.06
2588.4 49.06
2589.6 49.06
2590.8 49.06
2592.0 49.06
2593.2 49.06
2594.4 49.06
2595.6 49.06
2596.8 49.06
2598.0 49.06
2599.2 49.06
2600.4 49.06
2601.6 49.06
2602.8 49.06
2604.0 49.06
2605.2 49.06
2606.4 49.06
2607.6 49.06
2608.8 49.06
2610.0 49.06
2611.2 49.06
2612.4 49.06
2613.6 49.06
2614.8 49.06
2616.0 49.06
2617.2 49.06
2618.4 49.06
2619.6 49.06
2620.8 49.06
2622.0 49.06
2623.2 49.06
2624.4 49.06
2625.6 49.06
2626.8 49.06
2628.0 49.06
2629.2 49.06
2630.4 49.06
2631.6 49.06
2632.8 49.06
2634.0 49.06
2635.2 49.06
2636.4 49.06
2637.6 49.06
2638.8 49.06
2640.0 49.06
2641.2 49.06
2642.4 49.06
2643.6 49.06
2644.8 49.06
2646.0 49.06
2647.2 49.06
2648.4 49.06
2649.6 49.06
2650.8 49.06
2652.0 49.06
2653.2 49.06
2654.4 49.06
2655.6 49.06
2656.8 49.06
2658.0 49.06
2659.2 49.06
2660.4 49.06
2661.6 49.06
2662.8 49.06
2664.0 49.06
2665.2 49.06
2666.4 49.06
2667.6 49.06
2668.8 49.06
2670.0 49.06
2671.2 49.06
2672.4 49.06
2673.6 49.06
2674.8 49.06
2676.0 49.06
2677.2 49.06
2678.4 49.06
2679.6 49.06
2680.8 49.06
2682.0 49.06
2683.2 49.06
2684.4 49.06
2685.6 49.06
2686.8 49.06
2688.0 49.06
2689.2 49.06
2690.4 49.06
2691.6 49.06
2692.8 49.06
2694.0 49.06
2695.2 49.06
2696.4 49.06
2697.6 49.06
2698.8 49.06
2700.0 49.06
2701.2 49.06
2702.4 49.06
2703.6 49.06
2704.8 49.06
2706.0 49.06
2707.2 49.06
2708.4 49.06
2709.6 49.06
2710.8 49.06
2712.0 49.06
2713.2 49.06
2714.4 49.06
2715.6 49.06
2716.8 49.06
2718.0 49.06
2719.2 49.06
2720.4 49.06
2721.6 49.06
2722.8 49.06
2724.0 49.06
2725.2 49.06
2726.4 49.06
2727.6 49.06
2728.8 49.06
2730.0 49.06
2731.2 49.06
2732.4 49.06
2733.6 49.06
2734.8 49.06
2736.0 49.06
2737.2 49.06
2738.4 49.06
2739.6 49.06
2740.8 49.06
2742.0 49.06
2743.2 49.06
2744.4 49.06
2745.6 49.06
2746.8 49.06
2748.0 49.06
2749.2 49.06
2750.4 49.06
2751.6 49.06
2752.8 49.06
2754.0 49.06
2755.2 49.06
2756.4 49.06
2757.6 49.06
2758.8 49.06
2760.0 49.06
2761.2 49.06
2762.4 49.06
2763.6 49.06
2764.8 49.06
2766.0 49.06
2767.2 49.06
2768.4 49.06
2769.6 49.06
2770.8 49.06
2772.0 49.06
2773.2 49.06
2774.4 49.06
2775.6 49.06
2776.8 49.06
2778.0 49.06
2779.2 49.06
2780.4 49.06
2781.6 49.06
2782.8 49.06
2784.0 49.06
2785.2 49.06
2786.4 49.06
2787.6 49.06
2788.8 49.06
2790.0 49.06
2791.2 49.06
2792.4 49.06
2793.6 49.06
2794.8 49.06
2796.0 49.06
2797.2 49.06
2798.4 49.06
2799.6 49.06
