0.0 4800.0
1.2 4800.0
2.4 4800.0
3.6 353.69
4.8 413.67
6.0 455.82
7.2 499.39
8.4 559.35
9.6 605.76
10.8 665.7
12.0 715.08
13.2 764.17
14.4 824.08
15.6 875.5
16.8 935.39
18.0 987.19
19.2 1047.06
20.4 1100.34
21.6 1155.5
22.8 1215.33
24.0 1269.85
25.2 1329.66
26.4 1385.84
27.6 1443.04
28.8 1502.82
30.0 1559.93
31.2 1619.67
32.4 1677.97
33.6 1736.11
34.8 1795.82
36.0 1855.08
37.2 1914.78
38.4 1973.67
39.6 2033.34
40.8 2093.2
42.0 2153.33
43.2 2212.96
44.4 2272.95
45.6 2332.57
46.8 2394.25
48.0 2457.17
49.2 2516.76
50.4 2580.55
51.6 2640.11
52.8 2705.52
54.0 2771.15
55.2 2830.7
56.4 2897.72
57.6 2957.24
58.8 3023.76
60.0 3088.26
61.2 3147.76
62.4 3212.63
63.6 3272.11
64.8 3335.71
66.0 3395.17
67.2 3458.52
68.4 3521.39
69.6 3580.83
70.8 3643.5
72.0 3702.92
73.2 3765.01
74.4 3826.62
75.6 3886.02
76.8 3947.7
78.0 4007.09
79.2 4068.38
80.4 4127.75
81.6 4188.99
82.8 4249.79
84.0 4309.15
85.2 4370.5
86.4 4429.84
87.6 4490.66
88.8 4551.14
90.0 4610.47
91.2 4671.1
92.4 4730.41
93.6 4790.87
94.8 4851.96
96.0 4911.25
97.2 4971.52
98.4 5030.8
99.6 5091.23
100.8 5152.11
102.0 5211.37
103.2 5271.74
104.4 5330.99
105.6 5391.34
106.8 5450.58
108.0 5511.39
109.2 5571.5
110.4 5630.73
111.6 5691.11
112.8 5750.33
114.0 5811.27
115.2 5870.48
116.4 5930.63
117.6 5991.27
118.8 6050.46
120.0 6110.58
121.2 6169.77
122.4 6229.88
123.6 6290.66
124.8 6349.83
126.0 6409.83
127.2 6468.99
128.4 6529.73
129.6 6589.98
130.8 6649.13
132.0 6709.93
133.2 6769.07
134.4 6828.83
135.6 6887.96
136.8 6948.91
138.0 7009.4
139.2 7068.52
140.4 7128.48
141.6 7187.6
142.8 7248.22
144.0 7308.05
145.2 7367.16
146.4 7427.75
147.6 7486.85
148.8 7546.81
150.0 7607.42
151.2 7666.51
152.4 7726.35
153.6 7785.44
154.8 7845.93
156.0 7906.23
157.2 7965.31
158.4 8025.17
159.6 8084.24
160.8 8144.66
162.0 8203.72
163.2 8264.19
164.4 8323.81
165.6 8382.86
166.8 8443.21
168.0 8502.26
169.2 8562.65
170.4 8622.27
171.6 8681.31
172.8 8741.44
174.0 8800.48
175.2 8860.93
176.4 8919.96
177.6 8979.43
178.8 9039.75
180.0 9098.78
181.2 9159.0
182.4 9218.02
183.6 9277.96
184.8 9337.32
186.0 9396.34
187.2 9456.43
188.4 9515.44
189.6 9575.55
190.8 9635.52
192.0 9694.53
193.2 9753.79
194.4 9812.8
195.6 9872.89
196.8 9931.89
198.0 9991.84
199.2 10051.75
200.4 10110.75
201.6 10169.86
202.8 10228.85
204.0 10288.77
205.2 10348.71
206.4 10407.69
207.6 10467.42
208.8 10526.4
210.0 10586.19
211.2 10645.27
212.4 10704.25
213.6 10763.94
214.8 10822.91
216.0 10882.72
217.2 10941.69
218.4 11001.41
219.6 11061.04
220.8 11120.0
222.0 11178.92
223.2 11237.88
224.4 11297.5
225.6 11357.09
226.8 11416.05
228.0 11475.58
229.2 11534.54
230.4 11594.11
231.6 11653.61
232.8 11712.56
234.0 11771.42
235.2 11830.37
236.4 11889.91
237.6 11948.85
238.8 12008.3
240.0 12067.66
241.2 12126.61
242.4 12186.02
243.6 12245.41
244.8 12304.36
246.0 12363.75
247.2 12422.69
248.4 12481.37
249.6 12540.3
250.8 12599.65
252.0 12658.92
253.2 12717.85
254.4 12777.17
255.6 12836.1
256.8 12895.39
258.0 12954.61
259.2 13013.55
260.4 13072.79
261.6 13131.71
262.8 13190.93
264.0 13249.86
265.2 13308.4
266.4 13367.58
267.6 13426.5
268.8 13485.66
270.0 13544.58
271.2 13603.73
272.4 13662.86
273.6 13721.78
274.8 13780.92
276.0 13839.84
277.2 13898.95
278.4 13958.03
279.6 14016.94
280.8 14076.02
282.0 14134.93
283.2 14194.02
284.4 14252.93
285.6 14311.96
286.8 14370.32
288.0 14429.23
289.2 14488.26
290.4 14547.17
291.6 14606.18
292.8 14665.18
294.0 14724.08
295.2 14783.07
296.4 14841.98
297.6 14900.96
298.8 14959.92
300.0 15018.83
301.2 15077.78
302.4 15136.69
303.6 15195.64
304.8 15254.54
306.0 15313.48
307.2 15372.4
308.4 15431.3
309.6 15490.22
310.8 15549.12
312.0 15608.02
313.2 15666.24
314.4 15725.14
315.6 15784.03
316.8 15842.92
318.0 15901.8
319.2 15960.68
320.4 16019.58
321.6 16078.44
322.8 16137.34
324.0 16196.2
325.2 16255.06
326.4 16313.95
327.6 16372.8
328.8 16431.69
330.0 16490.53
331.2 16549.42
332.4 16608.27
333.6 16667.09
334.8 16725.98
336.0 16784.81
337.2 16843.7
338.4 16902.52
339.6 16961.34
340.8 17020.23
342.0 17079.02
343.2 17137.91
344.4 17196.72
345.6 17255.6
346.8 17314.4
348.0 17373.2
349.2 17432.08
350.4 17490.88
351.6 17549.77
352.8 17608.55
354.0 17666.66
355.2 17725.54
356.4 17784.32
357.6 17843.2
358.8 17901.99
360.0 17960.77
361.2 18019.66
362.4 18078.43
363.6 18137.31
364.8 18196.1
366.0 18254.88
367.2 18313.76
368.4 18372.55
369.6 18431.43
370.8 18490.19
372.0 18549.07
373.2 18607.86
374.4 18666.64
375.6 18725.52
376.8 18784.3
378.0 18843.17
379.2 18901.94
380.4 18960.71
381.6 19019.59
382.8 19078.37
384.0 19137.25
385.2 19196.02
386.4 19254.79
387.6 19313.67
388.8 19372.42
390.0 19431.29
391.2 19490.07
392.4 19548.95
393.6 19607.72
394.8 19666.47
396.0 19725.35
397.2 19784.12
398.4 19842.99
399.6 19901.75
400.8 19960.62
402.0 20019.37
403.2 20078.16
404.4 20137.03
405.6 20195.78
406.8 20254.56
408.0 20313.43
409.2 20372.2
410.4 20431.07
411.6 20489.83
412.8 20548.7
414.0 20607.46
415.2 20666.24
416.4 20725.11
417.6 20783.87
418.8 20842.74
420.0 20901.51
421.2 20960.38
422.4 21019.15
423.6 21077.92
424.8 21136.79
426.0 21195.56
427.2 21254.43
428.4 21313.21
429.6 21371.31
430.8 21430.19
432.0 21488.97
433.2 21547.84
434.4 21606.62
435.6 21665.41
436.8 21724.28
438.0 21783.07
439.2 21841.94
440.4 21900.74
441.6 21959.53
442.8 22018.4
444.0 22077.21
445.2 22136.08
446.4 22194.88
447.6 22253.68
448.8 22312.55
450.0 22371.35
451.2 22430.22
452.4 22489.03
453.6 22547.9
454.8 22606.7
456.0 22665.52
457.2 22724.39
458.4 22783.2
459.6 22842.07
460.8 22900.89
462.0 22959.7
463.2 23018.57
464.4 23077.39
465.6 23136.25
466.8 23195.07
468.0 23253.94
469.2 23312.75
470.4 23371.57
471.6 23430.44
472.8 23489.28
474.0 23548.14
475.2 23606.96
476.4 23665.79
477.6 23724.66
478.8 23783.49
480.0 23842.35
481.2 23901.18
482.4 23960.01
483.6 24018.88
484.8 24077.7
486.0 24136.57
487.2 24195.4
488.4 24254.26
489.6 24313.09
490.8 24371.94
492.0 24430.81
493.2 24489.64
494.4 24548.51
495.6 24607.34
496.8 24666.17
498.0 24725.04
499.2 24783.89
500.4 24842.75
501.6 24901.59
502.8 24960.44
504.0 25019.3
505.2 25078.14
506.4 25137.0
507.6 25195.86
508.8 25254.73
510.0 25313.57
511.2 25372.42
512.4 25431.28
513.6 25490.13
514.8 25549.0
516.0 25607.85
517.2 25666.7
518.4 25725.56
519.6 25784.42
520.8 25843.28
522.0 25902.13
523.2 25960.99
524.4 26019.85
525.6 26078.71
526.8 26137.57
528.0 26196.43
529.2 26255.29
530.4 26314.16
531.6 26373.01
532.8 26431.88
534.0 26490.75
535.2 26549.61
536.4 26608.48
537.6 26667.33
538.8 26726.19
540.0 26785.06
541.2 26843.92
542.4 26902.8
543.6 26961.66
544.8 27020.53
546.0 27079.39
547.2 27138.26
548.4 27197.12
549.6 27255.98
550.8 27314.86
552.0 27373.73
553.2 27432.59
554.4 27491.47
555.6 27550.33
556.8 27609.19
558.0 27668.05
559.2 27726.93
560.4 27785.81
561.6 27844.67
562.8 27903.55
564.0 27962.41
565.2 28021.28
566.4 28080.16
567.6 28139.02
568.8 28197.89
570.0 28256.75
571.2 28315.63
572.4 28374.5
573.6 28433.36
574.8 28492.24
576.0 28551.1
577.2 28609.99
578.4 28668.86
579.6 28727.72
580.8 28786.6
582.0 28845.46
583.2 28904.34
584.4 28963.22
585.6 29022.08
586.8 29080.96
588.0 29139.82
589.2 29198.71
590.4 29257.58
591.6 29316.45
592.8 29375.33
594.0 29434.19
595.2 29493.08
596.4 29551.94
597.6 29610.82
598.8 29669.7
600.0 29728.56
601.2 29787.45
602.4 29846.31
603.6 29905.19
604.8 29964.07
606.0 30022.93
607.2 30081.82
608.4 30140.68
609.6 30199.56
610.8 30258.45
612.0 30317.31
613.2 30376.2
614.4 30435.06
615.6 30493.94
616.8 30552.8
618.0 30611.68
619.2 30670.56
620.4 30729.43
621.6 30788.31
622.8 30847.17
624.0 30906.06
625.2 30964.94
626.4 31023.8
627.6 31082.69
628.8 31141.55
630.0 31200.43
631.2 31259.29
632.4 31318.18
633.6 31377.06
634.8 31435.92
636.0 31494.81
637.2 31553.67
638.4 31612.55
639.6 31671.44
640.8 31730.3
642.0 31789.17
643.2 31848.04
644.4 31906.92
645.6 31965.8
646.8 32024.67
648.0 32083.55
649.2 32142.41
650.4 32201.3
651.6 32260.16
652.8 32319.04
654.0 32377.92
655.2 32436.79
656.4 32495.67
657.6 32554.53
658.8 32613.42
660.0 32672.31
661.2 32731.17
662.4 32790.05
663.6 32848.91
664.8 32907.8
666.0 32966.66
667.2 33025.54
668.4 33084.43
669.6 33143.29
670.8 33202.18
672.0 33261.06
673.2 33319.93
674.4 33378.81
675.6 33437.67
676.8 33496.55
678.0 33555.41
679.2 33614.3
680.4 33673.18
681.6 33732.04
682.8 33790.93
684.0 33849.79
685.2 33908.68
686.4 33967.56
687.6 34026.42
688.8 34085.31
690.0 34144.17
691.2 34203.05
692.4 34261.93
693.6 34320.79
694.8 34379.68
696.0 34438.54
697.2 34497.43
698.4 34556.29
699.6 34615.17
700.8 34674.06
702.0 34732.92
703.2 34791.8
704.4 34850.66
705.6 34909.55
706.8 34968.43
708.0 35027.29
709.2 35086.17
710.4 35145.03
711.6 35203.93
712.8 35262.79
714.0 35321.67
715.2 35380.55
716.4 35439.41
717.6 35498.3
718.8 35557.16
720.0 35616.04
721.2 35674.92
722.4 35733.79
723.6 35792.67
724.8 35851.53
726.0 35910.41
727.2 35969.27
728.4 36028.16
729.6 36087.04
730.8 36145.9
732.0 36204.79
733.2 36263.64
734.4 36322.53
735.6 36381.41
736.8 36440.27
738.0 36499.16
739.2 36558.02
740.4 36616.9
741.6 36675.77
742.8 36734.63
744.0 36793.52
745.2 36852.38
746.4 36911.26
747.6 36970.14
748.8 37029.01
750.0 37087.88
751.2 37146.74
752.4 37205.62
753.6 37264.48
754.8 37323.37
756.0 37382.25
757.2 37441.11
758.4 37499.99
759.6 37558.85
760.8 37617.73
762.0 37676.61
763.2 37735.47
764.4 37794.35
765.6 37853.21
766.8 37912.1
768.0 37970.97
769.2 38029.83
770.4 38088.71
771.6 38147.57
772.8 38206.46
774.0 38265.33
775.2 38324.19
776.4 38383.07
777.6 38441.94
778.8 38500.82
780.0 38559.68
781.2 38618.56
782.4 38677.43
783.6 38736.3
784.8 38795.18
786.0 38854.04
787.2 38912.91
788.4 38971.79
789.6 39030.66
790.8 39089.53
792.0 39148.39
793.2 39207.26
794.4 39266.12
795.6 39325.01
796.8 39383.88
798.0 39442.74
799.2 39501.61
800.4 39560.47
801.6 39619.36
802.8 39678.23
804.0 39737.09
805.2 39795.96
806.4 39854.82
807.6 39913.71
808.8 39972.58
810.0 40031.44
811.2 40090.31
812.4 40149.18
813.6 40208.06
814.8 40266.93
816.0 40325.79
817.2 40384.67
818.4 40443.53
819.6 40502.41
820.8 40561.27
822.0 40620.14
823.2 40679.02
824.4 40737.88
825.6 40796.76
826.8 40855.62
828.0 40914.49
829.2 40973.37
830.4 41032.23
831.6 41091.11
832.8 41149.97
834.0 41208.85
835.2 41267.71
836.4 41326.58
837.6 41385.45
838.8 41444.31
840.0 41503.19
841.2 41562.05
842.4 41620.92
843.6 41679.78
844.8 41738.65
846.0 41797.52
847.2 41856.38
848.4 41915.25
849.6 41974.12
850.8 42032.99
852.0 42091.85
853.2 42150.71
854.4 42209.58
855.6 42268.44
856.8 42327.32
858.0 42386.18
859.2 42445.04
860.4 42503.92
861.6 42562.78
862.8 42621.65
864.0 42680.52
865.2 42739.38
866.4 42798.25
867.6 42857.11
868.8 42915.98
870.0 42974.85
871.2 43033.72
872.4 43092.58
873.6 43151.44
874.8 43210.31
876.0 43269.17
877.2 43328.05
878.4 43386.92
879.6 43445.78
880.8 43504.65
882.0 43563.51
883.2 43622.38
884.4 43681.25
885.6 43740.12
886.8 43798.98
888.0 43857.84
889.2 43916.71
890.4 43975.59
891.6 44034.45
892.8 44093.32
894.0 44152.18
895.2 44211.05
896.4 44269.91
897.6 44328.78
898.8 44387.65
900.0 44446.52
901.2 44505.38
902.4 44564.24
903.6 44623.12
904.8 44681.99
906.0 44740.85
907.2 44799.71
908.4 44858.57
909.6 44917.45
910.8 44976.32
912.0 45035.18
913.2 45094.06
914.4 45152.92
915.6 45211.78
916.8 45270.64
918.0 45329.52
919.2 45388.39
920.4 45447.25
921.6 45506.12
922.8 45564.98
924.0 45623.85
925.2 45682.73
926.4 45741.59
927.6 45800.45
928.8 45859.31
930.0 45918.19
931.2 45977.06
932.4 46035.92
933.6 46094.8
934.8 46153.66
936.0 46212.52
937.2 46271.38
938.4 46330.26
939.6 46389.13
940.8 46447.99
942.0 46506.86
943.2 46565.72
944.4 46624.59
945.6 46683.45
946.8 46742.33
948.0 46801.2
949.2 46860.06
950.4 46918.92
951.6 46977.8
952.8 47036.66
954.0 47095.53
955.2 47154.39
956.4 47213.26
957.6 47272.13
958.8 47330.99
960.0 47389.87
961.2 47448.73
962.4 47507.6
963.6 47566.46
964.8 47625.33
966.0 47684.2
967.2 47743.06
968.4 47801.94
969.6 47860.8
970.8 47919.67
972.0 47978.53
973.2 48037.4
974.4 48096.27
975.6 48155.13
976.8 48214.0
978.0 48272.86
979.2 48331.73
980.4 48390.6
981.6 48449.46
982.8 48508.34
984.0 48567.2
985.2 48626.07
986.4 48684.93
987.6 48743.8
988.8 48802.67
990.0 48861.53
991.2 48920.41
992.4 48979.28
993.6 49038.14
994.8 49097.0
996.0 49155.86
997.2 49214.74
998.4 49273.6
999.6 49332.47
1000.8 49391.34
1002.0 49450.21
1003.2 49509.06
1004.4 49567.93
1005.6 49626.8
1006.8 49685.66
1008.0 49744.54
1009.2 49803.4
1010.4 49862.27
1011.6 49921.14
1012.8 49980.0
1014.0 50038.87
1015.2 50097.73
1016.4 50156.61
1017.6 50215.48
1018.8 50274.34
1020.0 50333.2
1021.2 50392.06
1022.4 50450.94
1023.6 50509.8
1024.8 50568.67
1026.0 50627.55
1027.2 50686.41
1028.4 50745.28
1029.6 50804.14
1030.8 50863.01
1032.0 50921.88
1033.2 50980.74
1034.4 51039.62
1035.6 51098.47
1036.8 51157.35
1038.0 51216.22
1039.2 51275.08
1040.4 51333.95
1041.6 51392.81
1042.8 51451.69
1044.0 51510.56
1045.2 51569.42
1046.4 51628.29
1047.6 51687.15
1048.8 51746.02
1050.0 51804.88
1051.2 51863.75
1052.4 51922.63
1053.6 51981.49
1054.8 52040.36
1056.0 52099.22
1057.2 52158.09
1058.4 52216.96
1059.6 52275.82
1060.8 52334.7
1062.0 52393.55
1063.2 52452.43
1064.4 52511.3
1065.6 52570.16
1066.8 52629.03
1068.0 52687.89
1069.2 52746.76
1070.4 52805.62
1071.6 52864.5
1072.8 52923.37
1074.0 52982.23
1075.2 53041.11
1076.4 53099.97
1077.6 53158.83
1078.8 53217.71
1080.0 53276.57
1081.2 53335.44
1082.4 53394.3
1083.6 53453.18
1084.8 53512.05
1086.0 53570.91
1087.2 53629.77
1088.4 53688.63
1089.6 53747.51
1090.8 53806.37
1092.0 53865.24
1093.2 53924.12
1094.4 53982.98
1095.6 54041.85
1096.8 54100.71
1098.0 54159.58
1099.2 54218.45
1100.4 54277.31
1101.6 54336.19
1102.8 54395.05
1104.0 54453.92
1105.2 54512.78
1106.4 54571.66
1107.6 54630.52
1108.8 54689.38
1110.0 54748.26
1111.2 54807.12
1112.4 54865.99
1113.6 54924.87
1114.8 54983.73
1116.0 55042.6
1117.2 55101.46
1118.4 55160.34
1119.6 55219.21
1120.8 55278.07
1122.0 55336.95
1123.2 55395.81
1124.4 55454.68
1125.6 55513.56
1126.8 55572.42
1128.0 55631.29
1129.2 55690.15
1130.4 55749.03
1131.6 55807.88
1132.8 55866.76
1134.0 55925.63
1135.2 55984.49
1136.4 56043.37
1137.6 56102.23
1138.8 56161.1
1140.0 56219.98
1141.2 56278.84
1142.4 56337.71
1143.6 56396.57
1144.8 56455.45
1146.0 56514.3
1147.2 56573.18
1148.4 56632.06
1149.6 56690.91
1150.8 56749.79
1152.0 56808.65
1153.2 56867.53
1154.4 56926.41
1155.6 56985.27
1156.8 57044.14
1158.0 57103.0
1159.2 57161.89
1160.4 57220.76
1161.6 57279.62
1162.8 57338.51
1164.0 57397.37
1165.2 57456.24
1166.4 57515.1
1167.6 57573.99
1168.8 57632.86
1170.0 57691.72
1171.2 57750.6
1172.4 57809.45
1173.6 57868.34
1174.8 57927.21
1176.0 57986.07
1177.2 58044.96
1178.4 58103.82
1179.6 58162.69
1180.8 58221.58
1182.0 58280.44
1183.2 58339.31
1184.4 58398.17
1185.6 58457.05
1186.8 58515.9
1188.0 58574.79
1189.2 58633.67
1190.4 58692.52
1191.6 58751.41
1192.8 58810.27
1194.0 58869.15
1195.2 58928.02
1196.4 58986.88
1197.6 59045.76
1198.8 59104.62
1200.0 59163.5
1201.2 59222.36
1202.4 59281.24
1203.6 59340.12
1204.8 59398.98
1206.0 59457.85
1207.2 59516.74
1208.4 59575.6
1209.6 59634.47
1210.8 59693.33
1212.0 59752.21
1213.2 59811.06
1214.4 59869.95
1215.6 59928.83
1216.8 59987.68
1218.0 60046.57
1219.2 60105.43
1220.4 60164.31
1221.6 60223.18
1222.8 60282.04
1224.0 60340.92
1225.2 60399.78
1226.4 60458.66
1227.6 60517.53
1228.8 60576.39
1230.0 60635.28
1231.2 60694.14
1232.4 60753.01
1233.6 60811.87
1234.8 60870.76
1236.0 60929.63
1237.2 60988.49
1238.4 61047.37
1239.6 61106.23
1240.8 61165.11
1242.0 61223.99
1243.2 61282.85
1244.4 61341.72
1245.6 61400.58
1246.8 61459.47
1248.0 61518.32
1249.2 61577.2
1250.4 61636.08
1251.6 61694.94
1252.8 61753.82
1254.0 61812.68
1255.2 61871.56
1256.4 61930.43
1257.6 61989.29
1258.8 62048.18
1260.0 62107.03
1261.2 62165.91
1262.4 62224.79
1263.6 62283.65
1264.8 62342.53
1266.0 62401.39
1267.2 62460.26
1268.4 62519.15
1269.6 62578.01
1270.8 62636.88
1272.0 62695.74
1273.2 62754.62
1274.4 62813.48
1275.6 62872.36
1276.8 62931.24
1278.0 62990.1
1279.2 63048.97
1280.4 63107.83
1281.6 63166.71
1282.8 63225.58
1284.0 63284.44
1285.2 63343.32
1286.4 63402.18
1287.6 63461.05
1288.8 63519.93
1290.0 63578.79
1291.2 63637.66
1292.4 63696.52
1293.6 63755.39
1294.8 63814.24
1296.0 63873.12
1297.2 63931.99
1298.4 63990.85
1299.6 64049.73
1300.8 64108.59
1302.0 64167.45
1303.2 64226.31
1304.4 64285.19
1305.6 64344.06
1306.8 64402.92
1308.0 64461.8
1309.2 64520.65
1310.4 64579.52
1311.6 64638.4
1312.8 64697.26
1314.0 64756.13
1315.2 64814.99
1316.4 64873.87
1317.6 64932.73
1318.8 64991.59
1320.0 65050.47
1321.2 65109.32
1322.4 65168.2
1323.6 65227.06
1324.8 65285.92
1326.0 65344.8
1327.2 65403.66
1328.4 65462.53
1329.6 65521.39
1330.8 65580.27
1332.0 65639.13
1333.2 65697.99
1334.4 65756.87
1335.6 65815.72
1336.8 65874.6
1338.0 65933.48
1339.2 65992.34
1340.4 66051.2
1341.6 66110.06
1342.8 66168.94
1344.0 66227.81
1345.2 66286.67
1346.4 66345.54
1347.6 66404.4
1348.8 66463.27
1350.0 66522.13
1351.2 66581.0
1352.4 66639.88
1353.6 66698.74
1354.8 66757.61
1356.0 66816.47
1357.2 66875.34
1358.4 66934.21
1359.6 66993.07
1360.8 67051.95
1362.0 67110.8
1363.2 67169.68
1364.4 67228.54
1365.6 67287.4
1366.8 67346.28
1368.0 67405.14
1369.2 67464.01
1370.4 67522.89
1371.6 67581.75
1372.8 67640.61
1374.0 67699.47
1375.2 67758.35
1376.4 67817.2
1377.6 67876.08
1378.8 67934.95
1380.0 67993.81
1381.2 68052.69
1382.4 68111.55
1383.6 68170.41
1384.8 68229.29
1386.0 68288.15
1387.2 68347.02
1388.4 68405.88
1389.6 68464.76
1390.8 68523.61
1392.0 68582.48
1393.2 68641.35
1394.4 68700.21
1395.6 68759.09
1396.8 68817.95
1398.0 68876.82
1399.2 68935.69
1400.4 68994.55
1401.6 69053.42
1402.8 69112.28
1404.0 69171.16
1405.2 69230.03
1406.4 69288.89
1407.6 69347.76
1408.8 69406.62
1410.0 69465.49
1411.2 69524.34
1412.4 69583.22
1413.6 69642.1
1414.8 69700.95
1416.0 69759.83
1417.2 69818.69
1418.4 69877.55
1419.6 69936.43
1420.8 69995.29
1422.0 70054.16
1423.2 70113.02
1424.4 70171.9
1425.6 70230.77
1426.8 70289.63
1428.0 70348.49
1429.2 70407.35
1430.4 70466.23
1431.6 70525.09
1432.8 70583.96
1434.0 70642.84
1435.2 70701.7
1436.4 70760.56
1437.6 70819.42
1438.8 70878.3
1440.0 70937.17
1441.2 70996.03
1442.4 71054.9
1443.6 71113.76
1444.8 71172.64
1446.0 71231.5
1447.2 71290.36
1448.4 71349.24
1449.6 71408.09
1450.8 71466.97
1452.0 71525.83
1453.2 71584.71
1454.4 71643.58
1455.6 71702.44
1456.8 71761.3
1458.0 71820.16
1459.2 71879.04
1460.4 71937.91
1461.6 71996.77
1462.8 72055.65
1464.0 72114.51
1465.2 72173.38
1466.4 72232.25
1467.6 72291.11
1468.8 72349.98
1470.0 72408.84
1471.2 72467.72
1472.4 72526.59
1473.6 72585.45
1474.8 72644.32
1476.0 72703.18
1477.2 72762.05
1478.4 72820.91
1479.6 72879.78
1480.8 72938.66
1482.0 72997.52
1483.2 73056.39
1484.4 73115.25
1485.6 73174.12
1486.8 73233.0
1488.0 73291.86
1489.2 73350.73
1490.4 73409.59
1491.6 73468.47
1492.8 73527.32
1494.0 73586.2
1495.2 73645.08
1496.4 73703.93
1497.6 73762.81
1498.8 73821.67
1500.0 73880.54
1501.2 73939.42
1502.4 73998.28
1503.6 74057.15
1504.8 74116.01
1506.0 74174.89
1507.2 74233.76
1508.4 74292.62
1509.6 74351.49
1510.8 74410.35
1512.0 74469.23
1513.2 74528.08
1514.4 74586.96
1515.6 74645.84
1516.8 74704.7
1518.0 74763.57
1519.2 74822.43
1520.4 74881.3
1521.6 74940.19
1522.8 74999.05
1524.0 75057.92
1525.2 75116.78
1526.4 75175.66
1527.6 75234.54
1528.8 75293.4
1530.0 75352.28
1531.2 75411.13
1532.4 75470.02
1533.6 75528.89
1534.8 75587.75
1536.0 75646.63
1537.2 75705.49
1538.4 75764.37
1539.6 75823.23
1540.8 75882.11
1542.0 75940.99
1543.2 75999.85
1544.4 76058.73
1545.6 76117.58
1546.8 76176.47
1548.0 76235.34
1549.2 76294.2
1550.4 76353.08
1551.6 76411.94
1552.8 76470.82
1554.0 76529.7
1555.2 76588.56
1556.4 76647.44
1557.6 76706.3
1558.8 76765.18
1560.0 76824.03
1561.2 76882.91
1562.4 76941.79
1563.6 77000.65
1564.8 77059.53
1566.0 77118.38
1567.2 77177.27
1568.4 77236.14
1569.6 77295.0
1570.8 77353.88
1572.0 77412.74
1573.2 77471.62
1574.4 77530.48
1575.6 77589.36
1576.8 77648.24
1578.0 77707.1
1579.2 77765.97
1580.4 77824.83
1581.6 77883.71
1582.8 77942.59
1584.0 78001.45
1585.2 78060.32
1586.4 78119.18
1587.6 78178.06
1588.8 78236.94
1590.0 78295.8
1591.2 78354.68
1592.4 78413.53
1593.6 78472.42
1594.8 78531.27
1596.0 78590.15
1597.2 78649.03
1598.4 78707.88
1599.6 78766.77
1600.8 78825.63
1602.0 78884.5
1603.2 78943.38
1604.4 79002.23
1605.6 79061.12
1606.8 79119.98
1608.0 79178.85
1609.2 79237.73
1610.4 79296.59
1611.6 79355.47
1612.8 79414.33
1614.0 79473.2
1615.2 79532.06
1616.4 79590.95
1617.6 79649.82
1618.8 79708.68
1620.0 79767.55
1621.2 79826.41
1622.4 79885.3
1623.6 79944.17
1624.8 80003.03
1626.0 80061.9
1627.2 80120.76
1628.4 80179.65
1629.6 80238.52
1630.8 80297.38
1632.0 80356.25
1633.2 80415.11
1634.4 80474.0
1635.6 80532.87
1636.8 80591.73
1638.0 80650.61
1639.2 80709.46
1640.4 80768.35
1641.6 80827.21
1642.8 80886.08
1644.0 80944.96
1645.2 81003.82
1646.4 81062.7
1647.6 81121.56
1648.8 81180.44
1650.0 81239.31
1651.2 81298.17
1652.4 81357.05
1653.6 81415.91
1654.8 81474.79
1656.0 81533.66
1657.2 81592.52
1658.4 81651.39
1659.6 81710.25
1660.8 81769.13
1662.0 81827.98
1663.2 81886.86
1664.4 81945.74
1665.6 82004.59
1666.8 82063.46
1668.0 82122.32
1669.2 82181.19
1670.4 82240.07
1671.6 82298.93
1672.8 82357.8
1674.0 82416.66
1675.2 82475.52
1676.4 82534.38
1677.6 82593.26
1678.8 82652.13
1680.0 82710.99
1681.2 82769.86
1682.4 82828.71
1683.6 82887.59
1684.8 82946.46
1686.0 83005.32
1687.2 83064.2
1688.4 83123.05
1689.6 83181.92
1690.8 83240.79
1692.0 83299.65
1693.2 83358.53
1694.4 83417.39
1695.6 83476.26
1696.8 83535.12
1698.0 83593.98
1699.2 83652.86
1700.4 83711.72
1701.6 83770.59
1702.8 83829.45
1704.0 83888.3
1705.2 83947.15
1706.4 84005.99
1707.6 84064.83
1708.8 84123.66
1710.0 84240.47
1711.2 84349.51
1712.4 84408.37
1713.6 84512.89
1714.8 84571.74
1716.0 84671.34
1717.2 84730.2
1718.4 84789.07
1719.6 84847.95
1720.8 84906.81
1722.0 84965.68
1723.2 85024.54
1724.4 85083.42
1725.6 85142.27
1726.8 85201.15
1728.0 85260.02
1729.2 85318.88
1730.4 85377.76
1731.6 85436.63
1732.8 85495.49
1734.0 85554.37
1735.2 85613.22
1736.4 85672.1
1737.6 85730.97
1738.8 85789.83
1740.0 85848.71
1741.2 85907.57
1742.4 85966.44
1743.6 86025.3
1744.8 86084.17
1746.0 86143.05
1747.2 86201.91
1748.4 86260.78
1749.6 86319.64
1750.8 86378.52
1752.0 86437.39
1753.2 86496.25
1754.4 86555.12
1755.6 86613.98
1756.8 86672.86
1758.0 86731.71
1759.2 86790.59
1760.4 86849.47
1761.6 86908.32
1762.8 86967.2
1764.0 87026.06
1765.2 87084.93
1766.4 87143.81
1767.6 87202.67
1768.8 87261.54
1770.0 87320.4
1771.2 87379.27
1772.4 87438.15
1773.6 87497.01
1774.8 87555.88
1776.0 87614.74
1777.2 87673.62
1778.4 87732.47
1779.6 87791.35
1780.8 87850.23
1782.0 87909.08
1783.2 87967.96
1784.4 88026.82
1785.6 88085.69
1786.8 88144.57
1788.0 88203.43
1789.2 88262.3
1790.4 88321.16
1791.6 88380.04
1792.8 88438.91
1794.0 88497.77
1795.2 88556.64
1796.4 88615.5
1797.6 88674.38
1798.8 88733.24
1800.0 88792.11
1801.2 88850.99
1802.4 88909.85
1803.6 88968.72
1804.8 89027.58
1806.0 89086.46
1807.2 89145.33
1808.4 89204.19
1809.6 89263.07
1810.8 89321.93
1812.0 89380.8
1813.2 89439.68
1814.4 89498.54
1815.6 89557.41
1816.8 89616.27
1818.0 89675.15
1819.2 89734.02
1820.4 89792.88
1821.6 89851.74
1822.8 89910.62
1824.0 89969.49
1825.2 90028.35
1826.4 90087.23
1827.6 90146.1
1828.8 90204.96
1830.0 90263.84
1831.2 90322.7
1832.4 90381.57
1833.6 90440.43
1834.8 90499.31
1836.0 90558.18
1837.2 90617.04
1838.4 90675.92
1839.6 90734.79
1840.8 90793.65
1842.0 90840.04
1843.2 90898.89
1844.4 90944.67
1845.6 91003.53
1846.8 91048.65
1848.0 91094.73
1849.2 91153.59
1850.4 91199.07
1851.6 91257.93
1852.8 91303.63
1854.0 91349.56
1855.2 91408.42
1856.4 91453.86
1857.6 91512.72
1858.8 91559.9
1860.0 91618.76
1861.2 91661.95
1862.4 91712.46
1863.6 91771.32
1864.8 91817.95
1866.0 91876.81
1867.2 91924.42
1868.4 91972.35
1869.6 92031.21
1870.8 92079.46
1872.0 92138.32
1873.2 92187.51
1874.4 92235.84
1875.6 92294.7
1876.8 92342.87
1878.0 92401.72
1879.2 92452.45
1880.4 92511.31
1881.6 92561.28
1882.8 92611.61
1884.0 92670.47
1885.2 92721.16
1886.4 92780.02
1887.6 92829.73
1888.8 92882.9
1890.0 92941.76
1891.2 92993.52
1892.4 93052.37
1893.6 93104.1
1894.8 93156.95
1896.0 93215.81
1897.2 93268.29
1898.4 93327.15
1899.6 93380.35
1900.8 93439.21
1902.0 93492.78
1903.2 93546.67
1904.4 93605.53
1905.6 93659.79
1906.8 93718.64
1908.0 93773.47
1909.2 93828.37
1910.4 93887.23
1911.6 93942.26
1912.8 94001.12
1914.0 94056.88
1915.2 94112.75
1916.4 94171.61
1917.6 94227.79
1918.8 94286.65
1920.0 94343.12
1921.2 94399.9
1922.4 94458.76
1923.6 94515.82
1924.8 94574.68
1926.0 94631.86
1927.2 94690.71
1928.4 94748.36
1929.6 94806.36
1930.8 94865.22
1932.0 94923.35
1933.2 94982.21
1934.4 95040.57
1935.6 95099.43
1936.8 95158.02
1938.0 95216.87
1939.2 95275.73
1940.4 95334.85
1941.6 95394.04
1942.8 95452.9
1944.0 95512.39
1945.2 95571.25
1946.4 95630.86
1947.6 95689.71
1948.8 95749.6
1950.0 95809.54
1951.2 95868.39
1952.4 95928.72
1953.6 95987.58
1954.8 96047.82
1956.0 96106.68
1957.2 96167.54
1958.4 96227.64
1959.6 96286.5
1960.8 96347.22
1962.0 96408.04
1963.2 96466.9
1964.4 96527.97
1965.6 96586.83
1966.8 96647.73
1968.0 96706.59
1969.2 96767.99
1970.4 96829.06
1971.6 96887.92
1972.8 96949.48
1974.0 97008.34
1975.2 97069.26
1976.4 97130.8
1977.6 97189.66
1978.8 97251.11
1980.0 97309.97
1981.2 97371.45
1982.4 97432.81
1983.6 97491.67
1984.8 97553.2
1986.0 97612.06
1987.2 97673.95
1988.4 97732.8
1989.6 97794.06
1990.8 97855.8
1992.0 97914.66
1993.2 97976.25
1994.4 98035.11
1995.6 98096.52
1996.8 98158.1
1998.0 98216.96
1999.2 98278.83
2000.4 98337.69
2001.6 98399.09
2002.8 98457.94
2004.0 98519.46
2005.2 98580.97
2006.4 98639.82
2007.6 98701.14
2008.8 98760.0
2010.0 98821.74
2011.2 98883.16
2012.4 98942.02
2013.6 99003.09
2014.8 99061.95
2016.0 99123.29
2017.2 99184.58
2018.4 99243.44
2019.6 99304.97
2020.8 99363.82
2022.0 99424.75
2023.2 99485.9
2024.4 99544.76
2025.6 99606.14
2026.8 99665.0
2028.0 99726.29
2029.2 99785.15
2030.4 99845.66
2031.6 99906.72
2032.8 99965.58
2034.0 100026.47
2035.2 100085.33
2036.4 100146.04
2037.6 100206.93
2038.8 100265.79
2040.0 100326.38
2041.2 100385.24
2042.4 100446.01
2043.6 100506.5
2044.8 100565.36
2046.0 100625.89
2047.2 100684.75
2048.4 100745.23
2049.6 100804.09
2050.8 100864.58
2052.0 100925.02
2053.2 100983.88
2054.4 101043.99
2055.6 101102.85
2056.8 101163.16
2058.0 101223.25
2059.2 101282.11
2060.4 101342.29
2061.6 101401.15
2062.8 101461.25
2064.0 101521.11
2065.2 101579.97
2066.4 101639.9
2067.6 101698.76
2068.8 101758.75
2070.0 101817.6
2071.2 101877.3
2072.4 101937.07
2073.6 101995.92
2074.8 102055.67
2076.0 102114.53
2077.2 102174.22
2078.4 102233.78
2079.6 102292.64
2080.8 102352.14
2082.0 102411.0
2083.2 102470.51
2084.4 102529.95
2085.6 102588.81
2086.8 102648.22
2088.0 102707.08
2089.2 102766.43
2090.4 102825.29
2091.6 102884.63
2092.8 102943.9
2094.0 103002.76
2095.2 103061.97
2096.4 103120.82
2097.6 103180.01
2098.8 103239.17
2100.0 103298.03
2101.2 103357.13
2102.4 103415.99
2103.6 103475.06
2104.8 103533.92
2106.0 103592.98
2107.2 103651.97
2108.4 103710.83
2109.6 103769.82
2110.8 103828.67
2112.0 103887.62
2113.2 103946.53
2114.4 104005.39
2115.6 104064.29
2116.8 104123.15
2118.0 104182.01
2119.2 104240.87
2120.4 104299.71
2121.6 104358.52
2122.8 104417.38
2124.0 104476.19
2125.2 104535.04
2126.4 104593.81
2127.6 104652.57
2128.8 104711.43
2130.0 104770.18
2131.2 104829.03
2132.4 104887.75
2133.6 104946.46
2134.8 105005.31
2136.0 105064.0
2137.2 105122.86
2138.4 105181.55
2139.6 105240.21
2140.8 105299.07
2142.0 105357.73
2143.2 105416.59
2144.4 105475.22
2145.6 105533.88
2146.8 105592.74
2148.0 105651.37
2149.2 105710.23
2150.4 105768.86
2151.6 105827.72
2152.8 105886.34
2154.0 105944.96
2155.2 106003.82
2156.4 106062.41
2157.6 106121.27
2158.8 106179.88
2160.0 106238.5
2161.2 106297.36
2162.4 106355.95
2163.6 106414.81
2164.8 106473.43
2166.0 106532.29
2167.2 106590.85
2168.4 106649.51
2169.6 106708.37
2170.8 106766.97
2172.0 106825.83
2173.2 106884.4
2174.4 106943.25
2175.6 107001.87
2176.8 107060.51
2178.0 107119.37
2179.2 107177.99
2180.4 107236.63
2181.6 107295.49
2182.8 107354.08
2184.0 107412.94
2185.2 107471.61
2186.4 107530.47
2187.6 107589.1
2188.8 107647.76
2190.0 107706.62
2191.2 107765.27
2192.4 107824.13
2193.6 107882.79
2194.8 107941.44
2196.0 108000.3
2197.2 108058.98
2198.4 108117.84
2199.6 108176.51
2200.8 108235.21
2202.0 108294.07
2203.2 108352.77
2204.4 108411.63
2205.6 108470.33
2206.8 108529.19
2208.0 108587.9
2209.2 108646.63
2210.4 108705.49
2211.6 108764.22
2212.8 108823.07
2214.0 108881.8
2215.2 108940.56
2216.4 108999.41
2217.6 109058.16
2218.8 109117.02
2220.0 109175.79
2221.2 109234.57
2222.4 109293.43
2223.6 109352.2
2224.8 109411.06
2226.0 109469.86
2227.2 109528.71
2228.4 109587.5
2229.6 109646.29
2230.8 109705.15
2232.0 109763.96
2233.2 109822.82
2234.4 109881.63
2235.6 109940.46
2236.8 109999.32
2238.0 110058.15
2239.2 110117.01
2240.4 110175.85
2241.6 110234.7
2242.8 110293.55
2244.0 110352.41
2245.2 110411.27
2246.4 110470.14
2247.6 110529.0
2248.8 110587.86
2250.0 110646.74
2251.2 110705.59
2252.4 110764.49
2253.6 110823.35
2254.8 110882.23
2256.0 110941.14
2257.2 111000.0
2258.4 111058.9
2259.6 111117.76
2260.8 111176.68
2262.0 111235.59
2263.2 111294.45
2264.4 111353.38
2265.6 111412.24
2266.8 111471.17
2268.0 111530.02
2269.2 111588.96
2270.4 111647.9
2271.6 111706.75
2272.8 111765.71
2274.0 111824.57
2275.2 111883.51
2276.4 111942.47
2277.6 112001.33
2278.8 112060.29
2280.0 112119.15
2281.2 112178.12
2282.4 112237.09
2283.6 112295.95
2284.8 112354.92
2286.0 112413.78
2287.2 112472.75
2288.4 112531.73
2289.6 112590.59
2290.8 112649.58
2292.0 112708.43
2293.2 112767.42
2294.4 112826.28
2295.6 112885.26
2296.8 112944.25
2298.0 113003.11
2299.2 113062.1
2300.4 113120.96
2301.6 113179.96
2302.8 113238.95
2304.0 113297.81
2305.2 113356.81
2306.4 113415.67
2307.6 113474.68
2308.8 113533.67
2310.0 113592.53
2311.2 113651.54
2312.4 113710.4
2313.6 113769.39
2314.8 113828.24
2316.0 113887.26
2317.2 113946.25
2318.4 114005.11
2319.6 114064.11
2320.8 114122.97
2322.0 114181.97
2323.2 114240.83
2324.4 114299.86
2325.6 114358.83
2326.8 114417.69
2328.0 114476.72
2329.2 114535.58
2330.4 114594.57
2331.6 114653.57
2332.8 114712.43
2334.0 114771.42
2335.2 114830.28
2336.4 114889.29
2337.6 114948.28
2338.8 115007.14
2340.0 115066.14
2341.2 115125.0
2342.4 115184.0
2343.6 115243.0
2344.8 115301.86
2346.0 115360.85
2347.2 115419.71
2348.4 115478.71
2349.6 115537.56
2350.8 115596.57
2352.0 115655.56
2353.2 115714.42
2354.4 115773.43
2355.6 115832.29
2356.8 115891.27
2358.0 115950.27
2359.2 116009.13
2360.4 116068.11
2361.6 116126.97
2362.8 116185.98
2364.0 116244.97
2365.2 116303.83
2366.4 116362.83
2367.6 116421.68
2368.8 116480.68
2370.0 116539.54
2371.2 116598.53
2372.4 116657.52
2373.6 116716.38
2374.8 116775.35
2376.0 116834.21
2377.2 116893.21
2378.4 116952.2
2379.6 117011.06
2380.8 117070.03
2382.0 117128.88
2383.2 117187.87
2384.4 117246.85
2385.6 117305.71
2386.8 117364.7
2388.0 117423.56
2389.2 117482.52
2390.4 117541.38
2391.6 117600.36
2392.8 117659.34
2394.0 117718.2
2395.2 117777.16
2396.4 117836.02
2397.6 117894.99
2398.8 117953.96
2400.0 118012.82
2401.2 118071.78
2402.4 118130.64
2403.6 118189.61
2404.8 118248.46
2406.0 118307.44
2407.2 118366.4
2408.4 118425.25
2409.6 118484.22
2410.8 118543.17
2412.0 118602.03
2413.2 118661.0
2414.4 118719.86
2415.6 118778.8
2416.8 118837.66
2418.0 118896.62
2419.2 118955.58
2420.4 119014.44
2421.6 119073.38
2422.8 119132.24
2424.0 119191.2
2425.2 119250.14
2426.4 119309.0
2427.6 119367.94
2428.8 119426.8
2430.0 119485.75
2431.2 119544.61
2432.4 119603.56
2433.6 119662.5
2434.8 119721.36
2436.0 119780.29
2437.2 119839.15
2438.4 119898.1
2439.6 119957.04
2440.8 120015.9
2442.0 120074.83
2443.2 120133.69
2444.4 120192.64
2445.6 120251.58
2446.8 120310.44
2448.0 120369.38
2449.2 120428.23
2450.4 120487.17
2451.6 120546.1
2452.8 120604.96
2454.0 120663.9
2455.2 120722.76
2456.4 120781.69
2457.6 120840.55
2458.8 120899.48
2460.0 120958.42
2461.2 121017.28
2462.4 121076.2
2463.6 121135.06
2464.8 121194.0
2466.0 121252.92
2467.2 121311.78
2468.4 121370.71
2469.6 121429.57
2470.8 121488.51
2472.0 121547.43
2473.2 121606.29
2474.4 121665.22
2475.6 121724.07
2476.8 121783.0
2478.0 121841.86
2479.2 121900.78
2480.4 121959.71
2481.6 122018.57
2482.8 122077.5
2484.0 122136.36
2485.2 122195.29
2486.4 122254.21
2487.6 122313.07
2488.8 122371.99
2490.0 122430.85
2491.2 122489.78
2492.4 122548.64
2493.6 122607.56
2494.8 122666.48
2496.0 122725.34
2497.2 122784.26
2498.4 122843.12
2499.6 122902.05
2500.8 122960.96
2502.0 123019.82
2503.2 123078.74
2504.4 123137.6
2505.6 123196.53
2506.8 123255.44
2508.0 123314.3
2509.2 123373.23
2510.4 123432.08
2511.6 123491.01
2512.8 123549.87
2514.0 123608.79
2515.2 123667.71
2516.4 123726.57
2517.6 123785.49
2518.8 123844.35
2520.0 123903.27
2521.2 123962.19
2522.4 124021.05
2523.6 124079.97
2524.8 124138.82
2526.0 124197.75
2527.2 124256.66
2528.4 124315.52
2529.6 124374.45
2530.8 124433.31
2532.0 124492.22
2533.2 124551.08
2534.4 124610.0
2535.6 124668.92
2536.8 124727.78
2538.0 124786.7
2539.2 124845.56
2540.4 124904.49
2541.6 124963.4
2542.8 125022.26
2544.0 125081.18
2545.2 125140.04
2546.4 125198.96
2547.6 125257.87
2548.8 125316.73
2550.0 125375.66
2551.2 125434.51
2552.4 125493.44
2553.6 125552.3
2554.8 125611.21
2556.0 125670.14
2557.2 125729.0
2558.4 125787.91
2559.6 125846.77
2560.8 125905.69
2562.0 125964.62
2563.2 126023.48
2564.4 126082.39
2565.6 126141.25
2566.8 126200.17
2568.0 126259.03
2569.2 126317.95
2570.4 126376.87
2571.6 126435.73
2572.8 126494.65
2574.0 126553.51
2575.2 126612.43
2576.4 126671.35
2577.6 126730.21
2578.8 126789.13
2580.0 126847.98
2581.2 126906.91
2582.4 126965.83
2583.6 127024.69
2584.8 127083.61
2586.0 127142.47
2587.2 127201.38
2588.4 127260.31
2589.6 127319.17
2590.8 127378.08
2592.0 127436.94
2593.2 127495.87
2594.4 127554.73
2595.6 127613.65
2596.8 127672.57
2598.0 127731.43
2599.2 127790.35
2600.4 127849.21
2601.6 127908.14
2602.8 127967.0
2604.0 128025.91
2605.2 128084.84
2606.4 128143.7
2607.6 128202.61
2608.8 128261.53
2610.0 128320.39
2611.2 128379.31
2612.4 128438.17
2613.6 128497.09
2614.8 128556.01
2616.0 128614.87
2617.2 128673.79
2618.4 128732.65
2619.6 128791.57
2620.8 128850.43
2622.0 128909.35
2623.2 128968.27
2624.4 129027.13
2625.6 129086.05
2626.8 129144.91
2628.0 129203.83
2629.2 129262.75
2630.4 129321.61
2631.6 129380.52
2632.8 129439.38
2634.0 129498.31
2635.2 129557.22
2636.4 129616.08
2637.6 129675.01
2638.8 129733.87
2640.0 129792.78
2641.2 129851.64
2642.4 129910.57
2643.6 129969.48
2644.8 130028.34
2646.0 130087.26
2647.2 130146.12
2648.4 130205.04
2649.6 130263.96
2650.8 130322.82
2652.0 130381.74
2653.2 130440.6
2654.4 130499.52
2655.6 130558.37
2656.8 130617.29
2658.0 130676.22
2659.2 130735.07
2660.4 130793.99
2661.6 130852.85
2662.8 130911.76
2664.0 130970.69
2665.2 131029.55
2666.4 131088.46
2667.6 131147.32
2668.8 131206.24
2670.0 131265.16
2671.2 131324.02
2672.4 131382.94
2673.6 131441.8
2674.8 131500.71
2676.0 131559.57
2677.2 131618.49
2678.4 131677.41
2679.6 131736.27
2680.8 131795.18
2682.0 131854.04
2683.2 131912.96
2684.4 131971.87
2685.6 132030.73
2686.8 132089.65
2688.0 132148.5
2689.2 132207.42
2690.4 132266.34
2691.6 132325.2
2692.8 132384.12
2694.0 132442.98
2695.2 132501.89
2696.4 132560.75
2697.6 132619.66
2698.8 132678.58
2700.0 132737.44
2701.2 132796.35
2702.4 132855.21
2703.6 132914.12
2704.8 132973.04
2706.0 133031.9
2707.2 133090.82
2708.4 133149.68
2709.6 133208.59
2710.8 133267.45
2712.0 133326.37
2713.2 133385.28
2714.4 133444.14
2715.6 133503.06
2716.8 133561.91
2718.0 133620.83
2719.2 133679.74
2720.4 133738.6
2721.6 133797.52
2722.8 133856.37
2724.0 133915.29
2725.2 133974.2
2726.4 134033.06
2727.6 134091.98
2728.8 134150.84
2730.0 134209.75
2731.2 134268.61
2732.4 134327.52
2733.6 134386.44
2734.8 134445.3
2736.0 134504.21
2737.2 134563.07
2738.4 134621.99
2739.6 134680.9
2740.8 134739.76
2742.0 134798.69
2743.2 134857.54
2744.4 134916.45
2745.6 134975.36
2746.8 135034.22
2748.0 135093.14
2749.2 135151.99
2750.4 135210.91
2751.6 135269.81
2752.8 135328.67
2754.0 135387.6
2755.2 135446.46
2756.4 135505.36
2757.6 135564.28
2758.8 135623.14
2760.0 135682.05
2761.2 135740.91
2762.4 135799.83
2763.6 135858.69
2764.8 135917.6
2766.0 135976.51
2767.2 136035.37
2768.4 136094.28
2769.6 136153.14
2770.8 136212.06
2772.0 136270.97
2773.2 136329.83
2774.4 136388.75
2775.6 136447.6
2776.8 136506.52
2778.0 136565.43
2779.2 136624.29
2780.4 136683.21
2781.6 136742.07
2782.8 136800.98
2784.0 136859.84
2785.2 136918.75
2786.4 136977.61
2787.6 137036.53
2788.8 137095.43
2790.0 137154.29
2791.2 137213.21
2792.4 137272.12
2793.6 137330.98
2794.8 137389.88
2796.0 137448.74
2797.2 137507.66
2798.4 137566.51
2799.6 137625.43
