0.0 4700.0
1.2 4700.0
2.4 4700.0
3.6 106.75
4.8 166.73
6.0 209.61
7.2 253.28
8.4 313.24
9.6 359.74
10.8 419.68
12.0 469.11
13.2 518.3
14.4 578.21
15.6 629.73
16.8 689.62
18.0 742.16
19.2 802.03
20.4 855.41
21.6 909.98
22.8 969.81
24.0 1025.07
25.2 1084.88
26.4 1141.15
27.6 1197.77
28.8 1257.55
30.0 1315.39
31.2 1375.13
32.4 1432.84
33.6 1491.72
34.8 1551.43
36.0 1610.1
37.2 1669.8
38.4 1729.43
39.6 1789.1
40.8 1848.37
42.0 1908.55
43.2 1968.18
44.4 2028.9
45.6 2088.52
46.8 2149.62
48.0 2212.59
49.2 2272.18
50.4 2336.01
51.6 2395.57
52.8 2461.08
54.0 2526.76
55.2 2586.31
56.4 2653.38
57.6 2712.9
58.8 2779.47
60.0 2843.38
61.2 2902.88
62.4 2967.81
63.6 3027.29
64.8 3090.93
66.0 3150.39
67.2 3213.8
68.4 3276.71
69.6 3336.15
70.8 3398.88
72.0 3458.3
73.2 3520.43
74.4 3582.09
75.6 3641.49
76.8 3703.23
78.0 3762.62
79.2 3823.96
80.4 3883.33
81.6 3944.61
82.8 4005.46
84.0 4064.82
85.2 4126.18
86.4 4185.52
87.6 4246.38
88.8 4306.91
90.0 4366.24
91.2 4426.92
92.4 4486.23
93.6 4546.74
94.8 4607.2
96.0 4666.49
97.2 4727.44
98.4 4786.72
99.6 4847.2
100.8 4907.45
102.0 4966.71
103.2 5027.76
104.4 5087.01
105.6 5147.41
106.8 5206.65
108.0 5266.83
109.2 5326.99
110.4 5386.22
111.6 5447.27
112.8 5506.49
114.0 5566.81
115.2 5626.02
116.4 5686.85
117.6 5746.85
118.8 5806.04
120.0 5866.22
121.2 5925.41
122.4 5986.2
123.6 6046.35
124.8 6105.52
126.0 6166.19
127.2 6225.35
128.4 6285.47
129.6 6346.39
130.8 6405.54
132.0 6465.72
133.2 6524.86
134.4 6585.29
135.6 6644.42
136.8 6704.75
138.0 6765.23
139.2 6824.35
140.4 6884.36
141.6 6943.48
142.8 7004.1
144.0 7063.99
145.2 7123.1
146.4 7183.68
147.6 7242.78
148.8 7302.79
150.0 7363.41
151.2 7422.5
152.4 7483.01
153.6 7542.1
154.8 7601.96
156.0 7662.27
157.2 7721.35
158.4 7781.25
159.6 7840.32
160.8 7900.74
162.0 7959.8
163.2 8020.28
164.4 8079.94
165.6 8138.99
166.8 8199.34
168.0 8258.39
169.2 8318.78
170.4 8378.45
171.6 8437.49
172.8 8497.62
174.0 8556.66
175.2 8617.11
176.4 8676.14
177.6 8735.66
178.8 8795.98
180.0 8855.01
181.2 8915.23
182.4 8974.25
183.6 9033.56
184.8 9093.6
186.0 9152.62
187.2 9212.71
188.4 9271.72
189.6 9331.83
190.8 9391.18
192.0 9450.19
193.2 9510.12
194.4 9569.13
195.6 9629.22
196.8 9688.22
198.0 9748.17
199.2 9807.45
200.4 9866.45
201.6 9926.24
202.8 9985.23
204.0 10045.15
205.2 10105.09
206.4 10164.07
207.6 10223.17
208.8 10282.15
210.0 10341.94
211.2 10401.7
212.4 10460.68
213.6 10520.37
214.8 10579.34
216.0 10639.15
217.2 10698.12
218.4 10757.22
219.6 10816.84
220.8 10875.8
222.0 10935.4
223.2 10994.36
224.4 11053.98
225.6 11113.57
226.8 11172.53
228.0 11231.43
229.2 11290.39
230.4 11349.97
231.6 11409.46
232.8 11468.41
234.0 11527.95
235.2 11586.9
236.4 11646.44
237.6 11705.38
238.8 11764.83
240.0 11823.56
241.2 11882.51
242.4 11941.92
243.6 12001.31
244.8 12060.26
246.0 12119.66
247.2 12178.6
248.4 12237.95
249.6 12296.88
250.8 12356.23
252.0 12415.5
253.2 12474.43
254.4 12533.12
255.6 12592.05
256.8 12651.34
258.0 12710.56
259.2 12769.5
260.4 12828.74
261.6 12887.66
262.8 12946.88
264.0 13005.81
265.2 13065.03
266.4 13124.2
267.6 13183.12
268.8 13242.28
270.0 13301.2
271.2 13360.35
272.4 13418.87
273.6 13477.79
274.8 13536.92
276.0 13595.84
277.2 13654.95
278.4 13714.03
279.6 13772.94
280.8 13832.03
282.0 13890.94
283.2 13950.02
284.4 14008.93
285.6 14067.97
286.8 14127.0
288.0 14185.91
289.2 14244.94
290.4 14303.85
291.6 14362.86
292.8 14421.86
294.0 14480.76
295.2 14539.12
296.4 14598.03
297.6 14657.01
298.8 14715.97
300.0 14774.88
301.2 14833.84
302.4 14892.75
303.6 14951.69
304.8 15010.59
306.0 15069.53
307.2 15128.45
308.4 15187.35
309.6 15246.27
310.8 15305.17
312.0 15364.07
313.2 15422.97
314.4 15481.87
315.6 15540.75
316.8 15599.64
318.0 15658.53
319.2 15717.41
320.4 15776.31
321.6 15835.17
322.8 15894.07
324.0 15952.3
325.2 16011.16
326.4 16070.05
327.6 16128.91
328.8 16187.8
330.0 16246.63
331.2 16305.52
332.4 16364.37
333.6 16423.2
334.8 16482.09
336.0 16540.91
337.2 16599.8
338.4 16658.62
339.6 16717.44
340.8 16776.33
342.0 16835.12
343.2 16894.01
344.4 16952.82
345.6 17011.7
346.8 17070.5
348.0 17129.3
349.2 17188.18
350.4 17246.98
351.6 17305.87
352.8 17364.65
354.0 17423.43
355.2 17482.31
356.4 17541.09
357.6 17599.97
358.8 17658.76
360.0 17717.55
361.2 17776.44
362.4 17835.21
363.6 17894.09
364.8 17952.88
366.0 18011.66
367.2 18070.54
368.4 18128.7
369.6 18187.58
370.8 18246.34
372.0 18305.22
373.2 18364.01
374.4 18422.79
375.6 18481.67
376.8 18540.45
378.0 18599.32
379.2 18658.09
380.4 18716.86
381.6 18775.74
382.8 18834.52
384.0 18893.4
385.2 18952.17
386.4 19010.94
387.6 19069.82
388.8 19128.57
390.0 19187.44
391.2 19246.22
392.4 19305.1
393.6 19363.87
394.8 19422.62
396.0 19481.5
397.2 19540.27
398.4 19599.14
399.6 19657.9
400.8 19716.77
402.0 19775.52
403.2 19834.31
404.4 19893.18
405.6 19951.93
406.8 20010.71
408.0 20069.58
409.2 20128.35
410.4 20187.22
411.6 20245.98
412.8 20304.85
414.0 20363.61
415.2 20422.39
416.4 20481.26
417.6 20540.02
418.8 20598.89
420.0 20657.66
421.2 20716.53
422.4 20775.3
423.6 20834.07
424.8 20892.94
426.0 20951.72
427.2 21010.59
428.4 21069.36
429.6 21128.14
430.8 21187.02
432.0 21245.8
433.2 21304.67
434.4 21363.45
435.6 21422.24
436.8 21481.11
438.0 21539.9
439.2 21598.77
440.4 21657.56
441.6 21716.36
442.8 21775.23
444.0 21834.03
445.2 21892.9
446.4 21951.7
447.6 22010.5
448.8 22069.37
450.0 22128.18
451.2 22187.05
452.4 22245.23
453.6 22304.1
454.8 22362.9
456.0 22421.72
457.2 22480.59
458.4 22539.4
459.6 22598.27
460.8 22657.09
462.0 22715.9
463.2 22774.77
464.4 22833.59
465.6 22892.45
466.8 22951.27
468.0 23010.14
469.2 23068.96
470.4 23127.77
471.6 23186.64
472.8 23245.48
474.0 23304.34
475.2 23363.16
476.4 23421.99
477.6 23480.86
478.8 23539.69
480.0 23598.55
481.2 23657.38
482.4 23716.21
483.6 23775.08
484.8 23833.9
486.0 23892.77
487.2 23951.6
488.4 24010.46
489.6 24069.29
490.8 24128.14
492.0 24187.01
493.2 24245.84
494.4 24304.71
495.6 24363.54
496.8 24422.37
498.0 24481.24
499.2 24540.09
500.4 24598.95
501.6 24657.79
502.8 24716.64
504.0 24775.5
505.2 24834.34
506.4 24893.2
507.6 24952.06
508.8 25010.93
510.0 25069.77
511.2 25128.62
512.4 25187.48
513.6 25246.33
514.8 25305.2
516.0 25364.05
517.2 25422.9
518.4 25481.76
519.6 25540.62
520.8 25599.48
522.0 25658.34
523.2 25717.2
524.4 25776.05
525.6 25834.91
526.8 25893.77
528.0 25952.64
529.2 26011.5
530.4 26070.36
531.6 26129.21
532.8 26188.08
534.0 26246.95
535.2 26305.81
536.4 26364.68
537.6 26423.53
538.8 26482.39
540.0 26541.26
541.2 26600.12
542.4 26659.0
543.6 26717.86
544.8 26776.73
546.0 26835.59
547.2 26894.46
548.4 26953.33
549.6 27012.19
550.8 27071.06
552.0 27129.93
553.2 27188.79
554.4 27247.67
555.6 27306.53
556.8 27365.39
558.0 27424.25
559.2 27483.13
560.4 27542.01
561.6 27600.87
562.8 27659.75
564.0 27718.61
565.2 27777.48
566.4 27836.36
567.6 27895.22
568.8 27954.1
570.0 28012.96
571.2 28071.83
572.4 28130.7
573.6 28189.56
574.8 28248.45
576.0 28307.31
577.2 28366.19
578.4 28425.06
579.6 28483.92
580.8 28542.8
582.0 28601.66
583.2 28660.54
584.4 28719.42
585.6 28778.28
586.8 28837.16
588.0 28896.02
589.2 28954.91
590.4 29013.78
591.6 29072.65
592.8 29131.53
594.0 29190.39
595.2 29249.28
596.4 29308.14
597.6 29367.02
598.8 29425.9
600.0 29484.76
601.2 29543.65
602.4 29602.51
603.6 29661.4
604.8 29720.27
606.0 29779.13
607.2 29838.02
608.4 29896.88
609.6 29955.76
610.8 30014.65
612.0 30073.51
613.2 30132.4
614.4 30191.26
615.6 30250.14
616.8 30309.0
618.0 30367.89
619.2 30426.76
620.4 30485.63
621.6 30544.51
622.8 30603.37
624.0 30662.26
625.2 30721.14
626.4 30780.0
627.6 30838.89
628.8 30897.75
630.0 30956.63
631.2 31015.49
632.4 31074.38
633.6 31133.26
634.8 31192.12
636.0 31251.01
637.2 31309.87
638.4 31368.75
639.6 31427.64
640.8 31486.5
642.0 31545.38
643.2 31604.25
644.4 31663.12
645.6 31722.0
646.8 31780.87
648.0 31839.75
649.2 31898.61
650.4 31957.5
651.6 32016.36
652.8 32075.24
654.0 32134.12
655.2 32192.99
656.4 32251.87
657.6 32310.73
658.8 32369.62
660.0 32428.51
661.2 32487.37
662.4 32546.25
663.6 32605.11
664.8 32664.0
666.0 32722.86
667.2 32781.74
668.4 32840.63
669.6 32899.49
670.8 32958.38
672.0 33017.26
673.2 33076.13
674.4 33135.01
675.6 33193.87
676.8 33252.75
678.0 33311.61
679.2 33370.5
680.4 33429.38
681.6 33488.24
682.8 33547.13
684.0 33605.99
685.2 33664.88
686.4 33723.76
687.6 33782.62
688.8 33841.51
690.0 33900.37
691.2 33959.25
692.4 34018.13
693.6 34076.99
694.8 34135.88
696.0 34194.74
697.2 34253.63
698.4 34312.49
699.6 34371.37
700.8 34430.26
702.0 34489.12
703.2 34548.0
704.4 34606.86
705.6 34665.75
706.8 34724.63
708.0 34783.49
709.2 34842.37
710.4 34901.23
711.6 34960.13
712.8 35018.99
714.0 35077.87
715.2 35136.75
716.4 35195.61
717.6 35254.5
718.8 35313.36
720.0 35372.24
721.2 35431.12
722.4 35489.99
723.6 35548.87
724.8 35607.73
726.0 35666.61
727.2 35725.47
728.4 35784.36
729.6 35843.24
730.8 35902.1
732.0 35960.99
733.2 36019.84
734.4 36078.73
735.6 36137.61
736.8 36196.47
738.0 36255.36
739.2 36314.22
740.4 36373.1
741.6 36431.97
742.8 36490.83
744.0 36549.72
745.2 36608.58
746.4 36667.46
747.6 36726.34
748.8 36785.21
750.0 36844.09
751.2 36902.95
752.4 36961.82
753.6 37020.68
754.8 37079.57
756.0 37138.45
757.2 37197.31
758.4 37256.19
759.6 37315.05
760.8 37373.93
762.0 37432.81
763.2 37491.67
764.4 37550.55
765.6 37609.41
766.8 37668.3
768.0 37727.17
769.2 37786.03
770.4 37844.91
771.6 37903.77
772.8 37962.66
774.0 38021.54
775.2 38080.4
776.4 38139.27
777.6 38198.14
778.8 38257.02
780.0 38315.88
781.2 38374.76
782.4 38433.63
783.6 38492.5
784.8 38551.38
786.0 38610.24
787.2 38669.11
788.4 38727.99
789.6 38786.86
790.8 38845.73
792.0 38904.59
793.2 38963.46
794.4 39022.32
795.6 39081.21
796.8 39140.08
798.0 39198.94
799.2 39257.81
800.4 39316.67
801.6 39375.56
802.8 39434.43
804.0 39493.29
805.2 39552.16
806.4 39611.02
807.6 39669.91
808.8 39728.78
810.0 39787.64
811.2 39846.51
812.4 39905.38
813.6 39964.26
814.8 40023.13
816.0 40081.99
817.2 40140.87
818.4 40199.73
819.6 40258.61
820.8 40317.47
822.0 40376.34
823.2 40435.23
824.4 40494.09
825.6 40552.96
826.8 40611.82
828.0 40670.69
829.2 40729.57
830.4 40788.43
831.6 40847.31
832.8 40906.17
834.0 40965.05
835.2 41023.91
836.4 41082.78
837.6 41141.65
838.8 41200.51
840.0 41259.39
841.2 41318.25
842.4 41377.12
843.6 41435.98
844.8 41494.85
846.0 41553.72
847.2 41612.58
848.4 41671.45
849.6 41730.32
850.8 41789.19
852.0 41848.05
853.2 41906.91
854.4 41965.78
855.6 42024.64
856.8 42083.52
858.0 42142.39
859.2 42201.25
860.4 42260.12
861.6 42318.98
862.8 42377.85
864.0 42436.72
865.2 42495.58
866.4 42554.45
867.6 42613.31
868.8 42672.18
870.0 42731.05
871.2 42789.92
872.4 42848.79
873.6 42907.65
874.8 42966.51
876.0 43025.37
877.2 43084.25
878.4 43143.12
879.6 43201.98
880.8 43260.85
882.0 43319.71
883.2 43378.58
884.4 43437.45
885.6 43496.32
886.8 43555.18
888.0 43614.04
889.2 43672.91
890.4 43731.79
891.6 43790.65
892.8 43849.52
894.0 43908.38
895.2 43967.25
896.4 44026.11
897.6 44084.98
898.8 44143.85
900.0 44202.72
901.2 44261.58
902.4 44320.44
903.6 44379.32
904.8 44438.19
906.0 44497.05
907.2 44555.92
908.4 44614.78
909.6 44673.65
910.8 44732.52
912.0 44791.38
913.2 44850.26
914.4 44909.12
915.6 44967.98
916.8 45026.84
918.0 45085.72
919.2 45144.59
920.4 45203.45
921.6 45262.32
922.8 45321.18
924.0 45380.05
925.2 45438.93
926.4 45497.79
927.6 45556.66
928.8 45615.52
930.0 45674.39
931.2 45733.26
932.4 45792.12
933.6 45851.0
934.8 45909.86
936.0 45968.72
937.2 46027.58
938.4 46086.46
939.6 46145.33
940.8 46204.19
942.0 46263.06
943.2 46321.92
944.4 46380.79
945.6 46439.65
946.8 46498.53
948.0 46557.4
949.2 46616.26
950.4 46675.12
951.6 46734.0
952.8 46792.86
954.0 46851.73
955.2 46910.59
956.4 46969.46
957.6 47028.33
958.8 47087.19
960.0 47146.07
961.2 47204.93
962.4 47263.8
963.6 47322.66
964.8 47381.53
966.0 47440.4
967.2 47499.26
968.4 47558.14
969.6 47617.0
970.8 47675.87
972.0 47734.73
973.2 47793.6
974.4 47852.47
975.6 47911.33
976.8 47970.2
978.0 48029.06
979.2 48087.93
980.4 48146.8
981.6 48205.66
982.8 48264.54
984.0 48323.4
985.2 48382.27
986.4 48441.13
987.6 48500.0
988.8 48558.87
990.0 48617.73
991.2 48676.61
992.4 48735.48
993.6 48794.34
994.8 48853.21
996.0 48912.07
997.2 48970.94
998.4 49029.8
999.6 49088.67
1000.8 49147.54
1002.0 49206.41
1003.2 49265.26
1004.4 49324.13
1005.6 49383.0
1006.8 49441.86
1008.0 49500.74
1009.2 49559.6
1010.4 49618.47
1011.6 49677.34
1012.8 49736.2
1014.0 49795.07
1015.2 49853.93
1016.4 49912.81
1017.6 49971.68
1018.8 50030.54
1020.0 50089.41
1021.2 50148.27
1022.4 50207.14
1023.6 50266.0
1024.8 50324.87
1026.0 50383.75
1027.2 50442.61
1028.4 50501.48
1029.6 50560.34
1030.8 50619.21
1032.0 50678.08
1033.2 50736.94
1034.4 50795.82
1035.6 50854.67
1036.8 50913.55
1038.0 50972.42
1039.2 51031.28
1040.4 51090.15
1041.6 51149.01
1042.8 51207.89
1044.0 51266.76
1045.2 51325.62
1046.4 51384.49
1047.6 51443.35
1048.8 51502.22
1050.0 51561.08
1051.2 51619.95
1052.4 51678.83
1053.6 51737.69
1054.8 51796.56
1056.0 51855.42
1057.2 51914.3
1058.4 51973.16
1059.6 52032.02
1060.8 52090.9
1062.0 52149.75
1063.2 52208.63
1064.4 52267.5
1065.6 52326.36
1066.8 52385.23
1068.0 52444.09
1069.2 52502.96
1070.4 52561.82
1071.6 52620.7
1072.8 52679.57
1074.0 52738.43
1075.2 52797.31
1076.4 52856.17
1077.6 52915.03
1078.8 52973.91
1080.0 53032.77
1081.2 53091.64
1082.4 53150.5
1083.6 53209.38
1084.8 53268.25
1086.0 53327.11
1087.2 53385.97
1088.4 53444.83
1089.6 53503.71
1090.8 53562.57
1092.0 53621.44
1093.2 53680.32
1094.4 53739.18
1095.6 53798.05
1096.8 53856.91
1098.0 53915.78
1099.2 53974.65
1100.4 54033.51
1101.6 54092.39
1102.8 54151.25
1104.0 54210.12
1105.2 54268.98
1106.4 54327.86
1107.6 54386.72
1108.8 54445.58
1110.0 54504.46
1111.2 54563.32
1112.4 54622.19
1113.6 54681.07
1114.8 54739.93
1116.0 54798.8
1117.2 54857.66
1118.4 54916.54
1119.6 54975.41
1120.8 55034.27
1122.0 55093.15
1123.2 55152.01
1124.4 55210.88
1125.6 55269.76
1126.8 55328.62
1128.0 55387.49
1129.2 55446.35
1130.4 55505.23
1131.6 55564.08
1132.8 55622.96
1134.0 55681.83
1135.2 55740.69
1136.4 55799.57
1137.6 55858.43
1138.8 55917.3
1140.0 55976.18
1141.2 56035.04
1142.4 56093.91
1143.6 56152.77
1144.8 56211.65
1146.0 56270.5
1147.2 56329.38
1148.4 56388.26
1149.6 56447.11
1150.8 56506.0
1152.0 56564.86
1153.2 56623.73
1154.4 56682.61
1155.6 56741.47
1156.8 56800.34
1158.0 56859.2
1159.2 56918.09
1160.4 56976.96
1161.6 57035.82
1162.8 57094.71
1164.0 57153.57
1165.2 57212.44
1166.4 57271.3
1167.6 57330.19
1168.8 57389.06
1170.0 57447.92
1171.2 57506.8
1172.4 57565.65
1173.6 57624.54
1174.8 57683.41
1176.0 57742.27
1177.2 57801.16
1178.4 57860.02
1179.6 57918.89
1180.8 57977.78
1182.0 58036.64
1183.2 58095.51
1184.4 58154.37
1185.6 58213.25
1186.8 58272.1
1188.0 58330.99
1189.2 58389.87
1190.4 58448.72
1191.6 58507.61
1192.8 58566.47
1194.0 58625.35
1195.2 58684.22
1196.4 58743.08
1197.6 58801.96
1198.8 58860.82
1200.0 58919.7
1201.2 58978.56
1202.4 59037.44
1203.6 59096.32
1204.8 59155.18
1206.0 59214.05
1207.2 59272.94
1208.4 59331.8
1209.6 59390.67
1210.8 59449.53
1212.0 59508.42
1213.2 59567.27
1214.4 59626.15
1215.6 59685.03
1216.8 59743.88
1218.0 59802.77
1219.2 59861.63
1220.4 59920.51
1221.6 59979.38
1222.8 60038.24
1224.0 60097.12
1225.2 60155.98
1226.4 60214.86
1227.6 60273.74
1228.8 60332.6
1230.0 60391.48
1231.2 60450.34
1232.4 60509.21
1233.6 60568.07
1234.8 60626.96
1236.0 60685.83
1237.2 60744.69
1238.4 60803.57
1239.6 60862.43
1240.8 60921.31
1242.0 60980.19
1243.2 61039.05
1244.4 61097.92
1245.6 61156.78
1246.8 61215.67
1248.0 61274.52
1249.2 61333.4
1250.4 61392.28
1251.6 61451.14
1252.8 61510.02
1254.0 61568.88
1255.2 61627.76
1256.4 61686.64
1257.6 61745.5
1258.8 61804.38
1260.0 61863.23
1261.2 61922.11
1262.4 61980.99
1263.6 62039.85
1264.8 62098.73
1266.0 62157.59
1267.2 62216.46
1268.4 62275.35
1269.6 62334.21
1270.8 62393.08
1272.0 62451.94
1273.2 62510.82
1274.4 62569.68
1275.6 62628.56
1276.8 62687.44
1278.0 62746.3
1279.2 62805.17
1280.4 62864.03
1281.6 62922.91
1282.8 62981.78
1284.0 63040.64
1285.2 63099.52
1286.4 63158.38
1287.6 63217.25
1288.8 63276.13
1290.0 63334.99
1291.2 63393.86
1292.4 63452.72
1293.6 63511.59
1294.8 63570.44
1296.0 63629.32
1297.2 63688.19
1298.4 63747.05
1299.6 63805.93
1300.8 63864.79
1302.0 63923.65
1303.2 63982.51
1304.4 64041.39
1305.6 64100.26
1306.8 64159.12
1308.0 64218.0
1309.2 64276.85
1310.4 64335.72
1311.6 64394.6
1312.8 64453.46
1314.0 64512.33
1315.2 64571.19
1316.4 64630.07
1317.6 64688.93
1318.8 64747.79
1320.0 64806.67
1321.2 64865.52
1322.4 64924.4
1323.6 64983.26
1324.8 65042.12
1326.0 65101.0
1327.2 65159.86
1328.4 65218.73
1329.6 65277.59
1330.8 65336.47
1332.0 65395.33
1333.2 65454.19
1334.4 65513.07
1335.6 65571.92
1336.8 65630.8
1338.0 65689.68
1339.2 65748.54
1340.4 65807.4
1341.6 65866.26
1342.8 65925.14
1344.0 65984.01
1345.2 66042.87
1346.4 66101.74
1347.6 66160.6
1348.8 66219.47
1350.0 66278.33
1351.2 66337.2
1352.4 66396.08
1353.6 66454.94
1354.8 66513.81
1356.0 66572.67
1357.2 66631.54
1358.4 66690.41
1359.6 66749.27
1360.8 66808.15
1362.0 66867.0
1363.2 66925.88
1364.4 66984.75
1365.6 67043.61
1366.8 67102.48
1368.0 67161.34
1369.2 67220.21
1370.4 67279.09
1371.6 67337.95
1372.8 67396.82
1374.0 67455.68
1375.2 67514.55
1376.4 67573.4
1377.6 67632.28
1378.8 67691.15
1380.0 67750.01
1381.2 67808.89
1382.4 67867.75
1383.6 67926.61
1384.8 67985.49
1386.0 68044.35
1387.2 68103.22
1388.4 68162.08
1389.6 68220.96
1390.8 68279.81
1392.0 68338.68
1393.2 68397.55
1394.4 68456.41
1395.6 68515.29
1396.8 68574.15
1398.0 68633.02
1399.2 68691.89
1400.4 68750.75
1401.6 68809.62
1402.8 68868.48
1404.0 68927.36
1405.2 68986.23
1406.4 69045.09
1407.6 69103.96
1408.8 69162.82
1410.0 69221.69
1411.2 69280.54
1412.4 69339.42
1413.6 69398.3
1414.8 69457.15
1416.0 69516.03
1417.2 69574.89
1418.4 69633.75
1419.6 69692.63
1420.8 69751.49
1422.0 69810.36
1423.2 69869.22
1424.4 69928.1
1425.6 69986.97
1426.8 70045.83
1428.0 70104.69
1429.2 70163.55
1430.4 70222.43
1431.6 70281.29
1432.8 70340.16
1434.0 70399.04
1435.2 70457.9
1436.4 70516.77
1437.6 70575.63
1438.8 70634.5
1440.0 70693.37
1441.2 70752.23
1442.4 70811.1
1443.6 70869.96
1444.8 70928.84
1446.0 70987.7
1447.2 71046.56
1448.4 71105.44
1449.6 71164.29
1450.8 71223.17
1452.0 71282.03
1453.2 71340.91
1454.4 71399.78
1455.6 71458.64
1456.8 71517.5
1458.0 71576.36
1459.2 71635.24
1460.4 71694.11
1461.6 71752.97
1462.8 71811.85
1464.0 71870.71
1465.2 71929.58
1466.4 71988.45
1467.6 72047.31
1468.8 72106.18
1470.0 72165.04
1471.2 72223.92
1472.4 72282.79
1473.6 72341.65
1474.8 72400.52
1476.0 72459.38
1477.2 72518.26
1478.4 72577.12
1479.6 72635.98
1480.8 72694.86
1482.0 72753.72
1483.2 72812.59
1484.4 72871.45
1485.6 72930.32
1486.8 72989.2
1488.0 73048.06
1489.2 73106.93
1490.4 73165.79
1491.6 73224.67
1492.8 73283.52
1494.0 73342.4
1495.2 73401.28
1496.4 73460.13
1497.6 73519.01
1498.8 73577.87
1500.0 73636.74
1501.2 73695.62
1502.4 73754.48
1503.6 73813.35
1504.8 73872.21
1506.0 73931.09
1507.2 73989.96
1508.4 74048.82
1509.6 74107.69
1510.8 74166.55
1512.0 74225.43
1513.2 74284.28
1514.4 74343.16
1515.6 74402.04
1516.8 74460.9
1518.0 74519.77
1519.2 74578.63
1520.4 74637.51
1521.6 74696.39
1522.8 74755.25
1524.0 74814.12
1525.2 74872.98
1526.4 74931.86
1527.6 74990.74
1528.8 75049.6
1530.0 75108.48
1531.2 75167.33
1532.4 75226.22
1533.6 75285.09
1534.8 75343.95
1536.0 75402.84
1537.2 75461.7
1538.4 75520.57
1539.6 75579.43
1540.8 75638.31
1542.0 75697.19
1543.2 75756.05
1544.4 75814.93
1545.6 75873.78
1546.8 75932.67
1548.0 75991.54
1549.2 76050.4
1550.4 76109.28
1551.6 76168.14
1552.8 76227.02
1554.0 76285.9
1555.2 76344.76
1556.4 76403.64
1557.6 76462.5
1558.8 76521.38
1560.0 76580.23
1561.2 76639.11
1562.4 76697.99
1563.6 76756.85
1564.8 76815.73
1566.0 76874.58
1567.2 76933.47
1568.4 76992.34
1569.6 77051.2
1570.8 77110.08
1572.0 77168.94
1573.2 77227.82
1574.4 77286.68
1575.6 77345.56
1576.8 77404.44
1578.0 77463.3
1579.2 77522.17
1580.4 77581.03
1581.6 77639.91
1582.8 77698.79
1584.0 77757.65
1585.2 77816.52
1586.4 77875.38
1587.6 77934.26
1588.8 77993.14
1590.0 78052.0
1591.2 78110.88
1592.4 78169.73
1593.6 78228.62
1594.8 78287.47
1596.0 78346.35
1597.2 78405.23
1598.4 78464.08
1599.6 78522.97
1600.8 78581.83
1602.0 78640.7
1603.2 78699.58
1604.4 78758.43
1605.6 78817.32
1606.8 78876.18
1608.0 78935.05
1609.2 78993.94
1610.4 79052.8
1611.6 79111.67
1612.8 79170.53
1614.0 79229.4
1615.2 79288.26
1616.4 79347.15
1617.6 79406.02
1618.8 79464.88
1620.0 79523.75
1621.2 79582.61
1622.4 79641.5
1623.6 79700.37
1624.8 79759.23
1626.0 79818.1
1627.2 79876.96
1628.4 79935.85
1629.6 79994.72
1630.8 80053.58
1632.0 80112.45
1633.2 80171.31
1634.4 80230.2
1635.6 80289.07
1636.8 80347.93
1638.0 80406.81
1639.2 80465.66
1640.4 80524.55
1641.6 80583.41
1642.8 80642.28
1644.0 80701.16
1645.2 80760.02
1646.4 80818.9
1647.6 80877.76
1648.8 80936.64
1650.0 80995.51
1651.2 81054.37
1652.4 81113.25
1653.6 81172.11
1654.8 81230.99
1656.0 81289.86
1657.2 81348.72
1658.4 81407.59
1659.6 81466.45
1660.8 81525.33
1662.0 81584.18
1663.2 81643.06
1664.4 81701.94
1665.6 81760.79
1666.8 81819.66
1668.0 81878.52
1669.2 81937.39
1670.4 81996.27
1671.6 82055.13
1672.8 82114.0
1674.0 82172.86
1675.2 82231.72
1676.4 82290.58
1677.6 82349.46
1678.8 82408.33
1680.0 82467.19
1681.2 82526.07
1682.4 82584.92
1683.6 82643.79
1684.8 82702.66
1686.0 82761.52
1687.2 82820.4
1688.4 82879.25
1689.6 82938.12
1690.8 82996.99
1692.0 83055.85
1693.2 83114.73
1694.4 83173.59
1695.6 83232.46
1696.8 83291.32
1698.0 83350.18
1699.2 83409.06
1700.4 83467.92
1701.6 83526.79
1702.8 83585.65
1704.0 83644.5
1705.2 83703.35
1706.4 83762.19
1707.6 83803.38
1708.8 83803.38
1710.0 83996.67
1711.2 84105.71
1712.4 84164.57
1713.6 84269.09
1714.8 84327.94
1716.0 84428.25
1717.2 84487.11
1718.4 84586.32
1719.6 84678.71
1720.8 84737.57
1722.0 84831.6
1723.2 84890.46
1724.4 84980.16
1725.6 85039.01
1726.8 85129.73
1728.0 85211.86
1729.2 85270.72
1730.4 85354.05
1731.6 85419.13
1732.8 85477.99
1734.0 85536.87
1735.2 85595.72
1736.4 85654.6
1737.6 85713.47
1738.8 85772.33
1740.0 85831.21
1741.2 85890.07
1742.4 85948.94
1743.6 86007.8
1744.8 86066.67
1746.0 86125.55
1747.2 86184.41
1748.4 86243.28
1749.6 86302.14
1750.8 86361.02
1752.0 86419.89
1753.2 86478.75
1754.4 86537.62
1755.6 86596.48
1756.8 86655.36
1758.0 86714.21
1759.2 86773.09
1760.4 86831.97
1761.6 86890.82
1762.8 86949.7
1764.0 87008.56
1765.2 87067.43
1766.4 87126.31
1767.6 87185.17
1768.8 87244.04
1770.0 87302.9
1771.2 87361.77
1772.4 87420.65
1773.6 87479.51
1774.8 87538.38
1776.0 87597.24
1777.2 87656.12
1778.4 87714.97
1779.6 87773.85
1780.8 87832.73
1782.0 87891.58
1783.2 87950.46
1784.4 88009.32
1785.6 88068.19
1786.8 88127.07
1788.0 88185.93
1789.2 88244.8
1790.4 88303.66
1791.6 88362.54
1792.8 88421.41
1794.0 88480.27
1795.2 88539.14
1796.4 88598.0
1797.6 88656.88
1798.8 88715.74
1800.0 88774.61
1801.2 88833.49
1802.4 88892.35
1803.6 88951.22
1804.8 89010.08
1806.0 89068.96
1807.2 89127.83
1808.4 89186.69
1809.6 89234.46
1810.8 89293.32
1812.0 89339.61
1813.2 89384.9
1814.4 89443.76
1815.6 89488.01
1816.8 89546.87
1818.0 89591.76
1819.2 89637.33
1820.4 89696.19
1821.6 89755.05
1822.8 89796.3
1824.0 89843.34
1825.2 89902.2
1826.4 89945.8
1827.6 89990.19
1828.8 90049.05
1830.0 90095.14
1831.2 90154.0
1832.4 90198.38
1833.6 90257.24
1834.8 90299.97
1836.0 90343.61
1837.2 90402.47
1838.4 90449.57
1839.6 90494.23
1840.8 90553.09
1842.0 90596.25
1843.2 90655.1
1844.4 90700.87
1845.6 90759.73
1846.8 90804.85
1848.0 90850.93
1849.2 90909.79
1850.4 90955.27
1851.6 91014.13
1852.8 91059.84
1854.0 91105.76
1855.2 91164.62
1856.4 91210.06
1857.6 91268.92
1858.8 91316.1
1860.0 91374.96
1861.2 91418.15
1862.4 91468.66
1863.6 91527.52
1864.8 91574.15
1866.0 91633.01
1867.2 91680.62
1868.4 91728.55
1869.6 91787.41
1870.8 91835.67
1872.0 91894.53
1873.2 91943.71
1874.4 91992.04
1875.6 92050.9
1876.8 92099.07
1878.0 92157.92
1879.2 92208.65
1880.4 92267.51
1881.6 92317.48
1882.8 92367.81
1884.0 92426.67
1885.2 92477.36
1886.4 92536.22
1887.6 92585.93
1888.8 92639.1
1890.0 92697.96
1891.2 92749.72
1892.4 92808.57
1893.6 92860.3
1894.8 92913.15
1896.0 92972.01
1897.2 93024.5
1898.4 93083.36
1899.6 93136.55
1900.8 93195.41
1902.0 93248.98
1903.2 93302.88
1904.4 93361.74
1905.6 93415.99
1906.8 93474.84
1908.0 93529.68
1909.2 93584.57
1910.4 93643.43
1911.6 93698.47
1912.8 93757.33
1914.0 93813.08
1915.2 93868.95
1916.4 93927.81
1917.6 93983.99
1918.8 94042.85
1920.0 94099.32
1921.2 94156.1
1922.4 94214.96
1923.6 94272.02
1924.8 94330.88
1926.0 94388.06
1927.2 94446.91
1928.4 94504.56
1929.6 94562.56
1930.8 94621.42
1932.0 94679.55
1933.2 94738.41
1934.4 94796.77
1935.6 94855.63
1936.8 94914.22
1938.0 94973.07
1939.2 95031.93
1940.4 95091.05
1941.6 95150.24
1942.8 95209.1
1944.0 95268.59
1945.2 95327.45
1946.4 95387.06
1947.6 95445.91
1948.8 95505.8
1950.0 95565.74
1951.2 95624.59
1952.4 95684.92
1953.6 95743.78
1954.8 95804.02
1956.0 95862.88
1957.2 95923.74
1958.4 95983.84
1959.6 96042.7
1960.8 96103.42
1962.0 96164.24
1963.2 96223.1
1964.4 96284.17
1965.6 96343.03
1966.8 96403.93
1968.0 96462.79
1969.2 96524.19
1970.4 96585.26
1971.6 96644.12
1972.8 96705.68
1974.0 96764.54
1975.2 96825.46
1976.4 96887.0
1977.6 96945.86
1978.8 97007.31
1980.0 97066.17
1981.2 97127.65
1982.4 97189.01
1983.6 97247.87
1984.8 97309.41
1986.0 97368.27
1987.2 97430.15
1988.4 97489.0
1989.6 97550.26
1990.8 97612.0
1992.0 97670.86
1993.2 97732.45
1994.4 97791.31
1995.6 97852.72
1996.8 97914.3
1998.0 97973.16
1999.2 98035.04
2000.4 98093.9
2001.6 98155.29
2002.8 98214.14
2004.0 98275.66
2005.2 98337.17
2006.4 98396.02
2007.6 98457.34
2008.8 98516.2
2010.0 98577.94
2011.2 98639.36
2012.4 98698.22
2013.6 98759.29
2014.8 98818.15
2016.0 98879.49
2017.2 98940.78
2018.4 98999.64
2019.6 99061.17
2020.8 99120.02
2022.0 99180.95
2023.2 99242.1
2024.4 99300.96
2025.6 99362.34
2026.8 99421.2
2028.0 99482.49
2029.2 99541.35
2030.4 99601.86
2031.6 99662.92
2032.8 99721.78
2034.0 99782.67
2035.2 99841.53
2036.4 99902.24
2037.6 99963.13
2038.8 100021.99
2040.0 100082.58
2041.2 100141.44
2042.4 100202.21
2043.6 100262.7
2044.8 100321.56
2046.0 100382.09
2047.2 100440.95
2048.4 100501.43
2049.6 100560.29
2050.8 100620.78
2052.0 100681.22
2053.2 100740.08
2054.4 100800.19
2055.6 100859.05
2056.8 100919.36
2058.0 100979.45
2059.2 101038.31
2060.4 101098.49
2061.6 101157.35
2062.8 101217.45
2064.0 101277.31
2065.2 101336.17
2066.4 101396.1
2067.6 101454.96
2068.8 101514.95
2070.0 101573.8
2071.2 101633.5
2072.4 101693.27
2073.6 101752.12
2074.8 101811.87
2076.0 101870.73
2077.2 101930.42
2078.4 101989.98
2079.6 102048.84
2080.8 102108.34
2082.0 102167.2
2083.2 102226.71
2084.4 102286.15
2085.6 102345.01
2086.8 102404.42
2088.0 102463.28
2089.2 102522.63
2090.4 102581.49
2091.6 102640.83
2092.8 102700.1
2094.0 102758.96
2095.2 102818.17
2096.4 102877.02
2097.6 102936.21
2098.8 102995.37
2100.0 103054.23
2101.2 103113.33
2102.4 103172.19
2103.6 103231.26
2104.8 103290.12
2106.0 103349.18
2107.2 103408.17
2108.4 103467.03
2109.6 103526.02
2110.8 103584.87
2112.0 103643.82
2113.2 103702.73
2114.4 103761.59
2115.6 103820.49
2116.8 103879.35
2118.0 103938.21
2119.2 103997.07
2120.4 104055.91
2121.6 104114.72
2122.8 104173.58
2124.0 104232.39
2125.2 104291.24
2126.4 104350.01
2127.6 104408.77
2128.8 104467.63
2130.0 104526.38
2131.2 104585.23
2132.4 104643.95
2133.6 104702.67
2134.8 104761.52
2136.0 104820.2
2137.2 104879.06
2138.4 104937.75
2139.6 104996.41
2140.8 105055.27
2142.0 105113.94
2143.2 105172.8
2144.4 105231.42
2145.6 105290.08
2146.8 105348.94
2148.0 105407.57
2149.2 105466.43
2150.4 105525.06
2151.6 105583.92
2152.8 105642.54
2154.0 105701.16
2155.2 105760.02
2156.4 105818.61
2157.6 105877.47
2158.8 105936.08
2160.0 105994.7
2161.2 106053.56
2162.4 106112.15
2163.6 106171.01
2164.8 106229.63
2166.0 106288.49
2167.2 106347.05
2168.4 106405.71
2169.6 106464.57
2170.8 106523.17
2172.0 106582.03
2173.2 106640.6
2174.4 106699.45
2175.6 106758.07
2176.8 106816.71
2178.0 106875.57
2179.2 106934.19
2180.4 106992.83
2181.6 107051.69
2182.8 107110.28
2184.0 107169.14
2185.2 107227.81
2186.4 107286.67
2187.6 107345.3
2188.8 107403.96
2190.0 107462.82
2191.2 107521.47
2192.4 107580.33
2193.6 107638.99
2194.8 107697.64
2196.0 107756.5
2197.2 107815.18
2198.4 107874.04
2199.6 107932.71
2200.8 107991.41
2202.0 108050.27
2203.2 108108.97
2204.4 108167.83
2205.6 108226.53
2206.8 108285.39
2208.0 108344.1
2209.2 108402.83
2210.4 108461.69
2211.6 108520.42
2212.8 108579.27
2214.0 108638.0
2215.2 108696.76
2216.4 108755.61
2217.6 108814.37
2218.8 108873.23
2220.0 108931.99
2221.2 108990.77
2222.4 109049.63
2223.6 109108.4
2224.8 109167.26
2226.0 109226.06
2227.2 109284.91
2228.4 109343.7
2229.6 109402.49
2230.8 109461.35
2232.0 109520.16
2233.2 109579.02
2234.4 109637.83
2235.6 109696.66
2236.8 109755.52
2238.0 109814.35
2239.2 109873.21
2240.4 109932.05
2241.6 109990.9
2242.8 110049.75
2244.0 110108.61
2245.2 110167.47
2246.4 110226.34
2247.6 110285.2
2248.8 110344.06
2250.0 110402.94
2251.2 110461.79
2252.4 110520.69
2253.6 110579.55
2254.8 110638.43
2256.0 110697.34
2257.2 110756.2
2258.4 110815.1
2259.6 110873.96
2260.8 110932.88
2262.0 110991.79
2263.2 111050.65
2264.4 111109.58
2265.6 111168.44
2266.8 111227.37
2268.0 111286.22
2269.2 111345.16
2270.4 111404.1
2271.6 111462.95
2272.8 111521.91
2274.0 111580.77
2275.2 111639.71
2276.4 111698.67
2277.6 111757.53
2278.8 111816.49
2280.0 111875.35
2281.2 111934.32
2282.4 111993.29
2283.6 112052.15
2284.8 112111.12
2286.0 112169.98
2287.2 112228.95
2288.4 112287.93
2289.6 112346.79
2290.8 112405.79
2292.0 112464.64
2293.2 112523.62
2294.4 112582.48
2295.6 112641.46
2296.8 112700.45
2298.0 112759.31
2299.2 112818.3
2300.4 112877.16
2301.6 112936.16
2302.8 112995.15
2304.0 113054.01
2305.2 113113.01
2306.4 113171.87
2307.6 113230.88
2308.8 113289.87
2310.0 113348.73
2311.2 113407.74
2312.4 113466.6
2313.6 113525.6
2314.8 113584.45
2316.0 113643.46
2317.2 113702.45
2318.4 113761.31
2319.6 113820.31
2320.8 113879.17
2322.0 113938.17
2323.2 113997.03
2324.4 114056.06
2325.6 114115.03
2326.8 114173.89
2328.0 114232.92
2329.2 114291.78
2330.4 114350.77
2331.6 114409.77
2332.8 114468.63
2334.0 114527.62
2335.2 114586.48
2336.4 114645.49
2337.6 114704.48
2338.8 114763.34
2340.0 114822.34
2341.2 114881.2
2342.4 114940.2
2343.6 114999.2
2344.8 115058.06
2346.0 115117.05
2347.2 115175.91
2348.4 115234.92
2349.6 115293.77
2350.8 115352.77
2352.0 115411.76
2353.2 115470.62
2354.4 115529.63
2355.6 115588.49
2356.8 115647.47
2358.0 115706.47
2359.2 115765.33
2360.4 115824.32
2361.6 115883.18
2362.8 115942.18
2364.0 116001.17
2365.2 116060.03
2366.4 116119.03
2367.6 116177.88
2368.8 116236.88
2370.0 116295.74
2371.2 116354.73
2372.4 116413.72
2373.6 116472.58
2374.8 116531.55
2376.0 116590.41
2377.2 116649.41
2378.4 116708.4
2379.6 116767.26
2380.8 116826.23
2382.0 116885.08
2383.2 116944.07
2384.4 117003.05
2385.6 117061.91
2386.8 117120.9
2388.0 117179.76
2389.2 117238.72
2390.4 117297.58
2391.6 117356.56
2392.8 117415.54
2394.0 117474.4
2395.2 117533.37
2396.4 117592.23
2397.6 117651.19
2398.8 117710.16
2400.0 117769.02
2401.2 117827.98
2402.4 117886.84
2403.6 117945.81
2404.8 118004.66
2406.0 118063.64
2407.2 118122.6
2408.4 118181.45
2409.6 118240.42
2410.8 118299.37
2412.0 118358.23
2413.2 118417.2
2414.4 118476.06
2415.6 118535.0
2416.8 118593.86
2418.0 118652.82
2419.2 118711.78
2420.4 118770.64
2421.6 118829.58
2422.8 118888.44
2424.0 118947.4
2425.2 119006.34
2426.4 119065.2
2427.6 119124.15
2428.8 119183.01
2430.0 119241.95
2431.2 119300.81
2432.4 119359.76
2433.6 119418.7
2434.8 119477.56
2436.0 119536.49
2437.2 119595.35
2438.4 119654.3
2439.6 119713.24
2440.8 119772.1
2442.0 119831.03
2443.2 119889.89
2444.4 119948.84
2445.6 120007.78
2446.8 120066.64
2448.0 120125.58
2449.2 120184.43
2450.4 120243.37
2451.6 120302.3
2452.8 120361.16
2454.0 120420.1
2455.2 120478.96
2456.4 120537.89
2457.6 120596.75
2458.8 120655.68
2460.0 120714.62
2461.2 120773.48
2462.4 120832.4
2463.6 120891.26
2464.8 120950.2
2466.0 121009.12
2467.2 121067.98
2468.4 121126.91
2469.6 121185.77
2470.8 121244.71
2472.0 121303.63
2473.2 121362.49
2474.4 121421.42
2475.6 121480.27
2476.8 121539.2
2478.0 121598.06
2479.2 121656.98
2480.4 121715.91
2481.6 121774.77
2482.8 121833.7
2484.0 121892.56
2485.2 121951.49
2486.4 122010.41
2487.6 122069.27
2488.8 122128.19
2490.0 122187.05
2491.2 122245.98
2492.4 122304.84
2493.6 122363.76
2494.8 122422.68
2496.0 122481.54
2497.2 122540.47
2498.4 122599.33
2499.6 122658.25
2500.8 122717.16
2502.0 122776.02
2503.2 122834.94
2504.4 122893.8
2505.6 122952.73
2506.8 123011.65
2508.0 123070.51
2509.2 123129.43
2510.4 123188.28
2511.6 123247.21
2512.8 123306.07
2514.0 123364.99
2515.2 123423.91
2516.4 123482.77
2517.6 123541.69
2518.8 123600.55
2520.0 123659.47
2521.2 123718.39
2522.4 123777.25
2523.6 123836.17
2524.8 123895.02
2526.0 123953.95
2527.2 124012.87
2528.4 124071.73
2529.6 124130.65
2530.8 124189.51
2532.0 124248.42
2533.2 124307.28
2534.4 124366.2
2535.6 124425.12
2536.8 124483.98
2538.0 124542.9
2539.2 124601.76
2540.4 124660.69
2541.6 124719.6
2542.8 124778.46
2544.0 124837.38
2545.2 124896.24
2546.4 124955.16
2547.6 125014.07
2548.8 125072.93
2550.0 125131.86
2551.2 125190.71
2552.4 125249.64
2553.6 125308.5
2554.8 125367.41
2556.0 125426.34
2557.2 125485.2
2558.4 125544.11
2559.6 125602.97
2560.8 125661.9
2562.0 125720.82
2563.2 125779.68
2564.4 125838.59
2565.6 125897.45
2566.8 125956.37
2568.0 126015.23
2569.2 126074.15
2570.4 126133.07
2571.6 126191.93
2572.8 126250.85
2574.0 126309.71
2575.2 126368.64
2576.4 126427.55
2577.6 126486.41
2578.8 126545.33
2580.0 126604.18
2581.2 126663.11
2582.4 126722.03
2583.6 126780.89
2584.8 126839.81
2586.0 126898.67
2587.2 126957.58
2588.4 127016.51
2589.6 127075.37
2590.8 127134.29
2592.0 127193.15
2593.2 127252.07
2594.4 127310.93
2595.6 127369.85
2596.8 127428.77
2598.0 127487.63
2599.2 127546.55
2600.4 127605.41
2601.6 127664.34
2602.8 127723.2
2604.0 127782.11
2605.2 127841.05
2606.4 127899.91
2607.6 127958.81
2608.8 128017.73
2610.0 128076.59
2611.2 128135.51
2612.4 128194.37
2613.6 128253.29
2614.8 128312.21
2616.0 128371.07
2617.2 128429.99
2618.4 128488.85
2619.6 128547.77
2620.8 128606.63
2622.0 128665.55
2623.2 128724.47
2624.4 128783.33
2625.6 128842.25
2626.8 128901.11
2628.0 128960.03
2629.2 129018.95
2630.4 129077.81
2631.6 129136.72
2632.8 129195.58
2634.0 129254.51
2635.2 129313.42
2636.4 129372.28
2637.6 129431.21
2638.8 129490.07
2640.0 129548.98
2641.2 129607.84
2642.4 129666.77
2643.6 129725.68
2644.8 129784.54
2646.0 129843.46
2647.2 129902.32
2648.4 129961.24
2649.6 130020.16
2650.8 130079.02
2652.0 130137.94
2653.2 130196.8
2654.4 130255.72
2655.6 130314.57
2656.8 130373.5
2658.0 130432.42
2659.2 130491.27
2660.4 130550.19
2661.6 130609.05
2662.8 130667.96
2664.0 130726.89
2665.2 130785.75
2666.4 130844.66
2667.6 130903.52
2668.8 130962.44
2670.0 131021.36
2671.2 131080.22
2672.4 131139.14
2673.6 131198.0
2674.8 131256.91
2676.0 131315.77
2677.2 131374.69
2678.4 131433.61
2679.6 131492.47
2680.8 131551.38
2682.0 131610.24
2683.2 131669.16
2684.4 131728.07
2685.6 131786.93
2686.8 131845.86
2688.0 131904.71
2689.2 131963.62
2690.4 132022.54
2691.6 132081.4
2692.8 132140.32
2694.0 132199.18
2695.2 132258.09
2696.4 132316.95
2697.6 132375.86
2698.8 132434.78
2700.0 132493.64
2701.2 132552.55
2702.4 132611.41
2703.6 132670.32
2704.8 132729.25
2706.0 132788.11
2707.2 132847.02
2708.4 132905.88
2709.6 132964.79
2710.8 133023.65
2712.0 133082.57
2713.2 133141.48
2714.4 133200.34
2715.6 133259.26
2716.8 133318.11
2718.0 133377.03
2719.2 133435.94
2720.4 133494.8
2721.6 133553.72
2722.8 133612.57
2724.0 133671.49
2725.2 133730.4
2726.4 133789.26
2727.6 133848.18
2728.8 133907.04
2730.0 133965.95
2731.2 134024.81
2732.4 134083.72
2733.6 134142.64
2734.8 134201.5
2736.0 134260.41
2737.2 134319.27
2738.4 134378.19
2739.6 134437.1
2740.8 134495.96
2742.0 134554.89
2743.2 134613.74
2744.4 134672.65
2745.6 134731.56
2746.8 134790.42
2748.0 134849.34
2749.2 134908.19
2750.4 134967.11
2751.6 135026.02
2752.8 135084.88
2754.0 135143.8
2755.2 135202.66
2756.4 135261.56
2757.6 135320.48
2758.8 135379.34
2760.0 135438.25
2761.2 135497.11
2762.4 135556.03
2763.6 135614.89
2764.8 135673.8
2766.0 135732.71
2767.2 135791.57
2768.4 135850.48
2769.6 135909.34
2770.8 135968.26
2772.0 136027.17
2773.2 136086.03
2774.4 136144.95
2775.6 136203.8
2776.8 136262.72
2778.0 136321.63
2779.2 136380.49
2780.4 136439.41
2781.6 136498.27
2782.8 136557.18
2784.0 136616.04
2785.2 136674.95
2786.4 136733.81
2787.6 136792.73
2788.8 136851.63
2790.0 136910.49
2791.2 136969.41
2792.4 137028.32
2793.6 137087.18
2794.8 137146.08
2796.0 137204.94
2797.2 137263.86
2798.4 137322.71
2799.6 137381.63
