975.0 48125.7
975.12 48131.59
975.24 48137.47
975.36 48143.36
975.48 48149.24
975.6 48155.13
975.72 48161.02
975.84 48166.9
975.96 48172.8
976.08 48178.69
976.2 48184.57
976.32 48190.46
976.44 48196.35
976.56 48202.23
976.68 48208.12
976.8 48214.0
976.92 48219.89
977.04 48225.78
977.16 48231.66
977.28 48237.55
977.4 48243.43
977.52 48249.32
977.64 48255.21
977.76 48261.09
977.88 48266.98
978.0 48272.86
978.12 48278.75
978.24 48284.64
978.36 48290.52
978.48 48296.41
978.6 48302.3
978.72 48308.18
978.84 48314.07
978.96 48319.96
979.08 48325.84
979.2 48331.73
979.32 48337.62
979.44 48343.5
979.56 48349.39
979.68 48355.27
979.8 48361.16
979.92 48367.04
980.04 48372.94
980.16 48378.83
980.28 48384.72
980.4 48390.6
980.52 48396.49
980.64 48402.37
980.76 48408.26
980.88 48414.15
981.0 48420.03
981.12 48425.92
981.24 48431.81
981.36 48437.69
981.48 48443.58
981.6 48449.46
981.72 48455.35
981.84 48461.24
981.96 48467.12
982.08 48473.01
982.2 48478.91
982.32 48484.79
982.44 48490.68
982.56 48496.56
982.68 48502.45
982.8 48508.34
982.92 48514.22
983.04 48520.11
983.16 48526.0
983.28 48531.88
983.4 48537.77
983.52 48543.65
983.64 48549.54
983.76 48555.43
983.88 48561.31
984.0 48567.2
984.12 48573.1
984.24 48578.98
984.36 48584.87
984.48 48590.75
984.6 48596.64
984.72 48602.53
984.84 48608.41
984.96 48614.3
985.08 48620.19
985.2 48626.07
985.32 48631.96
985.44 48637.84
985.56 48643.73
985.68 48649.62
985.8 48655.5
985.92 48661.39
986.04 48667.27
986.16 48673.16
986.28 48679.05
986.4 48684.93
986.52 48690.82
986.64 48696.71
986.76 48702.59
986.88 48708.48
987.0 48714.37
987.12 48720.25
987.24 48726.14
987.36 48732.02
987.48 48737.91
987.6 48743.8
987.72 48749.68
987.84 48755.57
987.96 48761.45
988.08 48767.34
988.2 48773.23
988.32 48779.11
988.44 48785.01
988.56 48790.9
988.68 48796.78
988.8 48802.67
988.92 48808.56
989.04 48814.44
989.16 48820.33
989.28 48826.21
989.4 48832.1
989.52 48837.99
989.64 48843.87
989.76 48849.76
989.88 48855.64
990.0 48861.53
990.12 48867.42
990.24 48873.3
990.36 48879.19
990.48 48885.09
990.6 48890.97
990.72 48896.86
990.84 48902.75
990.96 48908.63
991.08 48914.52
991.2 48920.41
991.32 48926.29
991.44 48932.18
991.56 48938.06
991.68 48943.95
991.8 48949.84
991.92 48955.72
992.04 48961.61
992.16 48967.49
992.28 48973.39
992.4 48979.28
992.52 48985.16
992.64 48991.05
992.76 48996.94
992.88 49002.82
993.0 49008.71
993.12 49014.6
993.24 49020.48
993.36 49026.37
993.48 49032.25
993.6 49038.14
993.72 49044.03
993.84 49049.91
993.96 49055.8
994.08 49061.68
994.2 49067.57
994.32 49073.46
994.44 49079.34
994.56 49085.23
994.68 49091.12
994.8 49097.0
994.92 49102.89
995.04 49108.78
995.16 49114.66
995.28 49120.55
995.4 49126.43
995.52 49132.32
995.64 49138.21
995.76 49144.09
995.88 49149.98
996.0 49155.86
996.12 49161.75
996.24 49167.64
996.36 49173.52
996.48 49179.42
996.6 49185.31
996.72 49191.19
996.84 49197.08
996.96 49202.96
997.08 49208.85
997.2 49214.74
997.32 49220.62
997.44 49226.51
997.56 49232.4
997.68 49238.28
997.8 49244.17
997.92 49250.05
998.04 49255.94
998.16 49261.83
998.28 49267.71
998.4 49273.6
998.52 49279.5
998.64 49285.38
998.76 49291.27
998.88 49297.15
999.0 49303.04
999.12 49308.93
999.24 49314.81
999.36 49320.7
999.48 49326.59
999.6 49332.47
999.72 49338.36
999.84 49344.24
999.96 49350.13
1000.08 49356.02
1000.2 49361.9
1000.32 49367.79
1000.44 49373.69
1000.56 49379.57
1000.68 49385.46
1000.8 49391.34
1000.92 49397.23
1001.04 49403.12
1001.16 49409.0
1001.28 49414.89
1001.4 49420.78
1001.52 49426.66
1001.64 49432.55
1001.76 49438.43
1001.88 49444.32
1002.0 49450.21
1002.12 49456.09
1002.24 49461.98
1002.36 49467.86
1002.48 49473.75
1002.6 49479.64
1002.72 49485.52
1002.84 49491.41
1002.96 49497.29
1003.08 49503.18
1003.2 49509.06
1003.32 49514.95
1003.44 49520.84
1003.56 49526.73
1003.68 49532.61
1003.8 49538.5
1003.92 49544.39
1004.04 49550.27
1004.16 49556.16
1004.28 49562.04
1004.4 49567.93
1004.52 49573.82
1004.64 49579.7
1004.76 49585.59
1004.88 49591.47
1005.0 49597.36
1005.12 49603.24
1005.24 49609.15
1005.36 49615.03
1005.48 49620.92
1005.6 49626.8
1005.72 49632.69
1005.84 49638.58
1005.96 49644.46
1006.08 49650.35
1006.2 49656.23
1006.32 49662.12
1006.44 49668.01
1006.56 49673.89
1006.68 49679.78
1006.8 49685.66
1006.92 49691.55
1007.04 49697.43
1007.16 49703.32
1007.28 49709.2
1007.4 49715.11
1007.52 49720.99
1007.64 49726.88
1007.76 49732.77
1007.88 49738.65
1008.0 49744.54
1008.12 49750.42
1008.24 49756.31
1008.36 49762.2
1008.48 49768.08
1008.6 49773.97
1008.72 49779.85
1008.84 49785.74
1008.96 49791.62
1009.08 49797.51
1009.2 49803.4
1009.32 49809.3
1009.44 49815.18
1009.56 49821.07
1009.68 49826.96
1009.8 49832.84
1009.92 49838.73
1010.04 49844.61
1010.16 49850.5
1010.28 49856.39
1010.4 49862.27
1010.52 49868.16
1010.64 49874.04
1010.76 49879.93
1010.88 49885.82
1011.0 49891.7
1011.12 49897.59
1011.24 49903.47
1011.36 49909.36
1011.48 49915.25
1011.6 49921.14
1011.72 49927.02
1011.84 49932.91
1011.96 49938.79
1012.08 49944.68
1012.2 49950.57
1012.32 49956.45
1012.44 49962.34
1012.56 49968.22
1012.68 49974.11
1012.8 49980.0
1012.92 49985.88
1013.04 49991.77
1013.16 49997.65
1013.28 50003.54
1013.4 50009.44
1013.52 50015.33
1013.64 50021.21
1013.76 50027.1
1013.88 50032.98
1014.0 50038.87
1014.12 50044.76
1014.24 50050.64
1014.36 50056.53
1014.48 50062.41
1014.6 50068.3
1014.72 50074.19
1014.84 50080.07
1014.96 50085.96
1015.08 50091.84
1015.2 50097.73
1015.32 50103.61
1015.44 50109.5
1015.56 50115.4
1015.68 50121.29
1015.8 50127.18
1015.92 50133.06
1016.04 50138.95
1016.16 50144.83
1016.28 50150.72
1016.4 50156.61
1016.52 50162.49
1016.64 50168.38
1016.76 50174.26
1016.88 50180.15
1017.0 50186.03
1017.12 50191.92
1017.24 50197.81
1017.36 50203.69
1017.48 50209.59
1017.6 50215.48
1017.72 50221.37
1017.84 50227.25
1017.96 50233.14
1018.08 50239.02
1018.2 50244.91
1018.32 50250.8
1018.44 50256.68
1018.56 50262.57
1018.68 50268.45
1018.8 50274.34
1018.92 50280.22
1019.04 50286.11
1019.16 50292.0
1019.28 50297.88
1019.4 50303.77
1019.52 50309.65
1019.64 50315.54
1019.76 50321.42
1019.88 50327.32
1020.0 50333.2
1020.12 50339.09
1020.24 50344.98
1020.36 50350.86
1020.48 50356.75
1020.6 50362.63
1020.72 50368.52
1020.84 50374.41
1020.96 50380.29
1021.08 50386.18
1021.2 50392.06
1021.32 50397.95
1021.44 50403.83
1021.56 50409.74
1021.68 50415.62
1021.8 50421.51
1021.92 50427.39
1022.04 50433.28
1022.16 50439.17
1022.28 50445.05
1022.4 50450.94
1022.52 50456.82
1022.64 50462.71
1022.76 50468.6
1022.88 50474.48
1023.0 50480.37
1023.12 50486.25
1023.24 50492.14
1023.36 50498.02
1023.48 50503.91
1023.6 50509.8
1023.72 50515.7
1023.84 50521.59
1023.96 50527.47
1024.08 50533.36
1024.2 50539.24
1024.32 50545.13
1024.44 50551.02
1024.56 50556.9
1024.68 50562.79
1024.8 50568.67
1024.92 50574.56
1025.04 50580.44
1025.16 50586.33
1025.28 50592.22
1025.4 50598.1
1025.52 50603.99
1025.64 50609.89
1025.76 50615.78
1025.88 50621.66
1026.0 50627.55
1026.12 50633.43
1026.24 50639.32
1026.36 50645.21
1026.48 50651.09
1026.6 50656.98
1026.72 50662.86
1026.84 50668.75
1026.96 50674.64
1027.08 50680.52
1027.2 50686.41
1027.32 50692.29
1027.44 50698.18
1027.56 50704.06
1027.68 50709.95
1027.8 50715.83
1027.92 50721.74
1028.04 50727.62
1028.16 50733.51
1028.28 50739.4
1028.4 50745.28
1028.52 50751.17
1028.64 50757.05
1028.76 50762.94
1028.88 50768.83
1029.0 50774.71
1029.12 50780.6
1029.24 50786.48
1029.36 50792.37
1029.48 50798.25
1029.6 50804.14
1029.72 50810.03
1029.84 50815.92
1029.96 50821.81
1030.08 50827.69
1030.2 50833.58
1030.32 50839.46
1030.44 50845.35
1030.56 50851.24
1030.68 50857.12
1030.8 50863.01
1030.92 50868.89
1031.04 50874.78
1031.16 50880.66
1031.28 50886.55
1031.4 50892.44
1031.52 50898.32
1031.64 50904.21
1031.76 50910.09
1031.88 50916.0
1032.0 50921.88
1032.12 50927.77
1032.24 50933.65
1032.36 50939.54
1032.48 50945.43
1032.6 50951.31
1032.72 50957.2
1032.84 50963.08
1032.96 50968.97
1033.08 50974.86
1033.2 50980.74
1033.32 50986.63
1033.44 50992.51
1033.56 50998.4
1033.68 51004.28
1033.8 51010.17
1033.92 51016.05
1034.04 51021.94
1034.16 51027.84
1034.28 51033.73
1034.4 51039.62
1034.52 51045.5
1034.64 51051.39
1034.76 51057.27
1034.88 51063.16
1035.0 51069.05
1035.12 51074.93
1035.24 51080.82
1035.36 51086.7
1035.48 51092.59
1035.6 51098.47
1035.72 51104.36
1035.84 51110.26
1035.96 51116.15
1036.08 51122.03
1036.2 51127.92
1036.32 51133.81
1036.44 51139.69
1036.56 51145.58
1036.68 51151.47
1036.8 51157.35
1036.92 51163.24
1037.04 51169.12
1037.16 51175.01
1037.28 51180.89
1037.4 51186.78
1037.52 51192.67
1037.64 51198.55
1037.76 51204.44
1037.88 51210.33
1038.0 51216.22
1038.12 51222.1
1038.24 51227.99
1038.36 51233.87
1038.48 51239.76
1038.6 51245.65
1038.72 51251.53
1038.84 51257.42
1038.96 51263.3
1039.08 51269.19
1039.2 51275.08
1039.32 51280.96
1039.44 51286.85
1039.56 51292.73
1039.68 51298.62
1039.8 51304.5
1039.92 51310.41
1040.04 51316.29
1040.16 51322.18
1040.28 51328.06
1040.4 51333.95
1040.52 51339.84
1040.64 51345.72
1040.76 51351.61
1040.88 51357.49
1041.0 51363.38
1041.12 51369.27
1041.24 51375.15
1041.36 51381.04
1041.48 51386.92
1041.6 51392.81
1041.72 51398.69
1041.84 51404.58
1041.96 51410.47
1042.08 51416.37
1042.2 51422.25
1042.32 51428.14
1042.44 51434.03
1042.56 51439.91
1042.68 51445.8
1042.8 51451.69
1042.92 51457.57
1043.04 51463.46
1043.16 51469.34
1043.28 51475.23
1043.4 51481.11
1043.52 51487.0
1043.64 51492.89
1043.76 51498.77
1043.88 51504.66
1044.0 51510.56
1044.12 51516.45
1044.24 51522.33
1044.36 51528.22
1044.48 51534.1
1044.6 51539.99
1044.72 51545.88
1044.84 51551.76
1044.96 51557.65
1045.08 51563.53
1045.2 51569.42
1045.32 51575.31
1045.44 51581.19
1045.56 51587.08
1045.68 51592.96
1045.8 51598.85
1045.92 51604.73
1046.04 51610.64
1046.16 51616.52
1046.28 51622.41
1046.4 51628.29
1046.52 51634.18
1046.64 51640.07
1046.76 51645.95
1046.88 51651.84
1047.0 51657.72
1047.12 51663.61
1047.24 51669.5
1047.36 51675.38
1047.48 51681.27
1047.6 51687.15
1047.72 51693.04
1047.84 51698.92
1047.96 51704.81
1048.08 51710.7
1048.2 51716.58
1048.32 51722.47
1048.44 51728.36
1048.56 51734.25
1048.68 51740.13
1048.8 51746.02
1048.92 51751.91
1049.04 51757.79
1049.16 51763.68
1049.28 51769.56
1049.4 51775.45
1049.52 51781.33
1049.64 51787.22
1049.76 51793.11
1049.88 51798.99
1050.0 51804.88
