115.08 5644.4
115.2 5650.31
115.32 5656.22
115.44 5662.13
115.56 5668.68
115.68 5674.58
115.8 5680.49
115.92 5686.4
116.04 5692.31
116.16 5698.22
116.28 5704.13
116.4 5710.68
116.52 5716.58
116.64 5722.49
116.76 5728.4
116.88 5734.31
117.0 5740.22
117.12 5746.12
117.24 5752.03
117.36 5758.01
117.48 5763.92
117.6 5769.83
117.72 5775.73
117.84 5781.64
117.96 5787.55
118.08 5793.46
118.2 5800.01
118.32 5805.91
118.44 5811.82
118.56 5817.73
118.68 5823.63
118.8 5829.54
118.92 5835.99
119.04 5841.9
119.16 5847.8
119.28 5853.71
119.4 5859.62
119.52 5865.52
119.64 5871.43
119.76 5877.32
119.88 5883.23
120.0 5889.13
120.12 5895.04
120.24 5900.94
120.36 5906.85
120.48 5912.76
120.6 5919.29
120.72 5925.2
120.84 5931.11
120.96 5937.01
121.08 5942.92
121.2 5948.82
121.32 5954.73
121.44 5961.27
121.56 5967.17
121.68 5973.08
121.8 5978.98
121.92 5984.89
122.04 5990.8
122.16 5996.7
122.28 6002.59
122.4 6008.49
122.52 6014.4
122.64 6020.3
122.76 6026.21
122.88 6032.11
123.0 6038.02
123.12 6043.92
123.24 6050.55
123.36 6056.45
123.48 6062.36
123.6 6068.26
123.72 6074.17
123.84 6080.07
123.96 6086.51
124.08 6092.41
124.2 6098.32
124.32 6104.22
124.44 6110.13
124.56 6116.03
124.68 6121.93
124.8 6127.82
124.92 6133.72
125.04 6139.63
125.16 6145.53
125.28 6151.43
125.4 6157.34
125.52 6163.24
125.64 6169.77
125.76 6175.67
125.88 6181.57
126.0 6187.48
126.12 6193.38
126.24 6199.28
126.36 6205.19
126.48 6211.71
126.6 6217.62
126.72 6223.52
126.84 6229.42
126.96 6235.33
127.08 6241.23
127.2 6247.13
127.32 6253.01
127.44 6258.91
127.56 6264.81
127.68 6270.71
127.8 6276.62
127.92 6282.52
128.04 6288.42
128.16 6294.95
128.28 6300.85
128.4 6306.75
128.52 6312.65
128.64 6318.55
128.76 6324.46
128.88 6330.36
129.0 6336.88
129.12 6342.78
129.24 6348.69
129.36 6354.59
129.48 6360.49
129.6 6366.39
129.72 6372.29
129.84 6378.16
129.96 6384.06
