480.0 1246.85
480.12 1246.85
480.24 1246.85
480.36 1246.85
480.48 1246.85
480.6 1246.85
480.72 1246.85
480.84 1246.85
480.96 1246.85
481.08 1246.85
481.2 1246.85
481.32 1246.85
481.44 1246.85
481.56 1246.85
481.68 1246.85
481.8 1246.85
481.92 1246.85
482.04 1246.85
482.16 1246.85
482.28 1246.85
482.4 1246.85
482.52 1246.85
482.64 1246.85
482.76 1246.85
482.88 1246.85
483.0 1246.85
483.12 1246.85
483.24 1246.85
483.36 1246.85
483.48 1246.85
483.6 1246.85
483.72 1246.85
483.84 1246.85
483.96 1246.85
484.08 1246.85
484.2 1246.85
484.32 1246.85
484.44 1246.85
484.56 1246.85
484.68 1246.85
484.8 1246.85
484.92 1246.85
485.04 1246.85
485.16 1246.85
485.28 1246.85
485.4 1246.85
485.52 1246.85
485.64 1246.85
485.76 1246.85
485.88 1246.85
486.0 1246.85
486.12 1246.85
486.24 1246.85
486.36 1246.85
486.48 1246.85
486.6 1246.85
486.72 1246.85
486.84 1246.85
486.96 1246.85
487.08 1246.85
487.2 1246.85
487.32 1246.85
487.44 1246.85
487.56 1246.85
487.68 1246.85
487.8 1246.85
487.92 1246.85
488.04 1246.85
488.16 1246.85
488.28 1246.85
488.4 1246.85
488.52 1246.85
488.64 1246.85
488.76 1246.85
488.88 1246.85
489.0 1246.85
489.12 1246.85
489.24 1246.85
489.36 1246.85
489.48 1246.85
489.6 1246.85
489.72 1246.85
489.84 1246.85
489.96 1246.85
490.08 1246.85
490.2 1246.85
490.32 1246.85
490.44 1246.85
490.56 1246.85
490.68 1246.85
490.8 1246.85
490.92 1246.85
491.04 1246.85
491.16 1246.85
491.28 1246.85
491.4 1246.85
491.52 1246.85
491.64 1246.85
491.76 1246.85
491.88 1246.85
492.0 1246.85
492.12 1246.85
492.24 1246.85
492.36 1246.85
492.48 1246.85
492.6 1246.85
492.72 1246.85
492.84 1246.85
492.96 1246.85
493.08 1246.85
493.2 1246.85
493.32 1246.85
493.44 1246.85
493.56 1246.85
493.68 1246.85
493.8 1246.85
493.92 1246.85
494.04 1246.85
494.16 1246.85
494.28 1246.85
494.4 1246.85
494.52 1246.85
494.64 1246.85
494.76 1246.85
494.88 1246.85
495.0 1246.85
495.12 1246.85
495.24 1246.85
495.36 1246.85
495.48 1246.85
495.6 1246.85
495.72 1246.85
495.84 1246.85
495.96 1246.85
496.08 1246.85
496.2 1246.85
496.32 1246.85
496.44 1246.85
496.56 1246.85
496.68 1246.85
496.8 1246.85
496.92 1246.85
497.04 1246.85
497.16 1246.85
497.28 1246.85
497.4 1246.85
497.52 1246.85
497.64 1246.85
497.76 1246.85
497.88 1246.85
498.0 1246.85
498.12 1246.85
498.24 1246.85
498.36 1246.85
498.48 1246.85
498.6 1246.85
498.72 1246.85
498.84 1246.85
498.96 1246.85
499.08 1246.85
499.2 1246.85
499.32 1246.85
499.44 1246.85
499.56 1246.85
499.68 1246.85
499.8 1246.85
499.92 1246.85
500.04 1246.85
500.16 1246.85
500.28 1246.85
500.4 1246.85
500.52 1246.85
500.64 1246.85
500.76 1246.85
500.88 1246.85
501.0 1246.85
501.12 1246.85
501.24 1246.85
501.36 1246.85
501.48 1246.85
501.6 1246.85
501.72 1246.85
501.84 1246.85
501.96 1246.85
502.08 1246.85
502.2 1246.85
502.32 1246.85
502.44 1246.85
502.56 1246.85
502.68 1246.85
502.8 1246.85
502.92 1246.85
503.04 1246.85
503.16 1246.85
503.28 1246.85
503.4 1246.85
503.52 1246.85
503.64 1246.85
503.76 1246.85
503.88 1246.85
504.0 1246.85
504.12 1246.85
504.24 1246.85
504.36 1246.85
504.48 1246.85
504.6 1246.85
504.72 1246.85
504.84 1246.85
504.96 1246.85
505.08 1246.85
505.2 1246.85
505.32 1246.85
505.44 1246.85
505.56 1246.85
505.68 1246.85
505.8 1246.85
505.92 1246.85
506.04 1246.85
506.16 1246.85
506.28 1246.85
506.4 1246.85
506.52 1246.85
506.64 1246.85
506.76 1246.85
506.88 1246.85
507.0 1246.85
507.12 1246.85
507.24 1246.85
507.36 1246.85
507.48 1246.85
507.6 1246.85
507.72 1246.85
507.84 1246.85
507.96 1246.85
508.08 1246.85
508.2 1246.85
508.32 1246.85
508.44 1246.85
508.56 1246.85
508.68 1246.85
508.8 1246.85
508.92 1246.85
509.04 1246.85
509.16 1246.85
509.28 1246.85
509.4 1246.85
509.52 1246.85
509.64 1246.85
509.76 1246.85
509.88 1246.85
510.0 1246.85
510.12 1246.85
510.24 1246.85
510.36 1246.85
510.48 1246.85
510.6 1246.85
510.72 1246.85
510.84 1246.85
510.96 1246.85
511.08 1246.85
511.2 1246.85
511.32 1246.85
511.44 1246.85
511.56 1246.85
511.68 1246.85
511.8 1246.85
511.92 1246.85
512.04 1246.85
512.16 1246.85
512.28 1246.85
512.4 1246.85
512.52 1246.85
512.64 1246.85
512.76 1246.85
512.88 1246.85
513.0 1246.85
513.12 1246.85
513.24 1246.85
513.36 1246.85
513.48 1246.85
513.6 1246.85
513.72 1246.85
513.84 1246.85
513.96 1246.85
514.08 1246.85
514.2 1246.85
514.32 1246.85
514.44 1246.85
514.56 1246.85
514.68 1246.85
514.8 1246.85
514.92 1246.85
515.04 1246.85
515.16 1246.85
515.28 1246.85
515.4 1246.85
515.52 1246.85
515.64 1246.85
515.76 1246.85
515.88 1246.85
516.0 1246.85
516.12 1246.85
516.24 1246.85
516.36 1246.85
516.48 1246.85
516.6 1246.85
516.72 1246.85
516.84 1246.85
516.96 1246.85
517.08 1246.85
517.2 1246.85
517.32 1246.85
517.44 1246.85
517.56 1246.85
517.68 1246.85
517.8 1246.85
517.92 1246.85
518.04 1246.85
518.16 1246.85
518.28 1246.85
518.4 1246.85
518.52 1246.85
518.64 1246.85
518.76 1246.85
518.88 1246.85
519.0 1246.85
519.12 1246.85
519.24 1246.85
519.36 1246.85
519.48 1246.85
519.6 1246.85
519.72 1246.85
519.84 1246.85
519.96 1246.85
520.08 1246.85
520.2 1246.85
520.32 1246.85
520.44 1246.85
520.56 1246.85
520.68 1246.85
520.8 1246.85
520.92 1246.85
521.04 1246.85
521.16 1246.85
521.28 1246.85
521.4 1246.85
521.52 1246.85
521.64 1246.85
521.76 1246.85
521.88 1246.85
522.0 1246.85
522.12 1246.85
522.24 1246.85
522.36 1246.85
522.48 1246.85
522.6 1246.85
522.72 1246.85
522.84 1246.85
522.96 1246.85
523.08 1246.85
523.2 1246.85
523.32 1246.85
523.44 1246.85
523.56 1246.85
523.68 1246.85
523.8 1246.85
523.92 1246.85
524.04 1246.85
524.16 1246.85
524.28 1246.85
524.4 1246.85
524.52 1246.85
524.64 1246.85
524.76 1246.85
524.88 1246.85
525.0 1246.85
525.12 1246.85
525.24 1246.85
525.36 1246.85
525.48 1246.85
525.6 1246.85
525.72 1246.85
525.84 1246.85
525.96 1246.85
526.08 1246.85
526.2 1246.85
526.32 1246.85
526.44 1246.85
526.56 1246.85
526.68 1246.85
526.8 1246.85
526.92 1246.85
527.04 1246.85
527.16 1246.85
527.28 1246.85
527.4 1246.85
527.52 1246.85
527.64 1246.85
527.76 1246.85
527.88 1246.85
528.0 1246.85
528.12 1246.85
528.24 1246.85
528.36 1246.85
528.48 1246.85
528.6 1246.85
528.72 1246.85
528.84 1246.85
528.96 1246.85
529.08 1246.85
529.2 1246.85
529.32 1246.85
529.44 1246.85
529.56 1246.85
529.68 1246.85
529.8 1246.85
529.92 1246.85
530.04 1246.85
530.16 1246.85
530.28 1246.85
530.4 1246.85
530.52 1246.85
530.64 1246.85
530.76 1246.85
530.88 1246.85
531.0 1246.85
531.12 1246.85
531.24 1246.85
531.36 1246.85
531.48 1246.85
531.6 1246.85
531.72 1246.85
531.84 1246.85
531.96 1246.85
532.08 1246.85
532.2 1246.85
532.32 1246.85
532.44 1246.85
532.56 1246.85
532.68 1246.85
532.8 1246.85
532.92 1246.85
533.04 1246.85
533.16 1246.85
533.28 1246.85
533.4 1246.85
533.52 1246.85
533.64 1246.85
533.76 1246.85
533.88 1246.85
534.0 1246.85
534.12 1246.85
534.24 1246.85
534.36 1246.85
534.48 1246.85
534.6 1246.85
534.72 1246.85
534.84 1246.85
534.96 1246.85
535.08 1246.85
535.2 1246.85
535.32 1246.85
535.44 1246.85
535.56 1246.85
535.68 1246.85
535.8 1246.85
535.92 1246.85
536.04 1246.85
536.16 1246.85
536.28 1246.85
536.4 1246.85
536.52 1246.85
536.64 1246.85
536.76 1246.85
536.88 1246.85
537.0 1246.85
537.12 1246.85
537.24 1246.85
537.36 1246.85
537.48 1246.85
537.6 1246.85
537.72 1246.85
537.84 1246.85
537.96 1246.85
538.08 1246.85
538.2 1246.85
538.32 1246.85
538.44 1246.85
538.56 1246.85
538.68 1246.85
538.8 1246.85
538.92 1246.85
539.04 1246.85
539.16 1246.85
539.28 1246.85
539.4 1246.85
539.52 1246.85
539.64 1246.85
539.76 1246.85
539.88 1246.85
540.0 1246.85
540.12 1246.85
540.24 1246.85
540.36 1246.85
540.48 1246.85
540.6 1246.85
540.72 1246.85
540.84 1246.85
540.96 1246.85
541.08 1246.85
541.2 1246.85
541.32 1246.85
541.44 1246.85
541.56 1246.85
541.68 1246.85
541.8 1246.85
541.92 1246.85
542.04 1246.85
542.16 1246.85
542.28 1246.85
542.4 1246.85
542.52 1246.85
542.64 1246.85
542.76 1246.85
542.88 1246.85
543.0 1246.85
543.12 1246.85
543.24 1246.85
543.36 1246.85
543.48 1246.85
543.6 1246.85
543.72 1246.85
543.84 1246.85
543.96 1246.85
544.08 1246.85
544.2 1246.85
544.32 1246.85
544.44 1246.85
544.56 1246.85
544.68 1246.85
544.8 1246.85
544.92 1246.85
545.04 1246.85
545.16 1246.85
545.28 1246.85
545.4 1246.85
545.52 1246.85
545.64 1246.85
545.76 1246.85
545.88 1246.85
546.0 1246.85
546.12 1246.85
546.24 1246.84
546.36 1246.84
546.48 1246.84
546.6 1246.84
546.72 1246.84
546.84 1246.84
546.96 1246.84
547.08 1246.84
547.2 1246.84
547.32 1246.84
547.44 1246.84
547.56 1246.84
547.68 1246.84
547.8 1246.84
547.92 1246.84
548.04 1246.84
548.16 1246.84
548.28 1246.84
548.4 1246.84
548.52 1246.84
548.64 1246.84
548.76 1246.84
548.88 1246.84
549.0 1246.84
549.12 1246.84
549.24 1246.84
549.36 1246.84
549.48 1246.84
549.6 1246.84
549.72 1246.84
549.84 1246.84
549.96 1246.84
550.08 1246.84
550.2 1246.84
550.32 1246.84
550.44 1246.84
550.56 1246.84
550.68 1246.84
550.8 1246.84
550.92 1246.84
551.04 1246.84
551.16 1246.84
551.28 1246.84
551.4 1246.84
551.52 1246.84
551.64 1246.84
551.76 1246.84
551.88 1246.84
552.0 1246.84
552.12 1246.84
552.24 1246.84
552.36 1246.84
552.48 1246.84
552.6 1246.84
552.72 1246.84
552.84 1246.84
552.96 1246.84
553.08 1246.84
553.2 1246.84
553.32 1246.84
553.44 1246.84
553.56 1246.84
553.68 1246.84
553.8 1246.84
553.92 1246.84
554.04 1246.84
554.16 1246.84
554.28 1246.84
554.4 1246.84
554.52 1246.84
554.64 1246.84
554.76 1246.84
554.88 1246.84
555.0 1246.84
555.12 1246.84
555.24 1246.84
555.36 1246.84
555.48 1246.84
555.6 1246.84
555.72 1246.84
555.84 1246.84
555.96 1246.84
556.08 1246.84
556.2 1246.84
556.32 1246.84
556.44 1246.84
556.56 1246.84
556.68 1246.84
556.8 1246.84
556.92 1246.84
557.04 1246.84
557.16 1246.84
557.28 1246.84
557.4 1246.84
557.52 1246.84
557.64 1246.84
557.76 1246.84
557.88 1246.84
558.0 1246.84
558.12 1246.84
558.24 1246.84
558.36 1246.84
558.48 1246.84
558.6 1246.84
558.72 1246.84
558.84 1246.84
558.96 1246.84
559.08 1246.85
559.2 1246.85
559.32 1246.85
559.44 1246.86
559.56 1246.86
559.68 1246.87
559.8 1246.87
559.92 1246.88
560.04 1246.88
560.16 1246.89
560.28 1246.9
560.4 1246.91
560.52 1246.92
560.64 1246.93
560.76 1246.94
560.88 1246.95
561.0 1246.96
561.12 1246.97
561.24 1246.99
561.36 1247.0
561.48 1247.01
561.6 1247.03
561.72 1247.04
561.84 1247.06
561.96 1247.07
562.08 1247.09
562.2 1247.1
562.32 1247.12
562.44 1247.14
562.56 1247.16
562.68 1247.18
562.8 1247.2
562.92 1247.21
563.04 1247.23
563.16 1247.26
563.28 1247.28
563.4 1247.3
563.52 1247.32
563.64 1247.34
563.76 1247.36
563.88 1247.39
564.0 1247.41
564.12 1247.43
564.24 1247.46
564.36 1247.48
564.48 1247.51
564.6 1247.53
564.72 1247.56
564.84 1247.59
564.96 1247.61
565.08 1247.64
565.2 1247.67
565.32 1247.69
565.44 1247.72
565.56 1247.75
565.68 1247.78
565.8 1247.81
565.92 1247.84
566.04 1247.87
566.16 1247.9
566.28 1247.93
566.4 1247.96
566.52 1247.99
566.64 1248.02
566.76 1248.05
566.88 1248.08
567.0 1248.12
567.12 1248.15
567.24 1248.18
567.36 1248.21
567.48 1248.25
567.6 1248.28
567.72 1248.32
567.84 1248.35
567.96 1248.38
568.08 1248.42
568.2 1248.45
568.32 1248.49
568.44 1248.52
568.56 1248.56
568.68 1248.6
568.8 1248.63
568.92 1248.67
569.04 1248.71
569.16 1248.74
569.28 1248.78
569.4 1248.82
569.52 1248.86
569.64 1248.89
569.76 1248.93
569.88 1248.97
570.0 1249.01
570.12 1249.05
570.24 1249.09
570.36 1249.13
570.48 1249.16
570.6 1249.2
570.72 1249.24
570.84 1249.28
570.96 1249.32
571.08 1249.36
571.2 1249.4
571.32 1249.45
571.44 1249.49
571.56 1249.53
571.68 1249.57
571.8 1249.61
571.92 1249.65
572.04 1249.69
572.16 1249.73
572.28 1249.78
572.4 1249.82
572.52 1249.86
572.64 1249.9
572.76 1249.95
572.88 1249.99
573.0 1250.03
573.12 1250.07
573.24 1250.12
573.36 1250.16
573.48 1250.2
573.6 1250.25
573.72 1250.29
573.84 1250.34
573.96 1250.38
574.08 1250.42
574.2 1250.47
574.32 1250.51
574.44 1250.56
574.56 1250.6
574.68 1250.64
574.8 1250.69
574.92 1250.73
575.04 1250.78
575.16 1250.82
575.28 1250.87
575.4 1250.91
575.52 1250.96
575.64 1251.0
575.76 1251.05
575.88 1251.09
576.0 1251.14
576.12 1251.19
576.24 1251.23
576.36 1251.28
576.48 1251.32
576.6 1251.37
576.72 1251.41
576.84 1251.46
576.96 1251.51
577.08 1251.55
577.2 1251.6
577.32 1251.65
577.44 1251.69
577.56 1251.74
577.68 1251.78
577.8 1251.83
577.92 1251.88
578.04 1251.92
578.16 1251.97
578.28 1252.02
578.4 1252.06
578.52 1252.11
578.64 1252.16
578.76 1252.2
578.88 1252.25
579.0 1252.3
579.12 1252.34
579.24 1252.39
579.36 1252.44
579.48 1252.49
579.6 1252.53
579.72 1252.58
579.84 1252.63
579.96 1252.67
580.08 1252.72
580.2 1252.77
580.32 1252.81
580.44 1252.86
580.56 1252.91
580.68 1252.96
580.8 1253.0
580.92 1253.05
581.04 1253.1
581.16 1253.14
581.28 1253.19
581.4 1253.24
581.52 1253.29
581.64 1253.33
581.76 1253.38
581.88 1253.43
582.0 1253.47
582.12 1253.52
582.24 1253.57
582.36 1253.62
582.48 1253.66
582.6 1253.71
582.72 1253.76
582.84 1253.8
582.96 1253.85
583.08 1253.9
583.2 1253.94
583.32 1253.99
583.44 1254.04
583.56 1254.09
583.68 1254.13
583.8 1254.18
583.92 1254.23
584.04 1254.27
584.16 1254.32
584.28 1254.37
584.4 1254.41
584.52 1254.46
584.64 1254.51
584.76 1254.55
584.88 1254.6
585.0 1254.65
585.12 1254.69
585.24 1254.74
585.36 1254.79
585.48 1254.83
585.6 1254.88
585.72 1254.93
585.84 1254.97
585.96 1255.02
586.08 1255.06
586.2 1255.11
586.32 1255.16
586.44 1255.2
586.56 1255.25
586.68 1255.29
586.8 1255.34
586.92 1255.39
587.04 1255.43
587.16 1255.48
587.28 1255.52
587.4 1255.57
587.52 1255.61
587.64 1255.66
587.76 1255.71
587.88 1255.75
588.0 1255.8
588.12 1255.84
588.24 1255.89
588.36 1255.93
588.48 1255.98
588.6 1256.02
588.72 1256.07
588.84 1256.11
588.96 1256.16
589.08 1256.2
589.2 1256.25
589.32 1256.29
589.44 1256.34
589.56 1256.38
589.68 1256.43
589.8 1256.47
589.92 1256.51
590.04 1256.56
590.16 1256.6
590.28 1256.65
590.4 1256.69
590.52 1256.73
590.64 1256.78
590.76 1256.82
590.88 1256.87
591.0 1256.91
591.12 1256.95
591.24 1257.0
591.36 1257.04
591.48 1257.08
591.6 1257.13
591.72 1257.17
591.84 1257.21
591.96 1257.26
592.08 1257.3
592.2 1257.34
592.32 1257.38
592.44 1257.43
592.56 1257.47
592.68 1257.51
592.8 1257.55
592.92 1257.6
593.04 1257.64
593.16 1257.68
593.28 1257.72
593.4 1257.77
593.52 1257.81
593.64 1257.85
593.76 1257.89
593.88 1257.93
594.0 1257.97
594.12 1258.02
594.24 1258.06
594.36 1258.1
594.48 1258.14
594.6 1258.18
594.72 1258.22
594.84 1258.26
594.96 1258.3
595.08 1258.34
595.2 1258.39
595.32 1258.43
595.44 1258.47
595.56 1258.51
595.68 1258.55
595.8 1258.59
595.92 1258.63
596.04 1258.67
596.16 1258.71
596.28 1258.75
596.4 1258.79
596.52 1258.83
596.64 1258.87
596.76 1258.91
596.88 1258.95
597.0 1258.98
597.12 1259.02
597.24 1259.06
597.36 1259.1
597.48 1259.14
597.6 1259.18
597.72 1259.22
597.84 1259.26
597.96 1259.3
598.08 1259.33
598.2 1259.37
598.32 1259.41
598.44 1259.45
598.56 1259.49
598.68 1259.52
598.8 1259.56
598.92 1259.6
599.04 1259.64
599.16 1259.67
599.28 1259.71
599.4 1259.75
599.52 1259.79
599.64 1259.82
599.76 1259.86
599.88 1259.9
600.0 1259.93
600.12 1259.97
600.24 1260.01
600.36 1260.04
600.48 1260.08
600.6 1260.12
600.72 1260.15
600.84 1260.19
600.96 1260.22
601.08 1260.26
601.2 1260.3
601.32 1260.33
601.44 1260.37
601.56 1260.4
601.68 1260.44
601.8 1260.47
601.92 1260.51
602.04 1260.54
602.16 1260.58
602.28 1260.61
602.4 1260.65
602.52 1260.68
602.64 1260.72
602.76 1260.75
602.88 1260.79
603.0 1260.82
603.12 1260.85
603.24 1260.89
603.36 1260.92
603.48 1260.96
603.6 1260.99
603.72 1261.02
603.84 1261.06
603.96 1261.09
604.08 1261.12
604.2 1261.16
604.32 1261.19
604.44 1261.22
604.56 1261.25
604.68 1261.29
604.8 1261.32
604.92 1261.35
605.04 1261.38
605.16 1261.42
605.28 1261.45
605.4 1261.48
605.52 1261.51
605.64 1261.55
605.76 1261.58
605.88 1261.61
606.0 1261.64
606.12 1261.67
606.24 1261.7
606.36 1261.73
606.48 1261.77
606.6 1261.8
606.72 1261.83
606.84 1261.86
606.96 1261.89
607.08 1261.92
607.2 1261.95
607.32 1261.98
607.44 1262.01
607.56 1262.04
607.68 1262.07
607.8 1262.1
607.92 1262.13
608.04 1262.16
608.16 1262.19
608.28 1262.22
608.4 1262.25
608.52 1262.28
608.64 1262.31
608.76 1262.34
608.88 1262.37
609.0 1262.39
609.12 1262.42
609.24 1262.45
609.36 1262.48
609.48 1262.51
609.6 1262.54
609.72 1262.57
609.84 1262.59
609.96 1262.62
610.08 1262.65
610.2 1262.68
610.32 1262.7
610.44 1262.73
610.56 1262.76
610.68 1262.79
610.8 1262.81
610.92 1262.84
611.04 1262.87
611.16 1262.9
611.28 1262.92
611.4 1262.95
611.52 1262.98
611.64 1263.0
611.76 1263.03
611.88 1263.06
612.0 1263.08
612.12 1263.11
612.24 1263.13
612.36 1263.16
612.48 1263.19
612.6 1263.21
612.72 1263.24
612.84 1263.26
612.96 1263.29
613.08 1263.31
613.2 1263.34
613.32 1263.36
613.44 1263.39
613.56 1263.41
613.68 1263.44
613.8 1263.46
613.92 1263.49
614.04 1263.51
614.16 1263.54
614.28 1263.56
614.4 1263.58
614.52 1263.61
614.64 1263.63
614.76 1263.66
614.88 1263.68
615.0 1263.7
615.12 1263.73
615.24 1263.75
615.36 1263.77
615.48 1263.8
615.6 1263.82
615.72 1263.84
615.84 1263.86
615.96 1263.89
616.08 1263.91
616.2 1263.93
616.32 1263.96
616.44 1263.98
616.56 1264.0
616.68 1264.02
616.8 1264.04
616.92 1264.07
617.04 1264.09
617.16 1264.11
617.28 1264.13
617.4 1264.15
617.52 1264.17
617.64 1264.2
617.76 1264.22
617.88 1264.24
618.0 1264.26
618.12 1264.28
618.24 1264.3
618.36 1264.32
618.48 1264.34
618.6 1264.36
618.72 1264.38
618.84 1264.4
618.96 1264.42
619.08 1264.44
619.2 1264.46
619.32 1264.48
619.44 1264.5
619.56 1264.52
619.68 1264.54
619.8 1264.56
619.92 1264.58
620.04 1264.6
620.16 1264.62
620.28 1264.64
620.4 1264.66
620.52 1264.68
620.64 1264.7
620.76 1264.71
620.88 1264.73
621.0 1264.75
621.12 1264.77
621.24 1264.79
621.36 1264.81
621.48 1264.83
621.6 1264.84
621.72 1264.86
621.84 1264.88
621.96 1264.9
622.08 1264.91
622.2 1264.93
622.32 1264.95
622.44 1264.97
622.56 1264.98
622.68 1265.0
622.8 1265.02
622.92 1265.04
623.04 1265.05
623.16 1265.07
623.28 1265.09
623.4 1265.1
623.52 1265.12
623.64 1265.13
623.76 1265.15
623.88 1265.17
624.0 1265.18
624.12 1265.2
624.24 1265.22
624.36 1265.23
624.48 1265.25
624.6 1265.26
624.72 1265.28
624.84 1265.29
624.96 1265.31
625.08 1265.32
625.2 1265.34
625.32 1265.35
625.44 1265.37
625.56 1265.38
625.68 1265.4
625.8 1265.41
625.92 1265.43
626.04 1265.44
626.16 1265.46
626.28 1265.47
626.4 1265.49
626.52 1265.5
626.64 1265.51
626.76 1265.53
626.88 1265.54
627.0 1265.56
627.12 1265.57
627.24 1265.58
627.36 1265.6
627.48 1265.61
627.6 1265.62
627.72 1265.64
627.84 1265.65
627.96 1265.66
628.08 1265.67
628.2 1265.69
628.32 1265.7
628.44 1265.71
628.56 1265.73
628.68 1265.74
628.8 1265.75
628.92 1265.76
629.04 1265.77
629.16 1265.79
629.28 1265.8
629.4 1265.81
629.52 1265.82
629.64 1265.83
629.76 1265.85
629.88 1265.86
630.0 1265.87
630.12 1265.88
630.24 1265.89
630.36 1265.9
630.48 1265.91
630.6 1265.92
630.72 1265.94
630.84 1265.95
630.96 1265.96
631.08 1265.97
631.2 1265.98
631.32 1265.99
631.44 1266.0
631.56 1266.01
631.68 1266.02
631.8 1266.03
631.92 1266.04
632.04 1266.05
632.16 1266.06
632.28 1266.07
632.4 1266.08
632.52 1266.09
632.64 1266.1
632.76 1266.11
632.88 1266.12
633.0 1266.13
633.12 1266.14
633.24 1266.15
633.36 1266.15
633.48 1266.16
633.6 1266.17
633.72 1266.18
633.84 1266.19
633.96 1266.2
634.08 1266.21
634.2 1266.22
634.32 1266.22
634.44 1266.23
634.56 1266.24
634.68 1266.25
634.8 1266.26
634.92 1266.26
635.04 1266.27
635.16 1266.28
635.28 1266.29
635.4 1266.3
635.52 1266.3
635.64 1266.31
635.76 1266.32
635.88 1266.32
636.0 1266.33
636.12 1266.34
636.24 1266.35
636.36 1266.35
636.48 1266.36
636.6 1266.37
636.72 1266.37
636.84 1266.38
636.96 1266.39
637.08 1266.39
637.2 1266.4
637.32 1266.41
637.44 1266.41
637.56 1266.42
637.68 1266.42
637.8 1266.43
637.92 1266.44
638.04 1266.44
638.16 1266.45
638.28 1266.45
638.4 1266.46
638.52 1266.46
638.64 1266.47
638.76 1266.48
638.88 1266.48
639.0 1266.49
639.12 1266.49
639.24 1266.5
639.36 1266.5
639.48 1266.51
639.6 1266.51
639.72 1266.52
639.84 1266.52
639.96 1266.52
640.08 1266.53
640.2 1266.53
640.32 1266.54
640.44 1266.54
640.56 1266.55
640.68 1266.55
640.8 1266.55
640.92 1266.56
641.04 1266.56
641.16 1266.57
641.28 1266.57
641.4 1266.57
641.52 1266.58
641.64 1266.58
641.76 1266.58
641.88 1266.59
642.0 1266.59
642.12 1266.59
642.24 1266.6
642.36 1266.6
642.48 1266.6
642.6 1266.61
642.72 1266.61
642.84 1266.61
642.96 1266.62
643.08 1266.62
643.2 1266.62
643.32 1266.62
643.44 1266.63
643.56 1266.63
643.68 1266.63
643.8 1266.63
643.92 1266.63
644.04 1266.64
644.16 1266.64
644.28 1266.64
644.4 1266.64
644.52 1266.64
644.64 1266.65
644.76 1266.65
644.88 1266.65
645.0 1266.65
645.12 1266.65
645.24 1266.65
645.36 1266.65
645.48 1266.66
645.6 1266.66
645.72 1266.66
645.84 1266.66
645.96 1266.66
646.08 1266.66
646.2 1266.66
646.32 1266.66
646.44 1266.66
646.56 1266.66
646.68 1266.66
646.8 1266.66
646.92 1266.66
647.04 1266.67
647.16 1266.67
647.28 1266.67
647.4 1266.67
647.52 1266.67
647.64 1266.67
647.76 1266.67
647.88 1266.67
648.0 1266.67
648.12 1266.67
648.24 1266.66
648.36 1266.66
648.48 1266.66
648.6 1266.66
648.72 1266.66
648.84 1266.66
648.96 1266.66
649.08 1266.66
649.2 1266.66
649.32 1266.66
649.44 1266.66
649.56 1266.66
649.68 1266.66
649.8 1266.65
649.92 1266.65
650.04 1266.65
650.16 1266.65
650.28 1266.65
650.4 1266.65
650.52 1266.65
650.64 1266.64
650.76 1266.64
650.88 1266.64
651.0 1266.64
651.12 1266.64
651.24 1266.64
651.36 1266.63
651.48 1266.63
651.6 1266.63
651.72 1266.63
651.84 1266.62
651.96 1266.62
652.08 1266.62
652.2 1266.62
652.32 1266.61
652.44 1266.61
652.56 1266.61
652.68 1266.61
652.8 1266.6
652.92 1266.6
653.04 1266.6
653.16 1266.6
653.28 1266.59
653.4 1266.59
653.52 1266.59
653.64 1266.58
653.76 1266.58
653.88 1266.58
654.0 1266.57
654.12 1266.57
654.24 1266.57
654.36 1266.56
654.48 1266.56
654.6 1266.56
654.72 1266.55
654.84 1266.55
654.96 1266.54
655.08 1266.54
655.2 1266.54
655.32 1266.53
655.44 1266.53
655.56 1266.52
655.68 1266.52
655.8 1266.52
655.92 1266.51
656.04 1266.51
656.16 1266.5
656.28 1266.5
656.4 1266.49
656.52 1266.49
656.64 1266.49
656.76 1266.48
656.88 1266.48
657.0 1266.47
657.12 1266.47
657.24 1266.46
657.36 1266.46
657.48 1266.45
657.6 1266.45
657.72 1266.44
657.84 1266.44
657.96 1266.43
658.08 1266.43
658.2 1266.42
658.32 1266.42
658.44 1266.41
658.56 1266.41
658.68 1266.4
658.8 1266.4
658.92 1266.39
659.04 1266.39
659.16 1266.39
659.28 1266.38
659.4 1266.38
659.52 1266.37
659.64 1266.37
659.76 1266.37
659.88 1266.36
660.0 1266.36
660.12 1266.36
660.24 1266.36
660.36 1266.35
660.48 1266.35
660.6 1266.35
660.72 1266.35
660.84 1266.35
660.96 1266.34
661.08 1266.34
661.2 1266.34
661.32 1266.34
661.44 1266.34
661.56 1266.34
661.68 1266.33
661.8 1266.33
661.92 1266.33
662.04 1266.33
662.16 1266.33
662.28 1266.33
662.4 1266.33
662.52 1266.33
662.64 1266.33
662.76 1266.33
662.88 1266.33
663.0 1266.33
663.12 1266.33
663.24 1266.33
663.36 1266.33
663.48 1266.33
663.6 1266.33
663.72 1266.33
663.84 1266.33
663.96 1266.33
664.08 1266.33
664.2 1266.33
664.32 1266.33
664.44 1266.33
664.56 1266.33
664.68 1266.33
664.8 1266.33
664.92 1266.34
665.04 1266.34
665.16 1266.34
665.28 1266.34
665.4 1266.35
665.52 1266.35
665.64 1266.36
665.76 1266.37
665.88 1266.37
666.0 1266.38
666.12 1266.39
666.24 1266.4
666.36 1266.41
666.48 1266.43
666.6 1266.44
666.72 1266.45
666.84 1266.47
666.96 1266.48
667.08 1266.5
667.2 1266.52
667.32 1266.54
667.44 1266.55
667.56 1266.57
667.68 1266.59
667.8 1266.62
667.92 1266.64
668.04 1266.66
668.16 1266.68
668.28 1266.71
668.4 1266.73
668.52 1266.76
668.64 1266.78
668.76 1266.81
668.88 1266.84
669.0 1266.86
669.12 1266.89
669.24 1266.92
669.36 1266.95
669.48 1266.98
669.6 1267.01
669.72 1267.05
669.84 1267.08
669.96 1267.11
670.08 1267.14
670.2 1267.18
670.32 1267.21
670.44 1267.25
670.56 1267.28
670.68 1267.32
670.8 1267.36
670.92 1267.39
671.04 1267.43
671.16 1267.47
671.28 1267.51
671.4 1267.55
671.52 1267.59
671.64 1267.63
671.76 1267.67
671.88 1267.71
672.0 1267.75
672.12 1267.8
672.24 1267.84
672.36 1267.88
672.48 1267.93
672.6 1267.97
672.72 1268.02
672.84 1268.06
672.96 1268.11
673.08 1268.15
673.2 1268.2
673.32 1268.25
673.44 1268.29
673.56 1268.34
673.68 1268.39
673.8 1268.44
673.92 1268.49
674.04 1268.53
674.16 1268.58
674.28 1268.63
674.4 1268.68
674.52 1268.73
674.64 1268.78
674.76 1268.84
674.88 1268.89
675.0 1268.94
675.12 1268.99
675.24 1269.04
675.36 1269.1
675.48 1269.15
675.6 1269.2
675.72 1269.26
675.84 1269.31
675.96 1269.37
676.08 1269.42
676.2 1269.47
676.32 1269.53
676.44 1269.59
676.56 1269.64
676.68 1269.7
676.8 1269.75
676.92 1269.81
677.04 1269.87
677.16 1269.92
677.28 1269.98
677.4 1270.04
677.52 1270.09
677.64 1270.15
677.76 1270.21
677.88 1270.27
678.0 1270.33
678.12 1270.39
678.24 1270.44
678.36 1270.5
678.48 1270.56
678.6 1270.62
678.72 1270.68
678.84 1270.74
678.96 1270.8
679.08 1270.86
679.2 1270.92
679.32 1270.98
679.44 1271.04
679.56 1271.1
679.68 1271.16
679.8 1271.23
679.92 1271.29
680.04 1271.35
680.16 1271.41
680.28 1271.47
680.4 1271.53
680.52 1271.59
680.64 1271.66
680.76 1271.72
680.88 1271.78
681.0 1271.84
681.12 1271.91
681.24 1271.97
681.36 1272.03
681.48 1272.09
681.6 1272.16
681.72 1272.22
681.84 1272.28
681.96 1272.35
682.08 1272.41
682.2 1272.47
682.32 1272.53
682.44 1272.6
682.56 1272.66
682.68 1272.73
682.8 1272.79
682.92 1272.85
683.04 1272.92
683.16 1272.98
683.28 1273.04
683.4 1273.11
683.52 1273.17
683.64 1273.24
683.76 1273.3
683.88 1273.36
684.0 1273.43
684.12 1273.49
684.24 1273.56
684.36 1273.62
684.48 1273.68
684.6 1273.75
684.72 1273.81
684.84 1273.88
684.96 1273.94
685.08 1274.01
685.2 1274.07
685.32 1274.13
685.44 1274.2
685.56 1274.26
685.68 1274.33
685.8 1274.39
685.92 1274.46
686.04 1274.52
686.16 1274.59
686.28 1274.65
686.4 1274.71
686.52 1274.78
686.64 1274.84
686.76 1274.91
686.88 1274.97
687.0 1275.03
687.12 1275.1
687.24 1275.16
687.36 1275.23
687.48 1275.29
687.6 1275.36
687.72 1275.42
687.84 1275.48
687.96 1275.55
688.08 1275.61
688.2 1275.68
688.32 1275.74
688.44 1275.8
688.56 1275.87
688.68 1275.93
688.8 1275.99
688.92 1276.06
689.04 1276.12
689.16 1276.18
689.28 1276.25
689.4 1276.31
689.52 1276.37
689.64 1276.44
689.76 1276.5
689.88 1276.56
690.0 1276.63
690.12 1276.69
690.24 1276.75
690.36 1276.81
690.48 1276.88
690.6 1276.94
690.72 1277.0
690.84 1277.06
690.96 1277.13
691.08 1277.19
691.2 1277.25
691.32 1277.31
691.44 1277.38
691.56 1277.44
691.68 1277.5
691.8 1277.56
691.92 1277.62
692.04 1277.68
692.16 1277.74
692.28 1277.81
692.4 1277.87
692.52 1277.93
692.64 1277.99
692.76 1278.05
692.88 1278.11
693.0 1278.17
693.12 1278.23
693.24 1278.29
693.36 1278.35
693.48 1278.41
693.6 1278.47
693.72 1278.53
693.84 1278.59
693.96 1278.65
694.08 1278.71
694.2 1278.77
694.32 1278.83
694.44 1278.89
694.56 1278.95
694.68 1279.01
694.8 1279.07
694.92 1279.13
695.04 1279.18
695.16 1279.24
695.28 1279.3
695.4 1279.36
695.52 1279.42
695.64 1279.48
695.76 1279.53
695.88 1279.59
696.0 1279.65
696.12 1279.71
696.24 1279.76
696.36 1279.82
696.48 1279.88
696.6 1279.93
696.72 1279.99
696.84 1280.05
696.96 1280.1
697.08 1280.16
697.2 1280.22
697.32 1280.27
697.44 1280.33
697.56 1280.38
697.68 1280.44
697.8 1280.5
697.92 1280.55
698.04 1280.61
698.16 1280.66
698.28 1280.72
698.4 1280.77
698.52 1280.82
698.64 1280.88
698.76 1280.93
698.88 1280.99
699.0 1281.04
699.12 1281.09
699.24 1281.15
699.36 1281.2
699.48 1281.25
699.6 1281.31
699.72 1281.36
699.84 1281.41
699.96 1281.47
700.08 1281.52
700.2 1281.57
700.32 1281.62
700.44 1281.67
700.56 1281.73
700.68 1281.78
700.8 1281.83
700.92 1281.88
701.04 1281.93
701.16 1281.98
701.28 1282.03
701.4 1282.08
701.52 1282.13
701.64 1282.18
701.76 1282.23
701.88 1282.28
702.0 1282.33
702.12 1282.38
702.24 1282.43
702.36 1282.48
702.48 1282.53
702.6 1282.58
702.72 1282.63
702.84 1282.68
702.96 1282.73
703.08 1282.77
703.2 1282.82
703.32 1282.87
703.44 1282.92
703.56 1282.96
703.68 1283.01
703.8 1283.06
703.92 1283.11
704.04 1283.15
704.16 1283.2
704.28 1283.24
704.4 1283.29
704.52 1283.34
704.64 1283.38
704.76 1283.43
704.88 1283.47
705.0 1283.52
705.12 1283.56
705.24 1283.61
705.36 1283.65
705.48 1283.7
705.6 1283.74
705.72 1283.79
705.84 1283.83
705.96 1283.88
706.08 1283.92
706.2 1283.96
706.32 1284.01
706.44 1284.05
706.56 1284.09
706.68 1284.13
706.8 1284.18
706.92 1284.22
707.04 1284.26
707.16 1284.3
707.28 1284.35
707.4 1284.39
707.52 1284.43
707.64 1284.47
707.76 1284.51
707.88 1284.55
708.0 1284.59
708.12 1284.63
708.24 1284.67
708.36 1284.71
708.48 1284.75
708.6 1284.79
708.72 1284.83
708.84 1284.87
708.96 1284.91
709.08 1284.95
709.2 1284.99
709.32 1285.03
709.44 1285.07
709.56 1285.1
709.68 1285.14
709.8 1285.18
709.92 1285.22
710.04 1285.26
710.16 1285.29
710.28 1285.33
710.4 1285.37
710.52 1285.4
710.64 1285.44
710.76 1285.48
710.88 1285.51
711.0 1285.55
711.12 1285.59
711.24 1285.62
711.36 1285.66
711.48 1285.69
711.6 1285.73
711.72 1285.76
711.84 1285.8
711.96 1285.83
712.08 1285.87
712.2 1285.9
712.32 1285.93
712.44 1285.97
712.56 1286.0
712.68 1286.03
712.8 1286.07
712.92 1286.1
713.04 1286.13
713.16 1286.17
713.28 1286.2
713.4 1286.23
713.52 1286.26
713.64 1286.3
713.76 1286.33
713.88 1286.36
714.0 1286.39
714.12 1286.42
714.24 1286.45
714.36 1286.48
714.48 1286.51
714.6 1286.54
714.72 1286.57
714.84 1286.6
714.96 1286.63
715.08 1286.66
715.2 1286.69
715.32 1286.72
715.44 1286.75
715.56 1286.78
715.68 1286.81
715.8 1286.84
715.92 1286.87
716.04 1286.9
716.16 1286.92
716.28 1286.95
716.4 1286.98
716.52 1287.01
716.64 1287.03
716.76 1287.06
716.88 1287.09
717.0 1287.12
717.12 1287.14
717.24 1287.17
717.36 1287.2
717.48 1287.22
717.6 1287.25
717.72 1287.27
717.84 1287.3
717.96 1287.32
718.08 1287.35
718.2 1287.37
718.32 1287.4
718.44 1287.42
718.56 1287.45
718.68 1287.47
718.8 1287.5
718.92 1287.52
719.04 1287.54
719.16 1287.57
719.28 1287.59
719.4 1287.61
719.52 1287.64
719.64 1287.66
719.76 1287.68
719.88 1287.71
720.0 1287.73
720.12 1287.75
720.24 1287.77
720.36 1287.79
720.48 1287.82
720.6 1287.84
720.72 1287.86
720.84 1287.88
720.96 1287.9
721.08 1287.92
721.2 1287.94
721.32 1287.96
721.44 1287.98
721.56 1288.0
721.68 1288.02
721.8 1288.04
721.92 1288.06
722.04 1288.08
722.16 1288.1
722.28 1288.12
722.4 1288.14
722.52 1288.16
722.64 1288.17
722.76 1288.19
722.88 1288.21
723.0 1288.23
723.12 1288.25
723.24 1288.26
723.36 1288.28
723.48 1288.3
723.6 1288.32
723.72 1288.33
723.84 1288.35
723.96 1288.37
724.08 1288.38
724.2 1288.4
724.32 1288.42
724.44 1288.43
724.56 1288.45
724.68 1288.46
724.8 1288.48
724.92 1288.49
725.04 1288.51
725.16 1288.52
725.28 1288.54
725.4 1288.55
725.52 1288.57
725.64 1288.58
725.76 1288.6
725.88 1288.61
726.0 1288.62
726.12 1288.64
726.24 1288.65
726.36 1288.66
726.48 1288.68
726.6 1288.69
726.72 1288.7
726.84 1288.71
726.96 1288.73
727.08 1288.74
727.2 1288.75
727.32 1288.76
727.44 1288.77
727.56 1288.79
727.68 1288.8
727.8 1288.81
727.92 1288.82
728.04 1288.83
728.16 1288.84
728.28 1288.85
728.4 1288.86
728.52 1288.87
728.64 1288.88
728.76 1288.89
728.88 1288.9
729.0 1288.91
729.12 1288.92
729.24 1288.93
729.36 1288.94
729.48 1288.95
729.6 1288.96
729.72 1288.97
729.84 1288.98
729.96 1288.98
730.08 1288.99
730.2 1289.0
730.32 1289.01
730.44 1289.02
730.56 1289.02
730.68 1289.03
730.8 1289.04
730.92 1289.05
731.04 1289.05
731.16 1289.06
731.28 1289.07
731.4 1289.07
731.52 1289.08
731.64 1289.09
731.76 1289.09
731.88 1289.1
732.0 1289.1
732.12 1289.11
732.24 1289.12
732.36 1289.12
732.48 1289.13
732.6 1289.13
732.72 1289.14
732.84 1289.14
732.96 1289.14
733.08 1289.15
733.2 1289.15
733.32 1289.16
733.44 1289.16
733.56 1289.17
733.68 1289.17
733.8 1289.17
733.92 1289.18
734.04 1289.18
734.16 1289.18
734.28 1289.19
734.4 1289.19
734.52 1289.19
734.64 1289.19
734.76 1289.2
734.88 1289.2
735.0 1289.2
735.12 1289.2
735.24 1289.2
735.36 1289.2
735.48 1289.21
735.6 1289.21
735.72 1289.21
735.84 1289.21
735.96 1289.21
736.08 1289.21
736.2 1289.21
736.32 1289.21
736.44 1289.21
736.56 1289.21
736.68 1289.21
736.8 1289.21
736.92 1289.21
737.04 1289.21
737.16 1289.21
737.28 1289.21
737.4 1289.21
737.52 1289.21
737.64 1289.21
737.76 1289.21
737.88 1289.21
738.0 1289.2
738.12 1289.2
738.24 1289.2
738.36 1289.2
738.48 1289.2
738.6 1289.2
738.72 1289.19
738.84 1289.19
738.96 1289.19
739.08 1289.19
739.2 1289.18
739.32 1289.18
739.44 1289.18
739.56 1289.17
739.68 1289.17
739.8 1289.17
739.92 1289.16
740.04 1289.16
740.16 1289.15
740.28 1289.15
740.4 1289.15
740.52 1289.14
740.64 1289.14
740.76 1289.13
740.88 1289.13
741.0 1289.12
741.12 1289.12
741.24 1289.11
741.36 1289.11
741.48 1289.1
741.6 1289.1
741.72 1289.09
741.84 1289.09
741.96 1289.08
742.08 1289.07
742.2 1289.07
742.32 1289.06
742.44 1289.06
742.56 1289.05
742.68 1289.04
742.8 1289.04
742.92 1289.03
743.04 1289.02
743.16 1289.01
743.28 1289.01
743.4 1289.0
743.52 1288.99
743.64 1288.98
743.76 1288.98
743.88 1288.97
744.0 1288.96
744.12 1288.95
744.24 1288.94
744.36 1288.94
744.48 1288.93
744.6 1288.92
744.72 1288.91
744.84 1288.9
744.96 1288.89
745.08 1288.88
745.2 1288.87
745.32 1288.86
745.44 1288.85
745.56 1288.85
745.68 1288.84
745.8 1288.83
745.92 1288.82
746.04 1288.81
746.16 1288.8
746.28 1288.79
746.4 1288.77
746.52 1288.76
746.64 1288.75
746.76 1288.74
746.88 1288.73
747.0 1288.72
747.12 1288.71
747.24 1288.7
747.36 1288.69
747.48 1288.68
747.6 1288.66
747.72 1288.65
747.84 1288.64
747.96 1288.63
748.08 1288.62
748.2 1288.6
748.32 1288.59
748.44 1288.58
748.56 1288.57
748.68 1288.55
748.8 1288.54
748.92 1288.53
749.04 1288.52
749.16 1288.5
749.28 1288.49
749.4 1288.48
749.52 1288.46
749.64 1288.45
749.76 1288.44
749.88 1288.42
750.0 1288.41
750.12 1288.39
750.24 1288.38
750.36 1288.37
750.48 1288.35
750.6 1288.34
750.72 1288.32
750.84 1288.31
750.96 1288.29
751.08 1288.28
751.2 1288.26
751.32 1288.25
751.44 1288.23
751.56 1288.22
751.68 1288.2
751.8 1288.19
751.92 1288.17
752.04 1288.16
752.16 1288.14
752.28 1288.13
752.4 1288.11
752.52 1288.09
752.64 1288.08
752.76 1288.06
752.88 1288.04
753.0 1288.03
753.12 1288.01
753.24 1288.0
753.36 1287.98
753.48 1287.96
753.6 1287.94
753.72 1287.93
753.84 1287.91
753.96 1287.89
754.08 1287.88
754.2 1287.86
754.32 1287.84
754.44 1287.82
754.56 1287.81
754.68 1287.79
754.8 1287.77
754.92 1287.75
755.04 1287.73
755.16 1287.71
755.28 1287.7
755.4 1287.68
755.52 1287.66
755.64 1287.64
755.76 1287.62
755.88 1287.6
756.0 1287.58
756.12 1287.57
756.24 1287.55
756.36 1287.53
756.48 1287.51
756.6 1287.49
756.72 1287.47
756.84 1287.45
756.96 1287.43
757.08 1287.41
757.2 1287.39
757.32 1287.37
757.44 1287.35
757.56 1287.33
757.68 1287.31
757.8 1287.29
757.92 1287.27
758.04 1287.25
758.16 1287.23
758.28 1287.21
758.4 1287.19
758.52 1287.17
758.64 1287.14
758.76 1287.12
758.88 1287.1
759.0 1287.08
759.12 1287.06
759.24 1287.04
759.36 1287.02
759.48 1287.0
759.6 1286.97
759.72 1286.95
759.84 1286.93
759.96 1286.91
760.08 1286.89
760.2 1286.86
760.32 1286.84
760.44 1286.82
760.56 1286.8
760.68 1286.78
760.8 1286.75
760.92 1286.73
761.04 1286.71
761.16 1286.68
761.28 1286.66
761.4 1286.64
761.52 1286.62
761.64 1286.59
761.76 1286.57
761.88 1286.55
762.0 1286.52
762.12 1286.5
762.24 1286.48
762.36 1286.45
762.48 1286.43
762.6 1286.41
762.72 1286.38
762.84 1286.36
762.96 1286.33
763.08 1286.31
763.2 1286.29
763.32 1286.26
763.44 1286.24
763.56 1286.21
763.68 1286.19
763.8 1286.16
763.92 1286.14
764.04 1286.11
764.16 1286.09
764.28 1286.07
764.4 1286.04
764.52 1286.02
764.64 1285.99
764.76 1285.96
764.88 1285.94
765.0 1285.91
765.12 1285.89
765.24 1285.86
765.36 1285.84
765.48 1285.81
765.6 1285.79
765.72 1285.76
765.84 1285.74
765.96 1285.71
766.08 1285.68
766.2 1285.66
766.32 1285.63
766.44 1285.61
766.56 1285.58
766.68 1285.55
766.8 1285.53
766.92 1285.5
767.04 1285.47
767.16 1285.45
767.28 1285.42
767.4 1285.39
767.52 1285.37
767.64 1285.34
767.76 1285.31
767.88 1285.29
768.0 1285.26
768.12 1285.23
768.24 1285.2
768.36 1285.18
768.48 1285.15
768.6 1285.12
768.72 1285.1
768.84 1285.07
768.96 1285.04
769.08 1285.01
769.2 1284.98
769.32 1284.96
769.44 1284.93
769.56 1284.9
769.68 1284.87
769.8 1284.84
769.92 1284.82
770.04 1284.79
770.16 1284.76
770.28 1284.73
770.4 1284.7
770.52 1284.68
770.64 1284.65
770.76 1284.62
770.88 1284.59
771.0 1284.56
771.12 1284.53
771.24 1284.5
771.36 1284.47
771.48 1284.45
771.6 1284.42
771.72 1284.39
771.84 1284.36
771.96 1284.33
772.08 1284.3
772.2 1284.27
772.32 1284.24
772.44 1284.21
772.56 1284.18
772.68 1284.15
772.8 1284.12
772.92 1284.09
773.04 1284.06
773.16 1284.03
773.28 1284.0
773.4 1283.97
773.52 1283.94
773.64 1283.91
773.76 1283.88
773.88 1283.85
774.0 1283.82
774.12 1283.79
774.24 1283.76
774.36 1283.73
774.48 1283.7
774.6 1283.67
774.72 1283.64
774.84 1283.61
774.96 1283.58
775.08 1283.55
775.2 1283.52
775.32 1283.49
775.44 1283.46
775.56 1283.43
775.68 1283.39
775.8 1283.36
775.92 1283.33
776.04 1283.3
776.16 1283.27
776.28 1283.24
776.4 1283.21
776.52 1283.18
776.64 1283.15
776.76 1283.11
776.88 1283.08
777.0 1283.05
777.12 1283.02
777.24 1282.99
777.36 1282.96
777.48 1282.92
777.6 1282.89
777.72 1282.86
777.84 1282.83
777.96 1282.8
778.08 1282.76
778.2 1282.73
778.32 1282.7
778.44 1282.67
778.56 1282.64
778.68 1282.6
778.8 1282.57
778.92 1282.54
779.04 1282.51
779.16 1282.47
779.28 1282.44
779.4 1282.41
779.52 1282.38
779.64 1282.34
779.76 1282.31
779.88 1282.28
780.0 1282.25
780.12 1282.21
780.24 1282.18
780.36 1282.15
780.48 1282.11
780.6 1282.08
780.72 1282.05
780.84 1282.02
780.96 1281.98
781.08 1281.95
781.2 1281.92
781.32 1281.88
781.44 1281.85
781.56 1281.82
781.68 1281.78
781.8 1281.75
781.92 1281.72
782.04 1281.68
782.16 1281.65
782.28 1281.62
782.4 1281.58
782.52 1281.55
782.64 1281.51
782.76 1281.48
782.88 1281.45
783.0 1281.41
783.12 1281.38
783.24 1281.35
783.36 1281.31
783.48 1281.28
783.6 1281.24
783.72 1281.21
783.84 1281.18
783.96 1281.14
784.08 1281.11
784.2 1281.07
784.32 1281.04
784.44 1281.0
784.56 1280.97
784.68 1280.94
784.8 1280.9
784.92 1280.87
785.04 1280.83
785.16 1280.8
785.28 1280.76
785.4 1280.73
785.52 1280.7
785.64 1280.67
785.76 1280.64
785.88 1280.61
786.0 1280.58
786.12 1280.55
786.24 1280.53
786.36 1280.51
786.48 1280.48
786.6 1280.46
786.72 1280.44
786.84 1280.42
786.96 1280.4
787.08 1280.39
787.2 1280.37
787.32 1280.36
787.44 1280.34
787.56 1280.33
787.68 1280.32
787.8 1280.31
787.92 1280.3
788.04 1280.29
788.16 1280.29
788.28 1280.28
788.4 1280.27
788.52 1280.27
788.64 1280.27
788.76 1280.27
788.88 1280.26
789.0 1280.26
789.12 1280.27
789.24 1280.27
789.36 1280.27
789.48 1280.27
789.6 1280.28
789.72 1280.28
789.84 1280.29
789.96 1280.3
790.08 1280.3
790.2 1280.31
790.32 1280.32
790.44 1280.33
790.56 1280.34
790.68 1280.36
790.8 1280.37
790.92 1280.38
791.04 1280.4
791.16 1280.41
791.28 1280.43
791.4 1280.44
791.52 1280.46
791.64 1280.48
791.76 1280.5
791.88 1280.52
792.0 1280.54
792.12 1280.56
792.24 1280.58
792.36 1280.6
792.48 1280.63
792.6 1280.65
792.72 1280.68
792.84 1280.7
792.96 1280.73
793.08 1280.75
793.2 1280.78
793.32 1280.81
793.44 1280.84
793.56 1280.86
793.68 1280.89
793.8 1280.92
793.92 1280.95
794.04 1280.99
794.16 1281.02
794.28 1281.05
794.4 1281.08
794.52 1281.12
794.64 1281.15
794.76 1281.18
794.88 1281.22
795.0 1281.25
795.12 1281.29
795.24 1281.33
795.36 1281.36
795.48 1281.4
795.6 1281.44
795.72 1281.48
795.84 1281.52
795.96 1281.55
796.08 1281.59
796.2 1281.63
796.32 1281.67
796.44 1281.72
796.56 1281.76
796.68 1281.8
796.8 1281.84
796.92 1281.88
797.04 1281.93
797.16 1281.97
797.28 1282.01
797.4 1282.06
797.52 1282.1
797.64 1282.15
797.76 1282.19
797.88 1282.24
798.0 1282.28
798.12 1282.33
798.24 1282.38
798.36 1282.42
798.48 1282.47
798.6 1282.52
798.72 1282.57
798.84 1282.62
798.96 1282.66
799.08 1282.71
799.2 1282.76
799.32 1282.81
799.44 1282.86
799.56 1282.91
799.68 1282.96
799.8 1283.01
799.92 1283.06
800.04 1283.11
800.16 1283.16
800.28 1283.22
800.4 1283.27
800.52 1283.32
800.64 1283.37
800.76 1283.42
800.88 1283.48
801.0 1283.53
801.12 1283.58
801.24 1283.64
801.36 1283.69
801.48 1283.74
801.6 1283.8
801.72 1283.85
801.84 1283.91
801.96 1283.96
802.08 1284.01
802.2 1284.07
802.32 1284.12
802.44 1284.18
802.56 1284.23
802.68 1284.29
802.8 1284.35
802.92 1284.4
803.04 1284.46
803.16 1284.51
803.28 1284.57
803.4 1284.63
803.52 1284.68
803.64 1284.74
803.76 1284.8
803.88 1284.85
804.0 1284.91
804.12 1284.97
804.24 1285.02
804.36 1285.08
804.48 1285.14
804.6 1285.2
804.72 1285.25
804.84 1285.31
804.96 1285.37
805.08 1285.43
805.2 1285.48
805.32 1285.54
805.44 1285.6
805.56 1285.66
805.68 1285.72
805.8 1285.78
805.92 1285.83
806.04 1285.89
806.16 1285.95
806.28 1286.01
806.4 1286.07
806.52 1286.13
806.64 1286.18
806.76 1286.24
806.88 1286.3
807.0 1286.36
807.12 1286.42
807.24 1286.48
807.36 1286.54
807.48 1286.6
807.6 1286.65
807.72 1286.71
807.84 1286.77
807.96 1286.83
808.08 1286.89
808.2 1286.95
808.32 1287.01
808.44 1287.07
808.56 1287.12
808.68 1287.18
808.8 1287.24
808.92 1287.3
809.04 1287.36
809.16 1287.42
809.28 1287.48
809.4 1287.54
809.52 1287.6
809.64 1287.65
809.76 1287.71
809.88 1287.77
810.0 1287.83
810.12 1287.89
810.24 1287.95
810.36 1288.01
810.48 1288.06
810.6 1288.12
810.72 1288.18
810.84 1288.24
810.96 1288.3
811.08 1288.36
811.2 1288.41
811.32 1288.47
811.44 1288.53
811.56 1288.59
811.68 1288.65
811.8 1288.7
811.92 1288.76
812.04 1288.82
812.16 1288.88
812.28 1288.93
812.4 1288.99
812.52 1289.05
812.64 1289.11
812.76 1289.16
812.88 1289.22
813.0 1289.28
813.12 1289.34
813.24 1289.39
813.36 1289.45
813.48 1289.51
813.6 1289.56
813.72 1289.62
813.84 1289.68
813.96 1289.73
814.08 1289.79
814.2 1289.84
814.32 1289.9
814.44 1289.96
814.56 1290.01
814.68 1290.07
814.8 1290.12
814.92 1290.18
815.04 1290.23
815.16 1290.29
815.28 1290.34
815.4 1290.4
815.52 1290.45
815.64 1290.51
815.76 1290.56
815.88 1290.62
816.0 1290.67
816.12 1290.73
816.24 1290.78
816.36 1290.84
816.48 1290.89
816.6 1290.94
816.72 1291.0
816.84 1291.05
816.96 1291.1
817.08 1291.16
817.2 1291.21
817.32 1291.26
817.44 1291.32
817.56 1291.37
817.68 1291.42
817.8 1291.48
817.92 1291.53
818.04 1291.58
818.16 1291.63
818.28 1291.68
818.4 1291.74
818.52 1291.79
818.64 1291.84
818.76 1291.89
818.88 1291.94
819.0 1291.99
819.12 1292.04
819.24 1292.09
819.36 1292.14
819.48 1292.19
819.6 1292.24
819.72 1292.29
819.84 1292.34
819.96 1292.39
820.08 1292.44
820.2 1292.49
820.32 1292.54
820.44 1292.59
820.56 1292.64
820.68 1292.69
820.8 1292.74
820.92 1292.79
821.04 1292.83
821.16 1292.88
821.28 1292.93
821.4 1292.98
821.52 1293.03
821.64 1293.07
821.76 1293.12
821.88 1293.17
822.0 1293.21
822.12 1293.26
822.24 1293.31
822.36 1293.35
822.48 1293.4
822.6 1293.45
822.72 1293.49
822.84 1293.54
822.96 1293.58
823.08 1293.63
823.2 1293.67
823.32 1293.72
823.44 1293.76
823.56 1293.81
823.68 1293.85
823.8 1293.9
823.92 1293.94
824.04 1293.98
824.16 1294.03
824.28 1294.07
824.4 1294.11
824.52 1294.16
824.64 1294.2
824.76 1294.24
824.88 1294.29
825.0 1294.33
825.12 1294.37
825.24 1294.41
825.36 1294.45
825.48 1294.49
825.6 1294.54
825.72 1294.58
825.84 1294.62
825.96 1294.66
826.08 1294.7
826.2 1294.74
826.32 1294.78
826.44 1294.82
826.56 1294.86
826.68 1294.9
826.8 1294.94
826.92 1294.98
827.04 1295.02
827.16 1295.06
827.28 1295.1
827.4 1295.13
827.52 1295.17
827.64 1295.21
827.76 1295.25
827.88 1295.29
828.0 1295.32
828.12 1295.36
828.24 1295.4
828.36 1295.43
828.48 1295.47
828.6 1295.51
828.72 1295.54
828.84 1295.58
828.96 1295.62
829.08 1295.65
829.2 1295.69
829.32 1295.72
829.44 1295.76
829.56 1295.79
829.68 1295.83
829.8 1295.86
829.92 1295.9
830.04 1295.93
830.16 1295.96
830.28 1296.0
830.4 1296.03
830.52 1296.06
830.64 1296.1
830.76 1296.13
830.88 1296.16
831.0 1296.19
831.12 1296.23
831.24 1296.26
831.36 1296.29
831.48 1296.32
831.6 1296.35
831.72 1296.39
831.84 1296.42
831.96 1296.45
832.08 1296.48
832.2 1296.51
832.32 1296.54
832.44 1296.57
832.56 1296.6
832.68 1296.63
832.8 1296.66
832.92 1296.69
833.04 1296.72
833.16 1296.74
833.28 1296.77
833.4 1296.8
833.52 1296.83
833.64 1296.86
833.76 1296.89
833.88 1296.91
834.0 1296.94
834.12 1296.97
834.24 1297.0
834.36 1297.02
834.48 1297.05
834.6 1297.07
834.72 1297.1
834.84 1297.13
834.96 1297.15
835.08 1297.18
835.2 1297.2
835.32 1297.23
835.44 1297.25
835.56 1297.28
835.68 1297.3
835.8 1297.33
835.92 1297.35
836.04 1297.38
836.16 1297.4
836.28 1297.42
836.4 1297.45
836.52 1297.47
836.64 1297.49
836.76 1297.52
836.88 1297.54
837.0 1297.56
837.12 1297.58
837.24 1297.61
837.36 1297.63
837.48 1297.65
837.6 1297.67
837.72 1297.69
837.84 1297.71
837.96 1297.73
838.08 1297.75
838.2 1297.77
838.32 1297.79
838.44 1297.81
838.56 1297.83
838.68 1297.85
838.8 1297.87
838.92 1297.89
839.04 1297.91
839.16 1297.93
839.28 1297.95
839.4 1297.97
839.52 1297.99
839.64 1298.0
839.76 1298.02
839.88 1298.04
840.0 1298.06
840.12 1298.07
840.24 1298.09
840.36 1298.11
840.48 1298.12
840.6 1298.14
840.72 1298.16
840.84 1298.17
840.96 1298.19
841.08 1298.2
841.2 1298.22
841.32 1298.23
841.44 1298.25
841.56 1298.27
841.68 1298.28
841.8 1298.29
841.92 1298.31
842.04 1298.32
842.16 1298.34
842.28 1298.35
842.4 1298.36
842.52 1298.38
842.64 1298.39
842.76 1298.4
842.88 1298.42
843.0 1298.43
843.12 1298.44
843.24 1298.45
843.36 1298.47
843.48 1298.48
843.6 1298.49
843.72 1298.5
843.84 1298.51
843.96 1298.52
844.08 1298.53
844.2 1298.54
844.32 1298.56
844.44 1298.57
844.56 1298.58
844.68 1298.59
844.8 1298.6
844.92 1298.61
845.04 1298.61
845.16 1298.62
845.28 1298.63
845.4 1298.64
845.52 1298.65
845.64 1298.66
845.76 1298.67
845.88 1298.68
846.0 1298.68
846.12 1298.69
846.24 1298.7
846.36 1298.71
846.48 1298.71
846.6 1298.72
846.72 1298.73
846.84 1298.73
846.96 1298.74
847.08 1298.75
847.2 1298.75
847.32 1298.76
847.44 1298.76
847.56 1298.77
847.68 1298.78
847.8 1298.78
847.92 1298.79
848.04 1298.79
848.16 1298.79
848.28 1298.8
848.4 1298.8
848.52 1298.81
848.64 1298.81
848.76 1298.82
848.88 1298.82
849.0 1298.82
849.12 1298.83
849.24 1298.83
849.36 1298.83
849.48 1298.83
849.6 1298.84
849.72 1298.84
849.84 1298.84
849.96 1298.84
850.08 1298.85
850.2 1298.85
850.32 1298.85
850.44 1298.85
850.56 1298.85
850.68 1298.85
850.8 1298.85
850.92 1298.85
851.04 1298.85
851.16 1298.85
851.28 1298.85
851.4 1298.85
851.52 1298.85
851.64 1298.85
851.76 1298.85
851.88 1298.85
852.0 1298.85
852.12 1298.85
852.24 1298.85
852.36 1298.85
852.48 1298.85
852.6 1298.85
852.72 1298.84
852.84 1298.84
852.96 1298.84
853.08 1298.84
853.2 1298.83
853.32 1298.83
853.44 1298.83
853.56 1298.83
853.68 1298.82
853.8 1298.82
853.92 1298.82
854.04 1298.81
854.16 1298.81
854.28 1298.8
854.4 1298.8
854.52 1298.8
854.64 1298.79
854.76 1298.79
854.88 1298.78
855.0 1298.78
855.12 1298.77
855.24 1298.77
855.36 1298.76
855.48 1298.76
855.6 1298.75
855.72 1298.74
855.84 1298.74
855.96 1298.73
856.08 1298.72
856.2 1298.72
856.32 1298.71
856.44 1298.7
856.56 1298.7
856.68 1298.69
856.8 1298.68
856.92 1298.68
857.04 1298.67
857.16 1298.66
857.28 1298.65
857.4 1298.64
857.52 1298.64
857.64 1298.63
857.76 1298.62
857.88 1298.61
858.0 1298.6
858.12 1298.59
858.24 1298.58
858.36 1298.57
858.48 1298.56
858.6 1298.55
858.72 1298.54
858.84 1298.53
858.96 1298.52
859.08 1298.51
859.2 1298.5
859.32 1298.49
859.44 1298.48
859.56 1298.47
859.68 1298.46
859.8 1298.45
859.92 1298.44
860.04 1298.43
860.16 1298.42
860.28 1298.4
860.4 1298.39
860.52 1298.38
860.64 1298.37
860.76 1298.36
860.88 1298.34
861.0 1298.33
861.12 1298.32
861.24 1298.3
861.36 1298.29
861.48 1298.28
861.6 1298.27
861.72 1298.25
861.84 1298.24
861.96 1298.22
862.08 1298.21
862.2 1298.2
862.32 1298.18
862.44 1298.17
862.56 1298.15
862.68 1298.14
862.8 1298.12
862.92 1298.11
863.04 1298.09
863.16 1298.08
863.28 1298.06
863.4 1298.05
863.52 1298.03
863.64 1298.02
863.76 1298.0
863.88 1297.99
864.0 1297.97
864.12 1297.95
864.24 1297.94
864.36 1297.92
864.48 1297.9
864.6 1297.89
864.72 1297.87
864.84 1297.85
864.96 1297.84
865.08 1297.82
865.2 1297.8
865.32 1297.78
865.44 1297.77
865.56 1297.75
865.68 1297.73
865.8 1297.71
865.92 1297.7
866.04 1297.68
866.16 1297.66
866.28 1297.64
866.4 1297.62
866.52 1297.6
866.64 1297.58
866.76 1297.56
866.88 1297.55
867.0 1297.53
867.12 1297.51
867.24 1297.49
867.36 1297.47
867.48 1297.45
867.6 1297.43
867.72 1297.41
867.84 1297.39
867.96 1297.37
868.08 1297.35
868.2 1297.33
868.32 1297.3
868.44 1297.28
868.56 1297.26
868.68 1297.24
868.8 1297.22
868.92 1297.2
869.04 1297.18
869.16 1297.16
869.28 1297.13
869.4 1297.11
869.52 1297.09
869.64 1297.07
869.76 1297.05
869.88 1297.02
870.0 1297.0
870.12 1296.98
870.24 1296.96
870.36 1296.93
870.48 1296.91
870.6 1296.89
870.72 1296.87
870.84 1296.84
870.96 1296.82
871.08 1296.8
871.2 1296.77
871.32 1296.75
871.44 1296.72
871.56 1296.7
871.68 1296.68
871.8 1296.65
871.92 1296.63
872.04 1296.6
872.16 1296.58
872.28 1296.55
872.4 1296.53
872.52 1296.51
872.64 1296.48
872.76 1296.46
872.88 1296.43
873.0 1296.4
873.12 1296.38
873.24 1296.35
873.36 1296.33
873.48 1296.3
873.6 1296.28
873.72 1296.25
873.84 1296.22
873.96 1296.2
874.08 1296.17
874.2 1296.15
874.32 1296.12
874.44 1296.09
874.56 1296.07
874.68 1296.04
874.8 1296.01
874.92 1295.99
875.04 1295.96
875.16 1295.93
875.28 1295.9
875.4 1295.88
875.52 1295.85
875.64 1295.82
875.76 1295.79
875.88 1295.77
876.0 1295.74
876.12 1295.71
876.24 1295.68
876.36 1295.65
876.48 1295.63
876.6 1295.6
876.72 1295.57
876.84 1295.54
876.96 1295.51
877.08 1295.48
877.2 1295.45
877.32 1295.43
877.44 1295.4
877.56 1295.37
877.68 1295.34
877.8 1295.31
877.92 1295.28
878.04 1295.25
878.16 1295.22
878.28 1295.19
878.4 1295.16
878.52 1295.13
878.64 1295.1
878.76 1295.07
878.88 1295.04
879.0 1295.01
879.12 1294.98
879.24 1294.95
879.36 1294.92
879.48 1294.89
879.6 1294.86
879.72 1294.82
879.84 1294.79
879.96 1294.76
880.08 1294.73
880.2 1294.7
880.32 1294.67
880.44 1294.64
880.56 1294.61
880.68 1294.57
880.8 1294.54
880.92 1294.51
881.04 1294.48
881.16 1294.45
881.28 1294.41
881.4 1294.38
881.52 1294.35
881.64 1294.32
881.76 1294.29
881.88 1294.25
882.0 1294.22
882.12 1294.19
882.24 1294.16
882.36 1294.12
882.48 1294.09
882.6 1294.06
882.72 1294.02
882.84 1293.99
882.96 1293.96
883.08 1293.92
883.2 1293.89
883.32 1293.86
883.44 1293.82
883.56 1293.79
883.68 1293.76
883.8 1293.72
883.92 1293.69
884.04 1293.65
884.16 1293.62
884.28 1293.59
884.4 1293.55
884.52 1293.52
884.64 1293.48
884.76 1293.45
884.88 1293.41
885.0 1293.38
885.12 1293.34
885.24 1293.31
885.36 1293.27
885.48 1293.24
885.6 1293.2
885.72 1293.17
885.84 1293.13
885.96 1293.1
886.08 1293.06
886.2 1293.03
886.32 1292.99
886.44 1292.96
886.56 1292.92
886.68 1292.89
886.8 1292.85
886.92 1292.81
887.04 1292.78
887.16 1292.74
887.28 1292.71
887.4 1292.67
887.52 1292.63
887.64 1292.6
887.76 1292.56
887.88 1292.52
888.0 1292.49
888.12 1292.45
888.24 1292.41
888.36 1292.38
888.48 1292.34
888.6 1292.3
888.72 1292.27
888.84 1292.23
888.96 1292.19
889.08 1292.16
889.2 1292.12
889.32 1292.08
889.44 1292.04
889.56 1292.01
889.68 1291.97
889.8 1291.93
889.92 1291.89
890.04 1291.86
890.16 1291.82
890.28 1291.78
890.4 1291.74
890.52 1291.7
890.64 1291.67
890.76 1291.63
890.88 1291.59
891.0 1291.55
891.12 1291.51
891.24 1291.47
891.36 1291.44
891.48 1291.4
891.6 1291.36
891.72 1291.32
891.84 1291.28
891.96 1291.24
892.08 1291.2
892.2 1291.17
892.32 1291.13
892.44 1291.09
892.56 1291.05
892.68 1291.01
892.8 1290.97
892.92 1290.93
893.04 1290.89
893.16 1290.85
893.28 1290.81
893.4 1290.77
893.52 1290.73
893.64 1290.69
893.76 1290.65
893.88 1290.62
894.0 1290.58
894.12 1290.54
894.24 1290.5
894.36 1290.46
894.48 1290.42
894.6 1290.38
894.72 1290.34
894.84 1290.3
894.96 1290.26
895.08 1290.22
895.2 1290.17
895.32 1290.13
895.44 1290.09
895.56 1290.05
895.68 1290.01
895.8 1289.97
895.92 1289.93
896.04 1289.89
896.16 1289.85
896.28 1289.81
896.4 1289.77
896.52 1289.73
896.64 1289.69
896.76 1289.65
896.88 1289.6
897.0 1289.56
897.12 1289.52
897.24 1289.48
897.36 1289.44
897.48 1289.4
897.6 1289.36
897.72 1289.32
897.84 1289.27
897.96 1289.23
898.08 1289.19
898.2 1289.15
898.32 1289.11
898.44 1289.07
898.56 1289.02
898.68 1288.98
898.8 1288.94
898.92 1288.9
899.04 1288.86
899.16 1288.82
899.28 1288.77
899.4 1288.73
899.52 1288.69
899.64 1288.65
899.76 1288.6
899.88 1288.56
900.0 1288.52
