115.08 5732.24
115.2 5738.15
115.32 5744.06
115.44 5749.97
115.56 5755.85
115.68 5761.75
115.8 5767.66
115.92 5773.57
116.04 5779.48
116.16 5785.39
116.28 5791.3
116.4 5797.85
116.52 5803.75
116.64 5809.66
116.76 5815.57
116.88 5821.48
117.0 5827.39
117.12 5833.29
117.24 5839.2
117.36 5845.83
117.48 5851.74
117.6 5857.65
117.72 5863.55
117.84 5869.46
117.96 5875.37
118.08 5881.28
118.2 5887.16
118.32 5893.06
118.44 5898.97
118.56 5904.88
118.68 5910.78
118.8 5916.69
118.92 5923.14
119.04 5929.05
119.16 5934.95
119.28 5940.86
119.4 5946.77
119.52 5952.67
119.64 5958.58
119.76 5965.13
119.88 5971.04
120.0 5976.94
120.12 5982.85
120.24 5988.75
120.36 5994.66
120.48 6000.57
120.6 6006.43
120.72 6012.34
120.84 6018.25
120.96 6024.15
121.08 6030.06
121.2 6035.96
121.32 6041.87
121.44 6048.41
121.56 6054.31
121.68 6060.22
121.8 6066.12
121.92 6072.03
122.04 6077.94
122.16 6083.84
122.28 6090.38
122.4 6096.28
122.52 6102.19
122.64 6108.09
122.76 6114.0
122.88 6119.9
123.0 6125.81
123.12 6131.71
123.24 6137.67
123.36 6143.57
123.48 6149.48
123.6 6155.38
123.72 6161.29
123.84 6167.19
123.96 6173.63
124.08 6179.53
124.2 6185.44
124.32 6191.34
124.44 6197.25
124.56 6203.15
124.68 6209.05
124.8 6215.59
124.92 6221.49
125.04 6227.4
125.16 6233.3
125.28 6239.2
125.4 6245.11
125.52 6251.01
125.64 6257.54
125.76 6263.44
125.88 6269.34
126.0 6275.25
126.12 6281.15
126.24 6287.05
126.36 6292.96
126.48 6298.81
126.6 6304.72
126.72 6310.62
126.84 6316.52
126.96 6322.43
127.08 6328.33
127.2 6334.23
127.32 6340.76
127.44 6346.66
127.56 6352.56
127.68 6358.46
127.8 6364.37
127.92 6370.27
128.04 6376.17
128.16 6382.7
128.28 6388.6
128.4 6394.5
128.52 6400.4
128.64 6406.3
128.76 6412.21
128.88 6418.11
129.0 6423.96
129.12 6429.86
129.24 6435.77
129.36 6441.67
129.48 6447.57
129.6 6453.47
129.72 6459.37
129.84 6465.9
129.96 6471.8
