975.0 48072.17
975.12 48078.05
975.24 48083.94
975.36 48089.83
975.48 48095.71
975.6 48101.6
975.72 48107.49
975.84 48113.38
975.96 48119.26
976.08 48125.15
976.2 48131.04
976.32 48136.92
976.44 48142.81
976.56 48148.7
976.68 48154.58
976.8 48160.47
976.92 48166.36
977.04 48172.24
977.16 48178.13
977.28 48184.02
977.4 48189.9
977.52 48195.79
977.64 48201.68
977.76 48207.56
977.88 48213.45
978.0 48219.34
978.12 48225.22
978.24 48231.11
978.36 48237.0
978.48 48242.89
978.6 48248.77
978.72 48254.66
978.84 48260.55
978.96 48266.43
979.08 48272.32
979.2 48278.21
979.32 48284.09
979.44 48289.98
979.56 48295.87
979.68 48301.75
979.8 48307.64
979.92 48313.53
980.04 48319.41
980.16 48325.3
980.28 48331.19
980.4 48337.07
980.52 48342.96
980.64 48348.85
980.76 48354.73
980.88 48360.62
981.0 48366.51
981.12 48372.4
981.24 48378.28
981.36 48384.17
981.48 48390.06
981.6 48395.94
981.72 48401.83
981.84 48407.72
981.96 48413.6
982.08 48419.49
982.2 48425.38
982.32 48431.26
982.44 48437.15
982.56 48443.04
982.68 48448.92
982.8 48454.81
982.92 48460.7
983.04 48466.58
983.16 48472.47
983.28 48478.36
983.4 48484.24
983.52 48490.13
983.64 48496.02
983.76 48501.91
983.88 48507.79
984.0 48513.68
984.12 48519.57
984.24 48525.45
984.36 48531.34
984.48 48537.23
984.6 48543.11
984.72 48549.0
984.84 48554.89
984.96 48560.77
985.08 48566.66
985.2 48572.55
985.32 48578.43
985.44 48584.32
985.56 48590.21
985.68 48596.09
985.8 48601.98
985.92 48607.87
986.04 48613.75
986.16 48619.64
986.28 48625.53
986.4 48631.42
986.52 48637.3
986.64 48643.19
986.76 48649.08
986.88 48654.96
987.0 48660.85
987.12 48666.74
987.24 48672.62
987.36 48678.51
987.48 48684.4
987.6 48690.28
987.72 48696.17
987.84 48702.06
987.96 48707.94
988.08 48713.83
988.2 48719.72
988.32 48725.6
988.44 48731.49
988.56 48737.38
988.68 48743.27
988.8 48749.15
988.92 48755.04
989.04 48760.93
989.16 48766.81
989.28 48772.7
989.4 48778.59
989.52 48784.47
989.64 48790.36
989.76 48796.25
989.88 48802.13
990.0 48808.02
990.12 48813.91
990.24 48819.79
990.36 48825.68
990.48 48831.57
990.6 48837.45
990.72 48843.34
990.84 48849.23
990.96 48855.11
991.08 48861.0
991.2 48866.89
991.32 48872.78
991.44 48878.66
991.56 48884.55
991.68 48890.44
991.8 48896.32
991.92 48902.21
992.04 48908.1
992.16 48913.98
992.28 48919.87
992.4 48925.76
992.52 48931.64
992.64 48937.53
992.76 48943.42
992.88 48949.3
993.0 48955.19
993.12 48961.08
993.24 48966.96
993.36 48972.85
993.48 48978.74
993.6 48984.63
993.72 48990.51
993.84 48996.4
993.96 49002.29
994.08 49008.17
994.2 49014.06
994.32 49019.95
994.44 49025.83
994.56 49031.72
994.68 49037.61
994.8 49043.49
994.92 49049.38
995.04 49055.27
995.16 49061.15
995.28 49067.04
995.4 49072.93
995.52 49078.81
995.64 49084.7
995.76 49090.59
995.88 49096.48
996.0 49102.36
996.12 49108.25
996.24 49114.14
996.36 49120.02
996.48 49125.91
996.6 49131.8
996.72 49137.68
996.84 49143.57
996.96 49149.46
997.08 49155.34
997.2 49161.23
997.32 49167.12
997.44 49173.0
997.56 49178.89
997.68 49184.78
997.8 49190.67
997.92 49196.55
998.04 49202.44
998.16 49208.33
998.28 49214.21
998.4 49220.1
998.52 49225.99
998.64 49231.87
998.76 49237.76
998.88 49243.65
999.0 49249.53
999.12 49255.42
999.24 49261.31
999.36 49267.19
999.48 49273.08
999.6 49278.97
999.72 49284.85
999.84 49290.74
999.96 49296.63
1000.08 49302.52
1000.2 49308.4
1000.32 49314.29
1000.44 49320.18
1000.56 49326.06
1000.68 49331.95
1000.8 49337.84
1000.92 49343.72
1001.04 49349.61
1001.16 49355.5
1001.28 49361.38
1001.4 49367.27
1001.52 49373.16
1001.64 49379.04
1001.76 49384.93
1001.88 49390.82
1002.0 49396.7
1002.12 49402.59
1002.24 49408.48
1002.36 49414.37
1002.48 49420.25
1002.6 49426.14
1002.72 49432.03
1002.84 49437.91
1002.96 49443.8
1003.08 49449.69
1003.2 49455.57
1003.32 49461.46
1003.44 49467.35
1003.56 49473.23
1003.68 49479.12
1003.8 49485.01
1003.92 49490.89
1004.04 49496.78
1004.16 49502.67
1004.28 49508.56
1004.4 49514.44
1004.52 49520.33
1004.64 49526.22
1004.76 49532.1
1004.88 49537.99
1005.0 49543.88
1005.12 49549.76
1005.24 49555.65
1005.36 49561.54
1005.48 49567.42
1005.6 49573.31
1005.72 49579.2
1005.84 49585.08
1005.96 49590.97
1006.08 49596.86
1006.2 49602.75
1006.32 49608.63
1006.44 49614.52
1006.56 49620.41
1006.68 49626.29
1006.8 49632.18
1006.92 49638.07
1007.04 49643.95
1007.16 49649.84
1007.28 49655.73
1007.4 49661.61
1007.52 49667.5
1007.64 49673.39
1007.76 49679.27
1007.88 49685.16
1008.0 49691.05
1008.12 49696.94
1008.24 49702.82
1008.36 49708.71
1008.48 49714.6
1008.6 49720.48
1008.72 49726.37
1008.84 49732.26
1008.96 49738.14
1009.08 49744.03
1009.2 49749.92
1009.32 49755.8
1009.44 49761.69
1009.56 49767.58
1009.68 49773.46
1009.8 49779.35
1009.92 49785.24
1010.04 49791.13
1010.16 49797.01
1010.28 49802.9
1010.4 49808.79
1010.52 49814.67
1010.64 49820.56
1010.76 49826.45
1010.88 49832.33
1011.0 49838.22
1011.12 49844.11
1011.24 49849.99
1011.36 49855.88
1011.48 49861.77
1011.6 49867.65
1011.72 49873.54
1011.84 49879.43
1011.96 49885.32
1012.08 49891.2
1012.2 49897.09
1012.32 49902.98
1012.44 49908.86
1012.56 49914.75
1012.68 49920.64
1012.8 49926.52
1012.92 49932.41
1013.04 49938.3
1013.16 49944.18
1013.28 49950.07
1013.4 49955.96
1013.52 49961.84
1013.64 49967.73
1013.76 49973.62
1013.88 49979.51
1014.0 49985.39
1014.12 49991.28
1014.24 49997.17
1014.36 50003.05
1014.48 50008.94
1014.6 50014.83
1014.72 50020.71
1014.84 50026.6
1014.96 50032.49
1015.08 50038.37
1015.2 50044.26
1015.32 50050.15
1015.44 50056.03
1015.56 50061.92
1015.68 50067.81
1015.8 50073.7
1015.92 50079.58
1016.04 50085.47
1016.16 50091.36
1016.28 50097.24
1016.4 50103.13
1016.52 50109.02
1016.64 50114.9
1016.76 50120.79
1016.88 50126.68
1017.0 50132.56
1017.12 50138.45
1017.24 50144.34
1017.36 50150.23
1017.48 50156.11
1017.6 50162.0
1017.72 50167.89
1017.84 50173.77
1017.96 50179.66
1018.08 50185.55
1018.2 50191.43
1018.32 50197.32
1018.44 50203.21
1018.56 50209.09
1018.68 50214.98
1018.8 50220.87
1018.92 50226.75
1019.04 50232.64
1019.16 50238.53
1019.28 50244.42
1019.4 50250.3
1019.52 50256.19
1019.64 50262.08
1019.76 50267.96
1019.88 50273.85
1020.0 50279.74
1020.12 50285.62
1020.24 50291.51
1020.36 50297.4
1020.48 50303.28
1020.6 50309.17
1020.72 50315.06
1020.84 50320.94
1020.96 50326.83
1021.08 50332.72
1021.2 50338.61
1021.32 50344.49
1021.44 50350.38
1021.56 50356.27
1021.68 50362.15
1021.8 50368.04
1021.92 50373.93
1022.04 50379.81
1022.16 50385.7
1022.28 50391.59
1022.4 50397.47
1022.52 50403.36
1022.64 50409.25
1022.76 50415.14
1022.88 50421.02
1023.0 50426.91
1023.12 50432.8
1023.24 50438.68
1023.36 50444.57
1023.48 50450.46
1023.6 50456.34
1023.72 50462.23
1023.84 50468.12
1023.96 50474.0
1024.08 50479.89
1024.2 50485.78
1024.32 50491.67
1024.44 50497.55
1024.56 50503.44
1024.68 50509.33
1024.8 50515.21
1024.92 50521.1
1025.04 50526.99
1025.16 50532.87
1025.28 50538.76
1025.4 50544.65
1025.52 50550.53
1025.64 50556.42
1025.76 50562.31
1025.88 50568.19
1026.0 50574.08
1026.12 50579.97
1026.24 50585.86
1026.36 50591.74
1026.48 50597.63
1026.6 50603.52
1026.72 50609.4
1026.84 50615.29
1026.96 50621.18
1027.08 50627.06
1027.2 50632.95
1027.32 50638.84
1027.44 50644.72
1027.56 50650.61
1027.68 50656.5
1027.8 50662.39
1027.92 50668.27
1028.04 50674.16
1028.16 50680.05
1028.28 50685.93
1028.4 50691.82
1028.52 50697.71
1028.64 50703.59
1028.76 50709.48
1028.88 50715.37
1029.0 50721.25
1029.12 50727.14
1029.24 50733.03
1029.36 50738.92
1029.48 50744.8
1029.6 50750.69
1029.72 50756.58
1029.84 50762.46
1029.96 50768.35
1030.08 50774.24
1030.2 50780.12
1030.32 50786.01
1030.44 50791.9
1030.56 50797.78
1030.68 50803.67
1030.8 50809.56
1030.92 50815.45
1031.04 50821.33
1031.16 50827.22
1031.28 50833.11
1031.4 50838.99
1031.52 50844.88
1031.64 50850.77
1031.76 50856.65
1031.88 50862.54
1032.0 50868.43
1032.12 50874.31
1032.24 50880.2
1032.36 50886.09
1032.48 50891.97
1032.6 50897.86
1032.72 50903.75
1032.84 50909.64
1032.96 50915.52
1033.08 50921.41
1033.2 50927.3
1033.32 50933.18
1033.44 50939.07
1033.56 50944.96
1033.68 50950.84
1033.8 50956.73
1033.92 50962.62
1034.04 50968.5
1034.16 50974.39
1034.28 50980.28
1034.4 50986.17
1034.52 50992.05
1034.64 50997.94
1034.76 51003.83
1034.88 51009.71
1035.0 51015.6
1035.12 51021.49
1035.24 51027.37
1035.36 51033.26
1035.48 51039.15
1035.6 51045.03
1035.72 51050.92
1035.84 51056.81
1035.96 51062.7
1036.08 51068.58
1036.2 51074.47
1036.32 51080.36
1036.44 51086.24
1036.56 51092.13
1036.68 51098.02
1036.8 51103.9
1036.92 51109.79
1037.04 51115.68
1037.16 51121.56
1037.28 51127.45
1037.4 51133.34
1037.52 51139.23
1037.64 51145.11
1037.76 51151.0
1037.88 51156.89
1038.0 51162.77
1038.12 51168.66
1038.24 51174.55
1038.36 51180.43
1038.48 51186.32
1038.6 51192.21
1038.72 51198.1
1038.84 51203.98
1038.96 51209.87
1039.08 51215.76
1039.2 51221.64
1039.32 51227.53
1039.44 51233.42
1039.56 51239.3
1039.68 51245.19
1039.8 51251.08
1039.92 51256.96
1040.04 51262.85
1040.16 51268.74
1040.28 51274.63
1040.4 51280.51
1040.52 51286.4
1040.64 51292.29
1040.76 51298.17
1040.88 51304.06
1041.0 51309.95
1041.12 51315.83
1041.24 51321.72
1041.36 51327.61
1041.48 51333.49
1041.6 51339.38
1041.72 51345.27
1041.84 51351.16
1041.96 51357.04
1042.08 51362.93
1042.2 51368.82
1042.32 51374.7
1042.44 51380.59
1042.56 51386.48
1042.68 51392.36
1042.8 51398.25
1042.92 51404.14
1043.04 51410.02
1043.16 51415.91
1043.28 51421.8
1043.4 51427.69
1043.52 51433.57
1043.64 51439.46
1043.76 51445.35
1043.88 51451.23
1044.0 51457.12
1044.12 51463.01
1044.24 51468.89
1044.36 51474.78
1044.48 51480.67
1044.6 51486.55
1044.72 51492.44
1044.84 51498.33
1044.96 51504.22
1045.08 51510.1
1045.2 51515.99
1045.32 51521.88
1045.44 51527.76
1045.56 51533.65
1045.68 51539.54
1045.8 51545.42
1045.92 51551.31
1046.04 51557.2
1046.16 51563.09
1046.28 51568.97
1046.4 51574.86
1046.52 51580.75
1046.64 51586.63
1046.76 51592.52
1046.88 51598.41
1047.0 51604.29
1047.12 51610.18
1047.24 51616.07
1047.36 51621.95
1047.48 51627.84
1047.6 51633.73
1047.72 51639.62
1047.84 51645.5
1047.96 51651.39
1048.08 51657.28
1048.2 51663.16
1048.32 51669.05
1048.44 51674.94
1048.56 51680.82
1048.68 51686.71
1048.8 51692.6
1048.92 51698.48
1049.04 51704.37
1049.16 51710.26
1049.28 51716.15
1049.4 51722.03
1049.52 51727.92
1049.64 51733.81
1049.76 51739.69
1049.88 51745.58
1050.0 51751.47
