1700.04 -128.86
1700.16 -122.97
1700.28 -117.08
1700.4 -111.2
1700.52 -105.31
1700.64 -99.42
1700.76 -93.54
1700.88 -87.65
1701.0 -181.84
1701.12 -175.96
1701.24 -170.07
1701.36 -164.18
1701.48 -158.3
1701.6 -152.41
1701.72 -146.52
1701.84 -140.63
1701.96 -134.75
1702.08 -128.86
1702.2 -122.97
1702.32 -117.09
1702.44 -111.2
1702.56 -105.31
1702.68 -99.43
1702.8 -93.54
1702.92 -87.65
1703.04 -81.77
1703.16 -75.88
1703.28 -69.99
1703.4 -64.11
1703.52 -58.22
1703.64 -52.33
1703.76 -46.45
1703.88 -40.56
1704.0 -34.67
1704.12 -28.79
1704.24 -22.9
1704.36 -17.01
1704.48 -11.13
1704.6 -5.24
1704.72 0.65
1704.84 6.49
1704.96 12.29
1705.08 18.05
1705.2 23.76
1705.32 29.43
1705.44 35.06
1705.56 40.64
1705.68 46.18
1705.8 51.67
1705.92 57.12
1706.04 62.53
1706.16 67.89
1706.28 73.68
1706.4 79.55
1706.52 85.42
1706.64 91.28
1706.76 97.15
1706.88 103.01
1707.0 108.87
1707.12 114.73
1707.24 120.58
1707.36 126.43
1707.48 132.27
1707.6 138.12
1707.72 143.96
1707.84 149.79
1707.96 155.62
1708.08 161.45
1708.2 167.27
1708.32 173.09
1708.44 178.9
1708.56 184.71
1708.68 190.52
1708.8 196.32
1708.92 202.11
1709.04 -192.4
1709.16 -186.62
1709.28 -180.84
1709.4 -175.07
1709.52 -169.3
1709.64 -163.53
1709.76 -157.78
1709.88 -152.02
1710.0 -146.28
