x lower_bound
0.000000 6000.000000
1.200000 5999.990000
2.400000 5999.883684
3.600000 5999.656162
4.800000 5999.266190
6.000000 5998.713179
7.200000 5997.965885
8.400000 5997.024231
9.600000 5995.885940
10.800000 5994.529906
12.000000 5992.953228
13.200000 5991.131387
14.400000 5989.044260
15.600000 5986.646570
16.800000 5983.923961
18.000000 5980.848750
19.200000 5977.394433
20.400000 5973.550610
21.600000 5969.315207
22.800000 5964.688118
24.000000 5959.646402
25.200000 5954.190419
26.400000 5948.304844
27.600000 5941.984327
28.800000 5935.214547
30.000000 5927.976099
31.200000 5920.266380
32.400000 5912.050171
33.600000 5903.325477
34.800000 5894.065033
36.000000 5884.237528
37.200000 5873.827090
38.400000 5862.830906
39.600000 5851.211561
40.800000 5838.953848
42.000000 5826.042173
43.200000 5812.469978
44.400000 5798.224498
45.600000 5783.299886
46.800000 5767.700421
48.000000 5751.407856
49.200000 5734.449847
50.400000 5716.804077
51.600000 5698.491882
52.800000 5679.507031
54.000000 5659.871745
55.200000 5639.569775
56.400000 5618.620816
57.600000 5597.036382
58.800000 5574.826277
60.000000 5551.990116
61.200000 5528.539222
62.400000 5504.494394
63.600000 5479.857800
64.800000 5454.636001
66.000000 5428.849181
67.200000 5402.501522
68.400000 5375.606642
69.600000 5348.175889
70.800000 5320.217715
72.000000 5291.746922
73.200000 5262.777808
74.400000 5233.323249
75.600000 5203.391943
76.800000 5172.999785
78.000000 5142.149922
79.200000 5110.866862
80.400000 5079.155064
81.600000 5047.035917
82.800000 5014.510097
84.000000 4981.598812
85.200000 4948.319122
86.400000 4914.671097
87.600000 4880.677287
88.800000 4846.351810
90.000000 4811.703191
91.200000 4776.745342
92.400000 4741.487335
93.600000 4705.950845
94.800000 4670.133974
96.000000 4634.072342
97.200000 4597.755289
98.400000 4561.203068
99.600000 4524.437975
100.800000 4487.460673
102.000000 4450.286632
103.200000 4412.931273
104.400000 4375.408777
105.600000 4337.724785
106.800000 4299.891390
108.000000 4261.917756
109.200000 4223.825864
110.400000 4185.623857
111.600000 4147.317802
112.800000 4108.917819
114.000000 4070.446113
115.200000 4031.905633
116.400000 3993.303797
117.600000 3954.657590
118.800000 3915.979841
120.000000 3877.295177
121.200000 3838.600723
122.400000 3799.931441
123.600000 3761.335024
124.800000 3722.831073
126.000000 3684.460213
127.200000 3646.264561
128.400000 3608.293614
129.600000 3570.578251
130.800000 3533.179190
132.000000 3496.128204
133.200000 3459.494293
134.400000 3423.320581
135.600000 3387.664672
136.800000 3352.575311
138.000000 3318.124283
139.200000 3284.350832
140.400000 3251.314192
141.600000 3219.059233
142.800000 3187.643596
144.000000 3157.110401
145.200000 3127.513198
146.400000 3098.884486
147.600000 3071.289598
148.800000 3044.749761
150.000000 3019.277152
151.200000 2994.868904
152.400000 2971.513206
153.600000 2949.178830
154.800000 2927.822572
156.000000 2907.416744
157.200000 2887.917497
158.400000 2869.288248
159.600000 2851.491746
160.800000 2834.469493
162.000000 2818.172737
163.200000 2802.526451
164.400000 2787.475770
165.600000 2772.972031
166.800000 2758.922933
168.000000 2745.288223
169.200000 2731.984784
170.400000 2718.927562
171.600000 2706.067556
172.800000 2693.327049
174.000000 2680.667512
175.200000 2668.039877
176.400000 2655.431028
177.600000 2642.828658
178.800000 2630.206205
180.000000 2617.564037
181.200000 2604.875846
182.400000 2592.130147
183.600000 2579.326526
184.800000 2566.434706
186.000000 2553.449080
187.200000 2540.351803
188.400000 2527.138216
189.600000 2513.792235
190.800000 2500.323573
192.000000 2486.719941
193.200000 2472.992372
194.400000 2459.131176
195.600000 2445.164437
196.800000 2431.074274
198.000000 2416.889597
199.200000 2402.603134
200.400000 2388.232212
201.600000 2373.773402
202.800000 2359.242157
204.000000 2344.636644
205.200000 2329.954888
206.400000 2315.229016
207.600000 2300.440823
208.800000 2285.609237
210.000000 2270.727013
211.200000 2255.808640
212.400000 2240.857446
213.600000 2225.879096
214.800000 2210.879138
216.000000 2195.866154
217.200000 2180.852856
218.400000 2165.841107
219.600000 2150.837367
220.800000 2135.856468
222.000000 2120.889720
223.200000 2105.947716
224.400000 2091.052613
225.600000 2076.193934
226.800000 2061.395089
228.000000 2046.667142
229.200000 2032.065926
230.400000 2017.637385
231.600000 2003.441517
232.800000 1989.555984
234.000000 1976.052722
235.200000 1962.974019
236.400000 1950.370213
237.600000 1938.262544
238.800000 1926.660557
240.000000 1915.574806
241.200000 1904.986569
242.400000 1894.892567
243.600000 1885.275984
244.800000 1876.122472
246.000000 1867.398516
247.200000 1859.069474
248.400000 1851.100636
249.600000 1843.463082
250.800000 1836.107624
252.000000 1828.960167
253.200000 1822.001056
254.400000 1815.167347
255.600000 1808.423632
256.800000 1801.726849
258.000000 1795.037953
259.200000 1788.342724
260.400000 1781.612857
261.600000 1774.865837
262.800000 1768.088391
264.000000 1761.295666
265.200000 1754.469772
266.400000 1747.640771
267.600000 1740.789120
268.800000 1733.934584
270.000000 1727.054876
271.200000 1720.181166
272.400000 1713.288891
273.600000 1706.403628
274.800000 1699.507210
276.000000 1692.616138
277.200000 1685.726673
278.400000 1678.832541
279.600000 1671.959575
280.800000 1665.079735
282.000000 1658.214422
283.200000 1651.366250
284.400000 1644.525826
285.600000 1637.706936
286.800000 1630.907156
288.000000 1624.122148
289.200000 1617.360161
290.400000 1610.623545
291.600000 1603.905921
292.800000 1597.229195
294.000000 1590.578520
295.200000 1583.951701
296.400000 1577.368602
297.600000 1570.839626
298.800000 1564.386489
300.000000 1558.002449
301.200000 1551.710655
302.400000 1545.497592
303.600000 1539.371585
304.800000 1533.319039
306.000000 1527.384366
307.200000 1521.606921
308.400000 1516.040099
309.600000 1510.691992
310.800000 1505.578505
312.000000 1500.694500
313.200000 1496.010828
314.400000 1491.550248
315.600000 1487.283321
316.800000 1483.182662
318.000000 1479.262067
319.200000 1475.507957
320.400000 1471.903689
321.600000 1468.440452
322.800000 1465.098953
324.000000 1461.863678
325.200000 1458.709979
326.400000 1455.619476
327.600000 1452.557010
328.800000 1449.501090
330.000000 1446.447722
331.200000 1443.387923
332.400000 1440.316804
333.600000 1437.229837
334.800000 1434.134697
336.000000 1431.033695
337.200000 1427.928498
338.400000 1424.818437
339.600000 1421.707739
340.800000 1418.603786
342.000000 1415.485661
343.200000 1412.381637
344.400000 1409.283122
345.600000 1406.182297
346.800000 1403.093568
348.000000 1400.009521
349.200000 1396.933767
350.400000 1393.862833
351.600000 1390.813660
352.800000 1387.763689
354.000000 1384.737679
355.200000 1381.720908
356.400000 1378.723431
357.600000 1375.739762
358.800000 1372.764700
360.000000 1369.805346
361.200000 1366.878920
362.400000 1363.965836
363.600000 1361.071872
364.800000 1358.197918
366.000000 1355.344146
367.200000 1352.515771
368.400000 1349.710703
369.600000 1346.924991
370.800000 1344.170761
372.000000 1341.449219
373.200000 1338.768859
374.400000 1336.118363
375.600000 1333.519345
376.800000 1330.959628
378.000000 1328.444145
379.200000 1325.955162
380.400000 1323.511319
381.600000 1321.101114
382.800000 1318.732652
384.000000 1316.399091
385.200000 1314.098332
386.400000 1311.845065
387.600000 1309.616935
388.800000 1307.430115
390.000000 1305.297778
391.200000 1303.198966
392.400000 1301.157081
393.600000 1299.149601
394.800000 1297.193030
396.000000 1295.282240
397.200000 1293.402508
398.400000 1291.565830
399.600000 1289.787467
400.800000 1288.040701
402.000000 1286.345190
403.200000 1284.698338
404.400000 1283.097618
405.600000 1281.532012
406.800000 1280.020346
408.000000 1278.551053
409.200000 1277.124083
410.400000 1275.748091
411.600000 1274.404200
412.800000 1273.103479
414.000000 1271.834459
415.200000 1270.605380
416.400000 1269.401109
417.600000 1268.231112
418.800000 1267.099864
420.000000 1265.990889
421.200000 1264.916726
422.400000 1263.871566
423.600000 1262.852510
424.800000 1261.862384
426.000000 1260.898120
427.200000 1259.960061
428.400000 1259.044687
429.600000 1258.155125
430.800000 1257.285834
432.000000 1256.443649
433.200000 1255.611475
434.400000 1254.798527
435.600000 1254.011329
436.800000 1253.234733
438.000000 1252.474236
439.200000 1251.712847
440.400000 1250.952127
441.600000 1250.189930
442.800000 1249.430439
444.000000 1248.666547
445.200000 1247.906780
446.400000 1247.145753
447.600000 1246.385032
448.800000 1245.621487
450.000000 1244.850566
451.200000 1244.090744
452.400000 1243.342517
453.600000 1242.593451
454.800000 1241.837156
456.000000 1241.100953
457.200000 1240.370408
458.400000 1239.653135
459.600000 1238.948900
460.800000 1238.249971
462.000000 1237.569562
463.200000 1236.900533
464.400000 1236.253048
465.600000 1235.611143
466.800000 1234.980754
468.000000 1234.372788
469.200000 1233.772405
470.400000 1233.199749
471.600000 1232.635259
472.800000 1232.081034
474.000000 1231.553820
475.200000 1231.029076
476.400000 1230.524634
477.600000 1230.041650
478.800000 1229.569206
480.000000 1229.105759
481.200000 1228.657444
482.400000 1228.220673
483.600000 1227.802595
484.800000 1227.395887
486.000000 1227.002981
487.200000 1226.621896
488.400000 1226.251948
489.600000 1225.899684
490.800000 1225.553403
492.000000 1225.222397
493.200000 1224.911103
494.400000 1224.594959
495.600000 1224.300593
496.800000 1224.019424
498.000000 1223.748658
499.200000 1223.485128
500.400000 1223.230645
501.600000 1222.994290
502.800000 1222.765449
504.000000 1222.542031
505.200000 1222.337029
506.400000 1222.138424
507.600000 1221.955891
508.800000 1221.770617
510.000000 1221.609776
511.200000 1221.449497
512.400000 1221.303647
513.600000 1221.164153
514.800000 1221.035202
516.000000 1220.921413
517.200000 1220.817677
518.400000 1220.711525
519.600000 1220.628890
520.800000 1220.543920
522.000000 1220.476002
523.200000 1220.412093
524.400000 1220.368304
525.600000 1220.320552
526.800000 1220.285909
528.000000 1220.263017
529.200000 1220.245462
530.400000 1220.240299
531.600000 1220.242661
532.800000 1220.251984
534.000000 1220.273052
535.200000 1220.301084
536.400000 1220.337133
537.600000 1220.381487
538.800000 1220.422918
540.000000 1220.483570
541.200000 1220.554757
542.400000 1220.625829
543.600000 1220.708785
544.800000 1220.789388
546.000000 1220.896492
547.200000 1220.990320
548.400000 1221.101782
549.600000 1221.216307
550.800000 1221.334559
552.000000 1221.459866
553.200000 1221.590237
554.400000 1221.730224
555.600000 1221.870311
556.800000 1222.012611
558.000000 1222.176516
559.200000 1222.336748
560.400000 1222.502495
561.600000 1222.668643
562.800000 1222.839637
564.000000 1223.015710
565.200000 1223.198969
566.400000 1223.388193
567.600000 1223.568259
568.800000 1223.765389
570.000000 1223.963551
571.200000 1224.168581
572.400000 1224.367767
573.600000 1224.576589
574.800000 1224.789629
576.000000 1225.003493
577.200000 1225.222698
578.400000 1225.444929
579.600000 1225.670386
580.800000 1225.889754
582.000000 1226.116409
583.200000 1226.351137
584.400000 1226.585780
585.600000 1226.820096
586.800000 1227.062638
588.000000 1227.296358
589.200000 1227.534446
590.400000 1227.777296
591.600000 1228.019754
592.800000 1228.264710
594.000000 1228.507132
595.200000 1228.752376
596.400000 1229.002781
597.600000 1229.247097
598.800000 1229.492052
600.000000 1229.739948
601.200000 1229.983193
602.400000 1230.238300
603.600000 1230.480455
604.800000 1230.725749
606.000000 1230.977665
607.200000 1231.224935
608.400000 1231.456096
609.600000 1231.709769
610.800000 1231.948406
612.000000 1232.190986
613.200000 1232.428439
614.400000 1232.675644
615.600000 1232.903372
616.800000 1233.146150
618.000000 1233.383421
619.200000 1233.616685
620.400000 1233.855149
621.600000 1234.080254
622.800000 1234.310348
624.000000 1234.541048
625.200000 1234.769328
626.400000 1234.996609
627.600000 1235.223587
628.800000 1235.444921
630.000000 1235.667714
631.200000 1235.887418
632.400000 1236.104806
633.600000 1236.318164
634.800000 1236.527732
636.000000 1236.743362
637.200000 1236.948519
638.400000 1237.160250
639.600000 1237.365525
640.800000 1237.562757
642.000000 1237.759238
643.200000 1237.953693
644.400000 1238.150518
645.600000 1238.338865
646.800000 1238.523544
648.000000 1238.706170
649.200000 1238.884094
650.400000 1239.060969
651.600000 1239.232341
652.800000 1239.392257
654.000000 1239.552859
655.200000 1239.712621
656.400000 1239.868771
657.600000 1240.019415
658.800000 1240.165934
660.000000 1240.299224
661.200000 1240.429512
662.400000 1240.566633
663.600000 1240.687743
664.800000 1240.813972
666.000000 1240.927345
667.200000 1241.032218
668.400000 1241.146407
669.600000 1241.250066
670.800000 1241.336593
672.000000 1241.437956
673.200000 1241.524183
674.400000 1241.607835
675.600000 1241.683298
676.800000 1241.756751
678.000000 1241.829328
679.200000 1241.897113
680.400000 1241.952596
681.600000 1242.015312
682.800000 1242.068402
684.000000 1242.124253
685.200000 1242.169265
686.400000 1242.215405
687.600000 1242.257903
688.800000 1242.292905
690.000000 1242.330500
691.200000 1242.367730
692.400000 1242.400068
693.600000 1242.431360
694.800000 1242.458143
696.000000 1242.478981
697.200000 1242.506557
698.400000 1242.525472
699.600000 1242.547947
700.800000 1242.568217
702.000000 1242.578563
703.200000 1242.594311
704.400000 1242.609385
705.600000 1242.627905
706.800000 1242.638695
708.000000 1242.648624
709.200000 1242.661816
710.400000 1242.668954
711.600000 1242.681685
712.800000 1242.678944
714.000000 1242.696183
715.200000 1242.697714
716.400000 1242.704015
717.600000 1242.700830
718.800000 1242.707503
720.000000 1242.707759
721.200000 1242.714308
722.400000 1242.710535
723.600000 1242.713762
724.800000 1242.711170
726.000000 1242.712008
727.200000 1242.705593
728.400000 1242.704575
729.600000 1242.698191
730.800000 1242.695807
732.000000 1242.692858
733.200000 1242.680383
734.400000 1242.675744
735.600000 1242.667962
736.800000 1242.649972
738.000000 1242.647585
739.200000 1242.638172
740.400000 1242.631337
741.600000 1242.614596
742.800000 1242.605161
744.000000 1242.594647
745.200000 1242.577709
746.400000 1242.566411
747.600000 1242.549109
748.800000 1242.534258
750.000000 1242.523052
751.200000 1242.512349
752.400000 1242.491648
753.600000 1242.477771
754.800000 1242.460887
756.000000 1242.441581
757.200000 1242.427553
758.400000 1242.405292
759.600000 1242.389129
760.800000 1242.372188
762.000000 1242.358781
763.200000 1242.342165
764.400000 1242.321980
765.600000 1242.304332
766.800000 1242.288713
768.000000 1242.265070
769.200000 1242.243987
770.400000 1242.226393
771.600000 1242.208777
772.800000 1242.184279
774.000000 1242.168345
775.200000 1242.156057
776.400000 1242.130808
777.600000 1242.111271
778.800000 1242.097401
780.000000 1242.073738
781.200000 1242.062464
782.400000 1242.037321
783.600000 1242.023033
784.800000 1242.002498
786.000000 1241.987493
787.200000 1241.960768
788.400000 1241.948494
789.600000 1241.937482
790.800000 1241.918355
792.000000 1241.899746
793.200000 1241.878979
794.400000 1241.864414
795.600000 1241.856527
796.800000 1241.838066
798.000000 1241.816539
799.200000 1241.799251
800.400000 1241.791727
801.600000 1241.787073
802.800000 1241.823086
804.000000 1241.923461
805.200000 1242.113844
806.400000 1242.416299
807.600000 1242.859137
808.800000 1243.455017
810.000000 1244.228918
811.200000 1245.192106
812.400000 1246.374032
813.600000 1247.780938
814.800000 1249.425142
816.000000 1251.328803
817.200000 1253.496548
818.400000 1255.955536
819.600000 1258.700002
820.800000 1261.757056
822.000000 1265.127754
823.200000 1268.823859
824.400000 1272.846613
825.600000 1277.203312
826.800000 1281.893885
828.000000 1286.931223
829.200000 1292.307739
830.400000 1298.026487
831.600000 1304.084742
832.800000 1310.488023
834.000000 1317.229116
835.200000 1324.310436
836.400000 1331.718736
837.600000 1339.451794
838.800000 1347.519941
840.000000 1355.901308
841.200000 1364.596575
842.400000 1373.586190
843.600000 1382.887892
844.800000 1392.468051
846.000000 1402.326829
847.200000 1412.462352
848.400000 1422.842216
849.600000 1433.488945
850.800000 1444.369794
852.000000 1455.478349
853.200000 1466.802131
854.400000 1478.329449
855.600000 1490.047001
856.800000 1501.947255
858.000000 1514.012667
859.200000 1526.232185
860.400000 1538.597010
861.600000 1551.078796
862.800000 1563.682419
864.000000 1576.385932
865.200000 1589.183242
866.400000 1602.052548
867.600000 1614.982682
868.800000 1627.960018
870.000000 1640.961420
871.200000 1654.004482
872.400000 1667.047681
873.600000 1680.078024
874.800000 1693.099459
876.000000 1706.084560
877.200000 1719.028822
878.400000 1731.919584
879.600000 1744.748699
880.800000 1757.493538
882.000000 1770.149304
883.200000 1782.702544
884.400000 1795.156427
885.600000 1807.466527
886.800000 1819.647209
888.000000 1831.692994
889.200000 1843.580837
890.400000 1855.310625
891.600000 1866.863081
892.800000 1878.235918
894.000000 1889.421554
895.200000 1900.404531
896.400000 1911.190614
897.600000 1921.768148
898.800000 1932.121563
900.000000 1942.250671
901.200000 1952.146975
902.400000 1961.811038
903.600000 1971.226963
904.800000 1980.395389
906.000000 1989.315150
907.200000 1997.980205
908.400000 2006.379661
909.600000 2014.512969
910.800000 2022.380062
912.000000 2029.982512
913.200000 2037.308380
914.400000 2044.352345
915.600000 2051.120173
916.800000 2057.611386
918.000000 2063.823260
919.200000 2069.748331
920.400000 2075.397559
921.600000 2080.751647
922.800000 2085.828103
924.000000 2090.620927
925.200000 2095.123126
926.400000 2099.350448
927.600000 2103.291522
928.800000 2106.948735
930.000000 2110.331060
931.200000 2113.427840
932.400000 2116.249468
933.600000 2118.796740
934.800000 2121.070759
936.000000 2123.087119
937.200000 2124.843848
938.400000 2126.338107
939.600000 2127.578713
940.800000 2128.568439
942.000000 2129.319736
943.200000 2129.829463
944.400000 2130.113782
945.600000 2130.171155
946.800000 2130.011126
948.000000 2129.625554
949.200000 2129.032635
950.400000 2128.241635
951.600000 2127.241304
952.800000 2126.047267
954.000000 2124.667413
955.200000 2123.108450
956.400000 2121.371903
957.600000 2119.463638
958.800000 2117.386605
960.000000 2115.144002
961.200000 2112.758198
962.400000 2110.213189
963.600000 2107.517926
964.800000 2104.681958
966.000000 2101.717134
967.200000 2098.627554
968.400000 2095.392049
969.600000 2092.058068
970.800000 2088.587714
972.000000 2085.013096
973.200000 2081.327486
974.400000 2077.539413
975.600000 2073.656604
976.800000 2069.675986
978.000000 2065.607743
979.200000 2061.446337
980.400000 2057.205020
981.600000 2052.878367
982.800000 2048.479157
984.000000 2044.017304
985.200000 2039.474777
986.400000 2034.869300
987.600000 2030.204712
988.800000 2025.478634
990.000000 2020.694254
991.200000 2015.859235
992.400000 2010.970704
993.600000 2006.037245
994.800000 2001.055157
996.000000 1996.026422
997.200000 1990.963938
998.400000 1985.850050
999.600000 1980.703283
1000.800000 1975.530002
1002.000000 1970.318740
1003.200000 1965.074627
1004.400000 1959.797734
1005.600000 1954.493725
1006.800000 1949.157521
1008.000000 1943.805981
1009.200000 1938.420734
1010.400000 1933.012684
1011.600000 1927.582637
1012.800000 1922.131860
1014.000000 1916.667171
1015.200000 1911.172363
1016.400000 1905.663725
1017.600000 1900.135047
1018.800000 1894.588126
1020.000000 1889.025516
1021.200000 1883.451951
1022.400000 1877.849201
1023.600000 1872.248722
1024.800000 1866.629059
1026.000000 1860.986691
1027.200000 1855.345634
1028.400000 1849.682581
1029.600000 1844.011394
1030.800000 1838.327807
1032.000000 1832.631424
1033.200000 1826.922173
1034.400000 1821.210593
1035.600000 1815.488883
1036.800000 1809.748577
1038.000000 1804.009850
1039.200000 1798.260899
1040.400000 1792.499934
1041.600000 1786.732832
1042.800000 1780.960260
1044.000000 1775.185337
1045.200000 1769.401102
1046.400000 1763.610966
1047.600000 1757.814251
1048.800000 1752.020639
1050.000000 1746.220413
1051.200000 1740.418894
1052.400000 1734.612404
1053.600000 1728.807333
1054.800000 1723.004617
1056.000000 1717.199636
1057.200000 1711.396054
1058.400000 1705.591137
1059.600000 1699.790314
1060.800000 1693.999034
1062.000000 1688.211005
1063.200000 1682.422475
1064.400000 1676.646228
1065.600000 1670.879531
1066.800000 1665.115937
1068.000000 1659.361917
1069.200000 1653.619222
1070.400000 1647.895964
1071.600000 1642.174122
1072.800000 1636.468053
1074.000000 1630.776974
1075.200000 1625.097229
1076.400000 1619.440543
1077.600000 1613.803436
1078.800000 1608.173010
1080.000000 1602.559650
1081.200000 1596.963820
1082.400000 1591.382089
1083.600000 1585.828127
1084.800000 1580.281169
1086.000000 1574.758278
1087.200000 1569.242537
1088.400000 1563.756194
1089.600000 1558.274321
1090.800000 1552.815666
1092.000000 1547.377704
1093.200000 1541.951070
1094.400000 1536.548963
1095.600000 1531.170076
1096.800000 1525.809325
1098.000000 1520.464482
1099.200000 1515.153159
1100.400000 1509.856032
1101.600000 1504.580427
1102.800000 1499.340869
1104.000000 1494.121938
1105.200000 1488.929025
1106.400000 1483.763782
1107.600000 1478.632844
1108.800000 1473.531507
1110.000000 1468.468683
1111.200000 1463.424624
1112.400000 1458.430111
1113.600000 1453.472280
1114.800000 1448.543821
1116.000000 1443.654329
1117.200000 1438.813817
1118.400000 1434.006381
1119.600000 1429.246522
1120.800000 1424.537953
1122.000000 1419.876491
1123.200000 1415.289349
1124.400000 1410.801263
1125.600000 1406.392455
1126.800000 1402.065953
1128.000000 1397.835515
1129.200000 1393.682553
1130.400000 1389.629045
1131.600000 1385.684653
1132.800000 1381.862931
1134.000000 1378.162985
1135.200000 1374.612116
1136.400000 1371.192760
1137.600000 1367.909661
1138.800000 1364.765868
1140.000000 1361.744348
1141.200000 1358.849010
1142.400000 1356.066790
1143.600000 1353.408483
1144.800000 1350.892726
1146.000000 1348.501897
1147.200000 1346.239035
1148.400000 1344.100135
1149.600000 1342.088966
1150.800000 1340.211107
1152.000000 1338.444447
1153.200000 1336.796211
1154.400000 1335.260706
1155.600000 1333.830749
1156.800000 1332.512223
1158.000000 1331.291034
1159.200000 1330.168649
1160.400000 1329.152844
1161.600000 1328.229883
1162.800000 1327.392715
1164.000000 1326.638984
1165.200000 1325.968274
1166.400000 1325.382255
1167.600000 1324.866251
1168.800000 1324.426250
1170.000000 1324.043447
1171.200000 1323.721162
1172.400000 1323.457497
1173.600000 1323.244639
1174.800000 1323.086265
1176.000000 1322.954672
1177.200000 1322.862154
1178.400000 1322.804647
1179.600000 1322.762809
1180.800000 1322.755817
1182.000000 1322.769469
1183.200000 1322.786631
1184.400000 1322.809898
1185.600000 1322.823297
1186.800000 1322.827466
1188.000000 1322.836528
1189.200000 1322.823899
1190.400000 1322.787281
1191.600000 1322.709219
1192.800000 1322.594748
1194.000000 1322.440041
1195.200000 1322.246834
1196.400000 1322.026391
1197.600000 1321.776261
1198.800000 1321.495687
1200.000000 1321.187314
1201.200000 1320.864780
1202.400000 1320.516864
1203.600000 1320.144031
1204.800000 1319.762601
1206.000000 1319.359181
1207.200000 1318.947302
1208.400000 1318.516647
1209.600000 1318.079509
1210.800000 1317.626150
1212.000000 1317.173306
1213.200000 1316.707012
1214.400000 1316.247312
1215.600000 1315.770627
1216.800000 1315.294578
1218.000000 1314.822126
1219.200000 1314.341466
1220.400000 1313.861748
1221.600000 1313.385982
1222.800000 1312.911232
1224.000000 1312.437845
1225.200000 1311.966623
1226.400000 1311.490722
1227.600000 1311.035793
1228.800000 1310.582751
1230.000000 1310.126827
1231.200000 1309.686905
1232.400000 1309.243619
1233.600000 1308.812024
1234.800000 1308.390647
1236.000000 1307.968463
1237.200000 1307.559054
1238.400000 1307.165528
1239.600000 1306.766599
1240.800000 1306.383107
1242.000000 1306.014746
1243.200000 1305.645078
1244.400000 1305.294201
1245.600000 1304.947997
1246.800000 1304.613282
1248.000000 1304.286422
1249.200000 1303.977649
1250.400000 1303.676572
1251.600000 1303.381640
1252.800000 1303.097781
1254.000000 1302.831465
1255.200000 1302.575578
1256.400000 1302.341445
1257.600000 1302.116610
1258.800000 1301.887075
1260.000000 1301.642259
1261.200000 1301.359347
1262.400000 1301.037361
1263.600000 1300.682824
1264.800000 1300.288124
1266.000000 1299.844010
1267.200000 1299.359385
1268.400000 1298.834676
1269.600000 1298.267367
1270.800000 1297.651881
1272.000000 1297.015603
1273.200000 1296.334271
1274.400000 1295.628048
1275.600000 1294.894461
1276.800000 1294.129446
1278.000000 1293.344676
1279.200000 1292.548308
1280.400000 1291.736388
1281.600000 1290.912765
1282.800000 1290.073492
1284.000000 1289.234252
1285.200000 1288.381141
1286.400000 1287.525557
1287.600000 1286.669435
1288.800000 1285.825977
1290.000000 1284.983320
1291.200000 1284.150814
1292.400000 1283.333143
1293.600000 1282.515344
1294.800000 1281.714208
1296.000000 1280.923552
1297.200000 1280.143194
1298.400000 1279.382955
1299.600000 1278.620963
1300.800000 1277.879742
1302.000000 1277.149092
1303.200000 1276.446928
1304.400000 1275.749592
1305.600000 1275.063223
1306.800000 1274.389744
1308.000000 1273.739780
1309.200000 1273.099683
1310.400000 1272.477015
1311.600000 1271.871298
1312.800000 1271.284191
1314.000000 1270.713731
1315.200000 1270.153193
1316.400000 1269.623201
1317.600000 1269.110041
1318.800000 1268.610681
1320.000000 1268.133427
1321.200000 1267.665420
1322.400000 1267.227837
1323.600000 1266.801107
1324.800000 1266.390893
1326.000000 1266.000467
1327.200000 1265.628193
1328.400000 1265.288395
1329.600000 1264.964745
1330.800000 1264.669197
1332.000000 1264.401034
1333.200000 1264.154084
1334.400000 1263.927803
1335.600000 1263.727606
1336.800000 1263.547174
1338.000000 1263.389367
1339.200000 1263.254141
1340.400000 1263.136660
1341.600000 1263.035728
1342.800000 1262.959949
1344.000000 1262.900495
1345.200000 1262.849696
1346.400000 1262.821417
1347.600000 1262.804711
1348.800000 1262.810722
1350.000000 1262.829168
1351.200000 1262.857851
1352.400000 1262.903799
1353.600000 1262.959458
1354.800000 1263.023655
1356.000000 1263.104547
1357.200000 1263.189498
1358.400000 1263.287628
1359.600000 1263.395125
1360.800000 1263.519757
1362.000000 1263.640949
1363.200000 1263.783294
1364.400000 1263.923895
1365.600000 1264.078767
1366.800000 1264.243799
1368.000000 1264.428663
1369.200000 1264.619571
1370.400000 1264.836075
1371.600000 1265.066266
1372.800000 1265.310641
1374.000000 1265.575977
1375.200000 1265.848927
1376.400000 1266.135598
1377.600000 1266.434780
1378.800000 1266.743852
1380.000000 1267.067133
1381.200000 1267.402543
1382.400000 1267.738759
1383.600000 1268.087559
1384.800000 1268.440189
1386.000000 1268.805839
1387.200000 1269.165769
1388.400000 1269.547560
1389.600000 1269.921556
1390.800000 1270.307735
1392.000000 1270.684956
1393.200000 1271.078642
1394.400000 1271.471612
1395.600000 1271.861894
1396.800000 1272.260677
1398.000000 1272.652300
1399.200000 1273.048736
1400.400000 1273.450846
1401.600000 1273.847609
1402.800000 1274.251357
1404.000000 1274.682572
1405.200000 1275.113686
1406.400000 1275.552177
1407.600000 1276.002478
1408.800000 1276.459808
1410.000000 1276.917879
1411.200000 1277.393663
1412.400000 1277.868120
1413.600000 1278.344424
1414.800000 1278.817828
1416.000000 1279.304865
1417.200000 1279.799236
1418.400000 1280.286004
1419.600000 1280.765247
1420.800000 1281.251927
1422.000000 1281.741773
1423.200000 1282.225316
1424.400000 1282.701500
1425.600000 1283.184355
1426.800000 1283.654968
1428.000000 1284.139010
1429.200000 1284.597732
1430.400000 1285.063681
1431.600000 1285.522557
1432.800000 1285.969698
1434.000000 1286.424114
1435.200000 1286.865553
1436.400000 1287.300815
1437.600000 1287.733676
1438.800000 1288.155389
1440.000000 1288.567643
1441.200000 1288.971076
1442.400000 1289.372248
1443.600000 1289.761658
1444.800000 1290.128410
1446.000000 1290.478695
1447.200000 1290.809445
1448.400000 1291.128065
1449.600000 1291.425035
1450.800000 1291.712811
1452.000000 1291.990440
1453.200000 1292.241876
1454.400000 1292.495104
1455.600000 1292.726544
1456.800000 1292.949072
1458.000000 1293.156860
1459.200000 1293.347029
1460.400000 1293.510889
1461.600000 1293.655006
1462.800000 1293.782450
1464.000000 1293.902951
1465.200000 1294.005918
1466.400000 1294.079685
1467.600000 1294.146057
1468.800000 1294.202884
1470.000000 1294.240642
1471.200000 1294.263738
1472.400000 1294.287381
1473.600000 1294.283819
1474.800000 1294.280891
1476.000000 1294.271961
1477.200000 1294.260382
1478.400000 1294.246954
1479.600000 1294.221608
1480.800000 1294.196243
1482.000000 1294.162720
1483.200000 1294.121554
1484.400000 1294.082495
1485.600000 1294.033159
1486.800000 1293.986776
1488.000000 1293.928667
1489.200000 1293.868050
1490.400000 1293.796310
1491.600000 1293.727785
1492.800000 1293.648029
1494.000000 1293.566102
1495.200000 1293.477256
1496.400000 1293.396889
1497.600000 1293.294323
1498.800000 1293.195289
1500.000000 1293.091252
1501.200000 1292.991099
1502.400000 1292.877233
1503.600000 1292.763924
1504.800000 1292.648833
1506.000000 1292.536696
1507.200000 1292.406107
1508.400000 1292.280147
1509.600000 1292.152122
1510.800000 1292.030355
1512.000000 1291.892158
1513.200000 1291.767904
1514.400000 1291.634697
1515.600000 1291.500057
1516.800000 1291.370763
1518.000000 1291.235483
1519.200000 1291.102658
1520.400000 1290.967213
1521.600000 1290.834249
1522.800000 1290.699755
1524.000000 1290.578609
1525.200000 1290.440093
1526.400000 1290.317017
1527.600000 1290.189187
1528.800000 1290.062469
1530.000000 1289.942793
1531.200000 1289.822673
1532.400000 1289.727804
1533.600000 1289.646174
1534.800000 1289.573204
1536.000000 1289.522679
1537.200000 1289.471786
1538.400000 1289.430396
1539.600000 1289.389559
1540.800000 1289.360230
1542.000000 1289.331653
1543.200000 1289.302400
1544.400000 1289.281468
1545.600000 1289.255750
1546.800000 1289.231665
1548.000000 1289.208580
1549.200000 1289.178104
1550.400000 1289.136126
1551.600000 1289.100848
1552.800000 1289.060895
1554.000000 1289.005950
1555.200000 1288.949425
1556.400000 1288.891795
1557.600000 1288.826306
1558.800000 1288.748452
1560.000000 1288.665272
1561.200000 1288.582095
1562.400000 1288.483781
1563.600000 1288.385072
1564.800000 1288.279802
1566.000000 1288.162851
1567.200000 1288.048226
1568.400000 1287.927367
1569.600000 1287.799773
1570.800000 1287.662110
1572.000000 1287.531815
1573.200000 1287.389086
1574.400000 1287.251351
1575.600000 1287.105340
1576.800000 1286.958908
1578.000000 1286.813623
1579.200000 1286.663990
1580.400000 1286.522488
1581.600000 1286.372950
1582.800000 1286.221455
1584.000000 1286.077813
1585.200000 1285.928910
1586.400000 1285.787557
1587.600000 1285.646519
1588.800000 1285.507283
1590.000000 1285.371688
1591.200000 1285.231898
1592.400000 1285.104660
1593.600000 1284.983956
1594.800000 1284.858609
1596.000000 1284.741221
1597.200000 1284.618226
1598.400000 1284.507981
1599.600000 1284.402131
1600.800000 1284.297530
1602.000000 1284.158128
1603.200000 1283.977053
1604.400000 1283.753155
1605.600000 1283.490342
1606.800000 1283.170920
1608.000000 1282.767048
1609.200000 1282.275707
1610.400000 1281.682718
1611.600000 1280.989371
1612.800000 1280.177681
1614.000000 1279.229624
1615.200000 1278.140958
1616.400000 1276.946793
1617.600000 1275.637307
1618.800000 1274.219734
1620.000000 1272.696411
1621.200000 1271.046935
1622.400000 1269.286859
1623.600000 1267.402129
1624.800000 1265.426125
1626.000000 1263.376882
1627.200000 1261.284471
1628.400000 1259.159444
1629.600000 1257.020463
1630.800000 1254.925079
1632.000000 1252.872308
1633.200000 1250.906307
1634.400000 1249.067854
1635.600000 1247.373215
1636.800000 1245.898405
1638.000000 1244.702199
1639.200000 1243.848616
1640.400000 1243.402930
1641.600000 1243.416431
1642.800000 1243.944983
1644.000000 1245.018519
1645.200000 1246.635790
1646.400000 1248.814857
1647.600000 1251.570995
1648.800000 1254.912392
1650.000000 1258.856389
1651.200000 1263.382315
1652.400000 1268.492369
1653.600000 1274.170908
1654.800000 1280.414403
1656.000000 1287.202318
1657.200000 1294.514219
1658.400000 1302.322383
1659.600000 1310.592499
1660.800000 1319.294253
1662.000000 1328.349823
1663.200000 1337.691872
1664.400000 1347.221353
1665.600000 1356.804652
1666.800000 1366.279424
1668.000000 1375.480368
1669.200000 1384.218483
1670.400000 1392.329886
1671.600000 1399.708310
1672.800000 1406.316940
1674.000000 1412.175669
1675.200000 1417.360684
1676.400000 1421.945596
1677.600000 1426.005773
1678.800000 1429.621071
1680.000000 1432.828856
1681.200000 1435.687998
1682.400000 1438.232461
1683.600000 1440.498355
1684.800000 1442.521143
1686.000000 1444.332906
1687.200000 1445.971066
1688.400000 1447.440389
1689.600000 1448.790633
1690.800000 1450.030467
1692.000000 1451.190514
1693.200000 1452.285394
1694.400000 1453.325322
1695.600000 1454.343026
1696.800000 1455.340043
1698.000000 1456.339874
1699.200000 1457.351579
1700.400000 1458.389820
1701.600000 1459.477754
1702.800000 1460.605122
1704.000000 1461.800139
1705.200000 1463.067209
1706.400000 1464.413013
1707.600000 1465.839067
1708.800000 1467.362419
1710.000000 1468.988171
1711.200000 1470.700580
1712.400000 1472.517974
1713.600000 1474.430605
1714.800000 1476.451499
1716.000000 1478.570262
1717.200000 1480.785718
1718.400000 1483.086637
1719.600000 1485.484451
1720.800000 1487.963999
1722.000000 1490.524233
1723.200000 1493.155368
1724.400000 1495.848446
1725.600000 1498.592755
1726.800000 1501.384407
1728.000000 1504.210701
1729.200000 1507.053527
1730.400000 1509.912658
1731.600000 1512.780971
1732.800000 1515.628806
1734.000000 1518.456949
1735.200000 1521.253971
1736.400000 1524.009176
1737.600000 1526.695084
1738.800000 1529.327208
1740.000000 1531.879676
1741.200000 1534.333366
1742.400000 1536.699001
1743.600000 1538.941822
1744.800000 1541.072479
1746.000000 1543.070303
1747.200000 1544.935024
1748.400000 1546.646419
1749.600000 1548.217509
1750.800000 1549.624797
1752.000000 1550.865859
1753.200000 1551.939432
1754.400000 1552.838720
1755.600000 1553.568307
1756.800000 1554.115598
1758.000000 1554.477824
1759.200000 1554.661374
1760.400000 1554.667831
1761.600000 1554.482592
1762.800000 1554.130051
1764.000000 1553.587057
1765.200000 1552.872248
1766.400000 1551.980494
1767.600000 1550.922525
1768.800000 1549.690758
1770.000000 1548.292310
1771.200000 1546.747404
1772.400000 1545.043069
1773.600000 1543.186534
1774.800000 1541.184861
1776.000000 1539.038719
1777.200000 1536.768762
1778.400000 1534.356994
1779.600000 1531.829825
1780.800000 1529.181383
1782.000000 1526.418887
1783.200000 1523.549165
1784.400000 1520.579514
1785.600000 1517.511045
1786.800000 1514.344406
1788.000000 1511.087807
1789.200000 1507.751572
1790.400000 1504.345504
1791.600000 1500.858013
1792.800000 1497.304340
1794.000000 1493.686353
1795.200000 1490.023818
1796.400000 1486.298452
1797.600000 1482.537990
1798.800000 1478.739269
1800.000000 1474.903736
1801.200000 1471.048400
1802.400000 1467.171670
1803.600000 1463.290719
1804.800000 1459.401352
1806.000000 1455.515477
1807.200000 1451.636820
1808.400000 1447.778081
1809.600000 1443.940977
1810.800000 1440.129364
1812.000000 1436.361663
1813.200000 1432.635310
1814.400000 1428.953862
1815.600000 1425.325503
1816.800000 1421.760974
1818.000000 1418.259072
1819.200000 1414.825312
1820.400000 1411.471741
1821.600000 1408.181158
1822.800000 1404.993275
1824.000000 1401.874389
1825.200000 1398.859111
1826.400000 1395.925942
1827.600000 1393.085006
1828.800000 1390.345386
1830.000000 1387.701327
1831.200000 1385.158641
1832.400000 1382.717820
1833.600000 1380.374694
1834.800000 1378.133580
1836.000000 1376.004871
1837.200000 1373.965404
1838.400000 1372.033143
1839.600000 1370.195821
1840.800000 1368.471019
1842.000000 1366.838701
1843.200000 1365.300148
1844.400000 1363.860452
1845.600000 1362.521465
1846.800000 1361.270405
1848.000000 1360.108427
1849.200000 1359.034211
1850.400000 1358.050735
1851.600000 1357.145014
1852.800000 1356.332966
1854.000000 1355.590962
1855.200000 1354.920000
1856.400000 1354.325369
1857.600000 1353.797754
1858.800000 1353.337508
1860.000000 1352.943013
1861.200000 1352.605324
1862.400000 1352.332267
1863.600000 1352.109484
1864.800000 1351.938559
1866.000000 1351.808737
1867.200000 1351.727270
1868.400000 1351.686667
1869.600000 1351.684871
1870.800000 1351.720223
1872.000000 1351.788370
1873.200000 1351.877385
1874.400000 1352.001147
1875.600000 1352.143413
1876.800000 1352.300749
1878.000000 1352.492782
1879.200000 1352.680167
1880.400000 1352.886325
1881.600000 1353.110215
1882.800000 1353.334750
1884.000000 1353.558969
1885.200000 1353.793505
1886.400000 1354.016026
1887.600000 1354.245194
1888.800000 1354.465934
1890.000000 1354.676491
1891.200000 1354.882395
1892.400000 1355.077728
1893.600000 1355.255176
1894.800000 1355.436049
1896.000000 1355.582316
1897.200000 1355.716025
1898.400000 1355.834800
1899.600000 1355.931525
1900.800000 1356.011254
1902.000000 1356.066950
1903.200000 1356.101701
1904.400000 1356.115851
1905.600000 1356.096870
1906.800000 1356.062609
1908.000000 1355.997806
1909.200000 1355.910580
1910.400000 1355.798440
1911.600000 1355.658343
1912.800000 1355.495411
1914.000000 1355.303078
1915.200000 1355.083278
1916.400000 1354.825274
1917.600000 1354.566916
1918.800000 1354.258907
1920.000000 1353.932400
1921.200000 1353.588146
1922.400000 1353.203893
1923.600000 1352.808184
1924.800000 1352.385520
1926.000000 1351.935443
1927.200000 1351.456025
1928.400000 1350.959625
1929.600000 1350.433528
1930.800000 1349.891838
1932.000000 1349.328753
1933.200000 1348.741006
1934.400000 1348.135651
1935.600000 1347.513833
1936.800000 1346.857999
1938.000000 1346.194825
1939.200000 1345.513431
1940.400000 1344.815774
1941.600000 1344.096763
1942.800000 1343.373559
1944.000000 1342.624990
1945.200000 1341.862380
1946.400000 1341.093887
1947.600000 1340.306999
1948.800000 1339.506338
1950.000000 1338.705173
1951.200000 1337.887366
1952.400000 1337.062448
1953.600000 1336.229702
1954.800000 1335.393266
1956.000000 1334.541569
1957.200000 1333.693954
1958.400000 1332.832504
1959.600000 1331.971661
1960.800000 1331.112704
1962.000000 1330.251241
1963.200000 1329.383502
1964.400000 1328.520665
1965.600000 1327.654380
1966.800000 1326.791596
1968.000000 1325.930998
1969.200000 1325.081361
1970.400000 1324.226817
1971.600000 1323.382656
1972.800000 1322.542098
1974.000000 1321.706551
1975.200000 1320.884881
1976.400000 1320.063480
1977.600000 1319.258084
1978.800000 1318.456006
1980.000000 1317.661229
1981.200000 1316.883474
1982.400000 1316.113226
1983.600000 1315.364805
1984.800000 1314.610032
1986.000000 1313.884469
1987.200000 1313.161744
1988.400000 1312.456939
1989.600000 1311.758988
1990.800000 1311.082534
1992.000000 1310.417012
1993.200000 1309.759839
1994.400000 1309.126632
1995.600000 1308.502473
1996.800000 1307.894232
1998.000000 1307.300072
1999.200000 1306.720338
2000.400000 1306.158874
2001.600000 1305.609173
2002.800000 1305.071853
2004.000000 1304.548861
2005.200000 1304.037452
2006.400000 1303.547828
2007.600000 1303.067227
2008.800000 1302.602356
2010.000000 1302.141651
2011.200000 1301.704535
2012.400000 1301.278783
2013.600000 1300.869711
2014.800000 1300.469401
2016.000000 1300.080760
2017.200000 1299.699088
2018.400000 1299.330138
2019.600000 1298.979698
2020.800000 1298.627342
2022.000000 1298.290175
2023.200000 1297.967415
2024.400000 1297.655185
2025.600000 1297.343996
2026.800000 1297.038540
2028.000000 1296.754972
2029.200000 1296.465403
2030.400000 1296.189725
2031.600000 1295.920525
2032.800000 1295.655418
2034.000000 1295.398755
2035.200000 1295.149757
2036.400000 1294.895094
2037.600000 1294.657185
2038.800000 1294.422973
2040.000000 1294.184067
2041.200000 1293.960298
2042.400000 1293.726868
2043.600000 1293.508016
2044.800000 1293.294280
2046.000000 1293.071262
2047.200000 1292.857624
2048.400000 1292.645353
2049.600000 1292.438748
2050.800000 1292.226468
2052.000000 1292.020944
2053.200000 1291.820311
2054.400000 1291.618612
2055.600000 1291.408821
2056.800000 1291.207003
2058.000000 1291.008257
2059.200000 1290.809276
2060.400000 1290.608056
2061.600000 1290.413977
2062.800000 1290.206825
2064.000000 1290.003800
2065.200000 1289.806083
2066.400000 1289.608921
2067.600000 1289.402081
2068.800000 1289.196057
2070.000000 1288.999775
2071.200000 1288.788913
2072.400000 1288.586088
2073.600000 1288.385375
2074.800000 1288.179105
2076.000000 1287.966441
2077.200000 1287.757038
2078.400000 1287.541472
2079.600000 1287.328189
2080.800000 1287.112102
2082.000000 1286.893019
2083.200000 1286.670828
2084.400000 1286.452362
2085.600000 1286.221733
2086.800000 1285.996396
2088.000000 1285.774914
2089.200000 1285.539935
2090.400000 1285.310625
2091.600000 1285.070188
2092.800000 1284.828180
2094.000000 1284.591391
2095.200000 1284.354545
2096.400000 1284.105797
2097.600000 1283.862868
2098.800000 1283.612982
2100.000000 1283.368997
2101.200000 1283.111527
2102.400000 1282.861806
2103.600000 1282.609263
2104.800000 1282.345503
2106.000000 1282.085493
2107.200000 1281.826237
2108.400000 1281.562628
2109.600000 1281.305522
2110.800000 1281.045369
2112.000000 1280.780019
2113.200000 1280.515055
2114.400000 1280.248479
2115.600000 1279.972666
2116.800000 1279.705948
2118.000000 1279.420040
2119.200000 1279.137917
2120.400000 1278.842605
2121.600000 1278.539345
2122.800000 1278.228966
2124.000000 1277.910237
2125.200000 1277.573274
2126.400000 1277.234000
2127.600000 1276.872568
2128.800000 1276.503430
2130.000000 1276.115471
2131.200000 1275.711514
2132.400000 1275.298537
2133.600000 1274.861278
2134.800000 1274.403556
2136.000000 1273.934521
2137.200000 1273.445163
2138.400000 1272.929454
2139.600000 1272.405902
2140.800000 1271.863130
2142.000000 1271.289583
2143.200000 1270.699650
2144.400000 1270.098001
2145.600000 1269.471033
2146.800000 1268.827558
2148.000000 1268.166681
2149.200000 1267.484089
2150.400000 1266.780254
2151.600000 1266.061737
2152.800000 1265.323066
2154.000000 1264.558952
2155.200000 1263.783758
2156.400000 1262.989816
2157.600000 1262.166679
2158.800000 1261.326061
2160.000000 1260.468713
2161.200000 1259.588267
2162.400000 1258.694872
2163.600000 1257.790403
2164.800000 1256.854026
2166.000000 1255.912725
2167.200000 1254.949921
2168.400000 1253.974226
2169.600000 1252.983527
2170.800000 1251.988377
2172.000000 1250.971049
2173.200000 1249.939292
2174.400000 1248.910225
2175.600000 1247.864225
2176.800000 1246.809707
2178.000000 1245.748208
2179.200000 1244.678853
2180.400000 1243.606610
2181.600000 1242.524977
2182.800000 1241.438292
2184.000000 1240.352308
2185.200000 1239.252961
2186.400000 1238.160290
2187.600000 1237.060904
2188.800000 1235.961683
2190.000000 1234.855689
2191.200000 1233.755547
2192.400000 1232.645649
2193.600000 1231.543535
2194.800000 1230.443996
2196.000000 1229.340496
2197.200000 1228.246605
2198.400000 1227.143155
2199.600000 1226.056407
2200.800000 1224.960053
2202.000000 1223.870977
2203.200000 1222.791751
2204.400000 1221.708792
2205.600000 1220.638230
2206.800000 1219.567108
2208.000000 1218.503649
2209.200000 1217.444145
2210.400000 1216.395979
2211.600000 1215.352079
2212.800000 1214.316801
2214.000000 1213.279467
2215.200000 1212.260006
2216.400000 1211.242093
2217.600000 1210.233718
2218.800000 1209.234285
2220.000000 1208.249637
2221.200000 1207.269863
2222.400000 1206.290708
2223.600000 1205.329609
2224.800000 1204.378307
2226.000000 1203.440349
2227.200000 1202.502923
2228.400000 1201.578673
2229.600000 1200.662792
2230.800000 1199.757729
2232.000000 1198.870361
2233.200000 1197.986398
2234.400000 1197.111769
2235.600000 1196.249961
2236.800000 1195.403492
2238.000000 1194.569582
2239.200000 1193.742171
2240.400000 1192.919286
2241.600000 1192.114952
2242.800000 1191.324847
2244.000000 1190.541660
2245.200000 1189.775327
2246.400000 1189.013676
2247.600000 1188.267301
2248.800000 1187.533752
2250.000000 1186.813814
2251.200000 1186.080458
2252.400000 1185.278025
2253.600000 1184.336035
2254.800000 1183.178868
2256.000000 1181.736815
2257.200000 1179.954511
2258.400000 1177.753619
2259.600000 1175.091271
2260.800000 1171.946298
2262.000000 1168.438641
2263.200000 1164.857971
2264.400000 1161.552438
2265.600000 1158.676663
2266.800000 1156.183734
2268.000000 1153.967063
2269.200000 1151.929104
2270.400000 1150.067075
2271.600000 1148.382626
2272.800000 1146.883354
2274.000000 1145.610629
2275.200000 1144.571812
2276.400000 1143.779676
2277.600000 1143.268858
2278.800000 1143.024113
2280.000000 1143.073134
2281.200000 1143.407972
2282.400000 1144.017073
2283.600000 1144.844103
2284.800000 1145.772126
2286.000000 1146.547564
2287.200000 1146.761190
2288.400000 1146.211553
2289.600000 1145.149968
2290.800000 1143.867066
2292.000000 1142.520415
2293.200000 1141.185679
2294.400000 1139.942240
2295.600000 1138.827398
2296.800000 1137.915310
2298.000000 1137.234566
2299.200000 1136.794804
2300.400000 1136.589306
2301.600000 1136.575561
2302.800000 1136.718856
2304.000000 1136.984065
2305.200000 1137.322520
2306.400000 1137.707670
2307.600000 1138.101797
2308.800000 1138.474921
2310.000000 1138.784703
2311.200000 1139.011676
2312.400000 1139.121475
2313.600000 1139.079868
2314.800000 1138.883122
2316.000000 1138.496629
2317.200000 1137.902830
2318.400000 1137.101368
2319.600000 1136.058971
2320.800000 1134.781260
2322.000000 1133.245654
2323.200000 1131.457820
2324.400000 1129.418872
2325.600000 1127.117964
2326.800000 1124.562452
2328.000000 1121.759024
2329.200000 1118.764827
2330.400000 1116.016249
2331.600000 1113.621495
2332.800000 1111.564691
2334.000000 1109.830508
2335.200000 1108.406365
2336.400000 1107.286249
2337.600000 1106.455256
2338.800000 1105.906688
2340.000000 1105.624756
2341.200000 1105.500137
2342.400000 1105.449635
2343.600000 1105.431037
2344.800000 1105.404476
2346.000000 1105.392331
2347.200000 1105.372662
2348.400000 1105.350763
2349.600000 1105.325268
2350.800000 1105.295268
2352.000000 1105.265268
2353.200000 1105.239773
2354.400000 1105.214926
2355.600000 1105.186909
2356.800000 1105.165598
2358.000000 1105.134926
2359.200000 1105.115598
2360.400000 1105.086909
2361.600000 1105.070750
2362.800000 1105.045598
2364.000000 1105.031065
2365.200000 1105.011065
2366.400000 1104.993664
2367.600000 1104.992126
2368.800000 1104.984582
2370.000000 1104.988404
2371.200000 1104.997245
2372.400000 1105.013724
2373.600000 1105.046236
2374.800000 1105.088420
2376.000000 1105.131983
2377.200000 1105.205407
2378.400000 1105.276269
2379.600000 1105.367277
2380.800000 1105.467820
2382.000000 1105.578761
2383.200000 1105.706568
2384.400000 1105.829383
2385.600000 1105.979564
2386.800000 1106.133773
2388.000000 1106.296242
2389.200000 1106.467118
2390.400000 1106.645441
2391.600000 1106.828519
2392.800000 1107.017616
2394.000000 1107.215759
2395.200000 1107.409742
2396.400000 1107.612350
2397.600000 1107.823786
2398.800000 1108.018889
2400.000000 1108.221754
2401.200000 1108.423412
2402.400000 1108.625529
2403.600000 1108.819598
2404.800000 1109.013662
2406.000000 1109.206741
2407.200000 1109.388043
2408.400000 1109.556641
2409.600000 1109.729254
2410.800000 1109.888819
2412.000000 1110.039595
2413.200000 1110.175956
2414.400000 1110.304307
2415.600000 1110.412081
2416.800000 1110.515876
2418.000000 1110.604156
2419.200000 1110.681472
2420.400000 1110.736618
2421.600000 1110.779451
2422.800000 1110.806726
2424.000000 1110.820967
2425.200000 1110.817793
2426.400000 1110.780380
2427.600000 1110.744220
2428.800000 1110.675466
2430.000000 1110.593687
2431.200000 1110.499483
2432.400000 1110.379020
2433.600000 1110.241011
2434.800000 1110.079452
2436.000000 1109.895267
2437.200000 1109.698983
2438.400000 1109.483282
2439.600000 1109.249831
2440.800000 1108.986984
2442.000000 1108.709874
2443.200000 1108.410221
2444.400000 1108.100480
2445.600000 1107.755428
2446.800000 1107.412335
2448.000000 1107.028914
2449.200000 1106.639862
2450.400000 1106.224999
2451.600000 1105.796577
2452.800000 1105.350344
2454.000000 1104.882153
2455.200000 1104.397887
2456.400000 1103.900021
2457.600000 1103.383479
2458.800000 1102.852729
2460.000000 1102.298902
2461.200000 1101.739619
2462.400000 1101.160456
2463.600000 1100.563195
2464.800000 1099.965380
2466.000000 1099.343126
2467.200000 1098.710058
2468.400000 1098.065105
2469.600000 1097.399568
2470.800000 1096.734594
2472.000000 1096.054372
2473.200000 1095.365578
2474.400000 1094.665397
2475.600000 1093.954129
2476.800000 1093.237410
2478.000000 1092.516194
2479.200000 1091.782620
2480.400000 1091.041597
2481.600000 1090.292806
2482.800000 1089.545041
2484.000000 1088.782072
2485.200000 1088.020713
2486.400000 1087.255983
2487.600000 1086.479279
2488.800000 1085.707151
2490.000000 1084.924539
2491.200000 1084.147502
2492.400000 1083.363115
2493.600000 1082.579462
2494.800000 1081.788355
2496.000000 1080.995709
2497.200000 1080.214638
2498.400000 1079.421165
2499.600000 1078.633823
2500.800000 1077.843634
2502.000000 1077.052585
2503.200000 1076.265355
2504.400000 1075.483643
2505.600000 1074.700146
2506.800000 1073.918058
2508.000000 1073.136902
2509.200000 1072.359467
2510.400000 1071.584447
2511.600000 1070.815029
2512.800000 1070.055070
2514.000000 1069.292623
2515.200000 1068.532442
2516.400000 1067.775605
2517.600000 1067.032516
2518.800000 1066.285434
2520.000000 1065.551790
2521.200000 1064.813458
2522.400000 1064.086540
2523.600000 1063.369290
2524.800000 1062.655403
2526.000000 1061.950624
2527.200000 1061.246890
2528.400000 1060.555255
2529.600000 1059.868128
2530.800000 1059.184467
2532.000000 1058.514574
2533.200000 1057.849038
2534.400000 1057.191748
2535.600000 1056.538024
2536.800000 1055.894889
2538.000000 1055.256583
2539.200000 1054.636258
2540.400000 1054.015723
2541.600000 1053.404838
2542.800000 1052.800200
2544.000000 1052.202917
2545.200000 1051.620000
2546.400000 1051.039357
2547.600000 1050.462225
2548.800000 1049.903759
2550.000000 1049.347999
2551.200000 1048.794654
2552.400000 1048.263313
2553.600000 1047.726054
2554.800000 1047.201756
2556.000000 1046.685183
2557.200000 1046.178679
2558.400000 1045.677236
2559.600000 1045.183215
2560.800000 1044.699257
2562.000000 1044.223258
2563.200000 1043.747408
2564.400000 1043.281255
2565.600000 1042.819904
2566.800000 1042.382859
2568.000000 1041.936669
2569.200000 1041.502626
2570.400000 1041.074278
2571.600000 1040.648518
2572.800000 1040.239730
2574.000000 1039.823935
2575.200000 1039.425905
2576.400000 1039.028387
2577.600000 1038.639512
2578.800000 1038.254877
2580.000000 1037.875273
2581.200000 1037.505983
2582.400000 1037.142076
2583.600000 1036.779419
2584.800000 1036.430727
2586.000000 1036.079916
2587.200000 1035.732769
2588.400000 1035.396587
2589.600000 1035.065218
2590.800000 1034.736456
2592.000000 1034.420525
2593.200000 1034.097594
2594.400000 1033.779342
2595.600000 1033.470944
2596.800000 1033.169711
2598.000000 1032.870629
2599.200000 1032.572306
2600.400000 1032.281474
2601.600000 1031.992217
2602.800000 1031.714197
2604.000000 1031.433090
2605.200000 1031.159091
2606.400000 1030.887972
2607.600000 1030.616230
2608.800000 1030.354701
2610.000000 1030.093203
2611.200000 1029.835358
2612.400000 1029.582878
2613.600000 1029.331725
2614.800000 1029.082438
2616.000000 1028.843689
2617.200000 1028.597094
2618.400000 1028.358064
2619.600000 1028.121570
2620.800000 1027.887022
2622.000000 1027.667872
2623.200000 1027.433218
2624.400000 1027.211641
2625.600000 1026.992711
2626.800000 1026.772287
2628.000000 1026.553827
2629.200000 1026.340910
2630.400000 1026.128176
2631.600000 1025.915780
2632.800000 1025.710405
2634.000000 1025.510316
2635.200000 1025.303526
2636.400000 1025.106143
2637.600000 1024.910146
2638.800000 1024.711810
2640.000000 1024.517859
2641.200000 1024.329922
2642.400000 1024.130196
2643.600000 1023.948580
2644.800000 1023.762903
2646.000000 1023.572068
2647.200000 1023.392993
2648.400000 1023.212197
2649.600000 1023.034260
2650.800000 1022.854504
2652.000000 1022.687720
2653.200000 1022.516095
2654.400000 1022.339545
2655.600000 1022.173061
2656.800000 1021.999808
2658.000000 1021.832888
2659.200000 1021.673715
2660.400000 1021.508224
2661.600000 1021.351719
2662.800000 1021.192577
2664.000000 1021.027766
2665.200000 1020.873428
2666.400000 1020.714119
2667.600000 1020.560904
2668.800000 1020.414024
2670.000000 1020.258842
2671.200000 1020.109528
2672.400000 1019.961987
2673.600000 1019.820211
2674.800000 1019.675381
2676.000000 1019.533778
2677.200000 1019.385281
2678.400000 1019.245417
2679.600000 1019.108186
2680.800000 1018.976765
2682.000000 1018.836606
2683.200000 1018.706106
2684.400000 1018.568870
2685.600000 1018.445974
2686.800000 1018.304837
2688.000000 1018.179603
2689.200000 1018.054331
2690.400000 1017.926633
2691.600000 1017.801154
2692.800000 1017.686295
2694.000000 1017.552750
2695.200000 1017.439324
2696.400000 1017.313533
2697.600000 1017.200605
2698.800000 1017.082652
2700.000000 1016.968333
2701.200000 1016.854029
2702.400000 1016.740303
2703.600000 1016.631196
2704.800000 1016.517717
2706.000000 1016.412873
2707.200000 1016.300404
2708.400000 1016.199604
2709.600000 1016.085709
2710.800000 1015.990078
2712.000000 1015.883283
2713.200000 1015.784981
2714.400000 1015.686135
2715.600000 1015.582545
2716.800000 1015.490508
2718.000000 1015.389220
2719.200000 1015.293357
2720.400000 1015.205090
2721.600000 1015.108527
2722.800000 1015.015639
2724.000000 1014.925289
2725.200000 1014.838468
2726.400000 1014.748997
2727.600000 1014.655029
2728.800000 1014.573476
2730.000000 1014.486751
2731.200000 1014.405113
2732.400000 1014.320110
2733.600000 1014.237475
2734.800000 1014.155885
2736.000000 1014.074916
2737.200000 1014.000152
2738.400000 1013.915655
2739.600000 1013.837525
2740.800000 1013.764839
2742.000000 1013.688803
2743.200000 1013.610163
2744.400000 1013.539228
2745.600000 1013.467867
2746.800000 1013.394148
2748.000000 1013.319134
2749.200000 1013.253136
2750.400000 1013.180563
2751.600000 1013.114190
2752.800000 1013.043839
2754.000000 1012.979287
2755.200000 1012.910036
2756.400000 1012.849237
2757.600000 1012.785883
2758.800000 1012.721772
2760.000000 1012.658113
2761.200000 1012.596700
2762.400000 1012.534965
2763.600000 1012.472403
2764.800000 1012.415521
2766.000000 1012.356203
2767.200000 1012.295694
2768.400000 1012.235505
2769.600000 1012.181326
2770.800000 1012.127281
2772.000000 1012.069485
2773.200000 1012.017632
2774.400000 1011.961006
2775.600000 1011.907307
2776.800000 1011.864725
2778.000000 1011.806486
2779.200000 1011.755282
2780.400000 1011.705171
2781.600000 1011.652484
2782.800000 1011.599892
2784.000000 1011.559780
2785.200000 1011.510214
2786.400000 1011.461476
2787.600000 1011.421912
2788.800000 1011.369286
2790.000000 1011.328320
2791.200000 1011.281106
2792.400000 1011.238589
2793.600000 1011.197414
2794.800000 1011.151248
2796.000000 1011.108377
2797.200000 1011.071891
2798.400000 1011.027232
2799.600000 1010.980362
2800.800000 1010.938307
2802.000000 1010.901426
2803.200000 1010.859613
2804.400000 1010.815431
2805.600000 1010.769887
2806.800000 1010.724317
2808.000000 1010.679885
2809.200000 1010.633801
2810.400000 1010.591777
2811.600000 1010.530940
2812.800000 1010.485925
2814.000000 1010.443060
2815.200000 1010.390211
2816.400000 1010.340827
2817.600000 1010.280634
2818.800000 1010.229257
2820.000000 1010.173277
2821.200000 1010.111451
2822.400000 1010.062099
2823.600000 1009.995262
2824.800000 1009.930652
2826.000000 1009.864554
2827.200000 1009.802138
2828.400000 1009.736406
2829.600000 1009.666899
2830.800000 1009.589606
2832.000000 1009.525574
2833.200000 1009.437708
2834.400000 1009.364842
2835.600000 1009.283145
2836.800000 1009.203808
2838.000000 1009.121086
2839.200000 1009.032952
2840.400000 1008.948639
2841.600000 1008.857858
2842.800000 1008.765784
2844.000000 1008.670877
2845.200000 1008.581317
2846.400000 1008.487506
2847.600000 1008.387059
2848.800000 1008.289297
2850.000000 1008.179949
2851.200000 1008.079847
2852.400000 1007.978664
2853.600000 1007.873659
2854.800000 1007.761761
2856.000000 1007.658513
2857.200000 1007.548070
2858.400000 1007.431472
2859.600000 1007.324740
2860.800000 1007.208937
2862.000000 1007.098820
2863.200000 1006.984703
2864.400000 1006.869274
2865.600000 1006.751690
2866.800000 1006.636197
2868.000000 1006.521872
2869.200000 1006.401565
2870.400000 1006.285459
2871.600000 1006.170175
2872.800000 1006.054611
2874.000000 1005.933720
2875.200000 1005.815323
2876.400000 1005.698170
2877.600000 1005.582755
2878.800000 1005.463855
2880.000000 1005.350749
2881.200000 1005.230021
2882.400000 1005.113632
2883.600000 1004.988734
2884.800000 1004.877722
2886.000000 1004.760848
2887.200000 1004.649692
2888.400000 1004.529608
2889.600000 1004.416779
2890.800000 1004.296361
2892.000000 1004.190841
2893.200000 1004.074431
2894.400000 1003.965846
2895.600000 1003.881000
2896.800000 1003.825220
2898.000000 1003.797972
2899.200000 1003.789478
2900.400000 1003.794869
2901.600000 1003.810687
2902.800000 1003.826089
2904.000000 1003.835551
2905.200000 1003.840632
2906.400000 1003.855733
2907.600000 1003.856938
2908.800000 1003.861684
2910.000000 1003.881923
2911.200000 1003.914139
2912.400000 1003.954789
2913.600000 1003.994341
2914.800000 1004.036041
2916.000000 1004.096389
2917.200000 1004.172969
2918.400000 1004.256021
2919.600000 1004.337361
2920.800000 1004.417853
2922.000000 1004.503803
2923.200000 1004.607335
2924.400000 1004.710136
2925.600000 1004.808419
2926.800000 1004.903791
2928.000000 1004.995036
2929.200000 1005.075853
2930.400000 1005.169219
2931.600000 1005.245795
2932.800000 1005.327505
2934.000000 1005.418449
2935.200000 1005.508470
2936.400000 1005.615417
2937.600000 1005.718107
2938.800000 1005.832926
2940.000000 1005.944431
2941.200000 1006.058583
2942.400000 1006.162597
2943.600000 1006.273322
2944.800000 1006.375001
2946.000000 1006.488350
2947.200000 1006.573752
2948.400000 1006.612127
2949.600000 1006.592212
2950.800000 1006.577864
2952.000000 1006.591242
2953.200000 1006.590242
2954.400000 1006.604093
2955.600000 1006.617338
2956.800000 1006.617338
2958.000000 1006.631099
2959.200000 1006.632008
2960.400000 1006.645154
2961.600000 1006.645154
2962.800000 1006.655502
2964.000000 1006.654185
2965.200000 1006.654185
2966.400000 1006.666654
2967.600000 1006.667775
2968.800000 1006.667775
2970.000000 1006.673149
2971.200000 1006.674504
2972.400000 1006.674504
2973.600000 1006.674504
2974.800000 1006.679575
2976.000000 1006.682369
2977.200000 1006.682369
2978.400000 1006.682369
2979.600000 1006.682369
2980.800000 1006.679616
2982.000000 1006.682829
2983.200000 1006.684383
2984.400000 1006.682762
2985.600000 1006.682762
2986.800000 1006.682762
2988.000000 1006.682762
2989.200000 1006.682762
2990.400000 1006.682762
2991.600000 1006.682762
2992.800000 1006.684161
2994.000000 1006.684161
2995.200000 1006.684161
2996.400000 1006.683149
2997.600000 1006.683149
2998.800000 1006.683149
