x mean_y
0.000000 6000.000000
1.200000 5999.990000
2.400000 5999.929091
3.600000 5999.780909
4.800000 5999.520909
6.000000 5999.128182
7.200000 5998.590000
8.400000 5997.889091
9.600000 5997.008182
10.800000 5995.935455
12.000000 5994.653636
13.200000 5993.146364
14.400000 5991.391818
15.600000 5989.369091
16.800000 5987.061818
18.000000 5984.450000
19.200000 5981.514545
20.400000 5978.231818
21.600000 5974.585455
22.800000 5970.557273
24.000000 5966.126364
25.200000 5961.284545
26.400000 5956.011818
27.600000 5950.300000
28.800000 5944.134545
30.000000 5937.509091
31.200000 5930.414545
32.400000 5922.840000
33.600000 5914.784545
34.800000 5906.237273
36.000000 5897.196364
37.200000 5887.658182
38.400000 5877.620909
39.600000 5867.079091
40.800000 5856.030909
42.000000 5844.478182
43.200000 5832.419091
44.400000 5819.854545
45.600000 5806.784545
46.800000 5793.213636
48.000000 5779.138182
49.200000 5764.566364
50.400000 5749.499091
51.600000 5733.937273
52.800000 5717.888182
54.000000 5701.354545
55.200000 5684.339091
56.400000 5666.847273
57.600000 5648.885455
58.800000 5630.454545
60.000000 5611.565455
61.200000 5592.219091
62.400000 5572.423636
63.600000 5552.183636
64.800000 5531.506364
66.000000 5510.397273
67.200000 5488.862727
68.400000 5466.909091
69.600000 5444.547273
70.800000 5421.775455
72.000000 5398.607273
73.200000 5375.050000
74.400000 5351.105455
75.600000 5326.786364
76.800000 5302.099091
78.000000 5277.047273
79.200000 5251.640909
80.400000 5225.888182
81.600000 5199.797273
82.800000 5173.370909
84.000000 5146.622727
85.200000 5119.557273
86.400000 5092.181818
87.600000 5064.505455
88.800000 5036.536364
90.000000 5008.281818
91.200000 4979.746364
92.400000 4950.942727
93.600000 4921.876364
94.800000 4892.552727
96.000000 4862.983636
97.200000 4833.173636
98.400000 4803.130909
99.600000 4772.866364
100.800000 4742.382727
102.000000 4711.690000
103.200000 4680.795455
104.400000 4649.710000
105.600000 4618.434545
106.800000 4586.982727
108.000000 4555.356364
109.200000 4523.568182
110.400000 4491.621818
111.600000 4459.526364
112.800000 4427.287273
114.000000 4394.912727
115.200000 4362.410909
116.400000 4329.788182
117.600000 4297.049091
118.800000 4264.204545
120.000000 4231.263636
121.200000 4198.229091
122.400000 4165.113636
123.600000 4131.930000
124.800000 4098.684545
126.000000 4065.391818
127.200000 4032.065455
128.400000 3998.716364
129.600000 3965.360909
130.800000 3932.014545
132.000000 3898.691818
133.200000 3865.414545
134.400000 3832.196364
135.600000 3799.060909
136.800000 3766.030909
138.000000 3733.126364
139.200000 3700.369091
140.400000 3667.783636
141.600000 3635.390000
142.800000 3603.214545
144.000000 3571.284545
145.200000 3539.620000
146.400000 3508.253636
147.600000 3477.208182
148.800000 3446.512727
150.000000 3416.193636
151.200000 3386.273636
152.400000 3356.770000
153.600000 3327.707273
154.800000 3299.099091
156.000000 3270.966364
157.200000 3243.323636
158.400000 3216.181818
159.600000 3189.547273
160.800000 3163.428182
162.000000 3137.822727
163.200000 3112.730000
164.400000 3088.148182
165.600000 3064.081818
166.800000 3040.521818
168.000000 3017.466364
169.200000 2994.910000
170.400000 2972.840000
171.600000 2951.250000
172.800000 2930.125455
174.000000 2909.450909
175.200000 2889.208182
176.400000 2869.379091
177.600000 2849.943636
178.800000 2830.874545
180.000000 2812.154545
181.200000 2793.763636
182.400000 2775.683636
183.600000 2757.894545
184.800000 2740.384545
186.000000 2723.138182
187.200000 2706.132727
188.400000 2689.362727
189.600000 2672.806364
190.800000 2656.452727
192.000000 2640.290909
193.200000 2624.303636
194.400000 2608.480000
195.600000 2592.807273
196.800000 2577.271818
198.000000 2561.867273
199.200000 2546.579091
200.400000 2531.403636
201.600000 2516.328182
202.800000 2501.348182
204.000000 2486.453636
205.200000 2471.640909
206.400000 2456.904545
207.600000 2442.235455
208.800000 2427.631818
210.000000 2413.088182
211.200000 2398.602727
212.400000 2384.170000
213.600000 2369.787273
214.800000 2355.452727
216.000000 2341.164545
217.200000 2326.920909
218.400000 2312.720000
219.600000 2298.563636
220.800000 2284.447273
222.000000 2270.371818
223.200000 2256.338182
224.400000 2242.346364
225.600000 2228.396364
226.800000 2214.490000
228.000000 2200.630000
229.200000 2186.827273
230.400000 2173.090000
231.600000 2159.438182
232.800000 2145.886364
234.000000 2132.451818
235.200000 2119.153636
236.400000 2106.002727
237.600000 2093.014545
238.800000 2080.197273
240.000000 2067.559091
241.200000 2055.104545
242.400000 2042.832727
243.600000 2030.748182
244.800000 2018.850000
246.000000 2007.137273
247.200000 1995.610000
248.400000 1984.269091
249.600000 1973.113636
250.800000 1962.147273
252.000000 1951.377273
253.200000 1940.807273
254.400000 1930.435455
255.600000 1920.265455
256.800000 1910.288182
258.000000 1900.507273
259.200000 1890.915455
260.400000 1881.506364
261.600000 1872.270909
262.800000 1863.196364
264.000000 1854.280000
265.200000 1845.510909
266.400000 1836.883636
267.600000 1828.387273
268.800000 1820.017273
270.000000 1811.768182
271.200000 1803.632727
272.400000 1795.604545
273.600000 1787.680000
274.800000 1779.855455
276.000000 1772.124545
277.200000 1764.482727
278.400000 1756.925455
279.600000 1749.452727
280.800000 1742.054545
282.000000 1734.732727
283.200000 1727.484545
284.400000 1720.301818
285.600000 1713.186364
286.800000 1706.137273
288.000000 1699.148182
289.200000 1692.219091
290.400000 1685.349091
291.600000 1678.532727
292.800000 1671.772727
294.000000 1665.066364
295.200000 1658.411818
296.400000 1651.807273
297.600000 1645.259091
298.800000 1638.763636
300.000000 1632.325455
301.200000 1625.944545
302.400000 1619.619091
303.600000 1613.345455
304.800000 1607.128182
306.000000 1600.974545
307.200000 1594.901818
308.400000 1588.920000
309.600000 1583.034545
310.800000 1577.254545
312.000000 1571.571818
313.200000 1565.983636
314.400000 1560.489091
315.600000 1555.085455
316.800000 1549.764545
318.000000 1544.527273
319.200000 1539.375455
320.400000 1534.303636
321.600000 1529.316364
322.800000 1524.412727
324.000000 1519.594545
325.200000 1514.864545
326.400000 1510.221818
327.600000 1505.670000
328.800000 1501.209091
330.000000 1496.837273
331.200000 1492.556364
332.400000 1488.358182
333.600000 1484.239091
334.800000 1480.198182
336.000000 1476.232727
337.200000 1472.337273
338.400000 1468.508182
339.600000 1464.743636
340.800000 1461.041818
342.000000 1457.399091
343.200000 1453.813636
344.400000 1450.281818
345.600000 1446.802727
346.800000 1443.374545
348.000000 1439.994545
349.200000 1436.661818
350.400000 1433.370909
351.600000 1430.126364
352.800000 1426.922727
354.000000 1423.760909
355.200000 1420.638182
356.400000 1417.552727
357.600000 1414.504545
358.800000 1411.493636
360.000000 1408.514545
361.200000 1405.570909
362.400000 1402.660909
363.600000 1399.783636
364.800000 1396.937273
366.000000 1394.120000
367.200000 1391.334545
368.400000 1388.580000
369.600000 1385.854545
370.800000 1383.156364
372.000000 1380.489091
373.200000 1377.850909
374.400000 1375.243636
375.600000 1372.666364
376.800000 1370.114545
378.000000 1367.594545
379.200000 1365.099091
380.400000 1362.633636
381.600000 1360.194545
382.800000 1357.781818
384.000000 1355.396364
385.200000 1353.036364
386.400000 1350.703636
387.600000 1348.396364
388.800000 1346.115455
390.000000 1343.863636
391.200000 1341.638182
392.400000 1339.441818
393.600000 1337.273636
394.800000 1335.132727
396.000000 1333.019091
397.200000 1330.930909
398.400000 1328.869091
399.600000 1326.837273
400.800000 1324.833636
402.000000 1322.858182
403.200000 1320.912727
404.400000 1318.993636
405.600000 1317.103636
406.800000 1315.242727
408.000000 1313.410000
409.200000 1311.606364
410.400000 1309.829091
411.600000 1308.081818
412.800000 1306.362727
414.000000 1304.673636
415.200000 1303.015455
416.400000 1301.385455
417.600000 1299.785455
418.800000 1298.217273
420.000000 1296.673636
421.200000 1295.160000
422.400000 1293.676364
423.600000 1292.212727
424.800000 1290.780000
426.000000 1289.371818
427.200000 1287.990000
428.400000 1286.632727
429.600000 1285.300000
430.800000 1283.990000
432.000000 1282.706364
433.200000 1281.446364
434.400000 1280.206364
435.600000 1278.990909
436.800000 1277.798182
438.000000 1276.628182
439.200000 1275.481818
440.400000 1274.357273
441.600000 1273.258182
442.800000 1272.181818
444.000000 1271.128182
445.200000 1270.096364
446.400000 1269.085455
447.600000 1268.099091
448.800000 1267.137273
450.000000 1266.200000
451.200000 1265.289091
452.400000 1264.402727
453.600000 1263.540909
454.800000 1262.701818
456.000000 1261.891818
457.200000 1261.101818
458.400000 1260.337273
459.600000 1259.593636
460.800000 1258.872727
462.000000 1258.174545
463.200000 1257.493636
464.400000 1256.837273
465.600000 1256.198182
466.800000 1255.578182
468.000000 1254.977273
469.200000 1254.395455
470.400000 1253.833636
471.600000 1253.286364
472.800000 1252.756364
474.000000 1252.245455
475.200000 1251.750000
476.400000 1251.271818
477.600000 1250.807273
478.800000 1250.360909
480.000000 1249.927273
481.200000 1249.509091
482.400000 1249.105455
483.600000 1248.715455
484.800000 1248.340000
486.000000 1247.976364
487.200000 1247.628182
488.400000 1247.290909
489.600000 1246.968182
490.800000 1246.657273
492.000000 1246.357273
493.200000 1246.071818
494.400000 1245.793636
495.600000 1245.528182
496.800000 1245.276364
498.000000 1245.032727
499.200000 1244.800000
500.400000 1244.578182
501.600000 1244.366364
502.800000 1244.163636
504.000000 1243.970909
505.200000 1243.787273
506.400000 1243.614545
507.600000 1243.447273
508.800000 1243.291818
510.000000 1243.144545
511.200000 1243.006364
512.400000 1242.874545
513.600000 1242.750909
514.800000 1242.634545
516.000000 1242.528182
517.200000 1242.428182
518.400000 1242.332727
519.600000 1242.249091
520.800000 1242.169091
522.000000 1242.098182
523.200000 1242.034545
524.400000 1241.975455
525.600000 1241.922727
526.800000 1241.878182
528.000000 1241.837273
529.200000 1241.804545
530.400000 1241.776364
531.600000 1241.754545
532.800000 1241.736364
534.000000 1241.726364
535.200000 1241.720000
536.400000 1241.720000
537.600000 1241.723636
538.800000 1241.732727
540.000000 1241.746364
541.200000 1241.765455
542.400000 1241.789091
543.600000 1241.817273
544.800000 1241.847273
546.000000 1241.884545
547.200000 1241.923636
548.400000 1241.968182
549.600000 1242.014545
550.800000 1242.067273
552.000000 1242.120909
553.200000 1242.180000
554.400000 1242.242727
555.600000 1242.304545
556.800000 1242.371818
558.000000 1242.442727
559.200000 1242.518182
560.400000 1242.592727
561.600000 1242.671818
562.800000 1242.751818
564.000000 1242.836364
565.200000 1242.922727
566.400000 1243.010000
567.600000 1243.099091
568.800000 1243.190909
570.000000 1243.283636
571.200000 1243.381818
572.400000 1243.477273
573.600000 1243.578182
574.800000 1243.678182
576.000000 1243.778182
577.200000 1243.882727
578.400000 1243.989091
579.600000 1244.093636
580.800000 1244.201818
582.000000 1244.307273
583.200000 1244.419091
584.400000 1244.526364
585.600000 1244.640000
586.800000 1244.751818
588.000000 1244.864545
589.200000 1244.977273
590.400000 1245.091818
591.600000 1245.207273
592.800000 1245.321818
594.000000 1245.437273
595.200000 1245.553636
596.400000 1245.670909
597.600000 1245.785455
598.800000 1245.902727
600.000000 1246.020000
601.200000 1246.137273
602.400000 1246.256364
603.600000 1246.372727
604.800000 1246.490000
606.000000 1246.608182
607.200000 1246.726364
608.400000 1246.842727
609.600000 1246.960000
610.800000 1247.076364
612.000000 1247.194545
613.200000 1247.310909
614.400000 1247.429091
615.600000 1247.542727
616.800000 1247.660000
618.000000 1247.774545
619.200000 1247.889091
620.400000 1248.004545
621.600000 1248.118182
622.800000 1248.232727
624.000000 1248.344545
625.200000 1248.459091
626.400000 1248.569091
627.600000 1248.680909
628.800000 1248.791818
630.000000 1248.902727
631.200000 1249.011818
632.400000 1249.121818
633.600000 1249.227273
634.800000 1249.336364
636.000000 1249.443636
637.200000 1249.546364
638.400000 1249.652727
639.600000 1249.758182
640.800000 1249.860909
642.000000 1249.963636
643.200000 1250.063636
644.400000 1250.164545
645.600000 1250.264545
646.800000 1250.361818
648.000000 1250.460000
649.200000 1250.555455
650.400000 1250.650909
651.600000 1250.743636
652.800000 1250.839091
654.000000 1250.929091
655.200000 1251.019091
656.400000 1251.109091
657.600000 1251.197273
658.800000 1251.284545
660.000000 1251.368182
661.200000 1251.454545
662.400000 1251.540000
663.600000 1251.620000
664.800000 1251.700909
666.000000 1251.780000
667.200000 1251.857273
668.400000 1251.935455
669.600000 1252.010000
670.800000 1252.084545
672.000000 1252.160000
673.200000 1252.230909
674.400000 1252.300909
675.600000 1252.370909
676.800000 1252.438182
678.000000 1252.506364
679.200000 1252.571818
680.400000 1252.634545
681.600000 1252.699091
682.800000 1252.760000
684.000000 1252.823636
685.200000 1252.881818
686.400000 1252.940000
687.600000 1252.996364
688.800000 1253.053636
690.000000 1253.109091
691.200000 1253.161818
692.400000 1253.213636
693.600000 1253.266364
694.800000 1253.316364
696.000000 1253.365455
697.200000 1253.413636
698.400000 1253.461818
699.600000 1253.508182
700.800000 1253.553636
702.000000 1253.595455
703.200000 1253.639091
704.400000 1253.680909
705.600000 1253.720909
706.800000 1253.761818
708.000000 1253.800000
709.200000 1253.838182
710.400000 1253.876364
711.600000 1253.910909
712.800000 1253.945455
714.000000 1253.980909
715.200000 1254.011818
716.400000 1254.043636
717.600000 1254.076364
718.800000 1254.104545
720.000000 1254.132727
721.200000 1254.162727
722.400000 1254.188182
723.600000 1254.214545
724.800000 1254.238182
726.000000 1254.265455
727.200000 1254.287273
728.400000 1254.310000
729.600000 1254.330909
730.800000 1254.350909
732.000000 1254.369091
733.200000 1254.389091
734.400000 1254.403636
735.600000 1254.420000
736.800000 1254.435455
738.000000 1254.450909
739.200000 1254.466364
740.400000 1254.476364
741.600000 1254.489091
742.800000 1254.500000
744.000000 1254.508182
745.200000 1254.517273
746.400000 1254.526364
747.600000 1254.533636
748.800000 1254.539091
750.000000 1254.546364
751.200000 1254.549091
752.400000 1254.554545
753.600000 1254.556364
754.800000 1254.559091
756.000000 1254.560909
757.200000 1254.563636
758.400000 1254.562727
759.600000 1254.560000
760.800000 1254.561818
762.000000 1254.560909
763.200000 1254.557273
764.400000 1254.552727
765.600000 1254.550000
766.800000 1254.548182
768.000000 1254.543636
769.200000 1254.538182
770.400000 1254.533636
771.600000 1254.526364
772.800000 1254.520000
774.000000 1254.511818
775.200000 1254.507273
776.400000 1254.497273
777.600000 1254.490000
778.800000 1254.480909
780.000000 1254.473636
781.200000 1254.465455
782.400000 1254.451818
783.600000 1254.443636
784.800000 1254.434545
786.000000 1254.423636
787.200000 1254.410909
788.400000 1254.398182
789.600000 1254.388182
790.800000 1254.375455
792.000000 1254.361818
793.200000 1254.349091
794.400000 1254.337273
795.600000 1254.325455
796.800000 1254.311818
798.000000 1254.298182
799.200000 1254.282727
800.400000 1254.269091
801.600000 1254.268182
802.800000 1254.303636
804.000000 1254.404545
805.200000 1254.593636
806.400000 1254.897273
807.600000 1255.334545
808.800000 1255.929091
810.000000 1256.701818
811.200000 1257.670000
812.400000 1258.850000
813.600000 1260.260000
814.800000 1261.913636
816.000000 1263.824545
817.200000 1266.012727
818.400000 1268.487273
819.600000 1271.260909
820.800000 1274.343636
822.000000 1277.744545
823.200000 1281.474545
824.400000 1285.537273
825.600000 1289.939091
826.800000 1294.681818
828.000000 1299.773636
829.200000 1305.211818
830.400000 1310.998182
831.600000 1317.135455
832.800000 1323.620000
834.000000 1330.452727
835.200000 1337.632727
836.400000 1345.150909
837.600000 1353.008182
838.800000 1361.200000
840.000000 1369.719091
841.200000 1378.562727
842.400000 1387.719091
843.600000 1397.185455
844.800000 1406.950909
846.000000 1417.009091
847.200000 1427.349091
848.400000 1437.964545
849.600000 1448.842727
850.800000 1459.975455
852.000000 1471.350909
853.200000 1482.958182
854.400000 1494.786364
855.600000 1506.821818
856.800000 1519.055455
858.000000 1531.474545
859.200000 1544.065455
860.400000 1556.817273
861.600000 1569.717273
862.800000 1582.750000
864.000000 1595.906364
865.200000 1609.170909
866.400000 1622.534545
867.600000 1635.980909
868.800000 1649.497273
870.000000 1663.070909
871.200000 1676.693636
872.400000 1690.349091
873.600000 1704.022727
874.800000 1717.707273
876.000000 1731.388182
877.200000 1745.054545
878.400000 1758.693636
879.600000 1772.295455
880.800000 1785.846364
882.000000 1799.337273
883.200000 1812.755455
884.400000 1826.097273
885.600000 1839.345455
886.800000 1852.490000
888.000000 1865.528182
889.200000 1878.444545
890.400000 1891.234545
891.600000 1903.886364
892.800000 1916.391818
894.000000 1928.747273
895.200000 1940.940000
896.400000 1952.965455
897.600000 1964.820000
898.800000 1976.490909
900.000000 1987.976364
901.200000 1999.270909
902.400000 2010.369091
903.600000 2021.263636
904.800000 2031.950909
906.000000 2042.425455
907.200000 2052.686364
908.400000 2062.730000
909.600000 2072.549091
910.800000 2082.144545
912.000000 2091.512727
913.200000 2100.651818
914.400000 2109.556364
915.600000 2118.230000
916.800000 2126.666364
918.000000 2134.869091
919.200000 2142.832727
920.400000 2150.561818
921.600000 2158.050000
922.800000 2165.300000
924.000000 2172.315455
925.200000 2179.089091
926.400000 2185.629091
927.600000 2191.931818
928.800000 2197.997273
930.000000 2203.832727
931.200000 2209.433636
932.400000 2214.803636
933.600000 2219.946364
934.800000 2224.860909
936.000000 2229.550909
937.200000 2234.020000
938.400000 2238.270909
939.600000 2242.303636
940.800000 2246.126364
942.000000 2249.736364
943.200000 2253.142727
944.400000 2256.346364
945.600000 2259.350000
946.800000 2262.160000
948.000000 2264.777273
949.200000 2267.209091
950.400000 2269.458182
951.600000 2271.527273
952.800000 2273.419091
954.000000 2275.141818
955.200000 2276.698182
956.400000 2278.090909
957.600000 2279.326364
958.800000 2280.407273
960.000000 2281.338182
961.200000 2282.120000
962.400000 2282.760909
963.600000 2283.261818
964.800000 2283.629091
966.000000 2283.863636
967.200000 2283.972727
968.400000 2283.956364
969.600000 2283.820909
970.800000 2283.568182
972.000000 2283.202727
973.200000 2282.726364
974.400000 2282.141818
975.600000 2281.455455
976.800000 2280.667273
978.000000 2279.782727
979.200000 2278.802727
980.400000 2277.730000
981.600000 2276.567273
982.800000 2275.318182
984.000000 2273.986364
985.200000 2272.570909
986.400000 2271.076364
987.600000 2269.504545
988.800000 2267.856364
990.000000 2266.133636
991.200000 2264.338182
992.400000 2262.475455
993.600000 2260.544545
994.800000 2258.544545
996.000000 2256.479091
997.200000 2254.351818
998.400000 2252.159091
999.600000 2249.904545
1000.800000 2247.591818
1002.000000 2245.217273
1003.200000 2242.787273
1004.400000 2240.296364
1005.600000 2237.749091
1006.800000 2235.146364
1008.000000 2232.486364
1009.200000 2229.770909
1010.400000 2227.004545
1011.600000 2224.180909
1012.800000 2221.305455
1014.000000 2218.376364
1015.200000 2215.395455
1016.400000 2212.359091
1017.600000 2209.271818
1018.800000 2206.134545
1020.000000 2202.941818
1021.200000 2199.700000
1022.400000 2196.404545
1023.600000 2193.058182
1024.800000 2189.661818
1026.000000 2186.211818
1027.200000 2182.714545
1028.400000 2179.163636
1029.600000 2175.561818
1030.800000 2171.910000
1032.000000 2168.206364
1033.200000 2164.453636
1034.400000 2160.647273
1035.600000 2156.792727
1036.800000 2152.885455
1038.000000 2148.934545
1039.200000 2144.929091
1040.400000 2140.872727
1041.600000 2136.765455
1042.800000 2132.611818
1044.000000 2128.410000
1045.200000 2124.157273
1046.400000 2119.855455
1047.600000 2115.506364
1048.800000 2111.107273
1050.000000 2106.664545
1051.200000 2102.170909
1052.400000 2097.630909
1053.600000 2093.044545
1054.800000 2088.413636
1056.000000 2083.737273
1057.200000 2079.016364
1058.400000 2074.250909
1059.600000 2069.439091
1060.800000 2064.590000
1062.000000 2059.697273
1063.200000 2054.761818
1064.400000 2049.786364
1065.600000 2044.771818
1066.800000 2039.718182
1068.000000 2034.626364
1069.200000 2029.499091
1070.400000 2024.333636
1071.600000 2019.133636
1072.800000 2013.899091
1074.000000 2008.631818
1075.200000 2003.330000
1076.400000 1998.000909
1077.600000 1992.638182
1078.800000 1987.245455
1080.000000 1981.825455
1081.200000 1976.375455
1082.400000 1970.900000
1083.600000 1965.399091
1084.800000 1959.874545
1086.000000 1954.323636
1087.200000 1948.751818
1088.400000 1943.156364
1089.600000 1937.537273
1090.800000 1931.900000
1092.000000 1926.244545
1093.200000 1920.571818
1094.400000 1914.880000
1095.600000 1909.175455
1096.800000 1903.453636
1098.000000 1897.717273
1099.200000 1891.970909
1100.400000 1886.213636
1101.600000 1880.443636
1102.800000 1874.667273
1104.000000 1868.881818
1105.200000 1863.087273
1106.400000 1857.289091
1107.600000 1851.484545
1108.800000 1845.680909
1110.000000 1839.872727
1111.200000 1834.062727
1112.400000 1828.254545
1113.600000 1822.448182
1114.800000 1816.640909
1116.000000 1810.840000
1117.200000 1805.045455
1118.400000 1799.256364
1119.600000 1793.470909
1120.800000 1787.696364
1122.000000 1781.932727
1123.200000 1776.183636
1124.400000 1770.454545
1125.600000 1764.741818
1126.800000 1759.046364
1128.000000 1753.376364
1129.200000 1747.721818
1130.400000 1742.095455
1131.600000 1736.494545
1132.800000 1730.923636
1134.000000 1725.385455
1135.200000 1719.886364
1136.400000 1714.423636
1137.600000 1709.000000
1138.800000 1703.612727
1140.000000 1698.263636
1141.200000 1692.950000
1142.400000 1687.675455
1143.600000 1682.440000
1144.800000 1677.248182
1146.000000 1672.099091
1147.200000 1666.995455
1148.400000 1661.934545
1149.600000 1656.920909
1150.800000 1651.956364
1152.000000 1647.035455
1153.200000 1642.160909
1154.400000 1637.333636
1155.600000 1632.550909
1156.800000 1627.814545
1158.000000 1623.129091
1159.200000 1618.491818
1160.400000 1613.902727
1161.600000 1609.361818
1162.800000 1604.870909
1164.000000 1600.429091
1165.200000 1596.035455
1166.400000 1591.694545
1167.600000 1587.400909
1168.800000 1583.156364
1170.000000 1578.962727
1171.200000 1574.819091
1172.400000 1570.730000
1173.600000 1566.689091
1174.800000 1562.702727
1176.000000 1558.769091
1177.200000 1554.887273
1178.400000 1551.062727
1179.600000 1547.290909
1180.800000 1543.569091
1182.000000 1539.897273
1183.200000 1536.278182
1184.400000 1532.713636
1185.600000 1529.200909
1186.800000 1525.741818
1188.000000 1522.332727
1189.200000 1518.973636
1190.400000 1515.670909
1191.600000 1512.416364
1192.800000 1509.216364
1194.000000 1506.065455
1195.200000 1502.965455
1196.400000 1499.910909
1197.600000 1496.903636
1198.800000 1493.939091
1200.000000 1491.018182
1201.200000 1488.139091
1202.400000 1485.300000
1203.600000 1482.499091
1204.800000 1479.736364
1206.000000 1477.011818
1207.200000 1474.320000
1208.400000 1471.666364
1209.600000 1469.045455
1210.800000 1466.456364
1212.000000 1463.901818
1213.200000 1461.377273
1214.400000 1458.885455
1215.600000 1456.422727
1216.800000 1453.987273
1218.000000 1451.582727
1219.200000 1449.206364
1220.400000 1446.857273
1221.600000 1444.534545
1222.800000 1442.242727
1224.000000 1439.973636
1225.200000 1437.731818
1226.400000 1435.513636
1227.600000 1433.322727
1228.800000 1431.155455
1230.000000 1429.011818
1231.200000 1426.895455
1232.400000 1424.800909
1233.600000 1422.729091
1234.800000 1420.682727
1236.000000 1418.658182
1237.200000 1416.656364
1238.400000 1414.680000
1239.600000 1412.720000
1240.800000 1410.787273
1242.000000 1408.874545
1243.200000 1406.984545
1244.400000 1405.117273
1245.600000 1403.270000
1246.800000 1401.444545
1248.000000 1399.641818
1249.200000 1397.859091
1250.400000 1396.097273
1251.600000 1394.358182
1252.800000 1392.641818
1254.000000 1390.947273
1255.200000 1389.276364
1256.400000 1387.628182
1257.600000 1386.002727
1258.800000 1384.401818
1260.000000 1382.829091
1261.200000 1381.290909
1262.400000 1379.780909
1263.600000 1378.304545
1264.800000 1376.861818
1266.000000 1375.450000
1267.200000 1374.074545
1268.400000 1372.732727
1269.600000 1371.428182
1270.800000 1370.157273
1272.000000 1368.920000
1273.200000 1367.716364
1274.400000 1366.545455
1275.600000 1365.408182
1276.800000 1364.301818
1278.000000 1363.225455
1279.200000 1362.182727
1280.400000 1361.170909
1281.600000 1360.192727
1282.800000 1359.240909
1284.000000 1358.319091
1285.200000 1357.422727
1286.400000 1356.555455
1287.600000 1355.710000
1288.800000 1354.898182
1290.000000 1354.106364
1291.200000 1353.340909
1292.400000 1352.598182
1293.600000 1351.877273
1294.800000 1351.181818
1296.000000 1350.502727
1297.200000 1349.845455
1298.400000 1349.207273
1299.600000 1348.585455
1300.800000 1347.983636
1302.000000 1347.397273
1303.200000 1346.830000
1304.400000 1346.273636
1305.600000 1345.734545
1306.800000 1345.210909
1308.000000 1344.701818
1309.200000 1344.210909
1310.400000 1343.740000
1311.600000 1343.284545
1312.800000 1342.841818
1314.000000 1342.415455
1315.200000 1342.000000
1316.400000 1341.603636
1317.600000 1341.216364
1318.800000 1340.842727
1320.000000 1340.477273
1321.200000 1340.126364
1322.400000 1339.785455
1323.600000 1339.452727
1324.800000 1339.131818
1326.000000 1338.818182
1327.200000 1338.513636
1328.400000 1338.220000
1329.600000 1337.936364
1330.800000 1337.662727
1332.000000 1337.397273
1333.200000 1337.140000
1334.400000 1336.892727
1335.600000 1336.652727
1336.800000 1336.419091
1338.000000 1336.193636
1339.200000 1335.973636
1340.400000 1335.759091
1341.600000 1335.551818
1342.800000 1335.350000
1344.000000 1335.153636
1345.200000 1334.960909
1346.400000 1334.772727
1347.600000 1334.589091
1348.800000 1334.408182
1350.000000 1334.230909
1351.200000 1334.059091
1352.400000 1333.889091
1353.600000 1333.724545
1354.800000 1333.563636
1356.000000 1333.410000
1357.200000 1333.257273
1358.400000 1333.111818
1359.600000 1332.967273
1360.800000 1332.827273
1362.000000 1332.690909
1363.200000 1332.557273
1364.400000 1332.424545
1365.600000 1332.296364
1366.800000 1332.169091
1368.000000 1332.045455
1369.200000 1331.925455
1370.400000 1331.810000
1371.600000 1331.700909
1372.800000 1331.592727
1374.000000 1331.486364
1375.200000 1331.384545
1376.400000 1331.284545
1377.600000 1331.185455
1378.800000 1331.090000
1380.000000 1330.996364
1381.200000 1330.905455
1382.400000 1330.813636
1383.600000 1330.723636
1384.800000 1330.632727
1386.000000 1330.544545
1387.200000 1330.456364
1388.400000 1330.370000
1389.600000 1330.281818
1390.800000 1330.194545
1392.000000 1330.107273
1393.200000 1330.019091
1394.400000 1329.932727
1395.600000 1329.842727
1396.800000 1329.755455
1398.000000 1329.666364
1399.200000 1329.575455
1400.400000 1329.486364
1401.600000 1329.396364
1402.800000 1329.306364
1404.000000 1329.218182
1405.200000 1329.133636
1406.400000 1329.048182
1407.600000 1328.966364
1408.800000 1328.882727
1410.000000 1328.800909
1411.200000 1328.720000
1412.400000 1328.639091
1413.600000 1328.557273
1414.800000 1328.477273
1416.000000 1328.397273
1417.200000 1328.317273
1418.400000 1328.237273
1419.600000 1328.155455
1420.800000 1328.075455
1422.000000 1327.992727
1423.200000 1327.913636
1424.400000 1327.830909
1425.600000 1327.747273
1426.800000 1327.664545
1428.000000 1327.582727
1429.200000 1327.494545
1430.400000 1327.410000
1431.600000 1327.323636
1432.800000 1327.238182
1434.000000 1327.150000
1435.200000 1327.062727
1436.400000 1326.972727
1437.600000 1326.880909
1438.800000 1326.791818
1440.000000 1326.699091
1441.200000 1326.605455
1442.400000 1326.510909
1443.600000 1326.419091
1444.800000 1326.325455
1446.000000 1326.234545
1447.200000 1326.145455
1448.400000 1326.056364
1449.600000 1325.968182
1450.800000 1325.882727
1452.000000 1325.797273
1453.200000 1325.715455
1454.400000 1325.635455
1455.600000 1325.560909
1456.800000 1325.484545
1458.000000 1325.414545
1459.200000 1325.351818
1460.400000 1325.288182
1461.600000 1325.230000
1462.800000 1325.175455
1464.000000 1325.123636
1465.200000 1325.074545
1466.400000 1325.027273
1467.600000 1324.982727
1468.800000 1324.939091
1470.000000 1324.898182
1471.200000 1324.860000
1472.400000 1324.823636
1473.600000 1324.787273
1474.800000 1324.754545
1476.000000 1324.724545
1477.200000 1324.700909
1478.400000 1324.678182
1479.600000 1324.657273
1480.800000 1324.639091
1482.000000 1324.621818
1483.200000 1324.607273
1484.400000 1324.595455
1485.600000 1324.584545
1486.800000 1324.574545
1488.000000 1324.565455
1489.200000 1324.558182
1490.400000 1324.550909
1491.600000 1324.542727
1492.800000 1324.538182
1494.000000 1324.530000
1495.200000 1324.525455
1496.400000 1324.520000
1497.600000 1324.513636
1498.800000 1324.506364
1500.000000 1324.500000
1501.200000 1324.493636
1502.400000 1324.487273
1503.600000 1324.479091
1504.800000 1324.467273
1506.000000 1324.460000
1507.200000 1324.447273
1508.400000 1324.435455
1509.600000 1324.421818
1510.800000 1324.409091
1512.000000 1324.392727
1513.200000 1324.378182
1514.400000 1324.360000
1515.600000 1324.340909
1516.800000 1324.321818
1518.000000 1324.305455
1519.200000 1324.290000
1520.400000 1324.276364
1521.600000 1324.268182
1522.800000 1324.262727
1524.000000 1324.257273
1525.200000 1324.253636
1526.400000 1324.252727
1527.600000 1324.251818
1528.800000 1324.256364
1530.000000 1324.258182
1531.200000 1324.266364
1532.400000 1324.279091
1533.600000 1324.297273
1534.800000 1324.320909
1536.000000 1324.348182
1537.200000 1324.380909
1538.400000 1324.417273
1539.600000 1324.452727
1540.800000 1324.496364
1542.000000 1324.543636
1543.200000 1324.595455
1544.400000 1324.650909
1545.600000 1324.709091
1546.800000 1324.770000
1548.000000 1324.834545
1549.200000 1324.900000
1550.400000 1324.967273
1551.600000 1325.036364
1552.800000 1325.107273
1554.000000 1325.177273
1555.200000 1325.247273
1556.400000 1325.320909
1557.600000 1325.392727
1558.800000 1325.464545
1560.000000 1325.536364
1561.200000 1325.607273
1562.400000 1325.677273
1563.600000 1325.747273
1564.800000 1325.816364
1566.000000 1325.881818
1567.200000 1325.948182
1568.400000 1326.011818
1569.600000 1326.075455
1570.800000 1326.135455
1572.000000 1326.193636
1573.200000 1326.250000
1574.400000 1326.303636
1575.600000 1326.355455
1576.800000 1326.405455
1578.000000 1326.454545
1579.200000 1326.496364
1580.400000 1326.539091
1581.600000 1326.580909
1582.800000 1326.617273
1584.000000 1326.651818
1585.200000 1326.681818
1586.400000 1326.710000
1587.600000 1326.737273
1588.800000 1326.758182
1590.000000 1326.779091
1591.200000 1326.796364
1592.400000 1326.810909
1593.600000 1326.821818
1594.800000 1326.831818
1596.000000 1326.838182
1597.200000 1326.838182
1598.400000 1326.840909
1599.600000 1326.838182
1600.800000 1326.828182
1602.000000 1326.784545
1603.200000 1326.662727
1604.400000 1326.452727
1605.600000 1326.150000
1606.800000 1325.741818
1608.000000 1325.218182
1609.200000 1324.566364
1610.400000 1323.768182
1611.600000 1322.821818
1612.800000 1321.718182
1614.000000 1320.461818
1615.200000 1319.064545
1616.400000 1317.540909
1617.600000 1315.913636
1618.800000 1314.196364
1620.000000 1312.402727
1621.200000 1310.552727
1622.400000 1308.662727
1623.600000 1306.753636
1624.800000 1304.840909
1626.000000 1302.943636
1627.200000 1301.084545
1628.400000 1299.288182
1629.600000 1297.577273
1630.800000 1295.981818
1632.000000 1294.529091
1633.200000 1293.248182
1634.400000 1292.171818
1635.600000 1291.329091
1636.800000 1290.751818
1638.000000 1290.468182
1639.200000 1290.502727
1640.400000 1290.889091
1641.600000 1291.645455
1642.800000 1292.795455
1644.000000 1294.360909
1645.200000 1296.349091
1646.400000 1298.775455
1647.600000 1301.657273
1648.800000 1304.999091
1650.000000 1308.796364
1651.200000 1313.025455
1652.400000 1317.667273
1653.600000 1322.703636
1654.800000 1328.117273
1656.000000 1333.891818
1657.200000 1340.013636
1658.400000 1346.464545
1659.600000 1353.231818
1660.800000 1360.298182
1662.000000 1367.655455
1663.200000 1375.288182
1664.400000 1383.181818
1665.600000 1391.323636
1666.800000 1399.703636
1668.000000 1408.310909
1669.200000 1417.129091
1670.400000 1426.148182
1671.600000 1435.354545
1672.800000 1444.732727
1674.000000 1454.267273
1675.200000 1463.940000
1676.400000 1473.735455
1677.600000 1483.632727
1678.800000 1493.620909
1680.000000 1503.680000
1681.200000 1513.792727
1682.400000 1523.943636
1683.600000 1534.109091
1684.800000 1544.270000
1686.000000 1554.405455
1687.200000 1564.493636
1688.400000 1574.515455
1689.600000 1584.450000
1690.800000 1594.281818
1692.000000 1603.991818
1693.200000 1613.561818
1694.400000 1622.976364
1695.600000 1632.223636
1696.800000 1641.280000
1698.000000 1650.140909
1699.200000 1658.786364
1700.400000 1667.204545
1701.600000 1675.380000
1702.800000 1683.308182
1704.000000 1690.974545
1705.200000 1698.367273
1706.400000 1705.482727
1707.600000 1712.304545
1708.800000 1718.832727
1710.000000 1725.059091
1711.200000 1730.978182
1712.400000 1736.582727
1713.600000 1741.869091
1714.800000 1746.837273
1716.000000 1751.482727
1717.200000 1755.801818
1718.400000 1759.795455
1719.600000 1763.460909
1720.800000 1766.799091
1722.000000 1769.810000
1723.200000 1772.499091
1724.400000 1774.863636
1725.600000 1776.909091
1726.800000 1778.636364
1728.000000 1780.057273
1729.200000 1781.165455
1730.400000 1781.976364
1731.600000 1782.490000
1732.800000 1782.716364
1734.000000 1782.662727
1735.200000 1782.330909
1736.400000 1781.733636
1737.600000 1780.877273
1738.800000 1779.768182
1740.000000 1778.418182
1741.200000 1776.830000
1742.400000 1775.022727
1743.600000 1772.995455
1744.800000 1770.760000
1746.000000 1768.327273
1747.200000 1765.703636
1748.400000 1762.899091
1749.600000 1759.927273
1750.800000 1756.790000
1752.000000 1753.500909
1753.200000 1750.068182
1754.400000 1746.500000
1755.600000 1742.806364
1756.800000 1738.996364
1758.000000 1735.077273
1759.200000 1731.057273
1760.400000 1726.945455
1761.600000 1722.750909
1762.800000 1718.480000
1764.000000 1714.140000
1765.200000 1709.740000
1766.400000 1705.285455
1767.600000 1700.786364
1768.800000 1696.246364
1770.000000 1691.673636
1771.200000 1687.077273
1772.400000 1682.459091
1773.600000 1677.828182
1774.800000 1673.189091
1776.000000 1668.549091
1777.200000 1663.912727
1778.400000 1659.287273
1779.600000 1654.673636
1780.800000 1650.081818
1782.000000 1645.514545
1783.200000 1640.975455
1784.400000 1636.468182
1785.600000 1631.999091
1786.800000 1627.570000
1788.000000 1623.185455
1789.200000 1618.848182
1790.400000 1614.562727
1791.600000 1610.330000
1792.800000 1606.155455
1794.000000 1602.038182
1795.200000 1597.983636
1796.400000 1593.990909
1797.600000 1590.064545
1798.800000 1586.207273
1800.000000 1582.413636
1801.200000 1578.690909
1802.400000 1575.040909
1803.600000 1571.461818
1804.800000 1567.955455
1806.000000 1564.520000
1807.200000 1561.160909
1808.400000 1557.874545
1809.600000 1554.662727
1810.800000 1551.524545
1812.000000 1548.463636
1813.200000 1545.471818
1814.400000 1542.557273
1815.600000 1539.713636
1816.800000 1536.944545
1818.000000 1534.244545
1819.200000 1531.619091
1820.400000 1529.062727
1821.600000 1526.574545
1822.800000 1524.155455
1824.000000 1521.803636
1825.200000 1519.519091
1826.400000 1517.297273
1827.600000 1515.139091
1828.800000 1513.045455
1830.000000 1511.010909
1831.200000 1509.036364
1832.400000 1507.120000
1833.600000 1505.261818
1834.800000 1503.453636
1836.000000 1501.704545
1837.200000 1500.002727
1838.400000 1498.352727
1839.600000 1496.750000
1840.800000 1495.194545
1842.000000 1493.683636
1843.200000 1492.217273
1844.400000 1490.792727
1845.600000 1489.407273
1846.800000 1488.061818
1848.000000 1486.750909
1849.200000 1485.474545
1850.400000 1484.230909
1851.600000 1483.019091
1852.800000 1481.840000
1854.000000 1480.688182
1855.200000 1479.560909
1856.400000 1478.460000
1857.600000 1477.381818
1858.800000 1476.325455
1860.000000 1475.292727
1861.200000 1474.277273
1862.400000 1473.279091
1863.600000 1472.297273
1864.800000 1471.332727
1866.000000 1470.378182
1867.200000 1469.440000
1868.400000 1468.510000
1869.600000 1467.591818
1870.800000 1466.682727
1872.000000 1465.780000
1873.200000 1464.886364
1874.400000 1463.995455
1875.600000 1463.112727
1876.800000 1462.230000
1878.000000 1461.352727
1879.200000 1460.475455
1880.400000 1459.597273
1881.600000 1458.722727
1882.800000 1457.847273
1884.000000 1456.967273
1885.200000 1456.089091
1886.400000 1455.204545
1887.600000 1454.318182
1888.800000 1453.425455
1890.000000 1452.529091
1891.200000 1451.627273
1892.400000 1450.718182
1893.600000 1449.803636
1894.800000 1448.883636
1896.000000 1447.953636
1897.200000 1447.019091
1898.400000 1446.074545
1899.600000 1445.122727
1900.800000 1444.161818
1902.000000 1443.191818
1903.200000 1442.214545
1904.400000 1441.227273
1905.600000 1440.230000
1906.800000 1439.227273
1908.000000 1438.212727
1909.200000 1437.190000
1910.400000 1436.159091
1911.600000 1435.118182
1912.800000 1434.066364
1914.000000 1433.010000
1915.200000 1431.942727
1916.400000 1430.867273
1917.600000 1429.784545
1918.800000 1428.690909
1920.000000 1427.592727
1921.200000 1426.485455
1922.400000 1425.371818
1923.600000 1424.251818
1924.800000 1423.125455
1926.000000 1421.990909
1927.200000 1420.851818
1928.400000 1419.706364
1929.600000 1418.557273
1930.800000 1417.400909
1932.000000 1416.241818
1933.200000 1415.080000
1934.400000 1413.913636
1935.600000 1412.745455
1936.800000 1411.571818
1938.000000 1410.397273
1939.200000 1409.221818
1940.400000 1408.047273
1941.600000 1406.869091
1942.800000 1405.692727
1944.000000 1404.514545
1945.200000 1403.337273
1946.400000 1402.164545
1947.600000 1400.990909
1948.800000 1399.821818
1950.000000 1398.653636
1951.200000 1397.490909
1952.400000 1396.330909
1953.600000 1395.174545
1954.800000 1394.021818
1956.000000 1392.878182
1957.200000 1391.736364
1958.400000 1390.602727
1959.600000 1389.477273
1960.800000 1388.355455
1962.000000 1387.241818
1963.200000 1386.136364
1964.400000 1385.038182
1965.600000 1383.949091
1966.800000 1382.867273
1968.000000 1381.795455
1969.200000 1380.731818
1970.400000 1379.679091
1971.600000 1378.633636
1972.800000 1377.599091
1974.000000 1376.577273
1975.200000 1375.561818
1976.400000 1374.558182
1977.600000 1373.565455
1978.800000 1372.584545
1980.000000 1371.612727
1981.200000 1370.651818
1982.400000 1369.704545
1983.600000 1368.767273
1984.800000 1367.840000
1986.000000 1366.923636
1987.200000 1366.020000
1988.400000 1365.124545
1989.600000 1364.242727
1990.800000 1363.373636
1992.000000 1362.513636
1993.200000 1361.665455
1994.400000 1360.827273
1995.600000 1360.000000
1996.800000 1359.184545
1998.000000 1358.380000
1999.200000 1357.585455
2000.400000 1356.801818
2001.600000 1356.028182
2002.800000 1355.263636
2004.000000 1354.510909
2005.200000 1353.766364
2006.400000 1353.034545
2007.600000 1352.308182
2008.800000 1351.590909
2010.000000 1350.884545
2011.200000 1350.186364
2012.400000 1349.496364
2013.600000 1348.817273
2014.800000 1348.145455
2016.000000 1347.480909
2017.200000 1346.823636
2018.400000 1346.176364
2019.600000 1345.532727
2020.800000 1344.900000
2022.000000 1344.270000
2023.200000 1343.650909
2024.400000 1343.037273
2025.600000 1342.430000
2026.800000 1341.827273
2028.000000 1341.230909
2029.200000 1340.640909
2030.400000 1340.055455
2031.600000 1339.478182
2032.800000 1338.902727
2034.000000 1338.334545
2035.200000 1337.770000
2036.400000 1337.210000
2037.600000 1336.655455
2038.800000 1336.101818
2040.000000 1335.553636
2041.200000 1335.011818
2042.400000 1334.470000
2043.600000 1333.934545
2044.800000 1333.402727
2046.000000 1332.872727
2047.200000 1332.345455
2048.400000 1331.822727
2049.600000 1331.300909
2050.800000 1330.781818
2052.000000 1330.266364
2053.200000 1329.753636
2054.400000 1329.242727
2055.600000 1328.731818
2056.800000 1328.227273
2058.000000 1327.720909
2059.200000 1327.220909
2060.400000 1326.716364
2061.600000 1326.218182
2062.800000 1325.720909
2064.000000 1325.225455
2065.200000 1324.730000
2066.400000 1324.239091
2067.600000 1323.747273
2068.800000 1323.257273
2070.000000 1322.769091
2071.200000 1322.282727
2072.400000 1321.797273
2073.600000 1321.316364
2074.800000 1320.833636
2076.000000 1320.351818
2077.200000 1319.872727
2078.400000 1319.394545
2079.600000 1318.919091
2080.800000 1318.442727
2082.000000 1317.969091
2083.200000 1317.497273
2084.400000 1317.027273
2085.600000 1316.557273
2086.800000 1316.091818
2088.000000 1315.625455
2089.200000 1315.160000
2090.400000 1314.697273
2091.600000 1314.235455
2092.800000 1313.775455
2094.000000 1313.318182
2095.200000 1312.860909
2096.400000 1312.407273
2097.600000 1311.953636
2098.800000 1311.503636
2100.000000 1311.052727
2101.200000 1310.606364
2102.400000 1310.159091
2103.600000 1309.714545
2104.800000 1309.271818
2106.000000 1308.833636
2107.200000 1308.395455
2108.400000 1307.959091
2109.600000 1307.524545
2110.800000 1307.093636
2112.000000 1306.663636
2113.200000 1306.236364
2114.400000 1305.810000
2115.600000 1305.385455
2116.800000 1304.964545
2118.000000 1304.541818
2119.200000 1304.122727
2120.400000 1303.702727
2121.600000 1303.286364
2122.800000 1302.869091
2124.000000 1302.452727
2125.200000 1302.037273
2126.400000 1301.622727
2127.600000 1301.208182
2128.800000 1300.790000
2130.000000 1300.375455
2131.200000 1299.957273
2132.400000 1299.540000
2133.600000 1299.120909
2134.800000 1298.699091
2136.000000 1298.276364
2137.200000 1297.850909
2138.400000 1297.420000
2139.600000 1296.989091
2140.800000 1296.554545
2142.000000 1296.117273
2143.200000 1295.674545
2144.400000 1295.229091
2145.600000 1294.780909
2146.800000 1294.328182
2148.000000 1293.870909
2149.200000 1293.407273
2150.400000 1292.940909
2151.600000 1292.466364
2152.800000 1291.988182
2154.000000 1291.502727
2155.200000 1291.012727
2156.400000 1290.514545
2157.600000 1290.010909
2158.800000 1289.500909
2160.000000 1288.981818
2161.200000 1288.454545
2162.400000 1287.920000
2163.600000 1287.375455
2164.800000 1286.821818
2166.000000 1286.262727
2167.200000 1285.691818
2168.400000 1285.111818
2169.600000 1284.520000
2170.800000 1283.920000
2172.000000 1283.309091
2173.200000 1282.685455
2174.400000 1282.053636
2175.600000 1281.408182
2176.800000 1280.753636
2178.000000 1280.087273
2179.200000 1279.410000
2180.400000 1278.720000
2181.600000 1278.020909
2182.800000 1277.308182
2184.000000 1276.588182
2185.200000 1275.850909
2186.400000 1275.109091
2187.600000 1274.353636
2188.800000 1273.588182
2190.000000 1272.810909
2191.200000 1272.024545
2192.400000 1271.227273
2193.600000 1270.420909
2194.800000 1269.605455
2196.000000 1268.779091
2197.200000 1267.943636
2198.400000 1267.099091
2199.600000 1266.245455
2200.800000 1265.384545
2202.000000 1264.512727
2203.200000 1263.637273
2204.400000 1262.750909
2205.600000 1261.859091
2206.800000 1260.959091
2208.000000 1260.051818
2209.200000 1259.139091
2210.400000 1258.218182
2211.600000 1257.292727
2212.800000 1256.362727
2214.000000 1255.424545
2215.200000 1254.486364
2216.400000 1253.538182
2217.600000 1252.589091
2218.800000 1251.635455
2220.000000 1250.678182
2221.200000 1249.717273
2222.400000 1248.751818
2223.600000 1247.786364
2224.800000 1246.818182
2226.000000 1245.846364
2227.200000 1244.873636
2228.400000 1243.900000
2229.600000 1242.923636
2230.800000 1241.946364
2232.000000 1240.971818
2233.200000 1239.992727
2234.400000 1239.018182
2235.600000 1238.040000
2236.800000 1237.063636
2238.000000 1236.090000
2239.200000 1235.117273
2240.400000 1234.142727
2241.600000 1233.172727
2242.800000 1232.204545
2244.000000 1231.239091
2245.200000 1230.274545
2246.400000 1229.313636
2247.600000 1228.356364
2248.800000 1227.404545
2250.000000 1226.451818
2251.200000 1225.488182
2252.400000 1224.438182
2253.600000 1223.237273
2254.800000 1221.823636
2256.000000 1220.123636
2257.200000 1218.075455
2258.400000 1215.615455
2259.600000 1212.693636
2260.800000 1209.284545
2262.000000 1205.400909
2263.200000 1201.135455
2264.400000 1196.632727
2265.600000 1192.052727
2266.800000 1187.550909
2268.000000 1183.255455
2269.200000 1179.217273
2270.400000 1175.451818
2271.600000 1171.966364
2272.800000 1168.755455
2274.000000 1165.823636
2275.200000 1163.167273
2276.400000 1160.791818
2277.600000 1158.690909
2278.800000 1156.866364
2280.000000 1155.320000
2281.200000 1154.050909
2282.400000 1153.055455
2283.600000 1152.337273
2284.800000 1151.896364
2286.000000 1151.731818
2287.200000 1151.844545
2288.400000 1152.232727
2289.600000 1152.896364
2290.800000 1153.838182
2292.000000 1155.054545
2293.200000 1156.547273
2294.400000 1158.306364
2295.600000 1160.325455
2296.800000 1162.580909
2298.000000 1165.052727
2299.200000 1167.700000
2300.400000 1170.481818
2301.600000 1173.359091
2302.800000 1176.287273
2304.000000 1179.224545
2305.200000 1182.130000
2306.400000 1184.969091
2307.600000 1187.705455
2308.800000 1190.300000
2310.000000 1192.727273
2311.200000 1194.945455
2312.400000 1196.934545
2313.600000 1198.664545
2314.800000 1200.117273
2316.000000 1201.273636
2317.200000 1202.115455
2318.400000 1202.633636
2319.600000 1202.819091
2320.800000 1202.666364
2322.000000 1202.169091
2323.200000 1201.334545
2324.400000 1200.161818
2325.600000 1198.658182
2326.800000 1196.829091
2328.000000 1194.688182
2329.200000 1192.297273
2330.400000 1190.107273
2331.600000 1188.222727
2332.800000 1186.629091
2334.000000 1185.326364
2335.200000 1184.302727
2336.400000 1183.546364
2337.600000 1183.038182
2338.800000 1182.719091
2340.000000 1182.534545
2341.200000 1182.450909
2342.400000 1182.416364
2343.600000 1182.391818
2344.800000 1182.360909
2346.000000 1182.336364
2347.200000 1182.305455
2348.400000 1182.276364
2349.600000 1182.247273
2350.800000 1182.217273
2352.000000 1182.187273
2353.200000 1182.158182
2354.400000 1182.129091
2355.600000 1182.100909
2356.800000 1182.076364
2358.000000 1182.049091
2359.200000 1182.026364
2360.400000 1182.000909
2361.600000 1181.977273
2362.800000 1181.956364
2364.000000 1181.932727
2365.200000 1181.912727
2366.400000 1181.888182
2367.600000 1181.866364
2368.800000 1181.841818
2370.000000 1181.817273
2371.200000 1181.789091
2372.400000 1181.757273
2373.600000 1181.721818
2374.800000 1181.686364
2376.000000 1181.640909
2377.200000 1181.590909
2378.400000 1181.531818
2379.600000 1181.467273
2380.800000 1181.391818
2382.000000 1181.305455
2383.200000 1181.207273
2384.400000 1181.098182
2385.600000 1180.975455
2386.800000 1180.838182
2388.000000 1180.685455
2389.200000 1180.516364
2390.400000 1180.330909
2391.600000 1180.126364
2392.800000 1179.903636
2394.000000 1179.664545
2395.200000 1179.400000
2396.400000 1179.120000
2397.600000 1178.816364
2398.800000 1178.492727
2400.000000 1178.143636
2401.200000 1177.774545
2402.400000 1177.380909
2403.600000 1176.964545
2404.800000 1176.525455
2406.000000 1176.062727
2407.200000 1175.575455
2408.400000 1175.063636
2409.600000 1174.529091
2410.800000 1173.971818
2412.000000 1173.387273
2413.200000 1172.779091
2414.400000 1172.149091
2415.600000 1171.496364
2416.800000 1170.817273
2418.000000 1170.119091
2419.200000 1169.396364
2420.400000 1168.651818
2421.600000 1167.884545
2422.800000 1167.096364
2424.000000 1166.287273
2425.200000 1165.458182
2426.400000 1164.607273
2427.600000 1163.738182
2428.800000 1162.849091
2430.000000 1161.942727
2431.200000 1161.018182
2432.400000 1160.074545
2433.600000 1159.118182
2434.800000 1158.141818
2436.000000 1157.151818
2437.200000 1156.149091
2438.400000 1155.129091
2439.600000 1154.097273
2440.800000 1153.051818
2442.000000 1151.995455
2443.200000 1150.927273
2444.400000 1149.850000
2445.600000 1148.759091
2446.800000 1147.660909
2448.000000 1146.554545
2449.200000 1145.440000
2450.400000 1144.320000
2451.600000 1143.192727
2452.800000 1142.056364
2454.000000 1140.918182
2455.200000 1139.775455
2456.400000 1138.626364
2457.600000 1137.474545
2458.800000 1136.321818
2460.000000 1135.166364
2461.200000 1134.009091
2462.400000 1132.850000
2463.600000 1131.688182
2464.800000 1130.530909
2466.000000 1129.372727
2467.200000 1128.214545
2468.400000 1127.060909
2469.600000 1125.906364
2470.800000 1124.757273
2472.000000 1123.608182
2473.200000 1122.466364
2474.400000 1121.325455
2475.600000 1120.187273
2476.800000 1119.056364
2478.000000 1117.930909
2479.200000 1116.810000
2480.400000 1115.693636
2481.600000 1114.585455
2482.800000 1113.483636
2484.000000 1112.387273
2485.200000 1111.299091
2486.400000 1110.220909
2487.600000 1109.144545
2488.800000 1108.080000
2490.000000 1107.021818
2491.200000 1105.973636
2492.400000 1104.932727
2493.600000 1103.901818
2494.800000 1102.876364
2496.000000 1101.862727
2497.200000 1100.860909
2498.400000 1099.864545
2499.600000 1098.880000
2500.800000 1097.901818
2502.000000 1096.936364
2503.200000 1095.980909
2504.400000 1095.034545
2505.600000 1094.099091
2506.800000 1093.171818
2508.000000 1092.255455
2509.200000 1091.348182
2510.400000 1090.451818
2511.600000 1089.564545
2512.800000 1088.689091
2514.000000 1087.821818
2515.200000 1086.966364
2516.400000 1086.117273
2517.600000 1085.280909
2518.800000 1084.452727
2520.000000 1083.637273
2521.200000 1082.827273
2522.400000 1082.027273
2523.600000 1081.238182
2524.800000 1080.458182
2526.000000 1079.687273
2527.200000 1078.927273
2528.400000 1078.175455
2529.600000 1077.429091
2530.800000 1076.693636
2532.000000 1075.969091
2533.200000 1075.250000
2534.400000 1074.541818
2535.600000 1073.840000
2536.800000 1073.149091
2538.000000 1072.466364
2539.200000 1071.790000
2540.400000 1071.122727
2541.600000 1070.460000
2542.800000 1069.809091
2544.000000 1069.162727
2545.200000 1068.527273
2546.400000 1067.896364
2547.600000 1067.270909
2548.800000 1066.656364
2550.000000 1066.049091
2551.200000 1065.446364
2552.400000 1064.852727
2553.600000 1064.261818
2554.800000 1063.680909
2556.000000 1063.106364
2557.200000 1062.538182
2558.400000 1061.974545
2559.600000 1061.418182
2560.800000 1060.868182
2562.000000 1060.323636
2563.200000 1059.787273
2564.400000 1059.252727
2565.600000 1058.727273
2566.800000 1058.206364
2568.000000 1057.690000
2569.200000 1057.179091
2570.400000 1056.674545
2571.600000 1056.175455
2572.800000 1055.682727
2574.000000 1055.193636
2575.200000 1054.708182
2576.400000 1054.230000
2577.600000 1053.755455
2578.800000 1053.286364
2580.000000 1052.821818
2581.200000 1052.362727
2582.400000 1051.906364
2583.600000 1051.456364
2584.800000 1051.012727
2586.000000 1050.568182
2587.200000 1050.131818
2588.400000 1049.699091
2589.600000 1049.271818
2590.800000 1048.848182
2592.000000 1048.426364
2593.200000 1048.011818
2594.400000 1047.598182
2595.600000 1047.190000
2596.800000 1046.787273
2598.000000 1046.387273
2599.200000 1045.991818
2600.400000 1045.598182
2601.600000 1045.210000
2602.800000 1044.827273
2604.000000 1044.444545
2605.200000 1044.067273
2606.400000 1043.694545
2607.600000 1043.324545
2608.800000 1042.957273
2610.000000 1042.595455
2611.200000 1042.237273
2612.400000 1041.879091
2613.600000 1041.526364
2614.800000 1041.178182
2616.000000 1040.833636
2617.200000 1040.491818
2618.400000 1040.151818
2619.600000 1039.816364
2620.800000 1039.482727
2622.000000 1039.155455
2623.200000 1038.827273
2624.400000 1038.505455
2625.600000 1038.186364
2626.800000 1037.868182
2628.000000 1037.556364
2629.200000 1037.246364
2630.400000 1036.939091
2631.600000 1036.633636
2632.800000 1036.332727
2634.000000 1036.035455
2635.200000 1035.740000
2636.400000 1035.448182
2637.600000 1035.159091
2638.800000 1034.872727
2640.000000 1034.589091
2641.200000 1034.309091
2642.400000 1034.030909
2643.600000 1033.755455
2644.800000 1033.481818
2646.000000 1033.211818
2647.200000 1032.946364
2648.400000 1032.684545
2649.600000 1032.420909
2650.800000 1032.162727
2652.000000 1031.907273
2653.200000 1031.653636
2654.400000 1031.401818
2655.600000 1031.154545
2656.800000 1030.910000
2658.000000 1030.665455
2659.200000 1030.425455
2660.400000 1030.188182
2661.600000 1029.950909
2662.800000 1029.720000
2664.000000 1029.490000
2665.200000 1029.260909
2666.400000 1029.033636
2667.600000 1028.811818
2668.800000 1028.590909
2670.000000 1028.371818
2671.200000 1028.154545
2672.400000 1027.940909
2673.600000 1027.730000
2674.800000 1027.520000
2676.000000 1027.312727
2677.200000 1027.107273
2678.400000 1026.904545
2679.600000 1026.702727
2680.800000 1026.505455
2682.000000 1026.308182
2683.200000 1026.115455
2684.400000 1025.922727
2685.600000 1025.732727
2686.800000 1025.543636
2688.000000 1025.358182
2689.200000 1025.171818
2690.400000 1024.991818
2691.600000 1024.810909
2692.800000 1024.630909
2694.000000 1024.455455
2695.200000 1024.280909
2696.400000 1024.107273
2697.600000 1023.937273
2698.800000 1023.768182
2700.000000 1023.601818
2701.200000 1023.436364
2702.400000 1023.271818
2703.600000 1023.109091
2704.800000 1022.950000
2706.000000 1022.791818
2707.200000 1022.634545
2708.400000 1022.479091
2709.600000 1022.325455
2710.800000 1022.175455
2712.000000 1022.024545
2713.200000 1021.877273
2714.400000 1021.730000
2715.600000 1021.584545
2716.800000 1021.440000
2718.000000 1021.298182
2719.200000 1021.158182
2720.400000 1021.020000
2721.600000 1020.880000
2722.800000 1020.744545
2724.000000 1020.610000
2725.200000 1020.477273
2726.400000 1020.344545
2727.600000 1020.214545
2728.800000 1020.085455
2730.000000 1019.959091
2731.200000 1019.830909
2732.400000 1019.706364
2733.600000 1019.581818
2734.800000 1019.460000
2736.000000 1019.338182
2737.200000 1019.219091
2738.400000 1019.100909
2739.600000 1018.981818
2740.800000 1018.864545
2742.000000 1018.751818
2743.200000 1018.637273
2744.400000 1018.524545
2745.600000 1018.414545
2746.800000 1018.301818
2748.000000 1018.193636
2749.200000 1018.086364
2750.400000 1017.980909
2751.600000 1017.873636
2752.800000 1017.769091
2754.000000 1017.666364
2755.200000 1017.562727
2756.400000 1017.462727
2757.600000 1017.361818
2758.800000 1017.262727
2760.000000 1017.165455
2761.200000 1017.066364
2762.400000 1016.971818
2763.600000 1016.876364
2764.800000 1016.780000
2766.000000 1016.686364
2767.200000 1016.594545
2768.400000 1016.504545
2769.600000 1016.414545
2770.800000 1016.324545
2772.000000 1016.235455
2773.200000 1016.147273
2774.400000 1016.060909
2775.600000 1015.974545
2776.800000 1015.890909
2778.000000 1015.803636
2779.200000 1015.721818
2780.400000 1015.640000
2781.600000 1015.560000
2782.800000 1015.475455
2784.000000 1015.398182
2785.200000 1015.319091
2786.400000 1015.240000
2787.600000 1015.164545
2788.800000 1015.086364
2790.000000 1015.010909
2791.200000 1014.935455
2792.400000 1014.860000
2793.600000 1014.789091
2794.800000 1014.714545
2796.000000 1014.644545
2797.200000 1014.572727
2798.400000 1014.501818
2799.600000 1014.431818
2800.800000 1014.362727
2802.000000 1014.293636
2803.200000 1014.226364
2804.400000 1014.159091
2805.600000 1014.091818
2806.800000 1014.024545
2808.000000 1013.958182
2809.200000 1013.893636
2810.400000 1013.826364
2811.600000 1013.760909
2812.800000 1013.697273
2814.000000 1013.632727
2815.200000 1013.571818
2816.400000 1013.507273
2817.600000 1013.442727
2818.800000 1013.380000
2820.000000 1013.318182
2821.200000 1013.252727
2822.400000 1013.192727
2823.600000 1013.129091
2824.800000 1013.065455
2826.000000 1013.000909
2827.200000 1012.940000
2828.400000 1012.875455
2829.600000 1012.812727
2830.800000 1012.749091
2832.000000 1012.685455
2833.200000 1012.620000
2834.400000 1012.557273
2835.600000 1012.492727
2836.800000 1012.428182
2838.000000 1012.362727
2839.200000 1012.298182
2840.400000 1012.231818
2841.600000 1012.166364
2842.800000 1012.097273
2844.000000 1012.032727
2845.200000 1011.965455
2846.400000 1011.896364
2847.600000 1011.830909
2848.800000 1011.760000
2850.000000 1011.690000
2851.200000 1011.620000
2852.400000 1011.550000
2853.600000 1011.479091
2854.800000 1011.405455
2856.000000 1011.333636
2857.200000 1011.261818
2858.400000 1011.188182
2859.600000 1011.114545
2860.800000 1011.037273
2862.000000 1010.963636
2863.200000 1010.888182
2864.400000 1010.810000
2865.600000 1010.732727
2866.800000 1010.652727
2868.000000 1010.574545
2869.200000 1010.494545
2870.400000 1010.415455
2871.600000 1010.333636
2872.800000 1010.252727
2874.000000 1010.168182
2875.200000 1010.086364
2876.400000 1010.002727
2877.600000 1009.918182
2878.800000 1009.833636
2880.000000 1009.746364
2881.200000 1009.659091
2882.400000 1009.570000
2883.600000 1009.483636
2884.800000 1009.395455
2886.000000 1009.305455
2887.200000 1009.216364
2888.400000 1009.125455
2889.600000 1009.034545
2890.800000 1008.943636
2892.000000 1008.851818
2893.200000 1008.759091
2894.400000 1008.666364
2895.600000 1008.580000
2896.800000 1008.497273
2898.000000 1008.419091
2899.200000 1008.346364
2900.400000 1008.275455
2901.600000 1008.206364
2902.800000 1008.138182
2904.000000 1008.069091
2905.200000 1008.000000
2906.400000 1007.930909
2907.600000 1007.860909
2908.800000 1007.793636
2910.000000 1007.730000
2911.200000 1007.669091
2912.400000 1007.609091
2913.600000 1007.552727
2914.800000 1007.495455
2916.000000 1007.446364
2917.200000 1007.399091
2918.400000 1007.355455
2919.600000 1007.314545
2920.800000 1007.270000
2922.000000 1007.231818
2923.200000 1007.196364
2924.400000 1007.164545
2925.600000 1007.130000
2926.800000 1007.094545
2928.000000 1007.059091
2929.200000 1007.025455
2930.400000 1006.991818
2931.600000 1006.957273
2932.800000 1006.927273
2934.000000 1006.899091
2935.200000 1006.875455
2936.400000 1006.856364
2937.600000 1006.838182
2938.800000 1006.821818
2940.000000 1006.807273
2941.200000 1006.790909
2942.400000 1006.773636
2943.600000 1006.756364
2944.800000 1006.739091
2946.000000 1006.721818
2947.200000 1006.705455
2948.400000 1006.692727
2949.600000 1006.684545
2950.800000 1006.682727
2952.000000 1006.684545
2953.200000 1006.685455
2954.400000 1006.690000
2955.600000 1006.691818
2956.800000 1006.691818
2958.000000 1006.694545
2959.200000 1006.695455
2960.400000 1006.697273
2961.600000 1006.697273
2962.800000 1006.700909
2964.000000 1006.702727
2965.200000 1006.702727
2966.400000 1006.705455
2967.600000 1006.706364
2968.800000 1006.706364
2970.000000 1006.708182
2971.200000 1006.710000
2972.400000 1006.710000
2973.600000 1006.710000
2974.800000 1006.710909
2976.000000 1006.711818
2977.200000 1006.711818
2978.400000 1006.711818
2979.600000 1006.711818
2980.800000 1006.712727
2982.000000 1006.713636
2983.200000 1006.715455
2984.400000 1006.716364
2985.600000 1006.716364
2986.800000 1006.716364
2988.000000 1006.716364
2989.200000 1006.716364
2990.400000 1006.716364
2991.600000 1006.716364
2992.800000 1006.717273
2994.000000 1006.717273
2995.200000 1006.717273
2996.400000 1006.718182
2997.600000 1006.718182
2998.800000 1006.718182
