x upper_bound
0.000000 6000.000000
1.200000 5999.990000
2.400000 5999.974498
3.600000 5999.905656
4.800000 5999.775628
6.000000 5999.543185
7.200000 5999.214115
8.400000 5998.753950
9.600000 5998.130424
10.800000 5997.341003
12.000000 5996.354045
13.200000 5995.161340
14.400000 5993.739376
15.600000 5992.091612
16.800000 5990.199675
18.000000 5988.051250
19.200000 5985.634658
20.400000 5982.913026
21.600000 5979.855702
22.800000 5976.426427
24.000000 5972.606326
25.200000 5968.378672
26.400000 5963.718792
27.600000 5958.615673
28.800000 5953.054544
30.000000 5947.042083
31.200000 5940.562711
32.400000 5933.629829
33.600000 5926.243614
34.800000 5918.409512
36.000000 5910.155199
37.200000 5901.489274
38.400000 5892.410912
39.600000 5882.946621
40.800000 5873.107970
42.000000 5862.914190
43.200000 5852.368204
44.400000 5841.484593
45.600000 5830.269205
46.800000 5818.726852
48.000000 5806.868507
49.200000 5794.682880
50.400000 5782.194105
51.600000 5769.382663
52.800000 5756.269333
54.000000 5742.837346
55.200000 5729.108407
56.400000 5715.073730
57.600000 5700.734527
58.800000 5686.082814
60.000000 5671.140793
61.200000 5655.898960
62.400000 5640.352879
63.600000 5624.509473
64.800000 5608.376726
66.000000 5591.945364
67.200000 5575.223932
68.400000 5558.211540
69.600000 5540.918657
70.800000 5523.333194
72.000000 5505.467623
73.200000 5487.322192
74.400000 5468.887660
75.600000 5450.180784
76.800000 5431.198397
78.000000 5411.944623
79.200000 5392.414956
80.400000 5372.621299
81.600000 5352.558628
82.800000 5332.231721
84.000000 5311.646643
85.200000 5290.795424
86.400000 5269.692540
87.600000 5248.333622
88.800000 5226.720917
90.000000 5204.860445
91.200000 5182.747386
92.400000 5160.398120
93.600000 5137.801882
94.800000 5114.971480
96.000000 5091.894931
97.200000 5068.591984
98.400000 5045.058751
99.600000 5021.294752
100.800000 4997.304781
102.000000 4973.093368
103.200000 4948.659636
104.400000 4924.011223
105.600000 4899.144306
106.800000 4874.074064
108.000000 4848.794971
109.200000 4823.310499
110.400000 4797.619780
111.600000 4771.734925
112.800000 4745.656726
114.000000 4719.379342
115.200000 4692.916185
116.400000 4666.272567
117.600000 4639.440592
118.800000 4612.429250
120.000000 4585.232096
121.200000 4557.857459
122.400000 4530.295832
123.600000 4502.524976
124.800000 4474.538018
126.000000 4446.323424
127.200000 4417.866348
128.400000 4389.139114
129.600000 4360.143567
130.800000 4330.849901
132.000000 4301.255433
133.200000 4271.334798
134.400000 4241.072147
135.600000 4210.457146
136.800000 4179.486507
138.000000 4148.128444
139.200000 4116.387350
140.400000 4084.253080
141.600000 4051.720767
142.800000 4018.785495
144.000000 3985.458690
145.200000 3951.726802
146.400000 3917.622787
147.600000 3883.126765
148.800000 3848.275693
150.000000 3813.110121
151.200000 3777.678368
152.400000 3742.026794
153.600000 3706.235716
154.800000 3670.375610
156.000000 3634.515983
157.200000 3598.729776
158.400000 3563.075389
159.600000 3527.602799
160.800000 3492.386871
162.000000 3457.472717
163.200000 3422.933549
164.400000 3388.820594
165.600000 3355.191605
166.800000 3322.120703
168.000000 3289.644504
169.200000 3257.835216
170.400000 3226.752438
171.600000 3196.432444
172.800000 3166.923860
174.000000 3138.234307
175.200000 3110.376487
176.400000 3083.327154
177.600000 3057.058615
178.800000 3031.542886
180.000000 3006.745054
181.200000 2982.651427
182.400000 2959.237126
183.600000 2936.462565
184.800000 2914.334385
186.000000 2892.827283
187.200000 2871.913651
188.400000 2851.587238
189.600000 2831.820493
190.800000 2812.581882
192.000000 2793.861878
193.200000 2775.614900
194.400000 2757.828824
195.600000 2740.450109
196.800000 2723.469362
198.000000 2706.844948
199.200000 2690.555048
200.400000 2674.575061
201.600000 2658.882962
202.800000 2643.454206
204.000000 2628.270628
205.200000 2613.326930
206.400000 2598.580075
207.600000 2584.030086
208.800000 2569.654399
210.000000 2555.449351
211.200000 2541.396815
212.400000 2527.482554
213.600000 2513.695450
214.800000 2500.026317
216.000000 2486.462937
217.200000 2472.988962
218.400000 2459.598893
219.600000 2446.289906
220.800000 2433.038077
222.000000 2419.853916
223.200000 2406.728647
224.400000 2393.640114
225.600000 2380.598793
226.800000 2367.584911
228.000000 2354.592858
229.200000 2341.588619
230.400000 2328.542615
231.600000 2315.434846
232.800000 2302.216743
234.000000 2288.850914
235.200000 2275.333254
236.400000 2261.635242
237.600000 2247.766547
238.800000 2233.733988
240.000000 2219.543376
241.200000 2205.222522
242.400000 2190.772888
243.600000 2176.220379
244.800000 2161.577528
246.000000 2146.876030
247.200000 2132.150526
248.400000 2117.437546
249.600000 2102.764191
250.800000 2088.186922
252.000000 2073.794378
253.200000 2059.613489
254.400000 2045.703562
255.600000 2032.107277
256.800000 2018.849515
258.000000 2005.976592
259.200000 1993.488185
260.400000 1981.399870
261.600000 1969.675981
262.800000 1958.304337
264.000000 1947.264334
265.200000 1936.552047
266.400000 1926.126502
267.600000 1915.985426
268.800000 1906.099961
270.000000 1896.481488
271.200000 1887.084289
272.400000 1877.920200
273.600000 1868.956372
274.800000 1860.203699
276.000000 1851.632953
277.200000 1843.238782
278.400000 1835.018368
279.600000 1826.945879
280.800000 1819.029356
282.000000 1811.251032
283.200000 1803.602841
284.400000 1796.077811
285.600000 1788.665792
286.800000 1781.367389
288.000000 1774.174216
289.200000 1767.078021
290.400000 1760.074636
291.600000 1753.159534
292.800000 1746.316260
294.000000 1739.554207
295.200000 1732.871935
296.400000 1726.245943
297.600000 1719.678556
298.800000 1713.140784
300.000000 1706.648460
301.200000 1700.178436
302.400000 1693.740590
303.600000 1687.319325
304.800000 1680.937325
306.000000 1674.564724
307.200000 1668.196715
308.400000 1661.799901
309.600000 1655.377099
310.800000 1648.930586
312.000000 1642.449136
313.200000 1635.956445
314.400000 1629.427934
315.600000 1622.887588
316.800000 1616.346429
318.000000 1609.792478
319.200000 1603.242952
320.400000 1596.703583
321.600000 1590.192275
322.800000 1583.726501
324.000000 1577.325413
325.200000 1571.019111
326.400000 1564.824160
327.600000 1558.782990
328.800000 1552.917092
330.000000 1547.226824
331.200000 1541.724805
332.400000 1536.399560
333.600000 1531.248345
334.800000 1526.261667
336.000000 1521.431759
337.200000 1516.746047
338.400000 1512.197926
339.600000 1507.779534
340.800000 1503.479850
342.000000 1499.312521
343.200000 1495.245635
344.400000 1491.280514
345.600000 1487.423157
346.800000 1483.655523
348.000000 1479.979570
349.200000 1476.389870
350.400000 1472.878985
351.600000 1469.439068
352.800000 1466.081766
354.000000 1462.784139
355.200000 1459.555455
356.400000 1456.382023
357.600000 1453.269329
358.800000 1450.222573
360.000000 1447.223745
361.200000 1444.262898
362.400000 1441.355982
363.600000 1438.495400
364.800000 1435.676627
366.000000 1432.895854
367.200000 1430.153320
368.400000 1427.449297
369.600000 1424.784100
370.800000 1422.141966
372.000000 1419.528962
373.200000 1416.932959
374.400000 1414.368910
375.600000 1411.813383
376.800000 1409.269463
378.000000 1406.744946
379.200000 1404.243020
380.400000 1401.755954
381.600000 1399.287977
382.800000 1396.830984
384.000000 1394.393636
385.200000 1391.974395
386.400000 1389.562207
387.600000 1387.175792
388.800000 1384.800794
390.000000 1382.429495
391.200000 1380.077398
392.400000 1377.726555
393.600000 1375.397672
394.800000 1373.072424
396.000000 1370.755942
397.200000 1368.459311
398.400000 1366.172352
399.600000 1363.887079
400.800000 1361.626572
402.000000 1359.371174
403.200000 1357.127117
404.400000 1354.889654
405.600000 1352.675261
406.800000 1350.465109
408.000000 1348.268947
409.200000 1346.088644
410.400000 1343.910090
411.600000 1341.759436
412.800000 1339.621976
414.000000 1337.512813
415.200000 1335.425529
416.400000 1333.369800
417.600000 1331.339797
418.800000 1329.334681
420.000000 1327.356384
421.200000 1325.403274
422.400000 1323.481161
423.600000 1321.572945
424.800000 1319.697616
426.000000 1317.845516
427.200000 1316.019939
428.400000 1314.220767
429.600000 1312.444875
430.800000 1310.694166
432.000000 1308.969078
433.200000 1307.281253
434.400000 1305.614200
435.600000 1303.970490
436.800000 1302.361631
438.000000 1300.782127
439.200000 1299.250789
440.400000 1297.762419
441.600000 1296.326433
442.800000 1294.933197
444.000000 1293.589816
445.200000 1292.285947
446.400000 1291.025156
447.600000 1289.813150
448.800000 1288.653059
450.000000 1287.549434
451.200000 1286.487438
452.400000 1285.462937
453.600000 1284.488367
454.800000 1283.566480
456.000000 1282.682683
457.200000 1281.833228
458.400000 1281.021411
459.600000 1280.238372
460.800000 1279.495484
462.000000 1278.779529
463.200000 1278.086740
464.400000 1277.421497
465.600000 1276.785221
466.800000 1276.175610
468.000000 1275.581757
469.200000 1275.018504
470.400000 1274.467523
471.600000 1273.937468
472.800000 1273.431694
474.000000 1272.937089
475.200000 1272.470924
476.400000 1272.019003
477.600000 1271.572895
478.800000 1271.152612
480.000000 1270.748786
481.200000 1270.360737
482.400000 1269.990236
483.600000 1269.628314
484.800000 1269.284113
486.000000 1268.949747
487.200000 1268.634467
488.400000 1268.329871
489.600000 1268.036679
490.800000 1267.761142
492.000000 1267.492149
493.200000 1267.232534
494.400000 1266.992313
495.600000 1266.755771
496.800000 1266.533303
498.000000 1266.316796
499.200000 1266.114872
500.400000 1265.925718
501.600000 1265.738437
502.800000 1265.561824
504.000000 1265.399787
505.200000 1265.237516
506.400000 1265.090667
507.600000 1264.938654
508.800000 1264.813020
510.000000 1264.679315
511.200000 1264.563230
512.400000 1264.445444
513.600000 1264.337665
514.800000 1264.233889
516.000000 1264.134951
517.200000 1264.038687
518.400000 1263.953930
519.600000 1263.869292
520.800000 1263.794261
522.000000 1263.720361
523.200000 1263.656998
524.400000 1263.582605
525.600000 1263.524903
526.800000 1263.470455
528.000000 1263.411529
529.200000 1263.363629
530.400000 1263.312428
531.600000 1263.266430
532.800000 1263.220743
534.000000 1263.179675
535.200000 1263.138916
536.400000 1263.102867
537.600000 1263.065786
538.800000 1263.042537
540.000000 1263.009158
541.200000 1262.976152
542.400000 1262.952353
543.600000 1262.925760
544.800000 1262.905158
546.000000 1262.872599
547.200000 1262.856953
548.400000 1262.834582
549.600000 1262.812783
550.800000 1262.799986
552.000000 1262.781953
553.200000 1262.769763
554.400000 1262.755231
555.600000 1262.738780
556.800000 1262.731025
558.000000 1262.708939
559.200000 1262.699616
560.400000 1262.682960
561.600000 1262.674993
562.800000 1262.664000
564.000000 1262.657018
565.200000 1262.646485
566.400000 1262.631807
567.600000 1262.629922
568.800000 1262.616429
570.000000 1262.603721
571.200000 1262.595055
572.400000 1262.586779
573.600000 1262.579775
574.800000 1262.566735
576.000000 1262.552870
577.200000 1262.542757
578.400000 1262.533253
579.600000 1262.516887
580.800000 1262.513882
582.000000 1262.498136
583.200000 1262.487045
584.400000 1262.466947
585.600000 1262.459904
586.800000 1262.440999
588.000000 1262.432733
589.200000 1262.420100
590.400000 1262.406340
591.600000 1262.394791
592.800000 1262.378927
594.000000 1262.367414
595.200000 1262.354897
596.400000 1262.339037
597.600000 1262.323812
598.800000 1262.313402
600.000000 1262.300052
601.200000 1262.291353
602.400000 1262.274427
603.600000 1262.264999
604.800000 1262.254251
606.000000 1262.238699
607.200000 1262.227792
608.400000 1262.229359
609.600000 1262.210231
610.800000 1262.204321
612.000000 1262.198105
613.200000 1262.193379
614.400000 1262.182537
615.600000 1262.182082
616.800000 1262.173850
618.000000 1262.165670
619.200000 1262.161497
620.400000 1262.153942
621.600000 1262.156110
622.800000 1262.155107
624.000000 1262.148043
625.200000 1262.148854
626.400000 1262.141573
627.600000 1262.138231
628.800000 1262.138715
630.000000 1262.137741
631.200000 1262.136219
632.400000 1262.138830
633.600000 1262.136382
634.800000 1262.144995
636.000000 1262.143911
637.200000 1262.144208
638.400000 1262.145205
639.600000 1262.150839
640.800000 1262.159061
642.000000 1262.168035
643.200000 1262.173580
644.400000 1262.178572
645.600000 1262.190226
646.800000 1262.200092
648.000000 1262.213830
649.200000 1262.226815
650.400000 1262.240849
651.600000 1262.254932
652.800000 1262.285925
654.000000 1262.305322
655.200000 1262.325561
656.400000 1262.349410
657.600000 1262.375130
658.800000 1262.403157
660.000000 1262.437140
661.200000 1262.479579
662.400000 1262.513367
663.600000 1262.552257
664.800000 1262.587846
666.000000 1262.632655
667.200000 1262.682328
668.400000 1262.724502
669.600000 1262.769934
670.800000 1262.832498
672.000000 1262.882044
673.200000 1262.937635
674.400000 1262.993984
675.600000 1263.058520
676.800000 1263.119613
678.000000 1263.183399
679.200000 1263.246523
680.400000 1263.316495
681.600000 1263.382869
682.800000 1263.451598
684.000000 1263.523020
685.200000 1263.594371
686.400000 1263.664595
687.600000 1263.734824
688.800000 1263.814367
690.000000 1263.887682
691.200000 1263.955907
692.400000 1264.027205
693.600000 1264.101368
694.800000 1264.174584
696.000000 1264.251928
697.200000 1264.320716
698.400000 1264.398164
699.600000 1264.468417
700.800000 1264.539055
702.000000 1264.612346
703.200000 1264.683871
704.400000 1264.752433
705.600000 1264.813913
706.800000 1264.884941
708.000000 1264.951376
709.200000 1265.014547
710.400000 1265.083773
711.600000 1265.140134
712.800000 1265.211965
714.000000 1265.265635
715.200000 1265.325922
716.400000 1265.383258
717.600000 1265.451897
718.800000 1265.501587
720.000000 1265.557695
721.200000 1265.611146
722.400000 1265.665829
723.600000 1265.715329
724.800000 1265.765194
726.000000 1265.818901
727.200000 1265.868952
728.400000 1265.915425
729.600000 1265.963627
730.800000 1266.006011
732.000000 1266.045324
733.200000 1266.097799
734.400000 1266.131528
735.600000 1266.172038
736.800000 1266.220937
738.000000 1266.254233
739.200000 1266.294556
740.400000 1266.321390
741.600000 1266.363586
742.800000 1266.394839
744.000000 1266.421716
745.200000 1266.456836
746.400000 1266.486316
747.600000 1266.518163
748.800000 1266.543923
750.000000 1266.569676
751.200000 1266.585833
752.400000 1266.617443
753.600000 1266.634956
754.800000 1266.657295
756.000000 1266.680237
757.200000 1266.699719
758.400000 1266.720163
759.600000 1266.730871
760.800000 1266.751448
762.000000 1266.763038
763.200000 1266.772380
764.400000 1266.783474
765.600000 1266.795668
766.800000 1266.807650
768.000000 1266.822203
769.200000 1266.832377
770.400000 1266.840880
771.600000 1266.843951
772.800000 1266.855721
774.000000 1266.855291
775.200000 1266.858489
776.400000 1266.863738
777.600000 1266.868729
778.800000 1266.864417
780.000000 1266.873535
781.200000 1266.868446
782.400000 1266.866316
783.600000 1266.864240
784.800000 1266.866593
786.000000 1266.859780
787.200000 1266.861050
788.400000 1266.847870
789.600000 1266.838882
790.800000 1266.832554
792.000000 1266.823891
793.200000 1266.819203
794.400000 1266.810132
795.600000 1266.794383
796.800000 1266.785570
798.000000 1266.779825
799.200000 1266.766203
800.400000 1266.746454
801.600000 1266.749291
802.800000 1266.784186
804.000000 1266.885630
805.200000 1267.073429
806.400000 1267.378247
807.600000 1267.809953
808.800000 1268.403165
810.000000 1269.174719
811.200000 1270.147894
812.400000 1271.325968
813.600000 1272.739062
814.800000 1274.402131
816.000000 1276.320288
817.200000 1278.528906
818.400000 1281.019010
819.600000 1283.821816
820.800000 1286.930217
822.000000 1290.361337
823.200000 1294.125232
824.400000 1298.227933
825.600000 1302.674870
826.800000 1307.469751
828.000000 1312.616049
829.200000 1318.115898
830.400000 1323.969877
831.600000 1330.186167
832.800000 1336.751977
834.000000 1343.676339
835.200000 1350.955018
836.400000 1358.583082
837.600000 1366.564570
838.800000 1374.880059
840.000000 1383.536874
841.200000 1392.528880
842.400000 1401.851992
843.600000 1411.483017
844.800000 1421.433767
846.000000 1431.691352
847.200000 1442.235830
848.400000 1453.086875
849.600000 1464.196510
850.800000 1475.581115
852.000000 1487.223469
853.200000 1499.114232
854.400000 1511.243278
855.600000 1523.596636
856.800000 1536.163654
858.000000 1548.936424
859.200000 1561.898724
860.400000 1575.037536
861.600000 1588.355749
862.800000 1601.817581
864.000000 1615.426796
865.200000 1629.158576
866.400000 1643.016543
867.600000 1656.979137
868.800000 1671.034528
870.000000 1685.180398
871.200000 1699.382790
872.400000 1713.650500
873.600000 1727.967430
874.800000 1742.315086
876.000000 1756.691804
877.200000 1771.080269
878.400000 1785.467689
879.600000 1799.842210
880.800000 1814.199190
882.000000 1828.525241
883.200000 1842.808365
884.400000 1857.038119
885.600000 1871.224382
886.800000 1885.332791
888.000000 1899.363370
889.200000 1913.308254
890.400000 1927.158466
891.600000 1940.909646
892.800000 1954.547718
894.000000 1968.072991
895.200000 1981.475469
896.400000 1994.740295
897.600000 2007.871852
898.800000 2020.860255
900.000000 2033.702057
901.200000 2046.394843
902.400000 2058.927144
903.600000 2071.300309
904.800000 2083.506430
906.000000 2095.535759
907.200000 2107.392522
908.400000 2119.080339
909.600000 2130.585212
910.800000 2141.909029
912.000000 2153.042942
913.200000 2163.995256
914.400000 2174.760382
915.600000 2185.339827
916.800000 2195.721341
918.000000 2205.914921
919.200000 2215.917124
920.400000 2225.726078
921.600000 2235.348353
922.800000 2244.771897
924.000000 2254.009982
925.200000 2263.055056
926.400000 2271.907734
927.600000 2280.572114
928.800000 2289.045811
930.000000 2297.334395
931.200000 2305.439433
932.400000 2313.357805
933.600000 2321.095987
934.800000 2328.651059
936.000000 2336.014700
937.200000 2343.196152
938.400000 2350.203711
939.600000 2357.028560
940.800000 2363.684288
942.000000 2370.152991
943.200000 2376.455992
944.400000 2382.578946
945.600000 2388.528845
946.800000 2394.308874
948.000000 2399.928992
949.200000 2405.385547
950.400000 2410.674729
951.600000 2415.813241
952.800000 2420.790915
954.000000 2425.616223
955.200000 2430.287914
956.400000 2434.809915
957.600000 2439.189089
958.800000 2443.427941
960.000000 2447.532361
961.200000 2451.481802
962.400000 2455.308629
963.600000 2459.005711
964.800000 2462.576223
966.000000 2466.010138
967.200000 2469.317901
968.400000 2472.520678
969.600000 2475.583750
970.800000 2478.548649
972.000000 2481.392358
973.200000 2484.125242
974.400000 2486.744224
975.600000 2489.254305
976.800000 2491.658560
978.000000 2493.957712
979.200000 2496.159118
980.400000 2498.254980
981.600000 2500.256179
982.800000 2502.157207
984.000000 2503.955423
985.200000 2505.667041
986.400000 2507.283427
987.600000 2508.804379
988.800000 2510.234093
990.000000 2511.573018
991.200000 2512.817129
992.400000 2513.980206
993.600000 2515.051845
994.800000 2516.033934
996.000000 2516.931760
997.200000 2517.739698
998.400000 2518.468132
999.600000 2519.105807
1000.800000 2519.653634
1002.000000 2520.115805
1003.200000 2520.499918
1004.400000 2520.794994
1005.600000 2521.004457
1006.800000 2521.135207
1008.000000 2521.166746
1009.200000 2521.121084
1010.400000 2520.996407
1011.600000 2520.779181
1012.800000 2520.479049
1014.000000 2520.085556
1015.200000 2519.618546
1016.400000 2519.054457
1017.600000 2518.408589
1018.800000 2517.680965
1020.000000 2516.858121
1021.200000 2515.948049
1022.400000 2514.959890
1023.600000 2513.867641
1024.800000 2512.694577
1026.000000 2511.436945
1027.200000 2510.083457
1028.400000 2508.644692
1029.600000 2507.112242
1030.800000 2505.492193
1032.000000 2503.781303
1033.200000 2501.985100
1034.400000 2500.083953
1035.600000 2498.096572
1036.800000 2496.022332
1038.000000 2493.859241
1039.200000 2491.597283
1040.400000 2489.245520
1041.600000 2486.798077
1042.800000 2484.263376
1044.000000 2481.634663
1045.200000 2478.913444
1046.400000 2476.099943
1047.600000 2473.198477
1048.800000 2470.193907
1050.000000 2467.108678
1051.200000 2463.922925
1052.400000 2460.649414
1053.600000 2457.281758
1054.800000 2453.822656
1056.000000 2450.274909
1057.200000 2446.636673
1058.400000 2442.910682
1059.600000 2439.087868
1060.800000 2435.180966
1062.000000 2431.183540
1063.200000 2427.101162
1064.400000 2422.926499
1065.600000 2418.664105
1066.800000 2414.320427
1068.000000 2409.890810
1069.200000 2405.378960
1070.400000 2400.771309
1071.600000 2396.093151
1072.800000 2391.330129
1074.000000 2386.486663
1075.200000 2381.562771
1076.400000 2376.561276
1077.600000 2371.472927
1078.800000 2366.317899
1080.000000 2361.091260
1081.200000 2355.787089
1082.400000 2350.417911
1083.600000 2344.970055
1084.800000 2339.467922
1086.000000 2333.888995
1087.200000 2328.261100
1088.400000 2322.556533
1089.600000 2316.800224
1090.800000 2310.984334
1092.000000 2305.111387
1093.200000 2299.192566
1094.400000 2293.211037
1095.600000 2287.180833
1096.800000 2281.097948
1098.000000 2274.970064
1099.200000 2268.788659
1100.400000 2262.571240
1101.600000 2256.306846
1102.800000 2249.993676
1104.000000 2243.641699
1105.200000 2237.245520
1106.400000 2230.814400
1107.600000 2224.336247
1108.800000 2217.830311
1110.000000 2211.276772
1111.200000 2204.700831
1112.400000 2198.078979
1113.600000 2191.424084
1114.800000 2184.737997
1116.000000 2178.025671
1117.200000 2171.277092
1118.400000 2164.506346
1119.600000 2157.695297
1120.800000 2150.854775
1122.000000 2143.988963
1123.200000 2137.077924
1124.400000 2130.107828
1125.600000 2123.091181
1126.800000 2116.026774
1128.000000 2108.917212
1129.200000 2101.761084
1130.400000 2094.561864
1131.600000 2087.304438
1132.800000 2079.984342
1134.000000 2072.607924
1135.200000 2065.160612
1136.400000 2057.654513
1137.600000 2050.090339
1138.800000 2042.459587
1140.000000 2034.782925
1141.200000 2027.050990
1142.400000 2019.284119
1143.600000 2011.471517
1144.800000 2003.603638
1146.000000 1995.696285
1147.200000 1987.751874
1148.400000 1979.768956
1149.600000 1971.752852
1150.800000 1963.701620
1152.000000 1955.626462
1153.200000 1947.525607
1154.400000 1939.406567
1155.600000 1931.271069
1156.800000 1923.116868
1158.000000 1914.967148
1159.200000 1906.814987
1160.400000 1898.652610
1161.600000 1890.493754
1162.800000 1882.349103
1164.000000 1874.219197
1165.200000 1866.102635
1166.400000 1858.006836
1167.600000 1849.935567
1168.800000 1841.886478
1170.000000 1833.882007
1171.200000 1825.917019
1172.400000 1818.002503
1173.600000 1810.133542
1174.800000 1802.319190
1176.000000 1794.583510
1177.200000 1786.912391
1178.400000 1779.320807
1179.600000 1771.819009
1180.800000 1764.382365
1182.000000 1757.025076
1183.200000 1749.769733
1184.400000 1742.617375
1185.600000 1735.578521
1186.800000 1728.656171
1188.000000 1721.828927
1189.200000 1715.123374
1190.400000 1708.554537
1191.600000 1702.123508
1192.800000 1695.837979
1194.000000 1689.690868
1195.200000 1683.684075
1196.400000 1677.795427
1197.600000 1672.031012
1198.800000 1666.382495
1200.000000 1660.849049
1201.200000 1655.413401
1202.400000 1650.083136
1203.600000 1644.854150
1204.800000 1639.710126
1206.000000 1634.664456
1207.200000 1629.692698
1208.400000 1624.816080
1209.600000 1620.011400
1210.800000 1615.286577
1212.000000 1610.630330
1213.200000 1606.047534
1214.400000 1601.523597
1215.600000 1597.074828
1216.800000 1592.679967
1218.000000 1588.343328
1219.200000 1584.071262
1220.400000 1579.852798
1221.600000 1575.683109
1222.800000 1571.574223
1224.000000 1567.509428
1225.200000 1563.497014
1226.400000 1559.536551
1227.600000 1555.609661
1228.800000 1551.728158
1230.000000 1547.896810
1231.200000 1544.104004
1232.400000 1540.358199
1233.600000 1536.646158
1234.800000 1532.974808
1236.000000 1529.347901
1237.200000 1525.753674
1238.400000 1522.194472
1239.600000 1518.673401
1240.800000 1515.191438
1242.000000 1511.734345
1243.200000 1508.324013
1244.400000 1504.940344
1245.600000 1501.592003
1246.800000 1498.275808
1248.000000 1494.997214
1249.200000 1491.740533
1250.400000 1488.517973
1251.600000 1485.334724
1252.800000 1482.185855
1254.000000 1479.063081
1255.200000 1475.977150
1256.400000 1472.914919
1257.600000 1469.888844
1258.800000 1466.916561
1260.000000 1464.015923
1261.200000 1461.222471
1262.400000 1458.524457
1263.600000 1455.926267
1264.800000 1453.435512
1266.000000 1451.055990
1267.200000 1448.789706
1268.400000 1446.630778
1269.600000 1444.588997
1270.800000 1442.662664
1272.000000 1440.824397
1273.200000 1439.098456
1274.400000 1437.462861
1275.600000 1435.921902
1276.800000 1434.474191
1278.000000 1433.106233
1279.200000 1431.817146
1280.400000 1430.605430
1281.600000 1429.472689
1282.800000 1428.408326
1284.000000 1427.403930
1285.200000 1426.464313
1286.400000 1425.585352
1287.600000 1424.750565
1288.800000 1423.970386
1290.000000 1423.229407
1291.200000 1422.531004
1292.400000 1421.863221
1293.600000 1421.239201
1294.800000 1420.649428
1296.000000 1420.081903
1297.200000 1419.547715
1298.400000 1419.031591
1299.600000 1418.549946
1300.800000 1418.087531
1302.000000 1417.645454
1303.200000 1417.213072
1304.400000 1416.797681
1305.600000 1416.405868
1306.800000 1416.032074
1308.000000 1415.663856
1309.200000 1415.322135
1310.400000 1415.002985
1311.600000 1414.697793
1312.800000 1414.399445
1314.000000 1414.117178
1315.200000 1413.846807
1316.400000 1413.584072
1317.600000 1413.322687
1318.800000 1413.074773
1320.000000 1412.821118
1321.200000 1412.587307
1322.400000 1412.343072
1323.600000 1412.104347
1324.800000 1411.872743
1326.000000 1411.635897
1327.200000 1411.399080
1328.400000 1411.151605
1329.600000 1410.907982
1330.800000 1410.656258
1332.000000 1410.393512
1333.200000 1410.125916
1334.400000 1409.857652
1335.600000 1409.577849
1336.800000 1409.291008
1338.000000 1408.997906
1339.200000 1408.693132
1340.400000 1408.381522
1341.600000 1408.067908
1342.800000 1407.740051
1344.000000 1407.406778
1345.200000 1407.072123
1346.400000 1406.724037
1347.600000 1406.373471
1348.800000 1406.005641
1350.000000 1405.632650
1351.200000 1405.260331
1352.400000 1404.874382
1353.600000 1404.489633
1354.800000 1404.103617
1356.000000 1403.715453
1357.200000 1403.325047
1358.400000 1402.936008
1359.600000 1402.539420
1360.800000 1402.134788
1362.000000 1401.740869
1363.200000 1401.331252
1364.400000 1400.925196
1365.600000 1400.513960
1366.800000 1400.094382
1368.000000 1399.662246
1369.200000 1399.231339
1370.400000 1398.783925
1371.600000 1398.335552
1372.800000 1397.874813
1374.000000 1397.396750
1375.200000 1396.920164
1376.400000 1396.433493
1377.600000 1395.936129
1378.800000 1395.436148
1380.000000 1394.925594
1381.200000 1394.408366
1382.400000 1393.888514
1383.600000 1393.359714
1384.800000 1392.825266
1386.000000 1392.283252
1387.200000 1391.746959
1388.400000 1391.192440
1389.600000 1390.642080
1390.800000 1390.081356
1392.000000 1389.529590
1393.200000 1388.959540
1394.400000 1388.393842
1395.600000 1387.823561
1396.800000 1387.250232
1398.000000 1386.680428
1399.200000 1386.102173
1400.400000 1385.521882
1401.600000 1384.945118
1402.800000 1384.361370
1404.000000 1383.753792
1405.200000 1383.153586
1406.400000 1382.544186
1407.600000 1381.930249
1408.800000 1381.305646
1410.000000 1380.683939
1411.200000 1380.046337
1412.400000 1379.410062
1413.600000 1378.770122
1414.800000 1378.136718
1416.000000 1377.489680
1417.200000 1376.835309
1418.400000 1376.188541
1419.600000 1375.545662
1420.800000 1374.898982
1422.000000 1374.243682
1423.200000 1373.601957
1424.400000 1372.960318
1425.600000 1372.310190
1426.800000 1371.674123
1428.000000 1371.026444
1429.200000 1370.391359
1430.400000 1369.756319
1431.600000 1369.124716
1432.800000 1368.506666
1434.000000 1367.875886
1435.200000 1367.259902
1436.400000 1366.644639
1437.600000 1366.028142
1438.800000 1365.428247
1440.000000 1364.830539
1441.200000 1364.239833
1442.400000 1363.649570
1443.600000 1363.076524
1444.800000 1362.522499
1446.000000 1361.990396
1447.200000 1361.481465
1448.400000 1360.984662
1449.600000 1360.511328
1450.800000 1360.052643
1452.000000 1359.604105
1453.200000 1359.189033
1454.400000 1358.775805
1455.600000 1358.395274
1456.800000 1358.020019
1458.000000 1357.672231
1459.200000 1357.356607
1460.400000 1357.065475
1461.600000 1356.804994
1462.800000 1356.568460
1464.000000 1356.344322
1465.200000 1356.143173
1466.400000 1355.974861
1467.600000 1355.819398
1468.800000 1355.675298
1470.000000 1355.555721
1471.200000 1355.456262
1472.400000 1355.359891
1473.600000 1355.290727
1474.800000 1355.228200
1476.000000 1355.177130
1477.200000 1355.141436
1478.400000 1355.109410
1479.600000 1355.092938
1480.800000 1355.081939
1482.000000 1355.080917
1483.200000 1355.092992
1484.400000 1355.108414
1485.600000 1355.135931
1486.800000 1355.162315
1488.000000 1355.202242
1489.200000 1355.248313
1490.400000 1355.305508
1491.600000 1355.357670
1492.800000 1355.428335
1494.000000 1355.493898
1495.200000 1355.573653
1496.400000 1355.643111
1497.600000 1355.732949
1498.800000 1355.817438
1500.000000 1355.908748
1501.200000 1355.996174
1502.400000 1356.097312
1503.600000 1356.194257
1504.800000 1356.285712
1506.000000 1356.383304
1507.200000 1356.488439
1508.400000 1356.590762
1509.600000 1356.691514
1510.800000 1356.787827
1512.000000 1356.893296
1513.200000 1356.988460
1514.400000 1357.085303
1515.600000 1357.181761
1516.800000 1357.272873
1518.000000 1357.375426
1519.200000 1357.477342
1520.400000 1357.585514
1521.600000 1357.702115
1522.800000 1357.825700
1524.000000 1357.935936
1525.200000 1358.067180
1526.400000 1358.188438
1527.600000 1358.314450
1528.800000 1358.450259
1530.000000 1358.573571
1531.200000 1358.710054
1532.400000 1358.830377
1533.600000 1358.948372
1534.800000 1359.068614
1536.000000 1359.173685
1537.200000 1359.290032
1538.400000 1359.404150
1539.600000 1359.515895
1540.800000 1359.632497
1542.000000 1359.755620
1543.200000 1359.888509
1544.400000 1360.020350
1545.600000 1360.162432
1546.800000 1360.308335
1548.000000 1360.460511
1549.200000 1360.621896
1550.400000 1360.798419
1551.600000 1360.971879
1552.800000 1361.153651
1554.000000 1361.348595
1555.200000 1361.545121
1556.400000 1361.750023
1557.600000 1361.959149
1558.800000 1362.180639
1560.000000 1362.407455
1561.200000 1362.632451
1562.400000 1362.870764
1563.600000 1363.109473
1564.800000 1363.352925
1566.000000 1363.600786
1567.200000 1363.848137
1568.400000 1364.096269
1569.600000 1364.351136
1570.800000 1364.608799
1572.000000 1364.855458
1573.200000 1365.110914
1574.400000 1365.355922
1575.600000 1365.605569
1576.800000 1365.852001
1578.000000 1366.095468
1579.200000 1366.328737
1580.400000 1366.555694
1581.600000 1366.788868
1582.800000 1367.013090
1584.000000 1367.225823
1585.200000 1367.434726
1586.400000 1367.632443
1587.600000 1367.828027
1588.800000 1368.009080
1590.000000 1368.186493
1591.200000 1368.360829
1592.400000 1368.517158
1593.600000 1368.659681
1594.800000 1368.805028
1596.000000 1368.935143
1597.200000 1369.058138
1598.400000 1369.173838
1599.600000 1369.274233
1600.800000 1369.358833
1602.000000 1369.410963
1603.200000 1369.348401
1604.400000 1369.152300
1605.600000 1368.809658
1606.800000 1368.312716
1608.000000 1367.669316
1609.200000 1366.857021
1610.400000 1365.853646
1611.600000 1364.654266
1612.800000 1363.258682
1614.000000 1361.694012
1615.200000 1359.988133
1616.400000 1358.135025
1617.600000 1356.189966
1618.800000 1354.172994
1620.000000 1352.109044
1621.200000 1350.058520
1622.400000 1348.038595
1623.600000 1346.105144
1624.800000 1344.255693
1626.000000 1342.510391
1627.200000 1340.884620
1628.400000 1339.416920
1629.600000 1338.134082
1630.800000 1337.038558
1632.000000 1336.185874
1633.200000 1335.590056
1634.400000 1335.275782
1635.600000 1335.284967
1636.800000 1335.605231
1638.000000 1336.234164
1639.200000 1337.156839
1640.400000 1338.375252
1641.600000 1339.874478
1642.800000 1341.645926
1644.000000 1343.703299
1645.200000 1346.062392
1646.400000 1348.736052
1647.600000 1351.743550
1648.800000 1355.085789
1650.000000 1358.736338
1651.200000 1362.668594
1652.400000 1366.842176
1653.600000 1371.236364
1654.800000 1375.820143
1656.000000 1380.581318
1657.200000 1385.513054
1658.400000 1390.606708
1659.600000 1395.871138
1660.800000 1401.302111
1662.000000 1406.961086
1663.200000 1412.884492
1664.400000 1419.142284
1665.600000 1425.842621
1666.800000 1433.127849
1668.000000 1441.141450
1669.200000 1450.039699
1670.400000 1459.966478
1671.600000 1471.000781
1672.800000 1483.148514
1674.000000 1496.358877
1675.200000 1510.519316
1676.400000 1525.525313
1677.600000 1541.259682
1678.800000 1557.620747
1680.000000 1574.531144
1681.200000 1591.897456
1682.400000 1609.654812
1683.600000 1627.719827
1684.800000 1646.018857
1686.000000 1664.478003
1687.200000 1683.016207
1688.400000 1701.590521
1689.600000 1720.109367
1690.800000 1738.533169
1692.000000 1756.793122
1693.200000 1774.838242
1694.400000 1792.627405
1695.600000 1810.104247
1696.800000 1827.219957
1698.000000 1843.941944
1699.200000 1860.221148
1700.400000 1876.019271
1701.600000 1891.282246
1702.800000 1906.011242
1704.000000 1920.148951
1705.200000 1933.667337
1706.400000 1946.552442
1707.600000 1958.770024
1708.800000 1970.303036
1710.000000 1981.130011
1711.200000 1991.255784
1712.400000 2000.647481
1713.600000 2009.307577
1714.800000 2017.223046
1716.000000 2024.395192
1717.200000 2030.817919
1718.400000 2036.504272
1719.600000 2041.437367
1720.800000 2045.634183
1722.000000 2049.095767
1723.200000 2051.842814
1724.400000 2053.878827
1725.600000 2055.225427
1726.800000 2055.888321
1728.000000 2055.903844
1729.200000 2055.277382
1730.400000 2054.040069
1731.600000 2052.199029
1732.800000 2049.803921
1734.000000 2046.868506
1735.200000 2043.407847
1736.400000 2039.458096
1737.600000 2035.059462
1738.800000 2030.209156
1740.000000 2024.956688
1741.200000 2019.326634
1742.400000 2013.346454
1743.600000 2007.049087
1744.800000 2000.447521
1746.000000 1993.584242
1747.200000 1986.472249
1748.400000 1979.151762
1749.600000 1971.637036
1750.800000 1963.955203
1752.000000 1956.135959
1753.200000 1948.196931
1754.400000 1940.161280
1755.600000 1932.044420
1756.800000 1923.877129
1758.000000 1915.676721
1759.200000 1907.453171
1760.400000 1899.223078
1761.600000 1891.019226
1762.800000 1882.829949
1764.000000 1874.692943
1765.200000 1866.607752
1766.400000 1858.590415
1767.600000 1850.650202
1768.800000 1842.801969
1770.000000 1835.054963
1771.200000 1827.407141
1772.400000 1819.875113
1773.600000 1812.469829
1774.800000 1805.193321
1776.000000 1798.059463
1777.200000 1791.056692
1778.400000 1784.217552
1779.600000 1777.517448
1780.800000 1770.982254
1782.000000 1764.610204
1783.200000 1758.401744
1784.400000 1752.356850
1785.600000 1746.487137
1786.800000 1740.795594
1788.000000 1735.283102
1789.200000 1729.944792
1790.400000 1724.779950
1791.600000 1719.801987
1792.800000 1715.006569
1794.000000 1710.390010
1795.200000 1705.943455
1796.400000 1701.683367
1797.600000 1697.591101
1798.800000 1693.675277
1800.000000 1689.923536
1801.200000 1686.333418
1802.400000 1682.910149
1803.600000 1679.632917
1804.800000 1676.509558
1806.000000 1673.524523
1807.200000 1670.684998
1808.400000 1667.971010
1809.600000 1665.384477
1810.800000 1662.919727
1812.000000 1660.565609
1813.200000 1658.308327
1814.400000 1656.160683
1815.600000 1654.101770
1816.800000 1652.128117
1818.000000 1650.230019
1819.200000 1648.412870
1820.400000 1646.653714
1821.600000 1644.967933
1822.800000 1643.317635
1824.000000 1641.732884
1825.200000 1640.179070
1826.400000 1638.668604
1827.600000 1637.193176
1828.800000 1635.745523
1830.000000 1634.320491
1831.200000 1632.914086
1832.400000 1631.522180
1833.600000 1630.148942
1834.800000 1628.773693
1836.000000 1627.404220
1837.200000 1626.040050
1838.400000 1624.672312
1839.600000 1623.304179
1840.800000 1621.918072
1842.000000 1620.528571
1843.200000 1619.134398
1844.400000 1617.725003
1845.600000 1616.293081
1846.800000 1614.853231
1848.000000 1613.393391
1849.200000 1611.914880
1850.400000 1610.411083
1851.600000 1608.893168
1852.800000 1607.347034
1854.000000 1605.785402
1855.200000 1604.201818
1856.400000 1602.594631
1857.600000 1600.965882
1858.800000 1599.313401
1860.000000 1597.642442
1861.200000 1595.949221
1862.400000 1594.225915
1863.600000 1592.485062
1864.800000 1590.726896
1866.000000 1588.947626
1867.200000 1587.152730
1868.400000 1585.333333
1869.600000 1583.498765
1870.800000 1581.645232
1872.000000 1579.771630
1873.200000 1577.895342
1874.400000 1575.989762
1875.600000 1574.082041
1876.800000 1572.159251
1878.000000 1570.212672
1879.200000 1568.270743
1880.400000 1566.308221
1881.600000 1564.335240
1882.800000 1562.359796
1884.000000 1560.375577
1885.200000 1558.384677
1886.400000 1556.393065
1887.600000 1554.391170
1888.800000 1552.384975
1890.000000 1550.381690
1891.200000 1548.372151
1892.400000 1546.358635
1893.600000 1544.352097
1894.800000 1542.331224
1896.000000 1540.324957
1897.200000 1538.322157
1898.400000 1536.314290
1899.600000 1534.313929
1900.800000 1532.312383
1902.000000 1530.316687
1903.200000 1528.327389
1904.400000 1526.338694
1905.600000 1524.363130
1906.800000 1522.391936
1908.000000 1520.427648
1909.200000 1518.469420
1910.400000 1516.519741
1911.600000 1514.578020
1912.800000 1512.637316
1914.000000 1510.716922
1915.200000 1508.802177
1916.400000 1506.909271
1917.600000 1505.002175
1918.800000 1503.122911
1920.000000 1501.253055
1921.200000 1499.382764
1922.400000 1497.539743
1923.600000 1495.695452
1924.800000 1493.865389
1926.000000 1492.046375
1927.200000 1490.247611
1928.400000 1488.453102
1929.600000 1486.681018
1930.800000 1484.909980
1932.000000 1483.154883
1933.200000 1481.418994
1934.400000 1479.691622
1935.600000 1477.977076
1936.800000 1476.285637
1938.000000 1474.599720
1939.200000 1472.930205
1940.400000 1471.278772
1941.600000 1469.641419
1942.800000 1468.011896
1944.000000 1466.404101
1945.200000 1464.812166
1946.400000 1463.235203
1947.600000 1461.674819
1948.800000 1460.137298
1950.000000 1458.602100
1951.200000 1457.094452
1952.400000 1455.599370
1953.600000 1454.119389
1954.800000 1452.650371
1956.000000 1451.214795
1957.200000 1449.778773
1958.400000 1448.372951
1959.600000 1446.982885
1960.800000 1445.598205
1962.000000 1444.232396
1963.200000 1442.889225
1964.400000 1441.555699
1965.600000 1440.243802
1966.800000 1438.942950
1968.000000 1437.659911
1969.200000 1436.382276
1970.400000 1435.131365
1971.600000 1433.884617
1972.800000 1432.656084
1974.000000 1431.447995
1975.200000 1430.238755
1976.400000 1429.052884
1977.600000 1427.872825
1978.800000 1426.713085
1980.000000 1425.564226
1981.200000 1424.420163
1982.400000 1423.295865
1983.600000 1422.169740
1984.800000 1421.069968
1986.000000 1419.962804
1987.200000 1418.878256
1988.400000 1417.792152
1989.600000 1416.726467
1990.800000 1415.664738
1992.000000 1414.610260
1993.200000 1413.571070
1994.400000 1412.527914
1995.600000 1411.497527
1996.800000 1410.474859
1998.000000 1409.459928
1999.200000 1408.450572
2000.400000 1407.444763
2001.600000 1406.447190
2002.800000 1405.455419
2004.000000 1404.472957
2005.200000 1403.495275
2006.400000 1402.521263
2007.600000 1401.549136
2008.800000 1400.579462
2010.000000 1399.627440
2011.200000 1398.668193
2012.400000 1397.713945
2013.600000 1396.764834
2014.800000 1395.821508
2016.000000 1394.881058
2017.200000 1393.948185
2018.400000 1393.022589
2019.600000 1392.085757
2020.800000 1391.172658
2022.000000 1390.249825
2023.200000 1389.334403
2024.400000 1388.419361
2025.600000 1387.516004
2026.800000 1386.616005
2028.000000 1385.706846
2029.200000 1384.816415
2030.400000 1383.921184
2031.600000 1383.035838
2032.800000 1382.150037
2034.000000 1381.270336
2035.200000 1380.390243
2036.400000 1379.524906
2037.600000 1378.653724
2038.800000 1377.780664
2040.000000 1376.923206
2041.200000 1376.063338
2042.400000 1375.213132
2043.600000 1374.361075
2044.800000 1373.511175
2046.000000 1372.674192
2047.200000 1371.833285
2048.400000 1371.000102
2049.600000 1370.163070
2050.800000 1369.337168
2052.000000 1368.511783
2053.200000 1367.686961
2054.400000 1366.866842
2055.600000 1366.054815
2056.800000 1365.247543
2058.000000 1364.433561
2059.200000 1363.632542
2060.400000 1362.824671
2061.600000 1362.022386
2062.800000 1361.234993
2064.000000 1360.447109
2065.200000 1359.653917
2066.400000 1358.869260
2067.600000 1358.092465
2068.800000 1357.318489
2070.000000 1356.538407
2071.200000 1355.776542
2072.400000 1355.008457
2073.600000 1354.247352
2074.800000 1353.488168
2076.000000 1352.737195
2077.200000 1351.988416
2078.400000 1351.247619
2079.600000 1350.509992
2080.800000 1349.773352
2082.000000 1349.045162
2083.200000 1348.323717
2084.400000 1347.602183
2085.600000 1346.892813
2086.800000 1346.187240
2088.000000 1345.475995
2089.200000 1344.780065
2090.400000 1344.083920
2091.600000 1343.400721
2092.800000 1342.722729
2094.000000 1342.044973
2095.200000 1341.367273
2096.400000 1340.708749
2097.600000 1340.044404
2098.800000 1339.394291
2100.000000 1338.736457
2101.200000 1338.101200
2102.400000 1337.456376
2103.600000 1336.819828
2104.800000 1336.198134
2106.000000 1335.581779
2107.200000 1334.964673
2108.400000 1334.355554
2109.600000 1333.743568
2110.800000 1333.141903
2112.000000 1332.547254
2113.200000 1331.957672
2114.400000 1331.371521
2115.600000 1330.798243
2116.800000 1330.223143
2118.000000 1329.663596
2119.200000 1329.107537
2120.400000 1328.562850
2121.600000 1328.033383
2122.800000 1327.509216
2124.000000 1326.995218
2125.200000 1326.501272
2126.400000 1326.011455
2127.600000 1325.543796
2128.800000 1325.076570
2130.000000 1324.635438
2131.200000 1324.203031
2132.400000 1323.781463
2133.600000 1323.380540
2134.800000 1322.994626
2136.000000 1322.618206
2137.200000 1322.256655
2138.400000 1321.910546
2139.600000 1321.572280
2140.800000 1321.245961
2142.000000 1320.944962
2143.200000 1320.649441
2144.400000 1320.360180
2145.600000 1320.090785
2146.800000 1319.828806
2148.000000 1319.575138
2149.200000 1319.330457
2150.400000 1319.101564
2151.600000 1318.870990
2152.800000 1318.653298
2154.000000 1318.446502
2155.200000 1318.241697
2156.400000 1318.039274
2157.600000 1317.855139
2158.800000 1317.675757
2160.000000 1317.494923
2161.200000 1317.320823
2162.400000 1317.145128
2163.600000 1316.960506
2164.800000 1316.789610
2166.000000 1316.612730
2167.200000 1316.433715
2168.400000 1316.249410
2169.600000 1316.056473
2170.800000 1315.851623
2172.000000 1315.647133
2173.200000 1315.431617
2174.400000 1315.197047
2175.600000 1314.952139
2176.800000 1314.697565
2178.000000 1314.426338
2179.200000 1314.141147
2180.400000 1313.833390
2181.600000 1313.516841
2182.800000 1313.178071
2184.000000 1312.824056
2185.200000 1312.448857
2186.400000 1312.057891
2187.600000 1311.646369
2188.800000 1311.214681
2190.000000 1310.766130
2191.200000 1310.293544
2192.400000 1309.808897
2193.600000 1309.298283
2194.800000 1308.766913
2196.000000 1308.217686
2197.200000 1307.640668
2198.400000 1307.055026
2199.600000 1306.434502
2200.800000 1305.809038
2202.000000 1305.154477
2203.200000 1304.482795
2204.400000 1303.793026
2205.600000 1303.079952
2206.800000 1302.351074
2208.000000 1301.599987
2209.200000 1300.834037
2210.400000 1300.040385
2211.600000 1299.233376
2212.800000 1298.408654
2214.000000 1297.569624
2215.200000 1296.712721
2216.400000 1295.834271
2217.600000 1294.944464
2218.800000 1294.036624
2220.000000 1293.106727
2221.200000 1292.164682
2222.400000 1291.212928
2223.600000 1290.243118
2224.800000 1289.258057
2226.000000 1288.252378
2227.200000 1287.244350
2228.400000 1286.221327
2229.600000 1285.184481
2230.800000 1284.134998
2232.000000 1283.073275
2233.200000 1281.999057
2234.400000 1280.924595
2235.600000 1279.830039
2236.800000 1278.723780
2238.000000 1277.610418
2239.200000 1276.492374
2240.400000 1275.366168
2241.600000 1274.230502
2242.800000 1273.084244
2244.000000 1271.936522
2245.200000 1270.773764
2246.400000 1269.613596
2247.600000 1268.445426
2248.800000 1267.275339
2250.000000 1266.089822
2251.200000 1264.895906
2252.400000 1263.598339
2253.600000 1262.138510
2254.800000 1260.468405
2256.000000 1258.510458
2257.200000 1256.196398
2258.400000 1253.477291
2259.600000 1250.296001
2260.800000 1246.622793
2262.000000 1242.363177
2263.200000 1237.412939
2264.400000 1231.713017
2265.600000 1225.428792
2266.800000 1218.918085
2268.000000 1212.543846
2269.200000 1206.505442
2270.400000 1200.836562
2271.600000 1195.550101
2272.800000 1190.627555
2274.000000 1186.036644
2275.200000 1181.762734
2276.400000 1177.803960
2277.600000 1174.112960
2278.800000 1170.708614
2280.000000 1167.566866
2281.200000 1164.693846
2282.400000 1162.093836
2283.600000 1159.830443
2284.800000 1158.020601
2286.000000 1156.916072
2287.200000 1156.927901
2288.400000 1158.253901
2289.600000 1160.642760
2290.800000 1163.809297
2292.000000 1167.588676
2293.200000 1171.908867
2294.400000 1176.670487
2295.600000 1181.823511
2296.800000 1187.246509
2298.000000 1192.870888
2299.200000 1198.605196
2300.400000 1204.374330
2301.600000 1210.142620
2302.800000 1215.855690
2304.000000 1221.465026
2305.200000 1226.937480
2306.400000 1232.230511
2307.600000 1237.309112
2308.800000 1242.125079
2310.000000 1246.669842
2311.200000 1250.879233
2312.400000 1254.747616
2313.600000 1258.249223
2314.800000 1261.351424
2316.000000 1264.050644
2317.200000 1266.328079
2318.400000 1268.165905
2319.600000 1269.579211
2320.800000 1270.551467
2322.000000 1271.092528
2323.200000 1271.211271
2324.400000 1270.904764
2325.600000 1270.198400
2326.800000 1269.095730
2328.000000 1267.617340
2329.200000 1265.829718
2330.400000 1264.198297
2331.600000 1262.823960
2332.800000 1261.693491
2334.000000 1260.822220
2335.200000 1260.199089
2336.400000 1259.806478
2337.600000 1259.621107
2338.800000 1259.531494
2340.000000 1259.444335
2341.200000 1259.401682
2342.400000 1259.383092
2343.600000 1259.352600
2344.800000 1259.317342
2346.000000 1259.280396
2347.200000 1259.238247
2348.400000 1259.201965
2349.600000 1259.169277
2350.800000 1259.139277
2352.000000 1259.109277
2353.200000 1259.076590
2354.400000 1259.043256
2355.600000 1259.014909
2356.800000 1258.987129
2358.000000 1258.963256
2359.200000 1258.937129
2360.400000 1258.914909
2361.600000 1258.883795
2362.800000 1258.867129
2364.000000 1258.834389
2365.200000 1258.814389
2366.400000 1258.782700
2367.600000 1258.740602
2368.800000 1258.699054
2370.000000 1258.646141
2371.200000 1258.580937
2372.400000 1258.500822
2373.600000 1258.397400
2374.800000 1258.284307
2376.000000 1258.149835
2377.200000 1257.976411
2378.400000 1257.787367
2379.600000 1257.567268
2380.800000 1257.315817
2382.000000 1257.032148
2383.200000 1256.707978
2384.400000 1256.366981
2385.600000 1255.971345
2386.800000 1255.542591
2388.000000 1255.074668
2389.200000 1254.565609
2390.400000 1254.016377
2391.600000 1253.424208
2392.800000 1252.789656
2394.000000 1252.113332
2395.200000 1251.390258
2396.400000 1250.627650
2397.600000 1249.808941
2398.800000 1248.966565
2400.000000 1248.065519
2401.200000 1247.125679
2402.400000 1246.136289
2403.600000 1245.109493
2404.800000 1244.037247
2406.000000 1242.918714
2407.200000 1241.762866
2408.400000 1240.570631
2409.600000 1239.328928
2410.800000 1238.054818
2412.000000 1236.734951
2413.200000 1235.382226
2414.400000 1233.993874
2415.600000 1232.580646
2416.800000 1231.118670
2418.000000 1229.634026
2419.200000 1228.111256
2420.400000 1226.567018
2421.600000 1224.989640
2422.800000 1223.386001
2424.000000 1221.753578
2425.200000 1220.098571
2426.400000 1218.434165
2427.600000 1216.732143
2428.800000 1215.022716
2430.000000 1213.291767
2431.200000 1211.536881
2432.400000 1209.770071
2433.600000 1207.995352
2434.800000 1206.204185
2436.000000 1204.408370
2437.200000 1202.599199
2438.400000 1200.774900
2439.600000 1198.944714
2440.800000 1197.116653
2442.000000 1195.281035
2443.200000 1193.444325
2444.400000 1191.599520
2445.600000 1189.762753
2446.800000 1187.909483
2448.000000 1186.080176
2449.200000 1184.240138
2450.400000 1182.415001
2451.600000 1180.588877
2452.800000 1178.762384
2454.000000 1176.954211
2455.200000 1175.153022
2456.400000 1173.352706
2457.600000 1171.565612
2458.800000 1169.790907
2460.000000 1168.033825
2461.200000 1166.278563
2462.400000 1164.539544
2463.600000 1162.813169
2464.800000 1161.096438
2466.000000 1159.402329
2467.200000 1157.719033
2468.400000 1156.056714
2469.600000 1154.413159
2470.800000 1152.779952
2472.000000 1151.161991
2473.200000 1149.567150
2474.400000 1147.985512
2475.600000 1146.420416
2476.800000 1144.875317
2478.000000 1143.345625
2479.200000 1141.837380
2480.400000 1140.345676
2481.600000 1138.878103
2482.800000 1137.422231
2484.000000 1135.992473
2485.200000 1134.577469
2486.400000 1133.185835
2487.600000 1131.809812
2488.800000 1130.452849
2490.000000 1129.119097
2491.200000 1127.799770
2492.400000 1126.502340
2493.600000 1125.224175
2494.800000 1123.964372
2496.000000 1122.729745
2497.200000 1121.507180
2498.400000 1120.307926
2499.600000 1119.126177
2500.800000 1117.960002
2502.000000 1116.820142
2503.200000 1115.696463
2504.400000 1114.585448
2505.600000 1113.498036
2506.800000 1112.425578
2508.000000 1111.374007
2509.200000 1110.336897
2510.400000 1109.319189
2511.600000 1108.314062
2512.800000 1107.323112
2514.000000 1106.351013
2515.200000 1105.400285
2516.400000 1104.458940
2517.600000 1103.529302
2518.800000 1102.620020
2520.000000 1101.722755
2521.200000 1100.841088
2522.400000 1099.968006
2523.600000 1099.107073
2524.800000 1098.260960
2526.000000 1097.423922
2527.200000 1096.607656
2528.400000 1095.795654
2529.600000 1094.990054
2530.800000 1094.202806
2532.000000 1093.423608
2533.200000 1092.650962
2534.400000 1091.891889
2535.600000 1091.141976
2536.800000 1090.403293
2538.000000 1089.676144
2539.200000 1088.943742
2540.400000 1088.229732
2541.600000 1087.515162
2542.800000 1086.817982
2544.000000 1086.122537
2545.200000 1085.434545
2546.400000 1084.753370
2547.600000 1084.079593
2548.800000 1083.408968
2550.000000 1082.750183
2551.200000 1082.098073
2552.400000 1081.442142
2553.600000 1080.797582
2554.800000 1080.160062
2556.000000 1079.527544
2557.200000 1078.897684
2558.400000 1078.271855
2559.600000 1077.653149
2560.800000 1077.037107
2562.000000 1076.424015
2563.200000 1075.827137
2564.400000 1075.224199
2565.600000 1074.634641
2566.800000 1074.029868
2568.000000 1073.443331
2569.200000 1072.855556
2570.400000 1072.274813
2571.600000 1071.702391
2572.800000 1071.125724
2574.000000 1070.563338
2575.200000 1069.990459
2576.400000 1069.431613
2577.600000 1068.871397
2578.800000 1068.317850
2580.000000 1067.768364
2581.200000 1067.219472
2582.400000 1066.670651
2583.600000 1066.133308
2584.800000 1065.594728
2586.000000 1065.056448
2587.200000 1064.530867
2588.400000 1064.001595
2589.600000 1063.478418
2590.800000 1062.959908
2592.000000 1062.432202
2593.200000 1061.926042
2594.400000 1061.417022
2595.600000 1060.909056
2596.800000 1060.404835
2598.000000 1059.903916
2599.200000 1059.411330
2600.400000 1058.914890
2601.600000 1058.427783
2602.800000 1057.940349
2604.000000 1057.456001
2605.200000 1056.975454
2606.400000 1056.501119
2607.600000 1056.032861
2608.800000 1055.559845
2610.000000 1055.097707
2611.200000 1054.639188
2612.400000 1054.175303
2613.600000 1053.721002
2614.800000 1053.273926
2616.000000 1052.823584
2617.200000 1052.386543
2618.400000 1051.945572
2619.600000 1051.511157
2620.800000 1051.078432
2622.000000 1050.643037
2623.200000 1050.221327
2624.400000 1049.799268
2625.600000 1049.380017
2626.800000 1048.964077
2628.000000 1048.558900
2629.200000 1048.151818
2630.400000 1047.750006
2631.600000 1047.351493
2632.800000 1046.955050
2634.000000 1046.560593
2635.200000 1046.176474
2636.400000 1045.790221
2637.600000 1045.408036
2638.800000 1045.033644
2640.000000 1044.660323
2641.200000 1044.288260
2642.400000 1043.931622
2643.600000 1043.562329
2644.800000 1043.200733
2646.000000 1042.851569
2647.200000 1042.499734
2648.400000 1042.156894
2649.600000 1041.807558
2650.800000 1041.470950
2652.000000 1041.126826
2653.200000 1040.791178
2654.400000 1040.464091
2655.600000 1040.136030
2656.800000 1039.820192
2658.000000 1039.498021
2659.200000 1039.177194
2660.400000 1038.868140
2661.600000 1038.550099
2662.800000 1038.247423
2664.000000 1037.952234
2665.200000 1037.648390
2666.400000 1037.353154
2667.600000 1037.062733
2668.800000 1036.767794
2670.000000 1036.484795
2671.200000 1036.199563
2672.400000 1035.919831
2673.600000 1035.639789
2674.800000 1035.364619
2676.000000 1035.091677
2677.200000 1034.829264
2678.400000 1034.563674
2679.600000 1034.297268
2680.800000 1034.034144
2682.000000 1033.779758
2683.200000 1033.524803
2684.400000 1033.276585
2685.600000 1033.019481
2686.800000 1032.782435
2688.000000 1032.536760
2689.200000 1032.289306
2690.400000 1032.057004
2691.600000 1031.820664
2692.800000 1031.575523
2694.000000 1031.358159
2695.200000 1031.122494
2696.400000 1030.901012
2697.600000 1030.673941
2698.800000 1030.453712
2700.000000 1030.235303
2701.200000 1030.018698
2702.400000 1029.803333
2703.600000 1029.586986
2704.800000 1029.382283
2706.000000 1029.170764
2707.200000 1028.968687
2708.400000 1028.758578
2709.600000 1028.565200
2710.800000 1028.360831
2712.000000 1028.165808
2713.200000 1027.969564
2714.400000 1027.773865
2715.600000 1027.586546
2716.800000 1027.389492
2718.000000 1027.207143
2719.200000 1027.023006
2720.400000 1026.834910
2721.600000 1026.651473
2722.800000 1026.473452
2724.000000 1026.294711
2725.200000 1026.116077
2726.400000 1025.940094
2727.600000 1025.774062
2728.800000 1025.597433
2730.000000 1025.431431
2731.200000 1025.256705
2732.400000 1025.092617
2733.600000 1024.926162
2734.800000 1024.764115
2736.000000 1024.601448
2737.200000 1024.438030
2738.400000 1024.286163
2739.600000 1024.126111
2740.800000 1023.964252
2742.000000 1023.814834
2743.200000 1023.664383
2744.400000 1023.509862
2745.600000 1023.361224
2746.800000 1023.209488
2748.000000 1023.068138
2749.200000 1022.919591
2750.400000 1022.781255
2751.600000 1022.633083
2752.800000 1022.494342
2754.000000 1022.353440
2755.200000 1022.215419
2756.400000 1022.076218
2757.600000 1021.937754
2758.800000 1021.803683
2760.000000 1021.672796
2761.200000 1021.536027
2762.400000 1021.408671
2763.600000 1021.280324
2764.800000 1021.144479
2766.000000 1021.016524
2767.200000 1020.893397
2768.400000 1020.773586
2769.600000 1020.647765
2770.800000 1020.521809
2772.000000 1020.401424
2773.200000 1020.276914
2774.400000 1020.160812
2775.600000 1020.041784
2776.800000 1019.917094
2778.000000 1019.800786
2779.200000 1019.688354
2780.400000 1019.574829
2781.600000 1019.467516
2782.800000 1019.351017
2784.000000 1019.236583
2785.200000 1019.127968
2786.400000 1019.018524
2787.600000 1018.907179
2788.800000 1018.803442
2790.000000 1018.693498
2791.200000 1018.589803
2792.400000 1018.481411
2793.600000 1018.380768
2794.800000 1018.277842
2796.000000 1018.180714
2797.200000 1018.073564
2798.400000 1017.976404
2799.600000 1017.883274
2800.800000 1017.787148
2802.000000 1017.685846
2803.200000 1017.593114
2804.400000 1017.502751
2805.600000 1017.413749
2806.800000 1017.324774
2808.000000 1017.236478
2809.200000 1017.153472
2810.400000 1017.060950
2811.600000 1016.990878
2812.800000 1016.908621
2814.000000 1016.822394
2815.200000 1016.753426
2816.400000 1016.673718
2817.600000 1016.604821
2818.800000 1016.530743
2820.000000 1016.463087
2821.200000 1016.394004
2822.400000 1016.323356
2823.600000 1016.262920
2824.800000 1016.200257
2826.000000 1016.137264
2827.200000 1016.077862
2828.400000 1016.014503
2829.600000 1015.958556
2830.800000 1015.908575
2832.000000 1015.845335
2833.200000 1015.802292
2834.400000 1015.749704
2835.600000 1015.702309
2836.800000 1015.652556
2838.000000 1015.604368
2839.200000 1015.563412
2840.400000 1015.514998
2841.600000 1015.474869
2842.800000 1015.428761
2844.000000 1015.394577
2845.200000 1015.349592
2846.400000 1015.305221
2847.600000 1015.274759
2848.800000 1015.230703
2850.000000 1015.200051
2851.200000 1015.160153
2852.400000 1015.121336
2853.600000 1015.084523
2854.800000 1015.049148
2856.000000 1015.008759
2857.200000 1014.975567
2858.400000 1014.944891
2859.600000 1014.904351
2860.800000 1014.865609
2862.000000 1014.828453
2863.200000 1014.791661
2864.400000 1014.750726
2865.600000 1014.713764
2866.800000 1014.669258
2868.000000 1014.627219
2869.200000 1014.587525
2870.400000 1014.545450
2871.600000 1014.497098
2872.800000 1014.450843
2874.000000 1014.402644
2875.200000 1014.357404
2876.400000 1014.307285
2877.600000 1014.253609
2878.800000 1014.203418
2880.000000 1014.141978
2881.200000 1014.088161
2882.400000 1014.026368
2883.600000 1013.978539
2884.800000 1013.913187
2886.000000 1013.850061
2887.200000 1013.783035
2888.400000 1013.721301
2889.600000 1013.652312
2890.800000 1013.590912
2892.000000 1013.512795
2893.200000 1013.443751
2894.400000 1013.366882
2895.600000 1013.279000
2896.800000 1013.169325
2898.000000 1013.040210
2899.200000 1012.903250
2900.400000 1012.756040
2901.600000 1012.602040
2902.800000 1012.450275
2904.000000 1012.302631
2905.200000 1012.159368
2906.400000 1012.006085
2907.600000 1011.864880
2908.800000 1011.725589
2910.000000 1011.578077
2911.200000 1011.424043
2912.400000 1011.263393
2913.600000 1011.111114
2914.800000 1010.954869
2916.000000 1010.796338
2917.200000 1010.625213
2918.400000 1010.454888
2919.600000 1010.291730
2920.800000 1010.122147
2922.000000 1009.959833
2923.200000 1009.785392
2924.400000 1009.618955
2925.600000 1009.451581
2926.800000 1009.285300
2928.000000 1009.123146
2929.200000 1008.975056
2930.400000 1008.814417
2931.600000 1008.668751
2932.800000 1008.527040
2934.000000 1008.379733
2935.200000 1008.242439
2936.400000 1008.097310
2937.600000 1007.958256
2938.800000 1007.810710
2940.000000 1007.670115
2941.200000 1007.523235
2942.400000 1007.384676
2943.600000 1007.239405
2944.800000 1007.103181
2946.000000 1006.955286
2947.200000 1006.837157
2948.400000 1006.773327
2949.600000 1006.776879
2950.800000 1006.787591
2952.000000 1006.777848
2953.200000 1006.780667
2954.400000 1006.775907
2955.600000 1006.766298
2956.800000 1006.766298
2958.000000 1006.757992
2959.200000 1006.758901
2960.400000 1006.749391
2961.600000 1006.749391
2962.800000 1006.746316
2964.000000 1006.751270
2965.200000 1006.751270
2966.400000 1006.744255
2967.600000 1006.744952
2968.800000 1006.744952
2970.000000 1006.743214
2971.200000 1006.745496
2972.400000 1006.745496
2973.600000 1006.745496
2974.800000 1006.742243
2976.000000 1006.741268
2977.200000 1006.741268
2978.400000 1006.741268
2979.600000 1006.741268
2980.800000 1006.745839
2982.000000 1006.744444
2983.200000 1006.746526
2984.400000 1006.749966
2985.600000 1006.749966
2986.800000 1006.749966
2988.000000 1006.749966
2989.200000 1006.749966
2990.400000 1006.749966
2991.600000 1006.749966
2992.800000 1006.750384
2994.000000 1006.750384
2995.200000 1006.750384
2996.400000 1006.753214
2997.600000 1006.753214
2998.800000 1006.753214
