0.0 6.0
1.2 66.09
2.4 126.34
3.6 186.76
4.8 247.38
6.0 308.22
7.2 369.29
8.4 430.61
9.6 492.21
10.8 554.07
12.0 616.22
13.2 678.68
14.4 741.46
15.6 804.57
16.8 868.04
18.0 931.89
19.2 996.13
20.4 1060.78
21.6 1125.85
22.8 1191.36
24.0 1257.32
25.2 1323.76
26.4 1390.68
27.6 1458.1
28.8 1526.03
30.0 1594.49
31.2 1663.5
32.4 1733.06
33.6 1803.2
34.8 1873.95
36.0 1945.34
37.2 2017.39
38.4 2090.13
39.6 2163.58
40.8 2237.76
42.0 2312.69
43.2 2388.39
44.4 2464.88
45.6 2542.16
46.8 2620.27
48.0 2699.21
49.2 2778.99
50.4 2859.62
51.6 2941.12
52.8 3023.49
54.0 3106.74
55.2 3190.87
56.4 3275.89
57.6 3361.8
58.8 3448.61
60.0 3536.31
61.2 3624.9
62.4 3714.38
63.6 3804.76
64.8 3896.01
66.0 3988.15
67.2 4081.15
68.4 4175.02
69.6 4269.74
70.8 4365.31
72.0 4461.71
73.2 4558.93
74.4 4656.95
75.6 4755.78
76.8 4855.39
78.0 4955.78
79.2 5056.96
80.4 5158.9
81.6 5261.56
82.8 5364.95
84.0 5469.02
85.2 5573.69
86.4 5678.85
87.6 5784.41
88.8 5890.24
90.0 5996.22
91.2 6102.23
92.4 6208.15
93.6 6313.84
94.8 6419.2
96.0 6524.12
97.2 6628.48
98.4 6732.22
99.6 6835.25
100.8 6937.51
102.0 7038.97
103.2 7139.61
104.4 7239.4
105.6 7338.34
106.8 7436.42
108.0 7533.63
109.2 7629.95
110.4 7725.39
111.6 7819.93
112.8 7913.57
114.0 8006.3
115.2 8098.1
116.4 8188.93
117.6 8278.78
118.8 8367.64
120.0 8455.53
121.2 8542.45
122.4 8628.42
123.6 8713.45
124.8 8797.58
126.0 8880.82
127.2 8963.2
128.4 9044.75
129.6 9125.49
130.8 9205.45
132.0 9284.65
133.2 9363.11
134.4 9440.86
135.6 9517.92
136.8 9594.32
138.0 9670.08
139.2 9745.23
140.4 9819.78
141.6 9893.76
142.8 9967.19
144.0 10040.09
145.2 10112.5
146.4 10184.42
147.6 10255.88
148.8 10326.91
150.0 10397.51
151.2 10467.72
152.4 10537.56
153.6 10607.04
154.8 10676.18
156.0 10745.01
157.2 10813.54
158.4 10881.79
159.6 10949.78
160.8 11017.52
162.0 11085.05
163.2 11152.36
164.4 11219.49
165.6 11286.44
166.8 11353.23
168.0 11419.89
169.2 11486.41
170.4 11552.83
171.6 11619.15
172.8 11685.39
174.0 11751.56
175.2 11817.67
176.4 11883.75
177.6 11949.8
178.8 12015.83
180.0 12081.86
181.2 12147.9
182.4 12213.96
183.6 12280.05
184.8 12346.18
186.0 12412.37
187.2 12478.61
188.4 12544.93
189.6 12611.33
190.8 12677.82
192.0 12744.4
193.2 12811.09
194.4 12877.9
195.6 12944.82
196.8 13011.87
198.0 13079.06
199.2 13146.39
200.4 13213.86
201.6 13281.49
202.8 13349.27
204.0 13417.22
205.2 13485.33
206.4 13553.61
207.6 13622.06
208.8 13690.69
210.0 13759.51
211.2 13828.5
212.4 13897.69
213.6 13967.06
214.8 14036.62
216.0 14106.37
217.2 14176.31
218.4 14246.45
219.6 14316.78
220.8 14387.3
222.0 14458.02
223.2 14528.93
224.4 14600.04
225.6 14671.33
226.8 14742.81
228.0 14814.49
229.2 14886.34
230.4 14958.38
231.6 15030.61
232.8 15103.01
234.0 15175.58
235.2 15248.33
236.4 15321.25
237.6 15394.33
238.8 15467.57
240.0 15540.97
241.2 15614.52
242.4 15688.19
243.6 15761.96
244.8 15835.83
246.0 15909.78
247.2 15983.78
248.4 16057.84
249.6 16131.93
250.8 16206.05
252.0 16280.18
253.2 16354.29
254.4 16428.37
255.6 16502.39
256.8 16576.33
258.0 16650.17
259.2 16723.87
260.4 16797.42
261.6 16870.78
262.8 16943.93
264.0 17016.85
265.2 17089.5
266.4 17161.87
267.6 17233.93
268.8 17305.65
270.0 17377.01
271.2 17447.99
272.4 17518.57
273.6 17588.73
274.8 17658.46
276.0 17727.76
277.2 17796.65
278.4 17865.14
279.6 17933.25
280.8 18000.99
282.0 18068.38
283.2 18135.43
284.4 18202.17
285.6 18268.59
286.8 18334.74
288.0 18400.65
289.2 18466.32
290.4 18531.78
291.6 18597.05
292.8 18662.13
294.0 18727.04
295.2 18791.76
296.4 18856.31
297.6 18920.7
298.8 18984.93
300.0 19049.01
301.2 19112.93
302.4 19176.71
303.6 19240.36
304.8 19303.86
306.0 19367.24
307.2 19430.49
308.4 19493.62
309.6 19556.64
310.8 19619.54
312.0 19682.34
313.2 19745.04
314.4 19807.63
315.6 19870.14
316.8 19932.55
318.0 19994.88
319.2 20057.13
320.4 20119.3
321.6 20181.39
322.8 20243.42
324.0 20305.38
325.2 20367.28
326.4 20429.12
327.6 20490.9
328.8 20552.63
330.0 20614.31
331.2 20675.94
332.4 20737.54
333.6 20799.09
334.8 20860.61
336.0 20922.09
337.2 20983.54
338.4 21044.97
339.6 21106.36
340.8 21167.74
342.0 21229.09
343.2 21290.43
344.4 21351.75
345.6 21413.06
346.8 21474.36
348.0 21535.65
349.2 21596.93
350.4 21658.21
351.6 21719.49
352.8 21780.76
354.0 21842.04
355.2 21903.31
356.4 21964.6
357.6 22025.88
358.8 22087.18
360.0 22148.48
361.2 22209.8
362.4 22271.12
363.6 22332.46
364.8 22393.81
366.0 22455.18
367.2 22516.56
368.4 22577.96
369.6 22639.38
370.8 22700.82
372.0 22762.27
373.2 22823.75
374.4 22885.24
375.6 22946.76
376.8 23008.3
378.0 23069.86
379.2 23131.44
380.4 23193.04
381.6 23254.67
382.8 23316.32
384.0 23377.99
385.2 23439.69
386.4 23501.4
387.6 23563.13
388.8 23624.89
390.0 23686.65
391.2 23748.44
392.4 23810.24
393.6 23872.05
394.8 23933.88
396.0 23995.71
397.2 24057.56
398.4 24119.42
399.6 24181.28
400.8 24243.16
402.0 24305.04
403.2 24366.93
404.4 24428.82
405.6 24490.71
406.8 24552.61
408.0 24614.52
409.2 24676.42
410.4 24738.33
411.6 24800.23
412.8 24862.14
414.0 24924.04
415.2 24985.94
416.4 25047.84
417.6 25109.74
418.8 25171.64
420.0 25233.52
421.2 25295.41
422.4 25357.29
423.6 25419.16
424.8 25481.03
426.0 25542.88
427.2 25604.73
428.4 25666.58
429.6 25728.41
430.8 25790.23
432.0 25852.05
433.2 25913.85
434.4 25975.64
435.6 26037.42
436.8 26099.19
438.0 26160.95
439.2 26222.69
440.4 26284.42
441.6 26346.14
442.8 26407.84
444.0 26469.53
445.2 26531.2
446.4 26592.86
447.6 26654.5
448.8 26716.13
450.0 26777.74
451.2 26839.33
452.4 26900.91
453.6 26962.47
454.8 27024.01
456.0 27085.54
457.2 27147.04
458.4 27208.53
459.6 27270.0
460.8 27331.45
462.0 27392.88
463.2 27454.29
464.4 27515.68
465.6 27577.05
466.8 27638.4
468.0 27699.73
469.2 27761.03
470.4 27822.32
471.6 27883.59
472.8 27944.83
474.0 28006.06
475.2 28067.26
476.4 28128.44
477.6 28189.6
478.8 28250.74
480.0 28311.85
481.2 28372.94
482.4 28434.01
483.6 28495.06
484.8 28556.08
486.0 28617.08
487.2 28678.06
488.4 28739.01
489.6 28799.94
490.8 28860.85
492.0 28921.74
493.2 28982.6
494.4 29043.43
495.6 29104.24
496.8 29165.02
498.0 29225.75
499.2 29286.43
500.4 29347.05
501.6 29407.62
502.8 29468.14
504.0 29528.62
505.2 29589.05
506.4 29649.44
507.6 29709.79
508.8 29770.11
510.0 29830.39
511.2 29890.64
512.4 29950.85
513.6 30011.03
514.8 30071.19
516.0 30131.32
517.2 30191.42
518.4 30251.49
519.6 30311.54
520.8 30371.57
522.0 30431.57
523.2 30491.55
524.4 30551.51
525.6 30611.45
526.8 30671.36
528.0 30731.26
529.2 30791.13
530.4 30850.99
531.6 30910.83
532.8 30970.65
534.0 31030.45
535.2 31090.23
536.4 31149.99
537.6 31209.74
538.8 31269.46
540.0 31329.17
541.2 31388.87
542.4 31448.54
543.6 31508.2
544.8 31567.84
546.0 31627.47
547.2 31687.08
548.4 31746.67
549.6 31806.25
550.8 31865.81
552.0 31925.36
553.2 31984.88
554.4 32044.4
555.6 32103.9
556.8 32163.38
558.0 32222.85
559.2 32282.3
560.4 32341.74
561.6 32401.16
562.8 32460.57
564.0 32519.96
565.2 32579.34
566.4 32638.71
567.6 32698.06
568.8 32757.4
570.0 32816.72
571.2 32876.03
572.4 32935.32
573.6 32994.61
574.8 33053.87
576.0 33113.13
577.2 33172.37
578.4 33231.6
579.6 33290.82
580.8 33350.02
582.0 33409.21
583.2 33468.39
584.4 33527.55
585.6 33586.71
586.8 33645.85
588.0 33704.98
589.2 33764.1
590.4 33823.2
591.6 33882.3
592.8 33941.38
594.0 34000.45
595.2 34059.51
596.4 34118.56
597.6 34177.6
598.8 34236.62
600.0 34295.64
601.2 34354.65
602.4 34413.64
603.6 34472.63
604.8 34531.6
606.0 34590.57
607.2 34649.52
608.4 34708.47
609.6 34767.4
610.8 34826.33
612.0 34885.25
613.2 34944.16
614.4 35003.05
615.6 35061.94
616.8 35120.83
618.0 35179.7
619.2 35238.56
620.4 35297.42
621.6 35356.26
622.8 35415.1
624.0 35473.93
625.2 35532.76
626.4 35591.57
627.6 35650.38
628.8 35709.18
630.0 35767.97
631.2 35826.76
632.4 35885.53
633.6 35944.3
634.8 36003.07
636.0 36061.83
637.2 36120.58
638.4 36179.32
639.6 36238.06
640.8 36296.79
642.0 36355.52
643.2 36414.24
644.4 36472.95
645.6 36531.66
646.8 36590.36
648.0 36649.06
649.2 36707.75
650.4 36766.43
651.6 36825.12
652.8 36883.79
654.0 36942.46
655.2 37001.13
656.4 37059.79
657.6 37118.45
658.8 37177.1
660.0 37235.75
661.2 37294.39
662.4 37353.03
663.6 37411.67
664.8 37470.3
666.0 37528.93
667.2 37587.55
668.4 37646.17
669.6 37704.79
670.8 37763.4
672.0 37822.01
673.2 37880.62
674.4 37939.22
675.6 37997.82
676.8 38056.42
678.0 38115.02
679.2 38173.61
680.4 38232.2
681.6 38290.79
682.8 38349.37
684.0 38407.96
685.2 38466.54
686.4 38525.11
687.6 38583.69
688.8 38642.27
690.0 38700.84
691.2 38759.41
692.4 38817.98
693.6 38876.55
694.8 38935.11
696.0 38993.68
697.2 39052.24
698.4 39110.8
699.6 39169.36
700.8 39227.92
702.0 39286.48
703.2 39345.04
704.4 39403.6
705.6 39462.15
706.8 39520.71
708.0 39579.26
709.2 39637.81
710.4 39696.37
711.6 39754.92
712.8 39813.47
714.0 39872.02
715.2 39930.57
716.4 39989.13
717.6 40047.68
718.8 40106.23
720.0 40164.78
721.2 40223.33
722.4 40281.88
723.6 40340.43
724.8 40398.98
726.0 40457.53
727.2 40516.09
728.4 40574.64
729.6 40633.19
730.8 40691.74
732.0 40750.3
733.2 40808.85
734.4 40867.41
735.6 40925.96
736.8 40984.52
738.0 41043.08
739.2 41101.63
740.4 41160.19
741.6 41218.75
742.8 41277.32
744.0 41335.88
745.2 41394.44
746.4 41453.01
747.6 41511.57
748.8 41570.14
750.0 41628.71
751.2 41687.28
752.4 41745.85
753.6 41804.42
754.8 41863.0
756.0 41921.57
757.2 41980.15
758.4 42038.73
759.6 42097.31
760.8 42155.89
762.0 42214.48
763.2 42273.07
764.4 42331.65
765.6 42390.24
766.8 42448.83
768.0 42507.43
769.2 42566.02
770.4 42624.62
771.6 42683.22
772.8 42741.82
774.0 42800.42
775.2 42859.03
776.4 42917.64
777.6 42976.24
778.8 43034.86
780.0 43093.47
781.2 43152.08
782.4 43210.7
783.6 43269.32
784.8 43327.94
786.0 43386.56
787.2 43445.19
788.4 43503.82
789.6 43562.45
790.8 43621.08
792.0 43679.71
793.2 43738.35
794.4 43796.99
795.6 43855.63
796.8 43914.27
798.0 43972.92
799.2 44031.56
800.4 44090.21
801.6 44148.86
802.8 44207.52
804.0 44266.17
805.2 44324.83
806.4 44383.49
807.6 44442.15
808.8 44500.82
810.0 44559.48
811.2 44618.15
812.4 44676.83
813.6 44735.5
814.8 44794.17
816.0 44852.85
817.2 44911.53
818.4 44970.22
819.6 45028.9
820.8 45087.59
822.0 45146.28
823.2 45204.97
824.4 45263.66
825.6 45322.36
826.8 45381.06
828.0 45439.76
829.2 45498.46
830.4 45557.16
831.6 45615.87
832.8 45674.58
834.0 45733.29
835.2 45792.01
836.4 45850.72
837.6 45909.44
838.8 45968.16
840.0 46026.88
841.2 46085.61
842.4 46144.33
843.6 46203.06
844.8 46261.79
846.0 46320.53
847.2 46379.26
848.4 46438.0
849.6 46496.74
850.8 46555.48
852.0 46614.22
853.2 46672.97
854.4 46731.71
855.6 46790.46
856.8 46849.21
858.0 46907.97
859.2 46966.72
860.4 47025.48
861.6 47084.24
862.8 47143.0
864.0 47201.76
865.2 47260.53
866.4 47319.29
867.6 47378.06
868.8 47436.83
870.0 47495.6
871.2 47554.38
872.4 47613.15
873.6 47671.93
874.8 47730.71
876.0 47789.49
877.2 47848.28
878.4 47907.06
879.6 47965.85
880.8 48024.64
882.0 48083.43
883.2 48142.22
884.4 48201.01
885.6 48259.81
886.8 48318.6
888.0 48377.4
889.2 48436.2
890.4 48495.0
891.6 48553.81
892.8 48612.61
894.0 48671.42
895.2 48730.23
896.4 48789.04
897.6 48847.85
898.8 48906.66
900.0 48965.47
901.2 49024.29
902.4 49083.11
903.6 49141.93
904.8 49200.75
906.0 49259.57
907.2 49318.39
908.4 49377.22
909.6 49436.04
910.8 49494.87
912.0 49553.7
913.2 49612.53
914.4 49671.36
915.6 49730.19
916.8 49789.02
918.0 49847.86
919.2 49906.69
920.4 49965.53
921.6 50024.37
922.8 50083.21
924.0 50142.05
925.2 50200.89
926.4 50259.73
927.6 50318.58
928.8 50377.42
930.0 50436.27
931.2 50495.11
932.4 50553.96
933.6 50612.81
934.8 50671.66
936.0 50730.51
937.2 50789.36
938.4 50848.22
939.6 50907.07
940.8 50965.93
942.0 51024.78
943.2 51083.64
944.4 51142.49
945.6 51201.35
946.8 51260.21
948.0 51319.07
949.2 51377.93
950.4 51436.79
951.6 51495.65
952.8 51554.52
954.0 51613.38
955.2 51672.24
956.4 51731.11
957.6 51789.97
958.8 51848.84
960.0 51907.71
961.2 51966.57
962.4 52025.44
963.6 52084.31
964.8 52143.18
966.0 52202.05
967.2 52260.92
968.4 52319.79
969.6 52378.66
970.8 52437.53
972.0 52496.4
973.2 52555.27
974.4 52614.15
975.6 52673.02
976.8 52731.89
978.0 52790.77
979.2 52849.64
980.4 52908.52
981.6 52967.39
982.8 53026.27
984.0 53085.14
985.2 53144.02
986.4 53202.89
987.6 53261.77
988.8 53320.65
990.0 53379.52
991.2 53438.4
992.4 53497.28
993.6 53556.16
994.8 53615.03
996.0 53673.91
997.2 53732.79
998.4 53791.67
999.6 53850.55
1000.8 53909.42
1002.0 53968.3
1003.2 54027.18
1004.4 54086.06
1005.6 54144.94
1006.8 54203.82
1008.0 54262.7
1009.2 54321.57
1010.4 54380.45
1011.6 54439.33
1012.8 54498.21
1014.0 54557.09
1015.2 54615.97
1016.4 54674.85
1017.6 54733.73
1018.8 54792.61
1020.0 54851.48
1021.2 54910.36
1022.4 54969.24
1023.6 55028.12
1024.8 55087.0
1026.0 55145.88
1027.2 55204.76
1028.4 55263.64
1029.6 55322.51
1030.8 55381.39
1032.0 55440.27
1033.2 55499.15
1034.4 55558.03
1035.6 55616.91
1036.8 55675.78
1038.0 55734.66
1039.2 55793.54
1040.4 55852.42
1041.6 55911.29
1042.8 55970.17
1044.0 56029.05
1045.2 56087.92
1046.4 56146.8
1047.6 56205.68
1048.8 56264.55
1050.0 56323.43
1051.2 56382.31
1052.4 56441.18
1053.6 56500.06
1054.8 56558.93
1056.0 56617.81
1057.2 56676.68
1058.4 56735.56
1059.6 56794.43
1060.8 56853.31
1062.0 56912.18
1063.2 56971.06
1064.4 57029.93
1065.6 57088.8
1066.8 57147.67
1068.0 57206.55
1069.2 57265.42
1070.4 57324.29
1071.6 57383.16
1072.8 57442.03
1074.0 57500.91
1075.2 57559.78
1076.4 57618.65
1077.6 57677.52
1078.8 57736.39
1080.0 57795.26
1081.2 57854.13
1082.4 57912.99
1083.6 57971.86
1084.8 58030.73
1086.0 58089.6
1087.2 58148.47
1088.4 58207.33
1089.6 58266.2
1090.8 58325.07
1092.0 58383.93
1093.2 58442.8
1094.4 58501.66
1095.6 58560.53
1096.8 58619.39
1098.0 58678.26
1099.2 58737.12
1100.4 58795.99
1101.6 58854.85
1102.8 58913.71
1104.0 58972.58
1105.2 59031.44
1106.4 59090.3
1107.6 59149.16
1108.8 59208.02
1110.0 59266.88
1111.2 59325.74
1112.4 59384.6
1113.6 59443.46
1114.8 59502.32
1116.0 59561.18
1117.2 59620.04
1118.4 59678.9
1119.6 59737.76
1120.8 59796.62
1122.0 59855.47
1123.2 59914.33
1124.4 59973.19
1125.6 60032.04
1126.8 60090.9
1128.0 60149.75
1129.2 60208.61
1130.4 60267.46
1131.6 60326.32
1132.8 60385.17
1134.0 60444.03
1135.2 60502.88
1136.4 60561.73
1137.6 60620.59
1138.8 60679.44
1140.0 60738.29
1141.2 60797.14
1142.4 60856.0
1143.6 60914.85
1144.8 60973.7
1146.0 61032.55
1147.2 61091.4
1148.4 61150.25
1149.6 61209.1
1150.8 61267.95
1152.0 61326.8
1153.2 61385.65
1154.4 61444.5
1155.6 61503.34
1156.8 61562.19
1158.0 61621.04
1159.2 61679.89
1160.4 61738.73
1161.6 61797.58
1162.8 61856.43
1164.0 61915.27
1165.2 61974.12
1166.4 62032.97
1167.6 62091.81
1168.8 62150.66
1170.0 62209.5
1171.2 62268.35
1172.4 62327.19
1173.6 62386.04
1174.8 62444.88
1176.0 62503.72
1177.2 62562.57
1178.4 62621.41
1179.6 62680.25
1180.8 62739.1
1182.0 62797.94
1183.2 62856.78
1184.4 62915.62
1185.6 62974.46
1186.8 63033.31
1188.0 63092.15
1189.2 63150.99
1190.4 63209.83
1191.6 63268.67
1192.8 63327.51
1194.0 63386.35
1195.2 63445.19
1196.4 63504.03
1197.6 63562.87
1198.8 63621.71
1200.0 63680.55
1201.2 63739.39
1202.4 63798.22
1203.6 63857.06
1204.8 63915.9
1206.0 63974.74
1207.2 64033.58
1208.4 64092.41
1209.6 64151.25
1210.8 64210.09
1212.0 64268.92
1213.2 64327.76
1214.4 64386.6
1215.6 64445.43
1216.8 64504.27
1218.0 64563.1
1219.2 64621.94
1220.4 64680.77
1221.6 64739.61
1222.8 64798.44
1224.0 64857.28
1225.2 64916.11
1226.4 64974.95
1227.6 65033.78
1228.8 65092.62
1230.0 65151.45
1231.2 65210.29
1232.4 65269.12
1233.6 65327.95
1234.8 65386.79
1236.0 65445.62
1237.2 65504.45
1238.4 65563.29
1239.6 65622.12
1240.8 65680.95
1242.0 65739.79
1243.2 65798.62
1244.4 65857.45
1245.6 65916.29
1246.8 65975.12
1248.0 66033.95
1249.2 66092.78
1250.4 66151.62
1251.6 66210.45
1252.8 66269.28
1254.0 66328.11
1255.2 66386.95
1256.4 66445.78
1257.6 66504.61
1258.8 66563.44
1260.0 66622.28
1261.2 66681.11
1262.4 66739.94
1263.6 66798.77
1264.8 66857.6
1266.0 66916.44
1267.2 66975.27
1268.4 67034.1
1269.6 67092.93
1270.8 67151.76
1272.0 67210.59
1273.2 67269.43
1274.4 67328.26
1275.6 67387.09
1276.8 67445.92
1278.0 67504.75
1279.2 67563.58
1280.4 67622.42
1281.6 67681.25
1282.8 67740.08
1284.0 67798.91
1285.2 67857.74
1286.4 67916.57
1287.6 67975.41
1288.8 68034.24
1290.0 68093.07
1291.2 68151.9
1292.4 68210.73
1293.6 68269.56
1294.8 68328.39
1296.0 68387.23
1297.2 68446.06
1298.4 68504.89
1299.6 68563.72
1300.8 68622.55
1302.0 68681.38
1303.2 68740.22
1304.4 68799.05
1305.6 68857.88
1306.8 68916.71
1308.0 68975.54
1309.2 69034.37
1310.4 69093.2
1311.6 69152.03
1312.8 69210.86
1314.0 69269.69
1315.2 69328.51
1316.4 69387.34
1317.6 69446.16
1318.8 69504.98
1320.0 69563.8
1321.2 69622.62
1322.4 69681.43
1323.6 69740.24
1324.8 69799.05
1326.0 69857.85
1327.2 69916.65
1328.4 69975.45
1329.6 70034.24
1330.8 70093.02
1332.0 70151.8
1333.2 70210.58
1334.4 70269.35
1335.6 70328.12
1336.8 70386.88
1338.0 70445.63
1339.2 70504.38
1340.4 70563.12
1341.6 70621.86
1342.8 70680.58
1344.0 70739.3
1345.2 70798.02
1346.4 70856.72
1347.6 70915.42
1348.8 70974.11
1350.0 71032.8
1351.2 71091.47
1352.4 71150.14
1353.6 71208.8
1354.8 71267.45
1356.0 71326.1
1357.2 71384.73
1358.4 71443.36
1359.6 71501.99
1360.8 71560.6
1362.0 71619.21
1363.2 71677.81
1364.4 71736.4
1365.6 71794.99
1366.8 71853.57
1368.0 71912.14
1369.2 71970.71
1370.4 72029.27
1371.6 72087.83
1372.8 72146.38
1374.0 72204.92
1375.2 72263.46
1376.4 72321.99
1377.6 72380.51
1378.8 72439.03
1380.0 72497.55
1381.2 72556.06
1382.4 72614.56
1383.6 72673.06
1384.8 72731.56
1386.0 72790.05
1387.2 72848.54
1388.4 72907.02
1389.6 72965.5
1390.8 73023.97
1392.0 73082.44
1393.2 73140.91
1394.4 73199.37
1395.6 73257.83
1396.8 73316.29
1398.0 73374.74
1399.2 73433.19
1400.4 73491.64
1401.6 73550.08
1402.8 73608.52
1404.0 73666.96
1405.2 73725.4
1406.4 73783.83
1407.6 73842.26
1408.8 73900.69
1410.0 73959.12
1411.2 74017.55
1412.4 74075.97
1413.6 74134.39
1414.8 74192.82
1416.0 74251.24
1417.2 74309.66
1418.4 74368.07
1419.6 74426.49
1420.8 74484.91
1422.0 74543.32
1423.2 74601.73
1424.4 74660.15
1425.6 74718.56
1426.8 74776.97
1428.0 74835.39
1429.2 74893.8
1430.4 74952.21
1431.6 75010.62
1432.8 75069.04
1434.0 75127.45
1435.2 75185.86
1436.4 75244.27
1437.6 75302.69
1438.8 75361.1
1440.0 75419.52
1441.2 75477.93
1442.4 75536.35
1443.6 75594.77
1444.8 75653.18
1446.0 75711.6
1447.2 75770.02
1448.4 75828.45
1449.6 75886.87
1450.8 75945.29
1452.0 76003.72
1453.2 76062.15
1454.4 76120.57
1455.6 76179.0
1456.8 76237.44
1458.0 76295.87
1459.2 76354.31
1460.4 76412.74
1461.6 76471.18
1462.8 76529.62
1464.0 76588.07
1465.2 76646.51
1466.4 76704.96
1467.6 76763.41
1468.8 76821.86
1470.0 76880.32
1471.2 76938.77
1472.4 76997.23
1473.6 77055.7
1474.8 77114.16
1476.0 77172.63
1477.2 77231.1
1478.4 77289.57
1479.6 77348.04
1480.8 77406.52
1482.0 77465.0
1483.2 77523.49
1484.4 77581.97
1485.6 77640.46
1486.8 77698.95
1488.0 77757.45
1489.2 77815.95
1490.4 77874.45
1491.6 77932.95
1492.8 77991.46
1494.0 78049.97
1495.2 78108.48
1496.4 78167.0
1497.6 78225.52
1498.8 78284.04
1500.0 78342.57
1501.2 78401.09
1502.4 78459.63
1503.6 78518.16
1504.8 78576.7
1506.0 78635.24
1507.2 78693.79
1508.4 78752.34
1509.6 78810.89
1510.8 78869.44
1512.0 78928.0
1513.2 78986.56
1514.4 79045.13
1515.6 79103.7
1516.8 79162.27
1518.0 79220.84
1519.2 79279.42
1520.4 79338.0
1521.6 79396.59
1522.8 79455.18
1524.0 79513.77
1525.2 79572.36
1526.4 79630.96
1527.6 79689.56
1528.8 79748.17
1530.0 79806.78
1531.2 79865.39
1532.4 79924.0
1533.6 79982.62
1534.8 80041.24
1536.0 80099.87
1537.2 80158.5
1538.4 80217.13
1539.6 80275.76
1540.8 80334.4
1542.0 80393.04
1543.2 80451.69
1544.4 80510.34
1545.6 80568.99
1546.8 80627.64
1548.0 80686.3
1549.2 80744.96
1550.4 80803.63
1551.6 80862.29
1552.8 80920.96
1554.0 80979.64
1555.2 81038.32
1556.4 81097.0
1557.6 81155.68
1558.8 81214.37
1560.0 81273.05
1561.2 81331.75
1562.4 81390.44
1563.6 81449.14
1564.8 81507.84
1566.0 81566.55
1567.2 81625.25
1568.4 81683.96
1569.6 81742.68
1570.8 81801.39
1572.0 81860.11
1573.2 81918.83
1574.4 81977.56
1575.6 82036.29
1576.8 82095.02
1578.0 82153.75
1579.2 82212.49
1580.4 82271.22
1581.6 82329.97
1582.8 82388.71
1584.0 82447.46
1585.2 82506.21
1586.4 82564.96
1587.6 82623.71
1588.8 82682.47
1590.0 82741.23
1591.2 82799.99
1592.4 82858.76
1593.6 82917.52
1594.8 82976.29
1596.0 83035.06
1597.2 83093.84
1598.4 83152.62
1599.6 83211.4
1600.8 83270.18
1602.0 83328.96
1603.2 83387.75
1604.4 83446.54
1605.6 83505.33
1606.8 83564.12
1608.0 83622.92
1609.2 83681.72
1610.4 83740.52
1611.6 83799.32
1612.8 83858.12
1614.0 83916.93
1615.2 83975.74
1616.4 84034.55
1617.6 84093.36
1618.8 84152.17
1620.0 84210.99
1621.2 84269.81
1622.4 84328.63
1623.6 84387.45
1624.8 84446.28
1626.0 84505.1
1627.2 84563.93
1628.4 84622.76
1629.6 84681.59
1630.8 84740.43
1632.0 84799.26
1633.2 84858.1
1634.4 84916.94
1635.6 84975.78
1636.8 85034.62
1638.0 85093.46
1639.2 85152.31
1640.4 85211.15
1641.6 85270.0
1642.8 85328.85
1644.0 85387.7
1645.2 85446.55
1646.4 85505.41
1647.6 85564.26
1648.8 85623.12
1650.0 85681.98
1651.2 85740.84
1652.4 85799.7
1653.6 85858.56
1654.8 85917.42
1656.0 85976.29
1657.2 86035.16
1658.4 86094.02
1659.6 86152.89
1660.8 86211.76
1662.0 86270.63
1663.2 86329.5
1664.4 86388.38
1665.6 86447.25
1666.8 86506.13
1668.0 86565.0
1669.2 86623.88
1670.4 86682.76
1671.6 86741.63
1672.8 86800.51
1674.0 86859.39
1675.2 86918.28
1676.4 86977.16
1677.6 87036.04
1678.8 87094.92
1680.0 87153.81
1681.2 87212.69
1682.4 87271.58
1683.6 87330.47
1684.8 87389.35
1686.0 87448.24
1687.2 87507.13
1688.4 87566.02
1689.6 87624.91
1690.8 87683.8
1692.0 87742.69
1693.2 87801.58
1694.4 87860.48
1695.6 87919.37
1696.8 87978.26
1698.0 88037.15
1699.2 88096.05
1700.4 88154.94
1701.6 88213.84
1702.8 88272.73
1704.0 88331.63
1705.2 88390.52
1706.4 88449.42
1707.6 88508.32
1708.8 88567.21
1710.0 88626.11
1711.2 88685.01
1712.4 88743.91
1713.6 88802.8
1714.8 88861.7
1716.0 88920.6
1717.2 88979.5
1718.4 89038.4
1719.6 89097.29
1720.8 89156.19
1722.0 89215.09
1723.2 89273.99
1724.4 89332.89
1725.6 89391.79
1726.8 89450.68
1728.0 89509.58
1729.2 89568.48
1730.4 89627.38
1731.6 89686.28
1732.8 89745.17
1734.0 89804.07
1735.2 89862.97
1736.4 89921.87
1737.6 89980.76
1738.8 90039.66
1740.0 90098.56
1741.2 90157.45
1742.4 90216.35
1743.6 90275.25
1744.8 90334.14
1746.0 90393.04
1747.2 90451.93
1748.4 90510.83
1749.6 90569.72
1750.8 90628.62
1752.0 90687.51
1753.2 90746.41
1754.4 90805.3
1755.6 90864.2
1756.8 90923.09
1758.0 90981.98
1759.2 91040.87
1760.4 91099.77
1761.6 91158.66
1762.8 91217.55
1764.0 91276.44
1765.2 91335.33
1766.4 91394.23
1767.6 91453.12
1768.8 91512.01
1770.0 91570.9
1771.2 91629.79
1772.4 91688.68
1773.6 91747.56
1774.8 91806.45
1776.0 91865.34
1777.2 91924.23
1778.4 91983.12
1779.6 92042.01
1780.8 92100.89
1782.0 92159.78
1783.2 92218.67
1784.4 92277.55
1785.6 92336.44
1786.8 92395.32
1788.0 92454.21
1789.2 92513.09
1790.4 92571.98
1791.6 92630.86
1792.8 92689.74
1794.0 92748.63
1795.2 92807.51
1796.4 92866.39
1797.6 92925.27
1798.8 92984.15
1800.0 93043.04
1801.2 93101.92
1802.4 93160.8
1803.6 93219.68
1804.8 93278.55
1806.0 93337.43
1807.2 93396.31
1808.4 93455.19
1809.6 93514.07
1810.8 93572.94
1812.0 93631.82
1813.2 93690.7
1814.4 93749.57
1815.6 93808.45
1816.8 93867.32
1818.0 93926.2
1819.2 93985.07
1820.4 94043.94
1821.6 94102.82
1822.8 94161.69
1824.0 94220.56
1825.2 94279.43
1826.4 94338.3
1827.6 94397.17
1828.8 94456.04
1830.0 94514.91
1831.2 94573.78
1832.4 94632.65
1833.6 94691.51
1834.8 94750.38
1836.0 94809.25
1837.2 94868.11
1838.4 94926.98
1839.6 94985.84
1840.8 95044.71
1842.0 95103.57
1843.2 95162.44
1844.4 95221.3
1845.6 95280.16
1846.8 95339.02
1848.0 95397.89
1849.2 95456.75
1850.4 95515.61
1851.6 95574.47
1852.8 95633.33
1854.0 95692.19
1855.2 95751.04
1856.4 95809.9
1857.6 95868.76
1858.8 95927.62
1860.0 95986.47
1861.2 96045.33
1862.4 96104.18
1863.6 96163.04
1864.8 96221.89
1866.0 96280.75
1867.2 96339.6
1868.4 96398.45
1869.6 96457.31
1870.8 96516.16
1872.0 96575.01
1873.2 96633.86
1874.4 96692.71
1875.6 96751.56
1876.8 96810.41
1878.0 96869.26
1879.2 96928.11
1880.4 96986.96
1881.6 97045.81
1882.8 97104.66
1884.0 97163.5
1885.2 97222.35
1886.4 97281.2
1887.6 97340.04
1888.8 97398.89
1890.0 97457.73
1891.2 97516.58
1892.4 97575.42
1893.6 97634.27
1894.8 97693.11
1896.0 97751.96
1897.2 97810.8
1898.4 97869.64
1899.6 97928.49
1900.8 97987.33
1902.0 98046.17
1903.2 98105.01
1904.4 98163.86
1905.6 98222.7
1906.8 98281.54
1908.0 98340.38
1909.2 98399.22
1910.4 98458.06
1911.6 98516.9
1912.8 98575.74
1914.0 98634.58
1915.2 98693.42
1916.4 98752.26
1917.6 98811.09
1918.8 98869.93
1920.0 98928.77
1921.2 98987.61
1922.4 99046.45
1923.6 99105.28
1924.8 99164.12
1926.0 99222.96
1927.2 99281.79
1928.4 99340.63
1929.6 99399.47
1930.8 99458.3
1932.0 99517.14
1933.2 99575.97
1934.4 99634.81
1935.6 99693.64
1936.8 99752.48
1938.0 99811.31
1939.2 99870.15
1940.4 99928.98
1941.6 99987.81
1942.8 100046.65
1944.0 100105.48
1945.2 100164.31
1946.4 100223.15
1947.6 100281.98
1948.8 100340.81
1950.0 100399.64
1951.2 100458.47
1952.4 100517.31
1953.6 100576.14
1954.8 100634.97
1956.0 100693.8
1957.2 100752.63
1958.4 100811.46
1959.6 100870.29
1960.8 100929.13
1962.0 100987.96
1963.2 101046.79
1964.4 101105.62
1965.6 101164.45
1966.8 101223.28
1968.0 101282.11
1969.2 101340.94
1970.4 101399.77
1971.6 101458.6
1972.8 101517.43
1974.0 101576.26
1975.2 101635.09
1976.4 101693.92
1977.6 101752.75
1978.8 101811.58
1980.0 101870.41
1981.2 101929.24
1982.4 101988.07
1983.6 102046.9
1984.8 102105.73
1986.0 102164.56
1987.2 102223.39
1988.4 102282.22
1989.6 102341.05
1990.8 102399.88
1992.0 102458.71
1993.2 102517.54
1994.4 102576.37
1995.6 102635.2
1996.8 102694.03
1998.0 102752.86
1999.2 102811.69
2000.4 102870.52
2001.6 102929.35
2002.8 102988.18
2004.0 103047.01
2005.2 103105.84
2006.4 103164.67
2007.6 103223.5
2008.8 103282.33
2010.0 103341.16
2011.2 103399.99
2012.4 103458.82
2013.6 103517.65
2014.8 103576.48
2016.0 103635.31
2017.2 103694.14
2018.4 103752.97
2019.6 103811.8
2020.8 103870.63
2022.0 103929.46
2023.2 103988.29
2024.4 104047.12
2025.6 104105.95
2026.8 104164.78
2028.0 104223.61
2029.2 104282.44
2030.4 104341.27
2031.6 104400.1
2032.8 104458.93
2034.0 104517.76
2035.2 104576.59
2036.4 104635.42
2037.6 104694.25
2038.8 104753.08
2040.0 104811.91
2041.2 104870.74
2042.4 104929.57
2043.6 104988.4
2044.8 105047.23
2046.0 105106.06
2047.2 105164.89
2048.4 105223.72
2049.6 105282.55
2050.8 105341.38
2052.0 105400.21
2053.2 105459.04
2054.4 105517.88
2055.6 105576.71
2056.8 105635.54
2058.0 105694.37
2059.2 105753.2
2060.4 105812.03
2061.6 105870.86
2062.8 105929.7
2064.0 105988.53
2065.2 106047.36
2066.4 106106.19
2067.6 106165.03
2068.8 106223.86
2070.0 106282.69
2071.2 106341.52
2072.4 106400.36
2073.6 106459.19
2074.8 106518.02
2076.0 106576.86
2077.2 106635.69
2078.4 106694.52
2079.6 106753.35
2080.8 106812.19
2082.0 106871.02
2083.2 106929.86
2084.4 106988.69
2085.6 107047.52
2086.8 107106.36
2088.0 107165.19
2089.2 107224.02
2090.4 107282.86
2091.6 107341.69
2092.8 107400.53
2094.0 107459.36
2095.2 107518.19
2096.4 107577.03
2097.6 107635.86
2098.8 107694.7
2100.0 107753.53
2101.2 107812.37
2102.4 107871.2
2103.6 107930.03
2104.8 107988.87
2106.0 108047.7
2107.2 108106.54
2108.4 108165.37
2109.6 108224.21
2110.8 108283.04
2112.0 108341.88
2113.2 108400.71
2114.4 108459.55
2115.6 108518.38
2116.8 108577.21
2118.0 108636.05
2119.2 108694.88
2120.4 108753.72
2121.6 108812.55
2122.8 108871.39
2124.0 108930.22
2125.2 108989.06
2126.4 109047.89
2127.6 109106.73
2128.8 109165.56
2130.0 109224.4
2131.2 109283.23
2132.4 109342.07
2133.6 109400.91
2134.8 109459.74
2136.0 109518.58
2137.2 109577.41
2138.4 109636.25
2139.6 109695.08
2140.8 109753.92
2142.0 109812.75
2143.2 109871.59
2144.4 109930.42
2145.6 109989.26
2146.8 110048.1
2148.0 110106.93
2149.2 110165.77
2150.4 110224.6
2151.6 110283.44
2152.8 110342.28
2154.0 110401.11
2155.2 110459.95
2156.4 110518.78
2157.6 110577.62
2158.8 110636.45
2160.0 110695.29
2161.2 110754.13
2162.4 110812.96
2163.6 110871.8
2164.8 110930.64
2166.0 110989.47
2167.2 111048.31
2168.4 111107.14
2169.6 111165.98
2170.8 111224.82
2172.0 111283.65
2173.2 111342.49
2174.4 111401.33
2175.6 111460.16
2176.8 111519.0
2178.0 111577.84
2179.2 111636.67
2180.4 111695.51
2181.6 111754.35
2182.8 111813.18
2184.0 111872.02
2185.2 111930.86
2186.4 111989.69
2187.6 112048.53
2188.8 112107.37
2190.0 112166.21
2191.2 112225.04
2192.4 112283.88
2193.6 112342.72
2194.8 112401.55
2196.0 112460.39
2197.2 112519.23
2198.4 112578.07
2199.6 112636.9
2200.8 112695.74
2202.0 112754.58
2203.2 112813.41
2204.4 112872.25
2205.6 112931.09
2206.8 112989.93
2208.0 113048.76
2209.2 113107.6
2210.4 113166.44
2211.6 113225.28
2212.8 113284.11
2214.0 113342.95
2215.2 113401.79
2216.4 113460.63
2217.6 113519.47
2218.8 113578.3
2220.0 113637.14
2221.2 113695.98
2222.4 113754.82
2223.6 113813.66
2224.8 113872.49
2226.0 113931.33
2227.2 113990.17
2228.4 114049.01
2229.6 114107.85
2230.8 114166.68
2232.0 114225.52
2233.2 114284.36
2234.4 114343.2
2235.6 114402.04
2236.8 114460.88
2238.0 114519.72
2239.2 114578.55
2240.4 114637.39
2241.6 114696.23
2242.8 114755.07
2244.0 114813.91
2245.2 114872.75
2246.4 114931.59
2247.6 114990.42
2248.8 115049.26
2250.0 115108.1
2251.2 115166.94
2252.4 115225.78
2253.6 115284.62
2254.8 115343.46
2256.0 115402.3
2257.2 115461.14
2258.4 115519.98
2259.6 115578.81
2260.8 115637.65
2262.0 115696.49
2263.2 115755.33
2264.4 115814.17
2265.6 115873.01
2266.8 115931.85
2268.0 115990.69
2269.2 116049.53
2270.4 116108.37
2271.6 116167.21
2272.8 116226.05
2274.0 116284.89
2275.2 116343.73
2276.4 116402.57
2277.6 116461.41
2278.8 116520.25
2280.0 116579.09
2281.2 116637.93
2282.4 116696.77
2283.6 116755.61
2284.8 116814.45
2286.0 116873.29
2287.2 116932.13
2288.4 116990.97
2289.6 117049.81
2290.8 117108.65
2292.0 117167.49
2293.2 117226.33
2294.4 117285.17
2295.6 117344.01
2296.8 117402.85
2298.0 117461.69
2299.2 117520.53
2300.4 117579.37
2301.6 117638.21
2302.8 117697.05
2304.0 117755.89
2305.2 117814.73
2306.4 117873.57
2307.6 117932.41
2308.8 117991.25
2310.0 118050.09
2311.2 118108.93
2312.4 118167.77
2313.6 118226.61
2314.8 118285.45
2316.0 118344.29
2317.2 118403.13
2318.4 118461.98
2319.6 118520.82
2320.8 118579.66
2322.0 118638.5
2323.2 118697.34
2324.4 118756.18
2325.6 118815.02
2326.8 118873.86
2328.0 118932.7
2329.2 118991.54
2330.4 119050.38
2331.6 119109.22
2332.8 119168.06
2334.0 119226.9
2335.2 119285.74
2336.4 119344.58
2337.6 119403.42
2338.8 119462.26
2340.0 119521.1
2341.2 119579.94
2342.4 119638.79
2343.6 119697.63
2344.8 119756.47
2346.0 119815.31
2347.2 119874.15
2348.4 119932.99
2349.6 119991.83
2350.8 120050.67
2352.0 120109.51
2353.2 120168.35
2354.4 120227.19
2355.6 120286.03
2356.8 120344.87
2358.0 120403.71
2359.2 120462.55
2360.4 120521.39
2361.6 120580.23
2362.8 120639.07
2364.0 120697.91
2365.2 120756.75
2366.4 120815.59
2367.6 120874.43
2368.8 120933.26
2370.0 120992.1
2371.2 121050.94
2372.4 121109.78
2373.6 121168.62
2374.8 121227.46
2376.0 121286.3
2377.2 121345.14
2378.4 121403.98
2379.6 121462.82
2380.8 121521.66
2382.0 121580.5
2383.2 121639.34
2384.4 121698.18
2385.6 121757.02
2386.8 121815.86
2388.0 121874.7
2389.2 121933.54
2390.4 121992.38
2391.6 122051.21
2392.8 122110.05
2394.0 122168.89
2395.2 122227.73
2396.4 122286.57
2397.6 122345.41
2398.8 122404.25
2400.0 122463.09
2401.2 122521.93
2402.4 122580.77
2403.6 122639.6
2404.8 122698.44
2406.0 122757.28
2407.2 122816.12
2408.4 122874.96
2409.6 122933.8
2410.8 122992.64
2412.0 123051.48
2413.2 123110.31
2414.4 123169.15
2415.6 123227.99
2416.8 123286.83
2418.0 123345.67
2419.2 123404.51
2420.4 123463.34
2421.6 123522.18
2422.8 123581.02
2424.0 123639.86
2425.2 123698.7
2426.4 123757.53
2427.6 123816.37
2428.8 123875.21
2430.0 123934.05
2431.2 123992.89
2432.4 124051.72
2433.6 124110.56
2434.8 124169.4
2436.0 124228.24
2437.2 124287.08
2438.4 124345.91
2439.6 124404.75
2440.8 124463.59
2442.0 124522.43
2443.2 124581.27
2444.4 124640.1
2445.6 124698.94
2446.8 124757.78
2448.0 124816.62
2449.2 124875.45
2450.4 124934.29
2451.6 124993.13
2452.8 125051.97
2454.0 125110.8
2455.2 125169.64
2456.4 125228.48
2457.6 125287.32
2458.8 125346.15
2460.0 125404.99
2461.2 125463.83
2462.4 125522.66
2463.6 125581.5
2464.8 125640.34
2466.0 125699.17
2467.2 125758.01
2468.4 125816.85
2469.6 125875.68
2470.8 125934.52
2472.0 125993.36
2473.2 126052.19
2474.4 126111.03
2475.6 126169.87
2476.8 126228.7
2478.0 126287.54
2479.2 126346.38
2480.4 126405.21
2481.6 126464.05
2482.8 126522.88
2484.0 126581.72
2485.2 126640.56
2486.4 126699.39
2487.6 126758.23
2488.8 126817.06
2490.0 126875.9
2491.2 126934.74
2492.4 126993.57
2493.6 127052.41
2494.8 127111.24
2496.0 127170.08
2497.2 127228.92
2498.4 127287.75
2499.6 127346.59
2500.8 127405.42
2502.0 127464.26
2503.2 127523.1
2504.4 127581.93
2505.6 127640.77
2506.8 127699.6
2508.0 127758.44
2509.2 127817.27
2510.4 127876.11
2511.6 127934.95
2512.8 127993.78
2514.0 128052.62
2515.2 128111.45
2516.4 128170.29
2517.6 128229.12
2518.8 128287.96
2520.0 128346.79
2521.2 128405.63
2522.4 128464.47
2523.6 128523.3
2524.8 128582.14
2526.0 128640.97
2527.2 128699.81
2528.4 128758.64
2529.6 128817.48
2530.8 128876.32
2532.0 128935.15
2533.2 128993.99
2534.4 129052.82
2535.6 129111.66
2536.8 129170.49
2538.0 129229.33
2539.2 129288.17
2540.4 129347.0
2541.6 129405.84
2542.8 129464.67
2544.0 129523.51
2545.2 129582.35
2546.4 129641.18
2547.6 129700.02
2548.8 129758.85
2550.0 129817.69
2551.2 129876.53
2552.4 129935.36
2553.6 129994.2
2554.8 130053.03
2556.0 130111.87
2557.2 130170.71
2558.4 130229.54
2559.6 130288.38
2560.8 130347.22
2562.0 130406.05
2563.2 130464.89
2564.4 130523.73
2565.6 130582.56
2566.8 130641.4
2568.0 130700.24
2569.2 130759.07
2570.4 130817.91
2571.6 130876.75
2572.8 130935.58
2574.0 130994.42
2575.2 131053.26
2576.4 131112.09
2577.6 131170.93
2578.8 131229.77
2580.0 131288.6
2581.2 131347.44
2582.4 131406.28
2583.6 131465.11
2584.8 131523.95
2586.0 131582.79
2587.2 131641.62
2588.4 131700.46
2589.6 131759.3
2590.8 131818.14
2592.0 131876.97
2593.2 131935.81
2594.4 131994.65
2595.6 132053.48
2596.8 132112.32
2598.0 132171.16
2599.2 132229.99
2600.4 132288.83
2601.6 132347.67
2602.8 132406.51
2604.0 132465.34
2605.2 132524.18
2606.4 132583.02
2607.6 132641.85
2608.8 132700.69
2610.0 132759.53
2611.2 132818.37
2612.4 132877.2
2613.6 132936.04
2614.8 132994.88
2616.0 133053.72
2617.2 133112.55
2618.4 133171.39
2619.6 133230.23
2620.8 133289.06
2622.0 133347.9
2623.2 133406.74
2624.4 133465.58
2625.6 133524.41
2626.8 133583.25
2628.0 133642.09
2629.2 133700.93
2630.4 133759.77
2631.6 133818.6
2632.8 133877.44
2634.0 133936.28
2635.2 133995.12
2636.4 134053.95
2637.6 134112.79
2638.8 134171.63
2640.0 134230.47
2641.2 134289.31
2642.4 134348.14
2643.6 134406.98
2644.8 134465.82
2646.0 134524.66
2647.2 134583.5
2648.4 134642.33
2649.6 134701.17
2650.8 134760.01
2652.0 134818.85
2653.2 134877.69
2654.4 134936.53
2655.6 134995.36
2656.8 135054.2
2658.0 135113.04
2659.2 135171.88
2660.4 135230.72
2661.6 135289.56
2662.8 135348.4
2664.0 135407.23
2665.2 135466.07
2666.4 135524.91
2667.6 135583.75
2668.8 135642.59
2670.0 135701.43
2671.2 135760.27
2672.4 135819.1
2673.6 135877.94
2674.8 135936.78
2676.0 135995.62
2677.2 136054.46
2678.4 136113.3
2679.6 136172.14
2680.8 136230.98
2682.0 136289.82
2683.2 136348.65
2684.4 136407.49
2685.6 136466.33
2686.8 136525.17
2688.0 136584.01
2689.2 136642.85
2690.4 136701.69
2691.6 136760.53
2692.8 136819.37
2694.0 136878.2
2695.2 136937.04
2696.4 136995.88
2697.6 137054.72
2698.8 137113.56
2700.0 137172.4
2701.2 137231.24
2702.4 137290.08
2703.6 137348.92
2704.8 137407.76
2706.0 137466.6
2707.2 137525.44
2708.4 137584.28
2709.6 137643.12
2710.8 137701.96
2712.0 137760.8
2713.2 137819.64
2714.4 137878.48
2715.6 137937.31
2716.8 137996.15
2718.0 138054.99
2719.2 138113.83
2720.4 138172.67
2721.6 138231.51
2722.8 138290.35
2724.0 138349.19
2725.2 138408.03
2726.4 138466.87
2727.6 138525.71
2728.8 138584.55
2730.0 138643.39
2731.2 138702.23
2732.4 138761.07
2733.6 138819.91
2734.8 138878.75
2736.0 138937.6
2737.2 138996.44
2738.4 139055.28
2739.6 139114.12
2740.8 139172.96
2742.0 139231.8
2743.2 139290.64
2744.4 139349.48
2745.6 139408.32
2746.8 139467.16
2748.0 139526.0
2749.2 139584.84
2750.4 139643.68
2751.6 139702.52
2752.8 139761.36
2754.0 139820.2
2755.2 139879.04
2756.4 139937.88
2757.6 139996.72
2758.8 140055.56
2760.0 140114.4
2761.2 140173.24
2762.4 140232.08
2763.6 140290.92
2764.8 140349.76
2766.0 140408.6
2767.2 140467.44
2768.4 140526.27
2769.6 140585.11
2770.8 140643.95
2772.0 140702.79
2773.2 140761.63
2774.4 140820.47
2775.6 140879.31
2776.8 140938.15
2778.0 140996.99
2779.2 141055.83
2780.4 141114.67
2781.6 141173.51
2782.8 141232.35
2784.0 141291.19
2785.2 141350.03
2786.4 141408.87
2787.6 141467.71
2788.8 141526.55
2790.0 141585.38
2791.2 141644.22
2792.4 141703.06
2793.6 141761.9
2794.8 141820.74
2796.0 141879.58
2797.2 141938.42
2798.4 141997.26
2799.6 142056.1
2800.8 142114.94
2802.0 142173.78
2803.2 142232.62
2804.4 142291.45
2805.6 142350.29
2806.8 142409.13
2808.0 142467.97
2809.2 142526.81
2810.4 142585.65
2811.6 142644.49
2812.8 142703.33
2814.0 142762.17
2815.2 142821.0
2816.4 142879.84
2817.6 142938.68
2818.8 142997.52
2820.0 143056.36
2821.2 143115.2
2822.4 143174.04
2823.6 143232.87
2824.8 143291.71
2826.0 143350.55
2827.2 143409.39
2828.4 143468.23
2829.6 143527.07
2830.8 143585.9
2832.0 143644.74
2833.2 143703.58
2834.4 143762.42
2835.6 143821.26
2836.8 143880.09
2838.0 143938.93
2839.2 143997.77
2840.4 144056.61
2841.6 144115.45
2842.8 144174.28
2844.0 144233.12
2845.2 144291.96
2846.4 144350.8
2847.6 144409.63
2848.8 144468.47
2850.0 144527.31
2851.2 144586.15
2852.4 144644.98
2853.6 144703.82
2854.8 144762.66
2856.0 144821.49
2857.2 144880.33
2858.4 144939.17
2859.6 144998.0
2860.8 145056.84
2862.0 145115.68
2863.2 145174.51
2864.4 145233.35
2865.6 145292.19
2866.8 145351.02
2868.0 145409.86
2869.2 145468.7
2870.4 145527.53
2871.6 145586.37
2872.8 145645.21
2874.0 145704.04
2875.2 145762.88
2876.4 145821.71
2877.6 145880.55
2878.8 145939.39
2880.0 145998.22
2881.2 146057.06
2882.4 146115.89
2883.6 146174.73
2884.8 146233.56
2886.0 146292.4
2887.2 146351.23
2888.4 146410.07
2889.6 146468.91
2890.8 146527.74
2892.0 146586.58
2893.2 146645.41
2894.4 146704.25
2895.6 146763.08
2896.8 146821.92
2898.0 146880.75
2899.2 146939.59
2900.4 146998.42
2901.6 147057.26
2902.8 147116.09
2904.0 147174.93
2905.2 147233.76
2906.4 147292.6
2907.6 147351.43
2908.8 147410.27
2910.0 147469.1
2911.2 147527.94
2912.4 147586.77
2913.6 147645.61
2914.8 147704.44
2916.0 147763.28
2917.2 147822.11
2918.4 147880.95
2919.6 147939.78
2920.8 147998.62
2922.0 148057.45
2923.2 148116.28
2924.4 148175.12
2925.6 148233.95
2926.8 148292.79
2928.0 148351.62
2929.2 148410.46
2930.4 148469.29
2931.6 148528.13
2932.8 148586.96
2934.0 148645.8
2935.2 148704.63
2936.4 148763.46
2937.6 148822.3
2938.8 148881.13
2940.0 148939.97
2941.2 148998.8
2942.4 149057.64
2943.6 149116.47
2944.8 149175.3
2946.0 149234.14
2947.2 149292.97
2948.4 149351.81
2949.6 149410.64
2950.8 149469.48
2952.0 149528.31
2953.2 149587.14
2954.4 149645.98
2955.6 149704.81
2956.8 149763.65
2958.0 149822.48
2959.2 149881.31
2960.4 149940.15
2961.6 149998.98
2962.8 150057.82
2964.0 150116.65
2965.2 150175.49
2966.4 150234.32
2967.6 150293.15
2968.8 150351.99
2970.0 150410.82
2971.2 150469.66
2972.4 150528.49
2973.6 150587.33
2974.8 150646.16
2976.0 150705.0
2977.2 150763.83
2978.4 150822.67
2979.6 150881.5
2980.8 150940.34
2982.0 150999.17
2983.2 151058.01
2984.4 151116.84
2985.6 151175.68
2986.8 151234.51
2988.0 151293.35
2989.2 151352.18
2990.4 151411.02
2991.6 151469.85
2992.8 151528.69
2994.0 151587.52
2995.2 151646.36
2996.4 151705.19
2997.6 151764.03
2998.8 151822.87
3000.0 151881.7
3001.2 151940.54
3002.4 151999.37
3003.6 152058.21
3004.8 152117.04
3006.0 152175.88
3007.2 152234.72
3008.4 152293.55
3009.6 152352.39
3010.8 152411.22
3012.0 152470.06
3013.2 152528.89
3014.4 152587.73
3015.6 152646.57
3016.8 152705.4
3018.0 152764.24
3019.2 152823.08
3020.4 152881.91
3021.6 152940.75
3022.8 152999.58
3024.0 153058.42
3025.2 153117.26
3026.4 153176.09
3027.6 153234.93
3028.8 153293.77
3030.0 153352.6
3031.2 153411.44
3032.4 153470.28
3033.6 153529.11
3034.8 153587.95
3036.0 153646.79
3037.2 153705.62
3038.4 153764.46
3039.6 153823.3
3040.8 153882.13
3042.0 153940.97
3043.2 153999.81
3044.4 154058.64
3045.6 154117.48
3046.8 154176.32
3048.0 154235.16
3049.2 154293.99
3050.4 154352.83
3051.6 154411.67
3052.8 154470.5
3054.0 154529.34
3055.2 154588.18
3056.4 154647.02
3057.6 154705.85
3058.8 154764.69
3060.0 154823.53
3061.2 154882.37
3062.4 154941.2
3063.6 155000.04
3064.8 155058.88
3066.0 155117.72
3067.2 155176.55
3068.4 155235.39
3069.6 155294.23
3070.8 155353.07
3072.0 155411.91
3073.2 155470.74
3074.4 155529.58
3075.6 155588.42
3076.8 155647.26
3078.0 155706.1
3079.2 155764.93
3080.4 155823.77
3081.6 155882.61
3082.8 155941.45
3084.0 156000.29
3085.2 156059.12
3086.4 156117.96
3087.6 156176.8
3088.8 156235.64
3090.0 156294.48
3091.2 156353.32
3092.4 156412.15
3093.6 156470.99
3094.8 156529.83
3096.0 156588.67
3097.2 156647.51
3098.4 156706.35
3099.6 156765.19
3100.8 156824.02
3102.0 156882.86
3103.2 156941.7
3104.4 157000.54
3105.6 157059.38
3106.8 157118.22
3108.0 157177.06
3109.2 157235.9
3110.4 157294.74
3111.6 157353.58
3112.8 157412.41
3114.0 157471.25
3115.2 157530.09
3116.4 157588.93
3117.6 157647.77
3118.8 157706.61
3120.0 157765.45
3121.2 157824.29
3122.4 157883.13
3123.6 157941.97
3124.8 158000.81
3126.0 158059.65
3127.2 158118.49
3128.4 158177.33
3129.6 158236.17
3130.8 158295.0
3132.0 158353.84
3133.2 158412.68
3134.4 158471.52
3135.6 158530.36
3136.8 158589.2
3138.0 158648.04
3139.2 158706.88
3140.4 158765.72
3141.6 158824.56
3142.8 158883.4
3144.0 158942.24
3145.2 159001.08
3146.4 159059.92
3147.6 159118.76
3148.8 159177.6
3150.0 159236.44
3151.2 159295.28
3152.4 159354.12
3153.6 159412.96
3154.8 159471.8
3156.0 159530.64
3157.2 159589.48
3158.4 159648.32
3159.6 159707.16
3160.8 159766.0
3162.0 159824.84
3163.2 159883.68
3164.4 159942.52
3165.6 160001.36
3166.8 160060.2
3168.0 160119.04
3169.2 160177.88
3170.4 160236.72
3171.6 160295.55
3172.8 160354.39
3174.0 160413.23
3175.2 160472.07
3176.4 160530.91
3177.6 160589.75
3178.8 160648.59
3180.0 160707.43
3181.2 160766.27
3182.4 160825.11
3183.6 160883.95
3184.8 160942.79
3186.0 161001.63
3187.2 161060.46
3188.4 161119.3
3189.6 161178.14
3190.8 161236.98
3192.0 161295.82
3193.2 161354.66
3194.4 161413.5
3195.6 161472.34
3196.8 161531.18
3198.0 161590.02
3199.2 161648.85
3200.4 161707.69
3201.6 161766.53
3202.8 161825.37
3204.0 161884.21
3205.2 161943.05
3206.4 162001.89
3207.6 162060.73
3208.8 162119.56
3210.0 162178.4
3211.2 162237.24
3212.4 162296.08
3213.6 162354.92
3214.8 162413.76
3216.0 162472.6
3217.2 162531.44
3218.4 162590.27
3219.6 162649.11
3220.8 162707.95
3222.0 162766.79
3223.2 162825.63
3224.4 162884.47
3225.6 162943.3
3226.8 163002.14
3228.0 163060.98
3229.2 163119.82
3230.4 163178.66
3231.6 163237.5
3232.8 163296.33
3234.0 163355.17
3235.2 163414.01
3236.4 163472.85
3237.6 163531.69
3238.8 163590.53
3240.0 163649.36
3241.2 163708.2
3242.4 163767.04
3243.6 163825.88
3244.8 163884.72
3246.0 163943.55
3247.2 164002.39
3248.4 164061.23
3249.6 164120.07
3250.8 164178.91
3252.0 164237.74
3253.2 164296.58
3254.4 164355.42
3255.6 164414.26
3256.8 164473.1
3258.0 164531.93
3259.2 164590.77
3260.4 164649.61
3261.6 164708.45
3262.8 164767.28
3264.0 164826.12
3265.2 164884.96
3266.4 164943.8
3267.6 165002.63
3268.8 165061.47
3270.0 165120.31
3271.2 165179.15
3272.4 165237.99
3273.6 165296.82
3274.8 165355.66
3276.0 165414.5
3277.2 165473.34
3278.4 165532.17
3279.6 165591.01
3280.8 165649.85
3282.0 165708.68
3283.2 165767.52
3284.4 165826.36
3285.6 165885.2
3286.8 165944.03
3288.0 166002.87
3289.2 166061.71
3290.4 166120.55
3291.6 166179.38
3292.8 166238.22
3294.0 166297.06
3295.2 166355.89
3296.4 166414.73
3297.6 166473.57
3298.8 166532.4
3300.0 166591.24
3301.2 166650.08
3302.4 166708.92
3303.6 166767.75
3304.8 166826.59
3306.0 166885.43
3307.2 166944.26
3308.4 167003.1
3309.6 167061.94
3310.8 167120.77
3312.0 167179.61
3313.2 167238.45
3314.4 167297.28
3315.6 167356.12
3316.8 167414.96
3318.0 167473.79
3319.2 167532.63
3320.4 167591.47
3321.6 167650.3
3322.8 167709.14
3324.0 167767.98
3325.2 167826.81
3326.4 167885.65
3327.6 167944.48
3328.8 168003.32
3330.0 168062.16
3331.2 168120.99
3332.4 168179.83
3333.6 168238.67
3334.8 168297.5
3336.0 168356.34
3337.2 168415.18
3338.4 168474.01
3339.6 168532.85
3340.8 168591.69
3342.0 168650.52
3343.2 168709.36
3344.4 168768.2
3345.6 168827.03
3346.8 168885.87
3348.0 168944.71
3349.2 169003.54
3350.4 169062.38
3351.6 169121.22
3352.8 169180.05
3354.0 169238.89
3355.2 169297.73
3356.4 169356.56
3357.6 169415.4
3358.8 169474.24
3360.0 169533.08
3361.2 169591.91
3362.4 169650.75
3363.6 169709.59
3364.8 169768.43
3366.0 169827.26
3367.2 169886.1
3368.4 169944.94
3369.6 170003.77
3370.8 170062.61
3372.0 170121.45
3373.2 170180.29
3374.4 170239.12
3375.6 170297.96
3376.8 170356.8
3378.0 170415.64
3379.2 170474.48
3380.4 170533.31
3381.6 170592.15
3382.8 170650.99
3384.0 170709.83
3385.2 170768.66
3386.4 170827.5
3387.6 170886.34
3388.8 170945.18
3390.0 171004.02
3391.2 171062.85
3392.4 171121.69
3393.6 171180.53
3394.8 171239.37
3396.0 171298.21
3397.2 171357.05
3398.4 171415.88
3399.6 171474.72
3400.8 171533.56
3402.0 171592.4
3403.2 171651.24
3404.4 171710.08
3405.6 171768.91
3406.8 171827.75
3408.0 171886.59
3409.2 171945.43
3410.4 172004.27
3411.6 172063.11
3412.8 172121.94
3414.0 172180.78
3415.2 172239.62
3416.4 172298.46
3417.6 172357.3
3418.8 172416.14
3420.0 172474.97
3421.2 172533.81
3422.4 172592.65
3423.6 172651.49
3424.8 172710.33
3426.0 172769.16
3427.2 172828.0
3428.4 172886.84
3429.6 172945.68
3430.8 173004.51
3432.0 173063.35
3433.2 173122.19
3434.4 173181.03
3435.6 173239.86
3436.8 173298.7
3438.0 173357.54
3439.2 173416.38
3440.4 173475.21
3441.6 173534.05
3442.8 173592.89
3444.0 173651.73
3445.2 173710.56
3446.4 173769.4
3447.6 173828.24
3448.8 173887.07
3450.0 173945.91
3451.2 174004.75
3452.4 174063.59
3453.6 174122.42
3454.8 174181.26
3456.0 174240.1
3457.2 174298.93
3458.4 174357.77
3459.6 174416.61
3460.8 174475.44
3462.0 174534.28
3463.2 174593.12
3464.4 174651.95
3465.6 174710.79
3466.8 174769.63
3468.0 174828.46
3469.2 174887.3
3470.4 174946.14
3471.6 175004.97
3472.8 175063.81
3474.0 175122.65
3475.2 175181.48
3476.4 175240.32
3477.6 175299.16
3478.8 175357.99
3480.0 175416.83
3481.2 175475.67
3482.4 175534.5
3483.6 175593.34
3484.8 175652.18
3486.0 175711.01
3487.2 175769.85
3488.4 175828.69
3489.6 175887.52
3490.8 175946.36
3492.0 176005.2
3493.2 176064.03
3494.4 176122.87
3495.6 176181.7
3496.8 176240.54
3498.0 176299.38
3499.2 176358.21
3500.4 176417.05
3501.6 176475.89
3502.8 176534.72
3504.0 176593.56
3505.2 176652.39
3506.4 176711.23
3507.6 176770.07
3508.8 176828.9
3510.0 176887.74
3511.2 176946.58
3512.4 177005.41
3513.6 177064.25
3514.8 177123.08
3516.0 177181.92
3517.2 177240.76
3518.4 177299.59
3519.6 177358.43
3520.8 177417.27
3522.0 177476.1
3523.2 177534.94
3524.4 177593.78
3525.6 177652.62
3526.8 177711.45
3528.0 177770.29
3529.2 177829.13
3530.4 177887.96
3531.6 177946.8
3532.8 178005.64
3534.0 178064.47
3535.2 178123.31
3536.4 178182.15
3537.6 178240.99
3538.8 178299.82
3540.0 178358.66
3541.2 178417.5
3542.4 178476.33
3543.6 178535.17
3544.8 178594.01
3546.0 178652.85
3547.2 178711.68
3548.4 178770.52
3549.6 178829.36
3550.8 178888.2
3552.0 178947.03
3553.2 179005.87
3554.4 179064.71
3555.6 179123.55
3556.8 179182.39
3558.0 179241.22
3559.2 179300.06
3560.4 179358.9
3561.6 179417.74
3562.8 179476.57
3564.0 179535.41
3565.2 179594.25
3566.4 179653.09
3567.6 179711.93
3568.8 179770.77
3570.0 179829.6
3571.2 179888.44
3572.4 179947.28
3573.6 180006.12
3574.8 180064.96
3576.0 180123.79
3577.2 180182.63
3578.4 180241.47
3579.6 180300.31
3580.8 180359.15
3582.0 180417.99
3583.2 180476.83
3584.4 180535.66
3585.6 180594.5
3586.8 180653.34
3588.0 180712.18
3589.2 180771.02
3590.4 180829.86
3591.6 180888.7
3592.8 180947.54
3594.0 181006.37
3595.2 181065.21
3596.4 181124.05
3597.6 181182.89
3598.8 181241.73
3600.0 181300.57
3601.2 181359.41
3602.4 181418.25
3603.6 181477.08
3604.8 181535.92
3606.0 181594.76
3607.2 181653.6
3608.4 181712.44
3609.6 181771.28
3610.8 181830.12
3612.0 181888.96
3613.2 181947.8
3614.4 182006.64
3615.6 182065.47
3616.8 182124.31
3618.0 182183.15
3619.2 182241.99
3620.4 182300.83
3621.6 182359.67
3622.8 182418.51
3624.0 182477.35
3625.2 182536.18
3626.4 182595.02
3627.6 182653.86
3628.8 182712.7
3630.0 182771.54
3631.2 182830.38
3632.4 182889.22
3633.6 182948.05
3634.8 183006.89
3636.0 183065.73
3637.2 183124.57
3638.4 183183.41
3639.6 183242.25
3640.8 183301.09
3642.0 183359.92
3643.2 183418.76
3644.4 183477.6
3645.6 183536.44
3646.8 183595.28
3648.0 183654.11
3649.2 183712.95
3650.4 183771.79
3651.6 183830.63
3652.8 183889.47
3654.0 183948.31
3655.2 184007.14
3656.4 184065.98
3657.6 184124.82
3658.8 184183.66
3660.0 184242.5
3661.2 184301.33
3662.4 184360.17
3663.6 184419.01
3664.8 184477.85
3666.0 184536.69
3667.2 184595.52
3668.4 184654.36
3669.6 184713.2
3670.8 184772.04
3672.0 184830.88
3673.2 184889.71
3674.4 184948.55
3675.6 185007.39
3676.8 185066.23
3678.0 185125.06
3679.2 185183.9
3680.4 185242.74
3681.6 185301.58
3682.8 185360.41
3684.0 185419.25
3685.2 185478.09
3686.4 185536.93
3687.6 185595.76
3688.8 185654.6
3690.0 185713.44
3691.2 185772.28
3692.4 185831.11
3693.6 185889.95
3694.8 185948.79
3696.0 186007.63
3697.2 186066.46
3698.4 186125.3
3699.6 186184.14
3700.8 186242.98
3702.0 186301.81
3703.2 186360.65
3704.4 186419.49
3705.6 186478.33
3706.8 186537.16
3708.0 186596.0
3709.2 186654.84
3710.4 186713.68
3711.6 186772.52
3712.8 186831.35
3714.0 186890.19
3715.2 186949.03
3716.4 187007.87
3717.6 187066.7
3718.8 187125.54
3720.0 187184.38
3721.2 187243.22
3722.4 187302.05
3723.6 187360.89
3724.8 187419.73
3726.0 187478.57
3727.2 187537.41
3728.4 187596.24
3729.6 187655.08
3730.8 187713.92
3732.0 187772.76
3733.2 187831.59
3734.4 187890.43
3735.6 187949.27
3736.8 188008.1
3738.0 188066.94
3739.2 188125.78
3740.4 188184.62
3741.6 188243.45
3742.8 188302.29
3744.0 188361.13
3745.2 188419.96
3746.4 188478.8
3747.6 188537.63
3748.8 188596.47
3750.0 188655.31
3751.2 188714.14
3752.4 188772.98
3753.6 188831.81
3754.8 188890.65
3756.0 188949.48
3757.2 189008.32
3758.4 189067.15
3759.6 189125.99
3760.8 189184.82
3762.0 189243.66
3763.2 189302.49
3764.4 189361.33
3765.6 189420.16
3766.8 189479.0
3768.0 189537.83
3769.2 189596.67
3770.4 189655.5
3771.6 189714.34
3772.8 189773.17
3774.0 189832.0
3775.2 189890.84
3776.4 189949.67
3777.6 190008.51
3778.8 190067.34
3780.0 190126.17
3781.2 190185.01
3782.4 190243.84
3783.6 190302.68
3784.8 190361.51
3786.0 190420.34
3787.2 190479.18
3788.4 190538.01
3789.6 190596.84
3790.8 190655.68
3792.0 190714.51
3793.2 190773.35
3794.4 190832.18
3795.6 190891.01
3796.8 190949.85
3798.0 191008.68
3799.2 191067.51
3800.4 191126.35
3801.6 191185.18
3802.8 191244.01
3804.0 191302.85
3805.2 191361.68
3806.4 191420.51
3807.6 191479.35
3808.8 191538.18
3810.0 191597.01
3811.2 191655.85
3812.4 191714.68
3813.6 191773.51
3814.8 191832.35
3816.0 191891.18
3817.2 191950.01
3818.4 192008.85
3819.6 192067.68
3820.8 192126.52
3822.0 192185.35
3823.2 192244.18
3824.4 192303.02
3825.6 192361.85
3826.8 192420.68
3828.0 192479.52
3829.2 192538.35
3830.4 192597.19
3831.6 192656.02
3832.8 192714.85
3834.0 192773.69
3835.2 192832.52
3836.4 192891.36
3837.6 192950.19
3838.8 193009.02
3840.0 193067.86
3841.2 193126.69
3842.4 193185.53
3843.6 193244.36
3844.8 193303.2
3846.0 193362.03
3847.2 193420.87
3848.4 193479.7
3849.6 193538.54
3850.8 193597.37
3852.0 193656.21
3853.2 193715.04
3854.4 193773.88
3855.6 193832.71
3856.8 193891.55
3858.0 193950.38
3859.2 194009.22
3860.4 194068.05
3861.6 194126.89
3862.8 194185.72
3864.0 194244.56
3865.2 194303.4
3866.4 194362.23
3867.6 194421.07
3868.8 194479.91
3870.0 194538.74
3871.2 194597.58
3872.4 194656.42
3873.6 194715.25
3874.8 194774.09
3876.0 194832.93
3877.2 194891.76
3878.4 194950.6
3879.6 195009.44
3880.8 195068.27
3882.0 195127.11
3883.2 195185.95
3884.4 195244.79
3885.6 195303.62
3886.8 195362.46
3888.0 195421.3
3889.2 195480.14
3890.4 195538.98
3891.6 195597.81
3892.8 195656.65
3894.0 195715.49
3895.2 195774.33
3896.4 195833.17
3897.6 195892.01
3898.8 195950.84
3900.0 196009.68
3901.2 196068.52
3902.4 196127.36
3903.6 196186.2
3904.8 196245.04
3906.0 196303.88
3907.2 196362.72
3908.4 196421.56
3909.6 196480.4
3910.8 196539.24
3912.0 196598.07
3913.2 196656.91
3914.4 196715.75
3915.6 196774.59
3916.8 196833.43
3918.0 196892.27
3919.2 196951.11
3920.4 197009.95
3921.6 197068.79
3922.8 197127.63
3924.0 197186.47
3925.2 197245.31
3926.4 197304.15
3927.6 197362.99
3928.8 197421.83
3930.0 197480.67
3931.2 197539.52
3932.4 197598.36
3933.6 197657.2
3934.8 197716.04
3936.0 197774.88
3937.2 197833.72
3938.4 197892.56
3939.6 197951.4
3940.8 198010.24
3942.0 198069.08
3943.2 198127.92
3944.4 198186.76
3945.6 198245.6
3946.8 198304.44
3948.0 198363.28
3949.2 198422.12
3950.4 198480.96
3951.6 198539.81
3952.8 198598.65
3954.0 198657.49
3955.2 198716.33
3956.4 198775.17
3957.6 198834.01
3958.8 198892.85
3960.0 198951.69
3961.2 199010.53
3962.4 199069.37
3963.6 199128.22
3964.8 199187.06
3966.0 199245.9
3967.2 199304.74
3968.4 199363.58
3969.6 199422.42
3970.8 199481.26
3972.0 199540.11
3973.2 199598.95
3974.4 199657.79
3975.6 199716.63
3976.8 199775.47
3978.0 199834.31
3979.2 199893.16
3980.4 199952.0
3981.6 200010.84
3982.8 200069.68
3984.0 200128.52
3985.2 200187.36
3986.4 200246.21
3987.6 200305.05
3988.8 200363.89
3990.0 200422.73
3991.2 200481.57
3992.4 200540.42
3993.6 200599.26
3994.8 200658.1
3996.0 200716.94
3997.2 200775.78
3998.4 200834.63
3999.6 200893.47
