0.0 6006.0
1.2 6066.0
2.4 6125.99
3.6 6185.98
4.8 6245.96
6.0 6305.92
7.2 6365.88
8.4 6425.83
9.6 6485.76
10.8 6545.68
12.0 6605.59
13.2 6665.48
14.4 6725.37
15.6 6785.24
16.8 6845.09
18.0 6904.94
19.2 6964.77
20.4 7024.59
21.6 7084.4
22.8 7144.2
24.0 7203.98
25.2 7263.76
26.4 7323.52
27.6 7383.27
28.8 7443.0
30.0 7502.73
31.2 7562.45
32.4 7622.15
33.6 7681.85
34.8 7741.53
36.0 7801.2
37.2 7860.87
38.4 7920.52
39.6 7980.16
40.8 8039.79
42.0 8099.42
43.2 8159.03
44.4 8218.63
45.6 8278.22
46.8 8337.81
48.0 8397.38
49.2 8456.95
50.4 8516.5
51.6 8576.05
52.8 8635.59
54.0 8695.12
55.2 8754.64
56.4 8814.15
57.6 8873.66
58.8 8933.15
60.0 8992.64
61.2 9052.12
62.4 9111.59
63.6 9171.06
64.8 9230.51
66.0 9289.96
67.2 9349.4
68.4 9408.84
69.6 9468.26
70.8 9527.68
72.0 9587.09
73.2 9646.5
74.4 9705.89
75.6 9765.28
76.8 9824.67
78.0 9884.04
79.2 9943.41
80.4 10002.78
81.6 10062.13
82.8 10121.48
84.0 10180.83
85.2 10240.16
86.4 10299.49
87.6 10358.82
88.8 10418.14
90.0 10477.45
91.2 10536.76
92.4 10596.06
93.6 10655.36
94.8 10714.65
96.0 10773.93
97.2 10833.21
98.4 10892.48
99.6 10951.75
100.8 11011.01
102.0 11070.27
103.2 11129.52
104.4 11188.77
105.6 11248.01
106.8 11307.24
108.0 11366.48
109.2 11425.7
110.4 11484.92
111.6 11544.14
112.8 11603.35
114.0 11662.56
115.2 11721.76
116.4 11780.96
117.6 11840.16
118.8 11899.35
120.0 11958.53
121.2 12017.71
122.4 12076.89
123.6 12136.06
124.8 12195.23
126.0 12254.39
127.2 12313.55
128.4 12372.71
129.6 12431.86
130.8 12491.01
132.0 12550.15
133.2 12609.29
134.4 12668.43
135.6 12727.56
136.8 12786.69
138.0 12845.82
139.2 12904.94
140.4 12964.06
141.6 13023.17
142.8 13082.29
144.0 13141.39
145.2 13200.5
146.4 13259.6
147.6 13318.7
148.8 13377.79
150.0 13436.89
151.2 13495.97
152.4 13555.06
153.6 13614.14
154.8 13673.22
156.0 13732.3
157.2 13791.37
158.4 13850.44
159.6 13909.51
160.8 13968.57
162.0 14027.64
163.2 14086.69
164.4 14145.75
165.6 14204.8
166.8 14263.85
168.0 14322.9
169.2 14381.95
170.4 14440.99
171.6 14500.03
172.8 14559.07
174.0 14618.11
175.2 14677.14
176.4 14736.17
177.6 14795.2
178.8 14854.22
180.0 14913.25
181.2 14972.27
182.4 15031.29
183.6 15090.3
184.8 15149.32
186.0 15208.33
187.2 15267.34
188.4 15326.35
189.6 15385.35
190.8 15444.36
192.0 15503.36
193.2 15562.36
194.4 15621.36
195.6 15680.35
196.8 15739.34
198.0 15798.34
199.2 15857.33
200.4 15916.31
201.6 15975.3
202.8 16034.28
204.0 16093.27
205.2 16152.25
206.4 16211.23
207.6 16270.2
208.8 16329.18
210.0 16388.15
211.2 16447.12
212.4 16506.09
213.6 16565.06
214.8 16624.03
216.0 16682.99
217.2 16741.96
218.4 16800.92
219.6 16859.88
220.8 16918.84
222.0 16977.8
223.2 17036.75
224.4 17095.71
225.6 17154.66
226.8 17213.61
228.0 17272.56
229.2 17331.51
230.4 17390.46
231.6 17449.41
232.8 17508.35
234.0 17567.29
235.2 17626.24
236.4 17685.18
237.6 17744.12
238.8 17803.06
240.0 17861.99
241.2 17920.93
242.4 17979.86
243.6 18038.8
244.8 18097.73
246.0 18156.66
247.2 18215.59
248.4 18274.52
249.6 18333.45
250.8 18392.37
252.0 18451.3
253.2 18510.22
254.4 18569.15
255.6 18628.07
256.8 18686.99
258.0 18745.91
259.2 18804.83
260.4 18863.75
261.6 18922.66
262.8 18981.58
264.0 19040.49
265.2 19099.41
266.4 19158.32
267.6 19217.23
268.8 19276.14
270.0 19335.05
271.2 19393.96
272.4 19452.87
273.6 19511.78
274.8 19570.69
276.0 19629.59
277.2 19688.5
278.4 19747.4
279.6 19806.31
280.8 19865.21
282.0 19924.11
283.2 19983.01
284.4 20041.91
285.6 20100.81
286.8 20159.71
288.0 20218.61
289.2 20277.5
290.4 20336.4
291.6 20395.3
292.8 20454.19
294.0 20513.09
295.2 20571.98
296.4 20630.87
297.6 20689.76
298.8 20748.66
300.0 20807.55
301.2 20866.44
302.4 20925.33
303.6 20984.21
304.8 21043.1
306.0 21101.99
307.2 21160.88
308.4 21219.76
309.6 21278.65
310.8 21337.54
312.0 21396.42
313.2 21455.3
314.4 21514.19
315.6 21573.07
316.8 21631.95
318.0 21690.83
319.2 21749.72
320.4 21808.6
321.6 21867.48
322.8 21926.36
324.0 21985.24
325.2 22044.11
326.4 22102.99
327.6 22161.87
328.8 22220.75
330.0 22279.62
331.2 22338.5
332.4 22397.37
333.6 22456.25
334.8 22515.12
336.0 22574.0
337.2 22632.87
338.4 22691.75
339.6 22750.62
340.8 22809.49
342.0 22868.36
343.2 22927.23
344.4 22986.11
345.6 23044.98
346.8 23103.85
348.0 23162.72
349.2 23221.59
350.4 23280.46
351.6 23339.32
352.8 23398.19
354.0 23457.06
355.2 23515.93
356.4 23574.8
357.6 23633.66
358.8 23692.53
360.0 23751.4
361.2 23810.26
362.4 23869.13
363.6 23927.99
364.8 23986.86
366.0 24045.72
367.2 24104.58
368.4 24163.45
369.6 24222.31
370.8 24281.18
372.0 24340.04
373.2 24398.9
374.4 24457.76
375.6 24516.62
376.8 24575.49
378.0 24634.35
379.2 24693.21
380.4 24752.07
381.6 24810.93
382.8 24869.79
384.0 24928.65
385.2 24987.51
386.4 25046.37
387.6 25105.23
388.8 25164.09
390.0 25222.94
391.2 25281.8
392.4 25340.66
393.6 25399.52
394.8 25458.38
396.0 25517.23
397.2 25576.09
398.4 25634.95
399.6 25693.8
400.8 25752.66
402.0 25811.52
403.2 25870.37
404.4 25929.23
405.6 25988.08
406.8 26046.94
408.0 26105.79
409.2 26164.65
410.4 26223.5
411.6 26282.36
412.8 26341.21
414.0 26400.07
415.2 26458.92
416.4 26517.77
417.6 26576.63
418.8 26635.48
420.0 26694.33
421.2 26753.19
422.4 26812.04
423.6 26870.89
424.8 26929.74
426.0 26988.59
427.2 27047.45
428.4 27106.3
429.6 27165.15
430.8 27224.0
432.0 27282.85
433.2 27341.7
434.4 27400.55
435.6 27459.41
436.8 27518.26
438.0 27577.11
439.2 27635.96
440.4 27694.81
441.6 27753.66
442.8 27812.51
444.0 27871.36
445.2 27930.21
446.4 27989.06
447.6 28047.9
448.8 28106.75
450.0 28165.6
451.2 28224.45
452.4 28283.3
453.6 28342.15
454.8 28401.0
456.0 28459.85
457.2 28518.69
458.4 28577.54
459.6 28636.39
460.8 28695.24
462.0 28754.09
463.2 28812.93
464.4 28871.78
465.6 28930.63
466.8 28989.47
468.0 29048.32
469.2 29107.17
470.4 29166.02
471.6 29224.86
472.8 29283.71
474.0 29342.55
475.2 29401.4
476.4 29460.25
477.6 29519.09
478.8 29577.94
480.0 29636.79
481.2 29695.63
482.4 29754.48
483.6 29813.32
484.8 29872.17
486.0 29931.01
487.2 29989.86
488.4 30048.7
489.6 30107.55
490.8 30166.39
492.0 30225.24
493.2 30284.08
494.4 30342.93
495.6 30401.77
496.8 30460.62
498.0 30519.46
499.2 30578.31
500.4 30637.15
501.6 30695.99
502.8 30754.84
504.0 30813.68
505.2 30872.53
506.4 30931.37
507.6 30990.21
508.8 31049.06
510.0 31107.9
511.2 31166.75
512.4 31225.59
513.6 31284.43
514.8 31343.28
516.0 31402.12
517.2 31460.96
518.4 31519.81
519.6 31578.65
520.8 31637.49
522.0 31696.33
523.2 31755.18
524.4 31814.02
525.6 31872.86
526.8 31931.71
528.0 31990.55
529.2 32049.39
530.4 32108.23
531.6 32167.07
532.8 32225.92
534.0 32284.76
535.2 32343.6
536.4 32402.44
537.6 32461.29
538.8 32520.13
540.0 32578.97
541.2 32637.81
542.4 32696.65
543.6 32755.5
544.8 32814.34
546.0 32873.18
547.2 32932.02
548.4 32990.86
549.6 33049.7
550.8 33108.55
552.0 33167.39
553.2 33226.23
554.4 33285.07
555.6 33343.91
556.8 33402.75
558.0 33461.59
559.2 33520.44
560.4 33579.28
561.6 33638.12
562.8 33696.96
564.0 33755.8
565.2 33814.64
566.4 33873.48
567.6 33932.32
568.8 33991.16
570.0 34050.0
571.2 34108.85
572.4 34167.69
573.6 34226.53
574.8 34285.37
576.0 34344.21
577.2 34403.05
578.4 34461.89
579.6 34520.73
580.8 34579.57
582.0 34638.41
583.2 34697.25
584.4 34756.09
585.6 34814.93
586.8 34873.77
588.0 34932.61
589.2 34991.45
590.4 35050.29
591.6 35109.13
592.8 35167.97
594.0 35226.81
595.2 35285.65
596.4 35344.49
597.6 35403.33
598.8 35462.17
600.0 35521.01
601.2 35579.85
602.4 35638.69
603.6 35697.53
604.8 35756.37
606.0 35815.21
607.2 35874.05
608.4 35932.89
609.6 35991.73
610.8 36050.57
612.0 36109.41
613.2 36168.25
614.4 36227.09
615.6 36285.93
616.8 36344.77
618.0 36403.61
619.2 36462.45
620.4 36521.29
621.6 36580.13
622.8 36638.97
624.0 36697.81
625.2 36756.65
626.4 36815.49
627.6 36874.33
628.8 36933.17
630.0 36992.0
631.2 37050.84
632.4 37109.68
633.6 37168.52
634.8 37227.36
636.0 37286.2
637.2 37345.04
638.4 37403.88
639.6 37462.72
640.8 37521.56
642.0 37580.4
643.2 37639.24
644.4 37698.08
645.6 37756.91
646.8 37815.75
648.0 37874.59
649.2 37933.43
650.4 37992.27
651.6 38051.11
652.8 38109.95
654.0 38168.79
655.2 38227.63
656.4 38286.47
657.6 38345.3
658.8 38404.14
660.0 38462.98
661.2 38521.82
662.4 38580.66
663.6 38639.5
664.8 38698.34
666.0 38757.18
667.2 38816.02
668.4 38874.86
669.6 38933.69
670.8 38992.53
672.0 39051.37
673.2 39110.21
674.4 39169.05
675.6 39227.89
676.8 39286.73
678.0 39345.57
679.2 39404.4
680.4 39463.24
681.6 39522.08
682.8 39580.92
684.0 39639.76
685.2 39698.6
686.4 39757.44
687.6 39816.28
688.8 39875.11
690.0 39933.95
691.2 39992.79
692.4 40051.63
693.6 40110.47
694.8 40169.31
696.0 40228.15
697.2 40286.98
698.4 40345.82
699.6 40404.66
700.8 40463.5
702.0 40522.34
703.2 40581.18
704.4 40640.01
705.6 40698.85
706.8 40757.69
708.0 40816.53
709.2 40875.37
710.4 40934.21
711.6 40993.04
712.8 41051.88
714.0 41110.72
715.2 41169.56
716.4 41228.4
717.6 41287.24
718.8 41346.07
720.0 41404.91
721.2 41463.75
722.4 41522.59
723.6 41581.43
724.8 41640.27
726.0 41699.1
727.2 41757.94
728.4 41816.78
729.6 41875.62
730.8 41934.46
732.0 41993.3
733.2 42052.13
734.4 42110.97
735.6 42169.81
736.8 42228.65
738.0 42287.49
739.2 42346.33
740.4 42405.16
741.6 42464.0
742.8 42522.84
744.0 42581.68
745.2 42640.52
746.4 42699.36
747.6 42758.19
748.8 42817.03
750.0 42875.87
751.2 42934.71
752.4 42993.55
753.6 43052.38
754.8 43111.22
756.0 43170.06
757.2 43228.9
758.4 43287.74
759.6 43346.57
760.8 43405.41
762.0 43464.25
763.2 43523.09
764.4 43581.93
765.6 43640.76
766.8 43699.6
768.0 43758.44
769.2 43817.28
770.4 43876.12
771.6 43934.95
772.8 43993.79
774.0 44052.63
775.2 44111.47
776.4 44170.31
777.6 44229.14
778.8 44287.98
780.0 44346.82
781.2 44405.66
782.4 44464.5
783.6 44523.33
784.8 44582.17
786.0 44641.01
787.2 44699.85
788.4 44758.69
789.6 44817.52
790.8 44876.36
792.0 44935.2
793.2 44994.04
794.4 45052.88
795.6 45111.71
796.8 45170.55
798.0 45229.39
799.2 45288.23
800.4 45347.07
801.6 45405.9
802.8 45464.74
804.0 45523.58
805.2 45582.42
806.4 45641.25
807.6 45700.09
808.8 45758.93
810.0 45817.77
811.2 45876.61
812.4 45935.44
813.6 45994.28
814.8 46053.12
816.0 46111.96
817.2 46170.8
818.4 46229.63
819.6 46288.47
820.8 46347.31
822.0 46406.15
823.2 46464.98
824.4 46523.82
825.6 46582.66
826.8 46641.5
828.0 46700.34
829.2 46759.17
830.4 46818.01
831.6 46876.85
832.8 46935.69
834.0 46994.52
835.2 47053.36
836.4 47112.2
837.6 47171.04
838.8 47229.88
840.0 47288.71
841.2 47347.55
842.4 47406.39
843.6 47465.23
844.8 47524.06
846.0 47582.9
847.2 47641.74
848.4 47700.58
849.6 47759.42
850.8 47818.25
852.0 47877.09
853.2 47935.93
854.4 47994.77
855.6 48053.6
856.8 48112.44
858.0 48171.28
859.2 48230.12
860.4 48288.95
861.6 48347.79
862.8 48406.63
864.0 48465.47
865.2 48524.3
866.4 48583.14
867.6 48641.98
868.8 48700.82
870.0 48759.65
871.2 48818.49
872.4 48877.33
873.6 48936.17
874.8 48995.01
876.0 49053.84
877.2 49112.68
878.4 49171.52
879.6 49230.36
880.8 49289.19
882.0 49348.03
883.2 49406.87
884.4 49465.71
885.6 49524.54
886.8 49583.38
888.0 49642.22
889.2 49701.06
890.4 49759.9
891.6 49818.73
892.8 49877.57
894.0 49936.41
895.2 49995.25
896.4 50054.08
897.6 50112.92
898.8 50171.76
900.0 50230.6
901.2 50289.44
902.4 50348.27
903.6 50407.11
904.8 50465.95
906.0 50524.79
907.2 50583.63
908.4 50642.46
909.6 50701.3
910.8 50760.14
912.0 50818.98
913.2 50877.82
914.4 50936.65
915.6 50995.49
916.8 51054.33
918.0 51113.17
919.2 51172.01
920.4 51230.84
921.6 51289.68
922.8 51348.52
924.0 51407.36
925.2 51466.2
926.4 51525.03
927.6 51583.87
928.8 51642.71
930.0 51701.55
931.2 51760.39
932.4 51819.22
933.6 51878.06
934.8 51936.9
936.0 51995.74
937.2 52054.58
938.4 52113.41
939.6 52172.25
940.8 52231.09
942.0 52289.93
943.2 52348.77
944.4 52407.6
945.6 52466.44
946.8 52525.28
948.0 52584.12
949.2 52642.95
950.4 52701.79
951.6 52760.63
952.8 52819.47
954.0 52878.31
955.2 52937.14
956.4 52995.98
957.6 53054.82
958.8 53113.66
960.0 53172.5
961.2 53231.33
962.4 53290.17
963.6 53349.01
964.8 53407.85
966.0 53466.69
967.2 53525.52
968.4 53584.36
969.6 53643.2
970.8 53702.04
972.0 53760.88
973.2 53819.71
974.4 53878.55
975.6 53937.39
976.8 53996.23
978.0 54055.06
979.2 54113.9
980.4 54172.74
981.6 54231.58
982.8 54290.42
984.0 54349.25
985.2 54408.09
986.4 54466.93
987.6 54525.77
988.8 54584.6
990.0 54643.44
991.2 54702.28
992.4 54761.12
993.6 54819.96
994.8 54878.79
996.0 54937.63
997.2 54996.47
998.4 55055.31
999.6 55114.15
1000.8 55172.98
1002.0 55231.82
1003.2 55290.66
1004.4 55349.5
1005.6 55408.34
1006.8 55467.17
1008.0 55526.01
1009.2 55584.85
1010.4 55643.69
1011.6 55702.52
1012.8 55761.36
1014.0 55820.2
1015.2 55879.04
1016.4 55937.88
1017.6 55996.71
1018.8 56055.55
1020.0 56114.39
1021.2 56173.23
1022.4 56232.07
1023.6 56290.9
1024.8 56349.74
1026.0 56408.58
1027.2 56467.42
1028.4 56526.25
1029.6 56585.09
1030.8 56643.93
1032.0 56702.77
1033.2 56761.61
1034.4 56820.44
1035.6 56879.28
1036.8 56938.12
1038.0 56996.96
1039.2 57055.8
1040.4 57114.63
1041.6 57173.47
1042.8 57232.31
1044.0 57291.15
1045.2 57349.99
1046.4 57408.82
1047.6 57467.66
1048.8 57526.5
1050.0 57585.34
1051.2 57644.17
1052.4 57703.01
1053.6 57761.85
1054.8 57820.69
1056.0 57879.53
1057.2 57938.36
1058.4 57997.2
1059.6 58056.04
1060.8 58114.88
1062.0 58173.71
1063.2 58232.55
1064.4 58291.39
1065.6 58350.23
1066.8 58409.07
1068.0 58467.9
1069.2 58526.74
1070.4 58585.58
1071.6 58644.42
1072.8 58703.26
1074.0 58762.09
1075.2 58820.93
1076.4 58879.77
1077.6 58938.61
1078.8 58997.44
1080.0 59056.28
1081.2 59115.12
1082.4 59173.96
1083.6 59232.79
1084.8 59291.63
1086.0 59350.47
1087.2 59409.31
1088.4 59468.15
1089.6 59526.98
1090.8 59585.82
1092.0 59644.66
1093.2 59703.5
1094.4 59762.33
1095.6 59821.17
1096.8 59880.01
1098.0 59938.85
1099.2 59997.68
1100.4 60056.52
1101.6 60115.36
1102.8 60174.2
1104.0 60233.03
1105.2 60291.87
1106.4 60350.71
1107.6 60409.55
1108.8 60468.38
1110.0 60527.22
1111.2 60586.06
1112.4 60644.9
1113.6 60703.74
1114.8 60762.57
1116.0 60821.41
1117.2 60880.25
1118.4 60939.09
1119.6 60997.92
1120.8 61056.76
1122.0 61115.6
1123.2 61174.44
1124.4 61233.27
1125.6 61292.11
1126.8 61350.95
1128.0 61409.79
1129.2 61468.62
1130.4 61527.46
1131.6 61586.3
1132.8 61645.14
1134.0 61703.97
1135.2 61762.81
1136.4 61821.65
1137.6 61880.49
1138.8 61939.32
1140.0 61998.16
1141.2 62057.0
1142.4 62115.84
1143.6 62174.67
1144.8 62233.51
1146.0 62292.35
1147.2 62351.19
1148.4 62410.02
1149.6 62468.86
1150.8 62527.7
1152.0 62586.54
1153.2 62645.37
1154.4 62704.21
1155.6 62763.05
1156.8 62821.89
1158.0 62880.72
1159.2 62939.56
1160.4 62998.4
1161.6 63057.24
1162.8 63116.07
1164.0 63174.91
1165.2 63233.75
1166.4 63292.59
1167.6 63351.42
1168.8 63410.26
1170.0 63469.1
1171.2 63527.94
1172.4 63586.77
1173.6 63645.61
1174.8 63704.45
1176.0 63763.29
1177.2 63822.12
1178.4 63880.96
1179.6 63939.8
1180.8 63998.64
1182.0 64057.47
1183.2 64116.31
1184.4 64175.15
1185.6 64233.99
1186.8 64292.82
1188.0 64351.66
1189.2 64410.5
1190.4 64469.34
1191.6 64528.17
1192.8 64587.01
1194.0 64645.85
1195.2 64704.69
1196.4 64763.52
1197.6 64822.36
1198.8 64881.2
1200.0 64940.04
1201.2 64998.87
1202.4 65057.71
1203.6 65116.55
1204.8 65175.39
1206.0 65234.22
1207.2 65293.06
1208.4 65351.9
1209.6 65410.74
1210.8 65469.57
1212.0 65528.41
1213.2 65587.25
1214.4 65646.09
1215.6 65704.92
1216.8 65763.76
1218.0 65822.6
1219.2 65881.44
1220.4 65940.27
1221.6 65999.11
1222.8 66057.95
1224.0 66116.79
1225.2 66175.62
1226.4 66234.46
1227.6 66293.3
1228.8 66352.14
1230.0 66410.97
1231.2 66469.81
1232.4 66528.65
1233.6 66587.49
1234.8 66646.33
1236.0 66705.16
1237.2 66764.0
1238.4 66822.84
1239.6 66881.68
1240.8 66940.51
1242.0 66999.35
1243.2 67058.19
1244.4 67117.03
1245.6 67175.86
1246.8 67234.7
1248.0 67293.54
1249.2 67352.38
1250.4 67411.21
1251.6 67470.05
1252.8 67528.89
1254.0 67587.73
1255.2 67646.56
1256.4 67705.4
1257.6 67764.24
1258.8 67823.08
1260.0 67881.91
1261.2 67940.75
1262.4 67999.59
1263.6 68058.43
1264.8 68117.26
1266.0 68176.1
1267.2 68234.94
1268.4 68293.78
1269.6 68352.62
1270.8 68411.45
1272.0 68470.29
1273.2 68529.13
1274.4 68587.97
1275.6 68646.8
1276.8 68705.64
1278.0 68764.48
1279.2 68823.32
1280.4 68882.15
1281.6 68940.99
1282.8 68999.83
1284.0 69058.67
1285.2 69117.51
1286.4 69176.34
1287.6 69235.18
1288.8 69294.02
1290.0 69352.86
1291.2 69411.69
1292.4 69470.53
1293.6 69529.37
1294.8 69588.21
1296.0 69647.04
1297.2 69705.88
1298.4 69764.72
1299.6 69823.56
1300.8 69882.4
1302.0 69941.23
1303.2 70000.07
1304.4 70058.91
1305.6 70117.75
1306.8 70176.58
1308.0 70235.42
1309.2 70294.26
1310.4 70353.1
1311.6 70411.93
1312.8 70470.77
1314.0 70529.61
1315.2 70588.45
1316.4 70647.29
1317.6 70706.12
1318.8 70764.96
1320.0 70823.8
1321.2 70882.64
1322.4 70941.47
1323.6 71000.31
1324.8 71059.15
1326.0 71117.99
1327.2 71176.83
1328.4 71235.66
1329.6 71294.5
1330.8 71353.34
1332.0 71412.18
1333.2 71471.01
1334.4 71529.85
1335.6 71588.69
1336.8 71647.53
1338.0 71706.36
1339.2 71765.2
1340.4 71824.04
1341.6 71882.88
1342.8 71941.72
1344.0 72000.55
1345.2 72059.39
1346.4 72118.23
1347.6 72177.07
1348.8 72235.9
1350.0 72294.74
1351.2 72353.58
1352.4 72412.42
1353.6 72471.26
1354.8 72530.09
1356.0 72588.93
1357.2 72647.77
1358.4 72706.61
1359.6 72765.44
1360.8 72824.28
1362.0 72883.12
1363.2 72941.96
1364.4 73000.8
1365.6 73059.63
1366.8 73118.47
1368.0 73177.31
1369.2 73236.15
1370.4 73294.98
1371.6 73353.82
1372.8 73412.66
1374.0 73471.5
1375.2 73530.33
1376.4 73589.17
1377.6 73648.01
1378.8 73706.85
1380.0 73765.69
1381.2 73824.52
1382.4 73883.36
1383.6 73942.2
1384.8 74001.04
1386.0 74059.87
1387.2 74118.71
1388.4 74177.55
1389.6 74236.39
1390.8 74295.22
1392.0 74354.06
1393.2 74412.9
1394.4 74471.74
1395.6 74530.57
1396.8 74589.41
1398.0 74648.25
1399.2 74707.09
1400.4 74765.93
1401.6 74824.76
1402.8 74883.6
1404.0 74942.44
1405.2 75001.28
1406.4 75060.11
1407.6 75118.95
1408.8 75177.79
1410.0 75236.63
1411.2 75295.46
1412.4 75354.3
1413.6 75413.14
1414.8 75471.98
1416.0 75530.82
1417.2 75589.65
1418.4 75648.49
1419.6 75707.33
1420.8 75766.17
1422.0 75825.0
1423.2 75883.84
1424.4 75942.68
1425.6 76001.52
1426.8 76060.36
1428.0 76119.19
1429.2 76178.03
1430.4 76236.87
1431.6 76295.71
1432.8 76354.54
1434.0 76413.38
1435.2 76472.22
1436.4 76531.06
1437.6 76589.89
1438.8 76648.73
1440.0 76707.57
1441.2 76766.41
1442.4 76825.25
1443.6 76884.08
1444.8 76942.92
1446.0 77001.76
1447.2 77060.6
1448.4 77119.43
1449.6 77178.27
1450.8 77237.11
1452.0 77295.95
1453.2 77354.78
1454.4 77413.62
1455.6 77472.46
1456.8 77531.3
1458.0 77590.13
1459.2 77648.97
1460.4 77707.81
1461.6 77766.65
1462.8 77825.49
1464.0 77884.32
1465.2 77943.16
1466.4 78002.0
1467.6 78060.84
1468.8 78119.67
1470.0 78178.51
1471.2 78237.35
1472.4 78296.19
1473.6 78355.02
1474.8 78413.86
1476.0 78472.7
1477.2 78531.54
1478.4 78590.38
1479.6 78649.21
1480.8 78708.05
1482.0 78766.89
1483.2 78825.73
1484.4 78884.56
1485.6 78943.4
1486.8 79002.24
1488.0 79061.08
1489.2 79119.91
1490.4 79178.75
1491.6 79237.59
1492.8 79296.43
1494.0 79355.27
1495.2 79414.1
1496.4 79472.94
1497.6 79531.78
1498.8 79590.62
1500.0 79649.45
1501.2 79708.29
1502.4 79767.13
1503.6 79825.97
1504.8 79884.8
1506.0 79943.64
1507.2 80002.48
1508.4 80061.32
1509.6 80120.16
1510.8 80178.99
1512.0 80237.83
1513.2 80296.67
1514.4 80355.51
1515.6 80414.34
1516.8 80473.18
1518.0 80532.02
1519.2 80590.86
1520.4 80649.69
1521.6 80708.53
1522.8 80767.37
1524.0 80826.21
1525.2 80885.04
1526.4 80943.88
1527.6 81002.72
1528.8 81061.56
1530.0 81120.4
1531.2 81179.23
1532.4 81238.07
1533.6 81296.91
1534.8 81355.75
1536.0 81414.58
1537.2 81473.42
1538.4 81532.26
1539.6 81591.1
1540.8 81649.93
1542.0 81708.77
1543.2 81767.61
1544.4 81826.45
1545.6 81885.29
1546.8 81944.12
1548.0 82002.96
1549.2 82061.8
1550.4 82120.64
1551.6 82179.47
1552.8 82238.31
1554.0 82297.15
1555.2 82355.99
1556.4 82414.82
1557.6 82473.66
1558.8 82532.5
1560.0 82591.34
1561.2 82650.18
1562.4 82709.01
1563.6 82767.85
1564.8 82826.69
1566.0 82885.53
1567.2 82944.36
1568.4 83003.2
1569.6 83062.04
1570.8 83120.88
1572.0 83179.72
1573.2 83238.55
1574.4 83297.39
1575.6 83356.23
1576.8 83415.07
1578.0 83473.9
1579.2 83532.74
1580.4 83591.58
1581.6 83650.42
1582.8 83709.26
1584.0 83768.09
1585.2 83826.93
1586.4 83885.77
1587.6 83944.61
1588.8 84003.44
1590.0 84062.28
1591.2 84121.12
1592.4 84179.96
1593.6 84238.8
1594.8 84297.63
1596.0 84356.47
1597.2 84415.31
1598.4 84474.15
1599.6 84532.98
1600.8 84591.82
1602.0 84650.66
1603.2 84709.5
1604.4 84768.34
1605.6 84827.17
1606.8 84886.01
1608.0 84944.85
1609.2 85003.69
1610.4 85062.53
1611.6 85121.36
1612.8 85180.2
1614.0 85239.04
1615.2 85297.88
1616.4 85356.71
1617.6 85415.55
1618.8 85474.39
1620.0 85533.23
1621.2 85592.07
1622.4 85650.9
1623.6 85709.74
1624.8 85768.58
1626.0 85827.42
1627.2 85886.25
1628.4 85945.09
1629.6 86003.93
1630.8 86062.77
1632.0 86121.61
1633.2 86180.44
1634.4 86239.28
1635.6 86298.12
1636.8 86356.96
1638.0 86415.79
1639.2 86474.63
1640.4 86533.47
1641.6 86592.31
1642.8 86651.15
1644.0 86709.98
1645.2 86768.82
1646.4 86827.66
1647.6 86886.5
1648.8 86945.33
1650.0 87004.17
1651.2 87063.01
1652.4 87121.85
1653.6 87180.68
1654.8 87239.52
1656.0 87298.36
1657.2 87357.2
1658.4 87416.03
1659.6 87474.87
1660.8 87533.71
1662.0 87592.55
1663.2 87651.39
1664.4 87710.22
1665.6 87769.06
1666.8 87827.9
1668.0 87886.74
1669.2 87945.57
1670.4 88004.41
1671.6 88063.25
1672.8 88122.09
1674.0 88180.92
1675.2 88239.76
1676.4 88298.6
1677.6 88357.44
1678.8 88416.27
1680.0 88475.11
1681.2 88533.95
1682.4 88592.79
1683.6 88651.62
1684.8 88710.46
1686.0 88769.3
1687.2 88828.14
1688.4 88886.97
1689.6 88945.81
1690.8 89004.65
1692.0 89063.49
1693.2 89122.32
1694.4 89181.16
1695.6 89240.0
1696.8 89298.84
1698.0 89357.67
1699.2 89416.51
1700.4 89475.35
1701.6 89534.19
1702.8 89593.03
1704.0 89651.86
1705.2 89710.7
1706.4 89769.54
1707.6 89828.38
1708.8 89887.21
1710.0 89946.05
1711.2 90004.89
1712.4 90063.73
1713.6 90122.56
1714.8 90181.4
1716.0 90240.24
1717.2 90299.08
1718.4 90357.92
1719.6 90416.75
1720.8 90475.59
1722.0 90534.43
1723.2 90593.27
1724.4 90652.1
1725.6 90710.94
1726.8 90769.78
1728.0 90828.62
1729.2 90887.46
1730.4 90946.29
1731.6 91005.13
1732.8 91063.97
1734.0 91122.81
1735.2 91181.64
1736.4 91240.48
1737.6 91299.32
1738.8 91358.16
1740.0 91417.0
1741.2 91475.83
1742.4 91534.67
1743.6 91593.51
1744.8 91652.35
1746.0 91711.18
1747.2 91770.02
1748.4 91828.86
1749.6 91887.7
1750.8 91946.53
1752.0 92005.37
1753.2 92064.21
1754.4 92123.05
1755.6 92181.89
1756.8 92240.72
1758.0 92299.56
1759.2 92358.4
1760.4 92417.24
1761.6 92476.07
1762.8 92534.91
1764.0 92593.75
1765.2 92652.59
1766.4 92711.43
1767.6 92770.26
1768.8 92829.1
1770.0 92887.94
1771.2 92946.78
1772.4 93005.61
1773.6 93064.45
1774.8 93123.29
1776.0 93182.13
1777.2 93240.96
1778.4 93299.8
1779.6 93358.64
1780.8 93417.48
1782.0 93476.32
1783.2 93535.15
1784.4 93593.99
1785.6 93652.83
1786.8 93711.67
1788.0 93770.5
1789.2 93829.34
1790.4 93888.18
1791.6 93947.02
1792.8 94005.86
1794.0 94064.69
1795.2 94123.53
1796.4 94182.37
1797.6 94241.21
1798.8 94300.04
1800.0 94358.88
1801.2 94417.72
1802.4 94476.56
1803.6 94535.39
1804.8 94594.23
1806.0 94653.07
1807.2 94711.91
1808.4 94770.74
1809.6 94829.58
1810.8 94888.42
1812.0 94947.26
1813.2 95006.1
1814.4 95064.93
1815.6 95123.77
1816.8 95182.61
1818.0 95241.45
1819.2 95300.28
1820.4 95359.12
1821.6 95417.96
1822.8 95476.8
1824.0 95535.63
1825.2 95594.47
1826.4 95653.31
1827.6 95712.15
1828.8 95770.98
1830.0 95829.82
1831.2 95888.66
1832.4 95947.5
1833.6 96006.33
1834.8 96065.17
1836.0 96124.01
1837.2 96182.85
1838.4 96241.69
1839.6 96300.52
1840.8 96359.36
1842.0 96418.2
1843.2 96477.04
1844.4 96535.87
1845.6 96594.71
1846.8 96653.55
1848.0 96712.39
1849.2 96771.22
1850.4 96830.06
1851.6 96888.9
1852.8 96947.74
1854.0 97006.57
1855.2 97065.41
1856.4 97124.25
1857.6 97183.09
1858.8 97241.92
1860.0 97300.76
1861.2 97359.6
1862.4 97418.44
1863.6 97477.27
1864.8 97536.11
1866.0 97594.95
1867.2 97653.79
1868.4 97712.62
1869.6 97771.46
1870.8 97830.3
1872.0 97889.14
1873.2 97947.97
1874.4 98006.81
1875.6 98065.65
1876.8 98124.49
1878.0 98183.33
1879.2 98242.16
1880.4 98301.0
1881.6 98359.84
1882.8 98418.68
1884.0 98477.51
1885.2 98536.35
1886.4 98595.19
1887.6 98654.03
1888.8 98712.86
1890.0 98771.7
1891.2 98830.54
1892.4 98889.38
1893.6 98948.21
1894.8 99007.05
1896.0 99065.89
1897.2 99124.72
1898.4 99183.56
1899.6 99242.4
1900.8 99301.24
1902.0 99360.07
1903.2 99418.91
1904.4 99477.75
1905.6 99536.59
1906.8 99595.42
1908.0 99654.26
1909.2 99713.1
1910.4 99771.94
1911.6 99830.77
1912.8 99889.61
1914.0 99948.45
1915.2 100007.29
1916.4 100066.12
1917.6 100124.96
1918.8 100183.8
1920.0 100242.64
1921.2 100301.47
1922.4 100360.31
1923.6 100419.15
1924.8 100477.99
1926.0 100536.82
1927.2 100595.66
1928.4 100654.5
1929.6 100713.34
1930.8 100772.17
1932.0 100831.01
1933.2 100889.85
1934.4 100948.69
1935.6 101007.52
1936.8 101066.36
1938.0 101125.2
1939.2 101184.04
1940.4 101242.87
1941.6 101301.71
1942.8 101360.55
1944.0 101419.39
1945.2 101478.22
1946.4 101537.06
1947.6 101595.9
1948.8 101654.74
1950.0 101713.58
1951.2 101772.41
1952.4 101831.25
1953.6 101890.09
1954.8 101948.93
1956.0 102007.76
1957.2 102066.6
1958.4 102125.44
1959.6 102184.28
1960.8 102243.11
1962.0 102301.95
1963.2 102360.79
1964.4 102419.63
1965.6 102478.46
1966.8 102537.3
1968.0 102596.14
1969.2 102654.98
1970.4 102713.81
1971.6 102772.65
1972.8 102831.49
1974.0 102890.33
1975.2 102949.16
1976.4 103008.0
1977.6 103066.84
1978.8 103125.68
1980.0 103184.51
1981.2 103243.35
1982.4 103302.19
1983.6 103361.03
1984.8 103419.86
1986.0 103478.7
1987.2 103537.54
1988.4 103596.38
1989.6 103655.21
1990.8 103714.05
1992.0 103772.89
1993.2 103831.73
1994.4 103890.56
1995.6 103949.4
1996.8 104008.24
1998.0 104067.08
1999.2 104125.91
2000.4 104184.75
2001.6 104243.59
2002.8 104302.43
2004.0 104361.26
2005.2 104420.1
2006.4 104478.94
2007.6 104537.78
2008.8 104596.61
2010.0 104655.45
2011.2 104714.29
2012.4 104773.13
2013.6 104831.96
2014.8 104890.8
2016.0 104949.64
2017.2 105008.48
2018.4 105067.31
2019.6 105126.15
2020.8 105184.99
2022.0 105243.83
2023.2 105302.66
2024.4 105361.5
2025.6 105420.34
2026.8 105479.18
2028.0 105538.01
2029.2 105596.85
2030.4 105655.69
2031.6 105714.53
2032.8 105773.37
2034.0 105832.2
2035.2 105891.04
2036.4 105949.88
2037.6 106008.72
2038.8 106067.55
2040.0 106126.39
2041.2 106185.23
2042.4 106244.07
2043.6 106302.9
2044.8 106361.74
2046.0 106420.58
2047.2 106479.42
2048.4 106538.25
2049.6 106597.09
2050.8 106655.93
2052.0 106714.77
2053.2 106773.6
2054.4 106832.44
2055.6 106891.28
2056.8 106950.12
2058.0 107008.96
2059.2 107067.79
2060.4 107126.63
2061.6 107185.47
2062.8 107244.31
2064.0 107303.14
2065.2 107361.98
2066.4 107420.82
2067.6 107479.66
2068.8 107538.49
2070.0 107597.33
2071.2 107656.17
2072.4 107715.01
2073.6 107773.84
2074.8 107832.68
2076.0 107891.52
2077.2 107950.36
2078.4 108009.19
2079.6 108068.03
2080.8 108126.87
2082.0 108185.71
2083.2 108244.54
2084.4 108303.38
2085.6 108362.22
2086.8 108421.06
2088.0 108479.9
2089.2 108538.73
2090.4 108597.57
2091.6 108656.41
2092.8 108715.25
2094.0 108774.08
2095.2 108832.92
2096.4 108891.76
2097.6 108950.6
2098.8 109009.44
2100.0 109068.27
2101.2 109127.11
2102.4 109185.95
2103.6 109244.79
2104.8 109303.62
2106.0 109362.46
2107.2 109421.3
2108.4 109480.14
2109.6 109538.97
2110.8 109597.81
2112.0 109656.65
2113.2 109715.49
2114.4 109774.32
2115.6 109833.16
2116.8 109892.0
2118.0 109950.84
2119.2 110009.68
2120.4 110068.51
2121.6 110127.35
2122.8 110186.19
2124.0 110245.03
2125.2 110303.86
2126.4 110362.7
2127.6 110421.54
2128.8 110480.38
2130.0 110539.21
2131.2 110598.05
2132.4 110656.89
2133.6 110715.73
2134.8 110774.56
2136.0 110833.4
2137.2 110892.24
2138.4 110951.08
2139.6 111009.92
2140.8 111068.75
2142.0 111127.59
2143.2 111186.43
2144.4 111245.27
2145.6 111304.1
2146.8 111362.94
2148.0 111421.78
2149.2 111480.62
2150.4 111539.45
2151.6 111598.29
2152.8 111657.13
2154.0 111715.97
2155.2 111774.81
2156.4 111833.64
2157.6 111892.48
2158.8 111951.32
2160.0 112010.16
2161.2 112068.99
2162.4 112127.83
2163.6 112186.67
2164.8 112245.51
2166.0 112304.34
2167.2 112363.18
2168.4 112422.02
2169.6 112480.86
2170.8 112539.7
2172.0 112598.53
2173.2 112657.37
2174.4 112716.21
2175.6 112775.05
2176.8 112833.88
2178.0 112892.72
2179.2 112951.56
2180.4 113010.4
2181.6 113069.24
2182.8 113128.07
2184.0 113186.91
2185.2 113245.75
2186.4 113304.59
2187.6 113363.42
2188.8 113422.26
2190.0 113481.1
2191.2 113539.94
2192.4 113598.77
2193.6 113657.61
2194.8 113716.45
2196.0 113775.29
2197.2 113834.13
2198.4 113892.96
2199.6 113951.8
2200.8 114010.64
2202.0 114069.48
2203.2 114128.31
2204.4 114187.15
2205.6 114245.99
2206.8 114304.83
2208.0 114363.67
2209.2 114422.5
2210.4 114481.34
2211.6 114540.18
2212.8 114599.02
2214.0 114657.85
2215.2 114716.69
2216.4 114775.53
2217.6 114834.37
2218.8 114893.2
2220.0 114952.04
2221.2 115010.88
2222.4 115069.72
2223.6 115128.56
2224.8 115187.39
2226.0 115246.23
2227.2 115305.07
2228.4 115363.91
2229.6 115422.74
2230.8 115481.58
2232.0 115540.42
2233.2 115599.26
2234.4 115658.09
2235.6 115716.93
2236.8 115775.77
2238.0 115834.61
2239.2 115893.44
2240.4 115952.28
2241.6 116011.12
2242.8 116069.96
2244.0 116128.79
2245.2 116187.63
2246.4 116246.47
2247.6 116305.31
2248.8 116364.15
2250.0 116422.98
2251.2 116481.82
2252.4 116540.66
2253.6 116599.5
2254.8 116658.33
2256.0 116717.17
2257.2 116776.01
2258.4 116834.85
2259.6 116893.68
2260.8 116952.52
2262.0 117011.36
2263.2 117070.2
2264.4 117129.03
2265.6 117187.87
2266.8 117246.71
2268.0 117305.55
2269.2 117364.38
2270.4 117423.22
2271.6 117482.06
2272.8 117540.9
2274.0 117599.74
2275.2 117658.57
2276.4 117717.41
2277.6 117776.25
2278.8 117835.09
2280.0 117893.92
2281.2 117952.76
2282.4 118011.6
2283.6 118070.44
2284.8 118129.27
2286.0 118188.11
2287.2 118246.95
2288.4 118305.79
2289.6 118364.63
2290.8 118423.46
2292.0 118482.3
2293.2 118541.14
2294.4 118599.98
2295.6 118658.81
2296.8 118717.65
2298.0 118776.49
2299.2 118835.33
2300.4 118894.17
2301.6 118953.0
2302.8 119011.84
2304.0 119070.68
2305.2 119129.52
2306.4 119188.36
2307.6 119247.19
2308.8 119306.03
2310.0 119364.87
2311.2 119423.71
2312.4 119482.54
2313.6 119541.38
2314.8 119600.22
2316.0 119659.06
2317.2 119717.9
2318.4 119776.73
2319.6 119835.57
2320.8 119894.41
2322.0 119953.25
2323.2 120012.09
2324.4 120070.92
2325.6 120129.76
2326.8 120188.6
2328.0 120247.44
2329.2 120306.27
2330.4 120365.11
2331.6 120423.95
2332.8 120482.79
2334.0 120541.63
2335.2 120600.46
2336.4 120659.3
2337.6 120718.14
2338.8 120776.98
2340.0 120835.81
2341.2 120894.65
2342.4 120953.49
2343.6 121012.33
2344.8 121071.17
2346.0 121130.0
2347.2 121188.84
2348.4 121247.68
2349.6 121306.52
2350.8 121365.35
2352.0 121424.19
2353.2 121483.03
2354.4 121541.87
2355.6 121600.71
2356.8 121659.54
2358.0 121718.38
2359.2 121777.22
2360.4 121836.06
2361.6 121894.89
2362.8 121953.73
2364.0 122012.57
2365.2 122071.41
2366.4 122130.25
2367.6 122189.08
2368.8 122247.92
2370.0 122306.76
2371.2 122365.6
2372.4 122424.44
2373.6 122483.27
2374.8 122542.11
2376.0 122600.95
2377.2 122659.79
2378.4 122718.62
2379.6 122777.46
2380.8 122836.3
2382.0 122895.14
2383.2 122953.98
2384.4 123012.81
2385.6 123071.65
2386.8 123130.49
2388.0 123189.33
2389.2 123248.16
2390.4 123307.0
2391.6 123365.84
2392.8 123424.68
2394.0 123483.52
2395.2 123542.35
2396.4 123601.19
2397.6 123660.03
2398.8 123718.87
2400.0 123777.7
2401.2 123836.54
2402.4 123895.38
2403.6 123954.22
2404.8 124013.06
2406.0 124071.89
2407.2 124130.73
2408.4 124189.57
2409.6 124248.41
2410.8 124307.24
2412.0 124366.08
2413.2 124424.92
2414.4 124483.76
2415.6 124542.6
2416.8 124601.43
2418.0 124660.27
2419.2 124719.11
2420.4 124777.95
2421.6 124836.78
2422.8 124895.62
2424.0 124954.46
2425.2 125013.3
2426.4 125072.14
2427.6 125130.97
2428.8 125189.81
2430.0 125248.65
2431.2 125307.49
2432.4 125366.32
2433.6 125425.16
2434.8 125484.0
2436.0 125542.84
2437.2 125601.67
2438.4 125660.51
2439.6 125719.35
2440.8 125778.19
2442.0 125837.03
2443.2 125895.86
2444.4 125954.7
2445.6 126013.54
2446.8 126072.38
2448.0 126131.21
2449.2 126190.05
2450.4 126248.89
2451.6 126307.73
2452.8 126366.57
2454.0 126425.4
2455.2 126484.24
2456.4 126543.08
2457.6 126601.92
2458.8 126660.75
2460.0 126719.59
2461.2 126778.43
2462.4 126837.27
2463.6 126896.11
2464.8 126954.94
2466.0 127013.78
2467.2 127072.62
2468.4 127131.46
2469.6 127190.29
2470.8 127249.13
2472.0 127307.97
2473.2 127366.81
2474.4 127425.65
2475.6 127484.48
2476.8 127543.32
2478.0 127602.16
2479.2 127661.0
2480.4 127719.83
2481.6 127778.67
2482.8 127837.51
2484.0 127896.35
2485.2 127955.19
2486.4 128014.02
2487.6 128072.86
2488.8 128131.7
2490.0 128190.54
2491.2 128249.37
2492.4 128308.21
2493.6 128367.05
2494.8 128425.89
2496.0 128484.73
2497.2 128543.56
2498.4 128602.4
2499.6 128661.24
2500.8 128720.08
2502.0 128778.91
2503.2 128837.75
2504.4 128896.59
2505.6 128955.43
2506.8 129014.26
2508.0 129073.1
2509.2 129131.94
2510.4 129190.78
2511.6 129249.62
2512.8 129308.45
2514.0 129367.29
2515.2 129426.13
2516.4 129484.97
2517.6 129543.8
2518.8 129602.64
2520.0 129661.48
2521.2 129720.32
2522.4 129779.15
2523.6 129837.99
2524.8 129896.83
2526.0 129955.67
2527.2 130014.51
2528.4 130073.34
2529.6 130132.18
2530.8 130191.02
2532.0 130249.86
2533.2 130308.69
2534.4 130367.53
2535.6 130426.37
2536.8 130485.21
2538.0 130544.05
2539.2 130602.88
2540.4 130661.72
2541.6 130720.56
2542.8 130779.4
2544.0 130838.23
2545.2 130897.07
2546.4 130955.91
2547.6 131014.75
2548.8 131073.59
2550.0 131132.42
2551.2 131191.26
2552.4 131250.1
2553.6 131308.94
2554.8 131367.77
2556.0 131426.61
2557.2 131485.45
2558.4 131544.29
2559.6 131603.12
2560.8 131661.96
2562.0 131720.8
2563.2 131779.64
2564.4 131838.48
2565.6 131897.31
2566.8 131956.15
2568.0 132014.99
2569.2 132073.83
2570.4 132132.66
2571.6 132191.5
2572.8 132250.34
2574.0 132309.18
2575.2 132368.01
2576.4 132426.85
2577.6 132485.69
2578.8 132544.53
2580.0 132603.37
2581.2 132662.2
2582.4 132721.04
2583.6 132779.88
2584.8 132838.72
2586.0 132897.55
2587.2 132956.39
2588.4 133015.23
2589.6 133074.07
2590.8 133132.9
2592.0 133191.74
2593.2 133250.58
2594.4 133309.42
2595.6 133368.25
2596.8 133427.09
2598.0 133485.93
2599.2 133544.77
2600.4 133603.6
2601.6 133662.44
2602.8 133721.28
2604.0 133780.12
2605.2 133838.95
2606.4 133897.79
2607.6 133956.63
2608.8 134015.47
2610.0 134074.31
2611.2 134133.14
2612.4 134191.98
2613.6 134250.82
2614.8 134309.66
2616.0 134368.49
2617.2 134427.33
2618.4 134486.17
2619.6 134545.01
2620.8 134603.84
2622.0 134662.68
2623.2 134721.52
2624.4 134780.35
2625.6 134839.19
2626.8 134898.03
2628.0 134956.87
2629.2 135015.7
2630.4 135074.54
2631.6 135133.38
2632.8 135192.22
2634.0 135251.05
2635.2 135309.89
2636.4 135368.73
2637.6 135427.57
2638.8 135486.4
2640.0 135545.24
2641.2 135604.08
2642.4 135662.92
2643.6 135721.75
2644.8 135780.59
2646.0 135839.43
2647.2 135898.27
2648.4 135957.1
2649.6 136015.94
2650.8 136074.78
2652.0 136133.62
2653.2 136192.45
2654.4 136251.29
2655.6 136310.13
2656.8 136368.97
2658.0 136427.8
2659.2 136486.64
2660.4 136545.48
2661.6 136604.32
2662.8 136663.15
2664.0 136721.99
2665.2 136780.83
2666.4 136839.67
2667.6 136898.5
2668.8 136957.34
2670.0 137016.18
2671.2 137075.02
2672.4 137133.85
2673.6 137192.69
2674.8 137251.53
2676.0 137310.37
2677.2 137369.2
2678.4 137428.04
2679.6 137486.88
2680.8 137545.72
2682.0 137604.56
2683.2 137663.39
2684.4 137722.23
2685.6 137781.07
2686.8 137839.91
2688.0 137898.74
2689.2 137957.58
2690.4 138016.42
2691.6 138075.26
2692.8 138134.09
2694.0 138192.93
2695.2 138251.77
2696.4 138310.61
2697.6 138369.44
2698.8 138428.28
2700.0 138487.12
2701.2 138545.96
2702.4 138604.79
2703.6 138663.63
2704.8 138722.47
2706.0 138781.31
2707.2 138840.14
2708.4 138898.98
2709.6 138957.82
2710.8 139016.66
2712.0 139075.5
2713.2 139134.33
2714.4 139193.17
2715.6 139252.01
2716.8 139310.85
2718.0 139369.68
2719.2 139428.52
2720.4 139487.36
2721.6 139546.2
2722.8 139605.04
2724.0 139663.87
2725.2 139722.71
2726.4 139781.55
2727.6 139840.39
2728.8 139899.22
2730.0 139958.06
2731.2 140016.9
2732.4 140075.74
2733.6 140134.57
2734.8 140193.41
2736.0 140252.25
2737.2 140311.09
2738.4 140369.92
2739.6 140428.76
2740.8 140487.6
2742.0 140546.44
2743.2 140605.28
2744.4 140664.11
2745.6 140722.95
2746.8 140781.79
2748.0 140840.63
2749.2 140899.46
2750.4 140958.3
2751.6 141017.14
2752.8 141075.98
2754.0 141134.81
2755.2 141193.65
2756.4 141252.49
2757.6 141311.33
2758.8 141370.16
2760.0 141429.0
2761.2 141487.84
2762.4 141546.68
2763.6 141605.51
2764.8 141664.35
2766.0 141723.19
2767.2 141782.03
2768.4 141840.86
2769.6 141899.7
2770.8 141958.54
2772.0 142017.38
2773.2 142076.22
2774.4 142135.05
2775.6 142193.89
2776.8 142252.73
2778.0 142311.57
2779.2 142370.4
2780.4 142429.24
2781.6 142488.08
2782.8 142546.92
2784.0 142605.75
2785.2 142664.59
2786.4 142723.43
2787.6 142782.27
2788.8 142841.1
2790.0 142899.94
2791.2 142958.78
2792.4 143017.62
2793.6 143076.45
2794.8 143135.29
2796.0 143194.13
2797.2 143252.97
2798.4 143311.81
2799.6 143370.64
2800.8 143429.48
2802.0 143488.32
2803.2 143547.16
2804.4 143605.99
2805.6 143664.83
2806.8 143723.67
2808.0 143782.51
2809.2 143841.34
2810.4 143900.18
2811.6 143959.02
2812.8 144017.86
2814.0 144076.69
2815.2 144135.53
2816.4 144194.37
2817.6 144253.21
2818.8 144312.05
2820.0 144370.88
2821.2 144429.72
2822.4 144488.56
2823.6 144547.4
2824.8 144606.23
2826.0 144665.07
2827.2 144723.91
2828.4 144782.75
2829.6 144841.59
2830.8 144900.42
2832.0 144959.26
2833.2 145018.1
2834.4 145076.94
2835.6 145135.77
2836.8 145194.61
2838.0 145253.45
2839.2 145312.29
2840.4 145371.13
2841.6 145429.96
2842.8 145488.8
2844.0 145547.64
2845.2 145606.48
2846.4 145665.31
2847.6 145724.15
2848.8 145782.99
2850.0 145841.83
2851.2 145900.66
2852.4 145959.5
2853.6 146018.34
2854.8 146077.18
2856.0 146136.02
2857.2 146194.85
2858.4 146253.69
2859.6 146312.53
2860.8 146371.37
2862.0 146430.2
2863.2 146489.04
2864.4 146547.88
2865.6 146606.72
2866.8 146665.55
2868.0 146724.39
2869.2 146783.23
2870.4 146842.07
2871.6 146900.91
2872.8 146959.74
2874.0 147018.58
2875.2 147077.42
2876.4 147136.26
2877.6 147195.09
2878.8 147253.93
2880.0 147312.77
2881.2 147371.61
2882.4 147430.44
2883.6 147489.28
2884.8 147548.12
2886.0 147606.96
2887.2 147665.79
2888.4 147724.63
2889.6 147783.47
2890.8 147842.31
2892.0 147901.14
2893.2 147959.98
2894.4 148018.82
2895.6 148077.66
2896.8 148136.5
2898.0 148195.33
2899.2 148254.17
2900.4 148313.01
2901.6 148371.85
2902.8 148430.68
2904.0 148489.52
2905.2 148548.36
2906.4 148607.2
2907.6 148666.03
2908.8 148724.87
2910.0 148783.71
2911.2 148842.55
2912.4 148901.38
2913.6 148960.22
2914.8 149019.06
2916.0 149077.9
2917.2 149136.73
2918.4 149195.57
2919.6 149254.41
2920.8 149313.25
2922.0 149372.09
2923.2 149430.92
2924.4 149489.76
2925.6 149548.6
2926.8 149607.44
2928.0 149666.27
2929.2 149725.11
2930.4 149783.95
2931.6 149842.79
2932.8 149901.62
2934.0 149960.46
2935.2 150019.3
2936.4 150078.14
2937.6 150136.98
2938.8 150195.81
2940.0 150254.65
2941.2 150313.49
2942.4 150372.33
2943.6 150431.16
2944.8 150490.0
2946.0 150548.84
2947.2 150607.68
2948.4 150666.52
2949.6 150725.35
2950.8 150784.19
2952.0 150843.03
2953.2 150901.87
2954.4 150960.7
2955.6 151019.54
2956.8 151078.38
2958.0 151137.22
2959.2 151196.06
2960.4 151254.89
2961.6 151313.73
2962.8 151372.57
2964.0 151431.41
2965.2 151490.25
2966.4 151549.08
2967.6 151607.92
2968.8 151666.76
2970.0 151725.6
2971.2 151784.43
2972.4 151843.27
2973.6 151902.11
2974.8 151960.95
2976.0 152019.78
2977.2 152078.62
2978.4 152137.46
2979.6 152196.3
2980.8 152255.14
2982.0 152313.97
2983.2 152372.81
2984.4 152431.65
2985.6 152490.49
2986.8 152549.32
2988.0 152608.16
2989.2 152667.0
2990.4 152725.84
2991.6 152784.68
2992.8 152843.51
2994.0 152902.35
2995.2 152961.19
2996.4 153020.03
2997.6 153078.86
2998.8 153137.7
3000.0 153196.54
3001.2 153255.38
3002.4 153314.22
3003.6 153373.05
3004.8 153431.89
3006.0 153490.73
3007.2 153549.57
3008.4 153608.4
3009.6 153667.24
3010.8 153726.08
3012.0 153784.92
3013.2 153843.75
3014.4 153902.59
3015.6 153961.43
3016.8 154020.27
3018.0 154079.11
3019.2 154137.94
3020.4 154196.78
3021.6 154255.62
3022.8 154314.46
3024.0 154373.29
3025.2 154432.13
3026.4 154490.97
3027.6 154549.81
3028.8 154608.65
3030.0 154667.48
3031.2 154726.32
3032.4 154785.16
3033.6 154844.0
3034.8 154902.83
3036.0 154961.67
3037.2 155020.51
3038.4 155079.35
3039.6 155138.19
3040.8 155197.02
3042.0 155255.86
3043.2 155314.7
3044.4 155373.54
3045.6 155432.37
3046.8 155491.21
3048.0 155550.05
3049.2 155608.89
3050.4 155667.72
3051.6 155726.56
3052.8 155785.4
3054.0 155844.24
3055.2 155903.08
3056.4 155961.91
3057.6 156020.75
3058.8 156079.59
3060.0 156138.43
3061.2 156197.26
3062.4 156256.1
3063.6 156314.94
3064.8 156373.78
3066.0 156432.61
3067.2 156491.45
3068.4 156550.29
3069.6 156609.13
3070.8 156667.97
3072.0 156726.8
3073.2 156785.64
3074.4 156844.48
3075.6 156903.32
3076.8 156962.15
3078.0 157020.99
3079.2 157079.83
3080.4 157138.67
3081.6 157197.5
3082.8 157256.34
3084.0 157315.18
3085.2 157374.02
3086.4 157432.85
3087.6 157491.69
3088.8 157550.53
3090.0 157609.37
3091.2 157668.2
3092.4 157727.04
3093.6 157785.88
3094.8 157844.72
3096.0 157903.55
3097.2 157962.39
3098.4 158021.23
3099.6 158080.07
3100.8 158138.9
3102.0 158197.74
3103.2 158256.58
3104.4 158315.42
3105.6 158374.26
3106.8 158433.09
3108.0 158491.93
3109.2 158550.77
3110.4 158609.61
3111.6 158668.44
3112.8 158727.28
3114.0 158786.12
3115.2 158844.96
3116.4 158903.79
3117.6 158962.63
3118.8 159021.47
3120.0 159080.31
3121.2 159139.14
3122.4 159197.98
3123.6 159256.82
3124.8 159315.66
3126.0 159374.49
3127.2 159433.33
3128.4 159492.17
3129.6 159551.01
3130.8 159609.84
3132.0 159668.68
3133.2 159727.52
3134.4 159786.36
3135.6 159845.19
3136.8 159904.03
3138.0 159962.87
3139.2 160021.71
3140.4 160080.54
3141.6 160139.38
3142.8 160198.22
3144.0 160257.06
3145.2 160315.89
3146.4 160374.73
3147.6 160433.57
3148.8 160492.41
3150.0 160551.24
3151.2 160610.08
3152.4 160668.92
3153.6 160727.76
3154.8 160786.59
3156.0 160845.43
3157.2 160904.27
3158.4 160963.11
3159.6 161021.94
3160.8 161080.78
3162.0 161139.62
3163.2 161198.46
3164.4 161257.29
3165.6 161316.13
3166.8 161374.97
3168.0 161433.81
3169.2 161492.64
3170.4 161551.48
3171.6 161610.32
3172.8 161669.16
3174.0 161727.99
3175.2 161786.83
3176.4 161845.67
3177.6 161904.51
3178.8 161963.34
3180.0 162022.18
3181.2 162081.02
3182.4 162139.86
3183.6 162198.69
3184.8 162257.53
3186.0 162316.37
3187.2 162375.21
3188.4 162434.04
3189.6 162492.88
3190.8 162551.72
3192.0 162610.56
3193.2 162669.39
3194.4 162728.23
3195.6 162787.07
3196.8 162845.91
3198.0 162904.74
3199.2 162963.58
3200.4 163022.42
3201.6 163081.26
3202.8 163140.09
3204.0 163198.93
3205.2 163257.77
3206.4 163316.61
3207.6 163375.44
3208.8 163434.28
3210.0 163493.12
3211.2 163551.96
3212.4 163610.79
3213.6 163669.63
3214.8 163728.47
3216.0 163787.31
3217.2 163846.14
3218.4 163904.98
3219.6 163963.82
3220.8 164022.66
3222.0 164081.49
3223.2 164140.33
3224.4 164199.17
3225.6 164258.01
3226.8 164316.84
3228.0 164375.68
3229.2 164434.52
3230.4 164493.36
3231.6 164552.19
3232.8 164611.03
3234.0 164669.87
3235.2 164728.71
3236.4 164787.54
3237.6 164846.38
3238.8 164905.22
3240.0 164964.06
3241.2 165022.9
3242.4 165081.73
3243.6 165140.57
3244.8 165199.41
3246.0 165258.25
3247.2 165317.08
3248.4 165375.92
3249.6 165434.76
3250.8 165493.6
3252.0 165552.43
3253.2 165611.27
3254.4 165670.11
3255.6 165728.95
3256.8 165787.79
3258.0 165846.62
3259.2 165905.46
3260.4 165964.3
3261.6 166023.14
3262.8 166081.97
3264.0 166140.81
3265.2 166199.65
3266.4 166258.49
3267.6 166317.32
3268.8 166376.16
3270.0 166435.0
3271.2 166493.84
3272.4 166552.68
3273.6 166611.51
3274.8 166670.35
3276.0 166729.19
3277.2 166788.03
3278.4 166846.86
3279.6 166905.7
3280.8 166964.54
3282.0 167023.38
3283.2 167082.22
3284.4 167141.05
3285.6 167199.89
3286.8 167258.73
3288.0 167317.57
3289.2 167376.4
3290.4 167435.24
3291.6 167494.08
3292.8 167552.92
3294.0 167611.76
3295.2 167670.59
3296.4 167729.43
3297.6 167788.27
3298.8 167847.11
3300.0 167905.94
3301.2 167964.78
3302.4 168023.62
3303.6 168082.46
3304.8 168141.29
3306.0 168200.13
3307.2 168258.97
3308.4 168317.81
3309.6 168376.64
3310.8 168435.48
3312.0 168494.32
3313.2 168553.16
3314.4 168611.99
3315.6 168670.83
3316.8 168729.67
3318.0 168788.51
3319.2 168847.35
3320.4 168906.18
3321.6 168965.02
3322.8 169023.86
3324.0 169082.7
3325.2 169141.53
3326.4 169200.37
3327.6 169259.21
3328.8 169318.05
3330.0 169376.88
3331.2 169435.72
3332.4 169494.56
3333.6 169553.4
3334.8 169612.23
3336.0 169671.07
3337.2 169729.91
3338.4 169788.75
3339.6 169847.58
3340.8 169906.42
3342.0 169965.26
3343.2 170024.1
3344.4 170082.93
3345.6 170141.77
3346.8 170200.61
3348.0 170259.45
3349.2 170318.28
3350.4 170377.12
3351.6 170435.96
3352.8 170494.8
3354.0 170553.63
3355.2 170612.47
3356.4 170671.31
3357.6 170730.15
3358.8 170788.98
3360.0 170847.82
3361.2 170906.66
3362.4 170965.5
3363.6 171024.33
3364.8 171083.17
3366.0 171142.01
3367.2 171200.85
3368.4 171259.69
3369.6 171318.52
3370.8 171377.36
3372.0 171436.2
3373.2 171495.04
3374.4 171553.87
3375.6 171612.71
3376.8 171671.55
3378.0 171730.38
3379.2 171789.22
3380.4 171848.06
3381.6 171906.9
3382.8 171965.73
3384.0 172024.57
3385.2 172083.41
3386.4 172142.25
3387.6 172201.08
3388.8 172259.92
3390.0 172318.76
3391.2 172377.6
3392.4 172436.43
3393.6 172495.27
3394.8 172554.11
3396.0 172612.95
3397.2 172671.78
3398.4 172730.62
3399.6 172789.46
3400.8 172848.3
3402.0 172907.13
3403.2 172965.97
3404.4 173024.81
3405.6 173083.65
3406.8 173142.48
3408.0 173201.32
3409.2 173260.16
3410.4 173319.0
3411.6 173377.83
3412.8 173436.67
3414.0 173495.51
3415.2 173554.35
3416.4 173613.18
3417.6 173672.02
3418.8 173730.86
3420.0 173789.7
3421.2 173848.53
3422.4 173907.37
3423.6 173966.21
3424.8 174025.05
3426.0 174083.88
3427.2 174142.72
3428.4 174201.56
3429.6 174260.4
3430.8 174319.23
3432.0 174378.07
3433.2 174436.91
3434.4 174495.75
3435.6 174554.58
3436.8 174613.42
3438.0 174672.26
3439.2 174731.1
3440.4 174789.93
3441.6 174848.77
3442.8 174907.61
3444.0 174966.45
3445.2 175025.28
3446.4 175084.12
3447.6 175142.96
3448.8 175201.8
3450.0 175260.63
3451.2 175319.47
3452.4 175378.31
3453.6 175437.15
3454.8 175495.98
3456.0 175554.82
3457.2 175613.66
3458.4 175672.5
3459.6 175731.33
3460.8 175790.17
3462.0 175849.01
3463.2 175907.85
3464.4 175966.69
3465.6 176025.52
3466.8 176084.36
3468.0 176143.2
3469.2 176202.04
3470.4 176260.87
3471.6 176319.71
3472.8 176378.55
3474.0 176437.39
3475.2 176496.22
3476.4 176555.06
3477.6 176613.9
3478.8 176672.74
3480.0 176731.57
3481.2 176790.41
3482.4 176849.25
3483.6 176908.09
3484.8 176966.92
3486.0 177025.76
3487.2 177084.6
3488.4 177143.44
3489.6 177202.28
3490.8 177261.11
3492.0 177319.95
3493.2 177378.79
3494.4 177437.63
3495.6 177496.46
3496.8 177555.3
3498.0 177614.14
3499.2 177672.98
3500.4 177731.81
3501.6 177790.65
3502.8 177849.49
3504.0 177908.33
3505.2 177967.16
3506.4 178026.0
3507.6 178084.84
3508.8 178143.68
3510.0 178202.51
3511.2 178261.35
3512.4 178320.19
3513.6 178379.03
3514.8 178437.87
3516.0 178496.7
3517.2 178555.54
3518.4 178614.38
3519.6 178673.22
3520.8 178732.05
3522.0 178790.89
3523.2 178849.73
3524.4 178908.57
3525.6 178967.4
3526.8 179026.24
3528.0 179085.08
3529.2 179143.92
3530.4 179202.76
3531.6 179261.59
3532.8 179320.43
3534.0 179379.27
3535.2 179438.11
3536.4 179496.94
3537.6 179555.78
3538.8 179614.62
3540.0 179673.46
3541.2 179732.29
3542.4 179791.13
3543.6 179849.97
3544.8 179908.81
3546.0 179967.64
3547.2 180026.48
3548.4 180085.32
3549.6 180144.16
3550.8 180202.99
3552.0 180261.83
3553.2 180320.67
3554.4 180379.51
3555.6 180438.34
3556.8 180497.18
3558.0 180556.02
3559.2 180614.86
3560.4 180673.7
3561.6 180732.53
3562.8 180791.37
3564.0 180850.21
3565.2 180909.05
3566.4 180967.88
3567.6 181026.72
3568.8 181085.56
3570.0 181144.4
3571.2 181203.23
3572.4 181262.07
3573.6 181320.91
3574.8 181379.75
3576.0 181438.59
3577.2 181497.42
3578.4 181556.26
3579.6 181615.1
3580.8 181673.94
3582.0 181732.77
3583.2 181791.61
3584.4 181850.45
3585.6 181909.29
3586.8 181968.13
3588.0 182026.96
3589.2 182085.8
3590.4 182144.64
3591.6 182203.48
3592.8 182262.31
3594.0 182321.15
3595.2 182379.99
3596.4 182438.83
3597.6 182497.67
3598.8 182556.5
3600.0 182615.34
3601.2 182674.18
3602.4 182733.02
3603.6 182791.85
3604.8 182850.69
3606.0 182909.53
3607.2 182968.37
3608.4 183027.2
3609.6 183086.04
3610.8 183144.88
3612.0 183203.72
3613.2 183262.56
3614.4 183321.39
3615.6 183380.23
3616.8 183439.07
3618.0 183497.91
3619.2 183556.75
3620.4 183615.58
3621.6 183674.42
3622.8 183733.26
3624.0 183792.1
3625.2 183850.94
3626.4 183909.77
3627.6 183968.61
3628.8 184027.45
3630.0 184086.29
3631.2 184145.13
3632.4 184203.96
3633.6 184262.8
3634.8 184321.64
3636.0 184380.48
3637.2 184439.31
3638.4 184498.15
3639.6 184556.99
3640.8 184615.83
3642.0 184674.67
3643.2 184733.5
3644.4 184792.34
3645.6 184851.18
3646.8 184910.02
3648.0 184968.86
3649.2 185027.69
3650.4 185086.53
3651.6 185145.37
3652.8 185204.21
3654.0 185263.05
3655.2 185321.88
3656.4 185380.72
3657.6 185439.56
3658.8 185498.4
3660.0 185557.23
3661.2 185616.07
3662.4 185674.91
3663.6 185733.75
3664.8 185792.59
3666.0 185851.42
3667.2 185910.26
3668.4 185969.1
3669.6 186027.94
3670.8 186086.77
3672.0 186145.61
3673.2 186204.45
3674.4 186263.29
3675.6 186322.13
3676.8 186380.96
3678.0 186439.8
3679.2 186498.64
3680.4 186557.48
3681.6 186616.31
3682.8 186675.15
3684.0 186733.99
3685.2 186792.83
3686.4 186851.67
3687.6 186910.5
3688.8 186969.34
3690.0 187028.18
3691.2 187087.02
3692.4 187145.85
3693.6 187204.69
3694.8 187263.53
3696.0 187322.37
3697.2 187381.21
3698.4 187440.04
3699.6 187498.88
3700.8 187557.72
3702.0 187616.56
3703.2 187675.39
3704.4 187734.23
3705.6 187793.07
3706.8 187851.91
3708.0 187910.75
3709.2 187969.58
3710.4 188028.42
3711.6 188087.26
3712.8 188146.1
3714.0 188204.93
3715.2 188263.77
3716.4 188322.61
3717.6 188381.45
3718.8 188440.29
3720.0 188499.12
3721.2 188557.96
3722.4 188616.8
3723.6 188675.64
3724.8 188734.47
3726.0 188793.31
3727.2 188852.15
3728.4 188910.99
3729.6 188969.82
3730.8 189028.66
3732.0 189087.5
3733.2 189146.34
3734.4 189205.17
3735.6 189264.01
3736.8 189322.85
3738.0 189381.69
3739.2 189440.53
3740.4 189499.36
3741.6 189558.2
3742.8 189617.04
3744.0 189675.88
3745.2 189734.71
3746.4 189793.55
3747.6 189852.39
3748.8 189911.23
3750.0 189970.06
3751.2 190028.9
3752.4 190087.74
3753.6 190146.58
3754.8 190205.41
3756.0 190264.25
3757.2 190323.09
3758.4 190381.93
3759.6 190440.77
3760.8 190499.6
3762.0 190558.44
3763.2 190617.28
3764.4 190676.12
3765.6 190734.95
3766.8 190793.79
3768.0 190852.63
3769.2 190911.47
3770.4 190970.3
3771.6 191029.14
3772.8 191087.98
3774.0 191146.82
3775.2 191205.65
3776.4 191264.49
3777.6 191323.33
3778.8 191382.17
3780.0 191441.0
3781.2 191499.84
3782.4 191558.68
3783.6 191617.52
3784.8 191676.36
3786.0 191735.19
3787.2 191794.03
3788.4 191852.87
3789.6 191911.71
3790.8 191970.54
3792.0 192029.38
3793.2 192088.22
3794.4 192147.06
3795.6 192205.89
3796.8 192264.73
3798.0 192323.57
3799.2 192382.41
3800.4 192441.24
3801.6 192500.08
3802.8 192558.92
3804.0 192617.76
3805.2 192676.59
3806.4 192735.43
3807.6 192794.27
3808.8 192853.11
3810.0 192911.95
3811.2 192970.78
3812.4 193029.62
3813.6 193088.46
3814.8 193147.3
3816.0 193206.13
3817.2 193264.97
3818.4 193323.81
3819.6 193382.65
3820.8 193441.48
3822.0 193500.32
3823.2 193559.16
3824.4 193618.0
3825.6 193676.83
3826.8 193735.67
3828.0 193794.51
3829.2 193853.35
3830.4 193912.19
3831.6 193971.02
3832.8 194029.86
3834.0 194088.7
3835.2 194147.54
3836.4 194206.37
3837.6 194265.21
3838.8 194324.05
3840.0 194382.89
3841.2 194441.73
3842.4 194500.56
3843.6 194559.4
3844.8 194618.24
3846.0 194677.08
3847.2 194735.91
3848.4 194794.75
3849.6 194853.59
3850.8 194912.43
3852.0 194971.27
3853.2 195030.1
3854.4 195088.94
3855.6 195147.78
3856.8 195206.62
3858.0 195265.45
3859.2 195324.29
3860.4 195383.13
3861.6 195441.97
3862.8 195500.81
3864.0 195559.64
3865.2 195618.48
3866.4 195677.32
3867.6 195736.16
3868.8 195795.0
3870.0 195853.83
3871.2 195912.67
3872.4 195971.51
3873.6 196030.35
3874.8 196089.18
3876.0 196148.02
3877.2 196206.86
3878.4 196265.7
3879.6 196324.54
3880.8 196383.37
3882.0 196442.21
3883.2 196501.05
3884.4 196559.89
3885.6 196618.73
3886.8 196677.56
3888.0 196736.4
3889.2 196795.24
3890.4 196854.08
3891.6 196912.91
3892.8 196971.75
3894.0 197030.59
3895.2 197089.43
3896.4 197148.27
3897.6 197207.1
3898.8 197265.94
3900.0 197324.78
3901.2 197383.62
3902.4 197442.46
3903.6 197501.29
3904.8 197560.13
3906.0 197618.97
3907.2 197677.81
3908.4 197736.64
3909.6 197795.48
3910.8 197854.32
3912.0 197913.16
3913.2 197972.0
3914.4 198030.83
3915.6 198089.67
3916.8 198148.51
3918.0 198207.35
3919.2 198266.18
3920.4 198325.02
3921.6 198383.86
3922.8 198442.7
3924.0 198501.53
3925.2 198560.37
3926.4 198619.21
3927.6 198678.05
3928.8 198736.89
3930.0 198795.72
3931.2 198854.56
3932.4 198913.4
3933.6 198972.24
3934.8 199031.07
3936.0 199089.91
3937.2 199148.75
3938.4 199207.59
3939.6 199266.42
3940.8 199325.26
3942.0 199384.1
3943.2 199442.94
3944.4 199501.78
3945.6 199560.61
3946.8 199619.45
3948.0 199678.29
3949.2 199737.13
3950.4 199795.96
3951.6 199854.8
3952.8 199913.64
3954.0 199972.48
3955.2 200031.32
3956.4 200090.15
3957.6 200148.99
3958.8 200207.83
3960.0 200266.67
3961.2 200325.5
3962.4 200384.34
3963.6 200443.18
3964.8 200502.02
3966.0 200560.86
3967.2 200619.69
3968.4 200678.53
3969.6 200737.37
3970.8 200796.21
3972.0 200855.04
3973.2 200913.88
3974.4 200972.72
3975.6 201031.56
3976.8 201090.39
3978.0 201149.23
3979.2 201208.07
3980.4 201266.91
3981.6 201325.75
3982.8 201384.58
3984.0 201443.42
3985.2 201502.26
3986.4 201561.1
3987.6 201619.93
3988.8 201678.77
3990.0 201737.61
3991.2 201796.45
3992.4 201855.28
3993.6 201914.12
3994.8 201972.96
3996.0 202031.8
3997.2 202090.64
3998.4 202149.47
3999.6 202208.31
