0.0 4865.41
1.2 3719.3
2.4 2878.54
3.6 2265.46
4.8 1818.36
6.0 1497.5
7.2 1273.42
8.4 1119.44
9.6 1016.55
10.8 955.19
12.0 921.22
13.2 909.72
14.4 917.91
15.6 933.75
16.8 960.11
18.0 991.31
19.2 1030.12
20.4 1068.39
21.6 1111.03
22.8 1152.97
24.0 1196.41
25.2 1238.61
26.4 1281.77
27.6 1325.24
28.8 1371.16
30.0 1415.28
31.2 1460.82
32.4 1506.01
33.6 1549.1
34.8 1592.76
36.0 1635.13
37.2 1679.45
38.4 1721.5
39.6 1762.16
40.8 1803.59
42.0 1845.53
43.2 1886.77
44.4 1923.31
45.6 1961.13
46.8 1998.75
48.0 2034.4
49.2 2072.46
50.4 2110.65
51.6 2149.02
52.8 2184.74
54.0 2219.74
55.2 2256.02
56.4 2289.97
57.6 2324.32
58.8 2357.22
60.0 2394.05
61.2 2423.86
62.4 2457.37
63.6 2488.67
64.8 2521.89
66.0 2552.36
67.2 2582.51
68.4 2613.76
69.6 2644.84
70.8 2672.07
72.0 2699.05
73.2 2733.02
74.4 2761.74
75.6 2790.72
76.8 2816.83
78.0 2843.84
79.2 2873.62
80.4 2899.71
81.6 2927.45
82.8 2954.06
84.0 2980.4
85.2 3003.91
86.4 3028.69
87.6 3053.58
88.8 3078.4
90.0 3103.75
91.2 3128.69
92.4 3151.91
93.6 3176.81
94.8 3200.84
96.0 3223.35
97.2 3244.19
98.4 3267.81
99.6 3291.63
100.8 3314.42
102.0 3334.83
103.2 3357.02
104.4 3378.6
105.6 3399.79
106.8 3418.69
108.0 3438.79
109.2 3459.04
110.4 3477.16
111.6 3498.8
112.8 3517.71
114.0 3536.59
115.2 3552.87
116.4 3569.9
117.6 3588.41
118.8 3605.39
120.0 3625.82
121.2 3642.96
122.4 3662.43
123.6 3678.0
124.8 3696.42
126.0 3713.64
127.2 3730.47
128.4 3746.62
129.6 3760.67
130.8 3776.58
132.0 3792.03
133.2 3807.41
134.4 3822.12
135.6 3839.01
136.8 3854.64
138.0 3869.07
139.2 3883.72
140.4 3897.27
141.6 3909.52
142.8 3925.26
144.0 3938.63
145.2 3956.26
146.4 3971.66
147.6 3983.01
148.8 3994.49
150.0 4007.97
151.2 4021.12
152.4 4033.9
153.6 4046.64
154.8 4059.55
156.0 4069.78
157.2 4081.41
158.4 4093.77
159.6 4103.76
160.8 4115.19
162.0 4125.21
163.2 4136.98
164.4 4150.35
165.6 4162.05
166.8 4174.9
168.0 4187.1
169.2 4196.89
170.4 4210.03
171.6 4219.89
172.8 4230.85
174.0 4240.09
175.2 4250.55
176.4 4260.09
177.6 4268.84
178.8 4276.9
180.0 4284.92
181.2 4294.58
182.4 4303.98
183.6 4313.08
184.8 4324.82
186.0 4335.16
187.2 4340.53
188.4 4349.21
189.6 4358.46
190.8 4367.49
192.0 4379.81
193.2 4388.42
194.4 4395.21
195.6 4401.92
196.8 4408.88
198.0 4417.24
199.2 4422.24
200.4 4428.7
201.6 4435.49
202.8 4442.81
204.0 4452.28
205.2 4461.71
206.4 4469.36
207.6 4475.34
208.8 4485.48
210.0 4493.32
211.2 4498.88
212.4 4507.91
213.6 4514.56
214.8 4519.95
216.0 4527.06
217.2 4532.23
218.4 4538.87
219.6 4544.64
220.8 4550.93
222.0 4556.22
223.2 4564.12
224.4 4567.92
225.6 4571.05
226.8 4574.79
228.0 4582.95
229.2 4586.38
230.4 4595.72
231.6 4600.72
232.8 4604.14
234.0 4611.18
235.2 4617.12
236.4 4624.55
237.6 4629.74
238.8 4630.95
240.0 4637.49
241.2 4643.97
242.4 4649.48
243.6 4656.79
244.8 4659.04
246.0 4664.4
247.2 4670.81
248.4 4674.58
249.6 4677.83
250.8 4679.26
252.0 4682.85
253.2 4688.89
254.4 4691.22
255.6 4696.6
256.8 4702.56
258.0 4706.49
259.2 4710.75
260.4 4717.69
261.6 4719.11
262.8 4722.46
264.0 4727.29
265.2 4731.83
266.4 4736.0
267.6 4741.11
268.8 4742.36
270.0 4745.18
271.2 4749.03
272.4 4753.98
273.6 4757.41
274.8 4761.98
276.0 4764.41
277.2 4769.89
278.4 4771.38
279.6 4778.32
280.8 4782.12
282.0 4787.51
283.2 4791.16
284.4 4790.89
285.6 4793.65
286.8 4799.81
288.0 4803.69
289.2 4805.77
290.4 4807.33
291.6 4808.73
292.8 4809.03
294.0 4811.75
295.2 4815.33
296.4 4815.92
297.6 4820.23
298.8 4822.49
300.0 4827.23
301.2 4830.16
302.4 4832.12
303.6 4835.0
304.8 4837.91
306.0 4841.56
307.2 4844.46
308.4 4847.6
309.6 4850.43
310.8 4852.99
312.0 4851.5
313.2 4854.85
314.4 4856.36
315.6 4856.66
316.8 4859.53
318.0 4864.12
319.2 4867.45
320.4 4869.98
321.6 4871.61
322.8 4874.09
324.0 4876.21
325.2 4873.81
326.4 4876.32
327.6 4879.09
328.8 4883.52
330.0 4885.25
331.2 4888.75
332.4 4888.86
333.6 4892.85
334.8 4895.03
336.0 4898.21
337.2 4900.62
338.4 4899.34
339.6 4899.32
340.8 4899.37
342.0 4900.37
343.2 4904.41
344.4 4909.33
345.6 4911.06
346.8 4913.69
348.0 4914.37
349.2 4912.6
350.4 4913.6
351.6 4915.17
352.8 4919.73
354.0 4921.25
355.2 4923.77
356.4 4923.37
357.6 4924.37
358.8 4925.78
360.0 4926.88
361.2 4928.23
362.4 4930.94
363.6 4931.91
364.8 4932.01
366.0 4935.31
367.2 4935.52
368.4 4938.33
369.6 4940.8
370.8 4943.38
372.0 4942.82
373.2 4942.71
374.4 4941.93
375.6 4945.33
376.8 4948.5
378.0 4949.49
379.2 4949.04
380.4 4950.02
381.6 4953.57
382.8 4955.75
384.0 4956.59
385.2 4957.88
386.4 4956.54
387.6 4956.03
388.8 4956.41
390.0 4956.79
391.2 4958.7
392.4 4959.68
393.6 4963.23
394.8 4964.92
396.0 4965.27
397.2 4965.01
398.4 4964.93
399.6 4966.3
400.8 4967.17
402.0 4972.09
403.2 4972.94
404.4 4971.95
405.6 4971.57
406.8 4972.04
408.0 4970.63
409.2 4972.88
410.4 4971.92
411.6 4975.2
412.8 4975.47
414.0 4980.0
415.2 4979.83
416.4 4980.01
417.6 4980.68
418.8 4984.93
420.0 4986.17
421.2 4984.98
422.4 4985.05
423.6 4986.87
424.8 4986.39
426.0 4986.03
427.2 4987.97
428.4 4987.66
429.6 4987.77
430.8 4987.67
432.0 4990.11
433.2 4989.81
434.4 4989.72
435.6 4991.93
436.8 4990.17
438.0 4991.87
439.2 4994.2
440.4 4991.79
441.6 4993.9
442.8 4996.11
444.0 4998.26
445.2 4998.27
446.4 4999.88
447.6 4999.05
448.8 4998.23
450.0 4999.66
451.2 4999.81
452.4 5003.26
453.6 5001.84
454.8 5001.07
456.0 5001.72
457.2 4999.89
458.4 4999.16
459.6 4996.69
460.8 4999.69
462.0 4999.82
463.2 4999.47
464.4 5001.9
465.6 4999.89
466.8 5000.59
468.0 5001.29
469.2 5002.69
470.4 5004.51
471.6 5005.84
472.8 5006.56
474.0 5006.37
475.2 5009.82
476.4 5008.64
477.6 5008.99
478.8 5009.6
480.0 5011.41
481.2 5011.27
482.4 5010.02
483.6 5009.33
484.8 5011.09
486.0 5010.42
487.2 5011.23
488.4 5009.59
489.6 5013.41
490.8 5014.53
492.0 5017.48
493.2 5015.65
494.4 5015.12
495.6 5017.99
496.8 5016.28
498.0 5017.18
499.2 5015.82
500.4 5016.58
501.6 5016.52
502.8 5016.43
504.0 5014.54
505.2 5017.15
506.4 5018.37
507.6 5019.93
508.8 5019.57
510.0 5019.91
511.2 5020.25
512.4 5019.85
513.6 5019.49
514.8 5019.01
516.0 5018.48
517.2 5018.7
518.4 5017.52
519.6 5018.99
520.8 5019.14
522.0 5019.1
523.2 5017.76
524.4 5020.83
525.6 5023.77
526.8 5027.56
528.0 5024.31
529.2 5025.7
530.4 5024.69
531.6 5024.74
532.8 5024.5
534.0 5026.4
535.2 5022.84
536.4 5021.52
537.6 5023.43
538.8 5026.51
540.0 5027.84
541.2 5028.42
542.4 5030.01
543.6 5029.38
544.8 5030.29
546.0 5030.12
547.2 5030.53
548.4 5031.1
549.6 5028.99
550.8 5028.44
552.0 5028.73
553.2 5028.4
554.4 5026.01
555.6 5025.99
556.8 5027.07
558.0 5028.26
559.2 5027.57
560.4 5028.57
561.6 5028.82
562.8 5028.85
564.0 5029.28
565.2 5030.84
566.4 5030.55
567.6 5031.25
568.8 5029.66
570.0 5030.11
571.2 5029.02
572.4 5030.58
573.6 5029.66
574.8 5028.15
576.0 5029.32
577.2 5030.12
578.4 5033.58
579.6 5032.23
580.8 5030.51
582.0 5032.6
583.2 5035.11
584.4 5035.2
585.6 5032.87
586.8 5036.47
588.0 5033.75
589.2 5032.18
590.4 5032.19
591.6 5033.2
592.8 5031.79
594.0 5029.14
595.2 5032.31
596.4 5034.16
597.6 5032.61
598.8 5032.38
600.0 5032.39
601.2 5033.68
602.4 5031.96
603.6 5031.44
604.8 5032.27
606.0 5034.02
607.2 5035.69
608.4 5034.91
609.6 5035.76
610.8 5037.87
612.0 5038.3
613.2 5034.84
614.4 5036.75
615.6 5037.66
616.8 5035.59
618.0 5036.92
619.2 5035.91
620.4 5036.81
621.6 5036.14
622.8 5037.24
624.0 5035.1
625.2 5036.95
626.4 5035.96
627.6 5037.11
628.8 5038.34
630.0 5037.04
631.2 5036.34
632.4 5035.85
633.6 5035.19
634.8 5037.72
636.0 5041.21
637.2 5040.77
638.4 5042.15
639.6 5039.92
640.8 5039.85
642.0 5038.38
643.2 5039.11
644.4 5039.56
645.6 5039.31
646.8 5039.8
648.0 5038.63
649.2 5037.5
650.4 5037.14
651.6 5039.44
652.8 5038.23
654.0 5037.5
655.2 5039.36
656.4 5040.15
657.6 5039.05
658.8 5039.52
660.0 5039.49
661.2 5039.17
662.4 5037.41
663.6 5038.59
664.8 5039.0
666.0 5039.1
667.2 5041.76
668.4 5042.01
669.6 5041.81
670.8 5040.86
672.0 5039.6
673.2 5039.29
674.4 5037.99
675.6 5039.72
676.8 5037.45
678.0 5037.54
679.2 5038.04
680.4 5036.33
681.6 5037.24
682.8 5035.66
684.0 5037.28
685.2 5038.98
686.4 5041.92
687.6 5038.86
688.8 5038.38
690.0 5035.93
691.2 5038.74
692.4 5037.99
693.6 5038.62
694.8 5039.58
696.0 5040.35
697.2 5037.67
698.4 5040.28
699.6 5038.7
700.8 5039.91
702.0 5039.57
703.2 5040.97
704.4 5039.18
705.6 5038.41
706.8 5038.46
708.0 5039.37
709.2 5041.83
710.4 5042.04
711.6 5041.99
712.8 5042.21
714.0 5044.38
715.2 5044.71
716.4 5044.77
717.6 5043.13
718.8 5042.04
720.0 5042.54
721.2 5042.14
722.4 5040.96
723.6 5042.3
724.8 5041.24
726.0 5043.45
727.2 5041.65
728.4 5041.77
729.6 5042.7
730.8 5042.73
732.0 5042.8
733.2 5041.69
734.4 5042.06
735.6 5042.46
736.8 5044.02
738.0 5042.11
739.2 5037.9
740.4 5039.71
741.6 5038.98
742.8 5040.96
744.0 5042.23
745.2 5040.69
746.4 5039.7
747.6 5038.93
748.8 5041.33
750.0 5038.93
751.2 5038.59
752.4 5040.69
753.6 5036.88
754.8 5037.71
756.0 5036.89
757.2 5038.48
758.4 5038.29
759.6 5039.11
760.8 5042.19
762.0 5041.47
763.2 5042.74
764.4 5043.25
765.6 5041.67
766.8 5041.04
768.0 5043.0
769.2 5042.37
770.4 5042.29
771.6 5041.69
772.8 5042.52
774.0 5042.2
775.2 5044.88
776.4 5045.16
777.6 5043.91
778.8 5043.2
780.0 5041.45
781.2 5041.34
782.4 5041.52
783.6 5039.44
784.8 5039.43
786.0 5042.76
787.2 5042.34
788.4 5041.15
789.6 5042.39
790.8 5041.18
792.0 5043.03
793.2 5045.26
794.4 5043.13
795.6 5042.29
796.8 5042.18
798.0 5042.15
799.2 5041.74
800.4 5040.2
801.6 5042.49
802.8 5040.3
804.0 5039.37
805.2 5039.29
806.4 5041.65
807.6 5042.13
808.8 5043.54
810.0 5043.09
811.2 5043.56
812.4 5044.72
813.6 5044.07
814.8 5044.41
816.0 5042.85
817.2 5041.72
818.4 5039.74
819.6 5041.73
820.8 5041.18
822.0 5043.46
823.2 5042.26
824.4 5041.6
825.6 5044.95
826.8 5044.99
828.0 5045.0
829.2 5042.4
830.4 5042.61
831.6 5042.74
832.8 5043.19
834.0 5042.17
835.2 5042.77
836.4 5040.15
837.6 5040.5
838.8 5041.54
840.0 5040.71
841.2 5040.28
842.4 5041.79
843.6 5038.71
844.8 5039.44
846.0 5038.3
847.2 5037.53
848.4 5040.84
849.6 5043.15
850.8 5043.7
852.0 5043.25
853.2 5042.6
854.4 5041.56
855.6 5042.61
856.8 5039.93
858.0 5040.62
859.2 5041.77
860.4 5043.36
861.6 5042.39
862.8 5041.44
864.0 5039.96
865.2 5042.82
866.4 5043.24
867.6 5041.17
868.8 5044.22
870.0 5045.29
871.2 5045.38
872.4 5044.13
873.6 5045.08
874.8 5046.19
876.0 5050.14
877.2 5052.33
878.4 5049.32
879.6 5049.62
880.8 5049.53
882.0 5049.85
883.2 5046.63
884.4 5045.26
885.6 5046.25
886.8 5046.42
888.0 5048.44
889.2 5051.56
890.4 5049.79
891.6 5049.54
892.8 5053.73
894.0 5052.81
895.2 5050.61
896.4 5047.97
897.6 5048.79
898.8 5051.2
900.0 5050.4
901.2 5046.55
902.4 5046.86
903.6 5045.71
904.8 5044.45
906.0 5043.46
907.2 5040.94
908.4 5041.73
909.6 5041.35
910.8 5042.38
912.0 5042.75
913.2 5041.19
914.4 5042.18
915.6 5041.95
916.8 5043.58
918.0 5042.76
919.2 5044.58
920.4 5042.9
921.6 5043.96
922.8 5044.1
924.0 5043.47
925.2 5043.83
926.4 5045.92
927.6 5043.24
928.8 5042.98
930.0 5043.79
931.2 5045.19
932.4 5047.2
933.6 5045.45
934.8 5046.51
936.0 5046.28
937.2 5043.56
938.4 5044.5
939.6 5044.97
940.8 5045.85
942.0 5041.16
943.2 5044.03
944.4 5041.76
945.6 5042.58
946.8 5043.52
948.0 5040.5
949.2 5042.58
950.4 5041.07
951.6 5041.55
952.8 5044.31
954.0 5043.08
955.2 5041.13
956.4 5042.54
957.6 5043.18
958.8 5039.32
960.0 5041.59
961.2 5042.08
962.4 5043.69
963.6 5044.2
964.8 5042.28
966.0 5041.88
967.2 5041.21
968.4 5046.03
969.6 5042.78
970.8 5042.01
972.0 5041.57
973.2 5040.09
974.4 5040.34
975.6 5041.7
976.8 5042.96
978.0 5038.98
979.2 5040.76
980.4 5040.7
981.6 5041.15
982.8 5041.13
984.0 5043.37
985.2 5042.68
986.4 5042.17
987.6 5043.25
988.8 5047.38
990.0 5046.85
991.2 5050.63
992.4 5049.52
993.6 5049.71
994.8 5049.68
996.0 5047.59
997.2 5042.89
998.4 5043.33
999.6 5041.46
1000.8 5043.08
1002.0 5043.04
1003.2 5044.21
1004.4 5044.55
1005.6 5043.6
1006.8 5041.28
1008.0 5040.23
1009.2 5041.94
1010.4 5041.9
1011.6 5042.14
1012.8 5041.63
1014.0 5041.4
1015.2 5040.01
1016.4 5042.45
1017.6 5045.85
1018.8 5046.58
1020.0 5047.6
1021.2 5049.42
1022.4 5045.6
1023.6 5045.58
1024.8 5042.01
1026.0 5044.68
1027.2 5045.72
1028.4 5046.28
1029.6 5046.59
1030.8 5044.94
1032.0 5044.79
1033.2 5045.02
1034.4 5044.24
1035.6 5042.91
1036.8 5040.15
1038.0 5041.35
1039.2 5042.28
1040.4 5039.94
1041.6 5040.76
1042.8 5039.15
1044.0 5039.21
1045.2 5039.89
1046.4 5041.37
1047.6 5044.0
1048.8 5045.51
1050.0 5044.98
1051.2 5043.79
1052.4 5044.09
1053.6 5044.92
1054.8 5043.28
1056.0 5042.27
1057.2 5042.65
1058.4 5040.84
1059.6 5040.38
1060.8 5041.21
1062.0 5042.55
1063.2 5042.57
1064.4 5042.99
1065.6 5042.12
1066.8 5043.84
1068.0 5042.13
1069.2 5041.47
1070.4 5042.64
1071.6 5041.37
1072.8 5038.54
1074.0 5039.97
1075.2 5038.72
1076.4 5040.64
1077.6 5042.56
1078.8 5039.46
1080.0 5039.04
1081.2 5040.74
1082.4 5041.4
1083.6 5037.84
1084.8 5039.21
1086.0 5042.13
1087.2 5042.23
1088.4 5041.71
1089.6 5044.38
1090.8 5045.19
1092.0 5044.74
1093.2 5043.94
1094.4 5044.06
1095.6 5045.11
1096.8 5041.95
1098.0 5039.96
1099.2 5040.42
1100.4 5038.39
1101.6 5038.26
1102.8 5041.54
1104.0 5043.24
1105.2 5042.0
1106.4 5043.93
1107.6 5042.5
1108.8 5043.22
1110.0 5043.32
1111.2 5044.77
1112.4 5041.11
1113.6 5040.45
1114.8 5041.25
1116.0 5042.54
1117.2 5041.09
1118.4 5038.88
1119.6 5039.64
1120.8 5040.52
1122.0 5036.74
1123.2 5042.84
1124.4 5042.6
1125.6 5044.02
1126.8 5043.14
1128.0 5045.28
1129.2 5047.43
1130.4 5048.55
1131.6 5046.81
1132.8 5046.11
1134.0 5044.46
1135.2 5044.24
1136.4 5042.74
1137.6 5040.65
1138.8 5044.87
1140.0 5047.26
1141.2 5048.55
1142.4 5048.09
1143.6 5047.59
1144.8 5046.18
1146.0 5044.7
1147.2 5045.11
1148.4 5044.7
1149.6 5040.34
1150.8 5039.21
1152.0 5038.11
1153.2 5036.87
1154.4 5037.41
1155.6 5037.74
1156.8 5037.47
1158.0 5040.71
1159.2 5042.44
1160.4 5046.16
1161.6 5048.04
1162.8 5045.9
1164.0 5044.68
1165.2 5042.73
1166.4 5044.66
1167.6 5044.65
1168.8 5044.26
1170.0 5044.29
1171.2 5045.62
1172.4 5044.27
1173.6 5044.33
1174.8 5045.41
1176.0 5042.05
1177.2 5043.99
1178.4 5044.61
1179.6 5040.53
1180.8 5040.1
1182.0 5040.91
1183.2 5042.98
1184.4 5044.47
1185.6 5046.46
1186.8 5042.35
1188.0 5040.78
1189.2 5042.47
1190.4 5043.62
1191.6 5045.14
1192.8 5047.64
1194.0 5048.44
1195.2 5046.05
1196.4 5043.61
1197.6 5042.89
1198.8 5041.18
1200.0 5040.91
1201.2 5044.58
1202.4 5044.94
1203.6 5045.02
1204.8 5046.93
1206.0 5046.15
1207.2 5045.86
1208.4 5045.26
1209.6 5046.5
1210.8 5044.5
1212.0 5044.66
1213.2 5044.56
1214.4 5044.76
1215.6 5044.59
1216.8 5045.31
1218.0 5046.94
1219.2 5044.21
1220.4 5044.14
1221.6 5044.35
1222.8 5044.87
1224.0 5046.38
1225.2 5044.88
1226.4 5042.7
1227.6 5043.51
1228.8 5043.91
1230.0 5041.61
1231.2 5042.48
1232.4 5043.75
1233.6 5045.8
1234.8 5046.97
1236.0 5044.61
1237.2 5040.94
1238.4 5043.28
1239.6 5041.7
1240.8 5042.72
1242.0 5042.66
1243.2 5043.1
1244.4 5041.41
1245.6 5041.8
1246.8 5040.66
1248.0 5040.96
1249.2 5043.6
1250.4 5040.39
1251.6 5043.89
1252.8 5045.51
1254.0 5044.79
1255.2 5045.02
1256.4 5045.13
1257.6 5045.19
1258.8 5045.91
1260.0 5047.23
1261.2 5046.74
1262.4 5046.77
1263.6 5044.38
1264.8 5045.53
1266.0 5048.72
1267.2 5046.74
1268.4 5047.1
1269.6 5047.57
1270.8 5046.23
1272.0 5048.69
1273.2 5046.85
1274.4 5046.03
1275.6 5044.97
1276.8 5045.62
1278.0 5044.25
1279.2 5044.03
1280.4 5041.94
1281.6 5041.61
1282.8 5041.23
1284.0 5042.65
1285.2 5042.76
1286.4 5047.08
1287.6 5046.85
1288.8 5047.04
1290.0 5045.57
1291.2 5044.93
1292.4 5043.99
1293.6 5044.4
1294.8 5047.14
1296.0 5046.61
1297.2 5045.04
1298.4 5045.17
1299.6 5044.37
1300.8 5042.89
1302.0 5040.92
1303.2 5038.44
1304.4 5039.49
1305.6 5040.47
1306.8 5041.64
1308.0 5041.15
1309.2 5041.84
1310.4 5042.19
1311.6 5043.52
1312.8 5043.69
1314.0 5048.12
1315.2 5046.22
1316.4 5045.64
1317.6 5047.63
1318.8 5048.03
1320.0 5047.06
1321.2 5046.86
1322.4 5046.4
1323.6 5044.02
1324.8 5046.09
1326.0 5044.24
1327.2 5043.51
1328.4 5041.48
1329.6 5042.5
1330.8 5039.55
1332.0 5043.7
1333.2 5044.11
1334.4 5044.69
1335.6 5045.56
1336.8 5046.01
1338.0 5044.66
1339.2 5045.25
1340.4 5044.21
1341.6 5044.07
1342.8 5043.63
1344.0 5043.65
1345.2 5044.45
1346.4 5042.83
1347.6 5042.7
1348.8 5039.76
1350.0 5044.28
1351.2 5044.53
1352.4 5043.67
1353.6 5044.25
1354.8 5044.73
1356.0 5045.78
1357.2 5044.26
1358.4 5043.96
1359.6 5044.27
1360.8 5041.51
1362.0 5043.35
1363.2 5041.81
1364.4 5039.75
1365.6 5040.95
1366.8 5041.41
1368.0 5040.61
1369.2 5039.28
1370.4 5040.54
1371.6 5041.33
1372.8 5041.87
1374.0 5043.62
1375.2 5044.35
1376.4 5041.81
1377.6 5042.28
1378.8 5039.47
1380.0 5039.56
1381.2 5039.07
1382.4 5039.89
1383.6 5039.37
1384.8 5043.0
1386.0 5043.12
1387.2 5043.11
1388.4 5043.13
1389.6 5044.41
1390.8 5043.68
1392.0 5041.64
1393.2 5045.08
1394.4 5045.8
1395.6 5049.08
1396.8 5047.67
1398.0 5046.99
1399.2 5049.73
1400.4 5048.99
1401.6 5045.86
1402.8 5048.38
1404.0 5045.75
1405.2 5046.88
1406.4 5048.09
1407.6 5047.65
1408.8 5046.21
1410.0 5046.92
1411.2 5048.32
1412.4 5045.57
1413.6 5044.28
1414.8 5042.91
1416.0 5040.6
1417.2 5040.04
1418.4 5041.13
1419.6 5041.31
1420.8 5043.84
1422.0 5041.88
1423.2 5043.39
1424.4 5043.47
1425.6 5041.73
1426.8 5041.68
1428.0 5040.77
1429.2 5039.01
1430.4 5039.2
1431.6 5038.31
1432.8 5040.94
1434.0 5042.94
1435.2 5042.15
1436.4 5043.26
1437.6 5044.05
1438.8 5043.11
1440.0 5042.85
1441.2 5041.58
1442.4 5043.12
1443.6 5045.53
1444.8 5044.57
1446.0 5044.52
1447.2 5044.13
1448.4 5042.47
1449.6 5043.96
1450.8 5043.14
1452.0 5043.05
1453.2 5042.01
1454.4 5044.58
1455.6 5045.76
1456.8 5044.21
1458.0 5042.52
1459.2 5042.48
1460.4 5045.42
1461.6 5045.82
1462.8 5044.34
1464.0 5046.98
1465.2 5046.17
1466.4 5046.02
1467.6 5044.75
1468.8 5045.64
1470.0 5046.28
1471.2 5046.44
1472.4 5043.66
1473.6 5045.99
1474.8 5047.06
1476.0 5045.6
1477.2 5046.28
1478.4 5044.08
1479.6 5042.89
1480.8 5041.4
1482.0 5041.48
1483.2 5043.59
1484.4 5041.4
1485.6 5041.01
1486.8 5039.85
1488.0 5041.78
1489.2 5043.52
1490.4 5043.1
1491.6 5044.51
1492.8 5043.26
1494.0 5043.4
1495.2 5041.38
1496.4 5041.77
1497.6 5040.35
1498.8 5042.92
1500.0 5041.78
1501.2 5041.2
1502.4 5043.26
1503.6 5041.69
1504.8 5042.67
1506.0 5045.41
1507.2 5044.87
1508.4 5043.2
1509.6 5041.89
1510.8 5044.05
1512.0 5040.89
1513.2 5043.03
1514.4 5044.78
1515.6 5045.66
1516.8 5044.84
1518.0 5046.17
1519.2 5044.26
1520.4 5044.74
1521.6 5045.84
1522.8 5045.89
1524.0 5048.03
1525.2 5045.87
1526.4 5043.27
1527.6 5045.2
1528.8 5044.3
1530.0 5042.18
1531.2 5042.29
1532.4 5040.67
1533.6 5040.71
1534.8 5042.97
1536.0 5043.98
1537.2 5045.54
1538.4 5043.72
1539.6 5043.85
1540.8 5041.2
1542.0 5042.99
1543.2 5041.97
1544.4 5042.92
1545.6 5043.65
1546.8 5042.51
1548.0 5041.41
1549.2 5044.99
1550.4 5043.66
1551.6 5045.86
1552.8 5045.49
1554.0 5048.73
1555.2 5047.1
1556.4 5046.73
1557.6 5047.1
1558.8 5047.49
1560.0 5045.13
1561.2 5044.83
1562.4 5047.01
1563.6 5046.76
1564.8 5044.99
1566.0 5044.68
1567.2 5042.6
1568.4 5044.85
1569.6 5047.35
1570.8 5046.1
1572.0 5045.45
1573.2 5043.45
1574.4 5043.64
1575.6 5045.61
1576.8 5045.9
1578.0 5045.14
1579.2 5046.44
1580.4 5046.14
1581.6 5042.59
1582.8 5040.9
1584.0 5045.26
1585.2 5045.68
1586.4 5049.08
1587.6 5044.8
1588.8 5044.14
1590.0 5044.95
1591.2 5042.91
1592.4 5040.63
1593.6 5040.98
1594.8 5042.79
1596.0 5043.76
1597.2 5048.35
1598.4 5048.22
1599.6 5046.56
1600.8 5048.22
1602.0 5048.48
1603.2 5045.51
1604.4 5044.85
1605.6 5041.81
1606.8 5040.46
1608.0 5041.45
1609.2 5043.25
1610.4 5042.59
1611.6 5043.0
1612.8 5040.93
1614.0 5041.61
1615.2 5038.13
1616.4 5037.75
1617.6 5040.87
1618.8 5044.77
1620.0 5044.94
1621.2 5044.64
1622.4 5044.47
1623.6 5045.55
1624.8 5043.34
1626.0 5042.9
1627.2 5041.81
1628.4 5042.72
1629.6 5041.12
1630.8 5041.0
1632.0 5041.87
1633.2 5039.25
1634.4 5038.26
1635.6 5040.0
1636.8 5040.71
1638.0 5039.34
1639.2 5043.21
1640.4 5043.82
1641.6 5044.47
1642.8 5042.8
1644.0 5040.4
1645.2 5041.33
1646.4 5038.65
1647.6 5040.35
1648.8 5041.2
1650.0 5042.74
1651.2 5039.94
1652.4 5041.54
1653.6 5042.15
1654.8 5044.29
1656.0 5041.47
1657.2 5042.34
1658.4 5042.28
1659.6 5040.09
1660.8 5038.96
1662.0 5040.19
1663.2 5041.71
1664.4 5041.66
1665.6 5044.5
1666.8 5043.32
1668.0 5043.63
1669.2 5044.15
1670.4 5043.09
1671.6 5042.37
1672.8 5043.38
1674.0 5039.91
1675.2 5042.27
1676.4 5041.08
1677.6 5042.36
1678.8 5045.28
1680.0 5045.23
1681.2 5043.64
1682.4 5045.84
1683.6 5047.23
1684.8 5046.01
1686.0 5048.97
1687.2 5048.76
1688.4 5049.07
1689.6 5048.46
1690.8 5049.36
1692.0 5046.22
1693.2 5045.58
1694.4 5047.08
1695.6 5046.86
1696.8 5044.35
1698.0 5044.56
1699.2 5046.47
1700.4 5046.55
1701.6 5043.76
1702.8 5041.59
1704.0 5041.8
1705.2 5044.0
1706.4 5044.18
1707.6 5048.48
1708.8 5044.53
1710.0 5045.63
1711.2 5042.93
1712.4 5044.39
1713.6 5044.89
1714.8 5045.25
1716.0 5043.89
1717.2 5045.98
1718.4 5045.57
1719.6 5048.24
1720.8 5044.91
1722.0 5044.54
1723.2 5044.41
1724.4 5046.03
1725.6 5046.82
1726.8 5043.91
1728.0 5046.55
1729.2 5045.29
1730.4 5044.61
1731.6 5042.64
1732.8 5042.47
1734.0 5042.68
1735.2 5042.78
1736.4 5042.37
1737.6 5044.47
1738.8 5042.3
1740.0 5042.84
1741.2 5042.7
1742.4 5044.97
1743.6 5043.04
1744.8 5041.32
1746.0 5041.45
1747.2 5042.91
1748.4 5042.18
1749.6 5045.04
1750.8 5044.17
1752.0 5043.42
1753.2 5042.73
1754.4 5042.15
1755.6 5042.56
1756.8 5044.26
1758.0 5043.28
1759.2 5041.9
1760.4 5045.13
1761.6 5047.18
1762.8 5045.46
1764.0 5043.23
1765.2 5045.89
1766.4 5042.08
1767.6 5043.11
1768.8 5045.35
1770.0 5043.79
1771.2 5043.94
1772.4 5044.29
1773.6 5044.2
1774.8 5044.61
1776.0 5043.15
1777.2 5042.73
1778.4 5044.62
1779.6 5044.57
1780.8 5043.57
1782.0 5041.66
1783.2 5041.77
1784.4 5041.75
1785.6 5039.4
1786.8 5038.44
1788.0 5041.58
1789.2 5043.79
1790.4 5043.2
1791.6 5042.49
1792.8 5045.02
1794.0 5043.43
1795.2 5044.61
1796.4 5044.37
1797.6 5041.33
1798.8 5040.78
1800.0 5043.03
1801.2 5043.07
1802.4 5041.64
1803.6 5043.91
1804.8 5043.55
1806.0 5042.36
1807.2 5040.97
1808.4 5040.29
1809.6 5042.32
1810.8 5041.29
1812.0 5041.83
1813.2 5041.89
1814.4 5042.0
1815.6 5041.17
1816.8 5042.35
1818.0 5043.47
1819.2 5042.67
1820.4 5041.89
1821.6 5044.03
1822.8 5045.91
1824.0 5045.63
1825.2 5046.3
1826.4 5044.8
1827.6 5042.86
1828.8 5045.02
1830.0 5043.3
1831.2 5043.33
1832.4 5040.94
1833.6 5042.25
1834.8 5041.71
1836.0 5040.47
1837.2 5039.26
1838.4 5040.83
1839.6 5041.86
1840.8 5041.91
1842.0 5044.39
1843.2 5045.12
1844.4 5044.34
1845.6 5044.33
1846.8 5043.75
1848.0 5043.68
1849.2 5044.05
1850.4 5042.64
1851.6 5043.84
1852.8 5044.88
1854.0 5045.65
1855.2 5045.97
1856.4 5046.57
1857.6 5044.93
1858.8 5042.62
1860.0 5044.2
1861.2 5042.32
1862.4 5043.74
1863.6 5043.9
1864.8 5042.51
1866.0 5042.98
1867.2 5044.89
1868.4 5043.91
1869.6 5042.86
1870.8 5039.89
1872.0 5041.28
1873.2 5041.23
1874.4 5041.76
1875.6 5041.97
1876.8 5040.27
1878.0 5039.52
1879.2 5043.44
1880.4 5042.42
1881.6 5040.68
1882.8 5040.56
1884.0 5041.52
1885.2 5043.48
1886.4 5041.59
1887.6 5039.73
1888.8 5040.69
1890.0 5039.02
1891.2 5041.73
1892.4 5043.02
1893.6 5042.79
1894.8 5042.72
1896.0 5045.74
1897.2 5042.16
1898.4 5042.84
1899.6 5044.53
1900.8 5042.28
1902.0 5041.34
1903.2 5042.2
1904.4 5045.26
1905.6 5044.55
1906.8 5044.74
1908.0 5043.96
1909.2 5042.32
1910.4 5045.57
1911.6 5046.21
1912.8 5044.73
1914.0 5046.22
1915.2 5045.95
1916.4 5045.75
1917.6 5044.64
1918.8 5045.38
1920.0 5047.16
1921.2 5046.74
1922.4 5045.83
1923.6 5043.09
1924.8 5045.81
1926.0 5043.75
1927.2 5044.85
1928.4 5042.67
1929.6 5043.04
1930.8 5040.82
1932.0 5043.03
1933.2 5046.7
1934.4 5047.82
1935.6 5045.35
1936.8 5047.05
1938.0 5045.87
1939.2 5046.83
1940.4 5044.6
1941.6 5044.32
1942.8 5044.29
1944.0 5046.43
1945.2 5046.47
1946.4 5047.86
1947.6 5046.14
1948.8 5043.2
1950.0 5043.1
1951.2 5040.43
1952.4 5041.41
1953.6 5037.79
1954.8 5037.89
1956.0 5035.22
1957.2 5037.58
1958.4 5037.34
1959.6 5040.54
1960.8 5041.35
1962.0 5040.63
1963.2 5040.25
1964.4 5041.69
1965.6 5043.2
1966.8 5045.61
1968.0 5046.11
1969.2 5050.31
1970.4 5049.63
1971.6 5049.76
1972.8 5050.24
1974.0 5050.06
1975.2 5048.98
1976.4 5045.27
1977.6 5045.7
1978.8 5045.48
1980.0 5047.35
1981.2 5046.27
1982.4 5046.23
1983.6 5044.52
1984.8 5043.64
1986.0 5043.14
1987.2 5041.43
1988.4 5041.42
1989.6 5042.16
1990.8 5044.73
1992.0 5044.23
1993.2 5042.87
1994.4 5040.68
1995.6 5041.86
1996.8 5042.29
1998.0 5041.38
1999.2 5039.46
2000.4 5040.1
2001.6 5041.78
2002.8 5042.01
2004.0 5041.96
2005.2 5043.67
2006.4 5041.79
2007.6 5041.96
2008.8 5042.4
2010.0 5043.45
2011.2 5045.61
2012.4 5045.73
2013.6 5045.16
2014.8 5045.12
2016.0 5044.37
2017.2 5043.31
2018.4 5041.35
2019.6 5044.89
2020.8 5043.01
2022.0 5044.31
2023.2 5044.06
2024.4 5044.06
2025.6 5045.23
2026.8 5045.5
2028.0 5045.45
2029.2 5044.06
2030.4 5043.43
2031.6 5047.11
2032.8 5050.41
2034.0 5050.09
2035.2 5048.95
2036.4 5046.21
2037.6 5046.82
2038.8 5049.56
2040.0 5046.75
2041.2 5043.27
2042.4 5043.51
2043.6 5042.17
2044.8 5042.79
2046.0 5041.98
2047.2 5042.15
2048.4 5041.95
2049.6 5040.06
2050.8 5041.11
2052.0 5043.51
2053.2 5042.76
2054.4 5043.94
2055.6 5039.04
2056.8 5041.58
2058.0 5042.85
2059.2 5045.53
2060.4 5044.24
2061.6 5045.69
2062.8 5045.2
2064.0 5045.25
2065.2 5046.3
2066.4 5044.65
2067.6 5045.09
2068.8 5042.59
2070.0 5044.36
2071.2 5041.7
2072.4 5043.84
2073.6 5044.7
2074.8 5047.07
2076.0 5048.42
2077.2 5047.94
2078.4 5045.34
2079.6 5046.86
2080.8 5046.88
2082.0 5044.83
2083.2 5045.58
2084.4 5045.56
2085.6 5044.5
2086.8 5047.3
2088.0 5047.77
2089.2 5048.14
2090.4 5044.92
2091.6 5045.51
2092.8 5046.47
2094.0 5042.41
2095.2 5043.92
2096.4 5043.75
2097.6 5040.69
2098.8 5040.08
2100.0 5040.41
2101.2 5041.24
2102.4 5040.97
2103.6 5040.73
2104.8 5040.57
2106.0 5043.91
2107.2 5044.53
2108.4 5044.73
2109.6 5044.73
2110.8 5042.84
2112.0 5041.49
2113.2 5043.29
2114.4 5041.83
2115.6 5042.59
2116.8 5043.71
2118.0 5046.28
2119.2 5044.52
2120.4 5042.56
2121.6 5043.64
2122.8 5044.06
2124.0 5042.52
2125.2 5041.82
2126.4 5040.8
2127.6 5042.04
2128.8 5046.42
2130.0 5047.65
2131.2 5048.31
2132.4 5047.58
2133.6 5046.66
2134.8 5046.46
2136.0 5045.22
2137.2 5041.02
2138.4 5042.17
2139.6 5043.02
2140.8 5043.62
2142.0 5043.46
2143.2 5042.34
2144.4 5043.26
2145.6 5044.88
2146.8 5043.9
2148.0 5043.05
2149.2 5043.21
2150.4 5042.38
2151.6 5044.67
2152.8 5044.46
2154.0 5045.63
2155.2 5046.14
2156.4 5046.41
2157.6 5044.5
2158.8 5043.85
2160.0 5044.46
2161.2 5042.4
2162.4 5045.06
2163.6 5044.04
2164.8 5046.65
2166.0 5046.03
2167.2 5045.6
2168.4 5046.26
2169.6 5046.07
2170.8 5045.6
2172.0 5044.42
2173.2 5044.01
2174.4 5043.64
2175.6 5043.35
2176.8 5042.75
2178.0 5040.39
2179.2 5040.6
2180.4 5042.35
2181.6 5041.43
2182.8 5044.48
2184.0 5044.07
2185.2 5045.14
2186.4 5044.43
2187.6 5043.7
2188.8 5042.33
2190.0 5045.78
2191.2 5042.02
2192.4 5042.17
2193.6 5042.82
2194.8 5042.05
2196.0 5045.45
2197.2 5047.38
2198.4 5047.76
2199.6 5046.54
2200.8 5044.13
2202.0 5045.19
2203.2 5045.29
2204.4 5042.57
2205.6 5042.36
2206.8 5040.97
2208.0 5038.96
2209.2 5041.39
2210.4 5041.11
2211.6 5040.64
2212.8 5042.07
2214.0 5040.7
2215.2 5040.53
2216.4 5041.55
2217.6 5043.23
2218.8 5042.82
2220.0 5041.36
2221.2 5040.2
2222.4 5041.38
2223.6 5041.76
2224.8 5041.16
2226.0 5037.96
2227.2 5042.55
2228.4 5041.93
2229.6 5044.95
2230.8 5043.94
2232.0 5045.16
2233.2 5042.49
2234.4 5044.72
2235.6 5046.46
2236.8 5046.93
2238.0 5045.02
2239.2 5043.24
2240.4 5044.47
2241.6 5043.2
2242.8 5043.36
2244.0 5040.96
2245.2 5043.38
2246.4 5042.26
2247.6 5041.72
2248.8 5040.78
2250.0 5042.86
2251.2 5042.73
2252.4 5043.85
2253.6 5044.07
2254.8 5045.32
2256.0 5047.09
2257.2 5045.74
2258.4 5045.45
2259.6 5044.41
2260.8 5043.97
2262.0 5046.62
2263.2 5049.02
2264.4 5044.67
2265.6 5042.68
2266.8 5043.13
2268.0 5041.94
2269.2 5041.15
2270.4 5043.3
2271.6 5044.45
2272.8 5046.22
2274.0 5045.24
2275.2 5045.36
2276.4 5044.69
2277.6 5048.04
2278.8 5048.89
2280.0 5050.42
2281.2 5050.73
2282.4 5046.34
2283.6 5049.24
2284.8 5046.4
2286.0 5048.44
2287.2 5046.71
2288.4 5049.68
2289.6 5048.21
2290.8 5046.94
2292.0 5046.01
2293.2 5045.64
2294.4 5047.4
2295.6 5045.5
2296.8 5043.22
2298.0 5042.79
2299.2 5043.79
2300.4 5043.14
2301.6 5043.37
2302.8 5041.93
2304.0 5042.66
2305.2 5043.28
2306.4 5045.24
2307.6 5046.78
2308.8 5047.96
2310.0 5044.88
2311.2 5047.53
2312.4 5044.57
2313.6 5042.25
2314.8 5042.48
2316.0 5042.91
2317.2 5041.09
2318.4 5039.69
2319.6 5041.35
2320.8 5042.09
2322.0 5043.12
2323.2 5045.46
2324.4 5045.57
2325.6 5042.11
2326.8 5042.59
2328.0 5040.44
2329.2 5037.69
2330.4 5038.91
2331.6 5040.4
2332.8 5043.04
2334.0 5044.69
2335.2 5043.06
2336.4 5043.7
2337.6 5043.43
2338.8 5041.74
2340.0 5041.91
2341.2 5043.08
2342.4 5043.34
2343.6 5044.13
2344.8 5042.4
2346.0 5045.28
2347.2 5045.44
2348.4 5043.13
2349.6 5043.9
2350.8 5041.67
2352.0 5045.3
2353.2 5046.61
2354.4 5046.36
2355.6 5045.9
2356.8 5047.56
2358.0 5046.72
2359.2 5048.07
2360.4 5050.14
2361.6 5046.92
2362.8 5046.04
2364.0 5044.37
2365.2 5044.71
2366.4 5045.96
2367.6 5041.39
2368.8 5041.68
2370.0 5041.86
2371.2 5040.41
2372.4 5043.32
2373.6 5043.8
2374.8 5041.76
2376.0 5038.63
2377.2 5038.31
2378.4 5040.96
2379.6 5041.7
2380.8 5039.55
2382.0 5043.81
2383.2 5040.99
2384.4 5043.45
2385.6 5044.08
2386.8 5044.87
2388.0 5046.4
2389.2 5044.75
2390.4 5047.03
2391.6 5044.52
2392.8 5045.42
2394.0 5042.72
2395.2 5042.95
2396.4 5042.0
2397.6 5038.01
2398.8 5038.24
2400.0 5039.8
2401.2 5039.7
2402.4 5040.07
2403.6 5040.71
2404.8 5043.13
2406.0 5041.97
2407.2 5044.15
2408.4 5042.46
2409.6 5045.38
2410.8 5043.33
2412.0 5045.72
2413.2 5049.09
2414.4 5049.07
2415.6 5049.61
2416.8 5047.29
2418.0 5044.16
2419.2 5045.53
2420.4 5047.94
2421.6 5044.77
2422.8 5041.45
2424.0 5041.52
2425.2 5041.51
2426.4 5039.83
2427.6 5039.67
2428.8 5040.93
2430.0 5042.34
2431.2 5041.43
2432.4 5042.23
2433.6 5042.82
2434.8 5044.53
2436.0 5042.86
2437.2 5042.81
2438.4 5041.66
2439.6 5042.79
2440.8 5044.95
2442.0 5046.73
2443.2 5044.32
2444.4 5047.61
2445.6 5047.89
2446.8 5047.27
2448.0 5045.84
2449.2 5044.21
2450.4 5042.18
2451.6 5042.64
2452.8 5042.67
2454.0 5040.64
2455.2 5041.2
2456.4 5041.9
2457.6 5041.35
2458.8 5045.76
2460.0 5044.72
2461.2 5045.13
2462.4 5044.59
2463.6 5045.24
2464.8 5045.84
2466.0 5042.19
2467.2 5044.81
2468.4 5044.12
2469.6 5045.3
2470.8 5044.85
2472.0 5043.85
2473.2 5041.15
2474.4 5042.55
2475.6 5042.84
2476.8 5041.48
2478.0 5043.36
2479.2 5042.99
2480.4 5041.96
2481.6 5042.0
2482.8 5043.08
2484.0 5044.76
2485.2 5043.25
2486.4 5043.24
2487.6 5042.84
2488.8 5042.79
2490.0 5040.61
2491.2 5040.17
2492.4 5042.32
2493.6 5044.93
2494.8 5045.87
2496.0 5045.63
2497.2 5045.03
2498.4 5044.99
2499.6 5045.8
2500.8 5041.56
2502.0 5040.86
2503.2 5042.33
2504.4 5042.51
2505.6 5042.05
2506.8 5043.0
2508.0 5043.51
2509.2 5046.2
2510.4 5041.8
2511.6 5042.67
2512.8 5041.53
2514.0 5041.02
2515.2 5040.04
2516.4 5042.47
2517.6 5043.48
2518.8 5046.03
2520.0 5046.02
2521.2 5041.94
2522.4 5041.15
2523.6 5043.94
2524.8 5044.15
2526.0 5046.3
2527.2 5046.9
2528.4 5045.72
2529.6 5048.62
2530.8 5046.4
2532.0 5043.73
2533.2 5045.86
2534.4 5045.25
2535.6 5044.33
2536.8 5045.07
2538.0 5043.48
2539.2 5043.6
2540.4 5041.0
2541.6 5041.64
2542.8 5040.05
2544.0 5040.87
2545.2 5043.7
2546.4 5042.79
2547.6 5046.26
2548.8 5045.17
2550.0 5045.64
2551.2 5045.54
2552.4 5044.74
2553.6 5042.9
2554.8 5043.47
2556.0 5042.75
2557.2 5043.78
2558.4 5040.6
2559.6 5038.87
2560.8 5039.25
2562.0 5040.63
2563.2 5042.27
2564.4 5042.26
2565.6 5042.44
2566.8 5041.64
2568.0 5041.18
2569.2 5040.92
2570.4 5040.93
2571.6 5041.17
2572.8 5039.73
2574.0 5040.05
2575.2 5040.49
2576.4 5043.18
2577.6 5045.53
2578.8 5047.04
2580.0 5047.71
2581.2 5043.21
2582.4 5043.4
2583.6 5042.06
2584.8 5041.19
2586.0 5041.92
2587.2 5041.79
2588.4 5042.14
2589.6 5041.94
2590.8 5041.62
2592.0 5043.15
2593.2 5041.3
2594.4 5043.18
2595.6 5041.48
2596.8 5039.24
2598.0 5038.91
2599.2 5040.97
2600.4 5041.54
2601.6 5042.94
2602.8 5043.43
2604.0 5043.2
2605.2 5041.7
2606.4 5042.51
2607.6 5045.22
2608.8 5046.1
2610.0 5043.84
2611.2 5041.92
2612.4 5041.47
2613.6 5040.2
2614.8 5042.63
2616.0 5042.62
2617.2 5038.35
2618.4 5037.91
2619.6 5038.49
2620.8 5038.68
2622.0 5038.41
2623.2 5040.98
2624.4 5040.67
2625.6 5039.2
2626.8 5039.14
2628.0 5039.31
2629.2 5040.69
2630.4 5042.5
2631.6 5042.17
2632.8 5045.79
2634.0 5045.85
2635.2 5047.99
2636.4 5048.16
2637.6 5050.1
2638.8 5047.15
2640.0 5048.28
2641.2 5047.48
2642.4 5047.35
2643.6 5047.28
2644.8 5045.03
2646.0 5043.17
2647.2 5044.23
2648.4 5043.72
2649.6 5044.45
2650.8 5045.74
2652.0 5045.61
2653.2 5046.8
2654.4 5046.76
2655.6 5044.81
2656.8 5046.73
2658.0 5050.21
2659.2 5052.65
2660.4 5048.68
2661.6 5046.2
2662.8 5044.66
2664.0 5045.59
2665.2 5046.29
2666.4 5046.18
2667.6 5045.6
2668.8 5044.61
2670.0 5043.72
2671.2 5044.29
2672.4 5043.01
2673.6 5041.52
2674.8 5039.43
2676.0 5039.83
2677.2 5041.59
2678.4 5042.01
2679.6 5039.58
2680.8 5039.33
2682.0 5041.5
2683.2 5043.79
2684.4 5043.62
2685.6 5045.57
2686.8 5044.15
2688.0 5044.46
2689.2 5044.83
2690.4 5047.24
2691.6 5048.88
2692.8 5049.12
2694.0 5049.46
2695.2 5049.77
2696.4 5047.22
2697.6 5043.42
2698.8 5042.79
2700.0 5042.66
2701.2 5043.86
2702.4 5045.75
2703.6 5047.8
2704.8 5047.05
2706.0 5046.4
2707.2 5048.81
2708.4 5047.05
2709.6 5045.95
2710.8 5046.39
2712.0 5045.9
2713.2 5045.49
2714.4 5043.66
2715.6 5046.82
2716.8 5044.94
2718.0 5042.17
2719.2 5042.77
2720.4 5042.53
2721.6 5039.72
2722.8 5040.69
2724.0 5042.12
2725.2 5042.7
2726.4 5042.26
2727.6 5042.98
2728.8 5042.05
2730.0 5040.18
2731.2 5040.3
2732.4 5038.8
2733.6 5039.43
2734.8 5040.84
2736.0 5039.17
2737.2 5042.53
2738.4 5044.47
2739.6 5042.22
2740.8 5041.3
2742.0 5041.15
2743.2 5043.28
2744.4 5044.09
2745.6 5046.72
2746.8 5046.4
2748.0 5043.63
2749.2 5044.12
2750.4 5045.36
2751.6 5042.59
2752.8 5042.67
2754.0 5042.36
2755.2 5043.41
2756.4 5043.45
2757.6 5042.47
2758.8 5039.56
2760.0 5043.3
2761.2 5045.35
2762.4 5043.5
2763.6 5042.18
2764.8 5042.31
2766.0 5042.96
2767.2 5039.17
2768.4 5041.88
2769.6 5043.24
2770.8 5045.11
2772.0 5043.19
2773.2 5046.72
2774.4 5047.0
2775.6 5048.43
2776.8 5045.89
2778.0 5047.36
2779.2 5047.27
2780.4 5045.49
2781.6 5044.5
2782.8 5044.35
2784.0 5045.0
2785.2 5045.71
2786.4 5046.05
2787.6 5045.58
2788.8 5046.29
2790.0 5043.11
2791.2 5043.87
2792.4 5041.92
2793.6 5041.29
2794.8 5041.48
2796.0 5043.35
2797.2 5045.24
2798.4 5044.99
2799.6 5044.8
2800.8 5044.5
2802.0 5044.4
2803.2 5046.36
2804.4 5045.29
2805.6 5046.32
2806.8 5042.68
2808.0 5041.23
2809.2 5044.77
2810.4 5041.4
2811.6 5043.94
2812.8 5046.22
2814.0 5045.65
2815.2 5044.59
2816.4 5045.19
2817.6 5044.48
2818.8 5047.09
2820.0 5045.57
2821.2 5045.67
2822.4 5046.84
2823.6 5047.6
2824.8 5044.99
2826.0 5044.96
2827.2 5046.3
2828.4 5046.05
2829.6 5045.62
2830.8 5045.59
2832.0 5042.35
2833.2 5042.84
2834.4 5041.63
2835.6 5043.09
2836.8 5041.89
2838.0 5041.34
2839.2 5041.41
2840.4 5040.43
2841.6 5040.46
2842.8 5043.24
2844.0 5045.04
2845.2 5044.39
2846.4 5041.12
2847.6 5039.38
2848.8 5041.53
2850.0 5042.84
2851.2 5043.87
2852.4 5043.8
2853.6 5044.51
2854.8 5043.07
2856.0 5043.19
2857.2 5045.94
2858.4 5043.8
2859.6 5042.41
2860.8 5042.68
2862.0 5042.28
2863.2 5041.77
2864.4 5041.73
2865.6 5044.71
2866.8 5041.96
2868.0 5043.65
2869.2 5042.53
2870.4 5043.28
2871.6 5041.43
2872.8 5041.08
2874.0 5041.43
2875.2 5044.41
2876.4 5042.8
2877.6 5044.0
2878.8 5043.36
2880.0 5043.01
2881.2 5043.07
2882.4 5041.73
2883.6 5042.27
2884.8 5041.78
2886.0 5042.77
2887.2 5038.87
2888.4 5039.04
2889.6 5042.92
2890.8 5044.58
2892.0 5044.56
2893.2 5043.66
2894.4 5046.07
2895.6 5043.98
2896.8 5044.55
2898.0 5043.1
2899.2 5042.04
2900.4 5042.11
2901.6 5040.86
2902.8 5039.26
2904.0 5043.28
2905.2 5045.22
2906.4 5045.85
2907.6 5047.64
2908.8 5044.93
2910.0 5045.15
2911.2 5047.48
2912.4 5047.08
2913.6 5047.14
2914.8 5047.63
2916.0 5046.65
2917.2 5045.92
2918.4 5042.81
2919.6 5044.1
2920.8 5046.42
2922.0 5046.81
2923.2 5045.58
2924.4 5045.01
2925.6 5044.0
2926.8 5041.87
2928.0 5042.35
2929.2 5044.74
2930.4 5049.49
2931.6 5048.56
2932.8 5046.8
2934.0 5048.17
2935.2 5048.14
2936.4 5045.77
2937.6 5043.31
2938.8 5042.28
2940.0 5045.66
2941.2 5044.23
2942.4 5044.05
2943.6 5043.94
2944.8 5046.32
2946.0 5047.7
2947.2 5045.18
2948.4 5044.68
2949.6 5045.57
2950.8 5047.3
2952.0 5045.88
2953.2 5044.67
2954.4 5043.33
2955.6 5043.79
2956.8 5041.11
2958.0 5041.16
2959.2 5041.12
2960.4 5041.32
2961.6 5039.05
2962.8 5038.86
2964.0 5041.49
2965.2 5039.38
2966.4 5040.15
2967.6 5040.0
2968.8 5043.26
2970.0 5042.82
2971.2 5042.86
2972.4 5044.81
2973.6 5045.51
2974.8 5045.97
2976.0 5046.38
2977.2 5047.69
2978.4 5045.52
2979.6 5046.52
2980.8 5045.88
2982.0 5047.71
2983.2 5044.88
2984.4 5043.48
2985.6 5042.01
2986.8 5040.18
2988.0 5042.36
2989.2 5044.2
2990.4 5046.37
2991.6 5045.83
2992.8 5043.49
2994.0 5041.79
2995.2 5041.25
2996.4 5038.22
2997.6 5040.01
2998.8 5040.23
3000.0 5042.28
3001.2 5042.47
3002.4 5042.94
3003.6 5043.88
3004.8 5042.93
3006.0 5041.54
3007.2 5041.95
3008.4 5042.96
3009.6 5043.46
3010.8 5042.53
3012.0 5044.52
3013.2 5047.61
3014.4 5047.54
3015.6 5047.45
3016.8 5046.2
3018.0 5047.13
3019.2 5045.68
3020.4 5044.77
3021.6 5043.92
3022.8 5044.31
3024.0 5046.25
3025.2 5047.32
3026.4 5045.2
3027.6 5044.45
3028.8 5040.26
3030.0 5039.23
3031.2 5040.37
3032.4 5041.06
3033.6 5041.21
3034.8 5040.78
3036.0 5042.23
3037.2 5040.55
3038.4 5040.99
3039.6 5039.84
3040.8 5042.43
3042.0 5041.91
3043.2 5044.41
3044.4 5047.03
3045.6 5046.8
3046.8 5046.34
3048.0 5046.17
3049.2 5046.13
3050.4 5042.7
3051.6 5040.0
3052.8 5040.8
3054.0 5042.08
3055.2 5041.01
3056.4 5039.92
3057.6 5039.63
3058.8 5042.59
3060.0 5040.99
3061.2 5041.7
3062.4 5042.97
3063.6 5045.27
3064.8 5042.79
3066.0 5041.33
3067.2 5041.05
3068.4 5039.95
3069.6 5040.58
3070.8 5042.77
3072.0 5039.85
3073.2 5040.54
3074.4 5041.7
3075.6 5042.15
3076.8 5043.84
3078.0 5043.13
3079.2 5041.81
3080.4 5039.55
3081.6 5040.93
3082.8 5039.81
3084.0 5041.24
3085.2 5043.04
3086.4 5044.56
3087.6 5047.09
3088.8 5045.69
3090.0 5045.51
3091.2 5044.18
3092.4 5042.02
3093.6 5041.76
3094.8 5044.46
3096.0 5043.51
3097.2 5044.88
3098.4 5044.73
3099.6 5044.56
3100.8 5041.54
3102.0 5042.38
3103.2 5042.5
3104.4 5042.91
3105.6 5040.87
3106.8 5041.16
3108.0 5040.56
3109.2 5041.86
3110.4 5041.71
3111.6 5042.34
3112.8 5041.09
3114.0 5040.03
3115.2 5043.37
3116.4 5042.81
3117.6 5041.74
3118.8 5042.78
3120.0 5045.27
3121.2 5045.94
3122.4 5047.23
3123.6 5044.88
3124.8 5045.81
3126.0 5045.03
3127.2 5046.82
3128.4 5046.6
3129.6 5044.78
3130.8 5044.83
3132.0 5047.95
3133.2 5045.05
3134.4 5043.13
3135.6 5043.01
3136.8 5039.11
3138.0 5039.74
3139.2 5043.04
3140.4 5045.4
3141.6 5041.94
3142.8 5043.21
3144.0 5041.04
3145.2 5041.54
3146.4 5043.67
3147.6 5041.89
3148.8 5043.39
3150.0 5043.41
3151.2 5043.33
3152.4 5041.33
3153.6 5044.42
3154.8 5044.64
3156.0 5044.16
3157.2 5045.7
3158.4 5044.69
3159.6 5043.09
3160.8 5042.15
3162.0 5042.29
3163.2 5041.6
3164.4 5041.54
3165.6 5042.42
3166.8 5044.52
3168.0 5045.01
3169.2 5046.78
3170.4 5047.24
3171.6 5044.73
3172.8 5045.68
3174.0 5043.94
3175.2 5044.22
3176.4 5045.79
3177.6 5043.56
3178.8 5042.06
3180.0 5041.07
3181.2 5042.43
3182.4 5042.93
3183.6 5045.13
3184.8 5046.63
3186.0 5045.79
3187.2 5045.28
3188.4 5045.2
3189.6 5046.04
3190.8 5044.12
3192.0 5043.1
3193.2 5043.08
3194.4 5041.47
3195.6 5042.67
3196.8 5043.72
3198.0 5043.42
3199.2 5045.04
3200.4 5045.95
3201.6 5045.19
3202.8 5044.48
3204.0 5042.54
3205.2 5041.44
3206.4 5042.26
3207.6 5042.32
3208.8 5042.87
3210.0 5042.79
3211.2 5041.19
3212.4 5042.32
3213.6 5042.8
3214.8 5044.3
3216.0 5044.3
3217.2 5044.15
3218.4 5046.4
3219.6 5045.71
3220.8 5044.92
3222.0 5043.36
3223.2 5041.36
3224.4 5039.53
3225.6 5041.69
3226.8 5042.1
3228.0 5043.61
3229.2 5045.19
3230.4 5045.01
3231.6 5044.55
3232.8 5046.99
3234.0 5048.04
3235.2 5051.35
3236.4 5048.53
3237.6 5048.44
3238.8 5050.21
3240.0 5050.58
3241.2 5048.64
3242.4 5048.17
3243.6 5046.75
3244.8 5046.35
3246.0 5047.02
3247.2 5047.45
3248.4 5048.26
3249.6 5046.03
3250.8 5045.02
3252.0 5043.37
3253.2 5043.5
3254.4 5043.17
3255.6 5043.82
3256.8 5045.76
3258.0 5046.43
3259.2 5046.64
3260.4 5047.86
3261.6 5047.09
3262.8 5045.35
3264.0 5044.19
3265.2 5047.78
3266.4 5047.41
3267.6 5044.61
3268.8 5045.34
3270.0 5042.64
3271.2 5042.31
3272.4 5042.76
3273.6 5041.61
3274.8 5042.0
3276.0 5042.24
3277.2 5041.84
3278.4 5041.74
3279.6 5039.66
3280.8 5039.45
3282.0 5042.97
3283.2 5045.78
3284.4 5045.75
3285.6 5046.2
3286.8 5043.7
3288.0 5040.65
3289.2 5042.05
3290.4 5041.09
3291.6 5042.78
3292.8 5041.36
3294.0 5041.6
3295.2 5041.67
3296.4 5040.46
3297.6 5039.19
3298.8 5043.33
3300.0 5042.12
3301.2 5043.59
3302.4 5042.17
3303.6 5040.87
3304.8 5041.87
3306.0 5042.72
3307.2 5040.71
3308.4 5038.94
3309.6 5041.04
3310.8 5041.49
3312.0 5040.77
3313.2 5040.49
3314.4 5040.76
3315.6 5041.32
3316.8 5041.54
3318.0 5043.61
3319.2 5042.17
3320.4 5040.2
3321.6 5040.11
3322.8 5041.61
3324.0 5042.19
3325.2 5045.23
3326.4 5043.25
3327.6 5045.75
3328.8 5048.52
3330.0 5046.08
3331.2 5043.0
3332.4 5042.72
3333.6 5043.05
3334.8 5043.82
3336.0 5044.06
3337.2 5044.91
3338.4 5045.11
3339.6 5046.44
3340.8 5046.04
3342.0 5045.87
3343.2 5046.11
3344.4 5047.76
3345.6 5045.16
3346.8 5045.04
3348.0 5043.61
3349.2 5042.7
3350.4 5045.03
3351.6 5043.9
3352.8 5042.45
3354.0 5042.22
3355.2 5044.1
3356.4 5042.27
3357.6 5039.0
3358.8 5040.44
3360.0 5038.32
3361.2 5040.06
3362.4 5041.01
3363.6 5040.4
3364.8 5043.61
3366.0 5041.58
3367.2 5043.22
3368.4 5041.06
3369.6 5042.18
3370.8 5041.95
3372.0 5041.28
3373.2 5041.61
3374.4 5043.47
3375.6 5045.52
3376.8 5045.49
3378.0 5043.77
3379.2 5043.65
3380.4 5044.3
3381.6 5045.73
3382.8 5045.49
3384.0 5043.8
3385.2 5042.75
3386.4 5039.82
3387.6 5041.84
3388.8 5043.71
3390.0 5042.02
3391.2 5043.58
3392.4 5042.65
3393.6 5044.4
3394.8 5042.56
3396.0 5042.29
3397.2 5039.71
3398.4 5043.93
3399.6 5044.67
3400.8 5045.81
3402.0 5045.03
3403.2 5045.65
3404.4 5046.57
3405.6 5045.62
3406.8 5044.65
3408.0 5048.11
3409.2 5045.71
3410.4 5044.91
3411.6 5044.28
3412.8 5042.7
3414.0 5041.03
3415.2 5043.52
3416.4 5041.13
3417.6 5041.39
3418.8 5044.97
3420.0 5044.29
3421.2 5045.7
3422.4 5045.51
3423.6 5042.16
3424.8 5040.55
3426.0 5040.48
3427.2 5042.89
3428.4 5042.11
3429.6 5041.68
3430.8 5042.83
3432.0 5043.41
3433.2 5045.82
3434.4 5044.41
3435.6 5045.09
3436.8 5042.2
3438.0 5045.66
3439.2 5046.07
3440.4 5046.01
3441.6 5044.35
3442.8 5043.95
3444.0 5044.67
3445.2 5042.96
3446.4 5044.33
3447.6 5043.21
3448.8 5046.25
3450.0 5046.98
3451.2 5047.18
3452.4 5046.37
3453.6 5043.89
3454.8 5044.3
3456.0 5046.14
3457.2 5046.15
3458.4 5049.37
3459.6 5049.92
3460.8 5049.31
3462.0 5048.56
3463.2 5046.9
3464.4 5047.15
3465.6 5044.84
3466.8 5044.52
3468.0 5046.93
3469.2 5045.93
3470.4 5046.77
3471.6 5043.82
3472.8 5041.89
3474.0 5042.04
3475.2 5040.7
3476.4 5040.03
3477.6 5039.75
3478.8 5040.43
3480.0 5040.32
3481.2 5041.16
3482.4 5041.49
3483.6 5042.64
3484.8 5045.08
3486.0 5044.64
3487.2 5043.28
3488.4 5041.53
3489.6 5041.39
3490.8 5042.39
3492.0 5045.35
3493.2 5047.45
3494.4 5047.34
3495.6 5046.01
3496.8 5044.59
3498.0 5045.02
3499.2 5045.23
3500.4 5043.63
3501.6 5044.66
3502.8 5044.21
3504.0 5043.57
3505.2 5046.18
3506.4 5043.71
3507.6 5046.31
3508.8 5046.69
3510.0 5047.44
3511.2 5044.36
3512.4 5045.35
3513.6 5047.1
3514.8 5044.08
3516.0 5046.23
3517.2 5045.04
3518.4 5047.26
3519.6 5043.67
3520.8 5043.01
3522.0 5041.92
3523.2 5041.48
3524.4 5041.87
3525.6 5041.95
3526.8 5043.16
3528.0 5042.59
3529.2 5041.82
3530.4 5044.69
3531.6 5041.78
3532.8 5041.17
3534.0 5037.33
3535.2 5039.12
3536.4 5042.6
3537.6 5043.26
3538.8 5044.22
3540.0 5043.6
3541.2 5043.86
3542.4 5043.98
3543.6 5041.43
3544.8 5041.92
3546.0 5041.5
3547.2 5041.09
3548.4 5040.76
3549.6 5044.3
3550.8 5044.82
3552.0 5045.1
3553.2 5044.64
3554.4 5041.35
3555.6 5044.16
3556.8 5047.27
3558.0 5048.16
3559.2 5050.96
3560.4 5050.58
3561.6 5051.57
3562.8 5049.45
3564.0 5050.71
3565.2 5048.99
3566.4 5047.39
3567.6 5043.98
3568.8 5045.2
3570.0 5044.58
3571.2 5044.74
3572.4 5045.96
3573.6 5045.73
3574.8 5044.8
3576.0 5042.64
3577.2 5043.83
3578.4 5040.35
3579.6 5042.03
3580.8 5044.74
3582.0 5043.31
3583.2 5039.61
3584.4 5042.78
3585.6 5041.85
3586.8 5041.72
3588.0 5040.57
3589.2 5042.53
3590.4 5043.17
3591.6 5044.24
3592.8 5042.25
3594.0 5043.02
3595.2 5042.05
3596.4 5043.45
3597.6 5043.83
3598.8 5044.88
3600.0 5045.15
3601.2 5047.27
3602.4 5047.5
3603.6 5050.03
3604.8 5046.94
3606.0 5049.35
3607.2 5048.13
3608.4 5048.22
3609.6 5048.09
3610.8 5049.59
3612.0 5048.32
3613.2 5046.57
3614.4 5046.95
3615.6 5046.74
3616.8 5047.76
3618.0 5046.82
3619.2 5046.29
3620.4 5047.59
3621.6 5047.91
3622.8 5050.7
3624.0 5048.39
3625.2 5047.26
3626.4 5046.85
3627.6 5047.98
3628.8 5047.37
3630.0 5043.59
3631.2 5041.25
3632.4 5040.31
3633.6 5039.89
3634.8 5038.88
3636.0 5039.5
3637.2 5040.63
3638.4 5039.66
3639.6 5039.67
3640.8 5040.34
3642.0 5041.47
3643.2 5040.63
3644.4 5040.22
3645.6 5041.37
3646.8 5043.38
3648.0 5042.28
3649.2 5044.78
3650.4 5042.15
3651.6 5043.09
3652.8 5041.3
3654.0 5042.93
3655.2 5039.1
3656.4 5042.38
3657.6 5041.33
3658.8 5041.9
3660.0 5040.88
3661.2 5044.38
3662.4 5044.19
3663.6 5042.63
3664.8 5043.05
3666.0 5041.95
3667.2 5042.14
3668.4 5040.32
3669.6 5042.71
3670.8 5043.29
3672.0 5040.61
3673.2 5042.33
3674.4 5041.09
3675.6 5041.3
3676.8 5042.65
3678.0 5042.83
3679.2 5042.72
3680.4 5042.15
3681.6 5043.2
3682.8 5044.21
3684.0 5044.7
3685.2 5044.0
3686.4 5042.92
3687.6 5043.48
3688.8 5042.94
3690.0 5044.96
3691.2 5044.6
3692.4 5046.28
3693.6 5044.43
3694.8 5046.69
3696.0 5045.33
3697.2 5044.6
3698.4 5044.94
3699.6 5043.22
3700.8 5043.29
3702.0 5044.77
3703.2 5041.93
3704.4 5043.04
3705.6 5040.99
3706.8 5041.66
3708.0 5042.25
3709.2 5044.78
3710.4 5042.1
3711.6 5041.92
3712.8 5043.01
3714.0 5044.48
3715.2 5042.37
3716.4 5041.81
3717.6 5040.0
3718.8 5042.42
3720.0 5041.43
3721.2 5040.51
3722.4 5041.85
3723.6 5041.44
3724.8 5041.95
3726.0 5041.13
3727.2 5041.61
3728.4 5040.69
3729.6 5042.26
3730.8 5041.9
3732.0 5042.67
3733.2 5042.79
3734.4 5042.01
3735.6 5042.76
3736.8 5045.74
3738.0 5046.38
3739.2 5045.76
3740.4 5043.04
3741.6 5042.5
3742.8 5044.2
3744.0 5044.13
3745.2 5045.55
3746.4 5045.82
3747.6 5045.13
3748.8 5043.19
3750.0 5043.48
3751.2 5042.14
3752.4 5043.14
3753.6 5043.62
3754.8 5044.44
3756.0 5042.79
3757.2 5042.79
3758.4 5043.88
3759.6 5042.56
3760.8 5043.54
3762.0 5043.91
3763.2 5043.61
3764.4 5042.07
3765.6 5039.8
3766.8 5036.18
3768.0 5037.44
3769.2 5040.63
3770.4 5040.35
3771.6 5043.78
3772.8 5043.8
3774.0 5042.79
3775.2 5042.9
3776.4 5046.34
3777.6 5044.89
3778.8 5044.66
3780.0 5047.29
3781.2 5042.78
3782.4 5045.18
3783.6 5045.65
3784.8 5043.39
3786.0 5043.13
3787.2 5043.53
3788.4 5044.39
3789.6 5047.73
3790.8 5045.33
3792.0 5046.73
3793.2 5048.44
3794.4 5046.26
3795.6 5043.8
3796.8 5047.41
3798.0 5045.66
3799.2 5044.78
3800.4 5043.85
3801.6 5040.09
3802.8 5040.19
3804.0 5039.85
3805.2 5040.95
3806.4 5040.55
3807.6 5039.97
3808.8 5039.99
3810.0 5042.07
3811.2 5043.89
3812.4 5045.72
3813.6 5048.39
3814.8 5046.32
3816.0 5049.07
3817.2 5048.47
3818.4 5046.69
3819.6 5044.41
3820.8 5043.57
3822.0 5047.13
3823.2 5049.08
3824.4 5048.06
3825.6 5047.8
3826.8 5047.86
3828.0 5045.43
3829.2 5043.36
3830.4 5042.44
3831.6 5042.63
3832.8 5042.34
3834.0 5043.24
3835.2 5043.0
3836.4 5046.32
3837.6 5046.27
3838.8 5048.27
3840.0 5050.32
3841.2 5051.34
3842.4 5047.43
3843.6 5045.77
3844.8 5046.43
3846.0 5045.1
3847.2 5044.5
3848.4 5043.15
3849.6 5045.5
3850.8 5046.7
3852.0 5044.59
3853.2 5045.12
3854.4 5045.06
3855.6 5043.9
3856.8 5043.28
3858.0 5044.59
3859.2 5045.89
3860.4 5045.61
3861.6 5045.32
3862.8 5046.17
3864.0 5046.36
3865.2 5044.94
3866.4 5043.37
3867.6 5041.65
3868.8 5041.58
3870.0 5044.14
3871.2 5046.29
3872.4 5049.11
3873.6 5047.97
3874.8 5048.9
3876.0 5045.82
3877.2 5043.42
3878.4 5043.9
3879.6 5042.2
3880.8 5041.54
3882.0 5041.78
3883.2 5040.19
3884.4 5040.33
3885.6 5043.55
3886.8 5040.99
3888.0 5045.1
3889.2 5044.62
3890.4 5041.47
3891.6 5041.67
3892.8 5043.09
3894.0 5043.63
3895.2 5041.44
3896.4 5042.14
3897.6 5041.59
3898.8 5041.93
3900.0 5043.95
3901.2 5041.8
3902.4 5040.21
3903.6 5039.06
3904.8 5041.11
3906.0 5041.41
3907.2 5040.97
3908.4 5041.47
3909.6 5041.84
3910.8 5043.17
3912.0 5043.19
3913.2 5044.49
3914.4 5043.21
3915.6 5038.56
3916.8 5038.69
3918.0 5041.41
3919.2 5039.85
3920.4 5041.01
3921.6 5039.5
3922.8 5042.72
3924.0 5043.37
3925.2 5043.23
3926.4 5040.8
3927.6 5041.0
3928.8 5041.29
3930.0 5043.28
3931.2 5040.72
3932.4 5042.91
3933.6 5048.95
3934.8 5051.47
3936.0 5048.49
3937.2 5048.24
3938.4 5048.27
3939.6 5048.2
3940.8 5048.49
3942.0 5047.9
3943.2 5045.68
3944.4 5043.69
3945.6 5045.96
3946.8 5044.12
3948.0 5042.31
3949.2 5040.64
3950.4 5041.17
3951.6 5043.89
3952.8 5041.61
3954.0 5039.79
3955.2 5040.7
3956.4 5039.04
3957.6 5040.88
3958.8 5040.43
3960.0 5037.71
3961.2 5040.3
3962.4 5039.24
3963.6 5040.69
3964.8 5046.5
3966.0 5045.56
3967.2 5041.58
3968.4 5043.87
3969.6 5041.52
3970.8 5043.35
3972.0 5046.45
3973.2 5044.94
3974.4 5046.37
3975.6 5045.88
3976.8 5044.98
3978.0 5048.02
3979.2 5047.11
3980.4 5044.36
3981.6 5044.44
3982.8 5042.8
3984.0 5041.84
3985.2 5044.87
3986.4 5046.88
3987.6 5047.57
3988.8 5048.81
3990.0 5049.28
3991.2 5051.13
3992.4 5050.48
3993.6 5051.85
3994.8 5052.73
3996.0 5048.93
3997.2 5047.35
3998.4 5045.47
3999.6 5044.19
