0.0 6000.0
1.2 5999.91
2.4 5999.65
3.6 5999.22
4.8 5998.57
6.0 5997.71
7.2 5996.59
8.4 5995.21
9.6 5993.55
10.8 5991.61
12.0 5989.36
13.2 5986.81
14.4 5983.91
15.6 5980.67
16.8 5977.05
18.0 5973.05
19.2 5968.64
20.4 5963.82
21.6 5958.55
22.8 5952.84
24.0 5946.66
25.2 5940.0
26.4 5932.84
27.6 5925.17
28.8 5916.97
30.0 5908.24
31.2 5898.95
32.4 5889.1
33.6 5878.65
34.8 5867.58
36.0 5855.86
37.2 5843.47
38.4 5830.39
39.6 5816.58
40.8 5802.03
42.0 5786.72
43.2 5770.64
44.4 5753.75
45.6 5736.06
46.8 5717.54
48.0 5698.17
49.2 5677.96
50.4 5656.88
51.6 5634.93
52.8 5612.1
54.0 5588.38
55.2 5563.77
56.4 5538.27
57.6 5511.86
58.8 5484.55
60.0 5456.34
61.2 5427.22
62.4 5397.21
63.6 5366.3
64.8 5334.5
66.0 5301.81
67.2 5268.25
68.4 5233.81
69.6 5198.52
70.8 5162.37
72.0 5125.38
73.2 5087.57
74.4 5048.94
75.6 5009.51
76.8 4969.28
78.0 4928.26
79.2 4886.45
80.4 4843.88
81.6 4800.57
82.8 4756.53
84.0 4711.8
85.2 4666.47
86.4 4620.64
87.6 4574.41
88.8 4527.9
90.0 4481.23
91.2 4434.52
92.4 4387.91
93.6 4341.51
94.8 4295.44
96.0 4249.81
97.2 4204.72
98.4 4160.26
99.6 4116.5
100.8 4073.5
102.0 4031.29
103.2 3989.91
104.4 3949.37
105.6 3909.67
106.8 3870.83
108.0 3832.85
109.2 3795.75
110.4 3759.53
111.6 3724.21
112.8 3689.78
114.0 3656.26
115.2 3623.67
116.4 3592.04
117.6 3561.38
118.8 3531.7
120.0 3503.0
121.2 3475.26
122.4 3448.47
123.6 3422.61
124.8 3397.65
126.0 3373.58
127.2 3350.35
128.4 3327.96
129.6 3306.37
130.8 3285.56
132.0 3265.51
133.2 3246.19
134.4 3227.57
135.6 3209.64
136.8 3192.37
138.0 3175.74
139.2 3159.72
140.4 3144.28
141.6 3129.42
142.8 3115.1
144.0 3101.3
145.2 3088.0
146.4 3075.18
147.6 3062.82
148.8 3050.89
150.0 3039.37
151.2 3028.25
152.4 3017.5
153.6 3007.1
154.8 2997.04
156.0 2987.29
157.2 2977.83
158.4 2968.65
159.6 2959.73
160.8 2951.05
162.0 2942.59
163.2 2934.33
164.4 2926.26
165.6 2918.37
166.8 2910.62
168.0 2903.02
169.2 2895.54
170.4 2888.16
171.6 2880.88
172.8 2873.68
174.0 2866.55
175.2 2859.46
176.4 2852.42
177.6 2845.4
178.8 2838.39
180.0 2831.38
181.2 2824.37
182.4 2817.32
183.6 2810.25
184.8 2803.13
186.0 2795.96
187.2 2788.73
188.4 2781.42
189.6 2774.02
190.8 2766.54
192.0 2758.96
193.2 2751.27
194.4 2743.46
195.6 2735.53
196.8 2727.47
198.0 2719.27
199.2 2710.94
200.4 2702.45
201.6 2693.81
202.8 2685.01
204.0 2676.05
205.2 2666.92
206.4 2657.62
207.6 2648.14
208.8 2638.48
210.0 2628.64
211.2 2618.62
212.4 2608.41
213.6 2598.01
214.8 2587.41
216.0 2576.63
217.2 2565.65
218.4 2554.47
219.6 2543.1
220.8 2531.54
222.0 2519.78
223.2 2507.82
224.4 2495.67
225.6 2483.33
226.8 2470.8
228.0 2458.08
229.2 2445.17
230.4 2432.08
231.6 2418.8
232.8 2405.34
234.0 2391.71
235.2 2377.91
236.4 2363.93
237.6 2349.79
238.8 2335.48
240.0 2321.02
241.2 2306.41
242.4 2291.68
243.6 2276.83
244.8 2261.9
246.0 2246.88
247.2 2231.81
248.4 2216.68
249.6 2201.51
250.8 2186.32
252.0 2171.12
253.2 2155.93
254.4 2140.77
255.6 2125.67
256.8 2110.65
258.0 2095.74
259.2 2080.96
260.4 2066.33
261.6 2051.88
262.8 2037.65
264.0 2023.64
265.2 2009.9
266.4 1996.45
267.6 1983.31
268.8 1970.5
270.0 1958.05
271.2 1945.97
272.4 1934.3
273.6 1923.05
274.8 1912.22
276.0 1901.83
277.2 1891.85
278.4 1882.26
279.6 1873.06
280.8 1864.22
282.0 1855.73
283.2 1847.58
284.4 1839.75
285.6 1832.22
286.8 1824.96
288.0 1817.96
289.2 1811.18
290.4 1804.62
291.6 1798.24
292.8 1792.06
294.0 1786.05
295.2 1780.22
296.4 1774.56
297.6 1769.06
298.8 1763.72
300.0 1758.54
301.2 1753.5
302.4 1748.61
303.6 1743.86
304.8 1739.24
306.0 1734.75
307.2 1730.39
308.4 1726.14
309.6 1722.01
310.8 1717.99
312.0 1714.08
313.2 1710.27
314.4 1706.55
315.6 1702.93
316.8 1699.4
318.0 1695.95
319.2 1692.59
320.4 1689.3
321.6 1686.08
322.8 1682.94
324.0 1679.85
325.2 1676.84
326.4 1673.88
327.6 1670.97
328.8 1668.12
330.0 1665.31
331.2 1662.55
332.4 1659.84
333.6 1657.16
334.8 1654.52
336.0 1651.91
337.2 1649.33
338.4 1646.78
339.6 1644.26
340.8 1641.75
342.0 1639.27
343.2 1636.8
344.4 1634.35
345.6 1631.91
346.8 1629.49
348.0 1627.07
349.2 1624.65
350.4 1622.24
351.6 1619.84
352.8 1617.43
354.0 1615.02
355.2 1612.61
356.4 1610.2
357.6 1607.78
358.8 1605.35
360.0 1602.91
361.2 1600.46
362.4 1598.0
363.6 1595.53
364.8 1593.04
366.0 1590.54
367.2 1588.02
368.4 1585.49
369.6 1582.93
370.8 1580.36
372.0 1577.77
373.2 1575.16
374.4 1572.52
375.6 1569.87
376.8 1567.19
378.0 1564.49
379.2 1561.77
380.4 1559.03
381.6 1556.26
382.8 1553.47
384.0 1550.66
385.2 1547.82
386.4 1544.97
387.6 1542.09
388.8 1539.2
390.0 1536.29
391.2 1533.36
392.4 1530.42
393.6 1527.47
394.8 1524.5
396.0 1521.52
397.2 1518.53
398.4 1515.53
399.6 1512.52
400.8 1509.5
402.0 1506.48
403.2 1503.45
404.4 1500.41
405.6 1497.37
406.8 1494.33
408.0 1491.28
409.2 1488.23
410.4 1485.18
411.6 1482.13
412.8 1479.07
414.0 1476.02
415.2 1472.98
416.4 1469.93
417.6 1466.88
418.8 1463.84
420.0 1460.81
421.2 1457.78
422.4 1454.75
423.6 1451.73
424.8 1448.72
426.0 1445.71
427.2 1442.71
428.4 1439.72
429.6 1436.74
430.8 1433.77
432.0 1430.81
433.2 1427.85
434.4 1424.91
435.6 1421.98
436.8 1419.07
438.0 1416.16
439.2 1413.27
440.4 1410.39
441.6 1407.52
442.8 1404.67
444.0 1401.83
445.2 1399.0
446.4 1396.19
447.6 1393.4
448.8 1390.62
450.0 1387.86
451.2 1385.12
452.4 1382.39
453.6 1379.68
454.8 1376.99
456.0 1374.31
457.2 1371.65
458.4 1369.01
459.6 1366.39
460.8 1363.79
462.0 1361.21
463.2 1358.65
464.4 1356.1
465.6 1353.58
466.8 1351.08
468.0 1348.6
469.2 1346.13
470.4 1343.69
471.6 1341.27
472.8 1338.87
474.0 1336.5
475.2 1334.14
476.4 1331.81
477.6 1329.49
478.8 1327.2
480.0 1324.94
481.2 1322.69
482.4 1320.47
483.6 1318.27
484.8 1316.09
486.0 1313.93
487.2 1311.8
488.4 1309.69
489.6 1307.61
490.8 1305.54
492.0 1303.5
493.2 1301.49
494.4 1299.49
495.6 1297.53
496.8 1295.6
498.0 1293.71
499.2 1291.88
500.4 1290.1
501.6 1288.37
502.8 1286.69
504.0 1285.06
505.2 1283.48
506.4 1281.93
507.6 1280.42
508.8 1278.95
510.0 1277.51
511.2 1276.11
512.4 1274.74
513.6 1273.4
514.8 1272.09
516.0 1270.8
517.2 1269.54
518.4 1268.31
519.6 1267.11
520.8 1265.92
522.0 1264.76
523.2 1263.63
524.4 1262.51
525.6 1261.42
526.8 1260.34
528.0 1259.29
529.2 1258.26
530.4 1257.24
531.6 1256.25
532.8 1255.27
534.0 1254.31
535.2 1253.37
536.4 1252.45
537.6 1251.55
538.8 1250.66
540.0 1249.8
541.2 1248.95
542.4 1248.11
543.6 1247.29
544.8 1246.49
546.0 1245.71
547.2 1244.94
548.4 1244.19
549.6 1243.46
550.8 1242.74
552.0 1242.03
553.2 1241.34
554.4 1240.67
555.6 1240.01
556.8 1239.37
558.0 1238.75
559.2 1238.13
560.4 1237.54
561.6 1236.96
562.8 1236.39
564.0 1235.84
565.2 1235.3
566.4 1234.77
567.6 1234.26
568.8 1233.77
570.0 1233.29
571.2 1232.82
572.4 1232.36
573.6 1231.92
574.8 1231.49
576.0 1231.08
577.2 1230.68
578.4 1230.29
579.6 1229.91
580.8 1229.55
582.0 1229.2
583.2 1228.86
584.4 1228.54
585.6 1228.22
586.8 1227.92
588.0 1227.63
589.2 1227.36
590.4 1227.09
591.6 1226.84
592.8 1226.6
594.0 1226.36
595.2 1226.14
596.4 1225.94
597.6 1225.74
598.8 1225.55
600.0 1225.37
601.2 1225.21
602.4 1225.05
603.6 1224.91
604.8 1224.77
606.0 1224.65
607.2 1224.53
608.4 1224.42
609.6 1224.33
610.8 1224.24
612.0 1224.16
613.2 1224.1
614.4 1224.04
615.6 1223.99
616.8 1223.94
618.0 1223.91
619.2 1223.89
620.4 1223.87
621.6 1223.86
622.8 1223.87
624.0 1223.87
625.2 1223.89
626.4 1223.92
627.6 1223.95
628.8 1223.99
630.0 1224.03
631.2 1224.09
632.4 1224.15
633.6 1224.22
634.8 1224.29
636.0 1224.37
637.2 1224.46
638.4 1224.56
639.6 1224.66
640.8 1224.77
642.0 1224.88
643.2 1225.0
644.4 1225.13
645.6 1225.26
646.8 1225.39
648.0 1225.54
649.2 1225.68
650.4 1225.84
651.6 1225.99
652.8 1226.16
654.0 1226.33
655.2 1226.5
656.4 1226.68
657.6 1226.86
658.8 1227.05
660.0 1227.24
661.2 1227.43
662.4 1227.63
663.6 1227.83
664.8 1228.04
666.0 1228.25
667.2 1228.47
668.4 1228.69
669.6 1228.91
670.8 1229.13
672.0 1229.36
673.2 1229.59
674.4 1229.83
675.6 1230.07
676.8 1230.31
678.0 1230.55
679.2 1230.8
680.4 1231.04
681.6 1231.3
682.8 1231.55
684.0 1231.8
685.2 1232.06
686.4 1232.32
687.6 1232.58
688.8 1232.85
690.0 1233.11
691.2 1233.38
692.4 1233.65
693.6 1233.92
694.8 1234.19
696.0 1234.47
697.2 1234.74
698.4 1235.02
699.6 1235.3
700.8 1235.58
702.0 1235.86
703.2 1236.14
704.4 1236.42
705.6 1236.7
706.8 1236.98
708.0 1237.27
709.2 1237.55
710.4 1237.84
711.6 1238.12
712.8 1238.41
714.0 1238.7
715.2 1238.98
716.4 1239.27
717.6 1239.56
718.8 1239.85
720.0 1240.13
721.2 1240.42
722.4 1240.71
723.6 1241.0
724.8 1241.28
726.0 1241.57
727.2 1241.86
728.4 1242.14
729.6 1242.43
730.8 1242.71
732.0 1243.0
733.2 1243.28
734.4 1243.57
735.6 1243.85
736.8 1244.13
738.0 1244.41
739.2 1244.69
740.4 1244.97
741.6 1245.25
742.8 1245.53
744.0 1245.8
745.2 1246.08
746.4 1246.35
747.6 1246.62
748.8 1246.89
750.0 1247.16
751.2 1247.43
752.4 1247.7
753.6 1247.96
754.8 1248.22
756.0 1248.49
757.2 1248.75
758.4 1249.01
759.6 1249.26
760.8 1249.52
762.0 1249.77
763.2 1250.02
764.4 1250.27
765.6 1250.52
766.8 1250.77
768.0 1251.01
769.2 1251.26
770.4 1251.5
771.6 1251.74
772.8 1251.97
774.0 1252.21
775.2 1252.44
776.4 1252.67
777.6 1252.9
778.8 1253.13
780.0 1253.35
781.2 1253.57
782.4 1253.8
783.6 1254.01
784.8 1254.23
786.0 1254.45
787.2 1254.66
788.4 1254.87
789.6 1255.08
790.8 1255.28
792.0 1255.49
793.2 1255.69
794.4 1255.89
795.6 1256.09
796.8 1256.28
798.0 1256.47
799.2 1256.66
800.4 1256.85
801.6 1257.04
802.8 1257.22
804.0 1257.41
805.2 1257.59
806.4 1257.76
807.6 1257.94
808.8 1258.11
810.0 1258.28
811.2 1258.45
812.4 1258.62
813.6 1258.78
814.8 1258.94
816.0 1259.1
817.2 1259.26
818.4 1259.42
819.6 1259.57
820.8 1259.72
822.0 1259.87
823.2 1260.02
824.4 1260.16
825.6 1260.3
826.8 1260.44
828.0 1260.58
829.2 1260.71
830.4 1260.85
831.6 1260.98
832.8 1261.11
834.0 1261.23
835.2 1261.36
836.4 1261.48
837.6 1261.6
838.8 1261.72
840.0 1261.83
841.2 1261.94
842.4 1262.05
843.6 1262.16
844.8 1262.27
846.0 1262.38
847.2 1262.48
848.4 1262.58
849.6 1262.68
850.8 1262.77
852.0 1262.87
853.2 1262.96
854.4 1263.05
855.6 1263.14
856.8 1263.23
858.0 1263.31
859.2 1263.39
860.4 1263.47
861.6 1263.55
862.8 1263.63
864.0 1263.7
865.2 1263.78
866.4 1263.85
867.6 1263.92
868.8 1263.99
870.0 1264.05
871.2 1264.11
872.4 1264.18
873.6 1264.24
874.8 1264.29
876.0 1264.35
877.2 1264.41
878.4 1264.46
879.6 1264.51
880.8 1264.56
882.0 1264.61
883.2 1264.65
884.4 1264.7
885.6 1264.74
886.8 1264.78
888.0 1264.82
889.2 1264.86
890.4 1264.89
891.6 1264.93
892.8 1264.96
894.0 1264.99
895.2 1265.02
896.4 1265.05
897.6 1265.07
898.8 1265.1
900.0 1265.12
901.2 1265.15
902.4 1265.17
903.6 1265.19
904.8 1265.2
906.0 1265.22
907.2 1265.24
908.4 1265.25
909.6 1265.26
910.8 1265.27
912.0 1265.28
913.2 1265.29
914.4 1265.3
915.6 1265.3
916.8 1265.31
918.0 1265.31
919.2 1265.31
920.4 1265.31
921.6 1265.31
922.8 1265.31
924.0 1265.31
925.2 1265.31
926.4 1265.3
927.6 1265.3
928.8 1265.29
930.0 1265.28
931.2 1265.27
932.4 1265.26
933.6 1265.25
934.8 1265.24
936.0 1265.23
937.2 1265.21
938.4 1265.2
939.6 1265.18
940.8 1265.16
942.0 1265.15
943.2 1265.13
944.4 1265.11
945.6 1265.09
946.8 1265.07
948.0 1265.05
949.2 1265.02
950.4 1265.0
951.6 1264.98
952.8 1264.95
954.0 1264.93
955.2 1264.9
956.4 1264.87
957.6 1264.85
958.8 1264.82
960.0 1264.79
961.2 1264.76
962.4 1264.73
963.6 1264.7
964.8 1264.67
966.0 1264.64
967.2 1264.61
968.4 1264.57
969.6 1264.54
970.8 1264.51
972.0 1264.47
973.2 1264.44
974.4 1264.4
975.6 1264.37
976.8 1264.33
978.0 1264.3
979.2 1264.26
980.4 1264.22
981.6 1264.19
982.8 1264.15
984.0 1264.11
985.2 1264.07
986.4 1264.04
987.6 1264.0
988.8 1263.96
990.0 1263.92
991.2 1263.88
992.4 1263.84
993.6 1263.8
994.8 1263.76
996.0 1263.72
997.2 1263.68
998.4 1263.64
999.6 1263.6
1000.8 1263.56
1002.0 1263.52
1003.2 1263.48
1004.4 1263.44
1005.6 1263.4
1006.8 1263.36
1008.0 1263.31
1009.2 1263.27
1010.4 1263.23
1011.6 1263.19
1012.8 1263.15
1014.0 1263.11
1015.2 1263.07
1016.4 1263.03
1017.6 1262.99
1018.8 1262.95
1020.0 1262.91
1021.2 1262.86
1022.4 1262.82
1023.6 1262.78
1024.8 1262.74
1026.0 1262.7
1027.2 1262.66
1028.4 1262.62
1029.6 1262.58
1030.8 1262.54
1032.0 1262.5
1033.2 1262.46
1034.4 1262.42
1035.6 1262.38
1036.8 1262.34
1038.0 1262.3
1039.2 1262.26
1040.4 1262.22
1041.6 1262.18
1042.8 1262.14
1044.0 1262.1
1045.2 1262.06
1046.4 1262.02
1047.6 1261.98
1048.8 1261.94
1050.0 1261.91
1051.2 1261.87
1052.4 1261.83
1053.6 1261.79
1054.8 1261.75
1056.0 1261.72
1057.2 1261.68
1058.4 1261.64
1059.6 1261.61
1060.8 1261.57
1062.0 1261.53
1063.2 1261.5
1064.4 1261.46
1065.6 1261.43
1066.8 1261.39
1068.0 1261.36
1069.2 1261.32
1070.4 1261.29
1071.6 1261.25
1072.8 1261.22
1074.0 1261.19
1075.2 1261.15
1076.4 1261.12
1077.6 1261.09
1078.8 1261.06
1080.0 1261.03
1081.2 1260.99
1082.4 1260.96
1083.6 1260.93
1084.8 1260.9
1086.0 1260.87
1087.2 1260.84
1088.4 1260.81
1089.6 1260.78
1090.8 1260.75
1092.0 1260.73
1093.2 1260.7
1094.4 1260.67
1095.6 1260.64
1096.8 1260.61
1098.0 1260.59
1099.2 1260.56
1100.4 1260.54
1101.6 1260.51
1102.8 1260.48
1104.0 1260.46
1105.2 1260.43
1106.4 1260.41
1107.6 1260.39
1108.8 1260.36
1110.0 1260.34
1111.2 1260.32
1112.4 1260.29
1113.6 1260.27
1114.8 1260.25
1116.0 1260.23
1117.2 1260.21
1118.4 1260.19
1119.6 1260.17
1120.8 1260.15
1122.0 1260.13
1123.2 1260.11
1124.4 1260.09
1125.6 1260.07
1126.8 1260.05
1128.0 1260.03
1129.2 1260.01
1130.4 1260.0
1131.6 1259.98
1132.8 1259.96
1134.0 1259.95
1135.2 1259.93
1136.4 1259.91
1137.6 1259.9
1138.8 1259.88
1140.0 1259.87
1141.2 1259.85
1142.4 1259.84
1143.6 1259.83
1144.8 1259.81
1146.0 1259.8
1147.2 1259.79
1148.4 1259.77
1149.6 1259.76
1150.8 1259.75
1152.0 1259.74
1153.2 1259.73
1154.4 1259.72
1155.6 1259.71
1156.8 1259.69
1158.0 1259.68
1159.2 1259.67
1160.4 1259.66
1161.6 1259.65
1162.8 1259.65
1164.0 1259.64
1165.2 1259.63
1166.4 1259.62
1167.6 1259.61
1168.8 1259.6
1170.0 1259.6
1171.2 1259.59
1172.4 1259.58
1173.6 1259.57
1174.8 1259.57
1176.0 1259.56
1177.2 1259.56
1178.4 1259.55
1179.6 1259.54
1180.8 1259.54
1182.0 1259.53
1183.2 1259.53
1184.4 1259.53
1185.6 1259.52
1186.8 1259.52
1188.0 1259.51
1189.2 1259.51
1190.4 1259.51
1191.6 1259.5
1192.8 1259.5
1194.0 1259.5
1195.2 1259.5
1196.4 1259.49
1197.6 1259.49
1198.8 1259.49
1200.0 1259.49
1201.2 1259.49
1202.4 1259.49
1203.6 1259.49
1204.8 1259.49
1206.0 1259.49
1207.2 1259.49
1208.4 1259.49
1209.6 1259.49
1210.8 1259.49
1212.0 1259.49
1213.2 1259.49
1214.4 1259.49
1215.6 1259.49
1216.8 1259.49
1218.0 1259.5
1219.2 1259.5
1220.4 1259.5
1221.6 1259.5
1222.8 1259.5
1224.0 1259.51
1225.2 1259.51
1226.4 1259.51
1227.6 1259.52
1228.8 1259.52
1230.0 1259.52
1231.2 1259.53
1232.4 1259.53
1233.6 1259.53
1234.8 1259.54
1236.0 1259.54
1237.2 1259.55
1238.4 1259.55
1239.6 1259.55
1240.8 1259.56
1242.0 1259.56
1243.2 1259.57
1244.4 1259.57
1245.6 1259.58
1246.8 1259.58
1248.0 1259.59
1249.2 1259.59
1250.4 1259.6
1251.6 1259.6
1252.8 1259.61
1254.0 1259.61
1255.2 1259.62
1256.4 1259.62
1257.6 1259.63
1258.8 1259.63
1260.0 1259.64
1261.2 1259.64
1262.4 1259.65
1263.6 1259.66
1264.8 1259.66
1266.0 1259.67
1267.2 1259.67
1268.4 1259.68
1269.6 1259.68
1270.8 1259.69
1272.0 1259.7
1273.2 1259.7
1274.4 1259.71
1275.6 1259.71
1276.8 1259.72
1278.0 1259.73
1279.2 1259.73
1280.4 1259.74
1281.6 1259.74
1282.8 1259.75
1284.0 1259.76
1285.2 1259.76
1286.4 1259.77
1287.6 1259.77
1288.8 1259.78
1290.0 1259.79
1291.2 1259.79
1292.4 1259.8
1293.6 1259.81
1294.8 1259.81
1296.0 1259.82
1297.2 1259.82
1298.4 1259.83
1299.6 1259.84
1300.8 1259.84
1302.0 1259.85
1303.2 1259.86
1304.4 1259.86
1305.6 1259.87
1306.8 1259.87
1308.0 1259.88
1309.2 1259.89
1310.4 1259.89
1311.6 1259.9
1312.8 1259.91
1314.0 1259.92
1315.2 1259.93
1316.4 1259.95
1317.6 1259.96
1318.8 1259.98
1320.0 1260.0
1321.2 1260.02
1322.4 1260.04
1323.6 1260.07
1324.8 1260.1
1326.0 1260.14
1327.2 1260.18
1328.4 1260.22
1329.6 1260.26
1330.8 1260.32
1332.0 1260.37
1333.2 1260.43
1334.4 1260.5
1335.6 1260.57
1336.8 1260.65
1338.0 1260.73
1339.2 1260.82
1340.4 1260.92
1341.6 1261.02
1342.8 1261.13
1344.0 1261.25
1345.2 1261.37
1346.4 1261.51
1347.6 1261.65
1348.8 1261.79
1350.0 1261.95
1351.2 1262.11
1352.4 1262.28
1353.6 1262.46
1354.8 1262.64
1356.0 1262.84
1357.2 1263.04
1358.4 1263.24
1359.6 1263.46
1360.8 1263.68
1362.0 1263.91
1363.2 1264.15
1364.4 1264.39
1365.6 1264.64
1366.8 1264.9
1368.0 1265.16
1369.2 1265.43
1370.4 1265.71
1371.6 1265.99
1372.8 1266.28
1374.0 1266.58
1375.2 1266.88
1376.4 1267.18
1377.6 1267.5
1378.8 1267.81
1380.0 1268.14
1381.2 1268.46
1382.4 1268.8
1383.6 1269.13
1384.8 1269.48
1386.0 1269.82
1387.2 1270.17
1388.4 1270.53
1389.6 1270.89
1390.8 1271.25
1392.0 1271.62
1393.2 1271.99
1394.4 1272.37
1395.6 1272.74
1396.8 1273.13
1398.0 1273.51
1399.2 1273.9
1400.4 1274.29
1401.6 1274.68
1402.8 1275.08
1404.0 1275.48
1405.2 1275.88
1406.4 1276.28
1407.6 1276.69
1408.8 1277.1
1410.0 1277.51
1411.2 1277.92
1412.4 1278.33
1413.6 1278.75
1414.8 1279.16
1416.0 1279.58
1417.2 1280.0
1418.4 1280.42
1419.6 1280.84
1420.8 1281.26
1422.0 1281.68
1423.2 1282.11
1424.4 1282.53
1425.6 1282.96
1426.8 1283.38
1428.0 1283.81
1429.2 1284.23
1430.4 1284.66
1431.6 1285.08
1432.8 1285.51
1434.0 1285.93
1435.2 1286.36
1436.4 1286.78
1437.6 1287.21
1438.8 1287.63
1440.0 1288.05
1441.2 1288.47
1442.4 1288.9
1443.6 1289.32
1444.8 1289.74
1446.0 1290.15
1447.2 1290.57
1448.4 1290.99
1449.6 1291.4
1450.8 1291.82
1452.0 1292.23
1453.2 1292.64
1454.4 1293.05
1455.6 1293.46
1456.8 1293.86
1458.0 1294.26
1459.2 1294.67
1460.4 1295.07
1461.6 1295.47
1462.8 1295.86
1464.0 1296.26
1465.2 1296.65
1466.4 1297.04
1467.6 1297.43
1468.8 1297.81
1470.0 1298.19
1471.2 1298.57
1472.4 1298.95
1473.6 1299.33
1474.8 1299.7
1476.0 1300.07
1477.2 1300.44
1478.4 1300.81
1479.6 1301.17
1480.8 1301.53
1482.0 1301.89
1483.2 1302.24
1484.4 1302.59
1485.6 1302.94
1486.8 1303.29
1488.0 1303.63
1489.2 1303.97
1490.4 1304.31
1491.6 1304.64
1492.8 1304.97
1494.0 1305.3
1495.2 1305.62
1496.4 1305.94
1497.6 1306.26
1498.8 1306.58
1500.0 1306.89
1501.2 1307.2
1502.4 1307.5
1503.6 1307.81
1504.8 1308.1
1506.0 1308.4
1507.2 1308.69
1508.4 1308.98
1509.6 1309.27
1510.8 1309.55
1512.0 1309.83
1513.2 1310.11
1514.4 1310.38
1515.6 1310.65
1516.8 1310.91
1518.0 1311.18
1519.2 1311.44
1520.4 1311.69
1521.6 1311.94
1522.8 1312.19
1524.0 1312.44
1525.2 1312.68
1526.4 1312.92
1527.6 1313.16
1528.8 1313.39
1530.0 1313.62
1531.2 1313.85
1532.4 1314.07
1533.6 1314.29
1534.8 1314.5
1536.0 1314.72
1537.2 1314.93
1538.4 1315.13
1539.6 1315.33
1540.8 1315.53
1542.0 1315.73
1543.2 1315.92
1544.4 1316.11
1545.6 1316.3
1546.8 1316.48
1548.0 1316.66
1549.2 1316.84
1550.4 1317.01
1551.6 1317.18
1552.8 1317.35
1554.0 1317.51
1555.2 1317.67
1556.4 1317.83
1557.6 1317.98
1558.8 1318.13
1560.0 1318.28
1561.2 1318.43
1562.4 1318.57
1563.6 1318.71
1564.8 1318.85
1566.0 1318.98
1567.2 1319.11
1568.4 1319.24
1569.6 1319.36
1570.8 1319.48
1572.0 1319.6
1573.2 1319.72
1574.4 1319.83
1575.6 1319.94
1576.8 1320.05
1578.0 1320.15
1579.2 1320.26
1580.4 1320.36
1581.6 1320.45
1582.8 1320.55
1584.0 1320.64
1585.2 1320.73
1586.4 1320.81
1587.6 1320.9
1588.8 1320.98
1590.0 1321.05
1591.2 1321.13
1592.4 1321.2
1593.6 1321.27
1594.8 1321.34
1596.0 1321.41
1597.2 1321.47
1598.4 1321.53
1599.6 1321.59
1600.8 1321.65
1602.0 1321.7
1603.2 1321.75
1604.4 1321.8
1605.6 1321.85
1606.8 1321.89
1608.0 1321.93
1609.2 1321.97
1610.4 1322.01
1611.6 1322.05
1612.8 1322.08
1614.0 1322.11
1615.2 1322.14
1616.4 1322.17
1617.6 1322.19
1618.8 1322.22
1620.0 1322.24
1621.2 1322.26
1622.4 1322.27
1623.6 1322.29
1624.8 1322.3
1626.0 1322.31
1627.2 1322.32
1628.4 1322.33
1629.6 1322.34
1630.8 1322.34
1632.0 1322.35
1633.2 1322.35
1634.4 1322.35
1635.6 1322.34
1636.8 1322.34
1638.0 1322.33
1639.2 1322.33
1640.4 1322.32
1641.6 1322.31
1642.8 1322.3
1644.0 1322.28
1645.2 1322.27
1646.4 1322.25
1647.6 1322.23
1648.8 1322.21
1650.0 1322.19
1651.2 1322.17
1652.4 1322.15
1653.6 1322.12
1654.8 1322.1
1656.0 1322.07
1657.2 1322.04
1658.4 1322.01
1659.6 1321.98
1660.8 1321.95
1662.0 1321.92
1663.2 1321.88
1664.4 1321.85
1665.6 1321.81
1666.8 1321.77
1668.0 1321.73
1669.2 1321.7
1670.4 1321.65
1671.6 1321.61
1672.8 1321.57
1674.0 1321.53
1675.2 1321.48
1676.4 1321.44
1677.6 1321.39
1678.8 1321.35
1680.0 1321.3
1681.2 1321.25
1682.4 1321.21
1683.6 1321.16
1684.8 1321.11
1686.0 1321.06
1687.2 1321.0
1688.4 1320.95
1689.6 1320.9
1690.8 1320.85
1692.0 1320.79
1693.2 1320.74
1694.4 1320.69
1695.6 1320.63
1696.8 1320.58
1698.0 1320.52
1699.2 1320.46
1700.4 1320.41
1701.6 1320.35
1702.8 1320.29
1704.0 1320.23
1705.2 1320.18
1706.4 1320.12
1707.6 1320.06
1708.8 1320.0
1710.0 1319.94
1711.2 1319.88
1712.4 1319.82
1713.6 1319.76
1714.8 1319.7
1716.0 1319.64
1717.2 1319.58
1718.4 1319.52
1719.6 1319.46
1720.8 1319.4
1722.0 1319.34
1723.2 1319.28
1724.4 1319.22
1725.6 1319.16
1726.8 1319.1
1728.0 1319.03
1729.2 1318.97
1730.4 1318.91
1731.6 1318.85
1732.8 1318.79
1734.0 1318.73
1735.2 1318.67
1736.4 1318.61
1737.6 1318.56
1738.8 1318.5
1740.0 1318.44
1741.2 1318.38
1742.4 1318.32
1743.6 1318.26
1744.8 1318.2
1746.0 1318.14
1747.2 1318.09
1748.4 1318.03
1749.6 1317.97
1750.8 1317.92
1752.0 1317.86
1753.2 1317.8
1754.4 1317.75
1755.6 1317.69
1756.8 1317.63
1758.0 1317.58
1759.2 1317.52
1760.4 1317.47
1761.6 1317.42
1762.8 1317.36
1764.0 1317.31
1765.2 1317.25
1766.4 1317.2
1767.6 1317.15
1768.8 1317.09
1770.0 1317.04
1771.2 1316.99
1772.4 1316.94
1773.6 1316.89
1774.8 1316.84
1776.0 1316.79
1777.2 1316.73
1778.4 1316.68
1779.6 1316.64
1780.8 1316.59
1782.0 1316.54
1783.2 1316.49
1784.4 1316.44
1785.6 1316.39
1786.8 1316.34
1788.0 1316.3
1789.2 1316.25
1790.4 1316.2
1791.6 1316.16
1792.8 1316.11
1794.0 1316.07
1795.2 1316.02
1796.4 1315.98
1797.6 1315.93
1798.8 1315.89
1800.0 1315.85
1801.2 1315.8
1802.4 1315.76
1803.6 1315.72
1804.8 1315.68
1806.0 1315.64
1807.2 1315.6
1808.4 1315.56
1809.6 1315.52
1810.8 1315.48
1812.0 1315.44
1813.2 1315.4
1814.4 1315.36
1815.6 1315.32
1816.8 1315.29
1818.0 1315.25
1819.2 1315.21
1820.4 1315.18
1821.6 1315.14
1822.8 1315.11
1824.0 1315.07
1825.2 1315.04
1826.4 1315.01
1827.6 1314.98
1828.8 1314.94
1830.0 1314.91
1831.2 1314.88
1832.4 1314.85
1833.6 1314.82
1834.8 1314.79
1836.0 1314.76
1837.2 1314.73
1838.4 1314.71
1839.6 1314.68
1840.8 1314.65
1842.0 1314.62
1843.2 1314.6
1844.4 1314.57
1845.6 1314.55
1846.8 1314.52
1848.0 1314.5
1849.2 1314.48
1850.4 1314.45
1851.6 1314.43
1852.8 1314.41
1854.0 1314.39
1855.2 1314.37
1856.4 1314.35
1857.6 1314.33
1858.8 1314.31
1860.0 1314.29
1861.2 1314.27
1862.4 1314.25
1863.6 1314.24
1864.8 1314.22
1866.0 1314.2
1867.2 1314.19
1868.4 1314.17
1869.6 1314.16
1870.8 1314.14
1872.0 1314.13
1873.2 1314.11
1874.4 1314.1
1875.6 1314.09
1876.8 1314.07
1878.0 1314.06
1879.2 1314.05
1880.4 1314.04
1881.6 1314.03
1882.8 1314.02
1884.0 1314.01
1885.2 1314.0
1886.4 1313.99
1887.6 1313.98
1888.8 1313.97
1890.0 1313.97
1891.2 1313.96
1892.4 1313.95
1893.6 1313.94
1894.8 1313.94
1896.0 1313.93
1897.2 1313.92
1898.4 1313.92
1899.6 1313.91
1900.8 1313.91
1902.0 1313.9
1903.2 1313.9
1904.4 1313.89
1905.6 1313.89
1906.8 1313.89
1908.0 1313.88
1909.2 1313.88
1910.4 1313.88
1911.6 1313.88
1912.8 1313.87
1914.0 1313.87
1915.2 1313.87
1916.4 1313.87
1917.6 1313.87
1918.8 1313.87
1920.0 1313.87
1921.2 1313.87
1922.4 1313.87
1923.6 1313.87
1924.8 1313.87
1926.0 1313.87
1927.2 1313.87
1928.4 1313.87
1929.6 1313.87
1930.8 1313.87
1932.0 1313.87
1933.2 1313.88
1934.4 1313.88
1935.6 1313.88
1936.8 1313.89
1938.0 1313.89
1939.2 1313.89
1940.4 1313.9
1941.6 1313.9
1942.8 1313.9
1944.0 1313.91
1945.2 1313.91
1946.4 1313.92
1947.6 1313.92
1948.8 1313.93
1950.0 1313.93
1951.2 1313.94
1952.4 1313.94
1953.6 1313.95
1954.8 1313.96
1956.0 1313.96
1957.2 1313.97
1958.4 1313.97
1959.6 1313.98
1960.8 1313.99
1962.0 1313.99
1963.2 1314.0
1964.4 1314.01
1965.6 1314.01
1966.8 1314.02
1968.0 1314.03
1969.2 1314.04
1970.4 1314.04
1971.6 1314.05
1972.8 1314.06
1974.0 1314.06
1975.2 1314.07
1976.4 1314.08
1977.6 1314.09
1978.8 1314.09
1980.0 1314.1
1981.2 1314.11
1982.4 1314.12
1983.6 1314.12
1984.8 1314.13
1986.0 1314.14
1987.2 1314.15
1988.4 1314.15
1989.6 1314.16
1990.8 1314.17
1992.0 1314.18
1993.2 1314.18
1994.4 1314.19
1995.6 1314.2
1996.8 1314.21
1998.0 1314.21
1999.2 1314.22
2000.4 1314.23
2001.6 1314.24
2002.8 1314.24
2004.0 1314.25
2005.2 1314.26
2006.4 1314.27
2007.6 1314.27
2008.8 1314.28
2010.0 1314.29
2011.2 1314.3
2012.4 1314.3
2013.6 1314.31
2014.8 1314.32
2016.0 1314.33
2017.2 1314.34
2018.4 1314.34
2019.6 1314.35
2020.8 1314.36
2022.0 1314.37
2023.2 1314.37
2024.4 1314.38
2025.6 1314.39
2026.8 1314.4
2028.0 1314.41
2029.2 1314.41
2030.4 1314.42
2031.6 1314.43
2032.8 1314.44
2034.0 1314.45
2035.2 1314.45
2036.4 1314.46
2037.6 1314.47
2038.8 1314.48
2040.0 1314.48
2041.2 1314.49
2042.4 1314.5
2043.6 1314.51
2044.8 1314.51
2046.0 1314.52
2047.2 1314.53
2048.4 1314.53
2049.6 1314.54
2050.8 1314.55
2052.0 1314.55
2053.2 1314.56
2054.4 1314.57
2055.6 1314.57
2056.8 1314.58
2058.0 1314.59
2059.2 1314.59
2060.4 1314.6
2061.6 1314.6
2062.8 1314.61
2064.0 1314.61
2065.2 1314.62
2066.4 1314.62
2067.6 1314.63
2068.8 1314.64
2070.0 1314.64
2071.2 1314.65
2072.4 1314.65
2073.6 1314.65
2074.8 1314.66
2076.0 1314.66
2077.2 1314.67
2078.4 1314.67
2079.6 1314.68
2080.8 1314.68
2082.0 1314.69
2083.2 1314.69
2084.4 1314.69
2085.6 1314.7
2086.8 1314.7
2088.0 1314.71
2089.2 1314.71
2090.4 1314.71
2091.6 1314.72
2092.8 1314.72
2094.0 1314.72
2095.2 1314.73
2096.4 1314.73
2097.6 1314.73
2098.8 1314.74
2100.0 1314.74
2101.2 1314.75
2102.4 1314.75
2103.6 1314.75
2104.8 1314.76
2106.0 1314.76
2107.2 1314.76
2108.4 1314.76
2109.6 1314.77
2110.8 1314.77
2112.0 1314.77
2113.2 1314.78
2114.4 1314.78
2115.6 1314.78
2116.8 1314.79
2118.0 1314.79
2119.2 1314.79
2120.4 1314.79
2121.6 1314.8
2122.8 1314.8
2124.0 1314.8
2125.2 1314.8
2126.4 1314.81
2127.6 1314.81
2128.8 1314.81
2130.0 1314.81
2131.2 1314.82
2132.4 1314.82
2133.6 1314.82
2134.8 1314.82
2136.0 1314.83
2137.2 1314.83
2138.4 1314.83
2139.6 1314.83
2140.8 1314.84
2142.0 1314.84
2143.2 1314.84
2144.4 1314.84
2145.6 1314.84
2146.8 1314.85
2148.0 1314.85
2149.2 1314.85
2150.4 1314.85
2151.6 1314.85
2152.8 1314.86
2154.0 1314.86
2155.2 1314.86
2156.4 1314.86
2157.6 1314.86
2158.8 1314.86
2160.0 1314.87
2161.2 1314.87
2162.4 1314.87
2163.6 1314.87
2164.8 1314.87
2166.0 1314.87
2167.2 1314.87
2168.4 1314.88
2169.6 1314.88
2170.8 1314.88
2172.0 1314.88
2173.2 1314.88
2174.4 1314.88
2175.6 1314.88
2176.8 1314.88
2178.0 1314.89
2179.2 1314.89
2180.4 1314.89
2181.6 1314.89
2182.8 1314.89
2184.0 1314.89
2185.2 1314.89
2186.4 1314.89
2187.6 1314.89
2188.8 1314.89
2190.0 1314.89
2191.2 1314.89
2192.4 1314.9
2193.6 1314.9
2194.8 1314.9
2196.0 1314.9
2197.2 1314.9
2198.4 1314.9
2199.6 1314.9
2200.8 1314.9
2202.0 1314.9
2203.2 1314.9
2204.4 1314.9
2205.6 1314.9
2206.8 1314.9
2208.0 1314.9
2209.2 1314.9
2210.4 1314.9
2211.6 1314.9
2212.8 1314.9
2214.0 1314.9
2215.2 1314.9
2216.4 1314.9
2217.6 1314.9
2218.8 1314.9
2220.0 1314.9
2221.2 1314.9
2222.4 1314.9
2223.6 1314.9
2224.8 1314.9
2226.0 1314.9
2227.2 1314.9
2228.4 1314.9
2229.6 1314.9
2230.8 1314.9
2232.0 1314.9
2233.2 1314.89
2234.4 1314.89
2235.6 1314.89
2236.8 1314.89
2238.0 1314.89
2239.2 1314.89
2240.4 1314.89
2241.6 1314.89
2242.8 1314.89
2244.0 1314.89
2245.2 1314.89
2246.4 1314.88
2247.6 1314.88
2248.8 1314.88
2250.0 1314.88
2251.2 1314.88
2252.4 1314.88
2253.6 1314.88
2254.8 1314.88
2256.0 1314.87
2257.2 1314.87
2258.4 1314.87
2259.6 1314.87
2260.8 1314.87
2262.0 1314.87
2263.2 1314.86
2264.4 1314.86
2265.6 1314.86
2266.8 1314.86
2268.0 1314.86
2269.2 1314.86
2270.4 1314.85
2271.6 1314.85
2272.8 1314.85
2274.0 1314.85
2275.2 1314.85
2276.4 1314.84
2277.6 1314.84
2278.8 1314.84
2280.0 1314.84
2281.2 1314.84
2282.4 1314.83
2283.6 1314.83
2284.8 1314.83
2286.0 1314.83
2287.2 1314.82
2288.4 1314.82
2289.6 1314.82
2290.8 1314.82
2292.0 1314.82
2293.2 1314.81
2294.4 1314.81
2295.6 1314.81
2296.8 1314.81
2298.0 1314.8
2299.2 1314.8
2300.4 1314.8
2301.6 1314.8
2302.8 1314.79
2304.0 1314.79
2305.2 1314.79
2306.4 1314.79
2307.6 1314.78
2308.8 1314.78
2310.0 1314.78
2311.2 1314.78
2312.4 1314.77
2313.6 1314.77
2314.8 1314.77
2316.0 1314.76
2317.2 1314.76
2318.4 1314.76
2319.6 1314.76
2320.8 1314.75
2322.0 1314.75
2323.2 1314.75
2324.4 1314.74
2325.6 1314.74
2326.8 1314.74
2328.0 1314.74
2329.2 1314.73
2330.4 1314.73
2331.6 1314.73
2332.8 1314.73
2334.0 1314.72
2335.2 1314.72
2336.4 1314.72
2337.6 1314.71
2338.8 1314.71
2340.0 1314.71
2341.2 1314.71
2342.4 1314.7
2343.6 1314.7
2344.8 1314.7
2346.0 1314.7
2347.2 1314.69
2348.4 1314.69
2349.6 1314.69
2350.8 1314.69
2352.0 1314.69
2353.2 1314.68
2354.4 1314.68
2355.6 1314.68
2356.8 1314.68
2358.0 1314.67
2359.2 1314.67
2360.4 1314.67
2361.6 1314.67
2362.8 1314.67
2364.0 1314.66
2365.2 1314.66
2366.4 1314.66
2367.6 1314.66
2368.8 1314.66
2370.0 1314.65
2371.2 1314.65
2372.4 1314.65
2373.6 1314.65
2374.8 1314.65
2376.0 1314.65
2377.2 1314.64
2378.4 1314.64
2379.6 1314.64
2380.8 1314.64
2382.0 1314.64
2383.2 1314.64
2384.4 1314.63
2385.6 1314.63
2386.8 1314.63
2388.0 1314.63
2389.2 1314.63
2390.4 1314.63
2391.6 1314.63
2392.8 1314.62
2394.0 1314.62
2395.2 1314.62
2396.4 1314.62
2397.6 1314.62
2398.8 1314.62
2400.0 1314.62
2401.2 1314.62
2402.4 1314.61
2403.6 1314.61
2404.8 1314.61
2406.0 1314.61
2407.2 1314.61
2408.4 1314.61
2409.6 1314.61
2410.8 1314.61
2412.0 1314.61
2413.2 1314.61
2414.4 1314.61
2415.6 1314.6
2416.8 1314.6
2418.0 1314.6
2419.2 1314.6
2420.4 1314.6
2421.6 1314.6
2422.8 1314.6
2424.0 1314.6
2425.2 1314.6
2426.4 1314.6
2427.6 1314.6
2428.8 1314.6
2430.0 1314.6
2431.2 1314.6
2432.4 1314.6
2433.6 1314.6
2434.8 1314.6
2436.0 1314.6
2437.2 1314.6
2438.4 1314.6
2439.6 1314.6
2440.8 1314.6
2442.0 1314.6
2443.2 1314.6
2444.4 1314.6
2445.6 1314.6
2446.8 1314.6
2448.0 1314.6
2449.2 1314.6
2450.4 1314.6
2451.6 1314.6
2452.8 1314.6
2454.0 1314.6
2455.2 1314.6
2456.4 1314.6
2457.6 1314.6
2458.8 1314.6
2460.0 1314.6
2461.2 1314.6
2462.4 1314.6
2463.6 1314.61
2464.8 1314.61
2466.0 1314.61
2467.2 1314.61
2468.4 1314.61
2469.6 1314.61
2470.8 1314.61
2472.0 1314.61
2473.2 1314.61
2474.4 1314.62
2475.6 1314.62
2476.8 1314.62
2478.0 1314.62
2479.2 1314.62
2480.4 1314.62
2481.6 1314.62
2482.8 1314.63
2484.0 1314.63
2485.2 1314.63
2486.4 1314.63
2487.6 1314.63
2488.8 1314.63
2490.0 1314.64
2491.2 1314.64
2492.4 1314.64
2493.6 1314.64
2494.8 1314.64
2496.0 1314.64
2497.2 1314.65
2498.4 1314.65
2499.6 1314.65
2500.8 1314.65
2502.0 1314.65
2503.2 1314.66
2504.4 1314.66
2505.6 1314.66
2506.8 1314.66
2508.0 1314.66
2509.2 1314.67
2510.4 1314.67
2511.6 1314.67
2512.8 1314.67
2514.0 1314.67
2515.2 1314.68
2516.4 1314.68
2517.6 1314.68
2518.8 1314.68
2520.0 1314.68
2521.2 1314.69
2522.4 1314.69
2523.6 1314.69
2524.8 1314.69
2526.0 1314.7
2527.2 1314.7
2528.4 1314.7
2529.6 1314.7
2530.8 1314.7
2532.0 1314.71
2533.2 1314.71
2534.4 1314.71
2535.6 1314.71
2536.8 1314.71
2538.0 1314.72
2539.2 1314.72
2540.4 1314.72
2541.6 1314.72
2542.8 1314.72
2544.0 1314.72
2545.2 1314.73
2546.4 1314.73
2547.6 1314.73
2548.8 1314.73
2550.0 1314.73
2551.2 1314.73
2552.4 1314.74
2553.6 1314.74
2554.8 1314.74
2556.0 1314.74
2557.2 1314.74
2558.4 1314.74
2559.6 1314.74
2560.8 1314.75
2562.0 1314.75
2563.2 1314.75
2564.4 1314.75
2565.6 1314.75
2566.8 1314.75
2568.0 1314.75
2569.2 1314.75
2570.4 1314.75
2571.6 1314.76
2572.8 1314.76
2574.0 1314.76
2575.2 1314.76
2576.4 1314.76
2577.6 1314.76
2578.8 1314.76
2580.0 1314.76
2581.2 1314.76
2582.4 1314.76
2583.6 1314.76
2584.8 1314.77
2586.0 1314.77
2587.2 1314.77
2588.4 1314.77
2589.6 1314.77
2590.8 1314.77
2592.0 1314.77
2593.2 1314.77
2594.4 1314.77
2595.6 1314.77
2596.8 1314.77
2598.0 1314.77
2599.2 1314.77
2600.4 1314.77
2601.6 1314.77
2602.8 1314.77
2604.0 1314.77
2605.2 1314.77
2606.4 1314.78
2607.6 1314.78
2608.8 1314.78
2610.0 1314.78
2611.2 1314.78
2612.4 1314.78
2613.6 1314.78
2614.8 1314.78
2616.0 1314.78
2617.2 1314.78
2618.4 1314.78
2619.6 1314.78
2620.8 1314.78
2622.0 1314.78
2623.2 1314.78
2624.4 1314.78
2625.6 1314.78
2626.8 1314.78
2628.0 1314.78
2629.2 1314.78
2630.4 1314.78
2631.6 1314.78
2632.8 1314.78
2634.0 1314.78
2635.2 1314.78
2636.4 1314.77
2637.6 1314.77
2638.8 1314.77
2640.0 1314.77
2641.2 1314.77
2642.4 1314.77
2643.6 1314.77
2644.8 1314.77
2646.0 1314.77
2647.2 1314.77
2648.4 1314.77
2649.6 1314.77
2650.8 1314.77
2652.0 1314.77
2653.2 1314.77
2654.4 1314.76
2655.6 1314.76
2656.8 1314.76
2658.0 1314.76
2659.2 1314.76
2660.4 1314.76
2661.6 1314.76
2662.8 1314.76
2664.0 1314.76
2665.2 1314.76
2666.4 1314.75
2667.6 1314.75
2668.8 1314.75
2670.0 1314.75
2671.2 1314.75
2672.4 1314.75
2673.6 1314.75
2674.8 1314.75
2676.0 1314.75
2677.2 1314.74
2678.4 1314.74
2679.6 1314.74
2680.8 1314.74
2682.0 1314.74
2683.2 1314.74
2684.4 1314.74
2685.6 1314.74
2686.8 1314.73
2688.0 1314.73
2689.2 1314.73
2690.4 1314.73
2691.6 1314.73
2692.8 1314.73
2694.0 1314.73
2695.2 1314.72
2696.4 1314.72
2697.6 1314.72
2698.8 1314.72
2700.0 1314.72
2701.2 1314.72
2702.4 1314.71
2703.6 1314.71
2704.8 1314.71
2706.0 1314.71
2707.2 1314.71
2708.4 1314.71
2709.6 1314.7
2710.8 1314.7
2712.0 1314.7
2713.2 1314.7
2714.4 1314.7
2715.6 1314.69
2716.8 1314.69
2718.0 1314.69
2719.2 1314.69
2720.4 1314.69
2721.6 1314.68
2722.8 1314.68
2724.0 1314.68
2725.2 1314.68
2726.4 1314.67
2727.6 1314.67
2728.8 1314.67
2730.0 1314.67
2731.2 1314.66
2732.4 1314.66
2733.6 1314.66
2734.8 1314.66
2736.0 1314.65
2737.2 1314.65
2738.4 1314.65
2739.6 1314.65
2740.8 1314.64
2742.0 1314.64
2743.2 1314.64
2744.4 1314.64
2745.6 1314.63
2746.8 1314.63
2748.0 1314.63
2749.2 1314.63
2750.4 1314.62
2751.6 1314.62
2752.8 1314.62
2754.0 1314.62
2755.2 1314.61
2756.4 1314.61
2757.6 1314.61
2758.8 1314.61
2760.0 1314.61
2761.2 1314.6
2762.4 1314.6
2763.6 1314.6
2764.8 1314.6
2766.0 1314.59
2767.2 1314.59
2768.4 1314.59
2769.6 1314.59
2770.8 1314.59
2772.0 1314.58
2773.2 1314.58
2774.4 1314.58
2775.6 1314.58
2776.8 1314.58
2778.0 1314.57
2779.2 1314.57
2780.4 1314.57
2781.6 1314.57
2782.8 1314.57
2784.0 1314.57
2785.2 1314.56
2786.4 1314.56
2787.6 1314.56
2788.8 1314.56
2790.0 1314.56
2791.2 1314.56
2792.4 1314.55
2793.6 1314.55
2794.8 1314.55
2796.0 1314.55
2797.2 1314.55
2798.4 1314.55
2799.6 1314.54
2800.8 1314.54
2802.0 1314.54
2803.2 1314.54
2804.4 1314.54
2805.6 1314.54
2806.8 1314.54
2808.0 1314.54
2809.2 1314.53
2810.4 1314.53
2811.6 1314.53
2812.8 1314.53
2814.0 1314.53
2815.2 1314.53
2816.4 1314.53
2817.6 1314.53
2818.8 1314.53
2820.0 1314.52
2821.2 1314.52
2822.4 1314.52
2823.6 1314.52
2824.8 1314.52
2826.0 1314.52
2827.2 1314.52
2828.4 1314.52
2829.6 1314.52
2830.8 1314.52
2832.0 1314.52
2833.2 1314.52
2834.4 1314.52
2835.6 1314.52
2836.8 1314.52
2838.0 1314.52
2839.2 1314.52
2840.4 1314.52
2841.6 1314.52
2842.8 1314.52
2844.0 1314.52
2845.2 1314.52
2846.4 1314.52
2847.6 1314.52
2848.8 1314.52
2850.0 1314.52
2851.2 1314.52
2852.4 1314.52
2853.6 1314.52
2854.8 1314.52
2856.0 1314.52
2857.2 1314.52
2858.4 1314.52
2859.6 1314.52
2860.8 1314.52
2862.0 1314.53
2863.2 1314.53
2864.4 1314.53
2865.6 1314.53
2866.8 1314.53
2868.0 1314.53
2869.2 1314.53
2870.4 1314.53
2871.6 1314.54
2872.8 1314.54
2874.0 1314.54
2875.2 1314.54
2876.4 1314.54
2877.6 1314.54
2878.8 1314.55
2880.0 1314.55
2881.2 1314.55
2882.4 1314.55
2883.6 1314.55
2884.8 1314.56
2886.0 1314.56
2887.2 1314.56
2888.4 1314.56
2889.6 1314.56
2890.8 1314.57
2892.0 1314.57
2893.2 1314.57
2894.4 1314.57
2895.6 1314.58
2896.8 1314.58
2898.0 1314.58
2899.2 1314.58
2900.4 1314.59
2901.6 1314.59
2902.8 1314.59
2904.0 1314.59
2905.2 1314.6
2906.4 1314.6
2907.6 1314.6
2908.8 1314.6
2910.0 1314.61
2911.2 1314.61
2912.4 1314.61
2913.6 1314.61
2914.8 1314.62
2916.0 1314.62
2917.2 1314.62
2918.4 1314.63
2919.6 1314.63
2920.8 1314.63
2922.0 1314.64
2923.2 1314.64
2924.4 1314.64
2925.6 1314.64
2926.8 1314.65
2928.0 1314.65
2929.2 1314.65
2930.4 1314.66
2931.6 1314.66
2932.8 1314.66
2934.0 1314.67
2935.2 1314.67
2936.4 1314.67
2937.6 1314.68
2938.8 1314.68
2940.0 1314.68
2941.2 1314.69
2942.4 1314.69
2943.6 1314.69
2944.8 1314.7
2946.0 1314.7
2947.2 1314.71
2948.4 1314.71
2949.6 1314.71
2950.8 1314.72
2952.0 1314.72
2953.2 1314.72
2954.4 1314.73
2955.6 1314.73
2956.8 1314.73
2958.0 1314.74
2959.2 1314.74
2960.4 1314.75
2961.6 1314.75
2962.8 1314.75
2964.0 1314.76
2965.2 1314.76
2966.4 1314.76
2967.6 1314.77
2968.8 1314.77
2970.0 1314.77
2971.2 1314.78
2972.4 1314.78
2973.6 1314.78
2974.8 1314.78
2976.0 1314.79
2977.2 1314.79
2978.4 1314.79
2979.6 1314.8
2980.8 1314.8
2982.0 1314.8
2983.2 1314.8
2984.4 1314.81
2985.6 1314.81
2986.8 1314.81
2988.0 1314.82
2989.2 1314.82
2990.4 1314.82
2991.6 1314.82
2992.8 1314.83
2994.0 1314.83
2995.2 1314.83
2996.4 1314.83
2997.6 1314.83
2998.8 1314.84
3000.0 1314.84
3001.2 1314.84
3002.4 1314.84
3003.6 1314.85
3004.8 1314.85
3006.0 1314.85
3007.2 1314.85
3008.4 1314.85
3009.6 1314.85
3010.8 1314.86
3012.0 1314.86
3013.2 1314.86
3014.4 1314.86
3015.6 1314.86
3016.8 1314.86
3018.0 1314.87
3019.2 1314.87
3020.4 1314.87
3021.6 1314.87
3022.8 1314.87
3024.0 1314.87
3025.2 1314.88
3026.4 1314.88
3027.6 1314.88
3028.8 1314.88
3030.0 1314.88
3031.2 1314.88
3032.4 1314.88
3033.6 1314.88
3034.8 1314.88
3036.0 1314.89
3037.2 1314.89
3038.4 1314.89
3039.6 1314.89
3040.8 1314.89
3042.0 1314.89
3043.2 1314.89
3044.4 1314.89
3045.6 1314.89
3046.8 1314.89
3048.0 1314.89
3049.2 1314.89
3050.4 1314.89
3051.6 1314.9
3052.8 1314.9
3054.0 1314.9
3055.2 1314.9
3056.4 1314.9
3057.6 1314.9
3058.8 1314.9
3060.0 1314.9
3061.2 1314.9
3062.4 1314.9
3063.6 1314.9
3064.8 1314.9
3066.0 1314.9
3067.2 1314.9
3068.4 1314.9
3069.6 1314.9
3070.8 1314.9
3072.0 1314.9
3073.2 1314.9
3074.4 1314.9
3075.6 1314.9
3076.8 1314.9
3078.0 1314.9
3079.2 1314.9
3080.4 1314.89
3081.6 1314.89
3082.8 1314.89
3084.0 1314.89
3085.2 1314.89
3086.4 1314.89
3087.6 1314.89
3088.8 1314.89
3090.0 1314.89
3091.2 1314.89
3092.4 1314.89
3093.6 1314.89
3094.8 1314.89
3096.0 1314.88
3097.2 1314.88
3098.4 1314.88
3099.6 1314.88
3100.8 1314.88
3102.0 1314.88
3103.2 1314.88
3104.4 1314.88
3105.6 1314.87
3106.8 1314.87
3108.0 1314.87
3109.2 1314.87
3110.4 1314.87
3111.6 1314.87
3112.8 1314.87
3114.0 1314.86
3115.2 1314.86
3116.4 1314.86
3117.6 1314.86
3118.8 1314.86
3120.0 1314.86
3121.2 1314.85
3122.4 1314.85
3123.6 1314.85
3124.8 1314.85
3126.0 1314.85
3127.2 1314.84
3128.4 1314.84
3129.6 1314.84
3130.8 1314.84
3132.0 1314.84
3133.2 1314.83
3134.4 1314.83
3135.6 1314.83
3136.8 1314.83
3138.0 1314.83
3139.2 1314.82
3140.4 1314.82
3141.6 1314.82
3142.8 1314.82
3144.0 1314.81
3145.2 1314.81
3146.4 1314.81
3147.6 1314.81
3148.8 1314.8
3150.0 1314.8
3151.2 1314.8
3152.4 1314.8
3153.6 1314.79
3154.8 1314.79
3156.0 1314.79
3157.2 1314.79
3158.4 1314.79
3159.6 1314.78
3160.8 1314.78
3162.0 1314.78
3163.2 1314.78
3164.4 1314.78
3165.6 1314.77
3166.8 1314.77
3168.0 1314.77
3169.2 1314.77
3170.4 1314.77
3171.6 1314.76
3172.8 1314.76
3174.0 1314.76
3175.2 1314.76
3176.4 1314.76
3177.6 1314.75
3178.8 1314.75
3180.0 1314.75
3181.2 1314.75
3182.4 1314.75
3183.6 1314.75
3184.8 1314.74
3186.0 1314.74
3187.2 1314.74
3188.4 1314.74
3189.6 1314.74
3190.8 1314.74
3192.0 1314.74
3193.2 1314.73
3194.4 1314.73
3195.6 1314.73
3196.8 1314.73
3198.0 1314.73
3199.2 1314.73
3200.4 1314.73
3201.6 1314.72
3202.8 1314.72
3204.0 1314.72
3205.2 1314.72
3206.4 1314.72
3207.6 1314.72
3208.8 1314.72
3210.0 1314.72
3211.2 1314.72
3212.4 1314.71
3213.6 1314.71
3214.8 1314.71
3216.0 1314.71
3217.2 1314.71
3218.4 1314.71
3219.6 1314.71
3220.8 1314.71
3222.0 1314.71
3223.2 1314.7
3224.4 1314.7
3225.6 1314.7
3226.8 1314.7
3228.0 1314.7
3229.2 1314.7
3230.4 1314.7
3231.6 1314.7
3232.8 1314.7
3234.0 1314.7
3235.2 1314.7
3236.4 1314.7
3237.6 1314.7
3238.8 1314.69
3240.0 1314.69
3241.2 1314.69
3242.4 1314.69
3243.6 1314.69
3244.8 1314.69
3246.0 1314.69
3247.2 1314.69
3248.4 1314.69
3249.6 1314.69
3250.8 1314.69
3252.0 1314.69
3253.2 1314.69
3254.4 1314.69
3255.6 1314.69
3256.8 1314.69
3258.0 1314.69
3259.2 1314.69
3260.4 1314.69
3261.6 1314.69
3262.8 1314.69
3264.0 1314.69
3265.2 1314.69
3266.4 1314.69
3267.6 1314.69
3268.8 1314.69
3270.0 1314.69
3271.2 1314.69
3272.4 1314.69
3273.6 1314.69
3274.8 1314.69
3276.0 1314.69
3277.2 1314.69
3278.4 1314.69
3279.6 1314.69
3280.8 1314.69
3282.0 1314.69
3283.2 1314.69
3284.4 1314.69
3285.6 1314.69
3286.8 1314.69
3288.0 1314.7
3289.2 1314.7
3290.4 1314.7
3291.6 1314.7
3292.8 1314.7
3294.0 1314.7
3295.2 1314.7
3296.4 1314.7
3297.6 1314.7
3298.8 1314.7
3300.0 1314.7
3301.2 1314.7
3302.4 1314.7
3303.6 1314.7
3304.8 1314.71
3306.0 1314.71
3307.2 1314.71
3308.4 1314.71
3309.6 1314.71
3310.8 1314.71
3312.0 1314.71
3313.2 1314.71
3314.4 1314.71
3315.6 1314.71
3316.8 1314.71
3318.0 1314.71
3319.2 1314.72
3320.4 1314.72
3321.6 1314.72
3322.8 1314.72
3324.0 1314.72
3325.2 1314.72
3326.4 1314.72
3327.6 1314.72
3328.8 1314.72
3330.0 1314.73
3331.2 1314.73
3332.4 1314.73
3333.6 1314.73
3334.8 1314.73
3336.0 1314.73
3337.2 1314.73
3338.4 1314.73
3339.6 1314.73
3340.8 1314.73
3342.0 1314.74
3343.2 1314.74
3344.4 1314.74
3345.6 1314.74
3346.8 1314.74
3348.0 1314.74
3349.2 1314.74
3350.4 1314.74
3351.6 1314.74
3352.8 1314.74
3354.0 1314.74
3355.2 1314.74
3356.4 1314.74
3357.6 1314.75
3358.8 1314.75
3360.0 1314.75
3361.2 1314.75
3362.4 1314.75
3363.6 1314.75
3364.8 1314.75
3366.0 1314.75
3367.2 1314.75
3368.4 1314.75
3369.6 1314.75
3370.8 1314.75
3372.0 1314.75
3373.2 1314.75
3374.4 1314.75
3375.6 1314.75
3376.8 1314.75
3378.0 1314.75
3379.2 1314.75
3380.4 1314.75
3381.6 1314.75
3382.8 1314.75
3384.0 1314.75
3385.2 1314.75
3386.4 1314.74
3387.6 1314.74
3388.8 1314.74
3390.0 1314.74
3391.2 1314.74
3392.4 1314.74
3393.6 1314.74
3394.8 1314.74
3396.0 1314.74
3397.2 1314.74
3398.4 1314.74
3399.6 1314.74
3400.8 1314.74
3402.0 1314.74
3403.2 1314.73
3404.4 1314.73
3405.6 1314.73
3406.8 1314.73
3408.0 1314.73
3409.2 1314.73
3410.4 1314.73
3411.6 1314.73
3412.8 1314.73
3414.0 1314.73
3415.2 1314.73
3416.4 1314.73
3417.6 1314.72
3418.8 1314.72
3420.0 1314.72
3421.2 1314.72
3422.4 1314.72
3423.6 1314.72
3424.8 1314.72
3426.0 1314.72
3427.2 1314.72
3428.4 1314.72
3429.6 1314.72
3430.8 1314.72
3432.0 1314.72
3433.2 1314.72
3434.4 1314.72
3435.6 1314.72
3436.8 1314.72
3438.0 1314.72
3439.2 1314.72
3440.4 1314.72
3441.6 1314.72
3442.8 1314.72
3444.0 1314.72
3445.2 1314.72
3446.4 1314.72
3447.6 1314.72
3448.8 1314.72
3450.0 1314.72
3451.2 1314.72
3452.4 1314.72
3453.6 1314.72
3454.8 1314.72
3456.0 1314.73
3457.2 1314.73
3458.4 1314.73
3459.6 1314.73
3460.8 1314.73
3462.0 1314.73
3463.2 1314.73
3464.4 1314.73
3465.6 1314.73
3466.8 1314.73
3468.0 1314.73
3469.2 1314.73
3470.4 1314.74
3471.6 1314.74
3472.8 1314.74
3474.0 1314.74
3475.2 1314.74
3476.4 1314.74
3477.6 1314.74
3478.8 1314.74
3480.0 1314.74
3481.2 1314.74
3482.4 1314.75
3483.6 1314.75
3484.8 1314.75
3486.0 1314.75
3487.2 1314.75
3488.4 1314.75
3489.6 1314.75
3490.8 1314.75
3492.0 1314.76
3493.2 1314.76
3494.4 1314.76
3495.6 1314.76
3496.8 1314.76
3498.0 1314.76
3499.2 1314.76
3500.4 1314.76
3501.6 1314.77
3502.8 1314.77
3504.0 1314.77
3505.2 1314.77
3506.4 1314.77
3507.6 1314.77
3508.8 1314.77
3510.0 1314.78
3511.2 1314.78
3512.4 1314.78
3513.6 1314.78
3514.8 1314.78
3516.0 1314.78
3517.2 1314.78
3518.4 1314.78
3519.6 1314.78
3520.8 1314.79
3522.0 1314.79
3523.2 1314.79
3524.4 1314.79
3525.6 1314.79
3526.8 1314.79
3528.0 1314.79
3529.2 1314.79
3530.4 1314.79
3531.6 1314.79
3532.8 1314.79
3534.0 1314.79
3535.2 1314.79
3536.4 1314.8
3537.6 1314.8
3538.8 1314.8
3540.0 1314.8
3541.2 1314.8
3542.4 1314.8
3543.6 1314.8
3544.8 1314.8
3546.0 1314.8
3547.2 1314.8
3548.4 1314.8
3549.6 1314.8
3550.8 1314.8
3552.0 1314.8
3553.2 1314.8
3554.4 1314.8
3555.6 1314.8
3556.8 1314.8
3558.0 1314.8
3559.2 1314.8
3560.4 1314.8
3561.6 1314.8
3562.8 1314.8
3564.0 1314.8
3565.2 1314.8
3566.4 1314.79
3567.6 1314.79
3568.8 1314.79
3570.0 1314.79
3571.2 1314.79
3572.4 1314.79
3573.6 1314.79
3574.8 1314.79
3576.0 1314.79
3577.2 1314.79
3578.4 1314.79
3579.6 1314.79
3580.8 1314.79
3582.0 1314.79
3583.2 1314.79
3584.4 1314.79
3585.6 1314.79
3586.8 1314.78
3588.0 1314.78
3589.2 1314.78
3590.4 1314.78
3591.6 1314.78
3592.8 1314.78
3594.0 1314.78
3595.2 1314.78
3596.4 1314.78
3597.6 1314.77
3598.8 1314.77
3600.0 1314.77
3601.2 1314.77
3602.4 1314.77
3603.6 1314.77
3604.8 1314.77
3606.0 1314.77
3607.2 1314.77
3608.4 1314.76
3609.6 1314.76
3610.8 1314.76
3612.0 1314.76
3613.2 1314.76
3614.4 1314.76
3615.6 1314.76
3616.8 1314.76
3618.0 1314.76
3619.2 1314.75
3620.4 1314.75
3621.6 1314.75
3622.8 1314.75
3624.0 1314.75
3625.2 1314.75
3626.4 1314.75
3627.6 1314.75
3628.8 1314.75
3630.0 1314.75
3631.2 1314.75
3632.4 1314.75
3633.6 1314.75
3634.8 1314.75
3636.0 1314.75
3637.2 1314.75
3638.4 1314.74
3639.6 1314.74
3640.8 1314.74
3642.0 1314.74
3643.2 1314.74
3644.4 1314.74
3645.6 1314.74
3646.8 1314.74
3648.0 1314.74
3649.2 1314.74
3650.4 1314.74
3651.6 1314.74
3652.8 1314.74
3654.0 1314.74
3655.2 1314.74
3656.4 1314.74
3657.6 1314.74
3658.8 1314.74
3660.0 1314.74
3661.2 1314.74
3662.4 1314.74
3663.6 1314.74
3664.8 1314.74
3666.0 1314.74
3667.2 1314.74
3668.4 1314.74
3669.6 1314.74
3670.8 1314.74
3672.0 1314.74
3673.2 1314.74
3674.4 1314.74
3675.6 1314.74
3676.8 1314.74
3678.0 1314.74
3679.2 1314.74
3680.4 1314.74
3681.6 1314.74
3682.8 1314.74
3684.0 1314.74
3685.2 1314.74
3686.4 1314.74
3687.6 1314.74
3688.8 1314.74
3690.0 1314.74
3691.2 1314.74
3692.4 1314.74
3693.6 1314.74
3694.8 1314.74
3696.0 1314.74
3697.2 1314.74
3698.4 1314.74
3699.6 1314.74
3700.8 1314.74
3702.0 1314.74
3703.2 1314.74
3704.4 1314.74
3705.6 1314.74
3706.8 1314.74
3708.0 1314.74
3709.2 1314.74
3710.4 1314.74
3711.6 1314.74
3712.8 1314.74
3714.0 1314.74
3715.2 1314.74
3716.4 1314.74
3717.6 1314.74
3718.8 1314.74
3720.0 1314.74
3721.2 1314.74
3722.4 1314.74
3723.6 1314.74
3724.8 1314.74
3726.0 1314.74
3727.2 1314.74
3728.4 1314.74
3729.6 1314.74
3730.8 1314.74
3732.0 1314.74
3733.2 1314.74
3734.4 1314.74
3735.6 1314.75
3736.8 1314.75
3738.0 1314.75
3739.2 1314.75
3740.4 1314.75
3741.6 1314.75
3742.8 1314.75
3744.0 1314.75
3745.2 1314.75
3746.4 1314.75
3747.6 1314.75
3748.8 1314.76
3750.0 1314.76
3751.2 1314.76
3752.4 1314.76
3753.6 1314.76
3754.8 1314.77
3756.0 1314.77
3757.2 1314.77
3758.4 1314.77
3759.6 1314.78
3760.8 1314.78
3762.0 1314.78
3763.2 1314.78
3764.4 1314.79
3765.6 1314.79
3766.8 1314.79
3768.0 1314.8
3769.2 1314.8
3770.4 1314.8
3771.6 1314.81
3772.8 1314.81
3774.0 1314.81
3775.2 1314.82
3776.4 1314.82
3777.6 1314.82
3778.8 1314.83
3780.0 1314.83
3781.2 1314.83
3782.4 1314.84
3783.6 1314.84
3784.8 1314.85
3786.0 1314.85
3787.2 1314.85
3788.4 1314.86
3789.6 1314.86
3790.8 1314.86
3792.0 1314.87
3793.2 1314.87
3794.4 1314.88
3795.6 1314.88
3796.8 1314.89
3798.0 1314.89
3799.2 1314.89
3800.4 1314.9
3801.6 1314.9
3802.8 1314.91
3804.0 1314.91
3805.2 1314.91
3806.4 1314.92
3807.6 1314.92
3808.8 1314.93
3810.0 1314.93
3811.2 1314.94
3812.4 1314.94
3813.6 1314.94
3814.8 1314.95
3816.0 1314.95
3817.2 1314.96
3818.4 1314.96
3819.6 1314.96
3820.8 1314.97
3822.0 1314.97
3823.2 1314.98
3824.4 1314.98
3825.6 1314.98
3826.8 1314.99
3828.0 1314.99
3829.2 1315.0
3830.4 1315.0
3831.6 1315.0
3832.8 1315.01
3834.0 1315.01
3835.2 1315.01
3836.4 1315.02
3837.6 1315.02
3838.8 1315.02
3840.0 1315.03
3841.2 1315.03
3842.4 1315.03
3843.6 1315.04
3844.8 1315.04
3846.0 1315.04
3847.2 1315.05
3848.4 1315.05
3849.6 1315.05
3850.8 1315.06
3852.0 1315.06
3853.2 1315.06
3854.4 1315.06
3855.6 1315.07
3856.8 1315.07
3858.0 1315.07
3859.2 1315.07
3860.4 1315.08
3861.6 1315.08
3862.8 1315.08
3864.0 1315.08
3865.2 1315.08
3866.4 1315.09
3867.6 1315.09
3868.8 1315.09
3870.0 1315.09
3871.2 1315.09
3872.4 1315.09
3873.6 1315.1
3874.8 1315.1
3876.0 1315.1
3877.2 1315.1
3878.4 1315.1
3879.6 1315.1
3880.8 1315.1
3882.0 1315.1
3883.2 1315.1
3884.4 1315.1
3885.6 1315.1
3886.8 1315.1
3888.0 1315.1
3889.2 1315.1
3890.4 1315.1
3891.6 1315.1
3892.8 1315.1
3894.0 1315.1
3895.2 1315.1
3896.4 1315.1
3897.6 1315.1
3898.8 1315.1
3900.0 1315.1
3901.2 1315.1
3902.4 1315.09
3903.6 1315.09
3904.8 1315.09
3906.0 1315.09
3907.2 1315.09
3908.4 1315.09
3909.6 1315.09
3910.8 1315.08
3912.0 1315.08
3913.2 1315.08
3914.4 1315.08
3915.6 1315.08
3916.8 1315.08
3918.0 1315.07
3919.2 1315.07
3920.4 1315.07
3921.6 1315.07
3922.8 1315.06
3924.0 1315.06
3925.2 1315.06
3926.4 1315.06
3927.6 1315.05
3928.8 1315.05
3930.0 1315.05
3931.2 1315.05
3932.4 1315.04
3933.6 1315.04
3934.8 1315.04
3936.0 1315.03
3937.2 1315.03
3938.4 1315.03
3939.6 1315.03
3940.8 1315.02
3942.0 1315.02
3943.2 1315.02
3944.4 1315.02
3945.6 1315.01
3946.8 1315.01
3948.0 1315.01
3949.2 1315.0
3950.4 1315.0
3951.6 1315.0
3952.8 1314.99
3954.0 1314.99
3955.2 1314.99
3956.4 1314.98
3957.6 1314.98
3958.8 1314.98
3960.0 1314.97
3961.2 1314.97
3962.4 1314.97
3963.6 1314.96
3964.8 1314.96
3966.0 1314.96
3967.2 1314.95
3968.4 1314.95
3969.6 1314.95
3970.8 1314.94
3972.0 1314.94
3973.2 1314.93
3974.4 1314.93
3975.6 1314.93
3976.8 1314.92
3978.0 1314.92
3979.2 1314.91
3980.4 1314.91
3981.6 1314.91
3982.8 1314.9
3984.0 1314.9
3985.2 1314.89
3986.4 1314.89
3987.6 1314.89
3988.8 1314.88
3990.0 1314.88
3991.2 1314.87
3992.4 1314.87
3993.6 1314.86
3994.8 1314.86
3996.0 1314.86
3997.2 1314.85
3998.4 1314.85
3999.6 1314.84
