2.88 2.1
23.28 2.1
43.68 2.1
64.08 2.1
84.48 2.1
104.88 2.1
125.28 2.1
145.68 2.1
166.08 2.1
186.48 2.1
206.88 2.1
227.28 2.1
247.68 2.1
268.08 2.1
288.48 2.1
308.88 2.09
329.28 2.09
349.68 2.1
370.08 2.11
390.48 2.11
410.88 2.1
431.28 2.1
451.8 2.1
472.08 2.11
492.48 2.1
512.88 2.1
533.28 2.11
553.68 2.11
574.08 2.1
594.48 2.1
614.88 2.1
635.28 2.1
655.68 2.1
676.08 2.1
696.48 2.11
716.88 2.11
737.28 2.1
757.68 2.1
778.08 2.1
798.48 2.11
818.88 2.1
839.28 2.11
859.68 2.1
880.08 2.1
900.48 2.1
920.88 2.1
941.28 2.1
961.68 2.1
982.08 2.1
1002.48 2.1
1022.88 2.1
1043.28 2.1
1063.68 2.1
1084.08 2.1
1104.48 2.1
1124.88 2.1
1145.28 2.1
1165.68 2.1
1186.08 2.1
1206.48 2.1
1226.88 2.1
1247.28 2.1
1267.68 2.1
1288.08 2.1
1309.2 2.32
1329.6 2.89
1350.0 3.23
1370.4 3.23
1390.8 3.24
1411.2 3.24
1431.6 3.24
1452.0 3.23
1472.4 3.22
1492.8 3.23
1513.2 3.23
1533.6 3.23
1554.0 3.24
1574.4 3.24
1594.8 3.23
1615.2 3.23
1635.6 3.22
1656.0 3.23
1676.4 3.23
1696.8 3.23
1717.2 3.23
1737.6 3.24
1758.0 3.23
1778.4 3.22
1798.8 3.22
1819.2 3.23
1839.6 3.23
1860.0 3.23
1880.4 3.23
1900.8 3.23
1921.2 3.23
1941.6 3.23
1962.0 3.23
1982.4 3.22
2002.8 3.23
2023.2 3.23
2043.6 3.23
2064.0 3.23
2084.4 3.23
2104.8 3.23
2125.2 3.23
2145.6 3.23
2166.0 3.23
2186.4 3.23
2206.8 3.23
2227.2 3.23
2247.6 3.22
2268.0 3.23
2288.4 3.23
2308.8 3.23
2329.2 3.23
2349.6 3.22
2370.0 3.23
2390.4 3.23
2410.8 3.23
2431.2 3.23
2451.6 3.24
2472.0 3.23
2492.4 3.23
2512.8 3.23
2533.2 3.23
2553.6 3.23
2574.0 3.23
2594.4 3.23
2614.8 3.23
2635.2 3.22
2655.6 3.23
2676.0 3.23
2696.4 3.22
2716.8 3.23
2737.2 3.23
2757.6 3.23
2778.0 3.22
2798.4 3.22
2818.8 3.23
2839.2 3.24
2859.6 3.23
2880.0 3.23
2900.4 3.23
2920.8 3.23
2941.2 3.23
2961.6 3.23
2982.0 3.23
3002.4 3.23
3022.8 3.23
3043.2 3.23
3063.6 3.23
3084.0 3.23
3104.4 3.23
3124.8 3.23
3145.2 3.23
3165.6 3.23
3186.0 3.23
3206.4 3.23
3226.8 3.22
3247.2 3.23
3267.6 3.23
3288.0 3.23
3308.4 3.23
3328.8 3.23
3349.2 3.23
3369.6 3.23
3390.0 3.23
3410.4 3.23
3430.8 3.24
3451.2 3.23
3471.6 3.23
3492.0 3.23
3512.4 3.22
3532.8 3.23
3553.2 3.23
3573.6 3.23
3594.0 3.23
3614.4 3.23
3634.8 3.23
3655.2 3.23
3675.6 3.23
3696.0 3.23
3716.4 3.23
3736.92 3.25
3757.2 3.24
3777.6 3.24
3798.0 3.24
3818.4 3.23
3838.8 3.23
3859.2 3.23
3879.6 3.23
3900.0 3.23
3920.4 3.23
3940.8 3.23
3961.2 3.22
3981.6 3.23
