0.0 50.0
1.2 50.0
2.4 49.99
3.6 49.99
4.8 49.98
6.0 49.97
7.2 49.96
8.4 49.95
9.6 49.94
10.8 49.93
12.0 49.92
13.2 49.91
14.4 49.9
15.6 49.89
16.8 49.88
18.0 49.87
19.2 49.86
20.4 49.85
21.6 49.84
22.8 49.83
24.0 49.82
25.2 49.81
26.4 49.8
27.6 49.79
28.8 49.78
30.0 49.77
31.2 49.76
32.4 49.75
33.6 49.74
34.8 49.73
36.0 49.72
37.2 49.71
38.4 49.71
39.6 49.7
40.8 49.69
42.0 49.68
43.2 49.67
44.4 49.67
45.6 49.66
46.8 49.65
48.0 49.64
49.2 49.63
50.4 49.63
51.6 49.62
52.8 49.61
54.0 49.61
55.2 49.6
56.4 49.59
57.6 49.58
58.8 49.58
60.0 49.57
61.2 49.56
62.4 49.56
63.6 49.55
64.8 49.54
66.0 49.54
67.2 49.53
68.4 49.52
69.6 49.52
70.8 49.51
72.0 49.51
73.2 49.5
74.4 49.49
75.6 49.49
76.8 49.48
78.0 49.48
79.2 49.47
80.4 49.47
81.6 49.46
82.8 49.46
84.0 49.45
85.2 49.45
86.4 49.44
87.6 49.44
88.8 49.43
90.0 49.43
91.2 49.42
92.4 49.42
93.6 49.41
94.8 49.41
96.0 49.4
97.2 49.4
98.4 49.39
99.6 49.39
100.8 49.38
102.0 49.38
103.2 49.37
104.4 49.37
105.6 49.37
106.8 49.36
108.0 49.36
109.2 49.35
110.4 49.35
111.6 49.35
112.8 49.34
114.0 49.34
115.2 49.33
116.4 49.33
117.6 49.33
118.8 49.32
120.0 49.32
121.2 49.32
122.4 49.31
123.6 49.31
124.8 49.31
126.0 49.3
127.2 49.3
128.4 49.3
129.6 49.29
130.8 49.29
132.0 49.29
133.2 49.28
134.4 49.28
135.6 49.28
136.8 49.27
138.0 49.27
139.2 49.27
140.4 49.26
141.6 49.26
142.8 49.26
144.0 49.26
145.2 49.25
146.4 49.25
147.6 49.25
148.8 49.24
150.0 49.24
151.2 49.24
152.4 49.24
153.6 49.23
154.8 49.23
156.0 49.23
157.2 49.23
158.4 49.22
159.6 49.22
160.8 49.22
162.0 49.22
163.2 49.21
164.4 49.21
165.6 49.21
166.8 49.21
168.0 49.21
169.2 49.2
170.4 49.2
171.6 49.2
172.8 49.2
174.0 49.2
175.2 49.19
176.4 49.19
177.6 49.19
178.8 49.19
180.0 49.19
181.2 49.18
182.4 49.18
183.6 49.18
184.8 49.18
186.0 49.18
187.2 49.17
188.4 49.17
189.6 49.17
190.8 49.17
192.0 49.17
193.2 49.17
194.4 49.16
195.6 49.16
196.8 49.16
198.0 49.16
199.2 49.16
200.4 49.16
201.6 49.15
202.8 49.15
204.0 49.15
205.2 49.15
206.4 49.15
207.6 49.15
208.8 49.15
210.0 49.14
211.2 49.14
212.4 49.14
213.6 49.14
214.8 49.14
216.0 49.14
217.2 49.14
218.4 49.13
219.6 49.13
220.8 49.13
222.0 49.13
223.2 49.13
224.4 49.13
225.6 49.13
226.8 49.13
228.0 49.12
229.2 49.12
230.4 49.12
231.6 49.12
232.8 49.12
234.0 49.12
235.2 49.12
236.4 49.12
237.6 49.12
238.8 49.11
240.0 49.11
241.2 49.11
242.4 49.11
243.6 49.11
244.8 49.11
246.0 49.11
247.2 49.11
248.4 49.11
249.6 49.11
250.8 49.1
252.0 49.1
253.2 49.1
254.4 49.1
255.6 49.1
256.8 49.1
258.0 49.1
259.2 49.1
260.4 49.1
261.6 49.1
262.8 49.1
264.0 49.1
265.2 49.09
266.4 49.09
267.6 49.09
268.8 49.09
270.0 49.09
271.2 49.09
272.4 49.09
273.6 49.09
274.8 49.09
276.0 49.09
277.2 49.09
278.4 49.09
279.6 49.09
280.8 49.09
282.0 49.08
283.2 49.08
284.4 49.08
285.6 49.08
286.8 49.08
288.0 49.08
289.2 49.08
290.4 49.08
291.6 49.08
292.8 49.08
294.0 49.08
295.2 49.08
296.4 49.08
297.6 49.08
298.8 49.08
300.0 49.08
301.2 49.07
302.4 49.07
303.6 49.07
304.8 49.07
306.0 49.07
307.2 49.07
308.4 49.07
309.6 49.07
310.8 49.07
312.0 49.07
313.2 49.07
314.4 49.07
315.6 49.07
316.8 49.07
318.0 49.07
319.2 49.07
320.4 49.07
321.6 49.07
322.8 49.07
324.0 49.07
325.2 49.07
326.4 49.06
327.6 49.06
328.8 49.06
330.0 49.06
331.2 49.06
332.4 49.06
333.6 49.06
334.8 49.06
336.0 49.06
337.2 49.06
338.4 49.06
339.6 49.06
340.8 49.06
342.0 49.06
343.2 49.06
344.4 49.06
345.6 49.06
346.8 49.06
348.0 49.06
349.2 49.06
350.4 49.06
351.6 49.06
352.8 49.06
354.0 49.06
355.2 49.06
356.4 49.06
357.6 49.06
358.8 49.06
360.0 49.05
361.2 49.05
362.4 49.05
363.6 49.05
364.8 49.05
366.0 49.05
367.2 49.05
368.4 49.05
369.6 49.05
370.8 49.05
372.0 49.05
373.2 49.05
374.4 49.05
375.6 49.05
376.8 49.05
378.0 49.05
379.2 49.05
380.4 49.05
381.6 49.05
382.8 49.05
384.0 49.05
385.2 49.05
386.4 49.05
387.6 49.05
388.8 49.05
390.0 49.05
391.2 49.05
392.4 49.05
393.6 49.05
394.8 49.05
396.0 49.05
397.2 49.05
398.4 49.05
399.6 49.05
400.8 49.05
402.0 49.05
403.2 49.05
404.4 49.05
405.6 49.05
406.8 49.05
408.0 49.05
409.2 49.05
410.4 49.05
411.6 49.05
412.8 49.05
414.0 49.04
415.2 49.04
416.4 49.04
417.6 49.04
418.8 49.04
420.0 49.04
421.2 49.04
422.4 49.04
423.6 49.04
424.8 49.04
426.0 49.04
427.2 49.04
428.4 49.04
429.6 49.04
430.8 49.04
432.0 49.04
433.2 49.04
434.4 49.04
435.6 49.04
436.8 49.04
438.0 49.04
439.2 49.04
440.4 49.04
441.6 49.04
442.8 49.04
444.0 49.04
445.2 49.04
446.4 49.04
447.6 49.04
448.8 49.04
450.0 49.04
451.2 49.04
452.4 49.04
453.6 49.04
454.8 49.04
456.0 49.04
457.2 49.04
458.4 49.04
459.6 49.04
460.8 49.04
462.0 49.04
463.2 49.04
464.4 49.04
465.6 49.04
466.8 49.04
468.0 49.04
469.2 49.04
470.4 49.04
471.6 49.04
472.8 49.04
474.0 49.04
475.2 49.04
476.4 49.04
477.6 49.04
478.8 49.04
480.0 49.04
481.2 49.04
482.4 49.04
483.6 49.04
484.8 49.04
486.0 49.04
487.2 49.04
488.4 49.04
489.6 49.04
490.8 49.04
492.0 49.04
493.2 49.04
494.4 49.04
495.6 49.04
496.8 49.04
498.0 49.04
499.2 49.04
500.4 49.04
501.6 49.04
502.8 49.04
504.0 49.04
505.2 49.04
506.4 49.04
507.6 49.04
508.8 49.04
510.0 49.04
511.2 49.04
512.4 49.04
513.6 49.04
514.8 49.04
516.0 49.04
517.2 49.04
518.4 49.04
519.6 49.04
520.8 49.04
522.0 49.04
523.2 49.04
524.4 49.04
525.6 49.04
526.8 49.04
528.0 49.04
529.2 49.04
530.4 49.04
531.6 49.04
532.8 49.04
534.0 49.04
535.2 49.04
536.4 49.04
537.6 49.04
538.8 49.04
540.0 49.03
541.2 49.03
542.4 49.03
543.6 49.03
544.8 49.03
546.0 49.03
547.2 49.03
548.4 49.03
549.6 49.03
550.8 49.03
552.0 49.03
553.2 49.03
554.4 49.03
555.6 49.03
556.8 49.03
558.0 49.03
559.2 49.03
560.4 49.03
561.6 49.03
562.8 49.03
564.0 49.03
565.2 49.03
566.4 49.03
567.6 49.03
568.8 49.03
570.0 49.03
571.2 49.03
572.4 49.03
573.6 49.03
574.8 49.03
576.0 49.03
577.2 49.03
578.4 49.03
579.6 49.03
580.8 49.03
582.0 49.03
583.2 49.03
584.4 49.03
585.6 49.03
586.8 49.03
588.0 49.03
589.2 49.03
590.4 49.03
591.6 49.03
592.8 49.03
594.0 49.03
595.2 49.03
596.4 49.03
597.6 49.03
598.8 49.03
600.0 49.03
601.2 49.03
602.4 49.03
603.6 49.03
604.8 49.03
606.0 49.03
607.2 49.03
608.4 49.03
609.6 49.03
610.8 49.03
612.0 49.03
613.2 49.03
614.4 49.03
615.6 49.03
616.8 49.03
618.0 49.03
619.2 49.03
620.4 49.03
621.6 49.03
622.8 49.03
624.0 49.03
625.2 49.03
626.4 49.03
627.6 49.03
628.8 49.03
630.0 49.03
631.2 49.03
632.4 49.03
633.6 49.03
634.8 49.03
636.0 49.03
637.2 49.03
638.4 49.03
639.6 49.03
640.8 49.03
642.0 49.03
643.2 49.03
644.4 49.03
645.6 49.03
646.8 49.03
648.0 49.03
649.2 49.03
650.4 49.03
651.6 49.03
652.8 49.03
654.0 49.03
655.2 49.03
656.4 49.03
657.6 49.03
658.8 49.03
660.0 49.03
661.2 49.03
662.4 49.03
663.6 49.03
664.8 49.03
666.0 49.03
667.2 49.03
668.4 49.03
669.6 49.03
670.8 49.03
672.0 49.03
673.2 49.03
674.4 49.03
675.6 49.03
676.8 49.03
678.0 49.03
679.2 49.03
680.4 49.03
681.6 49.03
682.8 49.03
684.0 49.03
685.2 49.03
686.4 49.03
687.6 49.03
688.8 49.03
690.0 49.03
691.2 49.03
692.4 49.03
693.6 49.03
694.8 49.03
696.0 49.03
697.2 49.03
698.4 49.03
699.6 49.03
700.8 49.03
702.0 49.03
703.2 49.03
704.4 49.03
705.6 49.03
706.8 49.03
708.0 49.03
709.2 49.03
710.4 49.03
711.6 49.03
712.8 49.03
714.0 49.03
715.2 49.03
716.4 49.03
717.6 49.03
718.8 49.03
720.0 49.03
721.2 49.03
722.4 49.03
723.6 49.03
724.8 49.03
726.0 49.03
727.2 49.03
728.4 49.03
729.6 49.03
730.8 49.03
732.0 49.03
733.2 49.03
734.4 49.03
735.6 49.03
736.8 49.03
738.0 49.03
739.2 49.03
740.4 49.03
741.6 49.03
742.8 49.03
744.0 49.03
745.2 49.03
746.4 49.03
747.6 49.03
748.8 49.03
750.0 49.03
751.2 49.03
752.4 49.03
753.6 49.03
754.8 49.03
756.0 49.03
757.2 49.03
758.4 49.03
759.6 49.03
760.8 49.03
762.0 49.03
763.2 49.03
764.4 49.03
765.6 49.03
766.8 49.03
768.0 49.03
769.2 49.03
770.4 49.03
771.6 49.03
772.8 49.03
774.0 49.03
775.2 49.03
776.4 49.03
777.6 49.03
778.8 49.03
780.0 49.03
781.2 49.03
782.4 49.03
783.6 49.03
784.8 49.03
786.0 49.03
787.2 49.03
788.4 49.03
789.6 49.03
790.8 49.03
792.0 49.03
793.2 49.03
794.4 49.03
795.6 49.03
796.8 49.03
798.0 49.03
799.2 49.03
800.4 49.03
801.6 49.03
802.8 49.03
804.0 49.03
805.2 49.03
806.4 49.03
807.6 49.03
808.8 49.03
810.0 49.03
811.2 49.03
812.4 49.03
813.6 49.03
814.8 49.03
816.0 49.03
817.2 49.03
818.4 49.03
819.6 49.03
820.8 49.03
822.0 49.03
823.2 49.03
824.4 49.03
825.6 49.03
826.8 49.03
828.0 49.03
829.2 49.03
830.4 49.03
831.6 49.03
832.8 49.03
834.0 49.03
835.2 49.03
836.4 49.03
837.6 49.03
838.8 49.03
840.0 49.03
841.2 49.03
842.4 49.03
843.6 49.03
844.8 49.03
846.0 49.03
847.2 49.03
848.4 49.03
849.6 49.03
850.8 49.03
852.0 49.03
853.2 49.03
854.4 49.03
855.6 49.03
856.8 49.03
858.0 49.03
859.2 49.03
860.4 49.03
861.6 49.03
862.8 49.03
864.0 49.03
865.2 49.03
866.4 49.03
867.6 49.03
868.8 49.03
870.0 49.03
871.2 49.03
872.4 49.03
873.6 49.03
874.8 49.03
876.0 49.03
877.2 49.03
878.4 49.03
879.6 49.03
880.8 49.03
882.0 49.03
883.2 49.03
884.4 49.03
885.6 49.03
886.8 49.03
888.0 49.03
889.2 49.03
890.4 49.03
891.6 49.03
892.8 49.03
894.0 49.03
895.2 49.03
896.4 49.03
897.6 49.03
898.8 49.03
900.0 49.03
901.2 49.03
902.4 49.03
903.6 49.03
904.8 49.03
906.0 49.03
907.2 49.03
908.4 49.03
909.6 49.03
910.8 49.03
912.0 49.03
913.2 49.03
914.4 49.03
915.6 49.03
916.8 49.03
918.0 49.03
919.2 49.03
920.4 49.03
921.6 49.03
922.8 49.03
924.0 49.03
925.2 49.03
926.4 49.03
927.6 49.03
928.8 49.03
930.0 49.03
931.2 49.03
932.4 49.03
933.6 49.03
934.8 49.03
936.0 49.03
937.2 49.03
938.4 49.03
939.6 49.03
940.8 49.03
942.0 49.03
943.2 49.03
944.4 49.03
945.6 49.03
946.8 49.03
948.0 49.03
949.2 49.03
950.4 49.03
951.6 49.03
952.8 49.03
954.0 49.03
955.2 49.03
956.4 49.03
957.6 49.03
958.8 49.03
960.0 49.03
961.2 49.03
962.4 49.03
963.6 49.03
964.8 49.03
966.0 49.03
967.2 49.03
968.4 49.03
969.6 49.03
970.8 49.03
972.0 49.03
973.2 49.03
974.4 49.03
975.6 49.03
976.8 49.03
978.0 49.03
979.2 49.03
980.4 49.03
981.6 49.03
982.8 49.03
984.0 49.03
985.2 49.03
986.4 49.03
987.6 49.03
988.8 49.03
990.0 49.03
991.2 49.03
992.4 49.03
993.6 49.03
994.8 49.03
996.0 49.03
997.2 49.03
998.4 49.03
999.6 49.03
1000.8 49.03
1002.0 49.03
1003.2 49.03
1004.4 49.03
1005.6 49.03
1006.8 49.03
1008.0 49.03
1009.2 49.03
1010.4 49.03
1011.6 49.03
1012.8 49.03
1014.0 49.03
1015.2 49.03
1016.4 49.03
1017.6 49.03
1018.8 49.03
1020.0 49.03
1021.2 49.03
1022.4 49.03
1023.6 49.03
1024.8 49.03
1026.0 49.03
1027.2 49.03
1028.4 49.03
1029.6 49.03
1030.8 49.03
1032.0 49.03
1033.2 49.03
1034.4 49.03
1035.6 49.03
1036.8 49.03
1038.0 49.03
1039.2 49.03
1040.4 49.03
1041.6 49.03
1042.8 49.03
1044.0 49.03
1045.2 49.03
1046.4 49.03
1047.6 49.03
1048.8 49.03
1050.0 49.03
1051.2 49.03
1052.4 49.03
1053.6 49.03
1054.8 49.03
1056.0 49.03
1057.2 49.03
1058.4 49.03
1059.6 49.03
1060.8 49.03
1062.0 49.03
1063.2 49.03
1064.4 49.03
1065.6 49.03
1066.8 49.03
1068.0 49.03
1069.2 49.03
1070.4 49.03
1071.6 49.03
1072.8 49.03
1074.0 49.03
1075.2 49.03
1076.4 49.03
1077.6 49.03
1078.8 49.03
1080.0 49.03
1081.2 49.03
1082.4 49.03
1083.6 49.03
1084.8 49.03
1086.0 49.03
1087.2 49.03
1088.4 49.03
1089.6 49.03
1090.8 49.03
1092.0 49.03
1093.2 49.03
1094.4 49.03
1095.6 49.03
1096.8 49.03
1098.0 49.03
1099.2 49.03
1100.4 49.03
1101.6 49.03
1102.8 49.03
1104.0 49.03
1105.2 49.03
1106.4 49.03
1107.6 49.03
1108.8 49.03
1110.0 49.03
1111.2 49.03
1112.4 49.03
1113.6 49.03
1114.8 49.03
1116.0 49.03
1117.2 49.03
1118.4 49.03
1119.6 49.03
1120.8 49.03
1122.0 49.03
1123.2 49.03
1124.4 49.03
1125.6 49.03
1126.8 49.03
1128.0 49.03
1129.2 49.03
1130.4 49.03
1131.6 49.03
1132.8 49.03
1134.0 49.03
1135.2 49.03
1136.4 49.03
1137.6 49.03
1138.8 49.03
1140.0 49.03
1141.2 49.03
1142.4 49.03
1143.6 49.03
1144.8 49.03
1146.0 49.03
1147.2 49.03
1148.4 49.03
1149.6 49.03
1150.8 49.03
1152.0 49.03
1153.2 49.03
1154.4 49.03
1155.6 49.03
1156.8 49.03
1158.0 49.03
1159.2 49.03
1160.4 49.03
1161.6 49.03
1162.8 49.03
1164.0 49.03
1165.2 49.03
1166.4 49.03
1167.6 49.03
1168.8 49.03
1170.0 49.03
1171.2 49.03
1172.4 49.03
1173.6 49.03
1174.8 49.03
1176.0 49.03
1177.2 49.03
1178.4 49.03
1179.6 49.03
1180.8 49.03
1182.0 49.03
1183.2 49.03
1184.4 49.03
1185.6 49.03
1186.8 49.03
1188.0 49.03
1189.2 49.03
1190.4 49.03
1191.6 49.03
1192.8 49.03
1194.0 49.03
1195.2 49.03
1196.4 49.03
1197.6 49.03
1198.8 49.03
1200.0 49.03
1201.2 49.03
1202.4 49.03
1203.6 49.03
1204.8 49.03
1206.0 49.03
1207.2 49.03
1208.4 49.03
1209.6 49.03
1210.8 49.03
1212.0 49.03
1213.2 49.03
1214.4 49.03
1215.6 49.03
1216.8 49.03
1218.0 49.03
1219.2 49.03
1220.4 49.03
1221.6 49.03
1222.8 49.03
1224.0 49.03
1225.2 49.03
1226.4 49.03
1227.6 49.03
1228.8 49.03
1230.0 49.03
1231.2 49.03
1232.4 49.03
1233.6 49.03
1234.8 49.03
1236.0 49.03
1237.2 49.03
1238.4 49.03
1239.6 49.03
1240.8 49.03
1242.0 49.03
1243.2 49.03
1244.4 49.03
1245.6 49.03
1246.8 49.03
1248.0 49.03
1249.2 49.03
1250.4 49.03
1251.6 49.03
1252.8 49.03
1254.0 49.03
1255.2 49.03
1256.4 49.03
1257.6 49.03
1258.8 49.03
1260.0 49.03
1261.2 49.03
1262.4 49.03
1263.6 49.03
1264.8 49.03
1266.0 49.03
1267.2 49.03
1268.4 49.03
1269.6 49.03
1270.8 49.03
1272.0 49.03
1273.2 49.03
1274.4 49.03
1275.6 49.03
1276.8 49.03
1278.0 49.03
1279.2 49.03
1280.4 49.03
1281.6 49.03
1282.8 49.03
1284.0 49.03
1285.2 49.03
1286.4 49.03
1287.6 49.03
1288.8 49.03
1290.0 49.03
1291.2 49.03
1292.4 49.03
1293.6 49.03
1294.8 49.03
1296.0 49.03
1297.2 49.03
1298.4 49.03
1299.6 49.03
1300.8 49.03
1302.0 49.03
1303.2 49.03
1304.4 49.03
1305.6 49.03
1306.8 49.03
1308.0 49.03
1309.2 49.03
1310.4 49.03
1311.6 49.03
1312.8 49.03
1314.0 49.03
1315.2 49.03
1316.4 49.03
1317.6 49.03
1318.8 49.03
1320.0 49.03
1321.2 49.03
1322.4 49.03
1323.6 49.03
1324.8 49.03
1326.0 49.03
1327.2 49.03
1328.4 49.03
1329.6 49.03
1330.8 49.03
1332.0 49.03
1333.2 49.03
1334.4 49.03
1335.6 49.03
1336.8 49.03
1338.0 49.03
1339.2 49.03
1340.4 49.03
1341.6 49.03
1342.8 49.03
1344.0 49.03
1345.2 49.03
1346.4 49.03
1347.6 49.03
1348.8 49.03
1350.0 49.03
1351.2 49.03
1352.4 49.03
1353.6 49.03
1354.8 49.03
1356.0 49.03
1357.2 49.03
1358.4 49.03
1359.6 49.03
1360.8 49.03
1362.0 49.03
1363.2 49.03
1364.4 49.03
1365.6 49.03
1366.8 49.03
1368.0 49.03
1369.2 49.03
1370.4 49.03
1371.6 49.03
1372.8 49.03
1374.0 49.03
1375.2 49.03
1376.4 49.03
1377.6 49.03
1378.8 49.03
1380.0 49.03
1381.2 49.03
1382.4 49.03
1383.6 49.03
1384.8 49.03
1386.0 49.03
1387.2 49.03
1388.4 49.03
1389.6 49.03
1390.8 49.03
1392.0 49.03
1393.2 49.03
1394.4 49.03
1395.6 49.03
1396.8 49.03
1398.0 49.03
1399.2 49.03
1400.4 49.03
1401.6 49.03
1402.8 49.03
1404.0 49.03
1405.2 49.03
1406.4 49.03
1407.6 49.03
1408.8 49.03
1410.0 49.03
1411.2 49.03
1412.4 49.03
1413.6 49.03
1414.8 49.03
1416.0 49.03
1417.2 49.03
1418.4 49.03
1419.6 49.03
1420.8 49.03
1422.0 49.03
1423.2 49.03
1424.4 49.03
1425.6 49.03
1426.8 49.03
1428.0 49.03
1429.2 49.03
1430.4 49.03
1431.6 49.03
1432.8 49.03
1434.0 49.03
1435.2 49.03
1436.4 49.03
1437.6 49.03
1438.8 49.03
1440.0 49.03
1441.2 49.03
1442.4 49.03
1443.6 49.03
1444.8 49.03
1446.0 49.03
1447.2 49.03
1448.4 49.03
1449.6 49.03
1450.8 49.03
1452.0 49.03
1453.2 49.03
1454.4 49.03
1455.6 49.03
1456.8 49.03
1458.0 49.03
1459.2 49.03
1460.4 49.03
1461.6 49.03
1462.8 49.03
1464.0 49.03
1465.2 49.03
1466.4 49.03
1467.6 49.03
1468.8 49.03
1470.0 49.03
1471.2 49.03
1472.4 49.03
1473.6 49.03
1474.8 49.03
1476.0 49.03
1477.2 49.03
1478.4 49.03
1479.6 49.03
1480.8 49.03
1482.0 49.03
1483.2 49.03
1484.4 49.03
1485.6 49.03
1486.8 49.03
1488.0 49.03
1489.2 49.03
1490.4 49.03
1491.6 49.03
1492.8 49.03
1494.0 49.03
1495.2 49.03
1496.4 49.03
1497.6 49.03
1498.8 49.03
1500.0 49.03
1501.2 49.03
1502.4 49.03
1503.6 49.03
1504.8 49.03
1506.0 49.03
1507.2 49.03
1508.4 49.03
1509.6 49.03
1510.8 49.03
1512.0 49.03
1513.2 49.03
1514.4 49.03
1515.6 49.03
1516.8 49.03
1518.0 49.03
1519.2 49.03
1520.4 49.03
1521.6 49.03
1522.8 49.03
1524.0 49.03
1525.2 49.03
1526.4 49.03
1527.6 49.03
1528.8 49.03
1530.0 49.03
1531.2 49.03
1532.4 49.03
1533.6 49.03
1534.8 49.03
1536.0 49.03
1537.2 49.03
1538.4 49.03
1539.6 49.03
1540.8 49.03
1542.0 49.03
1543.2 49.03
1544.4 49.03
1545.6 49.03
1546.8 49.03
1548.0 49.03
1549.2 49.03
1550.4 49.03
1551.6 49.03
1552.8 49.03
1554.0 49.03
1555.2 49.03
1556.4 49.03
1557.6 49.03
1558.8 49.03
1560.0 49.03
1561.2 49.03
1562.4 49.03
1563.6 49.03
1564.8 49.03
1566.0 49.03
1567.2 49.03
1568.4 49.03
1569.6 49.03
1570.8 49.03
1572.0 49.03
1573.2 49.03
1574.4 49.03
1575.6 49.03
1576.8 49.03
1578.0 49.03
1579.2 49.03
1580.4 49.03
1581.6 49.03
1582.8 49.03
1584.0 49.03
1585.2 49.03
1586.4 49.03
1587.6 49.03
1588.8 49.03
1590.0 49.03
1591.2 49.03
1592.4 49.03
1593.6 49.03
1594.8 49.03
1596.0 49.03
1597.2 49.03
1598.4 49.03
1599.6 49.03
1600.8 49.03
1602.0 49.03
1603.2 49.03
1604.4 49.03
1605.6 49.03
1606.8 49.03
1608.0 49.03
1609.2 49.03
1610.4 49.03
1611.6 49.03
1612.8 49.03
1614.0 49.03
1615.2 49.03
1616.4 49.03
1617.6 49.03
1618.8 49.03
1620.0 49.03
1621.2 49.03
1622.4 49.03
1623.6 49.03
1624.8 49.03
1626.0 49.03
1627.2 49.03
1628.4 49.03
1629.6 49.03
1630.8 49.03
1632.0 49.03
1633.2 49.03
1634.4 49.03
1635.6 49.03
1636.8 49.03
1638.0 49.03
1639.2 49.03
1640.4 49.03
1641.6 49.03
1642.8 49.03
1644.0 49.03
1645.2 49.03
1646.4 49.03
1647.6 49.03
1648.8 49.03
1650.0 49.03
1651.2 49.03
1652.4 49.03
1653.6 49.03
1654.8 49.03
1656.0 49.03
1657.2 49.03
1658.4 49.03
1659.6 49.03
1660.8 49.03
1662.0 49.03
1663.2 49.03
1664.4 49.03
1665.6 49.03
1666.8 49.03
1668.0 49.03
1669.2 49.03
1670.4 49.03
1671.6 49.03
1672.8 49.03
1674.0 49.03
1675.2 49.03
1676.4 49.03
1677.6 49.03
1678.8 49.03
1680.0 49.03
1681.2 49.03
1682.4 49.03
1683.6 49.03
1684.8 49.03
1686.0 49.03
1687.2 49.03
1688.4 49.03
1689.6 49.03
1690.8 49.03
1692.0 49.03
1693.2 49.03
1694.4 49.03
1695.6 49.03
1696.8 49.03
1698.0 49.03
1699.2 49.03
1700.4 49.03
1701.6 49.03
1702.8 49.03
1704.0 49.03
1705.2 49.03
1706.4 49.03
1707.6 49.03
1708.8 49.03
1710.0 49.03
1711.2 49.03
1712.4 49.03
1713.6 49.03
1714.8 49.03
1716.0 49.03
1717.2 49.03
1718.4 49.03
1719.6 49.03
1720.8 49.03
1722.0 49.03
1723.2 49.03
1724.4 49.03
1725.6 49.03
1726.8 49.03
1728.0 49.03
1729.2 49.03
1730.4 49.03
1731.6 49.03
1732.8 49.03
1734.0 49.03
1735.2 49.03
1736.4 49.03
1737.6 49.03
1738.8 49.03
1740.0 49.03
1741.2 49.03
1742.4 49.03
1743.6 49.03
1744.8 49.03
1746.0 49.03
1747.2 49.03
1748.4 49.03
1749.6 49.03
1750.8 49.03
1752.0 49.03
1753.2 49.03
1754.4 49.03
1755.6 49.03
1756.8 49.03
1758.0 49.03
1759.2 49.03
1760.4 49.03
1761.6 49.03
1762.8 49.03
1764.0 49.03
1765.2 49.03
1766.4 49.03
1767.6 49.03
1768.8 49.03
1770.0 49.03
1771.2 49.03
1772.4 49.03
1773.6 49.03
1774.8 49.03
1776.0 49.03
1777.2 49.03
1778.4 49.03
1779.6 49.03
1780.8 49.03
1782.0 49.03
1783.2 49.03
1784.4 49.03
1785.6 49.03
1786.8 49.03
1788.0 49.03
1789.2 49.03
1790.4 49.03
1791.6 49.03
1792.8 49.03
1794.0 49.03
1795.2 49.03
1796.4 49.03
1797.6 49.03
1798.8 49.03
1800.0 49.03
1801.2 49.03
1802.4 49.03
1803.6 49.03
1804.8 49.03
1806.0 49.03
1807.2 49.03
1808.4 49.03
1809.6 49.03
1810.8 49.03
1812.0 49.03
1813.2 49.03
1814.4 49.03
1815.6 49.03
1816.8 49.03
1818.0 49.03
1819.2 49.03
1820.4 49.03
1821.6 49.03
1822.8 49.03
1824.0 49.03
1825.2 49.03
1826.4 49.03
1827.6 49.03
1828.8 49.03
1830.0 49.03
1831.2 49.03
1832.4 49.03
1833.6 49.03
1834.8 49.03
1836.0 49.03
1837.2 49.03
1838.4 49.03
1839.6 49.03
1840.8 49.03
1842.0 49.03
1843.2 49.03
1844.4 49.03
1845.6 49.03
1846.8 49.03
1848.0 49.03
1849.2 49.03
1850.4 49.03
1851.6 49.03
1852.8 49.03
1854.0 49.03
1855.2 49.03
1856.4 49.03
1857.6 49.03
1858.8 49.03
1860.0 49.03
1861.2 49.03
1862.4 49.03
1863.6 49.03
1864.8 49.03
1866.0 49.03
1867.2 49.03
1868.4 49.03
1869.6 49.03
1870.8 49.03
1872.0 49.03
1873.2 49.03
1874.4 49.03
1875.6 49.03
1876.8 49.03
1878.0 49.03
1879.2 49.03
1880.4 49.03
1881.6 49.03
1882.8 49.03
1884.0 49.03
1885.2 49.03
1886.4 49.03
1887.6 49.03
1888.8 49.03
1890.0 49.03
1891.2 49.03
1892.4 49.03
1893.6 49.03
1894.8 49.03
1896.0 49.03
1897.2 49.03
1898.4 49.03
1899.6 49.03
1900.8 49.03
1902.0 49.03
1903.2 49.03
1904.4 49.03
1905.6 49.03
1906.8 49.03
1908.0 49.03
1909.2 49.03
1910.4 49.03
1911.6 49.03
1912.8 49.03
1914.0 49.03
1915.2 49.03
1916.4 49.03
1917.6 49.03
1918.8 49.03
1920.0 49.03
1921.2 49.03
1922.4 49.03
1923.6 49.03
1924.8 49.03
1926.0 49.03
1927.2 49.03
1928.4 49.03
1929.6 49.03
1930.8 49.03
1932.0 49.03
1933.2 49.03
1934.4 49.03
1935.6 49.03
1936.8 49.03
1938.0 49.03
1939.2 49.03
1940.4 49.03
1941.6 49.03
1942.8 49.03
1944.0 49.03
1945.2 49.03
1946.4 49.03
1947.6 49.03
1948.8 49.03
1950.0 49.03
1951.2 49.03
1952.4 49.03
1953.6 49.03
1954.8 49.03
1956.0 49.03
1957.2 49.03
1958.4 49.03
1959.6 49.03
1960.8 49.03
1962.0 49.03
1963.2 49.03
1964.4 49.03
1965.6 49.03
1966.8 49.03
1968.0 49.03
1969.2 49.03
1970.4 49.03
1971.6 49.03
1972.8 49.03
1974.0 49.03
1975.2 49.03
1976.4 49.03
1977.6 49.03
1978.8 49.03
1980.0 49.03
1981.2 49.03
1982.4 49.03
1983.6 49.03
1984.8 49.03
1986.0 49.03
1987.2 49.03
1988.4 49.03
1989.6 49.03
1990.8 49.03
1992.0 49.03
1993.2 49.03
1994.4 49.03
1995.6 49.03
1996.8 49.03
1998.0 49.03
1999.2 49.03
2000.4 49.03
2001.6 49.03
2002.8 49.03
2004.0 49.03
2005.2 49.03
2006.4 49.03
2007.6 49.03
2008.8 49.03
2010.0 49.03
2011.2 49.03
2012.4 49.03
2013.6 49.03
2014.8 49.03
2016.0 49.03
2017.2 49.03
2018.4 49.03
2019.6 49.03
2020.8 49.03
2022.0 49.03
2023.2 49.03
2024.4 49.03
2025.6 49.03
2026.8 49.03
2028.0 49.03
2029.2 49.03
2030.4 49.03
2031.6 49.03
2032.8 49.03
2034.0 49.03
2035.2 49.03
2036.4 49.03
2037.6 49.03
2038.8 49.03
2040.0 49.03
2041.2 49.03
2042.4 49.03
2043.6 49.03
2044.8 49.03
2046.0 49.03
2047.2 49.03
2048.4 49.03
2049.6 49.03
2050.8 49.03
2052.0 49.03
2053.2 49.03
2054.4 49.03
2055.6 49.03
2056.8 49.03
2058.0 49.03
2059.2 49.03
2060.4 49.03
2061.6 49.03
2062.8 49.03
2064.0 49.03
2065.2 49.03
2066.4 49.03
2067.6 49.03
2068.8 49.03
2070.0 49.03
2071.2 49.03
2072.4 49.03
2073.6 49.03
2074.8 49.03
2076.0 49.03
2077.2 49.03
2078.4 49.03
2079.6 49.03
2080.8 49.03
2082.0 49.03
2083.2 49.03
2084.4 49.03
2085.6 49.03
2086.8 49.03
2088.0 49.03
2089.2 49.03
2090.4 49.03
2091.6 49.03
2092.8 49.03
2094.0 49.03
2095.2 49.03
2096.4 49.03
2097.6 49.03
2098.8 49.03
2100.0 49.03
2101.2 49.03
2102.4 49.03
2103.6 49.03
2104.8 49.03
2106.0 49.03
2107.2 49.03
2108.4 49.03
2109.6 49.03
2110.8 49.03
2112.0 49.03
2113.2 49.03
2114.4 49.03
2115.6 49.03
2116.8 49.03
2118.0 49.03
2119.2 49.03
2120.4 49.03
2121.6 49.03
2122.8 49.03
2124.0 49.03
2125.2 49.03
2126.4 49.03
2127.6 49.03
2128.8 49.03
2130.0 49.03
2131.2 49.03
2132.4 49.03
2133.6 49.03
2134.8 49.03
2136.0 49.03
2137.2 49.03
2138.4 49.03
2139.6 49.03
2140.8 49.03
2142.0 49.03
2143.2 49.03
2144.4 49.03
2145.6 49.03
2146.8 49.03
2148.0 49.03
2149.2 49.03
2150.4 49.03
2151.6 49.03
2152.8 49.03
2154.0 49.03
2155.2 49.03
2156.4 49.03
2157.6 49.03
2158.8 49.03
2160.0 49.03
2161.2 49.03
2162.4 49.03
2163.6 49.03
2164.8 49.03
2166.0 49.03
2167.2 49.03
2168.4 49.03
2169.6 49.03
2170.8 49.03
2172.0 49.03
2173.2 49.03
2174.4 49.03
2175.6 49.03
2176.8 49.03
2178.0 49.03
2179.2 49.03
2180.4 49.03
2181.6 49.03
2182.8 49.03
2184.0 49.03
2185.2 49.03
2186.4 49.03
2187.6 49.03
2188.8 49.03
2190.0 49.03
2191.2 49.03
2192.4 49.03
2193.6 49.03
2194.8 49.03
2196.0 49.03
2197.2 49.03
2198.4 49.03
2199.6 49.03
2200.8 49.03
2202.0 49.03
2203.2 49.03
2204.4 49.03
2205.6 49.03
2206.8 49.03
2208.0 49.03
2209.2 49.03
2210.4 49.03
2211.6 49.03
2212.8 49.03
2214.0 49.03
2215.2 49.03
2216.4 49.03
2217.6 49.03
2218.8 49.03
2220.0 49.03
2221.2 49.03
2222.4 49.03
2223.6 49.03
2224.8 49.03
2226.0 49.03
2227.2 49.03
2228.4 49.03
2229.6 49.03
2230.8 49.03
2232.0 49.03
2233.2 49.03
2234.4 49.03
2235.6 49.03
2236.8 49.03
2238.0 49.03
2239.2 49.03
2240.4 49.03
2241.6 49.03
2242.8 49.03
2244.0 49.03
2245.2 49.03
2246.4 49.03
2247.6 49.03
2248.8 49.03
2250.0 49.03
2251.2 49.03
2252.4 49.03
2253.6 49.03
2254.8 49.03
2256.0 49.03
2257.2 49.03
2258.4 49.03
2259.6 49.03
2260.8 49.03
2262.0 49.03
2263.2 49.03
2264.4 49.03
2265.6 49.03
2266.8 49.03
2268.0 49.03
2269.2 49.03
2270.4 49.03
2271.6 49.03
2272.8 49.03
2274.0 49.03
2275.2 49.03
2276.4 49.03
2277.6 49.03
2278.8 49.03
2280.0 49.03
2281.2 49.03
2282.4 49.03
2283.6 49.03
2284.8 49.03
2286.0 49.03
2287.2 49.03
2288.4 49.03
2289.6 49.03
2290.8 49.03
2292.0 49.03
2293.2 49.03
2294.4 49.03
2295.6 49.03
2296.8 49.03
2298.0 49.03
2299.2 49.03
2300.4 49.03
2301.6 49.03
2302.8 49.03
2304.0 49.03
2305.2 49.03
2306.4 49.03
2307.6 49.03
2308.8 49.03
2310.0 49.03
2311.2 49.03
2312.4 49.03
2313.6 49.03
2314.8 49.03
2316.0 49.03
2317.2 49.03
2318.4 49.03
2319.6 49.03
2320.8 49.03
2322.0 49.03
2323.2 49.03
2324.4 49.03
2325.6 49.03
2326.8 49.03
2328.0 49.03
2329.2 49.03
2330.4 49.03
2331.6 49.03
2332.8 49.03
2334.0 49.03
2335.2 49.03
2336.4 49.03
2337.6 49.03
2338.8 49.03
2340.0 49.03
2341.2 49.03
2342.4 49.03
2343.6 49.03
2344.8 49.03
2346.0 49.03
2347.2 49.03
2348.4 49.03
2349.6 49.03
2350.8 49.03
2352.0 49.03
2353.2 49.03
2354.4 49.03
2355.6 49.03
2356.8 49.03
2358.0 49.03
2359.2 49.03
2360.4 49.03
2361.6 49.03
2362.8 49.03
2364.0 49.03
2365.2 49.03
2366.4 49.03
2367.6 49.03
2368.8 49.03
2370.0 49.03
2371.2 49.03
2372.4 49.03
2373.6 49.03
2374.8 49.03
2376.0 49.03
2377.2 49.03
2378.4 49.03
2379.6 49.03
2380.8 49.03
2382.0 49.03
2383.2 49.03
2384.4 49.03
2385.6 49.03
2386.8 49.03
2388.0 49.03
2389.2 49.03
2390.4 49.03
2391.6 49.03
2392.8 49.03
2394.0 49.03
2395.2 49.03
2396.4 49.03
2397.6 49.03
2398.8 49.03
2400.0 49.03
2401.2 49.03
2402.4 49.03
2403.6 49.03
2404.8 49.03
2406.0 49.03
2407.2 49.03
2408.4 49.03
2409.6 49.03
2410.8 49.03
2412.0 49.03
2413.2 49.03
2414.4 49.03
2415.6 49.03
2416.8 49.03
2418.0 49.03
2419.2 49.03
2420.4 49.03
2421.6 49.03
2422.8 49.03
2424.0 49.03
2425.2 49.03
2426.4 49.03
2427.6 49.03
2428.8 49.03
2430.0 49.03
2431.2 49.03
2432.4 49.03
2433.6 49.03
2434.8 49.03
2436.0 49.03
2437.2 49.03
2438.4 49.03
2439.6 49.03
2440.8 49.03
2442.0 49.03
2443.2 49.03
2444.4 49.03
2445.6 49.03
2446.8 49.03
2448.0 49.03
2449.2 49.03
2450.4 49.03
2451.6 49.03
2452.8 49.03
2454.0 49.03
2455.2 49.03
2456.4 49.03
2457.6 49.03
2458.8 49.03
2460.0 49.03
2461.2 49.03
2462.4 49.03
2463.6 49.03
2464.8 49.03
2466.0 49.03
2467.2 49.03
2468.4 49.03
2469.6 49.03
2470.8 49.03
2472.0 49.03
2473.2 49.03
2474.4 49.03
2475.6 49.03
2476.8 49.03
2478.0 49.03
2479.2 49.03
2480.4 49.03
2481.6 49.03
2482.8 49.03
2484.0 49.03
2485.2 49.03
2486.4 49.03
2487.6 49.03
2488.8 49.03
2490.0 49.03
2491.2 49.03
2492.4 49.03
2493.6 49.03
2494.8 49.03
2496.0 49.03
2497.2 49.03
2498.4 49.03
2499.6 49.03
2500.8 49.03
2502.0 49.03
2503.2 49.03
2504.4 49.03
2505.6 49.03
2506.8 49.03
2508.0 49.03
2509.2 49.03
2510.4 49.03
2511.6 49.03
2512.8 49.03
2514.0 49.03
2515.2 49.03
2516.4 49.03
2517.6 49.03
2518.8 49.03
2520.0 49.03
2521.2 49.03
2522.4 49.03
2523.6 49.03
2524.8 49.03
2526.0 49.03
2527.2 49.03
2528.4 49.03
2529.6 49.03
2530.8 49.03
2532.0 49.03
2533.2 49.03
2534.4 49.03
2535.6 49.03
2536.8 49.03
2538.0 49.03
2539.2 49.03
2540.4 49.03
2541.6 49.03
2542.8 49.03
2544.0 49.03
2545.2 49.03
2546.4 49.03
2547.6 49.03
2548.8 49.03
2550.0 49.03
2551.2 49.03
2552.4 49.03
2553.6 49.03
2554.8 49.03
2556.0 49.03
2557.2 49.03
2558.4 49.03
2559.6 49.03
2560.8 49.03
2562.0 49.03
2563.2 49.03
2564.4 49.03
2565.6 49.03
2566.8 49.03
2568.0 49.03
2569.2 49.03
2570.4 49.03
2571.6 49.03
2572.8 49.03
2574.0 49.03
2575.2 49.03
2576.4 49.03
2577.6 49.03
2578.8 49.03
2580.0 49.03
2581.2 49.03
2582.4 49.03
2583.6 49.03
2584.8 49.03
2586.0 49.03
2587.2 49.03
2588.4 49.03
2589.6 49.03
2590.8 49.03
2592.0 49.03
2593.2 49.03
2594.4 49.03
2595.6 49.03
2596.8 49.03
2598.0 49.03
2599.2 49.03
2600.4 49.03
2601.6 49.03
2602.8 49.03
2604.0 49.03
2605.2 49.03
2606.4 49.03
2607.6 49.03
2608.8 49.03
2610.0 49.03
2611.2 49.03
2612.4 49.03
2613.6 49.03
2614.8 49.03
2616.0 49.03
2617.2 49.03
2618.4 49.03
2619.6 49.03
2620.8 49.03
2622.0 49.03
2623.2 49.03
2624.4 49.03
2625.6 49.03
2626.8 49.03
2628.0 49.03
2629.2 49.03
2630.4 49.03
2631.6 49.03
2632.8 49.03
2634.0 49.03
2635.2 49.03
2636.4 49.03
2637.6 49.03
2638.8 49.03
2640.0 49.03
2641.2 49.03
2642.4 49.03
2643.6 49.03
2644.8 49.03
2646.0 49.03
2647.2 49.03
2648.4 49.03
2649.6 49.03
2650.8 49.03
2652.0 49.03
2653.2 49.03
2654.4 49.03
2655.6 49.03
2656.8 49.03
2658.0 49.03
2659.2 49.03
2660.4 49.03
2661.6 49.03
2662.8 49.03
2664.0 49.03
2665.2 49.03
2666.4 49.03
2667.6 49.03
2668.8 49.03
2670.0 49.03
2671.2 49.03
2672.4 49.03
2673.6 49.03
2674.8 49.03
2676.0 49.03
2677.2 49.03
2678.4 49.03
2679.6 49.03
2680.8 49.03
2682.0 49.03
2683.2 49.03
2684.4 49.03
2685.6 49.03
2686.8 49.03
2688.0 49.03
2689.2 49.03
2690.4 49.03
2691.6 49.03
2692.8 49.03
2694.0 49.03
2695.2 49.03
2696.4 49.03
2697.6 49.03
2698.8 49.03
2700.0 49.03
2701.2 49.03
2702.4 49.03
2703.6 49.03
2704.8 49.03
2706.0 49.03
2707.2 49.03
2708.4 49.03
2709.6 49.03
2710.8 49.03
2712.0 49.03
2713.2 49.03
2714.4 49.03
2715.6 49.03
2716.8 49.03
2718.0 49.03
2719.2 49.03
2720.4 49.03
2721.6 49.03
2722.8 49.03
2724.0 49.03
2725.2 49.03
2726.4 49.03
2727.6 49.03
2728.8 49.03
2730.0 49.03
2731.2 49.03
2732.4 49.03
2733.6 49.03
2734.8 49.03
2736.0 49.03
2737.2 49.03
2738.4 49.03
2739.6 49.03
2740.8 49.03
2742.0 49.03
2743.2 49.03
2744.4 49.03
2745.6 49.03
2746.8 49.03
2748.0 49.03
2749.2 49.03
2750.4 49.03
2751.6 49.03
2752.8 49.03
2754.0 49.03
2755.2 49.03
2756.4 49.03
2757.6 49.03
2758.8 49.03
2760.0 49.03
2761.2 49.03
2762.4 49.03
2763.6 49.03
2764.8 49.03
2766.0 49.03
2767.2 49.03
2768.4 49.03
2769.6 49.03
2770.8 49.03
2772.0 49.03
2773.2 49.03
2774.4 49.03
2775.6 49.03
2776.8 49.03
2778.0 49.03
2779.2 49.03
2780.4 49.03
2781.6 49.03
2782.8 49.03
2784.0 49.03
2785.2 49.03
2786.4 49.03
2787.6 49.03
2788.8 49.03
2790.0 49.03
2791.2 49.03
2792.4 49.03
2793.6 49.03
2794.8 49.03
2796.0 49.03
2797.2 49.03
2798.4 49.03
2799.6 49.03
2800.8 49.03
2802.0 49.03
2803.2 49.03
2804.4 49.03
2805.6 49.03
2806.8 49.03
2808.0 49.03
2809.2 49.03
2810.4 49.03
2811.6 49.03
2812.8 49.03
2814.0 49.03
2815.2 49.03
2816.4 49.03
2817.6 49.03
2818.8 49.03
2820.0 49.03
2821.2 49.03
2822.4 49.03
2823.6 49.03
2824.8 49.03
2826.0 49.03
2827.2 49.03
2828.4 49.03
2829.6 49.03
2830.8 49.03
2832.0 49.03
2833.2 49.03
2834.4 49.03
2835.6 49.03
2836.8 49.03
2838.0 49.03
2839.2 49.03
2840.4 49.03
2841.6 49.03
2842.8 49.03
2844.0 49.03
2845.2 49.03
2846.4 49.03
2847.6 49.03
2848.8 49.03
2850.0 49.03
2851.2 49.03
2852.4 49.03
2853.6 49.03
2854.8 49.03
2856.0 49.03
2857.2 49.03
2858.4 49.03
2859.6 49.03
2860.8 49.03
2862.0 49.03
2863.2 49.03
2864.4 49.03
2865.6 49.03
2866.8 49.03
2868.0 49.03
2869.2 49.03
2870.4 49.03
2871.6 49.03
2872.8 49.03
2874.0 49.03
2875.2 49.03
2876.4 49.03
2877.6 49.03
2878.8 49.03
2880.0 49.03
2881.2 49.03
2882.4 49.03
2883.6 49.03
2884.8 49.03
2886.0 49.03
2887.2 49.03
2888.4 49.03
2889.6 49.03
2890.8 49.03
2892.0 49.03
2893.2 49.03
2894.4 49.03
2895.6 49.03
2896.8 49.03
2898.0 49.03
2899.2 49.03
2900.4 49.03
2901.6 49.03
2902.8 49.03
2904.0 49.03
2905.2 49.03
2906.4 49.03
2907.6 49.03
2908.8 49.03
2910.0 49.03
2911.2 49.03
2912.4 49.03
2913.6 49.03
2914.8 49.03
2916.0 49.03
2917.2 49.03
2918.4 49.03
2919.6 49.03
2920.8 49.03
2922.0 49.03
2923.2 49.03
2924.4 49.03
2925.6 49.03
2926.8 49.03
2928.0 49.03
2929.2 49.03
2930.4 49.03
2931.6 49.03
2932.8 49.03
2934.0 49.03
2935.2 49.03
2936.4 49.03
2937.6 49.03
2938.8 49.03
2940.0 49.03
2941.2 49.03
2942.4 49.03
2943.6 49.03
2944.8 49.03
2946.0 49.03
2947.2 49.03
2948.4 49.03
2949.6 49.03
2950.8 49.03
2952.0 49.03
2953.2 49.03
2954.4 49.03
2955.6 49.03
2956.8 49.03
2958.0 49.03
2959.2 49.03
2960.4 49.03
2961.6 49.03
2962.8 49.03
2964.0 49.03
2965.2 49.03
2966.4 49.03
2967.6 49.03
2968.8 49.03
2970.0 49.03
2971.2 49.03
2972.4 49.03
2973.6 49.03
2974.8 49.03
2976.0 49.03
2977.2 49.03
2978.4 49.03
2979.6 49.03
2980.8 49.03
2982.0 49.03
2983.2 49.03
2984.4 49.03
2985.6 49.03
2986.8 49.03
2988.0 49.03
2989.2 49.03
2990.4 49.03
2991.6 49.03
2992.8 49.03
2994.0 49.03
2995.2 49.03
2996.4 49.03
2997.6 49.03
2998.8 49.03
3000.0 49.03
3001.2 49.03
3002.4 49.03
3003.6 49.03
3004.8 49.03
3006.0 49.03
3007.2 49.03
3008.4 49.03
3009.6 49.03
3010.8 49.03
3012.0 49.03
3013.2 49.03
3014.4 49.03
3015.6 49.03
3016.8 49.03
3018.0 49.03
3019.2 49.03
3020.4 49.03
3021.6 49.03
3022.8 49.03
3024.0 49.03
3025.2 49.03
3026.4 49.03
3027.6 49.03
3028.8 49.03
3030.0 49.03
3031.2 49.03
3032.4 49.03
3033.6 49.03
3034.8 49.03
3036.0 49.03
3037.2 49.03
3038.4 49.03
3039.6 49.03
3040.8 49.03
3042.0 49.03
3043.2 49.03
3044.4 49.03
3045.6 49.03
3046.8 49.03
3048.0 49.03
3049.2 49.03
3050.4 49.03
3051.6 49.03
3052.8 49.03
3054.0 49.03
3055.2 49.03
3056.4 49.03
3057.6 49.03
3058.8 49.03
3060.0 49.03
3061.2 49.03
3062.4 49.03
3063.6 49.03
3064.8 49.03
3066.0 49.03
3067.2 49.03
3068.4 49.03
3069.6 49.03
3070.8 49.03
3072.0 49.03
3073.2 49.03
3074.4 49.03
3075.6 49.03
3076.8 49.03
3078.0 49.03
3079.2 49.03
3080.4 49.03
3081.6 49.03
3082.8 49.03
3084.0 49.03
3085.2 49.03
3086.4 49.03
3087.6 49.03
3088.8 49.03
3090.0 49.03
3091.2 49.03
3092.4 49.03
3093.6 49.03
3094.8 49.03
3096.0 49.03
3097.2 49.03
3098.4 49.03
3099.6 49.03
3100.8 49.03
3102.0 49.03
3103.2 49.03
3104.4 49.03
3105.6 49.03
3106.8 49.03
3108.0 49.03
3109.2 49.03
3110.4 49.03
3111.6 49.03
3112.8 49.03
3114.0 49.03
3115.2 49.03
3116.4 49.03
3117.6 49.03
3118.8 49.03
3120.0 49.03
3121.2 49.03
3122.4 49.03
3123.6 49.03
3124.8 49.03
3126.0 49.03
3127.2 49.03
3128.4 49.03
3129.6 49.03
3130.8 49.03
3132.0 49.03
3133.2 49.03
3134.4 49.03
3135.6 49.03
3136.8 49.03
3138.0 49.03
3139.2 49.03
3140.4 49.03
3141.6 49.03
3142.8 49.03
3144.0 49.03
3145.2 49.03
3146.4 49.03
3147.6 49.03
3148.8 49.03
3150.0 49.03
3151.2 49.03
3152.4 49.03
3153.6 49.03
3154.8 49.03
3156.0 49.03
3157.2 49.03
3158.4 49.03
3159.6 49.03
3160.8 49.03
3162.0 49.03
3163.2 49.03
3164.4 49.03
3165.6 49.03
3166.8 49.03
3168.0 49.03
3169.2 49.03
3170.4 49.03
3171.6 49.03
3172.8 49.03
3174.0 49.03
3175.2 49.03
3176.4 49.03
3177.6 49.03
3178.8 49.03
3180.0 49.03
3181.2 49.03
3182.4 49.03
3183.6 49.03
3184.8 49.03
3186.0 49.03
3187.2 49.03
3188.4 49.03
3189.6 49.03
3190.8 49.03
3192.0 49.03
3193.2 49.03
3194.4 49.03
3195.6 49.03
3196.8 49.03
3198.0 49.03
3199.2 49.03
3200.4 49.03
3201.6 49.03
3202.8 49.03
3204.0 49.03
3205.2 49.03
3206.4 49.03
3207.6 49.03
3208.8 49.03
3210.0 49.03
3211.2 49.03
3212.4 49.03
3213.6 49.03
3214.8 49.03
3216.0 49.03
3217.2 49.03
3218.4 49.03
3219.6 49.03
3220.8 49.03
3222.0 49.03
3223.2 49.03
3224.4 49.03
3225.6 49.03
3226.8 49.03
3228.0 49.03
3229.2 49.03
3230.4 49.03
3231.6 49.03
3232.8 49.03
3234.0 49.03
3235.2 49.03
3236.4 49.03
3237.6 49.03
3238.8 49.03
3240.0 49.03
3241.2 49.03
3242.4 49.03
3243.6 49.03
3244.8 49.03
3246.0 49.03
3247.2 49.03
3248.4 49.03
3249.6 49.03
3250.8 49.03
3252.0 49.03
3253.2 49.03
3254.4 49.03
3255.6 49.03
3256.8 49.03
3258.0 49.03
3259.2 49.03
3260.4 49.03
3261.6 49.03
3262.8 49.03
3264.0 49.03
3265.2 49.03
3266.4 49.03
3267.6 49.03
3268.8 49.03
3270.0 49.03
3271.2 49.03
3272.4 49.03
3273.6 49.03
3274.8 49.03
3276.0 49.03
3277.2 49.03
3278.4 49.03
3279.6 49.03
3280.8 49.03
3282.0 49.03
3283.2 49.03
3284.4 49.03
3285.6 49.03
3286.8 49.03
3288.0 49.03
3289.2 49.03
3290.4 49.03
3291.6 49.03
3292.8 49.03
3294.0 49.03
3295.2 49.03
3296.4 49.03
3297.6 49.03
3298.8 49.03
3300.0 49.03
3301.2 49.03
3302.4 49.03
3303.6 49.03
3304.8 49.03
3306.0 49.03
3307.2 49.03
3308.4 49.03
3309.6 49.03
3310.8 49.03
3312.0 49.03
3313.2 49.03
3314.4 49.03
3315.6 49.03
3316.8 49.03
3318.0 49.03
3319.2 49.03
3320.4 49.03
3321.6 49.03
3322.8 49.03
3324.0 49.03
3325.2 49.03
3326.4 49.03
3327.6 49.03
3328.8 49.03
3330.0 49.03
3331.2 49.03
3332.4 49.03
3333.6 49.03
3334.8 49.03
3336.0 49.03
3337.2 49.03
3338.4 49.03
3339.6 49.03
3340.8 49.03
3342.0 49.03
3343.2 49.03
3344.4 49.03
3345.6 49.03
3346.8 49.03
3348.0 49.03
3349.2 49.03
3350.4 49.03
3351.6 49.03
3352.8 49.03
3354.0 49.03
3355.2 49.03
3356.4 49.03
3357.6 49.03
3358.8 49.03
3360.0 49.03
3361.2 49.03
3362.4 49.03
3363.6 49.03
3364.8 49.03
3366.0 49.03
3367.2 49.03
3368.4 49.03
3369.6 49.03
3370.8 49.03
3372.0 49.03
3373.2 49.03
3374.4 49.03
3375.6 49.03
3376.8 49.03
3378.0 49.03
3379.2 49.03
3380.4 49.03
3381.6 49.03
3382.8 49.03
3384.0 49.03
3385.2 49.03
3386.4 49.03
3387.6 49.03
3388.8 49.03
3390.0 49.03
3391.2 49.03
3392.4 49.03
3393.6 49.03
3394.8 49.03
3396.0 49.03
3397.2 49.03
3398.4 49.03
3399.6 49.03
3400.8 49.03
3402.0 49.03
3403.2 49.03
3404.4 49.03
3405.6 49.03
3406.8 49.03
3408.0 49.03
3409.2 49.03
3410.4 49.03
3411.6 49.03
3412.8 49.03
3414.0 49.03
3415.2 49.03
3416.4 49.03
3417.6 49.03
3418.8 49.03
3420.0 49.03
3421.2 49.03
3422.4 49.03
3423.6 49.03
3424.8 49.03
3426.0 49.03
3427.2 49.03
3428.4 49.03
3429.6 49.03
3430.8 49.03
3432.0 49.03
3433.2 49.03
3434.4 49.03
3435.6 49.03
3436.8 49.03
3438.0 49.03
3439.2 49.03
3440.4 49.03
3441.6 49.03
3442.8 49.03
3444.0 49.03
3445.2 49.03
3446.4 49.03
3447.6 49.03
3448.8 49.03
3450.0 49.03
3451.2 49.03
3452.4 49.03
3453.6 49.03
3454.8 49.03
3456.0 49.03
3457.2 49.03
3458.4 49.03
3459.6 49.03
3460.8 49.03
3462.0 49.03
3463.2 49.03
3464.4 49.03
3465.6 49.03
3466.8 49.03
3468.0 49.03
3469.2 49.03
3470.4 49.03
3471.6 49.03
3472.8 49.03
3474.0 49.03
3475.2 49.03
3476.4 49.03
3477.6 49.03
3478.8 49.03
3480.0 49.03
3481.2 49.03
3482.4 49.03
3483.6 49.03
3484.8 49.03
3486.0 49.03
3487.2 49.03
3488.4 49.03
3489.6 49.03
3490.8 49.03
3492.0 49.03
3493.2 49.03
3494.4 49.03
3495.6 49.03
3496.8 49.03
3498.0 49.03
3499.2 49.03
3500.4 49.03
3501.6 49.03
3502.8 49.03
3504.0 49.03
3505.2 49.03
3506.4 49.03
3507.6 49.03
3508.8 49.03
3510.0 49.03
3511.2 49.03
3512.4 49.03
3513.6 49.03
3514.8 49.03
3516.0 49.03
3517.2 49.03
3518.4 49.03
3519.6 49.03
3520.8 49.03
3522.0 49.03
3523.2 49.03
3524.4 49.03
3525.6 49.03
3526.8 49.03
3528.0 49.03
3529.2 49.03
3530.4 49.03
3531.6 49.03
3532.8 49.03
3534.0 49.03
3535.2 49.03
3536.4 49.03
3537.6 49.03
3538.8 49.03
3540.0 49.03
3541.2 49.03
3542.4 49.03
3543.6 49.03
3544.8 49.03
3546.0 49.03
3547.2 49.03
3548.4 49.03
3549.6 49.03
3550.8 49.03
3552.0 49.03
3553.2 49.03
3554.4 49.03
3555.6 49.03
3556.8 49.03
3558.0 49.03
3559.2 49.03
3560.4 49.03
3561.6 49.03
3562.8 49.03
3564.0 49.03
3565.2 49.03
3566.4 49.03
3567.6 49.03
3568.8 49.03
3570.0 49.03
3571.2 49.03
3572.4 49.03
3573.6 49.03
3574.8 49.03
3576.0 49.03
3577.2 49.03
3578.4 49.03
3579.6 49.03
3580.8 49.03
3582.0 49.03
3583.2 49.03
3584.4 49.03
3585.6 49.03
3586.8 49.03
3588.0 49.03
3589.2 49.03
3590.4 49.03
3591.6 49.03
3592.8 49.03
3594.0 49.03
3595.2 49.03
3596.4 49.03
3597.6 49.03
3598.8 49.03
3600.0 49.03
3601.2 49.03
3602.4 49.03
3603.6 49.03
3604.8 49.03
3606.0 49.03
3607.2 49.03
3608.4 49.03
3609.6 49.03
3610.8 49.03
3612.0 49.03
3613.2 49.03
3614.4 49.03
3615.6 49.03
3616.8 49.03
3618.0 49.03
3619.2 49.03
3620.4 49.03
3621.6 49.03
3622.8 49.03
3624.0 49.03
3625.2 49.03
3626.4 49.03
3627.6 49.03
3628.8 49.03
3630.0 49.03
3631.2 49.03
3632.4 49.03
3633.6 49.03
3634.8 49.03
3636.0 49.03
3637.2 49.03
3638.4 49.03
3639.6 49.03
3640.8 49.03
3642.0 49.03
3643.2 49.03
3644.4 49.03
3645.6 49.03
3646.8 49.03
3648.0 49.03
3649.2 49.03
3650.4 49.03
3651.6 49.03
3652.8 49.03
3654.0 49.03
3655.2 49.03
3656.4 49.03
3657.6 49.03
3658.8 49.03
3660.0 49.03
3661.2 49.03
3662.4 49.03
3663.6 49.03
3664.8 49.03
3666.0 49.03
3667.2 49.03
3668.4 49.03
3669.6 49.03
3670.8 49.03
3672.0 49.03
3673.2 49.03
3674.4 49.03
3675.6 49.03
3676.8 49.03
3678.0 49.03
3679.2 49.03
3680.4 49.03
3681.6 49.03
3682.8 49.03
3684.0 49.03
3685.2 49.03
3686.4 49.03
3687.6 49.03
3688.8 49.03
3690.0 49.03
3691.2 49.03
3692.4 49.03
3693.6 49.03
3694.8 49.03
3696.0 49.03
3697.2 49.03
3698.4 49.03
3699.6 49.03
3700.8 49.03
3702.0 49.03
3703.2 49.03
3704.4 49.03
3705.6 49.03
3706.8 49.03
3708.0 49.03
3709.2 49.03
3710.4 49.03
3711.6 49.03
3712.8 49.03
3714.0 49.03
3715.2 49.03
3716.4 49.03
3717.6 49.03
3718.8 49.03
3720.0 49.03
3721.2 49.03
3722.4 49.03
3723.6 49.03
3724.8 49.03
3726.0 49.03
3727.2 49.03
3728.4 49.03
3729.6 49.03
3730.8 49.03
3732.0 49.03
3733.2 49.03
3734.4 49.03
3735.6 49.03
3736.8 49.03
3738.0 49.03
3739.2 49.03
3740.4 49.03
3741.6 49.03
3742.8 49.03
3744.0 49.03
3745.2 49.03
3746.4 49.03
3747.6 49.03
3748.8 49.03
3750.0 49.03
3751.2 49.03
3752.4 49.03
3753.6 49.03
3754.8 49.03
3756.0 49.03
3757.2 49.03
3758.4 49.03
3759.6 49.03
3760.8 49.03
3762.0 49.03
3763.2 49.03
3764.4 49.03
3765.6 49.03
3766.8 49.03
3768.0 49.03
3769.2 49.03
3770.4 49.03
3771.6 49.03
3772.8 49.03
3774.0 49.03
3775.2 49.03
3776.4 49.03
3777.6 49.03
3778.8 49.03
3780.0 49.03
3781.2 49.03
3782.4 49.03
3783.6 49.03
3784.8 49.03
3786.0 49.03
3787.2 49.03
3788.4 49.03
3789.6 49.03
3790.8 49.03
3792.0 49.03
3793.2 49.03
3794.4 49.03
3795.6 49.03
3796.8 49.03
3798.0 49.03
3799.2 49.03
3800.4 49.03
3801.6 49.03
3802.8 49.03
3804.0 49.03
3805.2 49.03
3806.4 49.03
3807.6 49.03
3808.8 49.03
3810.0 49.03
3811.2 49.03
3812.4 49.03
3813.6 49.03
3814.8 49.03
3816.0 49.03
3817.2 49.03
3818.4 49.03
3819.6 49.03
3820.8 49.03
3822.0 49.03
3823.2 49.03
3824.4 49.03
3825.6 49.03
3826.8 49.03
3828.0 49.03
3829.2 49.03
3830.4 49.03
3831.6 49.03
3832.8 49.03
3834.0 49.03
3835.2 49.03
3836.4 49.03
3837.6 49.03
3838.8 49.03
3840.0 49.03
3841.2 49.03
3842.4 49.03
3843.6 49.03
3844.8 49.03
3846.0 49.03
3847.2 49.03
3848.4 49.03
3849.6 49.03
3850.8 49.03
3852.0 49.03
3853.2 49.03
3854.4 49.03
3855.6 49.03
3856.8 49.03
3858.0 49.03
3859.2 49.03
3860.4 49.03
3861.6 49.03
3862.8 49.03
3864.0 49.03
3865.2 49.03
3866.4 49.03
3867.6 49.03
3868.8 49.03
3870.0 49.03
3871.2 49.03
3872.4 49.03
3873.6 49.03
3874.8 49.03
3876.0 49.03
3877.2 49.03
3878.4 49.03
3879.6 49.03
3880.8 49.03
3882.0 49.03
3883.2 49.03
3884.4 49.03
3885.6 49.03
3886.8 49.03
3888.0 49.03
3889.2 49.03
3890.4 49.03
3891.6 49.03
3892.8 49.03
3894.0 49.03
3895.2 49.03
3896.4 49.03
3897.6 49.03
3898.8 49.03
3900.0 49.03
3901.2 49.03
3902.4 49.03
3903.6 49.03
3904.8 49.03
3906.0 49.03
3907.2 49.03
3908.4 49.03
3909.6 49.03
3910.8 49.03
3912.0 49.03
3913.2 49.03
3914.4 49.03
3915.6 49.03
3916.8 49.03
3918.0 49.03
3919.2 49.03
3920.4 49.03
3921.6 49.03
3922.8 49.03
3924.0 49.03
3925.2 49.03
3926.4 49.03
3927.6 49.03
3928.8 49.03
3930.0 49.03
3931.2 49.03
3932.4 49.03
3933.6 49.03
3934.8 49.03
3936.0 49.03
3937.2 49.03
3938.4 49.03
3939.6 49.03
3940.8 49.03
3942.0 49.03
3943.2 49.03
3944.4 49.03
3945.6 49.03
3946.8 49.03
3948.0 49.03
3949.2 49.03
3950.4 49.03
3951.6 49.03
3952.8 49.03
3954.0 49.03
3955.2 49.03
3956.4 49.03
3957.6 49.03
3958.8 49.03
3960.0 49.03
3961.2 49.03
3962.4 49.03
3963.6 49.03
3964.8 49.03
3966.0 49.03
3967.2 49.03
3968.4 49.03
3969.6 49.03
3970.8 49.03
3972.0 49.03
3973.2 49.03
3974.4 49.03
3975.6 49.03
3976.8 49.03
3978.0 49.03
3979.2 49.03
3980.4 49.03
3981.6 49.03
3982.8 49.03
3984.0 49.03
3985.2 49.03
3986.4 49.03
3987.6 49.03
3988.8 49.03
3990.0 49.03
3991.2 49.03
3992.4 49.03
3993.6 49.03
3994.8 49.03
3996.0 49.03
3997.2 49.03
3998.4 49.03
3999.6 49.03
