0.0 4750
1.2 4750
2.4 4750
3.6 4867.14
4.8 4927.11
6.0 4965.93
7.2 4999.49
8.4 5059.43
9.6 5090.0
10.8 5149.92
12.0 5179.71
13.2 5206.22
14.4 5266.1
15.6 5288.47
16.8 5348.32
18.0 5368.22
19.2 5383.84
20.4 5443.66
21.6 5455.66
22.8 5515.45
24.0 5524.39
25.2 5584.16
26.4 5588.75
27.6 5590.61
28.8 5650.34
30.0 5647.8
31.2 5707.51
32.4 5702.46
33.6 5691.47
34.8 5751.15
36.0 5734.09
37.2 5793.75
38.4 5770.19
39.6 5739.61
40.8 5799.23
42.0 5763.38
43.2 5822.99
44.4 5781.34
45.6 5840.92
46.8 5793.75
48.0 5741.02
49.2 5800.59
50.4 5743.59
51.6 5803.13
52.8 5741.73
54.0 5676.11
55.2 5735.62
56.4 5666.86
57.6 5726.36
58.8 5654.36
60.0 5579.79
61.2 5639.27
62.4 5562.63
63.6 5622.08
64.8 5544.14
66.0 5603.58
67.2 5524.87
68.4 5445.97
69.6 5505.39
70.8 5426.98
72.0 5486.38
73.2 5408.83
74.4 5332.8
75.6 5392.19
76.8 5317.36
78.0 5376.73
79.2 5300.97
80.4 5228.36
81.6 5287.71
82.8 5219.1
84.0 5278.43
85.2 5222.86
86.4 5282.18
87.6 5253.56
88.8 5258.41
90.0 5317.71
91.2 5360.04
92.4 5419.33
93.6 5499.8
94.8 5617.71
96.0 5676.98
97.2 5826.21
98.4 5885.47
99.6 6060.19
100.8 6252.41
102.0 6311.67
103.2 6513.07
104.4 6572.31
105.6 6774.93
106.8 6834.16
108.0 7037.71
109.2 7242.25
110.4 7301.47
111.6 7505.38
112.8 7564.58
114.0 7768.75
115.2 7974.57
116.4 8033.77
117.6 8243.13
118.8 8302.31
120.0 8511.12
121.2 8714.41
122.4 8773.59
123.6 8970.72
124.8 9029.88
126.0 9217.73
127.2 9276.89
128.4 9457.17
129.6 9628.98
130.8 9688.12
132.0 9852.87
133.2 9912.0
134.4 10069.0
135.6 10219.43
136.8 10278.55
138.0 10421.86
139.2 10480.98
140.4 10618.8
141.6 10749.71
142.8 10808.82
144.0 10934.71
145.2 10993.81
146.4 11113.74
147.6 11172.83
148.8 11288.29
150.0 11398.62
151.2 11457.7
152.4 11562.73
153.6 11621.8
154.8 11722.9
156.0 11819.13
157.2 11878.2
158.4 11971.01
159.6 12030.07
160.8 12118.91
162.0 12203.32
163.2 12262.37
164.4 12343.91
165.6 12402.96
166.8 12481.23
168.0 12540.27
169.2 12614.68
170.4 12686.64
171.6 12745.67
172.8 12814.98
174.0 12874.01
175.2 12939.6
176.4 13003.63
177.6 13062.66
178.8 13123.98
180.0 13182.99
181.2 13241.3
182.4 13298.12
183.6 13357.14
184.8 13411.85
186.0 13470.86
187.2 13522.77
188.4 13581.77
189.6 13632.55
190.8 13681.56
192.0 13740.56
193.2 13787.92
194.4 13846.92
195.6 13892.09
196.8 13936.56
198.0 13995.55
199.2 14038.46
200.4 14097.45
201.6 14139.38
202.8 14179.54
204.0 14238.52
205.2 14278.35
206.4 14337.32
207.6 14376.25
208.8 14435.22
210.0 14473.12
211.2 14509.74
212.4 14568.71
213.6 14605.41
214.8 14664.37
216.0 14700.68
217.2 14736.7
218.4 14795.66
219.6 14831.4
220.8 14890.35
222.0 14924.91
223.2 14960.34
224.4 15019.29
225.6 15054.9
226.8 15113.85
228.0 15149.74
229.2 15208.69
230.4 15244.8
231.6 15281.31
232.8 15340.25
234.0 15376.58
235.2 15435.51
236.4 15473.08
237.6 15511.22
238.8 15570.15
240.0 15609.13
241.2 15668.06
242.4 15709.59
243.6 15754.66
244.8 15813.59
246.0 15861.63
247.2 15920.56
248.4 15972.26
249.6 16031.18
250.8 16085.71
252.0 16143.24
253.2 16202.16
254.4 16263.9
255.6 16322.81
256.8 16389.7
258.0 16461.75
259.2 16520.66
260.4 16597.4
261.6 16656.31
262.8 16739.62
264.0 16828.24
265.2 16887.15
266.4 16980.71
267.6 17039.61
268.8 17138.26
270.0 17197.16
271.2 17300.29
272.4 17407.35
273.6 17466.25
274.8 17576.52
276.0 17635.42
277.2 17744.42
278.4 17850.39
279.6 17909.29
280.8 18011.82
282.0 18070.72
283.2 18169.58
284.4 18265.72
285.6 18324.61
286.8 18415.96
288.0 18474.85
289.2 18560.94
290.4 18619.83
291.6 18702.16
292.8 18782.19
294.0 18841.08
295.2 18919.47
296.4 18978.35
297.6 19056.12
298.8 19132.75
300.0 19191.63
301.2 19267.28
302.4 19326.17
303.6 19400.66
304.8 19474.18
306.0 19533.07
307.2 19605.88
308.4 19664.76
309.6 19736.51
310.8 19795.38
312.0 19866.02
313.2 19936.11
314.4 19994.99
315.6 20064.27
316.8 20123.14
318.0 20191.48
319.2 20259.15
320.4 20318.02
321.6 20384.29
322.8 20443.16
324.0 20509.62
325.2 20575.25
326.4 20634.13
327.6 20699.04
328.8 20757.91
330.0 20822.04
331.2 20880.91
332.4 20944.53
333.6 21007.67
334.8 21066.54
336.0 21128.97
337.2 21187.83
338.4 21249.67
339.6 21311.11
340.8 21369.98
342.0 21431.01
343.2 21489.88
344.4 21550.64
345.6 21610.9
346.8 21669.76
348.0 21729.63
349.2 21788.49
350.4 21847.91
351.6 21906.77
352.8 21966.07
354.0 22024.65
355.2 22083.51
356.4 22141.87
357.6 22200.72
358.8 22258.87
360.0 22316.1
361.2 22374.96
362.4 22432.68
363.6 22491.54
364.8 22548.96
366.0 22606.1
367.2 22664.96
368.4 22721.92
369.6 22780.78
370.8 22837.82
372.0 22896.67
373.2 22953.66
374.4 23010.36
375.6 23069.22
376.8 23125.92
378.0 23184.77
379.2 23241.48
380.4 23297.97
381.6 23356.83
382.8 23413.28
384.0 23472.13
385.2 23528.55
386.4 23585.24
387.6 23644.1
388.8 23700.93
390.0 23759.78
391.2 23816.97
392.4 23875.82
393.6 23933.22
394.8 23990.95
396.0 24049.8
397.2 24107.56
398.4 24166.41
399.6 24224.42
400.8 24282.28
402.0 24341.13
403.2 24399.16
404.4 24458.01
405.6 24516.11
406.8 24574.68
408.0 24633.53
409.2 24692.24
410.4 24751.09
411.6 24809.87
412.8 24868.71
414.0 24927.61
415.2 24986.64
416.4 25045.49
417.6 25103.98
418.8 25162.82
420.0 25222.17
421.2 25281.71
422.4 25340.56
423.6 25399.96
424.8 25458.81
426.0 25518.49
427.2 25578.26
428.4 25637.11
429.6 25696.89
430.8 25755.74
432.0 25815.62
433.2 25874.47
434.4 25934.36
435.6 25994.43
436.8 26053.27
438.0 26113.49
439.2 26172.33
440.4 26232.56
441.6 26293.02
442.8 26351.86
444.0 26412.31
445.2 26471.15
446.4 26531.91
447.6 26592.34
448.8 26651.18
450.0 26711.75
451.2 26770.59
452.4 26830.93
453.6 26889.77
454.8 26950.28
456.0 27010.94
457.2 27069.78
458.4 27130.5
459.6 27189.34
460.8 27250.11
462.0 27311.0
463.2 27369.84
464.4 27430.77
465.6 27489.61
466.8 27550.6
468.0 27611.54
469.2 27670.38
470.4 27731.43
471.6 27790.27
472.8 27851.27
474.0 27910.11
475.2 27971.31
476.4 28032.46
477.6 28091.3
478.8 28152.47
480.0 28211.31
481.2 28272.51
482.4 28333.73
483.6 28392.57
484.8 28453.81
486.0 28512.65
487.2 28573.9
488.4 28635.33
489.6 28694.17
490.8 28755.46
492.0 28814.3
493.2 28875.92
494.4 28934.75
495.6 28996.2
496.8 29058.65
498.0 29117.49
499.2 29181.42
500.4 29240.25
501.6 29304.92
502.8 29368.82
504.0 29427.66
505.2 29491.23
506.4 29550.07
507.6 29612.97
508.8 29675.65
510.0 29734.49
511.2 29796.85
512.4 29855.69
513.6 29917.77
514.8 29976.61
516.0 30038.29
517.2 30099.7
518.4 30158.53
519.6 30219.91
520.8 30278.75
522.0 30340.05
523.2 30401.07
524.4 30459.91
525.6 30520.91
526.8 30579.74
528.0 30640.64
529.2 30701.46
530.4 30760.3
531.6 30821.14
532.8 30879.97
534.0 30940.75
535.2 30999.59
536.4 31060.24
537.6 31120.93
538.8 31179.77
540.0 31240.41
541.2 31299.25
542.4 31359.78
543.6 31420.2
544.8 31479.04
546.0 31539.59
547.2 31598.43
548.4 31659.02
549.6 31719.53
550.8 31778.37
552.0 31838.83
553.2 31897.67
554.4 31958.2
555.6 32017.04
556.8 32077.54
558.0 32138.1
559.2 32196.93
560.4 32257.32
561.6 32316.15
562.8 32376.43
564.0 32436.92
565.2 32495.76
566.4 32556.15
567.6 32614.98
568.8 32675.36
570.0 32735.7
571.2 32794.54
572.4 32854.86
573.6 32913.69
574.8 32973.99
576.0 33032.82
577.2 33092.95
578.4 33153.04
579.6 33211.88
580.8 33272.11
582.0 33330.95
583.2 33391.0
584.4 33451.27
585.6 33510.1
586.8 33569.61
588.0 33628.44
589.2 33688.35
590.4 33748.46
591.6 33807.29
592.8 33868.05
594.0 33926.88
595.2 33986.06
596.4 34044.89
597.6 34105.51
598.8 34164.88
600.0 34223.71
601.2 34283.72
602.4 34342.55
603.6 34402.45
604.8 34462.4
606.0 34521.23
607.2 34581.09
608.4 34639.92
609.6 34699.67
610.8 34759.25
612.0 34818.08
613.2 34877.86
614.4 34936.69
615.6 34996.53
616.8 35055.36
618.0 35115.1
619.2 35174.89
620.4 35233.73
621.6 35293.34
622.8 35352.17
624.0 35411.93
625.2 35471.65
626.4 35530.49
627.6 35589.95
628.8 35648.78
630.0 35708.63
631.2 35768.2
632.4 35827.03
633.6 35886.59
634.8 35945.42
636.0 36005.11
637.2 36063.94
638.4 36123.54
639.6 36182.94
640.8 36241.78
642.0 36301.09
643.2 36359.92
644.4 36419.37
645.6 36478.79
646.8 36537.62
648.0 36596.96
649.2 36655.79
650.4 36715.25
651.6 36774.78
652.8 36833.61
654.0 36892.87
655.2 36951.7
656.4 37010.96
657.6 37069.79
658.8 37129.09
660.0 37188.38
661.2 37247.21
662.4 37306.56
663.6 37365.39
664.8 37424.64
666.0 37483.87
667.2 37542.71
668.4 37601.92
669.6 37660.75
670.8 37719.93
672.0 37779.04
673.2 37837.87
674.4 37896.94
675.6 37955.78
676.8 38014.84
678.0 38073.67
679.2 38132.64
680.4 38191.74
681.6 38250.57
682.8 38309.74
684.0 38368.57
685.2 38427.65
686.4 38486.47
687.6 38545.3
688.8 38604.35
690.0 38663.18
691.2 38722.05
692.4 38781.14
693.6 38839.98
694.8 38898.97
696.0 38957.8
697.2 39016.64
698.4 39075.47
699.6 39134.21
700.8 39193.08
702.0 39251.92
703.2 39310.79
704.4 39369.62
705.6 39428.47
706.8 39487.16
708.0 39545.99
709.2 39605.06
710.4 39663.89
711.6 39722.8
712.8 39781.76
714.0 39840.59
715.2 39899.46
716.4 39958.3
717.6 40017.17
718.8 40076.0
720.0 40134.85
721.2 40193.78
722.4 40252.61
723.6 40311.44
724.8 40370.27
726.0 40429.09
727.2 40488.06
728.4 40546.89
729.6 40605.85
730.8 40664.68
732.0 40723.63
733.2 40782.41
734.4 40841.24
735.6 40900.09
736.8 40958.92
738.0 41017.84
739.2 41076.67
740.4 41135.73
741.6 41194.56
742.8 41253.39
744.0 41312.04
745.2 41370.87
746.4 41429.6
747.6 41488.39
748.8 41547.22
750.0 41605.93
751.2 41664.76
752.4 41723.39
753.6 41782.08
754.8 41840.91
756.0 41899.67
757.2 41958.51
758.4 42017.27
759.6 42076.1
760.8 42134.93
762.0 42193.53
763.2 42252.36
764.4 42310.77
765.6 42369.6
766.8 42428.35
768.0 42487.01
769.2 42545.84
770.4 42604.26
771.6 42663.09
772.8 42721.73
774.0 42780.38
775.2 42839.21
776.4 42897.86
777.6 42956.69
778.8 43015.25
780.0 43074.08
781.2 43132.8
782.4 43191.35
783.6 43250.18
784.8 43308.82
786.0 43367.65
787.2 43426.36
788.4 43484.99
789.6 43543.82
790.8 43602.37
792.0 43661.2
793.2 43719.91
794.4 43778.21
795.6 43837.04
796.8 43895.6
798.0 43954.43
799.2 44012.97
800.4 44071.8
801.6 44130.34
802.8 44189.04
804.0 44247.87
805.2 44306.81
806.4 44365.64
807.6 44424.09
808.8 44482.8
810.0 44541.63
811.2 44600.4
812.4 44659.23
813.6 44717.76
814.8 44776.3
816.0 44835.14
817.2 44893.67
818.4 44952.5
819.6 45011.19
820.8 45070.02
822.0 45128.49
823.2 45187.03
824.4 45245.86
825.6 45304.55
826.8 45363.38
828.0 45422.08
829.2 45480.7
830.4 45539.53
831.6 45598.07
832.8 45656.9
834.0 45715.45
835.2 45774.3
836.4 45833.13
837.6 45891.68
838.8 45950.51
840.0 46009.06
841.2 46067.89
842.4 46126.43
843.6 46185.06
844.8 46243.89
846.0 46302.37
847.2 46361.2
848.4 46419.99
849.6 46478.54
850.8 46537.37
852.0 46596.09
853.2 46654.92
854.4 46713.56
855.6 46772.28
856.8 46831.11
858.0 46889.83
859.2 46948.66
860.4 47007.39
861.6 47066.22
862.8 47125.02
864.0 47183.83
865.2 47242.66
866.4 47301.4
867.6 47360.22
868.8 47418.88
870.0 47477.69
871.2 47536.52
872.4 47595.0
873.6 47653.83
874.8 47712.59
876.0 47771.24
877.2 47830.07
878.4 47888.66
879.6 47947.49
880.8 48006.08
882.0 48064.91
883.2 48123.65
884.4 48182.24
885.6 48241.07
886.8 48299.83
888.0 48358.66
889.2 48417.25
890.4 48475.92
891.6 48534.75
892.8 48593.43
894.0 48652.27
895.2 48711.03
896.4 48769.71
897.6 48828.54
898.8 48887.15
900.0 48945.99
901.2 49004.68
902.4 49063.51
903.6 49122.12
904.8 49180.82
906.0 49239.66
907.2 49298.36
908.4 49357.19
909.6 49415.89
910.8 49474.45
912.0 49533.28
913.2 49592.3
914.4 49651.13
915.6 49709.84
916.8 49768.56
918.0 49827.39
919.2 49886.27
920.4 49945.1
921.6 50003.98
922.8 50062.81
924.0 50121.54
925.2 50180.19
926.4 50239.02
927.6 50297.82
928.8 50356.65
930.0 50415.4
931.2 50474.13
932.4 50532.96
933.6 50591.54
934.8 50650.38
936.0 50709.04
937.2 50767.79
938.4 50826.62
939.6 50885.45
940.8 50944.28
942.0 51002.96
943.2 51061.79
944.4 51120.62
945.6 51179.38
946.8 51238.21
948.0 51296.9
949.2 51355.73
950.4 51414.49
951.6 51473.34
952.8 51532.17
954.0 51590.86
955.2 51649.69
956.4 51708.38
957.6 51767.25
958.8 51826.08
960.0 51884.93
961.2 51943.76
962.4 52002.62
963.6 52061.45
964.8 52120.09
966.0 52179.03
967.2 52237.86
968.4 52296.65
969.6 52355.48
970.8 52414.28
972.0 52472.99
973.2 52531.82
974.4 52590.38
975.6 52649.22
976.8 52708.1
978.0 52766.82
979.2 52825.65
980.4 52884.37
981.6 52943.21
982.8 53002.02
984.0 53060.85
985.2 53119.58
986.4 53178.39
987.6 53237.23
988.8 53295.97
990.0 53354.8
991.2 53413.61
992.4 53472.51
993.6 53531.35
994.8 53590.17
996.0 53649.0
997.2 53707.91
998.4 53766.65
999.6 53825.49
1000.8 53884.24
1002.0 53943.07
1003.2 54001.91
1004.4 54060.74
1005.6 54119.82
1006.8 54178.49
1008.0 54237.32
1009.2 54296.16
1010.4 54354.99
1011.6 54413.92
1012.8 54472.83
1014.0 54531.66
1015.2 54590.9
1016.4 54649.73
1017.6 54708.5
1018.8 54767.42
1020.0 54826.25
1021.2 54885.17
1022.4 54944.0
1023.6 55002.93
1024.8 55061.76
1026.0 55120.52
1027.2 55179.21
1028.4 55238.04
1029.6 55296.98
1030.8 55355.81
1032.0 55414.42
1033.2 55473.27
1034.4 55532.1
1035.6 55591.04
1036.8 55649.87
1038.0 55708.72
1039.2 55767.65
1040.4 55826.48
1041.6 55885.19
1042.8 55944.02
1044.0 56002.79
1045.2 56061.62
1046.4 56120.48
1047.6 56179.42
1048.8 56238.25
1050.0 56297.03
1051.2 56355.86
1052.4 56414.64
1053.6 56473.58
1054.8 56532.42
1056.0 56591.21
1057.2 56650.04
1058.4 56708.9
1059.6 56767.77
1060.8 56826.61
1062.0 56885.4
1063.2 56944.23
1064.4 57003.09
1065.6 57061.92
1066.8 57120.88
1068.0 57179.91
1069.2 57238.74
1070.4 57297.61
1071.6 57356.44
1072.8 57415.48
1074.0 57474.19
1075.2 57533.02
1076.4 57591.89
1077.6 57650.72
1078.8 57709.45
1080.0 57768.24
1081.2 57827.07
1082.4 57886.1
1083.6 57944.93
1084.8 58003.88
1086.0 58062.71
1087.2 58121.6
1088.4 58180.31
1089.6 58239.14
1090.8 58298.02
1092.0 58356.85
1093.2 58415.81
1094.4 58474.68
1095.6 58533.51
1096.8 58592.31
1098.0 58651.14
1099.2 58709.95
1100.4 58768.74
1101.6 58827.57
1102.8 58886.53
1104.0 58945.36
1105.2 59004.15
1106.4 59062.98
1107.6 59121.87
1108.8 59180.75
1110.0 59239.58
1111.2 59298.53
1112.4 59357.36
1113.6 59416.25
1114.8 59475.13
1116.0 59533.96
1117.2 59592.83
1118.4 59651.66
1119.6 59710.7
1120.8 59769.58
1122.0 59828.41
1123.2 59887.37
1124.4 59946.2
1125.6 60005.07
1126.8 60063.9
1128.0 60122.63
1129.2 60181.74
1130.4 60240.57
1131.6 60299.36
1132.8 60358.19
1134.0 60417.07
1135.2 60475.95
1136.4 60534.78
1137.6 60593.73
1138.8 60652.56
1140.0 60711.59
1141.2 60770.54
1142.4 60829.38
1143.6 60888.18
1144.8 60947.01
1146.0 61005.88
1147.2 61064.71
1148.4 61123.58
1149.6 61182.46
1150.8 61241.29
1152.0 61300.16
1153.2 61358.99
1154.4 61417.78
1155.6 61476.72
1156.8 61535.56
1158.0 61594.43
1159.2 61653.26
1160.4 61712.05
1161.6 61770.92
1162.8 61829.75
1164.0 61888.55
1165.2 61947.38
1166.4 62006.09
1167.6 62064.92
1168.8 62123.87
1170.0 62182.58
1171.2 62241.41
1172.4 62300.36
1173.6 62359.19
1174.8 62418.06
1176.0 62476.93
1177.2 62535.76
1178.4 62594.62
1179.6 62653.45
1180.8 62712.33
1182.0 62771.2
1183.2 62830.03
1184.4 62888.82
1185.6 62947.65
1186.8 63006.6
1188.0 63065.43
1189.2 63124.29
1190.4 63183.08
1191.6 63241.91
1192.8 63300.69
1194.0 63359.52
1195.2 63418.4
1196.4 63477.26
1197.6 63536.09
1198.8 63594.64
1200.0 63653.47
1201.2 63712.34
1202.4 63771.12
1203.6 63829.95
1204.8 63888.81
1206.0 63947.64
1207.2 64006.66
1208.4 64065.49
1209.6 64124.45
1210.8 64183.47
1212.0 64242.3
1213.2 64301.16
1214.4 64359.99
1215.6 64418.86
1216.8 64477.72
1218.0 64536.55
1219.2 64595.41
1220.4 64654.24
1221.6 64713.01
1222.8 64771.79
1224.0 64830.63
1225.2 64889.57
1226.4 64948.4
1227.6 65007.25
1228.8 65066.08
1230.0 65124.86
1231.2 65183.56
1232.4 65242.39
1233.6 65301.16
1234.8 65359.99
1236.0 65419.0
1237.2 65477.94
1238.4 65536.77
1239.6 65595.94
1240.8 65654.77
1242.0 65713.62
1243.2 65772.62
1244.4 65831.46
1245.6 65890.31
1246.8 65949.14
1248.0 66007.99
1249.2 66066.82
1250.4 66125.51
1251.6 66184.2
1252.8 66243.03
1254.0 66301.96
1255.2 66360.79
1256.4 66419.63
1257.6 66478.4
1258.8 66537.24
1260.0 66596.16
1261.2 66654.99
1262.4 66713.76
1263.6 66772.68
1264.8 66831.51
1266.0 66890.29
1267.2 66949.12
1268.4 67007.88
1269.6 67066.71
1270.8 67125.64
1272.0 67184.72
1273.2 67243.56
1274.4 67302.48
1275.6 67361.31
1276.8 67420.07
1278.0 67478.91
1279.2 67537.75
1280.4 67596.59
1281.6 67655.42
1282.8 67714.26
1284.0 67773.11
1285.2 67831.94
1286.4 67890.87
1287.6 67949.7
1288.8 68008.46
1290.0 68067.29
1291.2 68126.29
1292.4 68185.22
1293.6 68244.05
1294.8 68302.81
1296.0 68361.64
1297.2 68420.48
1298.4 68479.16
1299.6 68538.0
1300.8 68596.84
1302.0 68655.67
1303.2 68709.14
1304.4 68767.97
1305.6 68821.23
1306.8 68880.05
1308.0 68933.55
1309.2 68987.49
1310.4 69046.32
1311.6 69099.72
1312.8 69158.54
1314.0 69211.89
1315.2 69270.71
1316.4 69324.26
1317.6 69377.68
1318.8 69436.51
1320.0 69489.98
1321.2 69548.8
1322.4 69602.39
1323.6 69656.1
1324.8 69714.93
1326.0 69768.53
1327.2 69827.35
1328.4 69881.07
1329.6 69934.67
1330.8 69993.5
1332.0 70047.16
1333.2 70105.98
1334.4 70159.91
1335.6 70218.74
1336.8 70272.63
1338.0 70326.48
1339.2 70385.3
1340.4 70439.51
1341.6 70498.34
1342.8 70552.97
1344.0 70612.38
1345.2 70671.2
1346.4 70730.71
1347.6 70789.54
1348.8 70848.99
1350.0 70908.68
1351.2 70967.51
1352.4 71027.21
1353.6 71086.04
1354.8 71145.73
1356.0 71204.56
1357.2 71264.09
1358.4 71323.78
1359.6 71382.61
1360.8 71442.11
1362.0 71500.94
1363.2 71560.42
1364.4 71619.98
1365.6 71678.81
1366.8 71738.41
1368.0 71797.24
1369.2 71856.66
1370.4 71916.39
1371.6 71975.22
1372.8 72034.44
1374.0 72093.27
1375.2 72152.7
1376.4 72211.53
1377.6 72270.95
1378.8 72330.02
1380.0 72388.85
1381.2 72448.13
1382.4 72506.96
1383.6 72566.22
1384.8 72625.54
1386.0 72684.37
1387.2 72743.74
1388.4 72802.57
1389.6 72861.84
1390.8 72920.94
1392.0 72979.77
1393.2 73038.83
1394.4 73097.66
1395.6 73156.86
1396.8 73215.69
1398.0 73274.86
1399.2 73334.1
1400.4 73392.93
1401.6 73452.06
1402.8 73510.89
1404.0 73570.07
1405.2 73629.09
1406.4 73687.92
1407.6 73746.74
1408.8 73805.57
1410.0 73864.62
1411.2 73923.41
1412.4 73982.24
1413.6 74041.56
1414.8 74100.39
1416.0 74159.22
1417.2 74218.05
1418.4 74277.02
1419.6 74336.36
1420.8 74395.19
1422.0 74454.12
1423.2 74512.95
1424.4 74571.95
1425.6 74630.84
1426.8 74689.67
1428.0 74748.38
1429.2 74807.21
1430.4 74866.16
1431.6 74924.84
1432.8 74983.67
1434.0 75042.57
1435.2 75101.4
1436.4 75160.21
1437.6 75219.04
1438.8 75277.76
1440.0 75336.38
1441.2 75395.21
1442.4 75454.05
1443.6 75512.88
1444.8 75571.56
1446.0 75630.38
1447.2 75689.21
1448.4 75748.17
1449.6 75807.0
1450.8 75865.8
1452.0 75924.73
1453.2 75983.56
1454.4 76042.25
1455.6 76101.08
1456.8 76159.84
1458.0 76218.66
1459.2 76277.33
1460.4 76335.98
1461.6 76394.81
1462.8 76453.53
1464.0 76512.36
1465.2 76571.0
1466.4 76629.7
1467.6 76688.53
1468.8 76747.38
1470.0 76806.21
1471.2 76864.83
1472.4 76923.74
1473.6 76982.57
1474.8 77041.23
1476.0 77100.06
1477.2 77158.42
1478.4 77217.24
1479.6 77275.82
1480.8 77334.54
1482.0 77393.37
1483.2 77451.94
1484.4 77510.76
1485.6 77569.32
1486.8 77627.79
1488.0 77686.62
1489.2 77745.08
1490.4 77803.91
1491.6 77862.22
1492.8 77920.75
1494.0 77979.58
1495.2 78038.19
1496.4 78097.02
1497.6 78155.47
1498.8 78214.29
1500.0 78272.75
1501.2 78331.27
1502.4 78390.1
1503.6 78448.54
1504.8 78507.36
1506.0 78565.81
1507.2 78624.32
1508.4 78683.15
1509.6 78741.59
1510.8 78800.41
1512.0 78858.85
1513.2 78917.36
1514.4 78976.19
1515.6 79034.69
1516.8 79093.52
1518.0 79152.27
1519.2 79211.09
1520.4 79269.53
1521.6 79327.87
1522.8 79386.7
1524.0 79445.21
1525.2 79504.03
1526.4 79562.55
1527.6 79621.13
1528.8 79679.96
1530.0 79738.55
1531.2 79797.37
1532.4 79855.88
1533.6 79914.3
1534.8 79973.13
1536.0 80031.56
1537.2 80090.39
1538.4 80148.98
1539.6 80207.8
1540.8 80266.4
1542.0 80324.67
1543.2 80383.5
1544.4 80442.1
1545.6 80500.92
1546.8 80559.44
1548.0 80617.87
1549.2 80676.7
1550.4 80734.99
1551.6 80793.81
1552.8 80852.26
1554.0 80910.78
1555.2 80969.61
1556.4 81027.99
1557.6 81086.81
1558.8 81145.27
1560.0 81204.09
1561.2 81262.79
1562.4 81321.4
1563.6 81380.23
1564.8 81438.78
1566.0 81497.6
1567.2 81556.23
1568.4 81614.77
1569.6 81673.6
1570.8 81732.08
1572.0 81790.9
1573.2 81849.54
1574.4 81908.17
1575.6 81967.0
1576.8 82025.57
1578.0 82084.39
1579.2 82143.04
1580.4 82201.87
1581.6 82260.51
1582.8 82319.24
1584.0 82378.07
1585.2 82436.57
1586.4 82495.4
1587.6 82553.81
1588.8 82612.48
1590.0 82671.31
1591.2 82730.13
1592.4 82788.96
1593.6 82847.62
1594.8 82906.22
1596.0 82965.05
1597.2 83023.8
1598.4 83082.63
1599.6 83141.23
1600.8 83200.06
1602.0 83258.75
1603.2 83317.19
1604.4 83376.02
1605.6 83434.71
1606.8 83493.54
1608.0 83552.08
1609.2 83610.62
1610.4 83669.45
1611.6 83727.99
1612.8 83786.82
1614.0 83845.61
1615.2 83904.24
1616.4 83963.07
1617.6 84021.78
1618.8 84080.61
1620.0 84139.18
1621.2 84198.0
1622.4 84256.65
1623.6 84315.3
1624.8 84374.13
1626.0 84432.79
1627.2 84491.61
1628.4 84550.43
1629.6 84609.17
1630.8 84668.0
1632.0 84726.76
1633.2 84785.58
1634.4 84844.41
1635.6 84903.16
1636.8 84961.99
1638.0 85020.44
1639.2 85079.26
1640.4 85138.03
1641.6 85196.85
1642.8 85255.46
1644.0 85314.15
1645.2 85372.98
1646.4 85431.52
1647.6 85490.34
1648.8 85549.05
1650.0 85607.83
1651.2 85666.66
1652.4 85725.45
1653.6 85784.27
1654.8 85842.99
1656.0 85901.62
1657.2 85960.45
1658.4 86018.94
1659.6 86077.76
1660.8 86136.57
1662.0 86195.39
1663.2 86254.13
1664.4 86312.94
1665.6 86371.77
1666.8 86430.59
1668.0 86489.41
1669.2 86548.24
1670.4 86606.99
1671.6 86665.82
1672.8 86724.58
1674.0 86783.4
1675.2 86842.0
1676.4 86900.68
1677.6 86959.51
1678.8 87018.42
1680.0 87077.25
1681.2 87136.03
1682.4 87194.85
1683.6 87253.7
1684.8 87312.71
1686.0 87371.54
1687.2 87430.48
1688.4 87489.3
1689.6 87548.09
1690.8 87606.79
1692.0 87665.62
1693.2 87724.25
1694.4 87783.08
1695.6 87841.8
1696.8 87900.51
1698.0 87959.34
1699.2 88018.29
1700.4 88077.12
1701.6 88135.93
1702.8 88194.75
1704.0 88253.24
1705.2 88311.97
1706.4 88370.8
1707.6 88429.14
1708.8 88487.96
1710.0 88546.55
1711.2 88605.37
1712.4 88664.2
1713.6 88723.02
1714.8 88781.85
1716.0 88840.76
1717.2 88899.67
1718.4 88958.5
1719.6 89017.33
1720.8 89076.16
1722.0 89134.77
1723.2 89193.59
1724.4 89252.13
1725.6 89310.97
1726.8 89369.8
1728.0 89428.57
1729.2 89487.39
1730.4 89546.17
1731.6 89605.1
1732.8 89663.93
1734.0 89723.03
1735.2 89781.85
1736.4 89840.8
1737.6 89899.81
1738.8 89958.64
1740.0 90017.51
1741.2 90076.33
1742.4 90135.05
1743.6 90193.88
1744.8 90253.06
1746.0 90312.01
1747.2 90370.83
1748.4 90430.18
1749.6 90489.01
1750.8 90548.11
1752.0 90606.9
1753.2 90665.73
1754.4 90724.52
1755.6 90783.35
1756.8 90842.14
1758.0 90900.85
1759.2 90959.68
1760.4 91018.64
1761.6 91077.46
1762.8 91136.58
1764.0 91195.41
1765.2 91254.59
1766.4 91313.47
1767.6 91372.29
1768.8 91431.18
1770.0 91490.01
1771.2 91549.04
1772.4 91607.92
1773.6 91666.74
1774.8 91725.62
1776.0 91784.45
1777.2 91843.24
1778.4 91902.05
1779.6 91960.87
1780.8 92019.67
1782.0 92078.5
1783.2 92137.46
1784.4 92196.29
1785.6 92255.09
1786.8 92313.97
1788.0 92372.8
1789.2 92431.68
1790.4 92490.51
1791.6 92549.23
1792.8 92608.2
1794.0 92667.03
1795.2 92725.76
1796.4 92784.59
1797.6 92843.55
1798.8 92902.6
1800.0 92961.43
1801.2 93020.23
1802.4 93079.06
1803.6 93137.94
1804.8 93196.77
1806.0 93255.5
1807.2 93314.4
1808.4 93373.23
1809.6 93432.03
1810.8 93490.86
1812.0 93549.75
1813.2 93608.57
1814.4 93667.4
1815.6 93726.05
1816.8 93784.88
1818.0 93843.77
1819.2 93902.59
1820.4 93961.42
1821.6 94020.39
1822.8 94079.22
1824.0 94138.19
1825.2 94197.02
1826.4 94255.91
1827.6 94314.65
1828.8 94373.48
1830.0 94432.06
1831.2 94490.89
1832.4 94549.94
1833.6 94608.76
1834.8 94667.59
1836.0 94726.64
1837.2 94785.47
1838.4 94844.28
1839.6 94903.18
1840.8 94962.0
1842.0 95020.67
1843.2 95079.5
1844.4 95138.39
1845.6 95197.22
1846.8 95256.27
1848.0 95315.01
1849.2 95373.84
1850.4 95432.73
1851.6 95491.56
1852.8 95550.38
1854.0 95609.28
1855.2 95668.1
1856.4 95727.16
1857.6 95785.99
1858.8 95844.88
1860.0 95903.84
1861.2 95962.67
1862.4 96021.65
1863.6 96080.47
1864.8 96139.21
1866.0 96198.04
1867.2 96256.93
1868.4 96315.91
1869.6 96374.73
1870.8 96433.78
1872.0 96492.61
1873.2 96551.5
1874.4 96610.46
1875.6 96669.29
1876.8 96727.55
1878.0 96786.37
1879.2 96845.27
1880.4 96904.71
1881.6 96963.54
1882.8 97022.67
1884.0 97081.49
1885.2 97140.38
1886.4 97199.2
1887.6 97258.08
1888.8 97316.96
1890.0 97375.79
1891.2 97434.84
1892.4 97493.66
1893.6 97552.46
1894.8 97610.78
1896.0 97669.61
1897.2 97729.2
1898.4 97788.03
1899.6 97846.19
1900.8 97905.7
1902.0 97964.53
1903.2 98023.4
1904.4 98082.23
1905.6 98141.11
1906.8 98199.93
1908.0 98258.73
1909.2 98317.6
1910.4 98376.43
1911.6 98435.46
1912.8 98494.29
1914.0 98552.85
1915.2 98611.64
1916.4 98670.47
1917.6 98729.33
1918.8 98788.16
1920.0 98846.32
1921.2 98905.83
1922.4 98964.66
1923.6 99023.53
1924.8 99082.36
1926.0 99140.59
1927.2 99199.42
1928.4 99258.84
1929.6 99317.88
1930.8 99376.71
1932.0 99434.78
1933.2 99493.61
1934.4 99553.11
1935.6 99611.98
1936.8 99670.8
1938.0 99729.51
1939.2 99788.34
1940.4 99847.36
1941.6 99906.15
1942.8 99964.98
1944.0 100023.85
1945.2 100082.68
1946.4 100141.7
1947.6 100200.53
1948.8 100259.47
1950.0 100318.42
1951.2 100377.24
1952.4 100436.03
1953.6 100494.86
1954.8 100554.03
1956.0 100612.8
1957.2 100671.63
1958.4 100729.86
1959.6 100788.68
1960.8 100848.41
1962.0 100907.34
1963.2 100966.17
1964.4 101025.03
1965.6 101083.85
1966.8 101142.07
1968.0 101200.89
1969.2 101260.46
1970.4 101318.51
1971.6 101377.34
1972.8 101436.99
1974.0 101495.81
1975.2 101554.82
1976.4 101613.66
1977.6 101672.49
1978.8 101731.26
1980.0 101790.08
1981.2 101848.93
1982.4 101907.85
1983.6 101966.68
1984.8 102025.45
1986.0 102084.28
1987.2 102143.05
1988.4 102201.87
1989.6 102260.64
1990.8 102319.17
1992.0 102378.0
1993.2 102436.93
1994.4 102495.75
1995.6 102554.6
1996.8 102613.6
1998.0 102672.43
1999.2 102731.27
2000.4 102790.1
2001.6 102848.95
2002.8 102907.08
2004.0 102965.91
2005.2 103025.47
2006.4 103084.3
2007.6 103143.15
2008.8 103201.97
2010.0 103260.66
2011.2 103319.43
2012.4 103378.26
2013.6 103436.94
2014.8 103495.77
2016.0 103554.54
2017.2 103613.38
2018.4 103672.21
2019.6 103731.29
2020.8 103790.12
2022.0 103848.96
2023.2 103907.89
2024.4 103966.72
2025.6 104025.64
2026.8 104084.47
2028.0 104143.31
2029.2 104202.14
2030.4 104260.99
2031.6 104320.14
2032.8 104378.97
2034.0 104437.73
2035.2 104496.56
2036.4 104555.4
2037.6 104614.24
2038.8 104673.07
2040.0 104731.98
2041.2 104790.81
2042.4 104849.48
2043.6 104908.33
2044.8 104967.16
2046.0 105025.91
2047.2 105084.74
2048.4 105143.57
2049.6 105202.4
2050.8 105261.39
2052.0 105320.46
2053.2 105379.29
2054.4 105438.04
2055.6 105496.87
2056.8 105555.78
2058.0 105614.54
2059.2 105673.37
2060.4 105731.88
2061.6 105790.71
2062.8 105849.47
2064.0 105908.3
2065.2 105967.12
2066.4 106025.33
2067.6 106084.16
2068.8 106143.7
2070.0 106202.53
2071.2 106261.44
2072.4 106319.97
2073.6 106378.8
2074.8 106437.71
2076.0 106496.54
2077.2 106555.37
2078.4 106614.13
2079.6 106672.96
2080.8 106731.48
2082.0 106790.31
2083.2 106849.22
2084.4 106908.06
2085.6 106966.88
2086.8 107025.56
2088.0 107084.39
2089.2 107143.23
2090.4 107202.06
2091.6 107260.82
2092.8 107319.58
2094.0 107378.41
2095.2 107437.41
2096.4 107496.24
2097.6 107555.07
2098.8 107613.92
2100.0 107672.75
2101.2 107731.82
2102.4 107790.65
2103.6 107849.57
2104.8 107908.18
2106.0 107967.01
2107.2 108025.84
2108.4 108084.67
2109.6 108143.43
2110.8 108202.26
2112.0 108260.94
2113.2 108320.02
2114.4 108378.85
2115.6 108437.53
2116.8 108496.36
2118.0 108555.12
2119.2 108613.96
2120.4 108672.79
2121.6 108731.79
2122.8 108790.62
2124.0 108849.45
2125.2 108908.3
2126.4 108967.13
2127.6 109026.04
2128.8 109084.87
2130.0 109143.63
2131.2 109202.46
2132.4 109261.38
2133.6 109320.14
2134.8 109378.97
2136.0 109437.81
2137.2 109496.64
2138.4 109555.4
2139.6 109614.24
2140.8 109673.07
2142.0 109731.83
2143.2 109790.66
2144.4 109849.34
2145.6 109908.42
2146.8 109967.25
2148.0 110026.01
2149.2 110084.84
2150.4 110143.68
2151.6 110202.51
2152.8 110261.51
2154.0 110320.27
2155.2 110379.1
2156.4 110438.01
2157.6 110496.84
2158.8 110555.68
2160.0 110614.45
2161.2 110673.28
2162.4 110732.27
2163.6 110791.1
2164.8 110850.02
2166.0 110908.63
2167.2 110967.46
2168.4 111026.29
2169.6 111085.12
2170.8 111143.96
2172.0 111202.79
2173.2 111261.56
2174.4 111320.47
2175.6 111379.3
2176.8 111438.06
2178.0 111496.89
2179.2 111555.81
2180.4 111614.65
2181.6 111673.48
2182.8 111732.4
2184.0 111791.23
2185.2 111850.15
2186.4 111908.91
2187.6 111967.74
2188.8 112026.57
2190.0 112085.4
2191.2 112144.25
2192.4 112203.07
2193.6 112261.92
2194.8 112320.83
2196.0 112379.66
2197.2 112438.42
2198.4 112497.25
2199.6 112556.18
2200.8 112615.01
2202.0 112673.84
2203.2 112732.6
2204.4 112791.43
2205.6 112850.28
2206.8 112909.19
2208.0 112968.02
2209.2 113027.02
2210.4 113085.85
2211.6 113144.77
2212.8 113203.59
2214.0 113262.52
2215.2 113321.43
2216.4 113380.26
2217.6 113439.26
2218.8 113498.08
2220.0 113556.93
2221.2 113615.69
2222.4 113674.52
2223.6 113732.73
2224.8 113791.55
2226.0 113851.03
2227.2 113909.95
2228.4 113968.78
2229.6 114027.61
2230.8 114086.44
2232.0 114145.37
2233.2 114204.19
2234.4 114263.11
2235.6 114321.95
2236.8 114380.78
2238.0 114439.78
2239.2 114498.6
2240.4 114557.29
2241.6 114616.2
2242.8 114675.03
2244.0 114733.95
2245.2 114792.78
2246.4 114851.39
2247.6 114910.38
2248.8 114969.21
2250.0 115027.89
2251.2 115086.72
2252.4 115145.57
2253.6 115204.39
2254.8 115263.23
2256.0 115322.07
2257.2 115380.9
2258.4 115439.67
2259.6 115498.49
2260.8 115556.62
2262.0 115616.17
2263.2 115675.0
2264.4 115733.91
2265.6 115792.74
2266.8 115851.59
2268.0 115910.43
2269.2 115969.26
2270.4 116028.09
2271.6 116086.92
2272.8 116145.69
2274.0 116204.51
2275.2 116263.28
2276.4 116322.11
2277.6 116380.94
2278.8 116439.62
2280.0 116498.45
2281.2 116557.46
2282.4 116616.14
2283.6 116674.97
2284.8 116733.8
2286.0 116792.63
2287.2 116851.64
2288.4 116910.55
2289.6 116969.38
2290.8 117028.22
2292.0 117087.05
2293.2 117145.9
2294.4 117204.72
2295.6 117263.48
2296.8 117322.32
2298.0 117381.15
2299.2 117440.08
2300.4 117498.9
2301.6 117557.82
2302.8 117616.66
2304.0 117675.49
2305.2 117734.1
2306.4 117792.92
2307.6 117851.77
2308.8 117910.53
2310.0 117969.36
2311.2 118028.2
2312.4 118087.03
2313.6 118145.87
2314.8 118204.7
2316.0 118263.54
2317.2 118322.39
2318.4 118381.22
2319.6 118440.22
2320.8 118499.05
2322.0 118557.81
2323.2 118616.9
2324.4 118675.73
2325.6 118734.49
2326.8 118793.32
2328.0 118852.24
2329.2 118911.01
2330.4 118969.84
2331.6 119028.68
2332.8 119087.51
2334.0 119146.2
2335.2 119205.03
2336.4 119263.96
2337.6 119322.8
2338.8 119381.63
2340.0 119440.48
2341.2 119499.31
2342.4 119558.16
2343.6 119617.08
2344.8 119675.91
2346.0 119734.91
2347.2 119793.74
2348.4 119852.59
2349.6 119911.52
2350.8 119970.35
2352.0 120029.27
2353.2 120088.1
2354.4 120146.95
2355.6 120205.77
2356.8 120264.62
2358.0 120323.38
2359.2 120382.21
2360.4 120441.07
2361.6 120499.89
2362.8 120558.82
2364.0 120617.42
2365.2 120676.25
2366.4 120735.11
2367.6 120793.93
2368.8 120852.78
2370.0 120911.54
2371.2 120970.37
2372.4 121029.3
2373.6 121088.12
2374.8 121147.06
2376.0 121205.89
2377.2 121264.57
2378.4 121323.34
2379.6 121382.16
2380.8 121440.94
2382.0 121499.77
2383.2 121558.61
2384.4 121617.38
2385.6 121676.2
2386.8 121735.14
2388.0 121793.97
2389.2 121852.89
2390.4 121911.65
2391.6 121970.48
2392.8 122029.18
2394.0 122088.01
2395.2 122146.93
2396.4 122205.76
2397.6 122264.68
2398.8 122323.46
2400.0 122382.29
2401.2 122441.13
2402.4 122499.96
2403.6 122558.73
2404.8 122617.74
2406.0 122676.57
2407.2 122735.42
2408.4 122794.25
2409.6 122853.09
2410.8 122912.02
2412.0 122970.85
2413.2 123029.7
2414.4 123088.53
2415.6 123147.45
2416.8 123206.28
2418.0 123265.21
2419.2 123324.14
2420.4 123382.97
2421.6 123441.81
2422.8 123500.64
2424.0 123559.41
2425.2 123618.25
2426.4 123677.08
2427.6 123735.93
2428.8 123794.76
2430.0 123853.37
2431.2 123912.14
2432.4 123970.97
2433.6 124029.89
2434.8 124088.72
2436.0 124147.49
2437.2 124206.31
2438.4 124264.85
2439.6 124323.93
2440.8 124382.76
2442.0 124441.52
2443.2 124500.35
2444.4 124559.05
2445.6 124617.81
2446.8 124676.64
2448.0 124735.25
2449.2 124794.08
2450.4 124852.94
2451.6 124911.86
2452.8 124970.69
2454.0 125029.61
2455.2 125088.44
2456.4 125147.22
2457.6 125206.04
2458.8 125264.97
2460.0 125323.58
2461.2 125382.41
2462.4 125441.35
2463.6 125500.17
2464.8 125559.1
2466.0 125618.03
2467.2 125676.86
2468.4 125735.71
2469.6 125794.53
2470.8 125853.54
2472.0 125912.55
2473.2 125971.38
2474.4 126029.99
2475.6 126088.81
2476.8 126147.51
2478.0 126206.34
2479.2 126265.5
2480.4 126324.35
2481.6 126383.17
2482.8 126442.11
2484.0 126500.94
2485.2 126560.02
2486.4 126619.03
2487.6 126677.85
2488.8 126736.94
2490.0 126795.77
2491.2 126854.45
2492.4 126913.29
2493.6 126972.12
2494.8 127030.9
2496.0 127089.73
2497.2 127148.57
2498.4 127207.4
2499.6 127266.16
2500.8 127325.17
2502.0 127384.0
2503.2 127442.69
2504.4 127501.52
2505.6 127560.04
2506.8 127618.89
2508.0 127677.72
2509.2 127736.57
2510.4 127795.4
2511.6 127854.32
2512.8 127913.17
2514.0 127972.0
2515.2 128031.16
2516.4 128089.99
2517.6 128149.07
2518.8 128207.9
2520.0 128266.74
2521.2 128325.51
2522.4 128384.34
2523.6 128443.02
2524.8 128501.85
2526.0 128560.61
2527.2 128619.38
2528.4 128678.21
2529.6 128737.04
2530.8 128795.87
2532.0 128854.63
2533.2 128913.32
2534.4 128972.15
2535.6 129031.07
2536.8 129089.9
2538.0 129148.82
2539.2 129207.65
2540.4 129266.49
2541.6 129325.25
2542.8 129384.08
2544.0 129443.0
2545.2 129501.83
2546.4 129560.99
2547.6 129619.59
2548.8 129678.42
2550.0 129737.18
2551.2 129796.01
2552.4 129854.78
2553.6 129913.53
2554.8 129972.36
2556.0 130031.12
2557.2 130089.95
2558.4 130148.72
2559.6 130207.54
2560.8 130266.31
2562.0 130325.14
2563.2 130383.97
2564.4 130442.81
2565.6 130501.64
2566.8 130560.41
2568.0 130619.17
2569.2 130678.0
2570.4 130736.91
2571.6 130795.74
2572.8 130854.75
2574.0 130913.59
2575.2 130972.42
2576.4 131031.18
2577.6 131090.01
2578.8 131148.86
2580.0 131207.68
2581.2 131266.6
2582.4 131325.36
2583.6 131384.19
2584.8 131443.03
2586.0 131501.86
2587.2 131560.63
2588.4 131619.63
2589.6 131678.46
2590.8 131737.29
2592.0 131796.12
2593.2 131854.97
2594.4 131913.81
2595.6 131972.64
2596.8 132031.4
2598.0 132090.23
2599.2 132149.08
2600.4 132207.9
2601.6 132266.75
2602.8 132324.95
2604.0 132383.78
2605.2 132443.25
2606.4 132502.08
2607.6 132561.09
2608.8 132620.09
2610.0 132678.92
2611.2 132737.67
2612.4 132796.5
2613.6 132855.42
2614.8 132914.43
2616.0 132973.26
2617.2 133032.17
2618.4 133091.0
2619.6 133149.76
2620.8 133208.59
2622.0 133267.36
2623.2 133326.44
2624.4 133385.27
2625.6 133443.55
2626.8 133502.38
2628.0 133561.93
2629.2 133620.14
2630.4 133678.97
2631.6 133738.44
2632.8 133797.27
2634.0 133856.19
2635.2 133915.02
2636.4 133973.85
2637.6 134032.78
2638.8 134091.6
2640.0 134150.21
2641.2 134209.04
2642.4 134267.87
2643.6 134325.99
2644.8 134384.82
2646.0 134444.31
2647.2 134503.13
2648.4 134561.89
2649.6 134620.02
2650.8 134678.85
2652.0 134738.25
2653.2 134797.07
2654.4 134855.84
2655.6 134914.67
2656.8 134973.5
2658.0 135032.26
2659.2 135091.09
2660.4 135150.02
2661.6 135208.84
2662.8 135267.76
2664.0 135326.6
2665.2 135385.43
2666.4 135444.28
2667.6 135503.1
2668.8 135561.87
2670.0 135620.63
2671.2 135679.46
2672.4 135738.38
2673.6 135797.21
2674.8 135855.97
2676.0 135914.81
2677.2 135973.64
2678.4 136032.56
2679.6 136091.39
2680.8 136150.55
2682.0 136209.37
2683.2 136268.3
2684.4 136327.3
2685.6 136386.13
2686.8 136445.04
2688.0 136503.87
2689.2 136562.8
2690.4 136621.64
2691.6 136680.47
2692.8 136739.38
2694.0 136798.21
2695.2 136857.14
2696.4 136915.82
2697.6 136974.65
2698.8 137033.56
2700.0 137092.39
2701.2 137151.15
2702.4 137209.98
2703.6 137268.75
2704.8 137327.51
2706.0 137386.34
2707.2 137445.09
2708.4 137503.92
2709.6 137562.77
2710.8 137621.68
2712.0 137680.51
2713.2 137739.27
2714.4 137798.1
2715.6 137857.03
2716.8 137915.79
2718.0 137974.62
2719.2 138033.45
2720.4 138092.28
2721.6 138151.13
2722.8 138209.95
2724.0 138268.64
2725.2 138327.39
2726.4 138386.22
2727.6 138445.06
2728.8 138503.89
2730.0 138562.74
2731.2 138621.66
2732.4 138680.49
2733.6 138739.33
2734.8 138798.16
2736.0 138856.93
2737.2 138915.84
2738.4 138974.67
2739.6 139033.44
2740.8 139092.27
2742.0 139151.12
2743.2 139209.94
2744.4 139268.79
2745.6 139327.71
2746.8 139386.54
2748.0 139445.38
2749.2 139504.21
2750.4 139563.14
2751.6 139622.06
2752.8 139680.89
2754.0 139739.73
2755.2 139798.56
2756.4 139857.34
2757.6 139916.26
2758.8 139975.09
2760.0 140033.93
2761.2 140092.76
2762.4 140151.6
2763.6 140210.43
2764.8 140269.44
2766.0 140328.29
2767.2 140387.12
2768.4 140446.04
2769.6 140504.87
2770.8 140563.64
2772.0 140622.48
2773.2 140681.31
2774.4 140740.16
2775.6 140798.99
2776.8 140857.92
2778.0 140916.76
2779.2 140975.59
2780.4 141034.43
2781.6 141093.26
2782.8 141152.1
2784.0 141210.93
2785.2 141269.71
2786.4 141328.47
2787.6 141387.3
2788.8 141446.14
2790.0 141504.97
2791.2 141563.83
2792.4 141622.67
2793.6 141681.5
2794.8 141740.42
2796.0 141799.25
2797.2 141858.09
2798.4 141917.02
2799.6 141975.85
2800.8 142034.7
2802.0 142093.53
2803.2 142152.37
2804.4 142211.2
2805.6 142269.81
2806.8 142328.74
2808.0 142387.57
2809.2 142446.17
2810.4 142505.0
2811.6 142563.77
2812.8 142622.62
2814.0 142681.45
2815.2 142740.37
2816.4 142799.2
2817.6 142857.97
2818.8 142916.74
2820.0 142975.57
2821.2 143034.33
2822.4 143093.16
2823.6 143152.01
2824.8 143210.84
2826.0 143269.77
2827.2 143328.61
2828.4 143387.44
2829.6 143445.97
2830.8 143504.8
2832.0 143563.5
2833.2 143622.35
2834.4 143681.18
2835.6 143739.94
2836.8 143798.77
2838.0 143857.71
2839.2 143916.39
2840.4 143975.22
2841.6 144034.07
2842.8 144092.9
2844.0 144151.76
2845.2 144210.58
2846.4 144269.67
2847.6 144328.44
2848.8 144387.27
2850.0 144446.28
2851.2 144505.1
2852.4 144564.12
2853.6 144622.96
2854.8 144681.79
2856.0 144740.65
2857.2 144799.47
2858.4 144858.25
2859.6 144917.17
2860.8 144976.0
2862.0 145035.0
2863.2 145093.83
2864.4 145152.61
2865.6 145211.43
2866.8 145270.05
2868.0 145328.98
2869.2 145387.81
2870.4 145446.74
2871.6 145505.56
2872.8 145564.5
2874.0 145623.34
2875.2 145682.17
2876.4 145740.87
2877.6 145799.69
2878.8 145858.55
2880.0 145917.55
2881.2 145976.38
2882.4 146035.22
2883.6 146094.05
2884.8 146152.91
2886.0 146211.73
2887.2 146270.43
2888.4 146329.11
2889.6 146387.94
2890.8 146446.8
2892.0 146505.62
2893.2 146564.47
2894.4 146623.31
2895.6 146682.14
2896.8 146740.84
2898.0 146799.66
2899.2 146858.59
2900.4 146917.51
2901.6 146976.34
2902.8 147035.19
2904.0 147094.02
2905.2 147152.71
2906.4 147211.53
2907.6 147270.7
2908.8 147329.39
2910.0 147388.22
2911.2 147447.31
2912.4 147506.13
2913.6 147564.74
2914.8 147623.59
2916.0 147682.42
2917.2 147741.34
2918.4 147800.17
2919.6 147858.94
2920.8 147917.78
2922.0 147976.61
2923.2 148035.45
2924.4 148094.28
2925.6 148153.14
2926.8 148211.96
2928.0 148270.97
2929.2 148330.04
2930.4 148388.87
2931.6 148447.65
2932.8 148506.47
2934.0 148565.32
2935.2 148624.16
2936.4 148682.99
2937.6 148741.76
2938.8 148800.58
2940.0 148859.28
2941.2 148917.96
2942.4 148976.79
2943.6 149035.65
2944.8 149094.47
2946.0 149153.63
2947.2 149212.45
2948.4 149271.3
2949.6 149330.3
2950.8 149389.13
2952.0 149447.99
2953.2 149506.82
2954.4 149565.81
2955.6 149624.66
2956.8 149683.49
2958.0 149742.41
2959.2 149801.24
2960.4 149860.08
2961.6 149918.84
2962.8 149977.67
2964.0 150036.43
2965.2 150095.26
2966.4 150153.94
2967.6 150212.77
2968.8 150271.45
2970.0 150330.21
2971.2 150389.04
2972.4 150448.04
2973.6 150506.87
2974.8 150565.7
2976.0 150624.47
2977.2 150683.3
2978.4 150742.3
2979.6 150801.13
2980.8 150860.2
2982.0 150918.96
2983.2 150977.79
2984.4 151036.55
2985.6 151095.38
2986.8 151154.06
2988.0 151212.89
2989.2 151271.66
2990.4 151330.41
2991.6 151389.24
2992.8 151448.08
2994.0 151506.91
2995.2 151565.83
2996.4 151624.67
2997.6 151683.5
2998.8 151742.34
3000.0 151801.17
3001.2 151860.0
3002.4 151918.85
3003.6 151977.68
3004.8 152036.51
3006.0 152095.34
3007.2 152154.34
3008.4 152213.17
3009.6 152272.17
3010.8 152330.93
3012.0 152389.76
3013.2 152448.52
3014.4 152507.35
3015.6 152566.03
3016.8 152624.95
3018.0 152683.78
3019.2 152742.62
3020.4 152801.45
3021.6 152860.21
3022.8 152919.21
3024.0 152978.04
3025.2 153036.64
3026.4 153095.47
3027.6 153154.47
3028.8 153213.29
3030.0 153272.22
3031.2 153330.81
3032.4 153389.64
3033.6 153448.49
3034.8 153507.31
3036.0 153566.24
3037.2 153624.99
3038.4 153683.82
3039.6 153742.51
3040.8 153801.33
3042.0 153860.18
3043.2 153919.01
3044.4 153977.84
3045.6 154036.76
3046.8 154095.59
3048.0 154154.44
3049.2 154213.26
3050.4 154272.1
3051.6 154331.02
3052.8 154389.85
3054.0 154448.69
3055.2 154507.51
3056.4 154566.52
3057.6 154625.35
3058.8 154684.18
3060.0 154743.03
3061.2 154801.85
3062.4 154860.62
3063.6 154919.53
3064.8 154978.36
3066.0 155037.45
3067.2 155096.27
3068.4 155155.03
3069.6 155213.85
3070.8 155272.62
3072.0 155331.77
3073.2 155390.6
3074.4 155449.45
3075.6 155508.27
3076.8 155566.96
3078.0 155625.71
3079.2 155684.54
3080.4 155743.63
3081.6 155802.45
3082.8 155861.29
3084.0 155920.21
3085.2 155979.04
3086.4 156037.64
3087.6 156096.47
3088.8 156155.31
3090.0 156214.13
3091.2 156272.9
3092.4 156331.82
3093.6 156390.65
3094.8 156449.57
3096.0 156508.39
3097.2 156567.08
3098.4 156625.84
3099.6 156684.67
3100.8 156743.5
3102.0 156802.33
3103.2 156861.26
3104.4 156920.02
3105.6 156978.85
3106.8 157037.52
3108.0 157096.35
3109.2 157155.2
3110.4 157214.02
3111.6 157272.95
3112.8 157331.78
3114.0 157390.61
3115.2 157448.81
3116.4 157507.64
3117.6 157567.13
3118.8 157626.04
3120.0 157684.87
3121.2 157743.71
3122.4 157802.54
3123.6 157861.46
3124.8 157920.22
3126.0 157979.05
3127.2 158037.49
3128.4 158096.32
3129.6 158155.71
3130.8 158214.54
3132.0 158273.39
3133.2 158331.43
3134.4 158390.26
3135.6 158448.78
3136.8 158507.61
3138.0 158567.09
3139.2 158625.38
3140.4 158684.21
3141.6 158743.68
3142.8 158802.51
3144.0 158861.35
3145.2 158920.28
3146.4 158979.11
3147.6 159038.11
3148.8 159096.94
3150.0 159155.7
3151.2 159214.53
3152.4 159273.29
3153.6 159331.43
3154.8 159390.26
3156.0 159449.82
3157.2 159508.65
3158.4 159567.65
3159.6 159626.58
3160.8 159685.4
3162.0 159744.25
3163.2 159803.08
3164.4 159861.84
3165.6 159920.69
3166.8 159979.52
3168.0 160038.21
3169.2 160097.03
3170.4 160155.96
3171.6 160214.79
3172.8 160273.72
3174.0 160332.65
3175.2 160391.47
3176.4 160450.56
3177.6 160509.38
3178.8 160568.39
3180.0 160627.07
3181.2 160685.9
3182.4 160744.2
3183.6 160803.02
3184.8 160862.42
3186.0 160921.19
3187.2 160980.02
3188.4 161038.94
3189.6 161097.77
3190.8 161156.78
3192.0 161215.6
3193.2 161274.45
3194.4 161333.21
3195.6 161392.04
3196.8 161450.9
3198.0 161509.72
3199.2 161568.49
3200.4 161627.33
3201.6 161686.16
3202.8 161744.93
3204.0 161803.76
3205.2 161862.69
3206.4 161920.81
3207.6 161979.64
3208.8 162039.12
3210.0 162097.95
3211.2 162156.8
3212.4 162215.62
3213.6 162273.76
3214.8 162332.68
3216.0 162391.51
3217.2 162451.07
3218.4 162509.9
3219.6 162568.59
3220.8 162627.52
3222.0 162686.35
3223.2 162745.19
3224.4 162804.02
3225.6 162863.02
3226.8 162921.95
3228.0 162980.78
3229.2 163039.54
3230.4 163098.37
3231.6 163157.21
3232.8 163216.04
3234.0 163274.9
3235.2 163333.82
3236.4 163392.65
3237.6 163451.49
3238.8 163510.32
3240.0 163569.0
3241.2 163627.78
3242.4 163686.61
3243.6 163745.45
3244.8 163804.28
3246.0 163863.12
3247.2 163922.13
3248.4 163980.96
3249.6 164039.96
3250.8 164098.79
3252.0 164157.48
3253.2 164216.31
3254.4 164275.15
3255.6 164333.92
3256.8 164392.75
3258.0 164451.59
3259.2 164510.42
3260.4 164569.26
3261.6 164628.2
3262.8 164687.03
3264.0 164745.63
3265.2 164804.46
3266.4 164863.07
3267.6 164921.92
3268.8 164980.75
3270.0 165039.59
3271.2 165098.42
3272.4 165157.26
3273.6 165216.09
3274.8 165274.79
3276.0 165333.47
3277.2 165392.3
3278.4 165451.07
3279.6 165509.9
3280.8 165568.99
3282.0 165627.83
3283.2 165686.66
3284.4 165745.58
3285.6 165804.41
3286.8 165863.19
3288.0 165922.03
3289.2 165980.86
3290.4 166039.7
3291.6 166098.53
3292.8 166157.54
3294.0 166216.36
3295.2 166275.22
3296.4 166333.9
3297.6 166392.73
3298.8 166451.57
3300.0 166510.4
3301.2 166569.33
3302.4 166628.18
3303.6 166687.01
3304.8 166746.09
3306.0 166804.92
3307.2 166863.85
3308.4 166922.69
3309.6 166981.52
3310.8 167040.44
3312.0 167099.27
3313.2 167158.12
3314.4 167216.94
3315.6 167275.56
3316.8 167334.64
3318.0 167393.47
3319.2 167452.39
3320.4 167511.22
3321.6 167570.07
3322.8 167628.99
3324.0 167687.82
3325.2 167746.58
3326.4 167805.41
3327.6 167864.34
3328.8 167923.18
3330.0 167982.01
3331.2 168040.78
3332.4 168099.61
3333.6 168158.45
3334.8 168217.28
3336.0 168276.13
3337.2 168334.49
3338.4 168393.32
3339.6 168452.63
3340.8 168511.46
3342.0 168570.22
3343.2 168629.06
3344.4 168687.89
3345.6 168746.34
3346.8 168805.17
3348.0 168863.45
3349.2 168922.77
3350.4 168981.6
3351.6 169040.44
3352.8 169099.27
3354.0 169158.1
3355.2 169216.93
3356.4 169276.24
3357.6 169335.09
3358.8 169393.92
3360.0 169452.04
3361.2 169510.87
3362.4 169570.34
3363.6 169629.19
3364.8 169688.02
3366.0 169746.93
3367.2 169805.76
3368.4 169864.28
3369.6 169923.05
3370.8 169981.87
3372.0 170040.72
3373.2 170099.55
3374.4 170158.38
3375.6 170217.21
3376.8 170276.05
3378.0 170334.9
3379.2 170393.72
3380.4 170452.72
3381.6 170511.55
3382.8 170570.55
3384.0 170629.38
3385.2 170688.21
3386.4 170747.22
3387.6 170806.04
3388.8 170864.8
3390.0 170923.72
3391.2 170982.55
3392.4 171041.4
3393.6 171100.22
3394.8 171158.9
3396.0 171217.72
3397.2 171275.7
3398.4 171334.38
3399.6 171393.21
3400.8 171452.61
3402.0 171511.43
3403.2 171570.12
3404.4 171628.96
3405.6 171687.79
3406.8 171746.55
3408.0 171805.38
3409.2 171864.55
3410.4 171923.31
3411.6 171982.14
3412.8 172041.06
3414.0 172099.89
3415.2 172158.59
3416.4 172217.41
3417.6 172276.18
3418.8 172334.95
3420.0 172393.78
3421.2 172451.83
3422.4 172510.66
3423.6 172570.15
3424.8 172628.91
3426.0 172687.74
3427.2 172746.82
3428.4 172805.65
3429.6 172864.42
3430.8 172922.56
3432.0 172981.39
3433.2 173040.87
3434.4 173099.7
3435.6 173158.54
3436.8 173217.37
3438.0 173276.46
3439.2 173335.39
3440.4 173394.22
3441.6 173453.22
3442.8 173512.05
3444.0 173570.89
3445.2 173629.75
3446.4 173688.58
3447.6 173747.5
3448.8 173806.33
3450.0 173865.18
3451.2 173924.18
3452.4 173983.01
3453.6 174041.86
3454.8 174100.69
3456.0 174159.61
3457.2 174218.44
3458.4 174277.36
3459.6 174336.21
3460.8 174395.03
3462.0 174453.33
3463.2 174512.16
3464.4 174571.56
3465.6 174630.48
3466.8 174689.31
3468.0 174747.92
3469.2 174806.75
3470.4 174865.83
3471.6 174924.83
3472.8 174983.66
3474.0 175042.43
3475.2 175101.25
3476.4 175160.11
3477.6 175218.94
3478.8 175277.78
3480.0 175336.47
3481.2 175395.29
3482.4 175454.07
3483.6 175512.9
3484.8 175571.89
3486.0 175630.74
3487.2 175689.57
3488.4 175748.42
3489.6 175807.24
3490.8 175866.09
3492.0 175924.85
3493.2 175983.68
3494.4 176042.46
3495.6 176101.28
3496.8 176160.21
3498.0 176219.04
3499.2 176277.96
3500.4 176336.97
3501.6 176395.79
3502.8 176454.72
3504.0 176513.54
3505.2 176572.39
3506.4 176631.15
3507.6 176689.98
3508.8 176749.06
3510.0 176807.88
3511.2 176866.65
3512.4 176925.41
3513.6 176984.24
3514.8 177042.69
3516.0 177101.51
3517.2 177160.51
3518.4 177219.34
3519.6 177278.02
3520.8 177337.02
3522.0 177395.84
3523.2 177454.69
3524.4 177513.52
3525.6 177572.2
3526.8 177630.95
3528.0 177689.78
3529.2 177748.63
3530.4 177807.45
3531.6 177866.22
3532.8 177925.05
3534.0 177983.88
3535.2 178042.81
3536.4 178101.63
3537.6 178160.47
3538.8 178219.3
3540.0 178278.14
3541.2 178336.83
3542.4 178395.65
3543.6 178454.34
3544.8 178513.16
3546.0 178572.08
3547.2 178630.92
3548.4 178689.75
3549.6 178748.6
3550.8 178807.42
3552.0 178866.26
3553.2 178925.18
3554.4 178984.01
3555.6 179043.09
3556.8 179101.91
3558.0 179160.76
3559.2 179219.58
3560.4 179278.5
3561.6 179337.42
3562.8 179396.25
3564.0 179455.1
3565.2 179513.92
3566.4 179572.68
3567.6 179631.6
3568.8 179690.43
3570.0 179749.27
3571.2 179808.09
3572.4 179867.02
3573.6 179925.86
3574.8 179984.69
3576.0 180043.22
3577.2 180102.04
3578.4 180160.8
3579.6 180219.63
3580.8 180278.39
3582.0 180337.32
3583.2 180396.14
3584.4 180455.06
3585.6 180513.89
3586.8 180572.57
3588.0 180631.5
3589.2 180690.32
3590.4 180749.16
3591.6 180807.99
3592.8 180866.75
3594.0 180925.51
3595.2 180984.34
3596.4 181043.35
3597.6 181102.18
3598.8 181160.94
3600.0 181219.77
3601.2 181278.53
3602.4 181337.3
3603.6 181396.13
3604.8 181455.05
3606.0 181513.88
3607.2 181572.95
3608.4 181631.64
3609.6 181690.47
3610.8 181749.08
3612.0 181807.91
3613.2 181866.75
3614.4 181925.6
3615.6 181984.43
3616.8 182043.51
3618.0 182102.34
3619.2 182161.1
3620.4 182219.93
3621.6 182278.86
3622.8 182337.78
3624.0 182396.61
3625.2 182455.46
3626.4 182514.29
3627.6 182573.22
3628.8 182631.98
3630.0 182690.81
3631.2 182749.58
3632.4 182808.41
3633.6 182867.34
3634.8 182926.18
3636.0 182985.01
3637.2 183043.94
3638.4 183102.76
3639.6 183161.61
3640.8 183220.44
3642.0 183279.44
3643.2 183338.37
3644.4 183397.19
3645.6 183455.97
3646.8 183514.8
3648.0 183573.56
3649.2 183632.57
3650.4 183691.39
3651.6 183750.32
3652.8 183809.15
3654.0 183867.92
3655.2 183926.85
3656.4 183985.68
3657.6 184044.52
3658.8 184103.35
3660.0 184162.35
3661.2 184221.18
3662.4 184279.87
3663.6 184338.64
3664.8 184397.47
3666.0 184456.39
3667.2 184515.22
3668.4 184573.99
3669.6 184632.83
3670.8 184691.66
3672.0 184750.58
3673.2 184809.41
3674.4 184868.34
3675.6 184927.11
3676.8 184985.94
3678.0 185044.78
3679.2 185103.61
3680.4 185162.54
3681.6 185221.36
3682.8 185280.21
3684.0 185339.05
3685.2 185397.88
3686.4 185456.73
3687.6 185515.56
3688.8 185574.49
3690.0 185633.33
3691.2 185692.16
3692.4 185751.0
3693.6 185809.83
3694.8 185868.76
3696.0 185927.45
3697.2 185986.28
3698.4 186045.2
3699.6 186104.03
3700.8 186162.8
3702.0 186221.62
3703.2 186280.46
3704.4 186339.22
3705.6 186398.05
3706.8 186456.82
3708.0 186515.64
3709.2 186574.41
3710.4 186633.33
3711.6 186692.16
3712.8 186750.61
3714.0 186809.43
3715.2 186868.12
3716.4 186926.88
3717.6 186985.71
3718.8 187044.16
3720.0 187102.98
3721.2 187161.67
3722.4 187220.49
3723.6 187279.34
3724.8 187338.11
3726.0 187396.94
3727.2 187455.71
3728.4 187514.53
3729.6 187573.23
3730.8 187632.08
3732.0 187690.91
3733.2 187749.84
3734.4 187808.66
3735.6 187867.44
3736.8 187926.27
3738.0 187984.49
3739.2 188043.35
3740.4 188102.17
3741.6 188161.03
3742.8 188219.86
3744.0 188278.79
3745.2 188337.72
3746.4 188396.55
3747.6 188455.49
3748.8 188514.31
3750.0 188573.33
3751.2 188631.94
3752.4 188690.77
3753.6 188750.03
3754.8 188808.85
3756.0 188867.79
3757.2 188926.8
3758.4 188985.63
3759.6 189044.88
3760.8 189103.7
3762.0 189162.64
3763.2 189221.47
3764.4 189280.24
3765.6 189338.94
3766.8 189397.76
3768.0 189456.22
3769.2 189515.04
3770.4 189573.9
3771.6 189632.59
3772.8 189691.42
3774.0 189750.27
3775.2 189809.09
3776.4 189867.95
3777.6 189927.51
3778.8 189986.34
3780.0 190045.11
3781.2 190103.93
3782.4 190162.87
3783.6 190221.69
3784.8 190280.62
3786.0 190339.46
3787.2 190398.29
3788.4 190456.91
3789.6 190515.73
3790.8 190574.66
3792.0 190633.58
3793.2 190692.41
3794.4 190751.18
3795.6 190810.0
3796.8 190868.85
3798.0 190927.69
3799.2 190986.52
3800.4 191045.29
3801.6 191104.12
3802.8 191163.05
3804.0 191221.87
3805.2 191280.56
3806.4 191339.64
3807.6 191398.47
3808.8 191457.24
3810.0 191516.06
3811.2 191575.63
3812.4 191634.23
3813.6 191693.06
3814.8 191751.98
3816.0 191810.8
3817.2 191869.49
3818.4 191928.25
3819.6 191987.08
3820.8 192045.99
3822.0 192104.82
3823.2 192163.59
3824.4 192222.41
3825.6 192281.26
3826.8 192340.09
3828.0 192398.92
3829.2 192457.93
3830.4 192516.75
3831.6 192575.51
3832.8 192634.43
3834.0 192693.26
3835.2 192752.18
3836.4 192811.0
3837.6 192869.92
3838.8 192928.68
3840.0 192987.51
3841.2 193046.43
3842.4 193105.25
3843.6 193163.94
3844.8 193222.77
3846.0 193281.6
3847.2 193340.45
3848.4 193399.27
3849.6 193458.11
3850.8 193516.94
3852.0 193575.85
3853.2 193635.01
3854.4 193693.83
3855.6 193752.67
3856.8 193811.5
3858.0 193870.49
3859.2 193929.33
3860.4 193988.15
3861.6 194046.91
3862.8 194105.74
3864.0 194164.49
3865.2 194223.32
3866.4 194282.15
3867.6 194340.99
3868.8 194399.82
3870.0 194458.73
3871.2 194517.56
3872.4 194576.32
3873.6 194635.15
3874.8 194693.98
3876.0 194752.73
3877.2 194811.56
3878.4 194870.17
3879.6 194929.15
3880.8 194987.98
3882.0 195046.74
3883.2 195105.57
3884.4 195164.49
3885.6 195223.31
3886.8 195282.3
3888.0 195341.14
3889.2 195399.97
3890.4 195458.81
3891.6 195517.63
3892.8 195576.39
3894.0 195635.3
3895.2 195694.13
3896.4 195752.97
3897.6 195811.79
3898.8 195870.63
3900.0 195929.54
3901.2 195988.37
3902.4 196047.21
3903.6 196106.03
3904.8 196164.87
3906.0 196223.7
3907.2 196282.46
3908.4 196341.3
3909.6 196400.12
3910.8 196458.88
3912.0 196517.71
3913.2 196576.62
3914.4 196635.39
3915.6 196694.21
3916.8 196753.05
3918.0 196811.88
3919.2 196870.87
3920.4 196929.47
3921.6 196988.3
3922.8 197047.14
3924.0 197105.97
3925.2 197164.89
3926.4 197223.72
3927.6 197282.56
3928.8 197341.32
3930.0 197400.15
3931.2 197458.91
3932.4 197517.74
3933.6 197576.58
3934.8 197635.42
3936.0 197694.24
3937.2 197752.93
3938.4 197811.76
3939.6 197870.68
3940.8 197929.6
3942.0 197988.42
3943.2 198047.27
3944.4 198106.1
3945.6 198165.02
3946.8 198223.85
3948.0 198282.76
3949.2 198341.53
3950.4 198400.36
3951.6 198459.2
3952.8 198518.03
3954.0 198576.94
3955.2 198635.95
3956.4 198694.78
3957.6 198753.69
3958.8 198812.52
3960.0 198871.44
3961.2 198930.52
3962.4 198989.35
3963.6 199048.27
3964.8 199107.1
3966.0 199165.93
3967.2 199224.76
3968.4 199283.61
3969.6 199342.45
3970.8 199401.28
3972.0 199460.11
3973.2 199518.94
3974.4 199577.79
3975.6 199636.39
3976.8 199695.22
3978.0 199754.13
3979.2 199812.96
3980.4 199871.72
3981.6 199930.57
3982.8 199989.4
3984.0 200048.31
3985.2 200107.14
3986.4 200165.98
3987.6 200224.81
3988.8 200283.58
3990.0 200342.33
3991.2 200401.16
3992.4 200460.08
3993.6 200518.91
3994.8 200577.76
3996.0 200636.59
3997.2 200695.42
3998.4 200754.26
3999.6 200813.09
