0.0 4700
1.2 4700
2.4 4700
3.6 4763.49
4.8 4823.46
6.0 4862.72
7.2 4895.92
8.4 4955.86
9.6 4986.27
10.8 5046.19
12.0 5076.22
13.2 5102.91
14.4 5162.79
15.6 5185.71
16.8 5245.56
18.0 5264.94
19.2 5280.67
20.4 5340.49
21.6 5353.25
22.8 5413.04
24.0 5421.33
25.2 5481.1
26.4 5485.64
27.6 5487.52
28.8 5547.25
30.0 5544.62
31.2 5604.33
32.4 5599.36
33.6 5589.11
34.8 5648.79
36.0 5631.14
37.2 5690.8
38.4 5667.29
39.6 5636.75
40.8 5696.37
42.0 5660.58
43.2 5720.19
44.4 5678.56
45.6 5738.14
46.8 5690.95
48.0 5638.33
49.2 5697.9
50.4 5640.92
51.6 5700.46
52.8 5639.08
54.0 5573.37
55.2 5632.88
56.4 5564.22
57.6 5623.72
58.8 5551.73
60.0 5477.19
61.2 5536.67
62.4 5459.37
63.6 5518.82
64.8 5441.54
66.0 5500.98
67.2 5422.34
68.4 5342.85
69.6 5402.27
70.8 5324.6
72.0 5384.0
73.2 5306.47
74.4 5230.38
75.6 5289.77
76.8 5214.96
78.0 5274.33
79.2 5198.51
80.4 5125.96
81.6 5185.31
82.8 5116.69
84.0 5176.02
85.2 5119.8
86.4 5179.12
87.6 5150.57
88.8 5156.04
90.0 5215.34
91.2 5257.73
92.4 5317.02
93.6 5397.47
94.8 5514.82
96.0 5574.09
97.2 5723.98
98.4 5783.24
99.6 5957.94
100.8 6150.19
102.0 6209.45
103.2 6410.89
104.4 6470.13
105.6 6672.76
106.8 6731.99
108.0 6935.52
109.2 7140.02
110.4 7199.24
111.6 7403.17
112.8 7462.37
114.0 7665.91
115.2 7872.38
116.4 7931.58
117.6 8140.93
118.8 8200.11
120.0 8408.32
121.2 8612.27
122.4 8671.45
123.6 8867.98
124.8 8927.14
126.0 9115.64
127.2 9174.8
128.4 9354.45
129.6 9526.96
130.8 9586.1
132.0 9750.16
133.2 9809.29
134.4 9966.99
135.6 10116.67
136.8 10175.79
138.0 10319.72
139.2 10378.84
140.4 10516.06
141.6 10647.55
142.8 10706.66
144.0 10831.87
145.2 10890.97
146.4 11011.6
147.6 11070.69
148.8 11186.23
150.0 11295.92
151.2 11355.0
152.4 11460.73
153.6 11519.8
154.8 11620.26
156.0 11717.19
157.2 11776.26
158.4 11868.47
159.6 11927.53
160.8 12016.37
162.0 12101.4
163.2 12160.45
164.4 12241.31
165.6 12300.36
166.8 12378.63
168.0 12437.67
169.2 12512.74
170.4 12584.03
171.6 12643.06
172.8 12712.45
174.0 12771.48
175.2 12837.65
176.4 12901.15
177.6 12960.18
178.8 13021.5
180.0 13080.51
181.2 13139.49
182.4 13195.71
183.6 13254.73
184.8 13309.47
186.0 13368.48
187.2 13421.01
188.4 13480.01
189.6 13530.79
190.8 13579.16
192.0 13638.16
193.2 13685.53
194.4 13744.53
195.6 13790.35
196.8 13834.86
198.0 13893.85
199.2 13936.04
200.4 13995.03
201.6 14037.01
202.8 14077.87
204.0 14136.85
205.2 14176.08
206.4 14235.05
207.6 14274.01
208.8 14332.98
210.0 14370.8
211.2 14408.05
212.4 14467.02
213.6 14503.68
214.8 14562.64
216.0 14598.31
217.2 14634.36
218.4 14693.32
219.6 14729.11
220.8 14788.06
222.0 14823.12
223.2 14858.51
224.4 14917.46
225.6 14952.43
226.8 15011.38
228.0 15047.31
229.2 15106.26
230.4 15142.37
231.6 15178.88
232.8 15237.82
234.0 15274.81
235.2 15333.74
236.4 15371.31
237.6 15408.77
238.8 15467.7
240.0 15506.68
241.2 15565.61
242.4 15607.14
243.6 15652.1
244.8 15711.03
246.0 15759.72
247.2 15818.65
248.4 15870.35
249.6 15929.27
250.8 15983.24
252.0 16040.81
253.2 16099.73
254.4 16161.39
255.6 16220.3
256.8 16287.23
258.0 16359.28
259.2 16418.19
260.4 16495.55
261.6 16554.46
262.8 16637.93
264.0 16725.99
265.2 16784.9
266.4 16878.38
267.6 16937.28
268.8 17035.93
270.0 17094.83
271.2 17197.97
272.4 17305.02
273.6 17363.92
274.8 17474.15
276.0 17533.05
277.2 17642.71
278.4 17748.72
279.6 17807.62
280.8 17910.23
282.0 17969.13
283.2 18067.23
284.4 18163.45
285.6 18222.34
286.8 18313.69
288.0 18372.58
289.2 18458.67
290.4 18517.56
291.6 18599.85
292.8 18679.92
294.0 18738.81
295.2 18817.97
296.4 18876.85
297.6 18954.67
298.8 19031.3
300.0 19090.18
301.2 19165.87
302.4 19224.76
303.6 19298.58
304.8 19372.05
306.0 19430.94
307.2 19503.83
308.4 19562.71
309.6 19634.46
310.8 19693.33
312.0 19763.85
313.2 19833.98
314.4 19892.86
315.6 19962.19
316.8 20021.06
318.0 20089.36
319.2 20157.02
320.4 20215.89
321.6 20282.82
322.8 20341.69
324.0 20408.27
325.2 20473.94
326.4 20532.82
327.6 20597.73
328.8 20656.6
330.0 20720.01
331.2 20778.88
332.4 20842.47
333.6 20905.6
334.8 20964.47
336.0 21026.83
337.2 21085.69
338.4 21147.41
339.6 21208.76
340.8 21267.63
342.0 21328.63
343.2 21387.5
344.4 21448.29
345.6 21508.56
346.8 21567.42
348.0 21627.29
349.2 21686.15
350.4 21745.53
351.6 21804.39
352.8 21863.77
354.0 21922.22
355.2 21981.08
356.4 22039.36
357.6 22098.21
358.8 22156.33
360.0 22214.17
361.2 22273.03
362.4 22330.76
363.6 22389.62
364.8 22447.0
366.0 22504.06
367.2 22562.92
368.4 22619.16
369.6 22678.02
370.8 22735.11
372.0 22793.96
373.2 22851.02
374.4 22907.72
375.6 22966.58
376.8 23023.32
378.0 23082.17
379.2 23138.96
380.4 23195.44
381.6 23254.3
382.8 23310.76
384.0 23369.61
385.2 23425.99
386.4 23482.68
387.6 23541.54
388.8 23598.33
390.0 23657.18
391.2 23714.41
392.4 23773.26
393.6 23830.7
394.8 23888.55
396.0 23947.4
397.2 24005.19
398.4 24064.04
399.6 24122.13
400.8 24179.92
402.0 24238.77
403.2 24296.72
404.4 24355.57
405.6 24413.55
406.8 24472.16
408.0 24531.01
409.2 24589.76
410.4 24648.61
411.6 24707.38
412.8 24766.22
414.0 24825.13
415.2 24884.16
416.4 24943.01
417.6 25002.16
418.8 25061.0
420.0 25120.39
421.2 25180.01
422.4 25238.86
423.6 25298.22
424.8 25357.07
426.0 25416.79
427.2 25476.59
428.4 25535.44
429.6 25595.23
430.8 25654.08
432.0 25713.96
433.2 25772.81
434.4 25832.02
435.6 25892.72
436.8 25951.56
438.0 26011.19
439.2 26070.03
440.4 26130.26
441.6 26190.79
442.8 26249.63
444.0 26310.13
445.2 26368.97
446.4 26429.89
447.6 26490.27
448.8 26549.11
450.0 26609.69
451.2 26668.53
452.4 26728.67
453.6 26787.51
454.8 26847.98
456.0 26908.6
457.2 26967.44
458.4 27028.12
459.6 27086.96
460.8 27147.69
462.0 27208.58
463.2 27267.42
464.4 27328.35
465.6 27387.19
466.8 27448.18
468.0 27509.08
469.2 27567.92
470.4 27628.97
471.6 27687.81
472.8 27748.77
474.0 27807.61
475.2 27868.85
476.4 27930.0
477.6 27988.84
478.8 28050.01
480.0 28108.85
481.2 28170.05
482.4 28231.27
483.6 28290.11
484.8 28351.35
486.0 28410.19
487.2 28471.44
488.4 28532.95
489.6 28591.79
490.8 28653.08
492.0 28711.92
493.2 28773.69
494.4 28832.52
495.6 28894.01
496.8 28956.5
498.0 29015.34
499.2 29079.32
500.4 29138.15
501.6 29202.85
502.8 29266.72
504.0 29325.56
505.2 29389.17
506.4 29448.01
507.6 29510.83
508.8 29573.5
510.0 29632.34
511.2 29694.71
512.4 29753.55
513.6 29815.62
514.8 29874.46
516.0 29936.07
517.2 29997.35
518.4 30056.18
519.6 30117.53
520.8 30176.37
522.0 30237.67
523.2 30298.61
524.4 30357.45
525.6 30418.41
526.8 30477.24
528.0 30538.1
529.2 30598.88
530.4 30657.72
531.6 30718.56
532.8 30777.39
534.0 30838.17
535.2 30897.01
536.4 30957.62
537.6 31018.31
538.8 31077.15
540.0 31137.79
541.2 31196.63
542.4 31257.12
543.6 31317.47
544.8 31376.31
546.0 31436.85
547.2 31495.69
548.4 31556.33
549.6 31616.83
550.8 31675.67
552.0 31736.14
553.2 31794.98
554.4 31855.54
555.6 31914.38
556.8 31974.92
558.0 32035.56
559.2 32094.39
560.4 32154.78
561.6 32213.61
562.8 32273.85
564.0 32334.42
565.2 32393.26
566.4 32453.69
567.6 32512.52
568.8 32572.94
570.0 32633.32
571.2 32692.16
572.4 32752.52
573.6 32811.35
574.8 32871.69
576.0 32930.52
577.2 32990.61
578.4 33050.66
579.6 33109.5
580.8 33169.77
582.0 33228.61
583.2 33288.62
584.4 33348.97
585.6 33407.8
586.8 33468.0
588.0 33526.83
589.2 33586.66
590.4 33646.82
591.6 33705.65
592.8 33765.78
594.0 33824.61
595.2 33884.38
596.4 33943.21
597.6 34003.17
598.8 34063.24
600.0 34122.07
601.2 34182.11
602.4 34240.94
603.6 34300.85
604.8 34360.84
606.0 34419.67
607.2 34479.53
608.4 34538.36
609.6 34598.06
610.8 34657.52
612.0 34716.35
613.2 34776.14
614.4 34834.97
615.6 34894.85
616.8 34953.68
618.0 35013.42
619.2 35073.25
620.4 35132.09
621.6 35191.66
622.8 35250.49
624.0 35310.28
625.2 35370.04
626.4 35428.88
627.6 35488.27
628.8 35547.1
630.0 35607.06
631.2 35666.64
632.4 35725.47
633.6 35785.03
634.8 35843.86
636.0 35903.62
637.2 35962.45
638.4 36022.09
639.6 36081.46
640.8 36140.3
642.0 36199.52
643.2 36258.35
644.4 36317.81
645.6 36377.23
646.8 36436.06
648.0 36495.35
649.2 36554.18
650.4 36613.68
651.6 36673.29
652.8 36732.12
654.0 36791.35
655.2 36850.18
656.4 36909.39
657.6 36968.22
658.8 37027.52
660.0 37086.82
661.2 37145.65
662.4 37205.03
663.6 37263.86
664.8 37323.12
666.0 37382.34
667.2 37441.18
668.4 37500.39
669.6 37559.22
670.8 37618.41
672.0 37677.47
673.2 37736.3
674.4 37795.34
675.6 37854.18
676.8 37913.19
678.0 37972.02
679.2 38030.92
680.4 38090.02
681.6 38148.85
682.8 38208.05
684.0 38266.88
685.2 38325.96
686.4 38384.67
687.6 38443.5
688.8 38502.55
690.0 38561.38
691.2 38620.17
692.4 38679.3
693.6 38738.14
694.8 38797.13
696.0 38855.96
697.2 38914.72
698.4 38973.55
699.6 39032.17
700.8 39090.37
702.0 39149.21
703.2 39208.67
704.4 39267.5
705.6 39326.31
706.8 39384.89
708.0 39443.72
709.2 39502.86
710.4 39561.69
711.6 39620.6
712.8 39679.6
714.0 39738.43
715.2 39797.31
716.4 39856.15
717.6 39915.01
718.8 39973.84
720.0 40032.69
721.2 40091.66
722.4 40150.49
723.6 40209.32
724.8 40268.15
726.0 40326.98
727.2 40386.02
728.4 40444.85
729.6 40503.89
730.8 40562.72
732.0 40621.75
733.2 40680.53
734.4 40739.36
735.6 40798.25
736.8 40857.08
738.0 40916.07
739.2 40974.9
740.4 41033.49
741.6 41092.36
742.8 41151.19
744.0 41210.43
745.2 41269.26
746.4 41327.36
747.6 41386.19
748.8 41445.02
750.0 41504.36
751.2 41563.19
752.4 41621.15
753.6 41680.47
754.8 41739.3
756.0 41797.47
757.2 41856.31
758.4 41915.11
759.6 41973.94
760.8 42032.85
762.0 42091.41
763.2 42150.24
764.4 42209.17
765.6 42268.0
766.8 42326.15
768.0 42385.45
769.2 42444.28
770.4 42501.93
771.6 42560.76
772.8 42619.41
774.0 42678.06
775.2 42736.89
776.4 42795.53
777.6 42854.36
778.8 42913.53
780.0 42972.36
781.2 43030.48
782.4 43088.99
783.6 43147.82
784.8 43206.46
786.0 43265.29
787.2 43324.04
788.4 43382.67
789.6 43441.5
790.8 43500.01
792.0 43558.84
793.2 43617.59
794.4 43675.73
795.6 43734.56
796.8 43793.08
798.0 43851.91
799.2 43910.41
800.4 43969.24
801.6 44027.74
802.8 44086.49
804.0 44145.32
805.2 44204.41
806.4 44263.24
807.6 44321.62
808.8 44380.36
810.0 44439.19
811.2 44498.04
812.4 44556.87
813.6 44615.37
814.8 44673.86
816.0 44732.7
817.2 44791.19
818.4 44850.02
819.6 44908.76
820.8 44967.59
822.0 45025.97
823.2 45084.47
824.4 45143.3
825.6 45202.03
826.8 45260.86
828.0 45319.6
829.2 45378.22
830.4 45437.05
831.6 45495.55
832.8 45554.38
834.0 45612.89
835.2 45671.86
836.4 45730.69
837.6 45789.2
838.8 45848.03
840.0 45906.54
841.2 45965.37
842.4 46023.88
843.6 46082.5
844.8 46141.33
846.0 46199.73
847.2 46258.56
848.4 46317.43
849.6 46375.94
850.8 46434.77
852.0 46493.53
853.2 46552.36
854.4 46611.01
855.6 46669.76
856.8 46728.59
858.0 46787.35
859.2 46846.18
860.4 46904.95
861.6 46963.78
862.8 47022.66
864.0 47081.55
865.2 47140.38
866.4 47199.15
867.6 47257.97
868.8 47316.63
870.0 47375.52
871.2 47434.35
872.4 47492.76
873.6 47551.59
874.8 47610.38
876.0 47669.04
877.2 47727.87
878.4 47786.41
879.6 47845.24
880.8 47903.8
882.0 47962.63
883.2 48021.41
884.4 48079.96
885.6 48138.79
886.8 48197.59
888.0 48256.42
889.2 48314.97
890.4 48373.64
891.6 48432.47
892.8 48491.15
894.0 48549.99
895.2 48608.79
896.4 48667.47
897.6 48726.3
898.8 48784.87
900.0 48843.71
901.2 48902.4
902.4 48961.23
903.6 49019.8
904.8 49079.14
906.0 49137.98
907.2 49196.67
908.4 49255.5
909.6 49313.57
910.8 49372.05
912.0 49430.88
913.2 49490.06
914.4 49548.89
915.6 49607.6
916.8 49666.32
918.0 49725.15
919.2 49784.11
920.4 49842.94
921.6 49901.89
922.8 49960.72
924.0 50019.45
925.2 50078.06
926.4 50136.89
927.6 50195.74
928.8 50254.57
930.0 50313.31
931.2 50372.68
932.4 50431.51
933.6 50490.02
934.8 50548.86
936.0 50606.84
937.2 50665.59
938.4 50724.42
939.6 50783.29
940.8 50842.12
942.0 50900.75
943.2 50959.58
944.4 51018.46
945.6 51077.22
946.8 51136.05
948.0 51194.69
949.2 51253.52
950.4 51312.28
951.6 51371.18
952.8 51430.01
954.0 51488.66
955.2 51547.49
956.4 51606.14
957.6 51665.68
958.8 51724.51
960.0 51782.77
961.2 51841.6
962.4 51900.5
963.6 51959.33
964.8 52017.89
966.0 52076.91
967.2 52135.74
968.4 52194.53
969.6 52253.36
970.8 52312.16
972.0 52370.83
973.2 52429.66
974.4 52488.1
975.6 52546.94
976.8 52605.85
978.0 52664.54
979.2 52723.37
980.4 52782.05
981.6 52840.89
982.8 52899.7
984.0 52958.53
985.2 53017.22
986.4 53076.03
987.6 53134.87
988.8 53193.57
990.0 53252.4
991.2 53311.21
992.4 53370.15
993.6 53428.99
994.8 53487.81
996.0 53546.64
997.2 53605.58
998.4 53664.29
999.6 53723.13
1000.8 53781.84
1002.0 53840.67
1003.2 53899.51
1004.4 53958.34
1005.6 54017.53
1006.8 54076.13
1008.0 54134.96
1009.2 54193.8
1010.4 54252.63
1011.6 54311.59
1012.8 54370.55
1014.0 54429.38
1015.2 54489.45
1016.4 54548.28
1017.6 54606.38
1018.8 54665.33
1020.0 54724.16
1021.2 54783.12
1022.4 54841.95
1023.6 54900.92
1024.8 54959.75
1026.0 55018.48
1027.2 55077.09
1028.4 55135.92
1029.6 55194.89
1030.8 55253.72
1032.0 55312.22
1033.2 55371.06
1034.4 55429.89
1035.6 55488.87
1036.8 55547.7
1038.0 55606.55
1039.2 55665.53
1040.4 55724.36
1041.6 55782.98
1042.8 55841.81
1044.0 55900.55
1045.2 55959.38
1046.4 56018.23
1047.6 56077.22
1048.8 56136.05
1050.0 56194.79
1051.2 56253.62
1052.4 56312.36
1053.6 56371.34
1054.8 56430.18
1056.0 56488.93
1057.2 56547.76
1058.4 56606.62
1059.6 56665.49
1060.8 56724.33
1062.0 56783.08
1063.2 56841.91
1064.4 56900.77
1065.6 56959.6
1066.8 57018.6
1068.0 57077.71
1069.2 57136.54
1070.4 57195.41
1071.6 57254.24
1072.8 57313.36
1074.0 57371.99
1075.2 57430.82
1076.4 57489.69
1077.6 57548.52
1078.8 57607.17
1080.0 57665.92
1081.2 57724.75
1082.4 57783.86
1083.6 57842.69
1084.8 57901.68
1086.0 57960.51
1087.2 58019.39
1088.4 58078.03
1089.6 58136.86
1090.8 58195.73
1092.0 58254.56
1093.2 58313.57
1094.4 58372.44
1095.6 58431.27
1096.8 58490.03
1098.0 58548.86
1099.2 58607.63
1100.4 58666.38
1101.6 58725.21
1102.8 58784.21
1104.0 58843.04
1105.2 58901.79
1106.4 58960.62
1107.6 59019.51
1108.8 59078.39
1110.0 59137.22
1111.2 59196.21
1112.4 59255.04
1113.6 59313.93
1114.8 59372.81
1116.0 59431.64
1117.2 59490.51
1118.4 59549.34
1119.6 59608.45
1120.8 59667.34
1122.0 59726.17
1123.2 59785.16
1124.4 59843.99
1125.6 59902.87
1126.8 59961.7
1128.0 60020.35
1129.2 60079.58
1130.4 60138.41
1131.6 60197.16
1132.8 60255.99
1134.0 60314.86
1135.2 60373.75
1136.4 60432.58
1137.6 60491.57
1138.8 60550.4
1140.0 60609.51
1141.2 60668.5
1142.4 60727.34
1143.6 60786.09
1144.8 60844.92
1146.0 60903.79
1147.2 60962.62
1148.4 61021.49
1149.6 61080.37
1150.8 61139.2
1152.0 61198.07
1153.2 61256.9
1154.4 61315.65
1155.6 61374.64
1156.8 61433.48
1158.0 61492.35
1159.2 61551.18
1160.4 61609.93
1161.6 61668.8
1162.8 61727.63
1164.0 61786.39
1165.2 61845.22
1166.4 61903.85
1167.6 61962.68
1168.8 62021.66
1170.0 62080.29
1171.2 62139.12
1172.4 62198.12
1173.6 62256.95
1174.8 62315.82
1176.0 62374.68
1177.2 62433.51
1178.4 62492.38
1179.6 62551.21
1180.8 62610.09
1182.0 62668.96
1183.2 62727.79
1184.4 62786.53
1185.6 62845.36
1186.8 62904.36
1188.0 62963.19
1189.2 63022.05
1190.4 63080.8
1191.6 63139.63
1192.8 63198.37
1194.0 63257.2
1195.2 63316.08
1196.4 63374.94
1197.6 63433.77
1198.8 63492.16
1200.0 63550.99
1201.2 63609.86
1202.4 63668.6
1203.6 63727.43
1204.8 63786.3
1206.0 63845.13
1207.2 63904.23
1208.4 63963.06
1209.6 64022.05
1210.8 64081.14
1212.0 64139.97
1213.2 64198.84
1214.4 64257.67
1215.6 64316.54
1216.8 64375.4
1218.0 64434.23
1219.2 64493.09
1220.4 64551.92
1221.6 64610.65
1222.8 64669.39
1224.0 64728.23
1225.2 64787.21
1226.4 64846.04
1227.6 64904.89
1228.8 64963.72
1230.0 65022.46
1231.2 65081.08
1232.4 65139.91
1233.6 65198.64
1234.8 65257.47
1236.0 65316.56
1237.2 65375.54
1238.4 65434.37
1239.6 65493.69
1240.8 65552.52
1242.0 65611.38
1243.2 65670.46
1244.4 65729.3
1245.6 65788.15
1246.8 65846.98
1248.0 65905.83
1249.2 65964.66
1250.4 66023.26
1251.6 66081.88
1252.8 66140.71
1254.0 66199.68
1255.2 66258.51
1256.4 66317.35
1257.6 66376.08
1258.8 66434.92
1260.0 66493.88
1261.2 66552.71
1262.4 66611.44
1263.6 66670.4
1264.8 66729.23
1266.0 66787.97
1267.2 66846.8
1268.4 66905.52
1269.6 66964.35
1270.8 67023.31
1272.0 67082.51
1273.2 67141.35
1274.4 67200.31
1275.6 67259.14
1276.8 67317.87
1278.0 67376.71
1279.2 67435.55
1280.4 67494.39
1281.6 67553.22
1282.8 67612.06
1284.0 67670.9
1285.2 67729.73
1286.4 67788.7
1287.6 67847.53
1288.8 67906.26
1290.0 67965.09
1291.2 68024.17
1292.4 68083.14
1293.6 68141.97
1294.8 68200.69
1296.0 68259.52
1297.2 68318.36
1298.4 68376.96
1299.6 68435.8
1300.8 68494.64
1302.0 68553.47
1303.2 68604.9
1304.4 68663.73
1305.6 68714.18
1306.8 68773.0
1308.0 68823.82
1309.2 68874.3
1310.4 68933.13
1311.6 68983.77
1312.8 69042.59
1314.0 69093.14
1315.2 69151.96
1316.4 69202.79
1317.6 69253.4
1318.8 69312.23
1320.0 69362.9
1321.2 69421.72
1322.4 69472.56
1323.6 69523.54
1324.8 69582.37
1326.0 69633.17
1327.2 69691.99
1328.4 69743.57
1329.6 69794.33
1330.8 69853.16
1332.0 69903.97
1333.2 69962.79
1334.4 70014.0
1335.6 70072.83
1336.8 70123.95
1338.0 70175.0
1339.2 70233.82
1340.4 70285.39
1341.6 70344.22
1342.8 70395.45
1344.0 70454.78
1345.2 70513.6
1346.4 70573.07
1347.6 70631.9
1348.8 70691.27
1350.0 70751.0
1351.2 70809.83
1352.4 70869.57
1353.6 70928.4
1354.8 70988.13
1356.0 71046.96
1357.2 71106.45
1358.4 71166.18
1359.6 71225.01
1360.8 71284.47
1362.0 71343.3
1363.2 71402.74
1364.4 71462.3
1365.6 71521.13
1366.8 71580.77
1368.0 71639.6
1369.2 71698.98
1370.4 71758.83
1371.6 71817.66
1372.8 71876.76
1374.0 71935.59
1375.2 71995.02
1376.4 72053.85
1377.6 72113.27
1378.8 72172.18
1380.0 72231.01
1381.2 72290.25
1382.4 72349.08
1383.6 72408.3
1384.8 72467.63
1386.0 72526.46
1387.2 72585.87
1388.4 72644.7
1389.6 72703.97
1390.8 72762.98
1392.0 72821.81
1393.2 72880.79
1394.4 72939.62
1395.6 72998.82
1396.8 73057.65
1398.0 73116.83
1399.2 73176.1
1400.4 73234.93
1401.6 73294.06
1402.8 73352.89
1404.0 73412.12
1405.2 73471.09
1406.4 73529.92
1407.6 73588.63
1408.8 73647.46
1410.0 73706.5
1411.2 73765.18
1412.4 73824.01
1413.6 73883.49
1414.8 73942.32
1416.0 74001.06
1417.2 74059.89
1418.4 74118.87
1419.6 74178.41
1420.8 74237.24
1422.0 74296.16
1423.2 74354.99
1424.4 74414.03
1425.6 74472.92
1426.8 74531.75
1428.0 74590.39
1429.2 74649.22
1430.4 74708.2
1431.6 74766.8
1432.8 74825.63
1434.0 74884.58
1435.2 74943.41
1436.4 75002.21
1437.6 75061.04
1438.8 75119.73
1440.0 75178.27
1441.2 75237.1
1442.4 75295.98
1443.6 75354.81
1444.8 75413.45
1446.0 75472.3
1447.2 75531.13
1448.4 75590.21
1449.6 75649.04
1450.8 75707.88
1452.0 75766.93
1453.2 75825.76
1454.4 75884.45
1455.6 75943.28
1456.8 76002.08
1458.0 76060.9
1459.2 76119.57
1460.4 76178.22
1461.6 76237.05
1462.8 76295.81
1464.0 76354.64
1465.2 76413.28
1466.4 76472.02
1467.6 76530.85
1468.8 76589.82
1470.0 76648.65
1471.2 76707.27
1472.4 76766.33
1473.6 76825.16
1474.8 76883.87
1476.0 76942.7
1477.2 77000.93
1478.4 77059.75
1479.6 77118.34
1480.8 77177.14
1482.0 77235.97
1483.2 77294.54
1484.4 77353.36
1485.6 77411.92
1486.8 77470.35
1488.0 77529.18
1489.2 77587.6
1490.4 77646.43
1491.6 77704.62
1492.8 77763.15
1494.0 77821.98
1495.2 77880.63
1496.4 77939.46
1497.6 77997.87
1498.8 78056.69
1500.0 78115.11
1501.2 78173.63
1502.4 78232.46
1503.6 78290.86
1504.8 78349.68
1506.0 78408.09
1507.2 78466.6
1508.4 78525.43
1509.6 78583.83
1510.8 78642.65
1512.0 78701.05
1513.2 78759.56
1514.4 78818.39
1515.6 78876.89
1516.8 78935.72
1518.0 78994.59
1519.2 79053.41
1520.4 79111.81
1521.6 79170.07
1522.8 79228.9
1524.0 79287.42
1525.2 79346.24
1526.4 79404.75
1527.6 79463.37
1528.8 79522.2
1530.0 79580.83
1531.2 79639.65
1532.4 79698.16
1533.6 79756.55
1534.8 79815.38
1536.0 79873.76
1537.2 79932.59
1538.4 79991.23
1539.6 80050.05
1540.8 80108.68
1542.0 80166.83
1543.2 80225.66
1544.4 80284.3
1545.6 80343.12
1546.8 80401.64
1548.0 80460.04
1549.2 80518.87
1550.4 80577.04
1551.6 80635.86
1552.8 80694.27
1554.0 80752.79
1555.2 80811.62
1556.4 80869.92
1557.6 80928.74
1558.8 80987.15
1560.0 81045.97
1561.2 81104.75
1562.4 81163.41
1563.6 81222.24
1564.8 81280.78
1566.0 81339.6
1567.2 81398.27
1568.4 81456.82
1569.6 81515.65
1570.8 81574.09
1572.0 81632.91
1573.2 81691.59
1574.4 81750.26
1575.6 81809.09
1576.8 81867.65
1578.0 81926.47
1579.2 81985.16
1580.4 82043.99
1581.6 82102.67
1582.8 82161.49
1584.0 82220.32
1585.2 82278.77
1586.4 82337.6
1587.6 82395.94
1588.8 82454.64
1590.0 82513.47
1591.2 82572.41
1592.4 82631.24
1593.6 82689.94
1594.8 82748.54
1596.0 82807.37
1597.2 82866.2
1598.4 82925.03
1599.6 82983.63
1600.8 83042.46
1602.0 83101.18
1603.2 83159.55
1604.4 83218.38
1605.6 83277.11
1606.8 83335.94
1608.0 83394.44
1609.2 83452.94
1610.4 83511.77
1611.6 83570.27
1612.8 83629.1
1614.0 83687.97
1615.2 83746.6
1616.4 83805.43
1617.6 83864.18
1618.8 83923.01
1620.0 83981.54
1621.2 84040.36
1622.4 84099.01
1623.6 84157.66
1624.8 84216.49
1626.0 84275.15
1627.2 84333.97
1628.4 84392.87
1629.6 84451.65
1630.8 84510.48
1632.0 84569.28
1633.2 84628.1
1634.4 84687.01
1635.6 84745.8
1636.8 84804.63
1638.0 84862.96
1639.2 84921.78
1640.4 84980.59
1641.6 85039.41
1642.8 85097.98
1644.0 85156.67
1645.2 85215.5
1646.4 85273.96
1647.6 85332.78
1648.8 85391.49
1650.0 85450.31
1651.2 85509.14
1652.4 85567.97
1653.6 85626.79
1654.8 85685.51
1656.0 85744.1
1657.2 85802.93
1658.4 85861.3
1659.6 85920.12
1660.8 85978.97
1662.0 86037.79
1663.2 86096.53
1664.4 86155.38
1665.6 86214.21
1666.8 86273.07
1668.0 86331.89
1669.2 86390.76
1670.4 86449.51
1671.6 86508.34
1672.8 86567.09
1674.0 86625.91
1675.2 86684.44
1676.4 86743.08
1677.6 86801.91
1678.8 86860.9
1680.0 86919.73
1681.2 86978.51
1682.4 87037.33
1683.6 87096.22
1684.8 87155.35
1686.0 87214.18
1687.2 87273.2
1688.4 87332.02
1689.6 87390.81
1690.8 87449.47
1692.0 87508.3
1693.2 87566.85
1694.4 87625.68
1695.6 87684.36
1696.8 87743.03
1698.0 87801.86
1699.2 87860.89
1700.4 87919.72
1701.6 87978.53
1702.8 88037.35
1704.0 88095.68
1705.2 88154.37
1706.4 88213.2
1707.6 88271.31
1708.8 88330.13
1710.0 88388.6
1711.2 88447.41
1712.4 88506.24
1713.6 88565.06
1714.8 88623.89
1716.0 88682.85
1717.2 88741.79
1718.4 88800.62
1719.6 88859.46
1720.8 88918.29
1722.0 88976.78
1723.2 89035.6
1724.4 89093.97
1725.6 89152.81
1726.8 89211.64
1728.0 89270.38
1729.2 89329.2
1730.4 89387.94
1731.6 89446.91
1732.8 89505.74
1734.0 89564.96
1735.2 89623.78
1736.4 89682.77
1737.6 89741.86
1738.8 89800.69
1740.0 89859.56
1741.2 89918.38
1742.4 89977.01
1743.6 90035.84
1744.8 90095.18
1746.0 90154.17
1747.2 90212.99
1748.4 90272.58
1749.6 90331.41
1750.8 90390.63
1752.0 90449.38
1753.2 90508.21
1754.4 90566.96
1755.6 90625.79
1756.8 90684.54
1758.0 90743.17
1759.2 90802.0
1760.4 90861.0
1761.6 90919.82
1762.8 90979.05
1764.0 91037.88
1765.2 91097.23
1766.4 91156.11
1767.6 91214.93
1768.8 91273.81
1770.0 91332.64
1771.2 91391.75
1772.4 91450.63
1773.6 91509.45
1774.8 91568.33
1776.0 91627.16
1777.2 91685.92
1778.4 91744.68
1779.6 91803.5
1780.8 91862.27
1782.0 91921.1
1783.2 91980.1
1784.4 92038.93
1785.6 92097.68
1786.8 92156.57
1788.0 92215.4
1789.2 92274.28
1790.4 92333.11
1791.6 92391.75
1792.8 92450.76
1794.0 92509.59
1795.2 92568.23
1796.4 92627.06
1797.6 92686.06
1798.8 92745.19
1800.0 92804.02
1801.2 92862.79
1802.4 92921.62
1803.6 92980.5
1804.8 93039.33
1806.0 93097.98
1807.2 93156.87
1808.4 93215.7
1809.6 93274.47
1810.8 93333.3
1812.0 93392.19
1813.2 93450.97
1814.4 93509.8
1815.6 93568.33
1816.8 93627.16
1818.0 93686.05
1819.2 93744.83
1820.4 93803.66
1821.6 93862.67
1822.8 93921.5
1824.0 93980.51
1825.2 94039.34
1826.4 94098.23
1827.6 94156.89
1828.8 94215.72
1830.0 94274.14
1831.2 94332.97
1832.4 94392.1
1833.6 94450.88
1834.8 94509.71
1836.0 94568.84
1837.2 94627.67
1838.4 94686.44
1839.6 94745.35
1840.8 94804.17
1842.0 94862.71
1843.2 94921.54
1844.4 94980.43
1845.6 95039.26
1846.8 95098.39
1848.0 95157.06
1849.2 95215.89
1850.4 95274.78
1851.6 95333.61
1852.8 95392.38
1854.0 95451.28
1855.2 95510.1
1856.4 95569.24
1857.6 95628.07
1858.8 95686.96
1860.0 95745.97
1861.2 95804.8
1862.4 95863.82
1863.6 95922.64
1864.8 95981.3
1866.0 96040.13
1867.2 96099.02
1868.4 96158.03
1869.6 96216.85
1870.8 96275.99
1872.0 96334.82
1873.2 96393.7
1874.4 96452.71
1875.6 96511.54
1876.8 96570.43
1878.0 96629.25
1879.2 96688.14
1880.4 96746.91
1881.6 96805.74
1882.8 96864.99
1884.0 96923.81
1885.2 96982.7
1886.4 97041.52
1887.6 97100.41
1888.8 97159.28
1890.0 97218.11
1891.2 97277.24
1892.4 97336.06
1893.6 97394.82
1894.8 97453.82
1896.0 97512.65
1897.2 97571.64
1898.4 97630.47
1899.6 97689.23
1900.8 97748.1
1902.0 97806.93
1903.2 97865.8
1904.4 97924.63
1905.6 97983.51
1906.8 98042.33
1908.0 98101.09
1909.2 98159.96
1910.4 98218.79
1911.6 98277.9
1912.8 98336.73
1914.0 98395.13
1915.2 98453.88
1916.4 98512.71
1917.6 98571.58
1918.8 98630.41
1920.0 98689.16
1921.2 98748.03
1922.4 98806.86
1923.6 98865.73
1924.8 98924.56
1926.0 98983.43
1927.2 99042.26
1928.4 99101.01
1929.6 99160.12
1930.8 99218.95
1932.0 99277.58
1933.2 99336.41
1934.4 99395.27
1935.6 99454.14
1936.8 99512.96
1938.0 99571.6
1939.2 99630.43
1940.4 99689.53
1941.6 99748.27
1942.8 99807.1
1944.0 99865.97
1945.2 99924.8
1946.4 99983.9
1947.6 100042.73
1948.8 100101.71
1950.0 100160.7
1951.2 100219.52
1952.4 100278.27
1953.6 100337.1
1954.8 100396.43
1956.0 100455.16
1957.2 100513.99
1958.4 100572.86
1959.6 100631.68
1960.8 100690.89
1962.0 100749.86
1963.2 100808.69
1964.4 100867.55
1965.6 100926.37
1966.8 100985.22
1968.0 101044.04
1969.2 101103.02
1970.4 101161.63
1971.6 101220.46
1972.8 101279.55
1974.0 101338.37
1975.2 101397.45
1976.4 101456.3
1977.6 101515.13
1978.8 101573.86
1980.0 101632.68
1981.2 101691.53
1982.4 101750.49
1983.6 101809.32
1984.8 101868.04
1986.0 101926.87
1987.2 101985.61
1988.4 102044.43
1989.6 102103.16
1990.8 102161.53
1992.0 102220.36
1993.2 102279.33
1994.4 102338.15
1995.6 102397.0
1996.8 102456.08
1998.0 102514.91
1999.2 102573.75
2000.4 102632.58
2001.6 102691.43
2002.8 102750.16
2004.0 102808.99
2005.2 102867.95
2006.4 102926.78
2007.6 102985.63
2008.8 103044.45
2010.0 103103.06
2011.2 103161.79
2012.4 103220.62
2013.6 103279.22
2014.8 103338.05
2016.0 103396.78
2017.2 103455.63
2018.4 103514.46
2019.6 103573.65
2020.8 103632.48
2022.0 103691.32
2023.2 103750.29
2024.4 103809.12
2025.6 103868.08
2026.8 103926.91
2028.0 103985.75
2029.2 104044.58
2030.4 104103.43
2031.6 104162.74
2032.8 104221.57
2034.0 104280.29
2035.2 104339.12
2036.4 104397.95
2037.6 104456.8
2038.8 104515.63
2040.0 104574.58
2041.2 104633.41
2042.4 104692.0
2043.6 104750.84
2044.8 104809.67
2046.0 104868.39
2047.2 104927.22
2048.4 104986.05
2049.6 105044.88
2050.8 105103.94
2052.0 105163.14
2053.2 105221.97
2054.4 105280.68
2055.6 105339.51
2056.8 105398.46
2058.0 105457.18
2059.2 105516.01
2060.4 105574.36
2061.6 105633.19
2062.8 105691.9
2064.0 105750.74
2065.2 105809.56
2066.4 105868.4
2067.6 105927.23
2068.8 105986.18
2070.0 106045.01
2071.2 106103.96
2072.4 106162.33
2073.6 106221.16
2074.8 106280.11
2076.0 106338.94
2077.2 106397.77
2078.4 106456.49
2079.6 106515.32
2080.8 106573.68
2082.0 106632.51
2083.2 106691.46
2084.4 106750.3
2085.6 106809.12
2086.8 106867.73
2088.0 106926.56
2089.2 106985.39
2090.4 107044.22
2091.6 107102.94
2092.8 107161.67
2094.0 107220.5
2095.2 107279.57
2096.4 107338.4
2097.6 107397.24
2098.8 107456.08
2100.0 107514.91
2101.2 107574.1
2102.4 107632.93
2103.6 107691.89
2104.8 107750.38
2106.0 107809.21
2107.2 107868.04
2108.4 107926.87
2109.6 107985.59
2110.8 108044.42
2112.0 108103.02
2113.2 108162.22
2114.4 108221.05
2115.6 108279.65
2116.8 108338.48
2118.0 108397.2
2119.2 108456.05
2120.4 108514.88
2121.6 108573.95
2122.8 108632.78
2124.0 108691.62
2125.2 108750.46
2126.4 108809.29
2127.6 108868.25
2128.8 108927.08
2130.0 108985.79
2131.2 109044.62
2132.4 109103.58
2133.6 109162.31
2134.8 109221.14
2136.0 109279.97
2137.2 109338.8
2138.4 109397.52
2139.6 109456.37
2140.8 109515.2
2142.0 109573.91
2143.2 109632.74
2144.4 109691.34
2145.6 109750.55
2146.8 109809.38
2148.0 109868.09
2149.2 109926.92
2150.4 109985.76
2151.6 110044.59
2152.8 110103.67
2154.0 110162.39
2155.2 110221.22
2156.4 110280.18
2157.6 110339.01
2158.8 110397.84
2160.0 110456.57
2161.2 110515.4
2162.4 110574.47
2163.6 110633.3
2164.8 110692.26
2166.0 110750.75
2167.2 110809.58
2168.4 110868.42
2169.6 110927.25
2170.8 110986.08
2172.0 111044.91
2173.2 111103.64
2174.4 111162.59
2175.6 111221.42
2176.8 111280.14
2178.0 111338.97
2179.2 111397.94
2180.4 111456.77
2181.6 111515.6
2182.8 111574.56
2184.0 111633.39
2185.2 111692.35
2186.4 111751.07
2187.6 111809.9
2188.8 111868.74
2190.0 111927.57
2191.2 111986.41
2192.4 112045.23
2193.6 112104.08
2194.8 112163.04
2196.0 112221.87
2197.2 112280.58
2198.4 112339.41
2199.6 112398.38
2200.8 112457.21
2202.0 112516.04
2203.2 112574.76
2204.4 112633.59
2205.6 112692.44
2206.8 112751.39
2208.0 112810.22
2209.2 112869.3
2210.4 112928.13
2211.6 112987.09
2212.8 113045.91
2214.0 113104.88
2215.2 113163.83
2216.4 113222.66
2217.6 113281.74
2218.8 113340.56
2220.0 113399.41
2221.2 113458.13
2222.4 113516.96
2223.6 113575.8
2224.8 113634.62
2226.0 113693.47
2227.2 113752.42
2228.4 113811.25
2229.6 113870.09
2230.8 113928.92
2232.0 113987.88
2233.2 114046.7
2234.4 114105.67
2235.6 114164.5
2236.8 114223.33
2238.0 114282.42
2239.2 114341.24
2240.4 114399.85
2241.6 114458.8
2242.8 114517.63
2244.0 114576.59
2245.2 114635.42
2246.4 114693.91
2247.6 114752.98
2248.8 114811.81
2250.0 114870.41
2251.2 114929.24
2252.4 114988.08
2253.6 115046.9
2254.8 115105.75
2256.0 115164.59
2257.2 115223.42
2258.4 115282.15
2259.6 115340.97
2260.8 115399.69
2262.0 115458.65
2263.2 115517.48
2264.4 115576.43
2265.6 115635.26
2266.8 115694.11
2268.0 115752.95
2269.2 115811.78
2270.4 115870.61
2271.6 115929.44
2272.8 115988.17
2274.0 116046.99
2275.2 116105.72
2276.4 116164.55
2277.6 116223.38
2278.8 116281.98
2280.0 116340.81
2281.2 116399.9
2282.4 116458.5
2283.6 116517.33
2284.8 116576.16
2286.0 116634.99
2287.2 116694.08
2288.4 116753.03
2289.6 116811.86
2290.8 116870.7
2292.0 116929.53
2293.2 116988.38
2294.4 117047.2
2295.6 117105.92
2296.8 117164.76
2298.0 117223.59
2299.2 117282.56
2300.4 117341.38
2301.6 117400.34
2302.8 117459.18
2304.0 117518.01
2305.2 117576.5
2306.4 117635.32
2307.6 117694.17
2308.8 117752.89
2310.0 117811.72
2311.2 117870.56
2312.4 117929.39
2313.6 117988.23
2314.8 118047.06
2316.0 118105.9
2317.2 118164.75
2318.4 118223.58
2319.6 118282.66
2320.8 118341.49
2322.0 118400.21
2323.2 118459.42
2324.4 118518.25
2325.6 118576.97
2326.8 118635.8
2328.0 118694.76
2329.2 118753.49
2330.4 118812.32
2331.6 118871.16
2332.8 118929.99
2334.0 118988.6
2335.2 119047.43
2336.4 119106.4
2337.6 119165.24
2338.8 119224.07
2340.0 119282.92
2341.2 119341.75
2342.4 119400.6
2343.6 119459.56
2344.8 119518.39
2346.0 119577.47
2347.2 119636.3
2348.4 119695.15
2349.6 119754.11
2350.8 119812.94
2352.0 119871.9
2353.2 119930.73
2354.4 119989.59
2355.6 120048.41
2356.8 120107.26
2358.0 120165.98
2359.2 120224.81
2360.4 120283.66
2361.6 120342.48
2362.8 120401.45
2364.0 120459.94
2365.2 120518.77
2366.4 120577.62
2367.6 120636.44
2368.8 120695.3
2370.0 120754.02
2371.2 120812.85
2372.4 120871.82
2373.6 120930.64
2374.8 120989.61
2376.0 121048.44
2377.2 121107.05
2378.4 121165.78
2379.6 121224.6
2380.8 121283.34
2382.0 121342.17
2383.2 121401.01
2384.4 121459.74
2385.6 121518.56
2386.8 121577.54
2388.0 121636.37
2389.2 121695.33
2390.4 121754.05
2391.6 121812.88
2392.8 121871.5
2394.0 121930.33
2395.2 121989.29
2396.4 122048.12
2397.6 122107.08
2398.8 122165.82
2400.0 122224.65
2401.2 122283.49
2402.4 122342.32
2403.6 122401.05
2404.8 122460.14
2406.0 122518.97
2407.2 122577.82
2408.4 122636.65
2409.6 122695.49
2410.8 122754.46
2412.0 122813.29
2413.2 122872.14
2414.4 122930.97
2415.6 122989.93
2416.8 123048.76
2418.0 123107.73
2419.2 123166.69
2420.4 123225.52
2421.6 123284.37
2422.8 123343.2
2424.0 123401.93
2425.2 123460.77
2426.4 123519.6
2427.6 123578.44
2428.8 123637.27
2430.0 123695.77
2431.2 123754.5
2432.4 123813.33
2433.6 123872.29
2434.8 123931.12
2436.0 123989.85
2437.2 124048.67
2438.4 124107.05
2439.6 124166.25
2440.8 124225.08
2442.0 124283.8
2443.2 124342.63
2444.4 124401.25
2445.6 124459.98
2446.8 124518.81
2448.0 124577.3
2449.2 124636.13
2450.4 124694.98
2451.6 124753.94
2452.8 124812.77
2454.0 124871.74
2455.2 124930.57
2456.4 124989.3
2457.6 125048.12
2458.8 125107.1
2460.0 125165.59
2461.2 125224.42
2462.4 125283.39
2463.6 125342.21
2464.8 125401.19
2466.0 125460.15
2467.2 125518.98
2468.4 125577.83
2469.6 125636.65
2470.8 125695.75
2472.0 125754.83
2473.2 125813.66
2474.4 125872.16
2475.6 125930.98
2476.8 125989.59
2478.0 126048.42
2479.2 126107.74
2480.4 126166.6
2481.6 126225.42
2482.8 126284.39
2484.0 126343.22
2485.2 126402.42
2486.4 126461.51
2487.6 126520.33
2488.8 126579.54
2490.0 126638.37
2491.2 126696.97
2492.4 126755.81
2493.6 126814.64
2494.8 126873.38
2496.0 126932.21
2497.2 126991.05
2498.4 127049.88
2499.6 127108.6
2500.8 127167.69
2502.0 127226.52
2503.2 127285.13
2504.4 127343.96
2505.6 127402.32
2506.8 127461.18
2508.0 127520.01
2509.2 127578.85
2510.4 127637.68
2511.6 127696.64
2512.8 127755.49
2514.0 127814.32
2515.2 127873.64
2516.4 127932.47
2517.6 127991.66
2518.8 128050.49
2520.0 128109.33
2521.2 128168.07
2522.4 128226.9
2523.6 128285.5
2524.8 128344.33
2526.0 128403.05
2527.2 128461.78
2528.4 128520.61
2529.6 128579.44
2530.8 128638.27
2532.0 128696.99
2533.2 128755.6
2534.4 128814.43
2535.6 128873.39
2536.8 128932.22
2538.0 128991.18
2539.2 129050.01
2540.4 129108.85
2541.6 129167.57
2542.8 129226.4
2544.0 129285.36
2545.2 129344.19
2546.4 129403.51
2547.6 129461.99
2548.8 129520.82
2550.0 129579.54
2551.2 129638.37
2552.4 129697.1
2553.6 129755.81
2554.8 129814.64
2556.0 129873.36
2557.2 129932.19
2558.4 129990.92
2559.6 130049.74
2560.8 130108.47
2562.0 130167.31
2563.2 130226.14
2564.4 130284.97
2565.6 130343.8
2566.8 130402.53
2568.0 130461.25
2569.2 130520.08
2570.4 130579.04
2571.6 130637.87
2572.8 130696.95
2574.0 130755.79
2575.2 130814.62
2576.4 130873.34
2577.6 130932.17
2578.8 130991.02
2580.0 131049.84
2581.2 131108.81
2582.4 131167.53
2583.6 131226.36
2584.8 131285.19
2586.0 131344.02
2587.2 131402.75
2588.4 131461.83
2589.6 131520.66
2590.8 131579.5
2592.0 131638.33
2593.2 131697.18
2594.4 131756.01
2595.6 131814.84
2596.8 131873.56
2598.0 131932.39
2599.2 131991.24
2600.4 132050.06
2601.6 132108.91
2602.8 132167.75
2604.0 132226.58
2605.2 132285.42
2606.4 132344.25
2607.6 132403.33
2608.8 132462.41
2610.0 132521.24
2611.2 132579.96
2612.4 132638.79
2613.6 132697.74
2614.8 132756.83
2616.0 132815.66
2617.2 132874.61
2618.4 132933.44
2619.6 132992.16
2620.8 133050.99
2622.0 133109.72
2623.2 133168.91
2624.4 133227.74
2625.6 133286.7
2626.8 133345.53
2628.0 133404.49
2629.2 133463.33
2630.4 133522.16
2631.6 133581.0
2632.8 133639.83
2634.0 133698.78
2635.2 133757.62
2636.4 133816.45
2637.6 133875.41
2638.8 133934.23
2640.0 133992.72
2641.2 134051.55
2642.4 134110.39
2643.6 134169.11
2644.8 134227.94
2646.0 134286.78
2647.2 134345.6
2648.4 134404.33
2649.6 134463.05
2650.8 134521.88
2652.0 134580.61
2653.2 134639.43
2654.4 134698.16
2655.6 134756.99
2656.8 134815.82
2658.0 134874.54
2659.2 134933.37
2660.4 134992.34
2661.6 135051.16
2662.8 135110.12
2664.0 135168.96
2665.2 135227.79
2666.4 135286.64
2667.6 135345.46
2668.8 135404.19
2670.0 135462.91
2671.2 135521.74
2672.4 135580.7
2673.6 135639.53
2674.8 135698.26
2676.0 135757.09
2677.2 135815.92
2678.4 135874.88
2679.6 135933.71
2680.8 135993.03
2682.0 136051.85
2683.2 136110.82
2684.4 136169.89
2685.6 136228.72
2686.8 136287.68
2688.0 136346.51
2689.2 136405.48
2690.4 136464.31
2691.6 136523.14
2692.8 136582.1
2694.0 136640.93
2695.2 136699.89
2696.4 136758.49
2697.6 136817.32
2698.8 136876.28
2700.0 136935.11
2701.2 136993.83
2702.4 137052.66
2703.6 137111.38
2704.8 137170.1
2706.0 137228.93
2707.2 137287.65
2708.4 137346.48
2709.6 137405.33
2710.8 137464.28
2712.0 137523.11
2713.2 137581.83
2714.4 137640.66
2715.6 137699.62
2716.8 137758.34
2718.0 137817.17
2719.2 137876.01
2720.4 137934.84
2721.6 137993.69
2722.8 138052.51
2724.0 138111.12
2725.2 138169.83
2726.4 138228.66
2727.6 138287.5
2728.8 138346.33
2730.0 138405.18
2731.2 138464.14
2732.4 138522.97
2733.6 138581.81
2734.8 138640.64
2736.0 138699.37
2737.2 138758.32
2738.4 138817.15
2739.6 138875.87
2740.8 138934.7
2742.0 138993.55
2743.2 139052.37
2744.4 139111.22
2745.6 139170.18
2746.8 139229.01
2748.0 139287.86
2749.2 139346.69
2750.4 139405.66
2751.6 139464.62
2752.8 139523.45
2754.0 139582.29
2755.2 139641.12
2756.4 139699.86
2757.6 139758.82
2758.8 139817.65
2760.0 139876.49
2761.2 139935.32
2762.4 139994.16
2763.6 140052.99
2764.8 140112.08
2766.0 140170.92
2767.2 140229.75
2768.4 140288.71
2769.6 140347.54
2770.8 140406.28
2772.0 140465.12
2773.2 140523.95
2774.4 140582.79
2775.6 140641.62
2776.8 140700.59
2778.0 140759.44
2779.2 140818.27
2780.4 140877.11
2781.6 140935.94
2782.8 140994.78
2784.0 141053.61
2785.2 141112.34
2786.4 141171.07
2787.6 141229.9
2788.8 141288.74
2790.0 141347.57
2791.2 141406.42
2792.4 141465.27
2793.6 141524.1
2794.8 141583.06
2796.0 141641.89
2797.2 141700.73
2798.4 141759.7
2799.6 141818.53
2800.8 141877.37
2802.0 141936.2
2803.2 141995.04
2804.4 142053.87
2805.6 142112.37
2806.8 142171.33
2808.0 142230.16
2809.2 142288.65
2810.4 142347.48
2811.6 142406.21
2812.8 142465.06
2814.0 142523.89
2815.2 142582.85
2816.4 142641.68
2817.6 142700.41
2818.8 142759.14
2820.0 142817.97
2821.2 142876.69
2822.4 142935.52
2823.6 142994.37
2824.8 143053.2
2826.0 143112.17
2827.2 143171.01
2828.4 143229.84
2829.6 143288.22
2830.8 143347.05
2832.0 143405.66
2833.2 143464.51
2834.4 143523.34
2835.6 143582.07
2836.8 143640.9
2838.0 143699.87
2839.2 143758.48
2840.4 143817.31
2841.6 143876.16
2842.8 143934.99
2844.0 143993.84
2845.2 144052.66
2846.4 144111.87
2847.6 144170.6
2848.8 144229.43
2850.0 144288.52
2851.2 144347.34
2852.4 144406.44
2853.6 144465.28
2854.8 144524.11
2856.0 144582.97
2857.2 144641.79
2858.4 144700.53
2859.6 144759.49
2860.8 144818.32
2862.0 144877.4
2863.2 144936.23
2864.4 144994.97
2865.6 145053.79
2866.8 145112.29
2868.0 145171.26
2869.2 145230.09
2870.4 145289.06
2871.6 145347.88
2872.8 145406.86
2874.0 145465.7
2875.2 145524.53
2876.4 145583.15
2877.6 145641.97
2878.8 145700.83
2880.0 145759.91
2881.2 145818.74
2882.4 145877.59
2883.6 145936.42
2884.8 145995.27
2886.0 146054.09
2887.2 146112.71
2888.4 146171.31
2889.6 146230.14
2890.8 146289.0
2892.0 146347.82
2893.2 146406.67
2894.4 146465.52
2895.6 146524.35
2896.8 146582.96
2898.0 146641.78
2899.2 146700.75
2900.4 146759.72
2901.6 146818.55
2902.8 146877.39
2904.0 146936.22
2905.2 146994.84
2906.4 147053.66
2907.6 147112.98
2908.8 147171.59
2910.0 147230.42
2911.2 147289.63
2912.4 147348.45
2913.6 147406.95
2914.8 147465.79
2916.0 147524.62
2917.2 147583.58
2918.4 147642.41
2919.6 147701.14
2920.8 147759.98
2922.0 147818.81
2923.2 147877.66
2924.4 147936.49
2925.6 147995.34
2926.8 148054.16
2928.0 148113.25
2929.2 148172.44
2930.4 148231.27
2931.6 148290.01
2932.8 148348.83
2934.0 148407.68
2935.2 148466.52
2936.4 148525.35
2937.6 148584.09
2938.8 148642.91
2940.0 148701.52
2941.2 148760.13
2942.4 148818.96
2943.6 148877.81
2944.8 148936.63
2946.0 148995.95
2947.2 149054.77
2948.4 149113.63
2949.6 149172.7
2950.8 149231.53
2952.0 149290.39
2953.2 149349.22
2954.4 149408.29
2955.6 149467.13
2956.8 149525.96
2958.0 149584.93
2959.2 149643.76
2960.4 149702.6
2961.6 149761.31
2962.8 149820.14
2964.0 149878.87
2965.2 149937.7
2966.4 149996.3
2967.6 150055.13
2968.8 150113.73
2970.0 150172.46
2971.2 150231.29
2972.4 150290.36
2973.6 150349.19
2974.8 150408.03
2976.0 150466.75
2977.2 150525.58
2978.4 150584.66
2979.6 150643.49
2980.8 150702.68
2982.0 150761.4
2983.2 150820.23
2984.4 150878.95
2985.6 150937.78
2986.8 150996.38
2988.0 151055.21
2989.2 151113.94
2990.4 151172.66
2991.6 151231.49
2992.8 151290.32
2994.0 151349.15
2995.2 151408.12
2996.4 151466.95
2997.6 151525.78
2998.8 151584.62
3000.0 151643.45
3001.2 151702.28
3002.4 151761.13
3003.6 151819.96
3004.8 151878.8
3006.0 151937.63
3007.2 151996.7
3008.4 152055.53
3009.6 152114.61
3010.8 152173.33
3012.0 152232.16
3013.2 152290.88
3014.4 152349.71
3015.6 152408.32
3016.8 152467.27
3018.0 152526.1
3019.2 152584.94
3020.4 152643.77
3021.6 152702.49
3022.8 152761.57
3024.0 152820.4
3025.2 152878.88
3026.4 152937.71
3027.6 152996.79
3028.8 153055.61
3030.0 153114.58
3031.2 153173.06
3032.4 153231.89
3033.6 153290.73
3034.8 153349.55
3036.0 153408.52
3037.2 153467.24
3038.4 153526.07
3039.6 153584.67
3040.8 153643.49
3042.0 153702.34
3043.2 153761.18
3044.4 153820.01
3045.6 153878.96
3046.8 153937.79
3048.0 153996.64
3049.2 154055.46
3050.4 154114.3
3051.6 154173.26
3052.8 154232.09
3054.0 154290.94
3055.2 154349.76
3056.4 154408.84
3057.6 154467.68
3058.8 154526.51
3060.0 154585.35
3061.2 154644.17
3062.4 154702.9
3063.6 154761.85
3064.8 154820.68
3066.0 154879.89
3067.2 154938.71
3068.4 154997.43
3069.6 155056.25
3070.8 155114.98
3072.0 155174.29
3073.2 155233.12
3074.4 155291.97
3075.6 155350.79
3076.8 155409.4
3078.0 155468.11
3079.2 155526.94
3080.4 155586.14
3081.6 155644.96
3082.8 155703.81
3084.0 155762.77
3085.2 155821.6
3086.4 155880.08
3087.6 155938.91
3088.8 155997.75
3090.0 156056.57
3091.2 156115.3
3092.4 156174.25
3093.6 156233.08
3094.8 156292.05
3096.0 156350.87
3097.2 156409.48
3098.4 156468.2
3099.6 156527.03
3100.8 156585.86
3102.0 156644.69
3103.2 156703.66
3104.4 156762.38
3105.6 156821.21
3106.8 156879.81
3108.0 156938.64
3109.2 156997.48
3110.4 157056.3
3111.6 157115.27
3112.8 157174.1
3114.0 157232.93
3115.2 157291.77
3116.4 157350.6
3117.6 157409.45
3118.8 157468.4
3120.0 157527.23
3121.2 157586.07
3122.4 157644.9
3123.6 157703.86
3124.8 157762.58
3126.0 157821.41
3127.2 157880.6
3128.4 157939.43
3129.6 157998.15
3130.8 158056.98
3132.0 158115.83
3133.2 158174.43
3134.4 158233.26
3135.6 158291.62
3136.8 158350.45
3138.0 158409.29
3139.2 158468.25
3140.4 158527.08
3141.6 158585.92
3142.8 158644.75
3144.0 158703.59
3145.2 158762.56
3146.4 158821.39
3147.6 158880.47
3148.8 158939.3
3150.0 158998.02
3151.2 159056.85
3152.4 159115.57
3153.6 159174.31
3154.8 159233.14
3156.0 159292.1
3157.2 159350.93
3158.4 159410.01
3159.6 159468.98
3160.8 159527.8
3162.0 159586.65
3163.2 159645.48
3164.4 159704.2
3165.6 159763.05
3166.8 159821.88
3168.0 159880.49
3169.2 159939.31
3170.4 159998.28
3171.6 160057.11
3172.8 160116.08
3174.0 160175.05
3175.2 160233.87
3176.4 160293.07
3177.6 160351.89
3178.8 160410.98
3180.0 160469.59
3181.2 160528.42
3182.4 160587.39
3183.6 160646.21
3184.8 160704.94
3186.0 160763.67
3187.2 160822.5
3188.4 160881.46
3189.6 160940.29
3190.8 160999.38
3192.0 161058.2
3193.2 161117.05
3194.4 161175.77
3195.6 161234.6
3196.8 161293.45
3198.0 161352.27
3199.2 161411.01
3200.4 161469.85
3201.6 161528.68
3202.8 161587.4
3204.0 161646.23
3205.2 161705.2
3206.4 161763.93
3207.6 161822.76
3208.8 161881.6
3210.0 161940.43
3211.2 161999.28
3212.4 162058.1
3213.6 162116.84
3214.8 162175.8
3216.0 162234.63
3217.2 162293.59
3218.4 162352.42
3219.6 162411.03
3220.8 162469.99
3222.0 162528.82
3223.2 162587.67
3224.4 162646.5
3225.6 162705.58
3226.8 162764.55
3228.0 162823.38
3229.2 162882.1
3230.4 162940.93
3231.6 162999.77
3232.8 163058.6
3234.0 163117.45
3235.2 163176.41
3236.4 163235.24
3237.6 163294.09
3238.8 163352.92
3240.0 163411.52
3241.2 163470.26
3242.4 163529.09
3243.6 163587.93
3244.8 163646.76
3246.0 163705.6
3247.2 163764.69
3248.4 163823.52
3249.6 163882.6
3250.8 163941.43
3252.0 164000.03
3253.2 164058.86
3254.4 164117.7
3255.6 164176.44
3256.8 164235.27
3258.0 164294.11
3259.2 164352.94
3260.4 164411.78
3261.6 164470.75
3262.8 164529.58
3264.0 164588.07
3265.2 164646.9
3266.4 164705.39
3267.6 164764.24
3268.8 164823.07
3270.0 164881.91
3271.2 164940.74
3272.4 164999.58
3273.6 165058.41
3274.8 165117.03
3276.0 165175.64
3277.2 165234.47
3278.4 165293.19
3279.6 165352.02
3280.8 165411.23
3282.0 165470.07
3283.2 165528.9
3284.4 165587.86
3285.6 165646.69
3286.8 165705.43
3288.0 165764.27
3289.2 165823.1
3290.4 165881.94
3291.6 165940.77
3292.8 165999.86
3294.0 166058.68
3295.2 166117.54
3296.4 166176.14
3297.6 166234.97
3298.8 166293.81
3300.0 166352.64
3301.2 166411.62
3302.4 166470.46
3303.6 166529.29
3304.8 166588.49
3306.0 166647.32
3307.2 166706.29
3308.4 166765.13
3309.6 166823.96
3310.8 166882.92
3312.0 166941.75
3313.2 167000.6
3314.4 167059.42
3315.6 167117.92
3316.8 167177.11
3318.0 167235.94
3319.2 167294.9
3320.4 167353.73
3321.6 167412.59
3322.8 167471.55
3324.0 167530.38
3325.2 167589.1
3326.4 167647.93
3327.6 167706.9
3328.8 167765.74
3330.0 167824.57
3331.2 167883.29
3332.4 167942.12
3333.6 168000.97
3334.8 168059.8
3336.0 168118.64
3337.2 168177.72
3338.4 168236.55
3339.6 168295.15
3340.8 168353.98
3342.0 168412.7
3343.2 168471.54
3344.4 168530.37
3345.6 168588.62
3346.8 168647.45
3348.0 168706.4
3349.2 168765.01
3350.4 168823.84
3351.6 168882.68
3352.8 168941.51
3354.0 169000.34
3355.2 169059.17
3356.4 169118.72
3357.6 169177.57
3358.8 169236.4
3360.0 169295.12
3361.2 169353.95
3362.4 169412.78
3363.6 169471.63
3364.8 169530.46
3366.0 169589.41
3367.2 169648.24
3368.4 169706.61
3369.6 169765.33
3370.8 169824.15
3372.0 169883.0
3373.2 169941.83
3374.4 170000.67
3375.6 170059.5
3376.8 170118.33
3378.0 170177.18
3379.2 170236.0
3380.4 170295.08
3381.6 170353.91
3382.8 170412.99
3384.0 170471.82
3385.2 170530.65
3386.4 170589.74
3387.6 170648.56
3388.8 170707.28
3390.0 170766.24
3391.2 170825.07
3392.4 170883.91
3393.6 170942.73
3394.8 171001.34
3396.0 171060.16
3397.2 171118.66
3398.4 171177.26
3399.6 171236.09
3400.8 171294.81
3402.0 171353.63
3403.2 171412.25
3404.4 171471.08
3405.6 171529.91
3406.8 171588.64
3408.0 171647.47
3409.2 171706.79
3410.4 171765.51
3411.6 171824.34
3412.8 171883.3
3414.0 171942.13
3415.2 172000.75
3416.4 172059.57
3417.6 172118.31
3418.8 172177.03
3420.0 172235.86
3421.2 172294.47
3422.4 172353.3
3423.6 172412.15
3424.8 172470.88
3426.0 172529.71
3427.2 172588.91
3428.4 172647.74
3429.6 172706.46
3430.8 172765.2
3432.0 172824.03
3433.2 172882.88
3434.4 172941.71
3435.6 173000.55
3436.8 173059.38
3438.0 173118.58
3439.2 173177.55
3440.4 173236.38
3441.6 173295.46
3442.8 173354.29
3444.0 173413.14
3445.2 173471.99
3446.4 173530.82
3447.6 173589.78
3448.8 173648.61
3450.0 173707.46
3451.2 173766.54
3452.4 173825.37
3453.6 173884.22
3454.8 173943.05
3456.0 174002.01
3457.2 174060.84
3458.4 174119.8
3459.6 174178.65
3460.8 174237.47
3462.0 174296.44
3463.2 174355.27
3464.4 174414.0
3465.6 174472.96
3466.8 174531.79
3468.0 174590.28
3469.2 174649.11
3470.4 174708.31
3471.6 174767.39
3472.8 174826.22
3474.0 174884.95
3475.2 174943.77
3476.4 175002.62
3477.6 175061.45
3478.8 175120.3
3480.0 175178.91
3481.2 175237.73
3482.4 175296.46
3483.6 175355.29
3484.8 175414.37
3486.0 175473.22
3487.2 175532.05
3488.4 175590.9
3489.6 175649.72
3490.8 175708.57
3492.0 175767.29
3493.2 175826.12
3494.4 175884.86
3495.6 175943.68
3496.8 176002.65
3498.0 176061.48
3499.2 176120.44
3500.4 176179.53
3501.6 176238.35
3502.8 176297.31
3504.0 176356.13
3505.2 176414.99
3506.4 176473.71
3507.6 176532.54
3508.8 176591.74
3510.0 176650.56
3511.2 176709.28
3512.4 176768.0
3513.6 176826.83
3514.8 176885.09
3516.0 176943.91
3517.2 177002.99
3518.4 177061.82
3519.6 177120.42
3520.8 177179.5
3522.0 177238.32
3523.2 177297.17
3524.4 177356.0
3525.6 177414.6
3526.8 177473.31
3528.0 177532.14
3529.2 177590.99
3530.4 177649.81
3531.6 177708.54
3532.8 177767.37
3534.0 177826.2
3535.2 177885.17
3536.4 177943.99
3537.6 178002.84
3538.8 178061.67
3540.0 178120.5
3541.2 178179.11
3542.4 178237.93
3543.6 178296.54
3544.8 178355.36
3546.0 178414.33
3547.2 178473.16
3548.4 178531.99
3549.6 178590.84
3550.8 178649.66
3552.0 178708.51
3553.2 178767.46
3554.4 178826.29
3555.6 178885.49
3556.8 178944.31
3558.0 179003.16
3559.2 179061.98
3560.4 179120.94
3561.6 179179.9
3562.8 179238.73
3564.0 179297.57
3565.2 179356.39
3566.4 179415.12
3567.6 179474.08
3568.8 179532.91
3570.0 179591.75
3571.2 179650.57
3572.4 179709.54
3573.6 179768.37
3574.8 179827.2
3576.0 179885.58
3577.2 179944.4
3578.4 180003.12
3579.6 180061.95
3580.8 180120.67
3582.0 180179.64
3583.2 180238.46
3584.4 180297.42
3585.6 180356.25
3586.8 180414.85
3588.0 180473.82
3589.2 180532.64
3590.4 180591.49
3591.6 180650.32
3592.8 180709.04
3594.0 180767.75
3595.2 180826.58
3596.4 180885.67
3597.6 180944.5
3598.8 181003.22
3600.0 181062.05
3601.2 181120.77
3602.4 181179.5
3603.6 181238.33
3604.8 181297.29
3606.0 181356.12
3607.2 181415.31
3608.4 181473.93
3609.6 181532.76
3610.8 181591.24
3612.0 181650.07
3613.2 181708.91
3614.4 181767.76
3615.6 181826.59
3616.8 181885.79
3618.0 181944.62
3619.2 182003.34
3620.4 182062.17
3621.6 182121.14
3622.8 182180.11
3624.0 182238.94
3625.2 182297.78
3626.4 182356.61
3627.6 182415.58
3628.8 182474.3
3630.0 182533.13
3631.2 182591.86
3632.4 182650.69
3633.6 182709.66
3634.8 182768.5
3636.0 182827.33
3637.2 182886.3
3638.4 182945.12
3639.6 183003.97
3640.8 183062.8
3642.0 183121.88
3643.2 183180.85
3644.4 183239.67
3645.6 183298.41
3646.8 183357.24
3648.0 183415.96
3649.2 183475.05
3650.4 183533.87
3651.6 183592.84
3652.8 183651.67
3654.0 183710.39
3655.2 183769.36
3656.4 183828.19
3657.6 183887.04
3658.8 183945.87
3660.0 184004.95
3661.2 184063.78
3662.4 184122.39
3663.6 184181.11
3664.8 184239.94
3666.0 184298.91
3667.2 184357.74
3668.4 184416.47
3669.6 184475.31
3670.8 184534.14
3672.0 184593.1
3673.2 184651.93
3674.4 184710.9
3675.6 184769.63
3676.8 184828.46
3678.0 184887.3
3679.2 184946.13
3680.4 185005.1
3681.6 185063.92
3682.8 185122.77
3684.0 185181.61
3685.2 185240.44
3686.4 185299.28
3687.6 185358.11
3688.8 185417.08
3690.0 185475.93
3691.2 185534.76
3692.4 185593.6
3693.6 185652.43
3694.8 185711.4
3696.0 185770.0
3697.2 185828.83
3698.4 185887.79
3699.6 185946.62
3700.8 186005.35
3702.0 186064.17
3703.2 186123.02
3704.4 186181.74
3705.6 186240.57
3706.8 186299.3
3708.0 186358.12
3709.2 186416.85
3710.4 186475.8
3711.6 186534.63
3712.8 186592.89
3714.0 186651.71
3715.2 186710.32
3716.4 186769.04
3717.6 186827.87
3718.8 186886.13
3720.0 186944.95
3721.2 187003.56
3722.4 187062.38
3723.6 187121.23
3724.8 187179.96
3726.0 187238.79
3727.2 187297.52
3728.4 187356.34
3729.6 187414.96
3730.8 187473.81
3732.0 187532.64
3733.2 187591.61
3734.4 187650.43
3735.6 187709.17
3736.8 187768.0
3738.0 187825.9
3739.2 187884.76
3740.4 187943.58
3741.6 188002.44
3742.8 188061.27
3744.0 188120.24
3745.2 188179.21
3746.4 188238.04
3747.6 188297.02
3748.8 188355.84
3750.0 188414.94
3751.2 188473.43
3752.4 188532.26
3753.6 188591.72
3754.8 188650.54
3756.0 188709.52
3757.2 188768.61
3758.4 188827.44
3759.6 188886.89
3760.8 188945.71
3762.0 189004.69
3763.2 189063.52
3764.4 189122.25
3765.6 189180.87
3766.8 189239.69
3768.0 189297.95
3769.2 189356.77
3770.4 189415.63
3771.6 189474.24
3772.8 189533.07
3774.0 189591.92
3775.2 189650.74
3776.4 189709.6
3777.6 189769.51
3778.8 189828.34
3780.0 189887.08
3781.2 189945.9
3782.4 190004.87
3783.6 190063.69
3784.8 190122.66
3786.0 190181.51
3787.2 190240.34
3788.4 190298.83
3789.6 190357.65
3790.8 190416.62
3792.0 190475.58
3793.2 190534.41
3794.4 190593.15
3795.6 190651.97
3796.8 190710.82
3798.0 190769.66
3799.2 190828.49
3800.4 190887.21
3801.6 190946.04
3802.8 191005.01
3804.0 191063.83
3805.2 191122.45
3806.4 191181.65
3807.6 191240.48
3808.8 191300.16
3810.0 191358.98
3811.2 191417.95
3812.4 191476.43
3813.6 191535.26
3814.8 191594.23
3816.0 191653.05
3817.2 191711.66
3818.4 191770.37
3819.6 191829.2
3820.8 191888.16
3822.0 191946.99
3823.2 192005.71
3824.4 192064.53
3825.6 192123.38
3826.8 192182.22
3828.0 192241.05
3829.2 192300.13
3830.4 192358.95
3831.6 192417.68
3832.8 192476.63
3834.0 192535.46
3835.2 192594.42
3836.4 192653.24
3837.6 192712.21
3838.8 192770.92
3840.0 192829.75
3841.2 192888.72
3842.4 192947.54
3843.6 193006.14
3844.8 193064.97
3846.0 193123.81
3847.2 193182.65
3848.4 193241.47
3849.6 193300.31
3850.8 193359.14
3852.0 193418.09
3853.2 193477.41
3854.4 193536.23
3855.6 193595.07
3856.8 193653.9
3858.0 193712.97
3859.2 193771.81
3860.4 193830.63
3861.6 193889.35
3862.8 193948.18
3864.0 194006.89
3865.2 194065.72
3866.4 194124.55
3867.6 194183.39
3868.8 194242.22
3870.0 194301.17
3871.2 194360.0
3872.4 194418.72
3873.6 194477.55
3874.8 194536.38
3876.0 194595.09
3877.2 194653.92
3878.4 194712.41
3879.6 194771.47
3880.8 194830.3
3882.0 194889.02
3883.2 194947.85
3884.4 195006.81
3885.6 195065.63
3886.8 195124.7
3888.0 195183.54
3889.2 195242.37
3890.4 195301.21
3891.6 195360.03
3892.8 195418.75
3894.0 195477.7
3895.2 195536.53
3896.4 195595.37
3897.6 195654.19
3898.8 195713.03
3900.0 195771.98
3901.2 195830.81
3902.4 195889.65
3903.6 195948.47
3904.8 196007.31
3906.0 196066.14
3907.2 196124.86
3908.4 196183.7
3909.6 196242.52
3910.8 196301.24
3912.0 196360.07
3913.2 196419.02
3914.4 196477.75
3915.6 196536.57
3916.8 196595.41
3918.0 196654.24
3919.2 196713.31
3920.4 196771.79
3921.6 196830.62
3922.8 196889.47
3924.0 196948.3
3925.2 197007.25
3926.4 197066.08
3927.6 197124.92
3928.8 197183.64
3930.0 197242.47
3931.2 197301.19
3932.4 197360.02
3933.6 197418.86
3934.8 197477.71
3936.0 197536.53
3937.2 197595.14
3938.4 197653.97
3939.6 197712.92
3940.8 197771.89
3942.0 197830.71
3943.2 197889.55
3944.4 197948.38
3945.6 198007.34
3946.8 198066.17
3948.0 198125.12
3949.2 198183.85
3950.4 198242.68
3951.6 198301.52
3952.8 198360.35
3954.0 198419.3
3955.2 198478.39
3956.4 198537.22
3957.6 198596.17
3958.8 198655.0
3960.0 198713.96
3961.2 198773.16
3962.4 198831.99
3963.6 198890.94
3964.8 198949.77
3966.0 199008.61
3967.2 199067.44
3968.4 199126.29
3969.6 199185.12
3970.8 199243.95
3972.0 199302.79
3973.2 199361.62
3974.4 199420.46
3975.6 199478.95
3976.8 199537.78
3978.0 199596.73
3979.2 199655.56
3980.4 199714.28
3981.6 199773.12
3982.8 199831.95
3984.0 199890.91
3985.2 199949.74
3986.4 200008.58
3987.6 200067.41
3988.8 200126.13
3990.0 200184.85
3991.2 200243.68
3992.4 200302.64
3993.6 200361.47
3994.8 200420.31
3996.0 200479.15
3997.2 200537.98
3998.4 200596.82
3999.6 200655.65
