0.0 1256.0
1.2 1315.99
2.4 1375.97
3.6 1435.94
4.8 1495.9
6.0 1555.85
7.2 1615.8
8.4 1675.74
9.6 1735.68
10.8 1795.61
12.0 1855.54
13.2 1915.47
14.4 1975.4
15.6 2035.32
16.8 2095.25
18.0 2155.17
19.2 2215.1
20.4 2275.02
21.6 2334.94
22.8 2394.86
24.0 2454.78
25.2 2514.71
26.4 2574.63
27.6 2634.55
28.8 2694.47
30.0 2754.39
31.2 2814.31
32.4 2874.23
33.6 2934.15
34.8 2994.07
36.0 3053.99
37.2 3113.91
38.4 3173.83
39.6 3233.75
40.8 3293.67
42.0 3353.59
43.2 3413.51
44.4 3473.43
45.6 3533.35
46.8 3593.27
48.0 3653.19
49.2 3713.11
50.4 3773.03
51.6 3832.95
52.8 3892.87
54.0 3952.79
55.2 4012.71
56.4 4072.63
57.6 4132.55
58.8 4192.48
60.0 4252.4
61.2 4312.32
62.4 4372.24
63.6 4432.16
64.8 4492.08
66.0 4552.0
67.2 4611.92
68.4 4671.84
69.6 4731.76
70.8 4791.68
72.0 4851.6
73.2 4911.52
74.4 4971.44
75.6 5031.36
76.8 5091.28
78.0 5151.2
79.2 5211.12
80.4 5271.04
81.6 5330.96
82.8 5390.88
84.0 5450.8
85.2 5510.72
86.4 5570.64
87.6 5630.56
88.8 5690.48
90.0 5750.4
91.2 5810.32
92.4 5870.25
93.6 5930.17
94.8 5990.09
96.0 6050.01
97.2 6109.93
98.4 6169.85
99.6 6229.77
100.8 6289.69
102.0 6349.61
103.2 6409.53
104.4 6469.45
105.6 6529.37
106.8 6589.29
108.0 6649.21
109.2 6709.13
110.4 6769.05
111.6 6828.97
112.8 6888.89
114.0 6948.81
115.2 7008.73
116.4 7068.65
117.6 7128.57
118.8 7188.49
120.0 7248.41
121.2 7308.33
122.4 7368.25
123.6 7428.17
124.8 7488.09
126.0 7548.01
127.2 7607.93
128.4 7667.85
129.6 7727.77
130.8 7787.69
132.0 7847.62
133.2 7907.54
134.4 7967.46
135.6 8027.38
136.8 8087.3
138.0 8147.22
139.2 8207.14
140.4 8267.06
141.6 8326.98
142.8 8386.9
144.0 8446.82
145.2 8506.74
146.4 8566.66
147.6 8626.58
148.8 8686.5
150.0 8746.42
151.2 8806.34
152.4 8866.26
153.6 8926.18
154.8 8986.1
156.0 9046.02
157.2 9105.94
158.4 9165.86
159.6 9225.78
160.8 9285.7
162.0 9345.62
163.2 9405.54
164.4 9465.46
165.6 9525.38
166.8 9585.31
168.0 9645.23
169.2 9705.15
170.4 9765.07
171.6 9824.99
172.8 9884.91
174.0 9944.83
175.2 10004.75
176.4 10064.67
177.6 10124.59
178.8 10184.51
180.0 10244.43
181.2 10304.35
182.4 10364.27
183.6 10424.19
184.8 10484.11
186.0 10544.03
187.2 10603.95
188.4 10663.87
189.6 10723.79
190.8 10783.71
192.0 10843.63
193.2 10903.55
194.4 10963.47
195.6 11023.39
196.8 11083.31
198.0 11143.23
199.2 11203.16
200.4 11263.08
201.6 11323.0
202.8 11382.92
204.0 11442.84
205.2 11502.76
206.4 11562.68
207.6 11622.6
208.8 11682.52
210.0 11742.44
211.2 11802.36
212.4 11862.28
213.6 11922.2
214.8 11982.12
216.0 12042.04
217.2 12101.96
218.4 12161.88
219.6 12221.8
220.8 12281.72
222.0 12341.64
223.2 12401.56
224.4 12461.48
225.6 12521.4
226.8 12581.32
228.0 12641.24
229.2 12701.16
230.4 12761.08
231.6 12821.01
232.8 12880.93
234.0 12940.85
235.2 13000.77
236.4 13060.69
237.6 13120.61
238.8 13180.53
240.0 13240.45
241.2 13300.37
242.4 13360.29
243.6 13420.21
244.8 13480.13
246.0 13540.05
247.2 13599.97
248.4 13659.89
249.6 13719.81
250.8 13779.73
252.0 13839.65
253.2 13899.57
254.4 13959.49
255.6 14019.41
256.8 14079.33
258.0 14139.26
259.2 14199.18
260.4 14259.1
261.6 14319.02
262.8 14378.94
264.0 14438.86
265.2 14498.78
266.4 14558.7
267.6 14618.62
268.8 14678.54
270.0 14738.46
271.2 14798.38
272.4 14858.3
273.6 14918.22
274.8 14978.14
276.0 15038.06
277.2 15097.98
278.4 15157.9
279.6 15217.82
280.8 15277.74
282.0 15337.66
283.2 15397.58
284.4 15457.51
285.6 15517.43
286.8 15577.35
288.0 15637.27
289.2 15697.19
290.4 15757.11
291.6 15817.03
292.8 15876.95
294.0 15936.87
295.2 15996.79
296.4 16056.71
297.6 16116.63
298.8 16176.55
300.0 16236.47
301.2 16296.39
302.4 16356.31
303.6 16416.23
304.8 16476.15
306.0 16536.07
307.2 16595.99
308.4 16655.91
309.6 16715.83
310.8 16775.75
312.0 16835.67
313.2 16895.59
314.4 16955.51
315.6 17015.43
316.8 17075.35
318.0 17135.28
319.2 17195.2
320.4 17255.12
321.6 17315.04
322.8 17374.96
324.0 17434.88
325.2 17494.8
326.4 17554.72
327.6 17614.64
328.8 17674.56
330.0 17734.48
331.2 17794.4
332.4 17854.32
333.6 17914.24
334.8 17974.16
336.0 18034.08
337.2 18094.0
338.4 18153.92
339.6 18213.84
340.8 18273.76
342.0 18333.68
343.2 18393.6
344.4 18453.52
345.6 18513.44
346.8 18573.36
348.0 18633.28
349.2 18693.21
350.4 18753.13
351.6 18813.05
352.8 18872.97
354.0 18932.89
355.2 18992.81
356.4 19052.73
357.6 19112.65
358.8 19172.57
360.0 19232.49
361.2 19292.41
362.4 19352.33
363.6 19412.25
364.8 19472.17
366.0 19532.09
367.2 19592.01
368.4 19651.93
369.6 19711.85
370.8 19771.77
372.0 19831.69
373.2 19891.61
374.4 19951.53
375.6 20011.46
376.8 20071.38
378.0 20131.3
379.2 20191.22
380.4 20251.14
381.6 20311.06
382.8 20370.98
384.0 20430.9
385.2 20490.82
386.4 20550.74
387.6 20610.66
388.8 20670.58
390.0 20730.5
391.2 20790.42
392.4 20850.34
393.6 20910.26
394.8 20970.18
396.0 21030.1
397.2 21090.02
398.4 21149.94
399.6 21209.86
400.8 21269.78
402.0 21329.7
403.2 21389.62
404.4 21449.55
405.6 21509.47
406.8 21569.39
408.0 21629.31
409.2 21689.23
410.4 21749.15
411.6 21809.07
412.8 21868.99
414.0 21928.91
415.2 21988.83
416.4 22048.75
417.6 22108.67
418.8 22168.59
420.0 22228.51
421.2 22288.43
422.4 22348.35
423.6 22408.27
424.8 22468.19
426.0 22528.11
427.2 22588.03
428.4 22647.95
429.6 22707.87
430.8 22767.79
432.0 22827.71
433.2 22887.63
434.4 22947.55
435.6 23007.48
436.8 23067.4
438.0 23127.32
439.2 23187.24
440.4 23247.16
441.6 23307.08
442.8 23367.0
444.0 23426.92
445.2 23486.84
446.4 23546.76
447.6 23606.68
448.8 23666.6
450.0 23726.52
451.2 23786.44
452.4 23846.36
453.6 23906.28
454.8 23966.2
456.0 24026.12
457.2 24086.04
458.4 24145.96
459.6 24205.88
460.8 24265.81
462.0 24325.73
463.2 24385.65
464.4 24445.57
465.6 24505.49
466.8 24565.41
468.0 24625.33
469.2 24685.25
470.4 24745.17
471.6 24805.09
472.8 24865.01
474.0 24924.93
475.2 24984.85
476.4 25044.77
477.6 25104.69
478.8 25164.61
480.0 25224.53
481.2 25284.45
482.4 25344.37
483.6 25404.29
484.8 25464.21
486.0 25524.14
487.2 25584.06
488.4 25643.98
489.6 25703.9
490.8 25763.82
492.0 25823.74
493.2 25883.66
494.4 25943.58
495.6 26003.5
496.8 26063.42
498.0 26123.34
499.2 26183.26
500.4 26243.18
501.6 26303.1
502.8 26363.02
504.0 26422.94
505.2 26482.86
506.4 26542.78
507.6 26602.7
508.8 26662.62
510.0 26722.54
511.2 26782.47
512.4 26842.39
513.6 26902.31
514.8 26962.23
516.0 27022.15
517.2 27082.07
518.4 27141.99
519.6 27201.91
520.8 27261.83
522.0 27321.75
523.2 27381.67
524.4 27441.59
525.6 27501.51
526.8 27561.43
528.0 27621.35
529.2 27681.27
530.4 27741.19
531.6 27801.11
532.8 27861.03
534.0 27920.95
535.2 27980.87
536.4 28040.79
537.6 28100.71
538.8 28160.64
540.0 28220.56
541.2 28280.48
542.4 28340.4
543.6 28400.32
544.8 28460.24
546.0 28520.16
547.2 28580.08
548.4 28640.0
549.6 28699.92
550.8 28759.84
552.0 28819.76
553.2 28879.68
554.4 28939.6
555.6 28999.52
556.8 29059.44
558.0 29119.36
559.2 29179.28
560.4 29239.2
561.6 29299.12
562.8 29359.04
564.0 29418.96
565.2 29478.88
566.4 29538.81
567.6 29598.73
568.8 29658.65
570.0 29718.57
571.2 29778.49
572.4 29838.41
573.6 29898.33
574.8 29958.25
576.0 30018.17
577.2 30078.09
578.4 30138.01
579.6 30197.93
580.8 30257.85
582.0 30317.77
583.2 30377.69
584.4 30437.61
585.6 30497.53
586.8 30557.45
588.0 30617.37
589.2 30677.29
590.4 30737.21
591.6 30797.13
592.8 30857.05
594.0 30916.97
595.2 30976.9
596.4 31036.82
597.6 31096.74
598.8 31156.66
600.0 31216.58
601.2 31276.5
602.4 31336.42
603.6 31396.34
604.8 31456.26
606.0 31516.18
607.2 31576.1
608.4 31636.02
609.6 31695.94
610.8 31755.86
612.0 31815.78
613.2 31875.7
614.4 31935.62
615.6 31995.54
616.8 32055.46
618.0 32115.38
619.2 32175.3
620.4 32235.22
621.6 32295.15
622.8 32355.07
624.0 32414.99
625.2 32474.91
626.4 32534.83
627.6 32594.75
628.8 32654.67
630.0 32714.59
631.2 32774.51
632.4 32834.43
633.6 32894.35
634.8 32954.27
636.0 33014.19
637.2 33074.11
638.4 33134.03
639.6 33193.95
640.8 33253.87
642.0 33313.79
643.2 33373.71
644.4 33433.63
645.6 33493.55
646.8 33553.47
648.0 33613.39
649.2 33673.32
650.4 33733.24
651.6 33793.16
652.8 33853.08
654.0 33913.0
655.2 33972.92
656.4 34032.84
657.6 34092.76
658.8 34152.68
660.0 34212.6
661.2 34272.52
662.4 34332.44
663.6 34392.36
664.8 34452.28
666.0 34512.2
667.2 34572.12
668.4 34632.04
669.6 34691.96
670.8 34751.88
672.0 34811.8
673.2 34871.72
674.4 34931.64
675.6 34991.56
676.8 35051.48
678.0 35111.4
679.2 35171.32
680.4 35231.24
681.6 35291.17
682.8 35351.09
684.0 35411.01
685.2 35470.93
686.4 35530.85
687.6 35590.77
688.8 35650.69
690.0 35710.61
691.2 35770.53
692.4 35830.45
693.6 35890.37
694.8 35950.29
696.0 36010.21
697.2 36070.13
698.4 36130.05
699.6 36189.97
700.8 36249.89
702.0 36309.81
703.2 36369.73
704.4 36429.65
705.6 36489.57
706.8 36549.49
708.0 36609.42
709.2 36669.34
710.4 36729.26
711.6 36789.18
712.8 36849.1
714.0 36909.02
715.2 36968.94
716.4 37028.86
717.6 37088.78
718.8 37148.7
720.0 37208.62
721.2 37268.54
722.4 37328.46
723.6 37388.38
724.8 37448.3
726.0 37508.22
727.2 37568.14
728.4 37628.06
729.6 37687.98
730.8 37747.9
732.0 37807.82
733.2 37867.74
734.4 37927.66
735.6 37987.59
736.8 38047.51
738.0 38107.43
739.2 38167.35
740.4 38227.27
741.6 38287.19
742.8 38347.11
744.0 38407.03
745.2 38466.95
746.4 38526.87
747.6 38586.79
748.8 38646.71
750.0 38706.63
751.2 38766.55
752.4 38826.47
753.6 38886.39
754.8 38946.31
756.0 39006.23
757.2 39066.15
758.4 39126.07
759.6 39185.99
760.8 39245.91
762.0 39305.83
763.2 39365.76
764.4 39425.68
765.6 39485.6
766.8 39545.52
768.0 39605.44
769.2 39665.36
770.4 39725.28
771.6 39785.2
772.8 39845.12
774.0 39905.04
775.2 39964.96
776.4 40024.88
777.6 40084.8
778.8 40144.72
780.0 40204.64
781.2 40264.56
782.4 40324.48
783.6 40384.4
784.8 40444.32
786.0 40504.24
787.2 40564.16
788.4 40624.08
789.6 40684.01
790.8 40743.93
792.0 40803.85
793.2 40863.77
794.4 40923.69
795.6 40983.61
796.8 41043.53
798.0 41103.45
799.2 41163.37
800.4 41223.29
801.6 41283.21
802.8 41343.13
804.0 41403.05
805.2 41462.97
806.4 41522.89
807.6 41582.81
808.8 41642.73
810.0 41702.65
811.2 41762.57
812.4 41822.49
813.6 41882.41
814.8 41942.33
816.0 42002.25
817.2 42062.18
818.4 42122.1
819.6 42182.02
820.8 42241.94
822.0 42301.86
823.2 42361.78
824.4 42421.7
825.6 42481.62
826.8 42541.54
828.0 42601.46
829.2 42661.38
830.4 42721.3
831.6 42781.22
832.8 42841.14
834.0 42901.06
835.2 42960.98
836.4 43020.9
837.6 43080.82
838.8 43140.74
840.0 43200.66
841.2 43260.58
842.4 43320.5
843.6 43380.42
844.8 43440.34
846.0 43500.26
847.2 43560.19
848.4 43620.11
849.6 43680.03
850.8 43739.95
852.0 43799.87
853.2 43859.79
854.4 43919.71
855.6 43979.63
856.8 44039.55
858.0 44099.47
859.2 44159.39
860.4 44219.31
861.6 44279.23
862.8 44339.15
864.0 44399.07
865.2 44458.99
866.4 44518.91
867.6 44578.83
868.8 44638.75
870.0 44698.67
871.2 44758.59
872.4 44818.51
873.6 44878.43
874.8 44938.35
876.0 44998.27
877.2 45058.19
878.4 45118.12
879.6 45178.04
880.8 45237.96
882.0 45297.88
883.2 45357.8
884.4 45417.72
885.6 45477.64
886.8 45537.56
888.0 45597.48
889.2 45657.4
890.4 45717.32
891.6 45777.24
892.8 45837.16
894.0 45897.08
895.2 45957.0
896.4 46016.92
897.6 46076.84
898.8 46136.76
900.0 46196.68
901.2 46256.6
902.4 46316.52
903.6 46376.44
904.8 46436.36
906.0 46496.28
907.2 46556.2
908.4 46616.12
909.6 46676.04
910.8 46735.97
912.0 46795.89
913.2 46855.81
914.4 46915.73
915.6 46975.65
916.8 47035.57
918.0 47095.49
919.2 47155.41
920.4 47215.33
921.6 47275.25
922.8 47335.17
924.0 47395.09
925.2 47455.01
926.4 47514.93
927.6 47574.85
928.8 47634.77
930.0 47694.69
931.2 47754.61
932.4 47814.53
933.6 47874.45
934.8 47934.37
936.0 47994.29
937.2 48054.21
938.4 48114.13
939.6 48174.05
940.8 48233.97
942.0 48293.89
943.2 48353.82
944.4 48413.74
945.6 48473.66
946.8 48533.58
948.0 48593.5
949.2 48653.42
950.4 48713.34
951.6 48773.26
952.8 48833.18
954.0 48893.1
955.2 48953.02
956.4 49012.94
957.6 49072.86
958.8 49132.78
960.0 49192.7
961.2 49252.62
962.4 49312.54
963.6 49372.46
964.8 49432.38
966.0 49492.3
967.2 49552.22
968.4 49612.14
969.6 49672.06
970.8 49731.98
972.0 49791.9
973.2 49851.82
974.4 49911.74
975.6 49971.66
976.8 50031.58
978.0 50091.5
979.2 50151.43
980.4 50211.35
981.6 50271.27
982.8 50331.19
984.0 50391.11
985.2 50451.03
986.4 50510.95
987.6 50570.87
988.8 50630.79
990.0 50690.71
991.2 50750.63
992.4 50810.55
993.6 50870.47
994.8 50930.39
996.0 50990.31
997.2 51050.23
998.4 51110.15
999.6 51170.07
1000.8 51229.99
1002.0 51289.91
1003.2 51349.83
1004.4 51409.75
1005.6 51469.67
1006.8 51529.59
1008.0 51589.51
1009.2 51649.43
1010.4 51709.35
1011.6 51769.27
1012.8 51829.19
1014.0 51889.11
1015.2 51949.03
1016.4 52008.96
1017.6 52068.88
1018.8 52128.8
1020.0 52188.72
1021.2 52248.64
1022.4 52308.56
1023.6 52368.48
1024.8 52428.4
1026.0 52488.32
1027.2 52548.24
1028.4 52608.16
1029.6 52668.08
1030.8 52728.0
1032.0 52787.92
1033.2 52847.84
1034.4 52907.76
1035.6 52967.68
1036.8 53027.6
1038.0 53087.52
1039.2 53147.44
1040.4 53207.36
1041.6 53267.28
1042.8 53327.2
1044.0 53387.12
1045.2 53447.04
1046.4 53506.96
1047.6 53566.88
1048.8 53626.81
1050.0 53686.73
1051.2 53746.65
1052.4 53806.57
1053.6 53866.49
1054.8 53926.41
1056.0 53986.33
1057.2 54046.25
1058.4 54106.17
1059.6 54166.09
1060.8 54226.01
1062.0 54285.93
1063.2 54345.85
1064.4 54405.77
1065.6 54465.69
1066.8 54525.61
1068.0 54585.53
1069.2 54645.45
1070.4 54705.37
1071.6 54765.29
1072.8 54825.21
1074.0 54885.13
1075.2 54945.05
1076.4 55004.97
1077.6 55064.9
1078.8 55124.82
1080.0 55184.74
1081.2 55244.66
1082.4 55304.58
1083.6 55364.5
1084.8 55424.42
1086.0 55484.34
1087.2 55544.26
1088.4 55604.18
1089.6 55664.1
1090.8 55724.02
1092.0 55783.94
1093.2 55843.86
1094.4 55903.78
1095.6 55963.7
1096.8 56023.62
1098.0 56083.54
1099.2 56143.46
1100.4 56203.38
1101.6 56263.3
1102.8 56323.22
1104.0 56383.14
1105.2 56443.06
1106.4 56502.99
1107.6 56562.91
1108.8 56622.83
1110.0 56682.75
1111.2 56742.67
1112.4 56802.59
1113.6 56862.51
1114.8 56922.43
1116.0 56982.35
1117.2 57042.27
1118.4 57102.19
1119.6 57162.11
1120.8 57222.03
1122.0 57281.95
1123.2 57341.87
1124.4 57401.79
1125.6 57461.71
1126.8 57521.63
1128.0 57581.55
1129.2 57641.47
1130.4 57701.39
1131.6 57761.31
1132.8 57821.23
1134.0 57881.15
1135.2 57941.07
1136.4 58001.0
1137.6 58060.92
1138.8 58120.84
1140.0 58180.76
1141.2 58240.68
1142.4 58300.6
1143.6 58360.52
1144.8 58420.44
1146.0 58480.36
1147.2 58540.28
1148.4 58600.2
1149.6 58660.12
1150.8 58720.04
1152.0 58779.96
1153.2 58839.88
1154.4 58899.8
1155.6 58959.72
1156.8 59019.64
1158.0 59079.56
1159.2 59139.48
1160.4 59199.4
1161.6 59259.32
1162.8 59319.24
1164.0 59379.16
1165.2 59439.08
1166.4 59499.0
1167.6 59558.93
1168.8 59618.85
1170.0 59678.77
1171.2 59738.69
1172.4 59798.61
1173.6 59858.53
1174.8 59918.45
1176.0 59978.37
1177.2 60038.29
1178.4 60098.21
1179.6 60158.13
1180.8 60218.05
1182.0 60277.97
1183.2 60337.89
1184.4 60397.81
1185.6 60457.73
1186.8 60517.65
1188.0 60577.57
1189.2 60637.49
1190.4 60697.41
1191.6 60757.33
1192.8 60817.25
1194.0 60877.17
1195.2 60937.1
1196.4 60997.02
1197.6 61056.94
1198.8 61116.86
1200.0 61176.78
1201.2 61236.7
1202.4 61296.62
1203.6 61356.54
1204.8 61416.46
1206.0 61476.38
1207.2 61536.3
1208.4 61596.22
1209.6 61656.14
1210.8 61716.06
1212.0 61775.98
1213.2 61835.9
1214.4 61895.82
1215.6 61955.74
1216.8 62015.66
1218.0 62075.58
1219.2 62135.5
1220.4 62195.42
1221.6 62255.34
1222.8 62315.26
1224.0 62375.18
1225.2 62435.11
1226.4 62495.03
1227.6 62554.95
1228.8 62614.87
1230.0 62674.79
1231.2 62734.71
1232.4 62794.63
1233.6 62854.55
1234.8 62914.47
1236.0 62974.39
1237.2 63034.31
1238.4 63094.23
1239.6 63154.15
1240.8 63214.07
1242.0 63273.99
1243.2 63333.91
1244.4 63393.83
1245.6 63453.75
1246.8 63513.67
1248.0 63573.59
1249.2 63633.51
1250.4 63693.43
1251.6 63753.35
1252.8 63813.27
1254.0 63873.2
1255.2 63933.12
1256.4 63993.04
1257.6 64052.96
1258.8 64112.88
1260.0 64172.8
1261.2 64232.72
1262.4 64292.64
1263.6 64352.56
1264.8 64412.48
1266.0 64472.4
1267.2 64532.32
1268.4 64592.24
1269.6 64652.16
1270.8 64712.08
1272.0 64772.0
1273.2 64831.92
1274.4 64891.84
1275.6 64951.76
1276.8 65011.68
1278.0 65071.6
1279.2 65131.53
1280.4 65191.45
1281.6 65251.37
1282.8 65311.29
1284.0 65371.21
1285.2 65431.13
1286.4 65491.05
1287.6 65550.97
1288.8 65610.89
1290.0 65670.81
1291.2 65730.73
1292.4 65790.65
1293.6 65850.57
1294.8 65910.49
1296.0 65970.41
1297.2 66030.33
1298.4 66090.25
1299.6 66150.17
1300.8 66210.09
1302.0 66270.01
1303.2 66329.93
1304.4 66389.85
1305.6 66449.78
1306.8 66509.7
1308.0 66569.62
1309.2 66629.54
1310.4 66689.46
1311.6 66749.38
1312.8 66809.3
1314.0 66869.22
1315.2 66929.14
1316.4 66989.06
1317.6 67048.98
1318.8 67108.9
1320.0 67168.82
1321.2 67228.74
1322.4 67288.66
1323.6 67348.58
1324.8 67408.5
1326.0 67468.42
1327.2 67528.34
1328.4 67588.26
1329.6 67648.18
1330.8 67708.1
1332.0 67768.03
1333.2 67827.95
1334.4 67887.87
1335.6 67947.79
1336.8 68007.71
1338.0 68067.63
1339.2 68127.55
1340.4 68187.47
1341.6 68247.39
1342.8 68307.31
1344.0 68367.23
1345.2 68427.15
1346.4 68487.07
1347.6 68546.99
1348.8 68606.91
1350.0 68666.83
1351.2 68726.75
1352.4 68786.67
1353.6 68846.59
1354.8 68906.51
1356.0 68966.43
1357.2 69026.35
1358.4 69086.27
1359.6 69146.2
1360.8 69206.12
1362.0 69266.04
1363.2 69325.96
1364.4 69385.88
1365.6 69445.8
1366.8 69505.72
1368.0 69565.64
1369.2 69625.56
1370.4 69685.48
1371.6 69745.4
1372.8 69805.32
1374.0 69865.24
1375.2 69925.16
1376.4 69985.08
1377.6 70045.0
1378.8 70104.92
1380.0 70164.84
1381.2 70224.76
1382.4 70284.68
1383.6 70344.6
1384.8 70404.52
1386.0 70464.44
1387.2 70524.36
1388.4 70584.28
1389.6 70644.21
1390.8 70704.13
1392.0 70764.05
1393.2 70823.97
1394.4 70883.89
1395.6 70943.81
1396.8 71003.73
1398.0 71063.65
1399.2 71123.57
1400.4 71183.49
1401.6 71243.41
1402.8 71303.33
1404.0 71363.25
1405.2 71423.17
1406.4 71483.09
1407.6 71543.01
1408.8 71602.93
1410.0 71662.85
1411.2 71722.77
1412.4 71782.69
1413.6 71842.61
1414.8 71902.53
1416.0 71962.45
1417.2 72022.37
1418.4 72082.29
1419.6 72142.22
1420.8 72202.14
1422.0 72262.06
1423.2 72321.98
1424.4 72381.9
1425.6 72441.82
1426.8 72501.74
1428.0 72561.66
1429.2 72621.58
1430.4 72681.5
1431.6 72741.42
1432.8 72801.34
1434.0 72861.26
1435.2 72921.18
1436.4 72981.1
1437.6 73041.02
1438.8 73100.94
1440.0 73160.86
1441.2 73220.78
1442.4 73280.7
1443.6 73340.62
1444.8 73400.54
1446.0 73460.46
1447.2 73520.39
1448.4 73580.31
1449.6 73640.23
1450.8 73700.15
1452.0 73760.07
1453.2 73819.99
1454.4 73879.91
1455.6 73939.83
1456.8 73999.75
1458.0 74059.67
1459.2 74119.59
1460.4 74179.51
1461.6 74239.43
1462.8 74299.35
1464.0 74359.27
1465.2 74419.19
1466.4 74479.11
1467.6 74539.03
1468.8 74598.95
1470.0 74658.87
1471.2 74718.79
1472.4 74778.71
1473.6 74838.63
1474.8 74898.56
1476.0 74958.48
1477.2 75018.4
1478.4 75078.32
1479.6 75138.24
1480.8 75198.16
1482.0 75258.08
1483.2 75318.0
1484.4 75377.92
1485.6 75437.84
1486.8 75497.76
1488.0 75557.68
1489.2 75617.6
1490.4 75677.52
1491.6 75737.44
1492.8 75797.36
1494.0 75857.28
1495.2 75917.2
1496.4 75977.12
1497.6 76037.04
1498.8 76096.96
1500.0 76156.88
1501.2 76216.8
1502.4 76276.72
1503.6 76336.65
1504.8 76396.57
1506.0 76456.49
1507.2 76516.41
1508.4 76576.33
1509.6 76636.25
1510.8 76696.17
1512.0 76756.09
1513.2 76816.01
1514.4 76875.93
1515.6 76935.85
1516.8 76995.77
1518.0 77055.69
1519.2 77115.61
1520.4 77175.53
1521.6 77235.45
1522.8 77295.37
1524.0 77355.29
1525.2 77415.21
1526.4 77475.13
1527.6 77535.05
1528.8 77594.97
1530.0 77654.89
1531.2 77714.82
1532.4 77774.74
1533.6 77834.66
1534.8 77894.58
1536.0 77954.5
1537.2 78014.42
1538.4 78074.34
1539.6 78134.26
1540.8 78194.18
1542.0 78254.1
1543.2 78314.02
1544.4 78373.94
1545.6 78433.86
1546.8 78493.78
1548.0 78553.7
1549.2 78613.62
1550.4 78673.54
1551.6 78733.46
1552.8 78793.38
1554.0 78853.3
1555.2 78913.22
1556.4 78973.14
1557.6 79033.06
1558.8 79092.99
1560.0 79152.91
1561.2 79212.83
1562.4 79272.75
1563.6 79332.67
1564.8 79392.59
1566.0 79452.51
1567.2 79512.43
1568.4 79572.35
1569.6 79632.27
1570.8 79692.19
1572.0 79752.11
1573.2 79812.03
1574.4 79871.95
1575.6 79931.87
1576.8 79991.79
1578.0 80051.71
1579.2 80111.63
1580.4 80171.55
1581.6 80231.47
1582.8 80291.39
1584.0 80351.31
1585.2 80411.23
1586.4 80471.15
1587.6 80531.07
1588.8 80590.99
1590.0 80650.92
1591.2 80710.84
1592.4 80770.76
1593.6 80830.68
1594.8 80890.6
1596.0 80950.52
1597.2 81010.44
1598.4 81070.36
1599.6 81130.28
1600.8 81190.2
1602.0 81250.12
1603.2 81310.04
1604.4 81369.96
1605.6 81429.88
1606.8 81489.8
1608.0 81549.72
1609.2 81609.64
1610.4 81669.56
1611.6 81729.48
1612.8 81789.4
1614.0 81849.32
1615.2 81909.24
1616.4 81969.16
1617.6 82029.08
1618.8 82089.0
1620.0 82148.92
1621.2 82208.85
1622.4 82268.77
1623.6 82328.69
1624.8 82388.61
1626.0 82448.53
1627.2 82508.45
1628.4 82568.37
1629.6 82628.29
1630.8 82688.21
1632.0 82748.13
1633.2 82808.05
1634.4 82867.97
1635.6 82927.89
1636.8 82987.81
1638.0 83047.73
1639.2 83107.65
1640.4 83167.57
1641.6 83227.49
1642.8 83287.41
1644.0 83347.33
1645.2 83407.25
1646.4 83467.17
1647.6 83527.09
1648.8 83587.02
1650.0 83646.94
1651.2 83706.86
1652.4 83766.78
1653.6 83826.7
1654.8 83886.62
1656.0 83946.54
1657.2 84006.46
1658.4 84066.38
1659.6 84126.3
1660.8 84186.22
1662.0 84246.14
1663.2 84306.06
1664.4 84365.98
1665.6 84425.9
1666.8 84485.82
1668.0 84545.74
1669.2 84605.66
1670.4 84665.58
1671.6 84725.5
1672.8 84785.42
1674.0 84845.34
1675.2 84905.26
1676.4 84965.19
1677.6 85025.11
1678.8 85085.03
1680.0 85144.95
1681.2 85204.87
1682.4 85264.79
1683.6 85324.71
1684.8 85384.63
1686.0 85444.55
1687.2 85504.47
1688.4 85564.39
1689.6 85624.31
1690.8 85684.23
1692.0 85744.15
1693.2 85804.07
1694.4 85863.99
1695.6 85923.91
1696.8 85983.83
1698.0 86043.75
1699.2 86103.67
1700.4 86163.59
1701.6 86223.51
1702.8 86283.44
1704.0 86343.36
1705.2 86403.28
1706.4 86463.2
1707.6 86523.12
1708.8 86583.04
1710.0 86642.96
1711.2 86702.88
1712.4 86762.8
1713.6 86822.72
1714.8 86882.64
1716.0 86942.56
1717.2 87002.48
1718.4 87062.4
1719.6 87122.32
1720.8 87182.24
1722.0 87242.16
1723.2 87302.08
1724.4 87362.0
1725.6 87421.92
1726.8 87481.84
1728.0 87541.76
1729.2 87601.68
1730.4 87661.6
1731.6 87721.53
1732.8 87781.45
1734.0 87841.37
1735.2 87901.29
1736.4 87961.21
1737.6 88021.13
1738.8 88081.05
1740.0 88140.97
1741.2 88200.89
1742.4 88260.81
1743.6 88320.73
1744.8 88380.65
1746.0 88440.57
1747.2 88500.49
1748.4 88560.41
1749.6 88620.33
1750.8 88680.25
1752.0 88740.17
1753.2 88800.09
1754.4 88860.01
1755.6 88919.93
1756.8 88979.85
1758.0 89039.77
1759.2 89099.69
1760.4 89159.61
1761.6 89219.54
1762.8 89279.46
1764.0 89339.38
1765.2 89399.3
1766.4 89459.22
1767.6 89519.14
1768.8 89579.06
1770.0 89638.98
1771.2 89698.9
1772.4 89758.82
1773.6 89818.74
1774.8 89878.66
1776.0 89938.58
1777.2 89998.5
1778.4 90058.42
1779.6 90118.34
1780.8 90178.26
1782.0 90238.18
1783.2 90298.1
1784.4 90358.02
1785.6 90417.94
1786.8 90477.86
1788.0 90537.78
1789.2 90597.7
1790.4 90657.62
1791.6 90717.55
1792.8 90777.47
1794.0 90837.39
1795.2 90897.31
1796.4 90957.23
1797.6 91017.15
1798.8 91077.07
1800.0 91136.99
1801.2 91196.91
1802.4 91256.83
1803.6 91316.75
1804.8 91376.67
1806.0 91436.59
1807.2 91496.51
1808.4 91556.43
1809.6 91616.35
1810.8 91676.27
1812.0 91736.19
1813.2 91796.11
1814.4 91856.03
1815.6 91915.95
1816.8 91975.87
1818.0 92035.79
1819.2 92095.71
1820.4 92155.63
1821.6 92215.55
1822.8 92275.48
1824.0 92335.4
1825.2 92395.32
1826.4 92455.24
1827.6 92515.16
1828.8 92575.08
1830.0 92635.0
1831.2 92694.92
1832.4 92754.84
1833.6 92814.76
1834.8 92874.68
1836.0 92934.6
1837.2 92994.52
1838.4 93054.44
1839.6 93114.36
1840.8 93174.28
1842.0 93234.2
1843.2 93294.12
1844.4 93354.04
1845.6 93413.96
1846.8 93473.88
1848.0 93533.8
1849.2 93593.72
1850.4 93653.64
1851.6 93713.56
1852.8 93773.48
1854.0 93833.4
1855.2 93893.33
1856.4 93953.25
1857.6 94013.17
1858.8 94073.09
1860.0 94133.01
1861.2 94192.93
1862.4 94252.85
1863.6 94312.77
1864.8 94372.69
1866.0 94432.61
1867.2 94492.53
1868.4 94552.45
1869.6 94612.37
1870.8 94672.29
1872.0 94732.21
1873.2 94792.13
1874.4 94852.05
1875.6 94911.97
1876.8 94971.89
1878.0 95031.81
1879.2 95091.73
1880.4 95151.65
1881.6 95211.57
1882.8 95271.49
1884.0 95331.42
1885.2 95391.34
1886.4 95451.26
1887.6 95511.18
1888.8 95571.1
1890.0 95631.02
1891.2 95690.94
1892.4 95750.86
1893.6 95810.78
1894.8 95870.7
1896.0 95930.62
1897.2 95990.54
1898.4 96050.46
1899.6 96110.38
1900.8 96170.3
1902.0 96230.22
1903.2 96290.14
1904.4 96350.06
1905.6 96409.98
1906.8 96469.9
1908.0 96529.82
1909.2 96589.74
1910.4 96649.66
1911.6 96709.58
1912.8 96769.5
1914.0 96829.42
1915.2 96889.35
1916.4 96949.27
1917.6 97009.19
1918.8 97069.11
1920.0 97129.03
1921.2 97188.95
1922.4 97248.87
1923.6 97308.79
1924.8 97368.71
1926.0 97428.63
1927.2 97488.55
1928.4 97548.47
1929.6 97608.39
1930.8 97668.31
1932.0 97728.23
1933.2 97788.15
1934.4 97848.07
1935.6 97907.99
1936.8 97967.91
1938.0 98027.83
1939.2 98087.75
1940.4 98147.67
1941.6 98207.59
1942.8 98267.51
1944.0 98327.43
1945.2 98387.35
1946.4 98447.28
1947.6 98507.2
1948.8 98567.12
1950.0 98627.04
1951.2 98686.96
1952.4 98746.88
1953.6 98806.8
1954.8 98866.72
1956.0 98926.64
1957.2 98986.56
1958.4 99046.48
1959.6 99106.4
1960.8 99166.32
1962.0 99226.24
1963.2 99286.16
1964.4 99346.08
1965.6 99406.0
1966.8 99465.92
1968.0 99525.84
1969.2 99585.76
1970.4 99645.68
1971.6 99705.6
1972.8 99765.52
1974.0 99825.44
1975.2 99885.36
1976.4 99945.28
1977.6 100005.21
1978.8 100065.13
1980.0 100125.05
1981.2 100184.97
1982.4 100244.89
1983.6 100304.81
1984.8 100364.73
1986.0 100424.65
1987.2 100484.57
1988.4 100544.49
1989.6 100604.41
1990.8 100664.33
1992.0 100724.25
1993.2 100784.17
1994.4 100844.09
1995.6 100904.01
1996.8 100963.93
1998.0 101023.85
1999.2 101083.77
2000.4 101143.69
2001.6 101203.61
2002.8 101263.53
2004.0 101323.45
2005.2 101383.38
2006.4 101443.3
2007.6 101503.22
2008.8 101563.14
2010.0 101623.06
2011.2 101682.98
2012.4 101742.9
2013.6 101802.82
2014.8 101862.74
2016.0 101922.66
2017.2 101982.58
2018.4 102042.5
2019.6 102102.42
2020.8 102162.34
2022.0 102222.26
2023.2 102282.18
2024.4 102342.1
2025.6 102402.02
2026.8 102461.94
2028.0 102521.86
2029.2 102581.78
2030.4 102641.7
2031.6 102701.62
2032.8 102761.54
2034.0 102821.46
2035.2 102881.39
2036.4 102941.31
2037.6 103001.23
2038.8 103061.15
2040.0 103121.07
2041.2 103180.99
2042.4 103240.91
2043.6 103300.83
2044.8 103360.75
2046.0 103420.67
2047.2 103480.59
2048.4 103540.51
2049.6 103600.43
2050.8 103660.35
2052.0 103720.27
2053.2 103780.19
2054.4 103840.11
2055.6 103900.03
2056.8 103959.95
2058.0 104019.87
2059.2 104079.79
2060.4 104139.71
2061.6 104199.63
2062.8 104259.55
2064.0 104319.47
2065.2 104379.4
2066.4 104439.32
2067.6 104499.24
2068.8 104559.16
2070.0 104619.08
2071.2 104679.0
2072.4 104738.92
2073.6 104798.84
2074.8 104858.76
2076.0 104918.68
2077.2 104978.6
2078.4 105038.52
2079.6 105098.44
2080.8 105158.36
2082.0 105218.28
2083.2 105278.2
2084.4 105338.12
2085.6 105398.04
2086.8 105457.96
2088.0 105517.88
2089.2 105577.8
2090.4 105637.72
2091.6 105697.64
2092.8 105757.57
2094.0 105817.49
2095.2 105877.41
2096.4 105937.33
2097.6 105997.25
2098.8 106057.17
2100.0 106117.09
2101.2 106177.01
2102.4 106236.93
2103.6 106296.85
2104.8 106356.77
2106.0 106416.69
2107.2 106476.61
2108.4 106536.53
2109.6 106596.45
2110.8 106656.37
2112.0 106716.29
2113.2 106776.21
2114.4 106836.13
2115.6 106896.05
2116.8 106955.97
2118.0 107015.89
2119.2 107075.82
2120.4 107135.74
2121.6 107195.66
2122.8 107255.58
2124.0 107315.5
2125.2 107375.42
2126.4 107435.34
2127.6 107495.26
2128.8 107555.18
2130.0 107615.1
2131.2 107675.02
2132.4 107734.94
2133.6 107794.86
2134.8 107854.78
2136.0 107914.7
2137.2 107974.62
2138.4 108034.54
2139.6 108094.46
2140.8 108154.38
2142.0 108214.3
2143.2 108274.22
2144.4 108334.14
2145.6 108394.07
2146.8 108453.99
2148.0 108513.91
2149.2 108573.83
2150.4 108633.75
2151.6 108693.67
2152.8 108753.59
2154.0 108813.51
2155.2 108873.43
2156.4 108933.35
2157.6 108993.27
2158.8 109053.19
2160.0 109113.11
2161.2 109173.03
2162.4 109232.95
2163.6 109292.87
2164.8 109352.79
2166.0 109412.71
2167.2 109472.63
2168.4 109532.55
2169.6 109592.47
2170.8 109652.39
2172.0 109712.31
2173.2 109772.24
2174.4 109832.16
2175.6 109892.08
2176.8 109952.0
2178.0 110011.92
2179.2 110071.84
2180.4 110131.76
2181.6 110191.68
2182.8 110251.6
2184.0 110311.52
2185.2 110371.44
2186.4 110431.36
2187.6 110491.28
2188.8 110551.2
2190.0 110611.12
2191.2 110671.04
2192.4 110730.96
2193.6 110790.88
2194.8 110850.8
2196.0 110910.72
2197.2 110970.64
2198.4 111030.56
2199.6 111090.48
2200.8 111150.4
2202.0 111210.33
2203.2 111270.25
2204.4 111330.17
2205.6 111390.09
2206.8 111450.01
2208.0 111509.93
2209.2 111569.85
2210.4 111629.77
2211.6 111689.69
2212.8 111749.61
2214.0 111809.53
2215.2 111869.45
2216.4 111929.37
2217.6 111989.29
2218.8 112049.21
2220.0 112109.13
2221.2 112169.05
2222.4 112228.97
2223.6 112288.89
2224.8 112348.81
2226.0 112408.73
2227.2 112468.65
2228.4 112528.57
2229.6 112588.49
2230.8 112648.42
2232.0 112708.34
2233.2 112768.26
2234.4 112828.18
2235.6 112888.1
2236.8 112948.02
2238.0 113007.94
2239.2 113067.86
2240.4 113127.78
2241.6 113187.7
2242.8 113247.62
2244.0 113307.54
2245.2 113367.46
2246.4 113427.38
2247.6 113487.3
2248.8 113547.22
2250.0 113607.14
2251.2 113667.06
2252.4 113726.98
2253.6 113786.9
2254.8 113846.82
2256.0 113906.74
2257.2 113966.66
2258.4 114026.58
2259.6 114086.5
2260.8 114146.42
2262.0 114206.35
2263.2 114266.27
2264.4 114326.19
2265.6 114386.11
2266.8 114446.03
2268.0 114505.95
2269.2 114565.87
2270.4 114625.79
2271.6 114685.71
2272.8 114745.63
2274.0 114805.55
2275.2 114865.47
2276.4 114925.39
2277.6 114985.31
2278.8 115045.23
2280.0 115105.15
2281.2 115165.07
2282.4 115224.99
2283.6 115284.91
2284.8 115344.83
2286.0 115404.75
2287.2 115464.67
2288.4 115524.59
2289.6 115584.51
2290.8 115644.43
2292.0 115704.36
2293.2 115764.28
2294.4 115824.2
2295.6 115884.12
2296.8 115944.04
2298.0 116003.96
2299.2 116063.88
2300.4 116123.8
2301.6 116183.72
2302.8 116243.64
2304.0 116303.56
2305.2 116363.48
2306.4 116423.4
2307.6 116483.32
2308.8 116543.24
2310.0 116603.16
2311.2 116663.08
2312.4 116723.0
2313.6 116782.92
2314.8 116842.84
2316.0 116902.76
2317.2 116962.68
2318.4 117022.6
2319.6 117082.52
2320.8 117142.45
2322.0 117202.37
2323.2 117262.29
2324.4 117322.21
2325.6 117382.13
2326.8 117442.05
2328.0 117501.97
2329.2 117561.89
2330.4 117621.81
2331.6 117681.73
2332.8 117741.65
2334.0 117801.57
2335.2 117861.49
2336.4 117921.41
2337.6 117981.33
2338.8 118041.25
2340.0 118101.17
2341.2 118161.09
2342.4 118221.01
2343.6 118280.93
2344.8 118340.85
2346.0 118400.77
2347.2 118460.69
2348.4 118520.61
2349.6 118580.53
2350.8 118640.45
2352.0 118700.37
2353.2 118760.3
2354.4 118820.22
2355.6 118880.14
2356.8 118940.06
2358.0 118999.98
2359.2 119059.9
2360.4 119119.82
2361.6 119179.74
2362.8 119239.66
2364.0 119299.58
2365.2 119359.5
2366.4 119419.42
2367.6 119479.34
2368.8 119539.26
2370.0 119599.18
2371.2 119659.1
2372.4 119719.02
2373.6 119778.94
2374.8 119838.86
2376.0 119898.78
2377.2 119958.7
2378.4 120018.62
2379.6 120078.55
2380.8 120138.47
2382.0 120198.39
2383.2 120258.31
2384.4 120318.23
2385.6 120378.15
2386.8 120438.07
2388.0 120497.99
2389.2 120557.91
2390.4 120617.83
2391.6 120677.75
2392.8 120737.67
2394.0 120797.59
2395.2 120857.51
2396.4 120917.43
2397.6 120977.35
2398.8 121037.27
2400.0 121097.19
2401.2 121157.11
2402.4 121217.04
2403.6 121276.96
2404.8 121336.88
2406.0 121396.8
2407.2 121456.72
2408.4 121516.64
2409.6 121576.56
2410.8 121636.48
2412.0 121696.4
2413.2 121756.32
2414.4 121816.24
2415.6 121876.16
2416.8 121936.08
2418.0 121996.0
2419.2 122055.92
2420.4 122115.84
2421.6 122175.76
2422.8 122235.68
2424.0 122295.6
2425.2 122355.52
2426.4 122415.44
2427.6 122475.36
2428.8 122535.28
2430.0 122595.21
2431.2 122655.13
2432.4 122715.05
2433.6 122774.97
2434.8 122834.89
2436.0 122894.81
2437.2 122954.73
2438.4 123014.65
2439.6 123074.57
2440.8 123134.49
2442.0 123194.41
2443.2 123254.33
2444.4 123314.25
2445.6 123374.17
2446.8 123434.09
2448.0 123494.01
2449.2 123553.93
2450.4 123613.85
2451.6 123673.77
2452.8 123733.69
2454.0 123793.61
2455.2 123853.53
2456.4 123913.45
2457.6 123973.37
2458.8 124033.29
2460.0 124093.22
2461.2 124153.14
2462.4 124213.06
2463.6 124272.98
2464.8 124332.9
2466.0 124392.82
2467.2 124452.74
2468.4 124512.66
2469.6 124572.58
2470.8 124632.5
2472.0 124692.42
2473.2 124752.34
2474.4 124812.26
2475.6 124872.18
2476.8 124932.1
2478.0 124992.02
2479.2 125051.94
2480.4 125111.86
2481.6 125171.78
2482.8 125231.7
2484.0 125291.62
2485.2 125351.54
2486.4 125411.46
2487.6 125471.38
2488.8 125531.3
2490.0 125591.22
2491.2 125651.15
2492.4 125711.07
2493.6 125770.99
2494.8 125830.91
2496.0 125890.83
2497.2 125950.75
2498.4 126010.67
2499.6 126070.59
2500.8 126130.51
2502.0 126190.43
2503.2 126250.35
2504.4 126310.27
2505.6 126370.19
2506.8 126430.11
2508.0 126490.03
2509.2 126549.95
2510.4 126609.87
2511.6 126669.79
2512.8 126729.71
2514.0 126789.63
2515.2 126849.55
2516.4 126909.47
2517.6 126969.39
2518.8 127029.31
2520.0 127089.23
2521.2 127149.15
2522.4 127209.07
2523.6 127269.0
2524.8 127328.92
2526.0 127388.84
2527.2 127448.76
2528.4 127508.68
2529.6 127568.6
2530.8 127628.52
2532.0 127688.44
2533.2 127748.36
2534.4 127808.28
2535.6 127868.2
2536.8 127928.12
2538.0 127988.04
2539.2 128047.96
2540.4 128107.88
2541.6 128167.8
2542.8 128227.72
2544.0 128287.64
2545.2 128347.56
2546.4 128407.48
2547.6 128467.4
2548.8 128527.32
2550.0 128587.24
2551.2 128647.16
2552.4 128707.08
2553.6 128767.0
2554.8 128826.92
2556.0 128886.84
2557.2 128946.76
2558.4 129006.69
2559.6 129066.61
2560.8 129126.53
2562.0 129186.45
2563.2 129246.37
2564.4 129306.29
2565.6 129366.21
2566.8 129426.13
2568.0 129486.05
2569.2 129545.97
2570.4 129605.89
2571.6 129665.81
2572.8 129725.73
2574.0 129785.65
2575.2 129845.57
2576.4 129905.49
2577.6 129965.41
2578.8 130025.33
2580.0 130085.25
2581.2 130145.17
2582.4 130205.09
2583.6 130265.01
2584.8 130324.93
2586.0 130384.85
2587.2 130444.78
2588.4 130504.7
2589.6 130564.62
2590.8 130624.54
2592.0 130684.46
2593.2 130744.38
2594.4 130804.3
2595.6 130864.22
2596.8 130924.14
2598.0 130984.06
2599.2 131043.98
2600.4 131103.9
2601.6 131163.82
2602.8 131223.74
2604.0 131283.66
2605.2 131343.58
2606.4 131403.5
2607.6 131463.42
2608.8 131523.34
2610.0 131583.26
2611.2 131643.18
2612.4 131703.1
2613.6 131763.02
2614.8 131822.94
2616.0 131882.86
2617.2 131942.79
2618.4 132002.71
2619.6 132062.63
2620.8 132122.55
2622.0 132182.47
2623.2 132242.39
2624.4 132302.31
2625.6 132362.23
2626.8 132422.15
2628.0 132482.07
2629.2 132541.99
2630.4 132601.91
2631.6 132661.83
2632.8 132721.75
2634.0 132781.67
2635.2 132841.59
2636.4 132901.51
2637.6 132961.43
2638.8 133021.35
2640.0 133081.27
2641.2 133141.19
2642.4 133201.11
2643.6 133261.03
2644.8 133320.95
2646.0 133380.87
2647.2 133440.79
2648.4 133500.72
2649.6 133560.64
2650.8 133620.56
2652.0 133680.48
2653.2 133740.4
2654.4 133800.32
2655.6 133860.24
2656.8 133920.16
2658.0 133980.08
2659.2 134040.0
2660.4 134099.92
2661.6 134159.84
2662.8 134219.76
2664.0 134279.68
2665.2 134339.6
2666.4 134399.52
2667.6 134459.44
2668.8 134519.36
2670.0 134579.28
2671.2 134639.2
2672.4 134699.12
2673.6 134759.04
2674.8 134818.96
2676.0 134878.88
2677.2 134938.81
2678.4 134998.73
2679.6 135058.65
2680.8 135118.57
2682.0 135178.49
2683.2 135238.41
2684.4 135298.33
2685.6 135358.25
2686.8 135418.17
2688.0 135478.09
2689.2 135538.01
2690.4 135597.93
2691.6 135657.85
2692.8 135717.77
2694.0 135777.69
2695.2 135837.61
2696.4 135897.53
2697.6 135957.45
2698.8 136017.37
2700.0 136077.29
2701.2 136137.21
2702.4 136197.13
2703.6 136257.05
2704.8 136316.98
2706.0 136376.9
2707.2 136436.82
2708.4 136496.74
2709.6 136556.66
2710.8 136616.58
2712.0 136676.5
2713.2 136736.42
2714.4 136796.34
2715.6 136856.26
2716.8 136916.18
2718.0 136976.1
2719.2 137036.02
2720.4 137095.94
2721.6 137155.86
2722.8 137215.78
2724.0 137275.7
2725.2 137335.62
2726.4 137395.54
2727.6 137455.46
2728.8 137515.38
2730.0 137575.3
2731.2 137635.23
2732.4 137695.15
2733.6 137755.07
2734.8 137814.99
2736.0 137874.91
2737.2 137934.83
2738.4 137994.75
2739.6 138054.67
2740.8 138114.59
2742.0 138174.51
2743.2 138234.43
2744.4 138294.35
2745.6 138354.27
2746.8 138414.19
2748.0 138474.11
2749.2 138534.03
2750.4 138593.95
2751.6 138653.87
2752.8 138713.79
2754.0 138773.71
2755.2 138833.63
2756.4 138893.55
2757.6 138953.47
2758.8 139013.39
2760.0 139073.32
2761.2 139133.24
2762.4 139193.16
2763.6 139253.08
2764.8 139313.0
2766.0 139372.92
2767.2 139432.84
2768.4 139492.76
2769.6 139552.68
2770.8 139612.6
2772.0 139672.52
2773.2 139732.44
2774.4 139792.36
2775.6 139852.28
2776.8 139912.2
2778.0 139972.12
2779.2 140032.04
2780.4 140091.96
2781.6 140151.88
2782.8 140211.8
2784.0 140271.72
2785.2 140331.64
2786.4 140391.56
2787.6 140451.49
2788.8 140511.41
2790.0 140571.33
2791.2 140631.25
2792.4 140691.17
2793.6 140751.09
2794.8 140811.01
2796.0 140870.93
2797.2 140930.85
2798.4 140990.77
2799.6 141050.69
2800.8 141110.61
2802.0 141170.53
2803.2 141230.45
2804.4 141290.37
2805.6 141350.29
2806.8 141410.21
2808.0 141470.13
2809.2 141530.05
2810.4 141589.97
2811.6 141649.89
2812.8 141709.81
2814.0 141769.73
2815.2 141829.65
2816.4 141889.58
2817.6 141949.5
2818.8 142009.42
2820.0 142069.34
2821.2 142129.26
2822.4 142189.18
2823.6 142249.1
2824.8 142309.02
2826.0 142368.94
2827.2 142428.86
2828.4 142488.78
2829.6 142548.7
2830.8 142608.62
2832.0 142668.54
2833.2 142728.46
2834.4 142788.38
2835.6 142848.3
2836.8 142908.22
2838.0 142968.14
2839.2 143028.06
2840.4 143087.98
2841.6 143147.9
2842.8 143207.82
2844.0 143267.74
2845.2 143327.67
2846.4 143387.59
2847.6 143447.51
2848.8 143507.43
2850.0 143567.35
2851.2 143627.27
2852.4 143687.19
2853.6 143747.11
2854.8 143807.03
2856.0 143866.95
2857.2 143926.87
2858.4 143986.79
2859.6 144046.71
2860.8 144106.63
2862.0 144166.55
2863.2 144226.47
2864.4 144286.39
2865.6 144346.31
2866.8 144406.23
2868.0 144466.15
2869.2 144526.07
2870.4 144585.99
2871.6 144645.91
2872.8 144705.83
2874.0 144765.75
2875.2 144825.68
2876.4 144885.6
2877.6 144945.52
2878.8 145005.44
2880.0 145065.36
2881.2 145125.28
2882.4 145185.2
2883.6 145245.12
2884.8 145305.04
2886.0 145364.96
2887.2 145424.88
2888.4 145484.8
2889.6 145544.72
2890.8 145604.64
2892.0 145664.56
2893.2 145724.48
2894.4 145784.4
2895.6 145844.32
2896.8 145904.24
2898.0 145964.16
2899.2 146024.08
2900.4 146084.0
2901.6 146143.92
2902.8 146203.84
2904.0 146263.76
2905.2 146323.69
2906.4 146383.61
2907.6 146443.53
2908.8 146503.45
2910.0 146563.37
2911.2 146623.29
2912.4 146683.21
2913.6 146743.13
2914.8 146803.05
2916.0 146862.97
2917.2 146922.89
2918.4 146982.81
2919.6 147042.73
2920.8 147102.65
2922.0 147162.57
2923.2 147222.49
2924.4 147282.41
2925.6 147342.33
2926.8 147402.25
2928.0 147462.17
2929.2 147522.09
2930.4 147582.01
2931.6 147641.93
2932.8 147701.85
2934.0 147761.77
2935.2 147821.69
2936.4 147881.61
2937.6 147941.54
2938.8 148001.46
2940.0 148061.38
2941.2 148121.3
2942.4 148181.22
2943.6 148241.14
2944.8 148301.06
2946.0 148360.98
2947.2 148420.9
2948.4 148480.82
2949.6 148540.74
2950.8 148600.66
2952.0 148660.58
2953.2 148720.5
2954.4 148780.42
2955.6 148840.34
2956.8 148900.26
2958.0 148960.18
2959.2 149020.1
2960.4 149080.02
2961.6 149139.94
2962.8 149199.86
2964.0 149259.78
2965.2 149319.7
2966.4 149379.62
2967.6 149439.54
2968.8 149499.46
2970.0 149559.39
2971.2 149619.31
2972.4 149679.23
2973.6 149739.15
2974.8 149799.07
2976.0 149858.99
2977.2 149918.91
2978.4 149978.83
2979.6 150038.75
2980.8 150098.67
2982.0 150158.59
2983.2 150218.51
2984.4 150278.43
2985.6 150338.35
2986.8 150398.27
2988.0 150458.19
2989.2 150518.11
2990.4 150578.03
2991.6 150637.95
2992.8 150697.87
2994.0 150757.79
2995.2 150817.71
2996.4 150877.63
2997.6 150937.55
2998.8 150997.47
3000.0 151057.39
3001.2 151117.31
3002.4 151177.24
3003.6 151237.16
3004.8 151297.08
3006.0 151357.0
3007.2 151416.92
3008.4 151476.84
3009.6 151536.76
3010.8 151596.68
3012.0 151656.6
3013.2 151716.52
3014.4 151776.44
3015.6 151836.36
3016.8 151896.28
3018.0 151956.2
3019.2 152016.12
3020.4 152076.04
3021.6 152135.96
3022.8 152195.88
3024.0 152255.8
3025.2 152315.72
3026.4 152375.64
3027.6 152435.56
3028.8 152495.48
3030.0 152555.4
3031.2 152615.32
3032.4 152675.24
3033.6 152735.16
3034.8 152795.09
3036.0 152855.01
3037.2 152914.93
3038.4 152974.85
3039.6 153034.77
3040.8 153094.69
3042.0 153154.61
3043.2 153214.53
3044.4 153274.45
3045.6 153334.37
3046.8 153394.29
3048.0 153454.21
3049.2 153514.13
3050.4 153574.05
3051.6 153633.97
3052.8 153693.89
3054.0 153753.81
3055.2 153813.73
3056.4 153873.65
3057.6 153933.57
3058.8 153993.49
3060.0 154053.41
3061.2 154113.33
3062.4 154173.25
3063.6 154233.17
3064.8 154293.1
3066.0 154353.02
3067.2 154412.94
3068.4 154472.86
3069.6 154532.78
3070.8 154592.7
3072.0 154652.62
3073.2 154712.54
3074.4 154772.46
3075.6 154832.38
3076.8 154892.3
3078.0 154952.22
3079.2 155012.14
3080.4 155072.06
3081.6 155131.98
3082.8 155191.9
3084.0 155251.82
3085.2 155311.74
3086.4 155371.66
3087.6 155431.58
3088.8 155491.5
3090.0 155551.42
3091.2 155611.34
3092.4 155671.27
3093.6 155731.19
3094.8 155791.11
3096.0 155851.03
3097.2 155910.95
3098.4 155970.87
3099.6 156030.79
