0.0 1.36
1.2 2.66
2.4 0.07
3.6 0.12
4.8 0.07
6.0 0.08
7.2 0.17
8.4 0.07
9.6 0.07
10.8 0.07
12.0 0.06
13.2 0.06
14.4 0.06
15.6 0.06
16.8 0.06
18.0 0.06
19.2 0.06
20.4 0.07
21.6 0.07
22.8 0.07
24.0 0.06
25.2 0.06
26.4 0.06
27.6 0.06
28.8 0.06
30.0 0.06
31.2 0.06
32.4 0.06
33.6 0.07
34.8 0.06
36.0 0.07
37.2 0.07
38.4 0.07
39.6 0.07
40.8 0.07
42.0 0.06
43.2 0.06
44.4 0.06
45.6 0.06
46.8 0.06
48.0 0.06
49.2 0.06
50.4 0.06
51.6 0.06
52.8 0.06
54.0 0.06
55.2 0.06
56.4 0.06
57.6 0.06
58.8 0.06
60.0 0.06
61.2 0.06
62.4 0.06
63.6 0.08
64.8 0.06
66.0 0.06
67.2 0.06
68.4 0.06
69.6 0.06
70.8 0.06
72.0 0.06
73.2 0.06
74.4 0.06
75.6 0.06
76.8 0.06
78.0 0.06
79.2 0.06
80.4 0.06
81.6 0.06
82.8 0.06
84.0 0.06
85.2 0.06
86.4 0.06
87.6 0.08
88.8 0.06
90.0 0.06
91.2 0.06
92.4 0.06
93.6 0.06
94.8 0.06
96.0 0.06
97.2 0.06
98.4 0.06
99.6 0.06
100.8 0.06
102.0 0.06
103.2 0.06
104.4 0.06
105.6 0.06
106.8 0.06
108.0 0.06
109.2 0.06
110.4 0.06
111.6 0.06
112.8 0.06
114.0 0.06
115.2 0.06
116.4 0.06
117.6 0.06
118.8 0.06
120.0 0.06
121.2 0.06
122.4 0.06
123.6 0.06
124.8 0.05
126.0 0.06
127.2 0.06
128.4 0.06
129.6 0.06
130.8 0.06
132.0 0.06
133.2 0.06
134.4 0.06
135.6 0.06
136.8 0.06
138.0 0.06
139.2 0.06
140.4 0.06
141.6 0.06
142.8 0.06
144.0 0.06
145.2 0.06
146.4 0.06
147.6 0.06
148.8 0.06
150.0 0.06
151.2 0.06
152.4 0.06
153.6 0.06
154.8 0.06
156.0 0.06
157.2 0.11
158.4 0.06
159.6 0.06
160.8 0.06
162.0 0.06
163.2 0.06
164.4 0.06
165.6 0.06
166.8 0.06
168.0 0.06
169.2 0.06
170.4 0.06
171.6 0.06
172.8 0.06
174.0 0.05
175.2 0.06
176.4 0.06
177.6 0.06
178.8 0.05
180.0 0.1
181.2 0.06
182.4 0.06
183.6 0.06
184.8 0.06
186.0 0.06
187.2 0.06
188.4 0.06
189.6 0.06
190.8 0.06
192.0 0.06
193.2 0.06
194.4 0.06
195.6 0.06
196.8 0.06
198.0 0.06
199.2 0.06
200.4 0.06
201.6 0.06
202.8 0.06
204.0 0.06
205.2 0.1
206.4 0.06
207.6 0.06
208.8 0.06
210.0 0.06
211.2 0.06
212.4 0.06
213.6 0.06
214.8 0.06
216.0 0.06
217.2 0.06
218.4 0.06
219.6 0.06
220.8 0.06
222.0 0.06
223.2 0.06
224.4 0.06
225.6 0.06
226.8 0.06
228.0 0.06
229.2 0.06
230.4 0.06
231.6 0.06
232.8 0.06
234.0 0.06
235.2 0.06
236.4 0.06
237.6 0.06
238.8 0.06
240.0 0.06
241.2 0.05
242.4 0.06
243.6 0.06
244.8 0.06
246.0 0.06
247.2 0.06
248.4 0.06
249.6 0.05
250.8 0.05
252.0 0.05
253.2 0.05
254.4 0.05
255.6 0.05
256.8 0.05
258.0 0.05
259.2 0.06
260.4 0.06
261.6 0.06
262.8 0.06
264.0 0.06
265.2 0.06
266.4 0.06
267.6 0.06
268.8 0.06
270.0 0.06
271.2 0.06
272.4 0.06
273.6 0.06
274.8 0.14
276.0 0.06
277.2 0.06
278.4 0.06
279.6 0.06
280.8 0.06
282.0 0.06
283.2 0.08
284.4 0.06
285.6 0.06
286.8 0.06
288.0 0.06
289.2 0.06
290.4 0.06
291.6 0.06
292.8 0.06
294.0 0.06
295.2 0.06
296.4 0.06
297.6 0.06
298.8 0.06
300.0 0.06
301.2 0.06
302.4 0.06
303.6 0.06
304.8 0.05
306.0 0.05
307.2 0.05
308.4 0.05
309.6 0.06
310.8 0.06
312.0 0.05
313.2 0.05
314.4 0.06
315.6 0.05
316.8 0.06
318.0 0.06
319.2 0.06
320.4 0.06
321.6 0.06
322.8 0.06
324.0 0.06
325.2 0.06
326.4 0.06
327.6 0.06
328.8 0.06
330.0 0.06
331.2 0.06
332.4 0.06
333.6 0.06
334.8 0.06
336.0 0.05
337.2 0.06
338.4 0.06
339.6 0.06
340.8 0.05
342.0 0.06
343.2 0.06
344.4 0.06
345.6 0.06
346.8 0.06
348.0 0.06
349.2 0.06
350.4 0.06
351.6 0.06
352.8 0.06
354.0 0.06
355.2 0.06
356.4 0.06
357.6 0.06
358.8 0.06
360.0 0.06
361.2 0.06
362.4 0.06
363.6 0.06
364.8 0.06
366.0 0.06
367.2 0.06
368.4 0.06
369.6 0.06
370.8 0.06
372.0 0.06
373.2 0.06
374.4 0.06
375.6 0.05
376.8 0.06
378.0 0.06
379.2 0.06
380.4 0.06
381.6 0.06
382.8 0.06
384.0 0.06
385.2 0.06
386.4 0.06
387.6 0.06
388.8 0.06
390.0 0.06
391.2 0.06
392.4 0.06
393.6 0.06
394.8 0.06
396.0 0.06
397.2 0.06
398.4 0.06
399.6 0.06
400.8 0.06
402.0 0.06
403.2 0.06
404.4 0.06
405.6 0.06
406.8 0.06
408.0 0.06
409.2 0.06
410.4 0.06
411.6 0.06
412.8 0.06
414.0 0.06
415.2 0.06
416.4 0.06
417.6 0.06
418.8 0.06
420.0 0.06
421.2 0.06
422.4 0.06
423.6 0.11
424.8 0.06
426.0 0.06
427.2 0.06
428.4 0.06
429.6 0.06
430.8 0.06
432.0 0.06
433.2 0.06
434.4 0.06
435.6 0.06
436.8 0.06
438.0 0.06
439.2 0.06
440.4 0.06
441.6 0.06
442.8 0.06
444.0 0.06
445.2 0.06
446.4 0.06
447.6 0.05
448.8 0.06
450.0 0.06
451.2 0.06
452.4 0.06
453.6 0.06
454.8 0.06
456.0 0.06
457.2 0.06
458.4 0.06
459.6 0.06
460.8 0.06
462.0 0.06
463.2 0.06
464.4 0.06
465.6 0.06
466.8 0.06
468.0 0.06
469.2 0.06
470.4 0.06
471.6 0.06
472.8 0.06
474.0 0.06
475.2 0.06
476.4 0.06
477.6 0.06
478.8 0.06
480.0 0.06
481.2 0.06
482.4 0.06
483.6 0.06
484.8 0.05
486.0 0.05
487.2 0.06
488.4 0.06
489.6 0.06
490.8 0.06
492.0 0.06
493.2 0.06
494.4 0.06
495.6 0.06
496.8 0.06
498.0 0.06
499.2 0.06
500.4 0.06
501.6 0.06
502.8 0.06
504.0 0.06
505.2 0.06
506.4 0.06
507.6 0.06
508.8 0.06
510.0 0.06
511.2 0.06
512.4 0.06
513.6 0.07
514.8 0.05
516.0 0.05
517.2 0.05
518.4 0.1
519.6 0.17
520.8 0.17
522.0 0.17
523.2 0.16
524.4 0.18
525.6 0.18
526.8 0.19
528.0 0.15
529.2 0.15
530.4 0.13
531.6 0.15
532.8 0.17
534.0 0.07
535.2 0.07
536.4 0.07
537.6 0.07
538.8 0.07
540.0 0.07
541.2 0.07
542.4 0.07
543.6 0.07
544.8 0.08
546.0 0.08
547.2 0.08
548.4 0.07
549.6 0.08
550.8 0.07
552.0 0.07
553.2 0.06
554.4 0.06
555.6 0.06
556.8 0.06
558.0 0.06
559.2 0.06
560.4 0.08
561.6 0.06
562.8 0.06
564.0 0.07
565.2 0.06
566.4 0.06
567.6 0.06
568.8 0.06
570.0 0.06
571.2 0.06
572.4 0.06
573.6 0.06
574.8 0.06
576.0 0.06
577.2 0.06
578.4 0.06
579.6 0.06
580.8 0.06
582.0 0.06
583.2 0.06
584.4 0.06
585.6 0.06
586.8 0.06
588.0 0.06
589.2 0.06
590.4 0.06
591.6 0.06
592.8 0.06
594.0 0.05
595.2 0.06
596.4 0.06
597.6 0.05
598.8 0.06
600.0 0.06
601.2 0.05
602.4 0.06
603.6 0.06
604.8 0.06
606.0 0.06
607.2 0.06
608.4 0.06
609.6 0.06
610.8 0.06
612.0 0.06
613.2 0.06
614.4 0.06
615.6 0.06
616.8 0.06
618.0 0.07
619.2 0.07
620.4 0.07
621.6 0.07
622.8 0.07
624.0 0.07
625.2 0.07
626.4 0.06
627.6 0.06
628.8 0.07
630.0 0.07
631.2 0.07
632.4 0.07
633.6 0.07
634.8 0.06
636.0 0.06
637.2 0.06
638.4 0.06
639.6 0.07
640.8 0.06
642.0 0.07
643.2 0.06
644.4 0.06
645.6 0.06
646.8 0.07
648.0 0.07
649.2 0.07
650.4 0.07
651.6 0.07
652.8 0.06
654.0 0.07
655.2 0.07
656.4 0.07
657.6 0.07
658.8 0.07
660.0 0.07
661.2 0.06
662.4 0.08
663.6 0.07
664.8 0.07
666.0 0.07
667.2 0.07
668.4 0.07
669.6 0.07
670.8 0.06
672.0 0.07
673.2 0.07
674.4 0.07
675.6 0.07
676.8 0.07
678.0 0.06
679.2 0.06
680.4 0.07
681.6 0.07
682.8 0.06
684.0 0.07
685.2 0.07
686.4 0.07
687.6 0.06
688.8 0.1
690.0 0.2
691.2 0.07
692.4 0.06
693.6 0.07
694.8 0.07
696.0 0.08
697.2 0.07
698.4 0.07
699.6 0.08
700.8 0.08
702.0 0.07
703.2 0.07
704.4 0.07
705.6 0.07
706.8 0.1
708.0 0.12
709.2 0.11
710.4 0.09
711.6 0.1
712.8 0.1
714.0 0.07
715.2 0.09
716.4 0.06
717.6 0.07
718.8 0.07
720.0 0.07
721.2 0.06
722.4 0.06
723.6 0.07
724.8 0.06
726.0 0.06
727.2 0.06
728.4 0.06
729.6 0.07
730.8 0.1
732.0 0.09
733.2 0.09
734.4 0.11
735.6 0.09
736.8 0.09
738.0 0.09
739.2 0.09
740.4 0.09
741.6 0.09
742.8 0.14
744.0 0.09
745.2 0.1
746.4 0.09
747.6 0.06
748.8 0.08
750.0 0.06
751.2 0.08
752.4 0.08
753.6 0.08
754.8 0.07
756.0 0.07
757.2 0.08
758.4 0.07
759.6 0.18
760.8 0.09
762.0 0.08
763.2 0.07
764.4 0.08
765.6 0.11
766.8 0.08
768.0 0.11
769.2 0.09
770.4 0.18
771.6 0.17
772.8 0.1
774.0 0.08
775.2 0.09
776.4 0.09
777.6 0.08
778.8 0.08
780.0 0.09
781.2 0.1
782.4 0.08
783.6 0.07
784.8 0.08
786.0 0.07
787.2 0.07
788.4 0.07
789.6 0.07
790.8 0.06
792.0 0.06
793.2 0.06
794.4 0.06
795.6 0.06
796.8 0.06
798.0 0.06
799.2 0.06
800.4 0.06
801.6 0.06
802.8 0.06
804.0 0.07
805.2 0.06
806.4 0.06
807.6 0.06
808.8 0.07
810.0 0.08
811.2 0.07
812.4 0.06
813.6 0.07
814.8 0.09
816.0 0.07
817.2 0.07
818.4 0.09
819.6 0.07
820.8 0.07
822.0 0.08
823.2 0.07
824.4 0.07
825.6 0.07
826.8 0.07
828.0 0.06
829.2 0.06
830.4 0.06
831.6 0.09
832.8 0.07
834.0 0.07
835.2 0.07
836.4 0.07
837.6 0.07
838.8 0.07
840.0 0.07
841.2 0.09
842.4 0.08
843.6 0.06
844.8 0.06
846.0 0.06
847.2 0.06
848.4 0.06
849.6 0.06
850.8 0.07
852.0 0.06
853.2 0.06
854.4 0.06
855.6 0.06
856.8 0.08
858.0 0.07
859.2 0.06
860.4 0.09
861.6 0.07
862.8 0.07
864.0 0.07
865.2 0.06
866.4 0.06
867.6 0.06
868.8 0.06
870.0 0.06
871.2 0.07
872.4 0.08
873.6 0.07
874.8 0.06
876.0 0.06
877.2 0.06
878.4 0.06
879.6 0.06
880.8 0.07
882.0 0.06
883.2 0.06
884.4 0.06
885.6 0.06
886.8 0.06
888.0 0.07
889.2 0.06
890.4 0.06
891.6 0.06
892.8 0.06
894.0 0.06
895.2 0.06
896.4 0.06
897.6 0.07
898.8 0.09
900.0 0.09
901.2 0.09
902.4 0.1
903.6 0.06
904.8 0.08
906.0 0.06
907.2 0.07
908.4 0.07
909.6 0.07
910.8 0.07
912.0 0.07
913.2 0.07
914.4 0.07
915.6 0.06
916.8 0.06
918.0 0.06
919.2 0.06
920.4 0.07
921.6 0.07
922.8 0.07
924.0 0.06
925.2 0.06
926.4 0.06
927.6 0.06
928.8 0.06
930.0 0.06
931.2 0.06
932.4 0.07
933.6 0.07
934.8 0.07
936.0 0.08
937.2 0.07
938.4 0.09
939.6 0.09
940.8 0.09
942.0 0.09
943.2 0.09
944.4 0.09
945.6 0.09
946.8 0.11
948.0 0.07
949.2 0.06
950.4 0.06
951.6 0.06
952.8 0.06
954.0 0.06
955.2 0.06
956.4 0.06
957.6 0.06
958.8 0.06
960.0 0.06
961.2 0.06
962.4 0.06
963.6 0.07
964.8 0.07
966.0 0.07
967.2 0.07
968.4 0.07
969.6 0.09
970.8 0.09
972.0 0.06
973.2 0.06
974.4 0.06
975.6 0.06
976.8 0.06
978.0 0.12
979.2 0.06
980.4 0.06
981.6 0.07
982.8 0.07
984.0 0.06
985.2 0.06
986.4 0.06
987.6 0.06
988.8 0.06
990.0 0.06
991.2 0.06
992.4 0.06
993.6 0.06
994.8 0.06
996.0 0.06
997.2 0.06
998.4 0.06
999.6 0.06
1000.8 0.06
1002.0 0.09
1003.2 0.08
1004.4 0.06
1005.6 0.07
1006.8 0.07
1008.0 0.07
1009.2 0.06
1010.4 0.07
1011.6 0.06
1012.8 0.06
1014.0 0.06
1015.2 0.06
1016.4 0.07
1017.6 0.06
1018.8 0.06
1020.0 0.06
1021.2 0.06
1022.4 0.06
1023.6 0.06
1024.8 0.06
1026.0 0.06
1027.2 0.06
1028.4 0.06
1029.6 0.06
1030.8 0.06
1032.0 0.06
1033.2 0.06
1034.4 0.06
1035.6 0.06
1036.8 0.06
1038.0 0.06
1039.2 0.06
1040.4 0.06
1041.6 0.06
1042.8 0.06
1044.0 0.06
1045.2 0.06
1046.4 0.06
1047.6 0.06
1048.8 0.09
1050.0 0.09
1051.2 0.09
1052.4 0.07
1053.6 0.06
1054.8 0.06
1056.0 0.06
1057.2 0.07
1058.4 0.06
1059.6 0.09
1060.8 0.08
1062.0 0.09
1063.2 0.09
1064.4 0.09
1065.6 0.09
1066.8 0.06
1068.0 0.06
1069.2 0.06
1070.4 0.06
1071.6 0.07
1072.8 0.07
1074.0 0.06
1075.2 0.09
1076.4 0.09
1077.6 0.08
1078.8 0.09
1080.0 0.08
1081.2 0.09
1082.4 0.08
1083.6 0.08
1084.8 0.08
1086.0 0.09
1087.2 0.09
1088.4 0.14
1089.6 0.08
1090.8 0.09
1092.0 0.06
1093.2 0.06
1094.4 0.06
1095.6 0.06
1096.8 0.06
1098.0 0.06
1099.2 0.06
1100.4 0.06
1101.6 0.06
1102.8 0.06
1104.0 0.06
1105.2 0.06
1106.4 0.07
1107.6 0.06
1108.8 0.06
1110.0 0.06
1111.2 0.06
1112.4 0.06
1113.6 0.06
1114.8 0.06
1116.0 0.06
1117.2 0.06
1118.4 0.06
1119.6 0.07
1120.8 0.07
1122.0 0.06
1123.2 0.06
1124.4 0.06
1125.6 0.07
1126.8 0.07
1128.0 0.06
1129.2 0.06
1130.4 0.07
1131.6 0.09
1132.8 0.07
1134.0 0.06
1135.2 0.07
1136.4 0.06
1137.6 0.11
1138.8 0.06
1140.0 0.06
1141.2 0.06
1142.4 0.06
1143.6 0.06
1144.8 0.06
1146.0 0.06
1147.2 0.06
1148.4 0.06
1149.6 0.06
1150.8 0.07
1152.0 0.07
1153.2 0.07
1154.4 0.07
1155.6 0.07
1156.8 0.08
1158.0 0.07
1159.2 0.07
1160.4 0.07
1161.6 0.07
1162.8 0.07
1164.0 0.07
1165.2 0.08
1166.4 0.08
1167.6 0.09
1168.8 0.09
1170.0 0.09
1171.2 0.09
1172.4 0.08
1173.6 0.09
1174.8 0.08
1176.0 0.09
1177.2 0.09
1178.4 0.09
1179.6 0.09
1180.8 0.09
1182.0 0.06
1183.2 0.09
1184.4 0.08
1185.6 0.09
1186.8 0.09
1188.0 0.09
1189.2 0.08
1190.4 0.08
1191.6 0.13
1192.8 0.09
1194.0 0.06
1195.2 0.06
1196.4 0.06
1197.6 0.06
1198.8 0.06
1200.0 0.06
1201.2 0.06
1202.4 0.06
1203.6 0.06
1204.8 0.08
1206.0 0.21
1207.2 0.19
1208.4 0.26
1209.6 0.25
1210.8 0.25
1212.0 0.24
1213.2 0.26
1214.4 0.32
1215.6 0.26
1216.8 0.17
1218.0 0.19
1219.2 0.16
1220.4 0.24
1221.6 0.16
1222.8 0.15
1224.0 0.17
1225.2 0.19
1226.4 0.17
1227.6 0.18
1228.8 0.2
1230.0 0.18
1231.2 0.16
1232.4 0.18
1233.6 0.18
1234.8 0.17
1236.0 0.19
1237.2 0.2
1238.4 0.2
1239.6 0.19
1240.8 0.19
1242.0 0.18
1243.2 0.18
1244.4 0.18
1245.6 0.16
1246.8 0.17
1248.0 0.18
1249.2 0.16
1250.4 0.19
1251.6 0.18
1252.8 0.15
1254.0 0.15
1255.2 0.15
1256.4 0.16
1257.6 0.17
1258.8 0.16
1260.0 0.16
1261.2 0.13
1262.4 0.13
1263.6 0.35
1264.8 0.13
1266.0 2.83
1267.2 0.21
1268.4 0.11
1269.6 0.1
1270.8 0.18
1272.0 0.83
1273.2 0.32
1274.4 0.26
1275.6 0.21
1276.8 0.18
1278.0 0.17
1279.2 0.15
1280.4 0.15
1281.6 0.14
1282.8 0.16
1284.0 0.12
1285.2 0.15
1286.4 0.12
1287.6 0.12
1288.8 0.13
1290.0 0.16
1291.2 0.1
1292.4 0.16
1293.6 0.19
1294.8 0.12
1296.0 0.17
1297.2 0.16
1298.4 0.37
1299.6 0.17
1300.8 0.27
1302.0 0.27
1303.2 0.43
1304.4 0.93
1305.6 2.38
1306.8 1.64
1308.0 5.28
1309.2 5.26
1310.4 0.1
1311.6 3.66
1312.8 2.42
1314.0 1.88
1315.2 2.25
1316.4 2.15
1317.6 1.58
1318.8 1.41
1320.0 0.95
1321.2 1.15
1322.4 1.05
1323.6 1.36
1324.8 0.19
1326.0 0.11
1327.2 0.26
1328.4 0.09
1329.6 1.24
1330.8 1.28
1332.0 0.98
1333.2 0.95
1334.4 1.33
1335.6 0.82
1336.8 1.53
1338.0 0.74
1339.2 1.34
1340.4 1.89
1341.6 1.93
1342.8 1.6
1344.0 3.0
1345.2 4.04
1346.4 5.18
1347.6 5.21
1348.8 2.05
1350.0 1.9
1351.2 1.11
1352.4 0.44
1353.6 0.27
1354.8 0.44
1356.0 0.12
1357.2 0.2
1358.4 0.19
1359.6 0.24
1360.8 0.14
1362.0 0.1
1363.2 0.12
1364.4 0.11
1365.6 0.22
1366.8 0.12
1368.0 0.12
1369.2 0.14
1370.4 0.13
1371.6 0.14
1372.8 0.13
1374.0 0.14
1375.2 0.13
1376.4 0.15
1377.6 0.15
1378.8 0.2
1380.0 0.06
1381.2 0.06
1382.4 0.06
1383.6 0.06
1384.8 0.06
1386.0 0.06
1387.2 0.09
1388.4 0.09
1389.6 0.06
1390.8 0.06
1392.0 0.07
1393.2 0.06
1394.4 0.06
1395.6 0.06
1396.8 0.09
1398.0 0.07
1399.2 0.13
1400.4 0.18
1401.6 0.13
1402.8 0.09
1404.0 0.1
1405.2 0.1
1406.4 0.1
1407.6 0.1
1408.8 0.1
1410.0 0.1
1411.2 0.1
1412.4 0.1
1413.6 0.09
1414.8 0.11
1416.0 0.1
1417.2 0.1
1418.4 0.1
1419.6 0.1
1420.8 0.1
1422.0 0.1
1423.2 0.1
1424.4 0.1
1425.6 0.1
1426.8 0.1
1428.0 0.1
1429.2 0.1
1430.4 0.1
1431.6 0.1
1432.8 0.1
1434.0 0.1
1435.2 0.11
1436.4 0.19
1437.6 0.15
1438.8 0.18
1440.0 0.18
1441.2 0.07
1442.4 0.08
1443.6 0.08
1444.8 0.07
1446.0 0.08
1447.2 0.08
1448.4 0.07
1449.6 0.07
1450.8 0.09
1452.0 0.07
1453.2 0.08
1454.4 0.08
1455.6 0.08
1456.8 0.08
1458.0 0.09
1459.2 0.08
1460.4 0.08
1461.6 0.09
1462.8 0.09
1464.0 0.09
1465.2 0.09
1466.4 0.08
1467.6 0.08
1468.8 0.08
1470.0 0.08
1471.2 0.09
1472.4 0.07
1473.6 0.08
1474.8 0.1
1476.0 0.08
1477.2 0.1
1478.4 0.08
1479.6 0.1
1480.8 0.08
1482.0 0.1
1483.2 0.07
1484.4 0.07
1485.6 0.07
1486.8 0.07
1488.0 0.07
1489.2 0.07
1490.4 0.08
1491.6 0.07
1492.8 0.07
1494.0 0.08
1495.2 0.07
1496.4 0.12
1497.6 0.07
1498.8 0.07
1500.0 0.08
1501.2 0.08
1502.4 0.08
1503.6 0.08
1504.8 0.07
1506.0 0.07
1507.2 0.14
1508.4 0.17
1509.6 0.16
1510.8 0.16
1512.0 0.17
1513.2 0.13
1514.4 0.14
1515.6 0.14
1516.8 0.12
1518.0 0.09
1519.2 0.1
1520.4 0.13
1521.6 0.22
1522.8 0.16
1524.0 0.07
1525.2 0.07
1526.4 0.07
1527.6 0.07
1528.8 0.08
1530.0 0.08
1531.2 0.08
1532.4 0.08
1533.6 0.08
1534.8 0.1
1536.0 0.11
1537.2 0.09
1538.4 0.09
1539.6 0.08
1540.8 0.09
1542.0 0.08
1543.2 0.08
1544.4 0.08
1545.6 0.09
1546.8 0.08
1548.0 0.07
1549.2 0.08
1550.4 0.07
1551.6 0.07
1552.8 0.07
1554.0 0.06
1555.2 0.07
1556.4 0.06
1557.6 0.06
1558.8 0.06
1560.0 0.13
1561.2 0.07
1562.4 0.06
1563.6 0.06
1564.8 0.06
1566.0 0.07
1567.2 0.14
1568.4 0.06
1569.6 0.08
1570.8 0.09
1572.0 0.08
1573.2 0.06
1574.4 0.06
1575.6 0.06
1576.8 0.06
1578.0 0.07
1579.2 0.06
1580.4 0.07
1581.6 0.06
1582.8 0.06
1584.0 0.07
1585.2 0.09
1586.4 0.06
1587.6 0.06
1588.8 0.06
1590.0 0.06
1591.2 0.07
1592.4 0.07
1593.6 0.07
1594.8 0.06
1596.0 0.06
1597.2 0.06
1598.4 0.06
1599.6 0.06
1600.8 0.06
1602.0 0.1
1603.2 0.06
1604.4 0.06
1605.6 0.06
1606.8 0.06
1608.0 0.06
1609.2 0.06
1610.4 0.06
1611.6 0.06
1612.8 0.06
1614.0 0.06
1615.2 0.06
1616.4 0.07
1617.6 0.06
1618.8 0.07
1620.0 0.06
1621.2 0.08
1622.4 0.06
1623.6 0.07
1624.8 0.06
1626.0 0.06
1627.2 0.06
1628.4 0.06
1629.6 0.06
1630.8 0.06
1632.0 0.06
1633.2 0.07
1634.4 0.06
1635.6 0.13
1636.8 0.06
1638.0 0.07
1639.2 0.06
1640.4 0.06
1641.6 0.08
1642.8 0.06
1644.0 0.07
1645.2 0.07
1646.4 0.07
1647.6 0.07
1648.8 0.07
1650.0 0.09
1651.2 0.06
1652.4 0.06
1653.6 0.06
1654.8 0.07
1656.0 0.06
1657.2 0.06
1658.4 0.06
1659.6 0.07
1660.8 0.07
1662.0 0.06
1663.2 0.06
1664.4 0.07
1665.6 0.07
1666.8 0.07
1668.0 0.06
1669.2 0.09
1670.4 0.07
1671.6 0.07
1672.8 0.07
1674.0 0.07
1675.2 0.07
1676.4 0.06
1677.6 0.06
1678.8 0.06
1680.0 0.06
1681.2 0.06
1682.4 0.06
1683.6 0.06
1684.8 0.06
1686.0 0.06
1687.2 0.07
1688.4 0.06
1689.6 0.06
1690.8 0.06
1692.0 0.06
1693.2 0.06
1694.4 0.06
1695.6 0.07
1696.8 0.06
1698.0 0.06
1699.2 0.06
1700.4 0.06
1701.6 0.06
1702.8 0.06
1704.0 0.06
1705.2 0.06
1706.4 0.06
1707.6 0.06
1708.8 0.06
1710.0 0.06
1711.2 0.08
1712.4 0.06
1713.6 0.06
1714.8 0.06
1716.0 0.06
1717.2 0.06
1718.4 0.07
1719.6 0.09
1720.8 0.08
1722.0 0.06
1723.2 0.06
1724.4 0.07
1725.6 0.07
1726.8 0.07
1728.0 0.07
1729.2 0.07
1730.4 0.07
1731.6 0.07
1732.8 0.07
1734.0 0.06
1735.2 0.06
1736.4 0.06
1737.6 0.06
1738.8 0.08
1740.0 0.06
1741.2 0.06
1742.4 0.05
1743.6 0.06
1744.8 0.06
1746.0 0.06
1747.2 0.05
1748.4 0.06
1749.6 0.06
1750.8 0.06
1752.0 0.07
1753.2 0.06
1754.4 0.06
1755.6 0.05
1756.8 0.06
1758.0 0.06
1759.2 0.06
1760.4 0.06
1761.6 0.06
1762.8 0.07
1764.0 0.06
1765.2 0.06
1766.4 0.07
1767.6 0.06
1768.8 0.06
1770.0 0.06
1771.2 0.06
1772.4 0.06
1773.6 0.06
1774.8 0.06
1776.0 0.06
1777.2 0.07
1778.4 0.07
1779.6 0.07
1780.8 0.06
1782.0 0.07
1783.2 0.08
1784.4 0.07
1785.6 0.09
1786.8 0.09
1788.0 0.08
1789.2 0.07
1790.4 0.07
1791.6 0.06
1792.8 0.06
1794.0 0.07
1795.2 0.06
1796.4 0.06
1797.6 0.06
1798.8 0.06
1800.0 0.06
1801.2 0.06
1802.4 0.06
1803.6 0.06
1804.8 0.06
1806.0 0.06
1807.2 0.08
1808.4 0.09
1809.6 0.08
1810.8 0.06
1812.0 0.07
1813.2 0.07
1814.4 0.06
1815.6 0.06
1816.8 0.07
1818.0 0.06
1819.2 0.06
1820.4 0.06
1821.6 0.06
1822.8 0.1
1824.0 0.06
1825.2 0.06
1826.4 0.06
1827.6 0.06
1828.8 0.06
1830.0 0.06
1831.2 0.05
1832.4 0.05
1833.6 0.06
1834.8 0.06
1836.0 0.06
1837.2 0.06
1838.4 0.07
1839.6 0.06
1840.8 0.06
1842.0 0.06
1843.2 0.06
1844.4 0.05
1845.6 0.05
1846.8 0.05
1848.0 0.05
1849.2 0.05
1850.4 0.06
1851.6 0.06
1852.8 0.06
1854.0 0.06
1855.2 0.06
1856.4 0.06
1857.6 0.06
1858.8 0.05
1860.0 0.06
1861.2 0.06
1862.4 0.06
1863.6 0.06
1864.8 0.05
1866.0 0.06
1867.2 0.06
1868.4 0.06
1869.6 0.06
1870.8 0.06
1872.0 0.05
1873.2 0.06
1874.4 0.06
1875.6 0.07
1876.8 0.06
1878.0 0.06
1879.2 0.06
1880.4 0.06
1881.6 0.06
1882.8 0.06
1884.0 0.06
1885.2 0.06
1886.4 0.06
1887.6 0.07
1888.8 0.07
1890.0 0.07
1891.2 0.07
1892.4 0.07
1893.6 0.06
1894.8 0.06
1896.0 0.06
1897.2 0.06
1898.4 0.06
1899.6 0.07
1900.8 0.06
1902.0 0.07
1903.2 0.07
1904.4 0.06
1905.6 0.06
1906.8 0.07
1908.0 0.07
1909.2 0.06
1910.4 0.06
1911.6 0.06
1912.8 0.06
1914.0 0.06
1915.2 0.06
1916.4 0.06
1917.6 0.06
1918.8 0.06
1920.0 0.06
1921.2 0.06
1922.4 0.06
1923.6 0.06
1924.8 0.06
1926.0 0.06
1927.2 0.06
1928.4 0.06
1929.6 0.06
1930.8 0.06
1932.0 0.06
1933.2 0.06
1934.4 0.06
1935.6 0.06
1936.8 0.07
1938.0 0.06
1939.2 0.06
1940.4 0.06
1941.6 0.06
1942.8 0.06
1944.0 0.06
1945.2 0.06
1946.4 0.06
1947.6 0.05
1948.8 0.05
1950.0 0.06
1951.2 0.06
1952.4 0.06
1953.6 0.06
1954.8 0.05
1956.0 0.06
1957.2 0.05
1958.4 0.06
1959.6 0.06
1960.8 0.1
1962.0 0.06
1963.2 0.06
1964.4 0.06
1965.6 0.06
1966.8 0.06
1968.0 0.06
1969.2 0.06
1970.4 0.05
1971.6 0.06
1972.8 0.06
1974.0 0.06
1975.2 0.06
1976.4 0.06
1977.6 0.06
1978.8 0.06
1980.0 0.06
1981.2 0.06
1982.4 0.06
1983.6 0.06
1984.8 0.06
1986.0 0.06
1987.2 0.07
1988.4 0.06
1989.6 0.06
1990.8 0.07
1992.0 0.07
1993.2 0.06
1994.4 0.07
1995.6 0.06
1996.8 0.09
1998.0 0.08
1999.2 0.08
2000.4 0.08
2001.6 0.06
2002.8 0.07
2004.0 0.07
2005.2 0.07
2006.4 0.07
2007.6 0.07
2008.8 0.06
2010.0 0.06
2011.2 0.07
2012.4 0.08
2013.6 0.09
2014.8 0.08
2016.0 0.06
2017.2 0.06
2018.4 0.06
2019.6 0.06
2020.8 0.06
2022.0 0.06
2023.2 0.06
2024.4 0.06
2025.6 0.06
2026.8 0.06
2028.0 0.06
2029.2 0.06
2030.4 0.06
2031.6 0.07
2032.8 0.07
2034.0 0.06
2035.2 0.08
2036.4 0.09
2037.6 0.08
2038.8 0.07
2040.0 0.07
2041.2 0.06
2042.4 0.06
2043.6 0.06
2044.8 0.07
2046.0 0.06
2047.2 0.06
2048.4 0.06
2049.6 0.06
2050.8 0.07
2052.0 0.09
2053.2 0.09
2054.4 0.09
2055.6 0.07
2056.8 0.07
2058.0 0.07
2059.2 0.06
2060.4 0.07
2061.6 0.07
2062.8 0.06
2064.0 0.07
2065.2 0.1
2066.4 0.09
2067.6 0.1
2068.8 0.09
2070.0 0.06
2071.2 0.06
2072.4 0.06
2073.6 0.06
2074.8 0.07
2076.0 0.07
2077.2 0.06
2078.4 0.06
2079.6 0.06
2080.8 0.06
2082.0 0.07
2083.2 0.06
2084.4 0.07
2085.6 0.07
2086.8 0.07
2088.0 0.07
2089.2 0.07
2090.4 0.06
2091.6 0.07
2092.8 0.06
2094.0 0.06
2095.2 0.06
2096.4 0.06
2097.6 0.07
2098.8 0.06
2100.0 0.07
2101.2 0.07
2102.4 0.06
2103.6 0.06
2104.8 0.06
2106.0 0.06
2107.2 0.07
2108.4 0.06
2109.6 0.07
2110.8 0.09
2112.0 0.09
2113.2 0.09
2114.4 0.09
2115.6 0.09
2116.8 0.09
2118.0 0.09
2119.2 0.09
2120.4 0.08
2121.6 0.09
2122.8 0.07
2124.0 0.06
2125.2 0.06
2126.4 0.06
2127.6 0.06
2128.8 0.09
2130.0 0.09
2131.2 0.09
2132.4 0.09
2133.6 0.06
2134.8 0.06
2136.0 0.06
2137.2 0.06
2138.4 0.06
2139.6 0.06
2140.8 0.06
2142.0 0.06
2143.2 0.06
2144.4 0.06
2145.6 0.05
2146.8 0.06
2148.0 0.06
2149.2 0.06
2150.4 0.05
2151.6 0.06
2152.8 0.06
2154.0 0.06
2155.2 0.06
2156.4 0.06
2157.6 0.06
2158.8 0.06
2160.0 0.06
2161.2 0.06
2162.4 0.06
2163.6 0.06
2164.8 0.06
2166.0 0.05
2167.2 0.06
2168.4 0.06
2169.6 0.06
2170.8 0.06
2172.0 0.06
2173.2 0.06
2174.4 0.06
2175.6 0.06
2176.8 0.1
2178.0 0.06
2179.2 0.06
2180.4 0.06
2181.6 0.06
2182.8 0.06
2184.0 0.07
2185.2 0.07
2186.4 0.07
2187.6 0.06
2188.8 0.06
2190.0 0.07
2191.2 0.06
2192.4 0.11
2193.6 0.06
2194.8 0.06
2196.0 0.06
2197.2 0.07
2198.4 0.07
2199.6 0.07
2200.8 0.07
2202.0 0.07
2203.2 0.07
2204.4 0.07
2205.6 0.06
2206.8 0.06
2208.0 0.06
2209.2 0.06
2210.4 0.06
2211.6 0.06
2212.8 0.06
2214.0 0.06
2215.2 0.05
2216.4 0.06
2217.6 0.06
2218.8 0.06
2220.0 0.06
2221.2 0.06
2222.4 0.06
2223.6 0.06
2224.8 0.06
2226.0 0.06
2227.2 0.06
2228.4 0.07
2229.6 0.06
2230.8 0.06
2232.0 0.07
2233.2 0.06
2234.4 0.06
2235.6 0.07
2236.8 0.07
2238.0 0.07
2239.2 0.06
2240.4 0.06
2241.6 0.06
2242.8 0.06
2244.0 0.07
2245.2 0.06
2246.4 0.06
2247.6 0.06
2248.8 0.06
2250.0 0.06
2251.2 0.07
2252.4 0.06
2253.6 0.06
2254.8 0.07
2256.0 0.06
2257.2 0.06
2258.4 0.06
2259.6 0.06
2260.8 0.06
2262.0 0.06
2263.2 0.06
2264.4 0.06
2265.6 0.06
2266.8 0.06
2268.0 0.06
2269.2 0.06
2270.4 0.06
2271.6 0.06
2272.8 0.06
2274.0 0.07
2275.2 0.06
2276.4 0.06
2277.6 0.06
2278.8 0.06
2280.0 0.06
2281.2 0.05
2282.4 0.06
2283.6 0.06
2284.8 0.07
2286.0 0.06
2287.2 0.06
2288.4 0.07
2289.6 0.07
2290.8 0.07
2292.0 0.07
2293.2 0.07
2294.4 0.07
2295.6 0.07
2296.8 0.07
2298.0 0.07
2299.2 0.06
2300.4 0.06
2301.6 0.06
2302.8 0.06
2304.0 0.06
2305.2 0.06
2306.4 0.05
2307.6 0.06
2308.8 0.06
2310.0 0.06
2311.2 0.06
2312.4 0.06
2313.6 0.06
2314.8 0.06
2316.0 0.06
2317.2 0.11
2318.4 0.06
2319.6 0.05
2320.8 0.06
2322.0 0.07
2323.2 0.06
2324.4 0.06
2325.6 0.06
2326.8 0.07
2328.0 0.09
2329.2 0.08
2330.4 0.09
2331.6 0.09
2332.8 0.08
2334.0 0.07
2335.2 0.07
2336.4 0.06
2337.6 0.06
2338.8 0.06
2340.0 0.06
2341.2 0.08
2342.4 0.09
2343.6 0.09
2344.8 0.08
2346.0 0.08
2347.2 0.08
2348.4 0.08
2349.6 0.06
2350.8 0.06
2352.0 0.06
2353.2 0.07
2354.4 0.07
2355.6 0.07
2356.8 0.07
2358.0 0.06
2359.2 0.06
2360.4 0.07
2361.6 0.06
2362.8 0.08
2364.0 0.14
2365.2 0.09
2366.4 0.08
2367.6 0.08
2368.8 0.09
2370.0 0.09
2371.2 0.11
2372.4 0.08
2373.6 0.08
2374.8 0.08
2376.0 0.08
2377.2 0.07
2378.4 0.07
2379.6 0.14
2380.8 0.06
2382.0 0.06
2383.2 0.06
2384.4 0.06
2385.6 0.07
2386.8 0.07
2388.0 0.07
2389.2 0.07
2390.4 0.07
2391.6 0.07
2392.8 0.07
2394.0 0.07
2395.2 0.06
2396.4 0.06
2397.6 0.06
2398.8 0.06
2400.0 0.06
2401.2 0.06
2402.4 0.06
2403.6 0.06
2404.8 0.06
2406.0 0.06
2407.2 0.06
2408.4 0.06
2409.6 0.06
2410.8 0.09
2412.0 0.06
2413.2 0.05
2414.4 0.06
2415.6 0.06
2416.8 0.06
2418.0 0.06
2419.2 0.06
2420.4 0.06
2421.6 0.06
2422.8 0.06
2424.0 0.05
2425.2 0.05
2426.4 0.07
2427.6 0.05
2428.8 0.05
2430.0 0.05
2431.2 0.08
2432.4 0.05
2433.6 0.06
2434.8 0.06
2436.0 0.06
2437.2 0.09
2438.4 0.06
2439.6 0.06
2440.8 0.06
2442.0 0.06
2443.2 0.06
2444.4 0.06
2445.6 0.06
2446.8 0.06
2448.0 0.06
2449.2 0.06
2450.4 0.06
2451.6 0.06
2452.8 0.1
2454.0 0.06
2455.2 0.06
2456.4 0.09
2457.6 0.06
2458.8 0.06
2460.0 0.06
2461.2 0.08
2462.4 0.07
2463.6 0.06
2464.8 0.06
2466.0 0.06
2467.2 0.06
2468.4 0.07
2469.6 0.06
2470.8 0.06
2472.0 0.06
2473.2 0.06
2474.4 0.06
2475.6 0.07
2476.8 0.06
2478.0 0.06
2479.2 0.06
2480.4 0.06
2481.6 0.07
2482.8 0.06
2484.0 0.06
2485.2 0.06
2486.4 0.06
2487.6 0.06
2488.8 0.06
2490.0 0.06
2491.2 0.06
2492.4 0.06
2493.6 0.06
2494.8 0.06
2496.0 0.06
2497.2 0.06
2498.4 0.06
2499.6 0.06
2500.8 0.06
2502.0 0.06
2503.2 0.06
2504.4 0.06
2505.6 0.06
2506.8 0.06
2508.0 0.06
2509.2 0.06
2510.4 0.06
2511.6 0.05
2512.8 0.06
2514.0 0.11
2515.2 0.06
2516.4 0.06
2517.6 0.06
2518.8 0.06
2520.0 0.05
2521.2 0.06
2522.4 0.05
2523.6 0.05
2524.8 0.05
2526.0 0.06
2527.2 0.05
2528.4 0.05
2529.6 0.06
2530.8 0.06
2532.0 0.06
2533.2 0.06
2534.4 0.06
2535.6 0.06
2536.8 0.06
2538.0 0.06
2539.2 0.06
2540.4 0.06
2541.6 0.06
2542.8 0.07
2544.0 0.06
2545.2 0.07
2546.4 0.06
2547.6 0.06
2548.8 0.06
2550.0 0.06
2551.2 0.06
2552.4 0.06
2553.6 0.07
2554.8 0.06
2556.0 0.07
2557.2 0.06
2558.4 0.07
2559.6 0.07
2560.8 0.06
2562.0 0.06
2563.2 0.06
2564.4 0.06
2565.6 0.06
2566.8 0.06
2568.0 0.06
2569.2 0.06
2570.4 0.06
2571.6 0.06
2572.8 0.06
2574.0 0.07
2575.2 0.06
2576.4 0.06
2577.6 0.06
2578.8 0.06
2580.0 0.06
2581.2 0.06
2582.4 0.06
2583.6 0.06
2584.8 0.08
2586.0 0.07
2587.2 0.07
2588.4 0.06
2589.6 0.06
2590.8 0.06
2592.0 0.06
2593.2 0.06
2594.4 0.06
2595.6 0.06
2596.8 0.05
2598.0 0.05
2599.2 0.07
2600.4 0.08
2601.6 0.08
2602.8 0.07
2604.0 0.08
2605.2 0.11
2606.4 0.08
2607.6 0.09
2608.8 0.08
2610.0 0.06
2611.2 0.06
2612.4 0.06
2613.6 0.06
2614.8 0.08
2616.0 0.06
2617.2 0.06
2618.4 0.06
2619.6 0.06
2620.8 0.06
2622.0 0.08
2623.2 0.08
2624.4 0.07
2625.6 0.08
2626.8 0.06
2628.0 0.06
2629.2 0.06
2630.4 0.06
2631.6 0.06
2632.8 0.06
2634.0 0.06
2635.2 0.06
2636.4 0.05
2637.6 0.05
2638.8 0.05
2640.0 0.08
2641.2 0.06
2642.4 0.07
2643.6 0.07
2644.8 0.08
2646.0 0.09
2647.2 0.07
2648.4 0.08
2649.6 0.11
2650.8 0.07
2652.0 0.07
2653.2 0.07
2654.4 0.06
2655.6 0.09
2656.8 0.08
2658.0 0.06
2659.2 0.07
2660.4 0.07
2661.6 0.07
2662.8 0.07
2664.0 0.08
2665.2 0.16
2666.4 0.09
2667.6 0.08
2668.8 0.09
2670.0 0.08
2671.2 0.06
2672.4 0.06
2673.6 0.06
2674.8 0.06
2676.0 0.06
2677.2 0.08
2678.4 0.06
2679.6 0.06
2680.8 0.06
2682.0 0.06
2683.2 0.06
2684.4 0.06
2685.6 0.06
2686.8 0.06
2688.0 0.06
2689.2 0.07
2690.4 0.05
2691.6 0.06
2692.8 0.06
2694.0 0.06
2695.2 0.06
2696.4 0.06
2697.6 0.06
2698.8 0.06
2700.0 0.06
2701.2 0.06
2702.4 0.06
2703.6 0.06
2704.8 0.06
2706.0 0.06
2707.2 0.06
2708.4 0.06
2709.6 0.06
2710.8 0.06
2712.0 0.06
2713.2 0.07
2714.4 0.05
2715.6 0.06
2716.8 0.05
2718.0 0.06
2719.2 0.06
2720.4 0.06
2721.6 0.06
2722.8 0.06
2724.0 0.06
2725.2 0.06
2726.4 0.06
2727.6 0.06
2728.8 0.06
2730.0 0.06
2731.2 0.06
2732.4 0.07
2733.6 0.06
2734.8 0.06
2736.0 0.07
2737.2 0.07
2738.4 0.07
2739.6 0.07
2740.8 0.07
2742.0 0.07
2743.2 0.06
2744.4 0.07
2745.6 0.06
2746.8 0.06
2748.0 0.06
2749.2 0.06
2750.4 0.06
2751.6 0.07
2752.8 0.09
2754.0 0.08
2755.2 0.06
2756.4 0.06
2757.6 0.06
2758.8 0.06
2760.0 0.06
2761.2 0.06
2762.4 0.06
2763.6 0.06
2764.8 0.06
2766.0 0.06
2767.2 0.06
2768.4 0.06
2769.6 0.06
2770.8 0.06
2772.0 0.06
2773.2 0.06
2774.4 0.06
2775.6 0.06
2776.8 0.06
2778.0 0.06
2779.2 0.06
2780.4 0.06
2781.6 0.06
2782.8 0.05
2784.0 0.06
2785.2 0.06
2786.4 0.08
2787.6 0.06
2788.8 0.07
2790.0 0.07
2791.2 0.07
2792.4 0.07
2793.6 0.07
2794.8 0.06
2796.0 0.06
2797.2 0.06
2798.4 0.06
2799.6 0.06
2800.8 0.06
2802.0 0.06
2803.2 0.05
2804.4 0.06
2805.6 0.06
2806.8 0.06
2808.0 0.06
2809.2 0.06
2810.4 0.06
2811.6 0.11
2812.8 0.08
2814.0 0.06
2815.2 0.09
2816.4 0.09
2817.6 0.09
2818.8 0.07
2820.0 0.07
2821.2 0.09
2822.4 0.07
2823.6 0.06
2824.8 0.06
2826.0 0.06
2827.2 0.06
2828.4 0.09
2829.6 0.09
2830.8 0.08
2832.0 0.08
2833.2 0.09
2834.4 0.08
2835.6 0.06
2836.8 0.06
2838.0 0.06
2839.2 0.06
2840.4 0.06
2841.6 0.07
2842.8 0.06
2844.0 0.06
2845.2 0.07
2846.4 0.07
2847.6 0.07
2848.8 0.06
2850.0 0.06
2851.2 0.06
2852.4 0.06
2853.6 0.08
2854.8 0.08
2856.0 0.09
2857.2 0.08
2858.4 0.07
2859.6 0.06
2860.8 0.06
2862.0 0.05
2863.2 0.05
2864.4 0.1
2865.6 0.05
2866.8 0.05
2868.0 0.05
2869.2 0.05
2870.4 0.05
2871.6 0.06
2872.8 0.06
2874.0 0.06
2875.2 0.06
2876.4 0.06
2877.6 0.06
2878.8 0.07
2880.0 0.06
2881.2 0.07
2882.4 0.06
2883.6 0.06
2884.8 0.06
2886.0 0.07
2887.2 0.06
2888.4 0.08
2889.6 0.09
2890.8 0.09
2892.0 0.1
2893.2 0.06
2894.4 0.06
2895.6 0.06
2896.8 0.06
2898.0 0.07
2899.2 0.09
2900.4 0.06
2901.6 0.08
2902.8 0.08
2904.0 0.08
2905.2 0.09
2906.4 0.07
2907.6 0.07
2908.8 0.06
2910.0 0.07
2911.2 0.06
2912.4 0.06
2913.6 0.06
2914.8 0.06
2916.0 0.06
2917.2 0.06
2918.4 0.06
2919.6 0.06
2920.8 0.06
2922.0 0.06
2923.2 0.06
2924.4 0.08
2925.6 0.08
2926.8 0.09
2928.0 0.09
2929.2 0.09
2930.4 0.08
2931.6 0.09
2932.8 0.09
2934.0 0.08
2935.2 0.09
2936.4 0.08
2937.6 0.07
2938.8 0.06
2940.0 0.06
2941.2 0.06
2942.4 0.06
2943.6 0.06
2944.8 0.06
2946.0 0.06
2947.2 0.06
2948.4 0.06
2949.6 0.06
2950.8 0.09
2952.0 0.06
2953.2 0.06
2954.4 0.06
2955.6 0.06
2956.8 0.07
2958.0 0.07
2959.2 0.07
2960.4 0.07
2961.6 0.09
2962.8 0.1
2964.0 0.06
2965.2 0.06
2966.4 0.06
2967.6 0.06
2968.8 0.06
2970.0 0.06
2971.2 0.07
2972.4 0.06
2973.6 0.06
2974.8 0.06
2976.0 0.06
2977.2 0.06
2978.4 0.06
2979.6 0.06
2980.8 0.06
2982.0 0.06
2983.2 0.06
2984.4 0.06
2985.6 0.09
2986.8 0.09
2988.0 0.08
2989.2 0.06
2990.4 0.07
2991.6 0.06
2992.8 0.06
2994.0 0.08
2995.2 0.08
2996.4 0.07
2997.6 0.08
2998.8 0.1
3000.0 0.08
3001.2 0.06
3002.4 0.06
3003.6 0.06
3004.8 0.06
3006.0 0.1
3007.2 0.06
3008.4 0.06
3009.6 0.06
3010.8 0.06
3012.0 0.06
3013.2 0.06
3014.4 0.06
3015.6 0.09
3016.8 0.08
3018.0 0.09
3019.2 0.09
3020.4 0.06
3021.6 0.06
3022.8 0.06
3024.0 0.07
3025.2 0.06
3026.4 0.06
3027.6 0.06
3028.8 0.06
3030.0 0.06
3031.2 0.06
3032.4 0.07
3033.6 0.07
3034.8 0.07
3036.0 0.06
3037.2 0.06
3038.4 0.07
3039.6 0.06
3040.8 0.06
3042.0 0.05
3043.2 0.08
3044.4 0.08
3045.6 0.06
3046.8 0.06
3048.0 0.06
3049.2 0.06
3050.4 0.06
3051.6 0.06
3052.8 0.06
3054.0 0.07
3055.2 0.07
3056.4 0.06
3057.6 0.09
3058.8 0.06
3060.0 0.06
3061.2 0.06
3062.4 0.06
3063.6 0.06
3064.8 0.07
3066.0 0.06
3067.2 0.06
3068.4 0.07
3069.6 0.06
3070.8 0.06
3072.0 0.07
3073.2 0.06
3074.4 0.06
3075.6 0.06
3076.8 0.06
3078.0 0.06
3079.2 0.06
3080.4 0.06
3081.6 0.06
3082.8 0.06
3084.0 0.05
3085.2 0.06
3086.4 0.06
3087.6 0.05
3088.8 0.06
3090.0 0.06
3091.2 0.06
3092.4 0.06
3093.6 0.06
3094.8 0.06
3096.0 0.06
3097.2 0.06
3098.4 0.06
3099.6 0.05
