1.32 1.42
9.72 1.42
18.12 1.46
26.64 1.48
35.16 1.51
43.44 1.52
51.84 1.55
60.12 1.51
68.52 1.49
76.92 1.51
85.32 1.48
93.72 1.52
102.12 1.55
110.52 1.53
119.04 1.52
127.44 1.49
135.72 1.48
144.12 1.5
152.52 1.5
160.92 1.55
169.32 1.51
177.72 1.52
186.12 1.53
194.52 1.52
202.92 1.51
211.32 1.48
219.72 1.49
228.12 1.5
236.52 1.51
244.92 1.5
253.56 1.52
261.72 1.52
270.36 1.52
278.52 1.49
286.92 1.49
295.56 1.51
303.72 1.52
312.12 1.56
320.52 1.57
328.92 1.59
337.32 1.53
345.72 1.49
354.12 1.5
362.52 1.55
371.04 1.58
379.32 1.56
387.72 1.59
396.24 1.57
404.52 1.51
412.92 1.48
421.32 1.49
429.72 1.5
438.12 1.52
446.76 1.57
454.92 1.53
463.32 1.53
471.72 1.51
480.12 1.47
488.64 1.48
496.92 1.52
508.56 1.95
522.24 3.09
532.44 3.65
543.0 3.08
552.12 2.65
562.68 2.88
572.4 3.26
581.64 3.23
591.84 3.13
601.8 3.12
614.16 3.54
623.76 3.2
635.88 3.18
647.64 3.21
658.56 3.42
669.6 3.23
678.36 2.87
687.6 3.02
698.52 2.82
708.84 3.2
719.16 3.09
728.16 2.55
738.0 2.57
749.28 2.96
759.12 3.07
771.6 3.28
780.84 2.94
791.52 2.86
803.28 2.83
813.12 3.06
824.28 2.94
838.32 3.12
845.64 3.41
854.88 3.2
868.8 3.51
880.08 3.51
890.88 3.58
900.48 3.41
910.56 3.34
920.4 2.85
933.0 2.79
942.36 2.78
955.68 3.44
966.72 3.75
977.52 3.72
989.88 3.87
1000.44 3.51
1010.4 3.2
1023.24 3.16
1030.92 3.16
1041.24 3.25
1050.96 2.75
1062.48 2.78
1072.68 2.87
1080.96 2.53
1092.84 2.86
1104.48 3.1
1112.76 3.08
1122.48 3.06
1133.28 2.88
1145.52 3.05
1155.24 2.96
1165.68 3.33
1175.28 3.26
1184.88 3.29
1194.24 3.65
1200 8
1208.76 3.98
1220.28 4.0
1232.16 4.14
1240.68 3.4
1248.96 2.97
1261.32 3.04
1273.56 3.67
1281.0 3.48
1290.36 2.75
1300.2 2.91
1311.48 3.16
1323.84 3.44
1335.6 3.52
1347.0 3.61
1355.64 3.12
1365.72 3.02
1376.4 2.98
1387.08 3.02
1396.68 2.82
1409.52 3.42
1419.48 3.21
1430.28 3.39
1439.52 2.91
1448.64 2.87
1458.0 2.67
1467.36 2.65
1478.52 3.06
1488.48 2.97
1500.12 3.25
1514.04 3.54
1526.16 3.61
1536.12 3.5
1547.88 3.04
1557.0 2.78
1568.4 3.37
1580.4 3.71
1589.76 3.15
1600.2 3.18
1611.36 3.09
1621.44 3.13
1630.2 3.18
1640.16 3.2
1650.84 3.56
1660.56 3.35
1669.56 3.04
1681.56 3.03
1693.92 3.25
1704.84 3.03
1716.6 3.09
1727.64 3.03
1738.08 2.72
1748.88 2.79
1761.0 3.26
1773.6 3.65
1786.32 3.62
1796.04 3.49
1806.48 3.42
1815.72 2.98
1827.48 3.03
1836.48 3.1
1845.96 2.97
1856.28 3.03
1866.36 3.26
1878.84 3.57
1891.08 3.38
1901.64 3.49
1911.72 3.1
1921.2 3.26
1929.96 3.2
1941.6 3.05
1950.96 2.99
1960.2 3.26
1971.96 3.13
1983.36 3.52
1995.6 3.7
2006.16 3.63
2016.24 3.97
2026.8 4.1
2036.64 3.44
2048.16 2.86
2060.76 3.1
2072.28 3.62
2082.6 3.86
2091.0 3.37
2101.56 3.21
2109.72 2.66
2122.32 2.65
2131.08 2.98
2141.04 3.18
2151.6 2.98
2160.36 3.04
2170.92 3.09
2181.6 3.3
2193.12 3.14
2203.56 3.13
2214.48 3.08
2223.36 3.13
2235.0 3.27
2245.8 3.1
2256.84 2.88
2265.6 2.83
2276.04 3.06
2286.36 3.17
2296.8 3.2
2306.76 2.82
2316.24 3.18
2327.76 3.45
2339.16 3.49
2349.36 3.24
2361.24 3.7
2371.44 3.5
2382.96 3.42
2394.48 3.21
2407.08 3.36
2417.16 3.29
2427.0 3.09
2436.36 2.98
2445.0 3.28
2456.28 3.25
2467.32 3.3
2478.12 3.17
2490.12 3.29
2499.6 3.19
2508.0 3.04
2518.44 2.89
2532.72 2.99
2542.8 3.09
2554.44 3.56
2566.92 3.91
2576.04 3.61
2586.6 2.98
2596.68 2.97
2605.08 2.95
2616.48 3.02
2624.04 3.04
2635.68 3.46
2645.64 3.72
2654.04 3.44
2665.56 3.18
2676.84 3.35
2688.12 3.28
2696.04 2.95
2709.0 2.87
2718.72 3.17
2730.36 3.42
2741.04 3.5
2753.88 4.01
2764.56 3.73
2776.8 3.93
2786.4 3.46
2795.28 3.06
2810.04 3.04
2819.76 3.03
2829.72 2.71
2841.0 2.65
2854.92 2.93
2864.76 3.1
2875.32 3.18
2888.76 3.55
2896.68 3.35
2905.44 3.12
2915.4 2.56
2924.64 2.42
2938.56 2.87
2947.92 2.78
2963.28 3.37
2973.6 3.18
2982.6 3.12
2993.52 3.23
3005.28 3.35
3013.8 3.26
3024.84 3.07
3034.8 3.39
3048.12 3.41
3061.44 3.46
3072.96 3.41
3085.44 3.4
3096.96 3.34
