16.7999999999999 -4914.04196471218
17.5499999999999 -4919.27034886458
18.2999999999999 -4903.6301929628
19.05 -4899.42008746503
19.8 -4899.25689458579
20.55 -4901.40062011876
21.3000000000001 -4883.09609504639
22.0500000000001 -4881.03566615826
22.8000000000001 -4874.01494378212
23.5500000000001 -4874.16689652708
24.3000000000002 -4852.95156615939
25.0500000000002 -4845.17067857708
25.8000000000002 -4822.35595028518
26.5500000000002 -4837.46300936065
27.3000000000003 -4813.20708969337
28.0500000000003 -4802.59342537947
28.8000000000003 -4797.28251212502
29.5500000000004 -4770.62568747817
30.3000000000004 -4781.16591109278
31.0500000000004 -4753.06154766716
31.8000000000004 -4740.98803822253
32.5500000000005 -4731.47867915069
33.3000000000005 -4700.89518311597
34.0500000000005 -4688.1106361611
34.8000000000006 -4667.99140447812
35.5500000000006 -4635.08067727787
36.3000000000006 -4647.85038751457
37.0500000000006 -4613.40215439095
37.8000000000007 -4594.20674918679
38.5500000000007 -4558.11117449008
39.3000000000007 -4538.45029089075
40.0500000000008 -4517.05389000241
40.8000000000008 -4505.56374195674
41.5500000000008 -4482.23357180704
42.3000000000008 -4468.4754130361
43.0500000000009 -4428.0965392359
43.8000000000009 -4386.80382672408
44.5500000000009 -4384.08770353056
45.300000000001 -4361.80673029235
46.050000000001 -4318.80245411018
46.800000000001 -4292.84245780597
47.550000000001 -4248.48106974295
48.3000000000011 -4241.90079691839
49.0500000000011 -4196.53959513829
49.8000000000011 -4150.40700019049
50.5500000000012 -4145.72745940078
51.3000000000012 -4116.73281229231
52.0500000000012 -4090.75874141063
52.8000000000012 -4042.91567937509
53.5500000000013 -3994.43632270835
54.3000000000013 -3983.27950505128
55.0500000000013 -3934.22908735467
55.8000000000014 -3901.75629452415
56.5500000000014 -3875.03091770927
57.3000000000014 -3824.98697764727
58.0500000000014 -3814.6019524556
58.8000000000015 -3764.22972670481
59.5500000000015 -3727.86171577194
60.3000000000015 -3700.04043459087
61.0500000000016 -3649.16541906854
61.8000000000016 -3597.99543161532
62.5500000000016 -3551.65156348358
63.3000000000016 -3554.7060695586
64.0500000000017 -3503.6818006634
64.8000000000017 -3464.80505067019
65.5500000000017 -3438.90846628708
66.3000000000017 -3388.05388586584
67.0500000000018 -3378.62418661634
67.8000000000018 -3328.18542953293
68.5500000000018 -3295.65894175856
69.3000000000019 -3259.62723322501
70.0500000000019 -3233.84822561459
70.8000000000019 -3184.41924993239
71.5500000000019 -3154.02164383341
72.300000000002 -3124.46479507351
73.050000000002 -3094.1860194697
73.800000000002 -3046.16258669045
74.5500000000021 -3020.39678065547
75.3000000000021 -2985.49697139768
76.0500000000021 -2938.70367713487
76.8000000000021 -2905.7801877117
77.5500000000022 -2887.12160807548
78.3000000000022 -2865.2486799351
79.0500000000022 -2839.62259744112
79.8000000000023 -2795.23892303162
80.5500000000023 -2767.52967966352
81.3000000000023 -2747.26305369887
82.0500000000023 -2721.67143055548
82.8000000000024 -2679.51245117926
83.5500000000024 -2652.98297151401
84.3000000000024 -2638.26288527214
85.0500000000025 -2613.94482557225
85.8000000000025 -2574.15894803399
86.5500000000025 -2551.09805188948
87.3000000000025 -2538.29493225034
88.0500000000026 -2500.21738644648
88.8000000000026 -2499.96842508646
89.5500000000026 -2463.29292933662
90.3000000000027 -2442.73250930122
91.0500000000027 -2407.21054852301
91.8000000000027 -2389.50763497526
92.5500000000027 -2374.71972286958
93.3000000000028 -2366.59239767393
94.0500000000028 -2349.40791954226
94.8000000000028 -2315.24163754151
95.5500000000029 -2288.30770484656
96.3000000000029 -2285.24556687921
97.0500000000029 -2267.40729486336
97.8000000000029 -2258.65314691807
98.550000000003 -2226.76846009442
99.300000000003 -2206.73144964719
100.050000000003 -2201.92033467139
100.800000000003 -2194.16590665389
101.550000000003 -2163.8932506652
102.300000000003 -2145.57309212384
103.050000000003 -2115.96843389666
103.800000000003 -2100.14614481817
104.550000000003 -2070.85405139233
105.300000000003 -2081.11786121194
106.050000000003 -2082.47613072541
106.800000000003 -2071.90824820032
107.550000000003 -2064.81575920699
108.300000000003 -2037.029893857
109.050000000003 -2026.21687811188
109.800000000003 -2020.51921773601
110.550000000003 -1993.67877694656
111.300000000003 -1983.24305150573
112.050000000003 -1979.12247041421
112.800000000004 -1969.83088127992
113.550000000004 -1965.13869978073
114.300000000004 -1940.28571771276
115.050000000004 -1915.41260220602
115.800000000004 -1892.25742441439
116.550000000004 -1892.73730137876
117.300000000004 -1892.3941521362
118.050000000004 -1891.37733266136
118.800000000004 -1884.10556889195
119.550000000004 -1884.69055174079
120.300000000004 -1862.62856365881
121.050000000004 -1856.81275313045
121.800000000004 -1835.33939001681
122.550000000004 -1850.70950595668
123.300000000004 -1829.64246847184
124.050000000004 -1828.31856999274
124.800000000004 -1822.92768160838
125.550000000004 -1802.60539693911
126.300000000004 -1797.43236537341
127.050000000004 -1798.40701448028
127.800000000004 -1793.17267061497
128.550000000004 -1795.21459230492
129.300000000004 -1776.16749048226
130.050000000004 -1770.96727331881
130.800000000004 -1770.70469817081
131.550000000004 -1771.02611294187
132.300000000004 -1752.65866376588
133.050000000004 -1752.93672416699
133.800000000004 -1754.3455324896
134.550000000004 -1736.54708792196
135.300000000004 -1727.54537849413
136.050000000004 -1732.64373672004
136.800000000004 -1732.41497634386
137.550000000004 -1735.50084665336
138.300000000004 -1733.16271173704
139.050000000005 -1716.46410456462
139.800000000005 -1699.73797751122
140.550000000005 -1684.48866416151
141.300000000005 -1717.25656912173
142.050000000005 -1656.79553341018
142.800000000005 -1702.44731805448
143.550000000005 -1702.81305644295
144.300000000005 -1686.91985731696
145.050000000005 -1681.05202226074
145.800000000005 -1687.86523013945
146.550000000005 -1684.60118992618
147.300000000005 -1669.07562144247
148.050000000005 -1653.43349660699
148.800000000005 -1670.73641616905
149.550000000005 -1669.09062267359
150.300000000005 -1671.53859926105
151.050000000005 -1656.32531580615
151.800000000005 -1659.37471672347
152.550000000005 -1653.65389493532
153.300000000005 -1661.40745303505
154.050000000005 -1646.28134552079
154.800000000005 -1643.54410567776
155.550000000005 -1641.20510977827
156.300000000005 -1626.17151414621
157.050000000005 -1646.0548217326
157.800000000005 -1631.1071917965
158.550000000005 -1622.37377144941
159.300000000005 -1627.49046327852
160.050000000005 -1631.95313243614
160.800000000005 -1616.9863341753
161.550000000005 -1607.60775088003
162.300000000005 -1616.64619120389
163.050000000005 -1601.60625273812
163.800000000005 -1597.41073094734
164.550000000005 -1600.65700211208
165.300000000005 -1600.79413846374
166.050000000006 -1585.66303390636
166.800000000006 -1575.27311461199
167.550000000006 -1581.90490456101
168.300000000006 -1566.6527052459
169.050000000006 -1555.82207630659
169.800000000006 -1553.97424796241
170.550000000006 -1566.24690754784
171.300000000006 -1565.60634896439
172.050000000006 -1565.09315745774
172.800000000006 -1549.7715674481
173.550000000006 -1543.34290789719
174.300000000006 -1551.38594957797
175.050000000006 -1535.8616224407
175.800000000006 -1522.29945113529
176.550000000006 -1533.49881964868
177.300000000006 -1537.32259240838
178.050000000006 -1521.64472796169
178.800000000006 -1540.09409040202
179.550000000006 -1524.41617749913
180.300000000006 -1520.90072093458
181.050000000006 -1523.0596715167
181.800000000006 -1507.24683624492
182.550000000006 -1508.75307283543
183.300000000006 -1504.1471969416
184.050000000006 -1511.27468432591
184.800000000006 -1495.31017388415
185.550000000006 -1495.24103034145
186.300000000006 -1498.82366313043
187.050000000006 -1506.05979425777
187.800000000006 -1508.9009495225
188.550000000006 -1492.65050479044
189.300000000006 -1494.55038333088
190.050000000006 -1495.93707174439
190.800000000006 -1501.84856975062
191.550000000006 -1485.32393538305
192.300000000007 -1480.01187330051
193.050000000007 -1489.24272913971
193.800000000007 -1493.74117192318
194.550000000007 -1476.74091544089
195.300000000007 -1476.41301411416
196.050000000007 -1479.93614806709
196.800000000007 -1480.70631879037
197.550000000007 -1463.2504830121
198.300000000007 -1461.70696654798
199.050000000007 -1465.09022358101
199.800000000007 -1468.7776406981
200.550000000007 -1450.87848710529
201.300000000007 -1451.16540132842
202.050000000007 -1452.22165984541
202.800000000007 -1433.85259433018
203.550000000007 -1419.09699434872
204.300000000007 -1422.65204925585
205.050000000007 -1430.16836828244
205.800000000007 -1432.78430367383
206.550000000007 -1432.57191540254
207.300000000007 -1413.58067727053
208.050000000007 -1414.11320383053
208.800000000007 -1411.30514149457
209.550000000007 -1409.8325241436
210.300000000007 -1390.31947113659
211.050000000007 -1370.47762786584
211.800000000007 -1382.41839012463
212.550000000007 -1362.52533098922
213.300000000007 -1360.80348642156
214.050000000007 -1359.9306610324
214.800000000007 -1339.56848886709
215.550000000007 -1328.59192908481
216.300000000007 -1330.38097682071
217.050000000007 -1327.32100877597
217.800000000007 -1328.80859115861
218.550000000008 -1307.91905055184
219.300000000008 -1301.92503812963
220.050000000008 -1300.4511958655
220.800000000008 -1298.33465821465
221.550000000008 -1277.00798933632
222.300000000008 -1269.03286275308
223.050000000008 -1270.25507863104
223.800000000008 -1248.57201373542
224.550000000008 -1261.50227847363
225.300000000008 -1239.79173164186
226.050000000008 -1234.99066684416
226.800000000008 -1230.61128311001
227.550000000008 -1226.13889498047
228.300000000008 -1204.1482102069
229.050000000008 -1199.58364918939
229.800000000008 -1177.33289640915
230.550000000008 -1189.67743827925
231.300000000008 -1167.44120839326
232.050000000008 -1153.78787319403
232.800000000008 -1158.78148878104
233.550000000008 -1153.30165811785
234.300000000008 -1130.8390801537
235.050000000008 -1124.27082205155
235.800000000008 -1115.00925253496
236.550000000008 -1092.43003021656
237.300000000008 -1087.27979268295
238.050000000008 -1077.38389907418
238.800000000008 -1077.85639548295
239.550000000008 -1078.2986725553
240.300000000008 -1055.5240132208
241.050000000008 -1037.80364617742
241.800000000008 -1043.91454204714
242.550000000008 -1039.09944220902
243.300000000008 -1034.26596395003
244.050000000008 -1011.51624975886
244.800000000009 -1003.62728618914
245.550000000009 -994.650493298788
246.300000000009 -971.959890428592
247.050000000009 -966.17655228954
247.800000000009 -963.506014265672
248.550000000009 -961.894104672916
249.300000000009 -955.096408553231
250.050000000009 -932.515331056701
250.800000000009 -926.870032443882
251.550000000009 -922.283184042754
252.300000000009 -899.763677645077
253.050000000009 -877.097624768413
253.800000000009 -850.699731712812
254.550000000009 -882.86885980506
255.300000000009 -880.591750499602
256.050000000009 -858.377083644907
256.800000000008 -841.19254480329
257.550000000008 -844.835486381853
258.300000000007 -822.800569098902
259.050000000006 -810.519614554
259.800000000005 -813.823405976508
260.550000000005 -810.974024311652
261.300000000004 -810.799006020951
262.050000000003 -804.974848764103
262.800000000003 -783.438357271379
263.550000000002 -781.448360540116
264.300000000001 -775.913969428717
265.050000000001 -771.478448415186
265.8 -750.271649276034
266.549999999999 -747.610632358646
267.299999999999 -739.832294955747
268.049999999998 -739.420135036609
268.799999999997 -718.606023149715
269.549999999997 -714.298995148316
270.299999999996 -714.213160462974
271.049999999995 -709.548831679033
271.799999999995 -689.115384002293
272.549999999994 -677.975137873992
273.299999999993 -657.85621927241
274.049999999993 -655.499601090516
274.799999999992 -650.453106701349
275.549999999991 -659.181823238045
276.29999999999 -659.714651142031
277.04999999999 -656.139125551145
277.799999999989 -656.789212186349
278.549999999988 -638.0502337248
279.299999999988 -619.262075137974
280.049999999987 -635.156704157283
280.799999999986 -636.227159158978
281.549999999986 -618.925629609811
282.299999999985 -618.627680719303
283.049999999984 -618.381558876445
283.799999999984 -601.267020658527
284.549999999983 -600.693970646142
285.299999999982 -603.753304813714
286.049999999982 -601.156620671466
286.799999999981 -584.273326760502
287.54999999998 -584.926794814865
288.29999999998 -586.653716533262
289.049999999979 -587.900079108929
289.799999999978 -588.13755778609
290.549999999978 -571.515049101097
291.299999999977 -570.317599009597
292.049999999976 -553.675328403667
292.799999999975 -549.432739738979
293.549999999975 -554.124676097555
294.299999999974 -562.498642312062
295.049999999973 -557.971805204378
295.799999999973 -566.021191728132
296.549999999972 -550.394443595395
297.299999999971 -545.166095325135
298.049999999971 -552.949137092109
298.79999999997 -537.486790653838
299.549999999969 -534.057415341299
300.299999999969 -540.424955980471
301.049999999968 -539.551385023912
301.799999999967 -545.452064019411
302.549999999967 -530.251708900375
303.299999999966 -529.950764046597
304.049999999965 -535.820408736547
304.799999999965 -538.043379110787
305.549999999964 -522.783973512966
306.299999999963 -519.901505688313
307.049999999962 -520.064157910442
307.799999999962 -504.969524970056
308.549999999961 -533.156475467388
309.29999999996 -518.102862400114
310.04999999996 -518.967913696854
310.799999999959 -503.75674990402
311.549999999958 -488.673145561579
312.299999999958 -468.184152760693
313.049999999957 -470.513044571025
313.799999999956 -516.074135976618
314.549999999956 -502.995651124969
315.299999999955 -507.386691154928
316.049999999954 -512.753696962576
316.799999999954 -499.433119885626
317.549999999953 -522.930476016234
318.299999999952 -509.876984673926
319.049999999952 -512.724503915843
319.799999999951 -512.845759549815
320.54999999995 -499.567496628078
321.29999999995 -506.789104021973
322.049999999949 -514.955412194349
322.799999999948 -517.874520371143
323.549999999947 -518.580393069262
324.299999999947 -504.873640123751
325.049999999946 -490.87808556387
325.799999999945 -480.804506891661
326.549999999945 -520.141100427216
327.299999999944 -506.232632664342
328.049999999943 -506.696021339373
328.799999999943 -492.503870233964
329.549999999942 -512.91603359077
330.299999999941 -520.281106800575
331.049999999941 -505.901041202017
331.79999999994 -507.36750994841
332.549999999939 -492.616577907658
333.299999999939 -486.663576528596
334.049999999938 -471.704203654314
334.799999999937 -464.103388720983
335.549999999937 -449.233201193057
336.299999999936 -478.669975473514
337.049999999935 -489.390054109369
337.799999999935 -496.356863327875
338.549999999934 -498.550724722829
339.299999999933 -483.551906351712
340.049999999932 -468.278772483158
340.799999999932 -477.410189018887
341.549999999931 -487.387043400892
342.29999999993 -493.050398045371
343.04999999993 -477.966408797816
343.799999999929 -480.859614633654
344.549999999928 -477.905648587653
345.299999999928 -484.168516686603
346.049999999927 -468.65725860587
346.799999999926 -470.583206663376
347.549999999926 -454.72836392724
348.299999999925 -475.626504439977
349.049999999924 -459.664477922033
349.799999999924 -459.118792462716
350.549999999923 -460.504809303146
351.299999999922 -461.245044243225
352.049999999922 -444.898970280695
352.799999999921 -447.029256908708
353.54999999992 -440.191143920065
354.29999999992 -448.86900070742
355.049999999919 -432.095861609171
355.799999999918 -429.18310384378
356.549999999917 -412.143737863966
357.299999999917 -396.003912901525
358.049999999916 -413.198059981969
358.799999999915 -418.34837018807
359.549999999915 -420.306195108548
360.299999999914 -419.03766727248
361.049999999913 -421.30826355904
361.799999999913 -404.453190497397
362.549999999912 -404.511476047304
363.299999999911 -406.541601442442
364.049999999911 -389.346764723132
364.79999999991 -381.104076519671
365.549999999909 -380.15627587751
366.299999999909 -391.378806851836
367.049999999908 -374.517545268871
367.799999999907 -367.718849583387
368.549999999907 -376.375073677387
369.299999999906 -359.596151376968
370.049999999905 -378.473086153273
370.799999999905 -362.097245248229
371.549999999904 -358.714431483982
372.299999999903 -359.004702468518
373.049999999902 -364.632811775719
373.799999999902 -348.588551813295
374.549999999901 -349.625163769112
375.2999999999 -353.21113512063
376.0499999999 -337.098747738013
376.799999999899 -329.686707928612
377.549999999898 -339.362997681937
378.299999999898 -342.247361553079
379.049999999897 -345.13091593897
379.799999999896 -345.870353507962
380.549999999896 -330.220148754865
381.299999999895 -330.10708360448
382.049999999894 -314.512458215928
382.799999999894 -312.204755978181
383.549999999893 -319.800857569166
384.299999999892 -322.840725168604
385.049999999892 -324.880009329627
385.799999999891 -309.960251884541
386.54999999989 -308.205743440903
387.29999999989 -293.709239277297
388.049999999889 -315.723181227305
388.799999999888 -301.738384443703
389.549999999887 -302.914368163776
390.299999999887 -310.988724290026
391.049999999886 -297.385324532786
391.799999999885 -292.927251618652
392.549999999885 -279.908857679708
393.299999999884 -312.18875523775
394.049999999883 -320.58741775625
394.799999999883 -307.699969205165
395.549999999882 -294.810882060861
396.299999999881 -313.628622380689
397.049999999881 -322.758702595828
397.79999999988 -323.965944213837
398.549999999879 -311.291789581153
399.299999999879 -318.126924843643
400.049999999878 -321.762974414509
400.799999999877 -324.242658982501
401.549999999877 -311.305046923135
402.299999999876 -313.262423111596
403.049999999875 -325.53465511948
403.799999999875 -325.736905358401
404.549999999874 -312.523880663355
405.299999999873 -312.127168845823
406.049999999872 -321.505853584052
406.799999999872 -323.99599178629
407.549999999871 -310.450791589855
408.29999999987 -315.861128171581
409.04999999987 -313.87533525257
409.799999999869 -322.77735614273
410.549999999868 -329.976781463977
411.299999999868 -315.916942453209
412.049999999867 -318.225645793913
412.799999999866 -319.833813940434
413.549999999866 -324.423130990833
414.299999999865 -309.837033040824
415.049999999864 -305.96704415545
415.799999999864 -315.545546698452
416.549999999863 -316.649150733128
417.299999999862 -301.741674842481
418.049999999862 -306.287458351089
418.799999999861 -308.106255807032
419.54999999986 -292.741672947569
420.299999999859 -291.375665408909
421.049999999859 -297.607245985443
421.799999999858 -294.94759402692
422.549999999857 -302.131556566483
423.299999999857 -286.453760141542
424.049999999856 -285.7437502337
424.799999999855 -282.387413587255
425.549999999855 -266.855780074297
426.299999999854 -260.244907815127
427.049999999853 -274.712373343626
427.799999999853 -276.209257239979
428.549999999852 -283.979910570307
429.299999999851 -268.955057389106
430.049999999851 -269.47858619307
430.79999999985 -254.47218129387
431.549999999849 -240.875477423876
432.299999999849 -280.111089897249
433.049999999848 -265.568667767797
433.799999999847 -269.546642917961
434.549999999847 -254.832994697336
435.299999999846 -246.188846116886
436.049999999845 -258.217816780065
436.799999999844 -264.027241953431
437.549999999844 -263.604749990224
438.299999999843 -249.332774230397
439.049999999842 -251.133487720593
439.799999999842 -259.620712360342
440.549999999841 -259.771129615162
441.29999999984 -264.034744417772
442.04999999984 -249.775341603513
442.799999999839 -254.570598876998
443.549999999838 -255.743534164722
444.299999999838 -241.435523821552
445.049999999837 -241.720702965879
445.799999999836 -248.240916209904
446.549999999836 -250.131499788228
447.299999999835 -236.075235391376
448.049999999834 -231.394954934406
448.799999999834 -237.670599291858
449.549999999833 -223.971301807289
450.299999999832 -222.229390786997
451.049999999832 -208.753081856537
451.799999999831 -209.881765776763
452.54999999983 -250.181456922361
453.299999999829 -253.695205190763
454.049999999829 -240.159831913519
454.799999999828 -226.551925408105
455.549999999827 -248.301161060363
456.299999999827 -234.610612770867
457.049999999826 -220.863288233492
457.799999999825 -239.181371363692
458.549999999825 -241.158283314609
459.299999999824 -227.725164984987
460.049999999823 -223.159079511459
460.799999999823 -228.499549872995
461.549999999822 -241.722396356829
462.299999999821 -247.618976107143
463.049999999821 -254.510100705192
463.79999999982 -241.247095928494
464.549999999819 -243.859993756821
465.299999999819 -250.496223624378
466.049999999818 -236.871348168813
466.799999999817 -234.173354409914
467.549999999817 -244.290176458197
468.299999999816 -248.607494102651
469.049999999815 -234.716264302887
469.799999999814 -232.276837444795
470.549999999814 -239.054637844109
471.299999999813 -225.092811465154
472.049999999812 -215.400535431202
472.799999999812 -228.954546654308
473.549999999811 -233.706315695442
474.29999999981 -243.0993586485
475.04999999981 -229.132282696529
475.799999999809 -226.645166659341
476.549999999808 -230.825519654886
477.299999999808 -236.021345003737
478.049999999807 -243.246381597261
478.799999999806 -247.255351768624
479.549999999806 -233.219613819677
480.299999999805 -235.065345892878
481.049999999804 -234.740925923749
481.799999999804 -241.716492219042
482.549999999803 -227.571347836966
483.299999999802 -231.876754175713
484.049999999802 -230.927393603926
484.799999999801 -216.686371263922
485.5499999998 -219.459629308774
486.299999999799 -224.817813852557
487.049999999799 -229.105631462423
487.799999999798 -233.351025902315
488.549999999797 -219.066517626458
489.299999999797 -220.223256397677
490.049999999796 -220.305850685707
490.799999999795 -206.119328061748
491.549999999795 -191.913044173697
492.299999999794 -212.108629711224
493.049999999793 -222.940838909729
493.799999999793 -226.438195721934
494.549999999792 -212.392676154444
495.299999999791 -207.144811888086
496.049999999791 -219.037531083131
496.79999999979 -205.026889005927
497.549999999789 -202.523446794514
498.299999999789 -188.652552968216
499.049999999788 -211.083081571109
499.799999999787 -220.599623141367
500.549999999787 -206.812905888953
501.299999999786 -192.871415500006
502.049999999785 -209.791142033004
502.799999999784 -196.110988043483
503.549999999784 -182.337008950529
504.299999999783 -163.17772256907
505.049999999782 -211.107664547686
505.799999999782 -212.97983323453
506.549999999781 -222.129676665353
507.29999999978 -209.066225324587
508.04999999978 -211.906607257617
508.799999999779 -216.738813023714
509.549999999778 -203.468026647978
510.299999999778 -203.634669522501
511.049999999777 -207.377283423814
511.799999999776 -215.249489105884
512.549999999776 -219.407627482621
513.299999999775 -206.083278852259
514.049999999774 -210.194112530467
514.799999999774 -213.198621938852
515.549999999773 -199.689606077713
516.299999999772 -196.547186887652
517.049999999772 -206.884725145149
517.799999999771 -211.990910026118
518.54999999977 -198.496744742355
519.29999999977 -194.390736099671
520.049999999769 -203.822059117913
520.799999999768 -190.510722009632
521.549999999767 -189.267451691217
522.299999999767 -176.301602627661
523.049999999766 -198.788864357176
523.799999999765 -216.862607333808
524.549999999765 -219.211832524069
525.299999999764 -207.128374752859
526.049999999763 -205.219927028708
526.799999999763 -217.253148919915
527.549999999762 -204.897430558572
528.299999999761 -230.644936181344
529.049999999761 -218.197647767518
529.79999999976 -223.106785370292
530.549999999759 -226.309645396146
531.299999999759 -213.452812851424
532.049999999758 -205.625132177204
532.799999999757 -224.74147702025
533.549999999757 -211.575046628291
534.299999999756 -233.1533802487
535.049999999755 -176.921935021469
535.799999999755 -215.655723488829
536.549999999754 -230.153140440121
537.299999999753 -218.135459771027
538.049999999752 -220.989702337921
538.799999999752 -208.649932308288
539.549999999751 -235.643225679027
540.29999999975 -223.143605607339
541.04999999975 -221.447424254514
541.799999999749 -233.503266856947
542.549999999748 -235.574104145329
543.299999999748 -239.54021054675
544.049999999747 -226.440207687968
544.799999999746 -232.742072568836
545.549999999746 -233.190713849069
546.299999999745 -219.62249056841
547.049999999744 -215.78892474401
547.799999999744 -229.953515001894
548.549999999743 -228.951606678201
549.299999999742 -215.035610612168
550.049999999742 -200.923272879729
550.799999999741 -180.923416419522
551.54999999974 -231.161317290935
552.299999999739 -234.7432180452
553.049999999739 -220.675306203088
553.799999999738 -220.976116256213
554.549999999737 -225.282399254161
555.299999999737 -231.537907982654
556.049999999736 -235.046945827181
556.799999999735 -220.429869804925
557.549999999735 -222.7012183796
558.299999999734 -222.767060175937
559.049999999733 -226.374025459144
559.799999999733 -211.424119162555
560.549999999732 -214.417370137577
561.299999999731 -217.323860811777
562.049999999731 -217.530422528378
562.79999999973 -202.36426631755
563.549999999729 -206.707807011227
564.299999999729 -206.879580160322
565.049999999728 -210.662380337204
565.799999999727 -195.392535944529
566.549999999727 -180.128047287148
567.299999999726 -198.869722730582
568.049999999725 -184.490389038198
568.799999999724 -186.186748668972
569.549999999724 -188.95471265405
570.299999999723 -195.906674911332
571.049999999722 -200.770902981449
571.799999999722 -204.033620395677
572.549999999721 -189.850214841349
573.29999999972 -175.586296681334
574.04999999972 -168.799356667761
574.799999999719 -175.162842742536
575.549999999718 -184.709650428665
576.299999999718 -192.170661434907
577.049999999717 -195.443262155327
577.799999999716 -201.271185150899
578.549999999716 -188.036404192338
579.299999999715 -174.687983799138
580.049999999714 -196.588850877116
580.799999999714 -183.71297354598
581.549999999713 -186.836409403856
582.299999999712 -189.904272111868
583.049999999712 -194.476969566941
583.799999999711 -181.525502480494
584.54999999971 -186.590215004438
585.299999999709 -194.169002080628
586.049999999709 -196.503341933245
586.799999999708 -183.32148048848
587.549999999707 -181.062242741414
588.299999999707 -191.224943536962
589.049999999706 -178.058961681223
589.799999999705 -174.100847957834
590.549999999705 -186.149764589368
591.299999999704 -173.343166945351
592.049999999703 -160.863375962921
592.799999999703 -149.475615226181
593.549999999702 -184.597862551352
594.299999999701 -174.451221233655
595.049999999701 -209.750808755195
595.7999999997 -199.422034987563
596.549999999699 -202.933113358142
597.299999999699 -210.377561927193
598.049999999698 -216.60691402769
598.799999999697 -226.317334469382
599.549999999697 -215.262197386772
600.299999999696 -203.854410846534
601.049999999695 -225.6360209152
601.799999999694 -236.802817297845
602.549999999694 -242.067119235927
603.299999999693 -230.22391221098
604.049999999692 -234.164458336266
604.799999999692 -240.50707478409
605.549999999691 -228.099774406768
606.29999999969 -229.50203654357
607.04999999969 -237.422232993181
607.799999999689 -240.485563760764
608.549999999688 -247.005461947945
609.299999999688 -233.792816500619
610.049999999687 -236.363615150265
610.799999999686 -242.363172141538
611.549999999686 -246.092089974952
612.299999999685 -232.150251327182
613.049999999684 -217.890095354038
613.799999999684 -234.953745510045
614.549999999683 -220.918171786655
615.299999999682 -145.215223976244
616.049999999682 -224.674768437569
616.799999999681 -233.978763687056
617.54999999968 -220.389512715509
618.299999999679 -222.710419817261
619.049999999679 -230.011464535624
619.799999999678 -227.825550140876
620.549999999677 -235.402654460656
621.299999999677 -221.185884626713
622.049999999676 -217.679720144697
622.799999999675 -228.593345949182
623.549999999675 -230.001237488237
624.299999999674 -215.365628749903
625.049999999673 -219.177663067021
625.799999999673 -222.344847407274
626.549999999672 -224.856807527618
627.299999999671 -209.730279445117
628.049999999671 -210.559705774369
628.79999999967 -215.917121386888
629.549999999669 -216.50513951615
630.299999999669 -201.036643449731
631.049999999668 -200.060384674899
631.799999999667 -201.658793900772
632.549999999667 -186.245741255719
633.299999999666 -210.922517054815
634.049999999665 -195.93254472824
634.799999999664 -194.887045043286
635.549999999664 -201.080260879257
636.299999999663 -203.077557468885
637.049999999662 -188.102336920636
637.799999999662 -189.149604664915
638.549999999661 -174.20352143533
639.29999999966 -170.653470723644
640.04999999966 -173.143768791262
640.799999999659 -183.607577414151
641.549999999658 -169.777928016911
642.299999999658 -157.54350237119
643.049999999657 -173.423908380451
643.799999999656 -159.771681624252
644.549999999656 -156.404635255621
645.299999999655 -190.091105727297
646.049999999654 -176.348990209031
646.799999999654 -181.675753345943
647.549999999653 -180.266024785771
648.299999999652 -166.541492263596
649.049999999652 -169.44202738512
649.799999999651 -175.013686189658
650.54999999965 -184.241540816732
651.299999999649 -184.626777912525
652.049999999649 -171.184764949854
652.799999999648 -171.675624217643
653.549999999647 -158.214519893833
654.299999999647 -187.100682197935
655.049999999646 -173.559820297227
655.799999999645 -159.911577655451
656.549999999645 -176.756607724836
657.299999999644 -180.466093418718
658.049999999643 -167.231450956657
658.799999999643 -171.48424058105
659.549999999642 -179.860210799899
660.299999999641 -181.48164851624
661.049999999641 -189.86250807815
661.79999999964 -176.52128064676
662.549999999639 -180.671251194957
663.299999999639 -184.256418168566
664.049999999638 -170.763273101284
664.799999999637 -169.280571989063
665.549999999636 -175.016732177084
666.299999999636 -177.110621753308
667.049999999635 -188.65171346696
667.799999999634 -175.306071086026
668.549999999634 -173.314654567122
669.299999999633 -180.089183572451
670.049999999632 -187.874040832454
670.799999999632 -174.432753554334
671.549999999631 -170.295589548583
672.29999999963 -156.874240172068
673.04999999963 -183.736626626896
673.799999999629 -190.439188738279
674.549999999628 -177.015721904401
675.299999999628 -181.040366783753
676.049999999627 -167.405284541321
676.799999999626 -156.474869291522
677.549999999626 -172.899106157282
678.299999999625 -159.255540972693
679.049999999624 -145.468440898573
679.799999999624 -125.354216716117
680.549999999623 -138.374517565714
681.299999999622 -176.222399729254
682.049999999621 -187.48390829452
682.799999999621 -176.944188689643
683.54999999962 -179.150109150918
684.299999999619 -168.281413445266
685.049999999619 -197.78047364451
685.799999999618 -206.762033992024
686.549999999617 -196.559599848062
687.299999999617 -196.924577024938
688.049999999616 -186.344323260681
688.799999999615 -216.826133604768
689.549999999615 -205.935013221306
690.299999999614 -204.571425752884
691.049999999613 -220.706114392794
691.799999999613 -209.209202615507
692.549999999612 -208.475112856009
693.299999999611 -214.748961549166
694.049999999611 -223.447287935
694.79999999961 -211.324536884283
695.549999999609 -210.944285882617
696.299999999609 -221.239324672559
697.049999999608 -228.766818077844
697.799999999607 -233.509201946349
698.549999999606 -220.565062910397
699.299999999606 -215.686712447984
700.049999999605 -202.47589224994
700.799999999604 -233.543222414913
701.549999999604 -220.060507927151
702.299999999603 -206.269698729501
703.049999999602 -192.46515507398
703.799999999602 -179.498365036442
704.549999999601 -167.467186213382
705.2999999996 -156.373525950654
