0.0 0.09
1.2 0.1
2.4 0.12
3.6 0.13
4.8 0.14
6.0 0.15
7.2 0.16
8.4 0.17
9.6 0.18
10.8 0.2
12.0 0.22
13.2 0.23
14.4 0.25
15.6 0.26
16.8 0.27
18.0 0.29
19.2 0.3
20.4 0.31
21.6 0.32
22.8 0.32
24.0 0.33
25.2 0.34
26.4 0.34
27.6 0.35
28.8 0.35
30.0 0.35
31.2 0.36
32.4 0.36
33.6 0.36
34.8 0.36
36.0 0.36
37.2 0.36
38.4 0.36
39.6 0.36
40.8 0.36
42.0 0.36
43.2 0.36
44.4 0.36
45.6 0.35
46.8 0.35
48.0 0.35
49.2 0.34
50.4 0.34
51.6 0.34
52.8 0.33
54.0 0.33
55.2 0.33
56.4 0.32
57.6 0.32
58.8 0.31
60.0 0.31
61.2 0.3
62.4 0.3
63.6 0.29
64.8 0.29
66.0 0.28
67.2 0.28
68.4 0.27
69.6 0.27
70.8 0.26
72.0 0.26
73.2 0.25
74.4 0.25
75.6 0.24
76.8 0.24
78.0 0.23
79.2 0.22
80.4 0.22
81.6 0.21
82.8 0.21
84.0 0.2
85.2 0.2
86.4 0.19
87.6 0.18
88.8 0.18
90.0 0.17
91.2 0.17
92.4 0.16
93.6 0.16
94.8 0.15
96.0 0.14
97.2 0.14
98.4 0.13
99.6 0.13
100.8 0.12
102.0 0.12
103.2 0.11
104.4 0.11
105.6 0.1
106.8 0.09
108.0 0.09
109.2 0.08
110.4 0.08
111.6 0.07
112.8 0.07
114.0 0.06
115.2 0.06
116.4 0.05
117.6 0.05
118.8 0.04
120.0 0.03
121.2 0.02
122.4 0.01
123.6 0.0
124.8 -0.01
126.0 -0.02
127.2 -0.03
128.4 -0.03
129.6 -0.04
130.8 -0.04
132.0 -0.05
133.2 -0.06
134.4 -0.06
135.6 -0.07
136.8 -0.08
138.0 -0.09
139.2 -0.1
140.4 -0.1
141.6 -0.11
142.8 -0.12
144.0 -0.13
145.2 -0.14
146.4 -0.15
147.6 -0.16
148.8 -0.17
150.0 -0.18
151.2 -0.19
152.4 -0.2
153.6 -0.21
154.8 -0.22
156.0 -0.23
157.2 -0.24
158.4 -0.25
159.6 -0.26
160.8 -0.27
162.0 -0.28
163.2 -0.29
164.4 -0.3
165.6 -0.31
166.8 -0.32
168.0 -0.32
169.2 -0.33
170.4 -0.34
171.6 -0.35
172.8 -0.36
174.0 -0.37
175.2 -0.37
176.4 -0.38
177.6 -0.39
178.8 -0.4
180.0 -0.4
181.2 -0.41
182.4 -0.42
183.6 -0.42
184.8 -0.43
186.0 -0.43
187.2 -0.45
188.4 -0.45
189.6 -0.43
190.8 -0.42
192.0 -0.4
193.2 -0.39
194.4 -0.37
195.6 -0.36
196.8 -0.34
198.0 -0.33
199.2 -0.31
200.4 -0.3
201.6 -0.29
202.8 -0.28
204.0 -0.27
205.2 -0.25
206.4 -0.23
207.6 -0.21
208.8 -0.2
210.0 -0.18
211.2 -0.17
212.4 -0.16
213.6 -0.14
214.8 -0.13
216.0 -0.12
217.2 -0.11
218.4 -0.1
219.6 -0.09
220.8 -0.08
222.0 -0.08
223.2 -0.07
224.4 -0.06
225.6 -0.06
226.8 -0.05
228.0 -0.05
229.2 -0.04
230.4 -0.04
231.6 -0.03
232.8 -0.03
234.0 -0.03
235.2 -0.02
236.4 -0.02
237.6 -0.02
238.8 -0.02
240.0 -0.01
241.2 -0.01
242.4 -0.01
243.6 -0.01
244.8 -0.01
246.0 -0.0
247.2 -0.0
248.4 -0.0
249.6 -0.0
250.8 -0.0
252.0 0.0
253.2 0.0
254.4 0.0
255.6 0.0
256.8 0.0
258.0 0.0
259.2 0.0
260.4 0.0
261.6 0.0
262.8 0.0
264.0 0.0
265.2 0.0
266.4 0.0
267.6 0.0
268.8 0.0
270.0 0.0
271.2 0.0
272.4 0.0
273.6 0.0
274.8 0.0
276.0 0.0
277.2 0.0
278.4 0.0
279.6 0.0
280.8 0.0
282.0 0.0
283.2 0.0
284.4 0.0
285.6 0.0
286.8 0.0
288.0 0.0
289.2 0.0
290.4 0.0
291.6 0.0
292.8 -0.0
294.0 -0.0
295.2 -0.0
296.4 -0.0
297.6 -0.0
298.8 -0.0
300.0 -0.01
301.2 -0.01
302.4 -0.01
303.6 -0.01
304.8 -0.01
306.0 -0.01
307.2 -0.01
308.4 -0.01
309.6 -0.01
310.8 -0.02
312.0 -0.02
313.2 -0.02
314.4 -0.02
315.6 -0.02
316.8 -0.02
318.0 -0.02
319.2 -0.02
320.4 -0.03
321.6 -0.03
322.8 -0.03
324.0 -0.04
325.2 -0.04
326.4 -0.05
327.6 -0.05
328.8 -0.06
330.0 -0.06
331.2 -0.07
332.4 -0.07
333.6 -0.08
334.8 -0.08
336.0 -0.1
337.2 -0.11
338.4 -0.11
339.6 -0.13
340.8 -0.11
342.0 -0.11
343.2 -0.1
344.4 -0.09
345.6 -0.08
346.8 -0.08
348.0 -0.07
349.2 -0.06
350.4 -0.06
351.6 -0.05
352.8 -0.05
354.0 -0.05
355.2 -0.04
356.4 -0.04
357.6 -0.04
358.8 -0.03
360.0 -0.03
361.2 -0.03
362.4 -0.03
363.6 -0.02
364.8 -0.02
366.0 -0.02
367.2 -0.02
368.4 -0.02
369.6 -0.02
370.8 -0.02
372.0 -0.02
373.2 -0.02
374.4 -0.01
375.6 -0.01
376.8 -0.01
378.0 -0.01
379.2 -0.01
380.4 -0.01
381.6 -0.01
382.8 -0.01
384.0 -0.01
385.2 -0.01
386.4 -0.01
387.6 -0.01
388.8 -0.01
390.0 -0.01
391.2 -0.01
392.4 -0.01
393.6 -0.01
394.8 -0.01
396.0 -0.01
397.2 -0.01
398.4 -0.01
399.6 -0.01
400.8 -0.01
402.0 -0.01
403.2 -0.01
404.4 -0.01
405.6 -0.01
406.8 -0.01
408.0 -0.01
409.2 -0.01
410.4 -0.01
411.6 -0.01
412.8 -0.01
414.0 -0.01
415.2 -0.01
416.4 -0.01
417.6 -0.01
418.8 -0.01
420.0 -0.01
421.2 -0.01
422.4 -0.01
423.6 -0.01
424.8 -0.01
426.0 -0.01
427.2 -0.01
428.4 -0.01
429.6 -0.01
430.8 -0.02
432.0 -0.02
433.2 -0.02
434.4 -0.02
435.6 -0.02
436.8 -0.02
438.0 -0.02
439.2 -0.02
440.4 -0.02
441.6 -0.02
442.8 -0.02
444.0 -0.02
445.2 -0.02
446.4 -0.02
447.6 -0.02
448.8 -0.02
450.0 -0.03
451.2 -0.03
452.4 -0.03
453.6 -0.03
454.8 -0.03
456.0 -0.03
457.2 -0.02
458.4 -0.02
459.6 -0.02
460.8 -0.02
462.0 -0.02
463.2 -0.02
464.4 -0.02
465.6 -0.02
466.8 -0.02
468.0 -0.02
469.2 -0.01
470.4 -0.01
471.6 -0.01
472.8 -0.01
474.0 -0.01
475.2 -0.01
476.4 -0.01
477.6 -0.01
478.8 -0.01
480.0 -0.01
481.2 -0.01
482.4 -0.01
483.6 -0.01
484.8 -0.01
486.0 -0.01
487.2 -0.01
488.4 -0.01
489.6 -0.01
490.8 -0.01
492.0 -0.01
493.2 -0.01
494.4 -0.01
495.6 -0.01
496.8 -0.01
498.0 -0.01
499.2 -0.01
500.4 -0.01
501.6 -0.01
502.8 -0.01
504.0 -0.01
505.2 -0.01
506.4 -0.01
507.6 -0.01
508.8 -0.01
510.0 -0.01
511.2 -0.01
512.4 -0.01
513.6 -0.01
514.8 -0.01
516.0 -0.01
517.2 -0.01
518.4 -0.01
519.6 -0.01
520.8 -0.01
522.0 -0.01
523.2 -0.01
524.4 -0.01
525.6 -0.01
526.8 -0.01
528.0 -0.01
529.2 -0.01
530.4 -0.0
531.6 -0.0
532.8 -0.0
534.0 -0.0
535.2 -0.0
536.4 -0.0
537.6 -0.0
538.8 -0.0
540.0 -0.0
541.2 -0.0
542.4 -0.0
543.6 -0.0
544.8 -0.0
546.0 -0.0
547.2 -0.0
548.4 -0.0
549.6 -0.0
550.8 -0.0
552.0 -0.0
553.2 -0.0
554.4 -0.0
555.6 -0.0
556.8 -0.0
558.0 -0.0
559.2 -0.0
560.4 -0.0
561.6 -0.0
562.8 -0.0
564.0 -0.0
565.2 -0.0
566.4 -0.0
567.6 -0.0
568.8 -0.0
570.0 -0.0
571.2 -0.0
572.4 -0.0
573.6 -0.0
574.8 -0.0
576.0 -0.0
577.2 -0.0
578.4 -0.0
579.6 -0.0
580.8 -0.0
582.0 -0.0
583.2 -0.0
584.4 -0.0
585.6 -0.0
586.8 -0.0
588.0 -0.0
589.2 -0.0
590.4 -0.0
591.6 -0.0
592.8 -0.0
594.0 -0.0
595.2 -0.0
596.4 -0.0
597.6 -0.0
598.8 -0.0
600.0 -0.0
601.2 -0.0
602.4 -0.0
603.6 -0.0
604.8 -0.0
606.0 -0.0
607.2 -0.0
608.4 -0.0
609.6 -0.0
610.8 -0.0
612.0 -0.0
613.2 -0.0
614.4 -0.0
615.6 -0.0
616.8 -0.0
618.0 -0.0
619.2 -0.0
620.4 -0.0
621.6 -0.0
622.8 -0.0
624.0 0.0
625.2 0.0
626.4 0.0
627.6 0.0
628.8 0.0
630.0 0.0
631.2 0.0
632.4 0.0
633.6 0.0
634.8 0.0
636.0 0.0
637.2 0.0
638.4 0.0
639.6 0.0
640.8 0.0
642.0 0.0
643.2 0.0
644.4 0.0
645.6 0.0
646.8 0.0
648.0 0.0
649.2 0.0
650.4 0.0
651.6 0.0
652.8 0.0
654.0 0.0
655.2 0.0
656.4 0.0
657.6 0.0
658.8 0.0
660.0 0.0
661.2 0.0
662.4 0.0
663.6 0.0
664.8 0.0
666.0 0.0
667.2 0.0
668.4 0.0
669.6 0.0
670.8 0.0
672.0 0.0
673.2 0.0
674.4 0.0
675.6 0.0
676.8 0.0
678.0 0.0
679.2 0.0
680.4 0.0
681.6 0.0
682.8 0.0
684.0 0.0
685.2 0.0
686.4 0.0
687.6 0.0
688.8 0.0
690.0 0.0
691.2 0.0
692.4 0.0
693.6 0.0
694.8 0.0
696.0 0.0
697.2 0.0
698.4 0.0
699.6 0.0
700.8 0.0
702.0 0.0
703.2 0.0
704.4 0.0
705.6 0.0
706.8 0.0
708.0 0.0
709.2 0.0
710.4 0.0
711.6 0.0
712.8 0.0
714.0 0.0
715.2 0.0
716.4 0.0
717.6 0.0
718.8 0.0
720.0 0.0
721.2 0.0
722.4 0.0
723.6 0.0
724.8 0.0
726.0 0.0
727.2 0.0
728.4 0.0
729.6 0.0
730.8 0.0
732.0 0.0
733.2 0.0
734.4 0.0
735.6 0.0
736.8 0.0
738.0 0.0
739.2 0.0
740.4 0.0
741.6 0.0
742.8 0.0
744.0 0.0
745.2 0.0
746.4 0.0
747.6 0.0
748.8 0.0
750.0 0.0
751.2 0.0
752.4 0.0
753.6 0.0
754.8 0.0
756.0 0.0
757.2 0.0
758.4 0.0
759.6 0.0
760.8 0.0
762.0 0.0
763.2 0.0
764.4 0.0
765.6 0.0
766.8 0.0
768.0 0.0
769.2 0.0
770.4 0.0
771.6 0.0
772.8 0.0
774.0 0.0
775.2 0.0
776.4 0.0
777.6 0.0
778.8 0.0
780.0 0.0
781.2 0.0
782.4 0.0
783.6 0.0
784.8 0.0
786.0 0.0
787.2 0.0
788.4 0.0
789.6 0.0
790.8 0.0
792.0 0.0
793.2 0.0
794.4 0.0
795.6 0.0
796.8 0.0
798.0 0.0
799.2 0.0
800.4 0.0
801.6 0.0
802.8 0.0
804.0 0.0
805.2 0.0
806.4 0.0
807.6 0.0
808.8 0.0
810.0 0.0
811.2 0.0
812.4 0.0
813.6 0.0
814.8 0.0
816.0 0.0
817.2 0.0
818.4 0.0
819.6 0.0
820.8 0.0
822.0 0.0
823.2 0.0
824.4 0.0
825.6 -0.0
826.8 -0.0
828.0 -0.0
829.2 -0.0
830.4 -0.0
831.6 -0.0
832.8 -0.0
834.0 -0.0
835.2 -0.0
836.4 -0.0
837.6 -0.0
838.8 -0.0
840.0 -0.0
841.2 -0.0
842.4 -0.0
843.6 -0.0
844.8 -0.0
846.0 -0.0
847.2 -0.0
848.4 -0.0
849.6 -0.0
850.8 -0.0
852.0 -0.0
853.2 -0.0
854.4 -0.0
855.6 -0.0
856.8 -0.0
858.0 -0.0
859.2 -0.0
860.4 -0.0
861.6 0.0
862.8 0.0
864.0 0.0
865.2 0.0
866.4 0.0
867.6 0.0
868.8 0.0
870.0 0.0
871.2 0.0
872.4 0.0
873.6 0.0
874.8 0.0
876.0 0.0
877.2 0.0
878.4 0.0
879.6 0.0
880.8 0.0
882.0 0.0
883.2 0.0
884.4 0.0
885.6 0.0
886.8 0.0
888.0 0.0
889.2 0.0
890.4 0.0
891.6 0.0
892.8 0.0
894.0 0.0
895.2 0.0
896.4 0.0
897.6 0.0
898.8 0.0
900.0 0.0
901.2 0.0
902.4 0.0
903.6 0.0
904.8 0.0
906.0 0.0
907.2 0.0
908.4 0.0
909.6 0.0
910.8 0.0
912.0 0.0
913.2 0.0
914.4 0.0
915.6 0.0
916.8 0.0
918.0 0.0
919.2 0.0
920.4 0.0
921.6 0.0
922.8 0.0
924.0 0.0
925.2 0.0
926.4 0.0
927.6 0.0
928.8 0.0
930.0 0.0
931.2 0.0
932.4 0.0
933.6 0.0
934.8 0.0
936.0 0.0
937.2 0.0
938.4 0.0
939.6 0.0
940.8 0.0
942.0 0.0
943.2 0.0
944.4 0.0
945.6 0.0
946.8 0.0
948.0 0.0
949.2 -0.0
950.4 -0.0
951.6 -0.0
952.8 -0.0
954.0 -0.0
955.2 -0.0
956.4 -0.0
957.6 -0.0
958.8 -0.0
960.0 -0.0
961.2 -0.0
962.4 -0.0
963.6 -0.0
964.8 -0.0
966.0 -0.0
967.2 -0.0
968.4 -0.0
969.6 -0.0
970.8 -0.0
972.0 -0.0
973.2 -0.0
974.4 -0.0
975.6 -0.0
976.8 -0.0
978.0 -0.0
979.2 -0.0
980.4 -0.0
981.6 -0.0
982.8 -0.0
984.0 -0.0
985.2 -0.0
986.4 -0.0
987.6 -0.0
988.8 -0.0
990.0 -0.0
991.2 -0.0
992.4 -0.0
993.6 -0.0
994.8 -0.0
996.0 -0.0
997.2 -0.0
998.4 -0.0
999.6 -0.0
1000.8 -0.0
1002.0 -0.0
1003.2 -0.0
1004.4 0.0
1005.6 0.0
1006.8 0.0
1008.0 0.0
1009.2 0.0
1010.4 0.01
1011.6 0.01
1012.8 0.01
1014.0 0.01
1015.2 0.01
1016.4 0.02
1017.6 0.02
1018.8 0.02
1020.0 0.01
1021.2 0.01
1022.4 0.01
1023.6 0.01
1024.8 0.01
1026.0 0.01
1027.2 0.01
1028.4 0.01
1029.6 0.01
1030.8 0.01
1032.0 0.01
1033.2 0.02
1034.4 0.02
1035.6 0.02
1036.8 0.02
1038.0 0.02
1039.2 0.02
1040.4 0.02
1041.6 0.02
1042.8 0.02
1044.0 0.02
1045.2 0.02
1046.4 0.02
1047.6 0.02
1048.8 0.02
1050.0 0.02
1051.2 0.02
1052.4 0.03
1053.6 0.03
1054.8 0.03
1056.0 0.03
1057.2 0.03
1058.4 0.03
1059.6 0.03
1060.8 0.03
1062.0 0.03
1063.2 0.03
1064.4 0.03
1065.6 0.03
1066.8 0.03
1068.0 0.04
1069.2 0.04
1070.4 0.04
1071.6 0.04
1072.8 0.04
1074.0 0.04
1075.2 0.04
1076.4 0.04
1077.6 0.04
1078.8 0.04
1080.0 0.04
1081.2 0.05
1082.4 0.05
1083.6 0.05
1084.8 0.05
1086.0 0.05
1087.2 0.05
1088.4 0.05
1089.6 0.05
1090.8 0.05
1092.0 0.05
1093.2 0.06
1094.4 0.06
1095.6 0.06
1096.8 0.06
1098.0 0.06
1099.2 0.06
1100.4 0.06
1101.6 0.06
1102.8 0.06
1104.0 0.07
1105.2 0.07
1106.4 0.07
1107.6 0.07
1108.8 0.07
1110.0 0.07
1111.2 0.07
1112.4 0.07
1113.6 0.07
1114.8 0.07
1116.0 0.08
1117.2 0.08
1118.4 0.08
1119.6 0.08
1120.8 0.08
1122.0 0.08
1123.2 0.08
1124.4 0.08
1125.6 0.08
1126.8 0.09
1128.0 0.09
1129.2 0.09
1130.4 0.09
1131.6 0.09
1132.8 0.09
1134.0 0.09
1135.2 0.09
1136.4 0.09
1137.6 0.1
1138.8 0.1
1140.0 0.1
1141.2 0.1
1142.4 0.1
1143.6 0.1
1144.8 0.1
1146.0 0.1
1147.2 0.1
1148.4 0.1
1149.6 0.11
1150.8 0.11
1152.0 0.11
1153.2 0.11
1154.4 0.11
1155.6 0.11
1156.8 0.11
1158.0 0.11
1159.2 0.11
1160.4 0.11
1161.6 0.12
1162.8 0.12
1164.0 0.12
1165.2 0.12
1166.4 0.12
1167.6 0.12
1168.8 0.12
1170.0 0.12
1171.2 0.12
1172.4 0.12
1173.6 0.12
1174.8 0.12
1176.0 0.13
1177.2 0.13
1178.4 0.13
1179.6 0.13
1180.8 0.13
1182.0 0.13
1183.2 0.13
1184.4 0.13
1185.6 0.13
1186.8 0.13
1188.0 0.13
1189.2 0.13
1190.4 0.13
1191.6 0.13
1192.8 0.14
1194.0 0.14
1195.2 0.14
1196.4 0.14
1197.6 0.14
1198.8 0.14
1200.0 0.14
1201.2 0.14
1202.4 0.14
1203.6 0.14
1204.8 0.14
1206.0 0.14
1207.2 0.14
1208.4 0.14
1209.6 0.14
1210.8 0.14
1212.0 0.14
1213.2 0.13
1214.4 0.13
1215.6 0.13
1216.8 0.13
1218.0 0.13
1219.2 0.13
1220.4 0.13
1221.6 0.13
1222.8 0.13
1224.0 0.13
1225.2 0.13
1226.4 0.13
1227.6 0.12
1228.8 0.12
1230.0 0.12
1231.2 0.12
1232.4 0.12
1233.6 0.12
1234.8 0.12
1236.0 0.12
1237.2 0.12
1238.4 0.12
1239.6 0.11
1240.8 0.11
1242.0 0.11
1243.2 0.11
1244.4 0.11
1245.6 0.11
1246.8 0.11
1248.0 0.11
1249.2 0.1
1250.4 0.1
1251.6 0.1
1252.8 0.1
1254.0 0.1
1255.2 0.1
1256.4 0.1
1257.6 0.09
1258.8 0.09
1260.0 0.09
1261.2 0.09
1262.4 0.09
1263.6 0.09
1264.8 0.09
1266.0 0.09
1267.2 0.08
1268.4 0.08
1269.6 0.08
1270.8 0.08
1272.0 0.08
1273.2 0.08
1274.4 0.08
1275.6 0.07
1276.8 0.07
1278.0 0.07
1279.2 0.07
1280.4 0.07
1281.6 0.07
1282.8 0.07
1284.0 0.07
1285.2 0.06
1286.4 0.06
1287.6 0.06
1288.8 0.06
1290.0 0.06
1291.2 0.06
1292.4 0.06
1293.6 0.05
1294.8 0.05
1296.0 0.05
1297.2 0.05
1298.4 0.05
1299.6 0.05
1300.8 0.05
1302.0 0.05
1303.2 0.04
1304.4 0.04
1305.6 0.04
1306.8 0.04
1308.0 0.04
1309.2 0.04
1310.4 0.04
1311.6 0.04
1312.8 0.04
1314.0 0.03
1315.2 0.03
1316.4 0.03
1317.6 0.03
1318.8 0.03
1320.0 0.03
1321.2 0.03
1322.4 0.03
1323.6 0.03
1324.8 0.02
1326.0 0.02
1327.2 0.02
1328.4 0.02
1329.6 0.02
1330.8 0.02
1332.0 0.02
1333.2 0.02
1334.4 0.02
1335.6 0.02
1336.8 0.01
1338.0 0.01
1339.2 0.01
1340.4 0.01
1341.6 0.01
1342.8 0.01
1344.0 0.01
1345.2 0.01
1346.4 0.01
1347.6 0.01
1348.8 0.01
1350.0 0.0
1351.2 0.0
1352.4 0.0
1353.6 0.0
1354.8 0.0
1356.0 0.0
1357.2 -0.0
1358.4 0.0
1359.6 0.0
1360.8 0.0
1362.0 0.0
1363.2 0.0
1364.4 0.01
1365.6 0.01
1366.8 0.01
1368.0 0.01
1369.2 0.01
1370.4 0.0
1371.6 0.0
1372.8 0.0
1374.0 0.0
1375.2 0.0
1376.4 0.0
1377.6 0.0
1378.8 -0.0
1380.0 -0.0
1381.2 -0.0
1382.4 -0.0
1383.6 -0.0
1384.8 -0.01
1386.0 -0.01
1387.2 -0.01
1388.4 -0.01
1389.6 -0.01
1390.8 -0.01
1392.0 -0.01
1393.2 -0.01
1394.4 -0.01
1395.6 -0.01
1396.8 -0.02
1398.0 -0.02
1399.2 -0.02
1400.4 -0.02
1401.6 -0.02
1402.8 -0.02
1404.0 -0.02
1405.2 -0.02
1406.4 -0.02
1407.6 -0.02
1408.8 -0.02
1410.0 -0.02
1411.2 -0.03
1412.4 -0.03
1413.6 -0.03
1414.8 -0.03
1416.0 -0.03
1417.2 -0.03
1418.4 -0.03
1419.6 -0.03
1420.8 -0.03
1422.0 -0.03
1423.2 -0.03
1424.4 -0.03
1425.6 -0.03
1426.8 -0.03
1428.0 -0.03
1429.2 -0.03
1430.4 -0.03
1431.6 -0.03
1432.8 -0.03
1434.0 -0.03
1435.2 -0.03
1436.4 -0.03
1437.6 -0.03
1438.8 -0.03
1440.0 -0.03
1441.2 -0.03
1442.4 -0.03
1443.6 -0.03
1444.8 -0.03
1446.0 -0.03
1447.2 -0.03
1448.4 -0.03
1449.6 -0.03
1450.8 -0.03
1452.0 -0.03
1453.2 -0.03
1454.4 -0.03
1455.6 -0.03
1456.8 -0.03
1458.0 -0.03
1459.2 -0.03
1460.4 -0.03
1461.6 -0.03
1462.8 -0.03
1464.0 -0.03
1465.2 -0.03
1466.4 -0.03
1467.6 -0.03
1468.8 -0.03
1470.0 -0.03
1471.2 -0.03
1472.4 -0.03
1473.6 -0.03
1474.8 -0.03
1476.0 -0.03
1477.2 -0.03
1478.4 -0.03
1479.6 -0.03
1480.8 -0.03
1482.0 -0.03
1483.2 -0.03
1484.4 -0.03
1485.6 -0.03
1486.8 -0.03
1488.0 -0.03
1489.2 -0.03
1490.4 -0.03
1491.6 -0.03
1492.8 -0.03
1494.0 -0.03
1495.2 -0.03
1496.4 -0.03
1497.6 -0.03
1498.8 -0.03
1500.0 -0.03
1501.2 -0.03
1502.4 -0.03
1503.6 -0.03
1504.8 -0.03
1506.0 -0.03
1507.2 -0.03
1508.4 -0.02
1509.6 -0.02
1510.8 -0.02
1512.0 -0.02
1513.2 -0.02
1514.4 -0.02
1515.6 -0.02
1516.8 -0.02
1518.0 -0.02
1519.2 -0.02
1520.4 -0.02
1521.6 -0.02
1522.8 -0.02
1524.0 -0.02
1525.2 -0.02
1526.4 -0.02
1527.6 -0.02
1528.8 -0.02
1530.0 -0.02
1531.2 -0.02
1532.4 -0.02
1533.6 -0.02
1534.8 -0.02
1536.0 -0.02
1537.2 -0.02
1538.4 -0.02
1539.6 -0.02
1540.8 -0.02
1542.0 -0.02
1543.2 -0.02
1544.4 -0.02
1545.6 -0.02
1546.8 -0.02
1548.0 -0.02
1549.2 -0.02
1550.4 -0.02
1551.6 -0.02
1552.8 -0.02
1554.0 -0.02
1555.2 -0.02
1556.4 -0.02
1557.6 -0.02
1558.8 -0.01
1560.0 -0.01
1561.2 -0.01
1562.4 -0.01
1563.6 -0.01
1564.8 -0.01
1566.0 -0.01
1567.2 -0.01
1568.4 -0.01
1569.6 -0.01
1570.8 -0.01
1572.0 -0.01
1573.2 -0.01
1574.4 -0.01
1575.6 -0.01
1576.8 -0.01
1578.0 -0.01
1579.2 -0.01
1580.4 -0.01
1581.6 -0.01
1582.8 -0.01
1584.0 -0.01
1585.2 -0.01
1586.4 -0.01
1587.6 -0.01
1588.8 -0.01
1590.0 -0.01
1591.2 -0.01
1592.4 -0.01
1593.6 -0.01
1594.8 -0.01
1596.0 -0.01
1597.2 -0.01
1598.4 -0.01
1599.6 -0.01
1600.8 -0.01
1602.0 -0.01
1603.2 -0.01
1604.4 -0.01
1605.6 -0.01
1606.8 -0.01
1608.0 -0.01
1609.2 -0.01
1610.4 -0.01
1611.6 -0.01
1612.8 -0.01
1614.0 -0.01
1615.2 -0.01
1616.4 -0.01
1617.6 -0.01
1618.8 -0.01
1620.0 -0.01
1621.2 -0.01
1622.4 -0.01
1623.6 -0.01
1624.8 -0.01
1626.0 -0.01
1627.2 -0.01
1628.4 -0.01
1629.6 -0.01
1630.8 -0.01
1632.0 -0.01
1633.2 -0.01
1634.4 -0.01
1635.6 -0.01
1636.8 -0.01
1638.0 -0.01
1639.2 -0.01
1640.4 -0.01
1641.6 -0.0
1642.8 -0.0
1644.0 -0.0
1645.2 -0.0
1646.4 -0.0
1647.6 -0.0
1648.8 -0.0
1650.0 -0.0
1651.2 -0.0
1652.4 -0.0
1653.6 -0.0
1654.8 -0.0
1656.0 -0.0
1657.2 -0.0
1658.4 -0.0
1659.6 -0.0
1660.8 -0.0
1662.0 -0.0
1663.2 -0.0
1664.4 -0.0
1665.6 -0.0
1666.8 -0.0
1668.0 -0.0
1669.2 -0.0
1670.4 -0.0
1671.6 -0.0
1672.8 -0.0
1674.0 -0.0
1675.2 -0.0
1676.4 -0.0
1677.6 -0.0
1678.8 -0.0
1680.0 -0.0
1681.2 -0.0
1682.4 -0.0
1683.6 -0.0
1684.8 -0.0
1686.0 -0.0
1687.2 -0.0
1688.4 -0.0
1689.6 -0.0
1690.8 -0.0
1692.0 -0.0
1693.2 -0.0
1694.4 -0.0
1695.6 -0.0
1696.8 -0.0
1698.0 -0.0
1699.2 -0.0
1700.4 -0.0
1701.6 -0.0
1702.8 -0.0
1704.0 -0.0
1705.2 -0.0
1706.4 -0.0
1707.6 -0.0
1708.8 -0.0
1710.0 -0.0
1711.2 -0.0
1712.4 -0.0
1713.6 -0.0
1714.8 -0.0
1716.0 -0.0
1717.2 -0.0
1718.4 -0.0
1719.6 -0.0
1720.8 -0.0
1722.0 -0.0
1723.2 -0.0
1724.4 -0.0
1725.6 -0.0
1726.8 -0.0
1728.0 -0.0
1729.2 -0.0
1730.4 -0.0
1731.6 -0.0
1732.8 -0.0
1734.0 -0.0
1735.2 -0.0
1736.4 -0.0
1737.6 -0.0
1738.8 -0.0
1740.0 -0.0
1741.2 -0.0
1742.4 -0.0
1743.6 -0.0
1744.8 -0.0
1746.0 -0.0
1747.2 -0.0
1748.4 -0.0
1749.6 -0.0
1750.8 -0.0
1752.0 -0.0
1753.2 -0.0
1754.4 -0.0
1755.6 -0.0
1756.8 -0.0
1758.0 -0.0
1759.2 -0.0
1760.4 -0.0
1761.6 -0.0
1762.8 -0.0
1764.0 -0.0
1765.2 -0.0
1766.4 -0.0
1767.6 -0.0
1768.8 -0.0
1770.0 -0.0
1771.2 -0.0
1772.4 -0.0
1773.6 -0.0
1774.8 -0.0
1776.0 -0.0
1777.2 -0.0
1778.4 -0.0
1779.6 -0.0
1780.8 -0.0
1782.0 -0.0
1783.2 -0.0
1784.4 -0.0
1785.6 -0.0
1786.8 0.0
1788.0 0.0
1789.2 0.0
1790.4 0.0
1791.6 0.0
1792.8 0.0
1794.0 0.0
1795.2 0.0
1796.4 0.0
1797.6 0.0
1798.8 0.0
1800.0 0.0
1801.2 0.0
1802.4 0.0
1803.6 0.0
1804.8 0.0
1806.0 0.0
1807.2 0.0
1808.4 0.0
1809.6 0.0
1810.8 0.0
1812.0 0.0
1813.2 0.0
1814.4 0.0
1815.6 0.0
1816.8 0.0
1818.0 0.0
1819.2 0.0
1820.4 0.0
1821.6 0.0
1822.8 0.0
1824.0 0.0
1825.2 0.0
1826.4 0.0
1827.6 0.0
1828.8 0.0
1830.0 0.0
1831.2 0.0
1832.4 0.0
1833.6 0.0
1834.8 0.0
1836.0 0.0
1837.2 0.0
1838.4 0.0
1839.6 0.0
1840.8 0.0
1842.0 0.0
1843.2 0.0
1844.4 0.0
1845.6 0.0
1846.8 0.0
1848.0 0.0
1849.2 0.0
1850.4 0.0
1851.6 -0.0
1852.8 -0.0
1854.0 -0.0
1855.2 -0.0
1856.4 -0.0
1857.6 -0.0
1858.8 -0.0
1860.0 -0.0
1861.2 -0.0
1862.4 -0.0
1863.6 -0.0
1864.8 -0.0
1866.0 -0.0
1867.2 -0.0
1868.4 -0.0
1869.6 -0.0
1870.8 -0.0
1872.0 -0.0
1873.2 -0.0
1874.4 -0.0
1875.6 -0.0
1876.8 -0.0
1878.0 -0.0
1879.2 -0.0
1880.4 -0.0
1881.6 -0.0
1882.8 -0.0
1884.0 -0.0
1885.2 -0.0
1886.4 -0.0
1887.6 -0.0
1888.8 -0.0
1890.0 -0.0
1891.2 -0.0
1892.4 -0.0
1893.6 -0.0
1894.8 -0.0
1896.0 -0.0
1897.2 -0.0
1898.4 -0.0
1899.6 -0.0
1900.8 0.0
1902.0 0.0
1903.2 0.0
1904.4 0.0
1905.6 0.0
1906.8 0.0
1908.0 0.0
1909.2 0.0
1910.4 0.0
1911.6 0.0
1912.8 0.0
1914.0 0.0
1915.2 0.0
1916.4 0.0
1917.6 0.0
1918.8 0.0
1920.0 0.0
1921.2 0.0
1922.4 0.0
1923.6 0.0
1924.8 0.0
1926.0 0.0
1927.2 0.0
1928.4 0.0
1929.6 0.0
1930.8 0.0
1932.0 0.0
1933.2 0.0
1934.4 0.0
1935.6 0.0
1936.8 0.0
1938.0 0.0
1939.2 0.0
1940.4 0.0
1941.6 0.0
1942.8 0.0
1944.0 0.0
1945.2 0.0
1946.4 0.0
1947.6 0.0
1948.8 0.0
1950.0 0.0
1951.2 0.0
1952.4 0.0
1953.6 0.0
1954.8 0.0
1956.0 0.0
1957.2 0.0
1958.4 0.0
1959.6 0.0
1960.8 0.0
1962.0 0.0
1963.2 0.0
1964.4 0.0
1965.6 0.0
1966.8 0.0
1968.0 0.0
1969.2 0.0
1970.4 0.0
1971.6 0.0
1972.8 0.0
1974.0 0.0
1975.2 0.0
1976.4 0.0
1977.6 0.0
1978.8 0.0
1980.0 0.0
1981.2 0.0
1982.4 0.0
1983.6 0.0
1984.8 0.0
1986.0 0.0
1987.2 0.0
1988.4 0.0
1989.6 0.0
1990.8 0.0
1992.0 0.0
1993.2 0.0
1994.4 0.0
1995.6 0.0
1996.8 0.0
1998.0 -0.0
1999.2 -0.0
2000.4 -0.0
2001.6 -0.0
2002.8 -0.0
2004.0 -0.01
2005.2 -0.01
2006.4 -0.02
2007.6 -0.03
2008.8 -0.03
2010.0 -0.04
2011.2 -0.04
2012.4 -0.05
2013.6 -0.06
2014.8 -0.07
2016.0 -0.07
2017.2 -0.08
2018.4 -0.09
2019.6 -0.1
2020.8 -0.1
2022.0 -0.11
2023.2 -0.12
2024.4 -0.13
2025.6 -0.13
2026.8 -0.14
2028.0 -0.15
2029.2 -0.16
2030.4 -0.17
2031.6 -0.17
2032.8 -0.18
2034.0 -0.19
2035.2 -0.2
2036.4 -0.2
2037.6 -0.21
2038.8 -0.22
2040.0 -0.23
2041.2 -0.23
2042.4 -0.24
2043.6 -0.25
2044.8 -0.25
2046.0 -0.26
2047.2 -0.27
2048.4 -0.27
2049.6 -0.28
2050.8 -0.28
2052.0 -0.29
2053.2 -0.3
2054.4 -0.3
2055.6 -0.31
2056.8 -0.33
2058.0 -0.33
2059.2 -0.32
2060.4 -0.3
2061.6 -0.29
2062.8 -0.28
2064.0 -0.26
2065.2 -0.25
2066.4 -0.24
2067.6 -0.23
2068.8 -0.22
2070.0 -0.21
2071.2 -0.2
2072.4 -0.19
2073.6 -0.18
2074.8 -0.18
2076.0 -0.17
2077.2 -0.17
2078.4 -0.16
2079.6 -0.15
2080.8 -0.15
2082.0 -0.14
2083.2 -0.14
2084.4 -0.13
2085.6 -0.13
2086.8 -0.12
2088.0 -0.12
2089.2 -0.11
2090.4 -0.11
2091.6 -0.1
2092.8 -0.1
2094.0 -0.1
2095.2 -0.09
2096.4 -0.09
2097.6 -0.08
2098.8 -0.08
2100.0 -0.07
2101.2 -0.07
2102.4 -0.07
2103.6 -0.06
2104.8 -0.06
2106.0 -0.06
2107.2 -0.05
2108.4 -0.05
2109.6 -0.05
2110.8 -0.04
2112.0 -0.04
2113.2 -0.04
2114.4 -0.04
2115.6 -0.03
2116.8 -0.03
2118.0 -0.03
2119.2 -0.02
2120.4 -0.02
2121.6 -0.02
2122.8 -0.02
2124.0 -0.02
2125.2 -0.01
2126.4 -0.01
2127.6 -0.01
2128.8 -0.01
2130.0 -0.01
2131.2 -0.0
2132.4 -0.0
2133.6 -0.0
2134.8 0.0
2136.0 0.0
2137.2 0.0
2138.4 0.0
2139.6 0.01
2140.8 0.01
2142.0 0.01
2143.2 0.01
2144.4 0.01
2145.6 0.01
2146.8 0.01
2148.0 0.01
2149.2 0.01
2150.4 0.01
2151.6 0.01
2152.8 0.02
2154.0 0.02
2155.2 0.02
2156.4 0.02
2157.6 0.02
2158.8 0.02
2160.0 0.02
2161.2 0.02
2162.4 0.02
2163.6 0.02
2164.8 0.02
2166.0 0.02
2167.2 0.02
2168.4 0.02
2169.6 0.02
2170.8 0.02
2172.0 0.02
2173.2 0.02
2174.4 0.02
2175.6 0.02
2176.8 0.02
2178.0 0.02
2179.2 0.02
2180.4 0.02
2181.6 0.02
2182.8 0.02
2184.0 0.02
2185.2 0.02
2186.4 0.02
2187.6 0.01
2188.8 0.01
2190.0 0.01
2191.2 0.01
2192.4 0.01
2193.6 0.01
2194.8 0.01
2196.0 0.01
2197.2 0.01
2198.4 0.01
2199.6 0.01
2200.8 0.01
2202.0 0.01
2203.2 0.01
2204.4 0.01
2205.6 0.01
2206.8 0.01
2208.0 0.01
2209.2 0.0
2210.4 0.0
2211.6 0.0
2212.8 0.0
2214.0 0.0
2215.2 0.0
2216.4 0.0
2217.6 0.0
2218.8 -0.0
2220.0 -0.0
2221.2 -0.0
2222.4 -0.0
2223.6 -0.0
2224.8 -0.0
2226.0 -0.0
2227.2 -0.0
2228.4 -0.0
2229.6 -0.01
2230.8 -0.01
2232.0 -0.01
2233.2 -0.01
2234.4 -0.01
2235.6 -0.01
2236.8 -0.01
2238.0 -0.01
2239.2 -0.01
2240.4 -0.01
2241.6 -0.01
2242.8 -0.01
2244.0 -0.01
2245.2 -0.01
2246.4 -0.01
2247.6 -0.01
2248.8 -0.01
2250.0 -0.01
2251.2 -0.01
2252.4 -0.01
2253.6 -0.02
2254.8 -0.02
2256.0 -0.02
2257.2 -0.02
2258.4 -0.02
2259.6 -0.02
2260.8 -0.02
2262.0 -0.02
2263.2 -0.02
2264.4 -0.02
2265.6 -0.02
2266.8 -0.02
2268.0 -0.02
2269.2 -0.02
2270.4 -0.02
2271.6 -0.02
2272.8 -0.02
2274.0 -0.02
2275.2 -0.02
2276.4 -0.02
2277.6 -0.02
2278.8 -0.02
2280.0 -0.02
2281.2 -0.02
2282.4 -0.02
2283.6 -0.02
2284.8 -0.02
2286.0 -0.02
2287.2 -0.02
2288.4 -0.02
2289.6 -0.02
2290.8 -0.02
2292.0 -0.02
2293.2 -0.02
2294.4 -0.02
2295.6 -0.02
2296.8 -0.02
2298.0 -0.02
2299.2 -0.02
2300.4 -0.02
2301.6 -0.02
2302.8 -0.02
2304.0 -0.02
2305.2 -0.02
2306.4 -0.02
2307.6 -0.02
2308.8 -0.02
2310.0 -0.02
2311.2 -0.02
2312.4 -0.02
2313.6 -0.02
2314.8 -0.02
2316.0 -0.02
2317.2 -0.02
2318.4 -0.02
2319.6 -0.02
2320.8 -0.02
2322.0 -0.02
2323.2 -0.02
2324.4 -0.02
2325.6 -0.02
2326.8 -0.02
2328.0 -0.02
2329.2 -0.02
2330.4 -0.02
2331.6 -0.02
2332.8 -0.02
2334.0 -0.02
2335.2 -0.02
2336.4 -0.02
2337.6 -0.02
2338.8 -0.02
2340.0 -0.02
2341.2 -0.02
2342.4 -0.02
2343.6 -0.02
2344.8 -0.02
2346.0 -0.02
2347.2 -0.02
2348.4 -0.02
2349.6 -0.02
2350.8 -0.02
2352.0 -0.02
2353.2 -0.01
2354.4 -0.01
2355.6 -0.01
2356.8 -0.01
2358.0 -0.01
2359.2 -0.01
2360.4 -0.01
2361.6 -0.01
2362.8 -0.01
2364.0 -0.01
2365.2 -0.01
2366.4 -0.01
2367.6 -0.01
2368.8 -0.01
2370.0 -0.01
2371.2 -0.01
2372.4 -0.01
2373.6 -0.01
2374.8 -0.01
2376.0 -0.01
2377.2 -0.01
2378.4 -0.01
2379.6 -0.01
2380.8 -0.01
2382.0 -0.01
2383.2 -0.01
2384.4 -0.01
2385.6 -0.01
2386.8 -0.01
2388.0 -0.01
2389.2 -0.01
2390.4 -0.01
2391.6 -0.01
2392.8 -0.01
2394.0 -0.01
2395.2 -0.01
2396.4 -0.01
2397.6 -0.01
2398.8 -0.01
2400.0 -0.01
2401.2 -0.01
2402.4 -0.01
2403.6 -0.01
2404.8 -0.01
2406.0 -0.01
2407.2 -0.01
2408.4 -0.01
2409.6 -0.01
2410.8 -0.01
2412.0 -0.01
2413.2 -0.01
2414.4 -0.01
2415.6 -0.0
2416.8 -0.0
2418.0 -0.0
2419.2 -0.0
2420.4 -0.0
2421.6 -0.0
2422.8 -0.0
2424.0 -0.0
2425.2 -0.0
2426.4 -0.0
2427.6 -0.0
2428.8 -0.0
2430.0 -0.0
2431.2 -0.0
2432.4 -0.0
2433.6 -0.0
2434.8 -0.0
2436.0 -0.0
2437.2 -0.0
2438.4 -0.0
2439.6 -0.0
2440.8 -0.0
2442.0 -0.0
2443.2 -0.0
2444.4 -0.0
2445.6 -0.0
2446.8 -0.0
2448.0 -0.0
2449.2 -0.0
2450.4 -0.0
2451.6 -0.0
2452.8 -0.0
2454.0 -0.0
2455.2 -0.0
2456.4 -0.0
2457.6 -0.0
2458.8 -0.0
2460.0 -0.0
2461.2 -0.0
2462.4 -0.0
2463.6 -0.0
2464.8 -0.0
2466.0 -0.0
2467.2 -0.0
2468.4 -0.0
2469.6 -0.0
2470.8 -0.0
2472.0 -0.0
2473.2 -0.0
2474.4 -0.0
2475.6 -0.0
2476.8 -0.0
2478.0 -0.0
2479.2 -0.0
2480.4 -0.0
2481.6 -0.0
2482.8 0.0
2484.0 0.0
2485.2 0.0
2486.4 0.0
2487.6 0.0
2488.8 0.0
2490.0 0.0
2491.2 0.0
2492.4 0.0
2493.6 0.0
2494.8 0.0
2496.0 0.0
2497.2 0.0
2498.4 0.0
2499.6 0.0
2500.8 0.0
2502.0 0.0
2503.2 -0.0
2504.4 -0.0
2505.6 -0.0
2506.8 -0.0
2508.0 -0.0
2509.2 -0.0
2510.4 -0.0
2511.6 -0.0
2512.8 -0.0
2514.0 -0.0
2515.2 -0.0
2516.4 -0.0
2517.6 -0.0
2518.8 -0.0
2520.0 -0.0
2521.2 -0.01
2522.4 -0.01
2523.6 -0.02
2524.8 -0.04
2526.0 -0.06
2527.2 -0.07
2528.4 -0.08
2529.6 -0.08
2530.8 -0.09
2532.0 -0.09
2533.2 -0.1
2534.4 -0.1
2535.6 -0.11
2536.8 -0.11
2538.0 -0.12
2539.2 -0.12
2540.4 -0.13
2541.6 -0.13
2542.8 -0.14
2544.0 -0.14
2545.2 -0.15
2546.4 -0.15
2547.6 -0.16
2548.8 -0.16
2550.0 -0.17
2551.2 -0.18
2552.4 -0.18
2553.6 -0.19
2554.8 -0.19
2556.0 -0.2
2557.2 -0.2
2558.4 -0.21
2559.6 -0.21
2560.8 -0.22
2562.0 -0.22
2563.2 -0.23
2564.4 -0.23
2565.6 -0.24
2566.8 -0.26
2568.0 -0.28
2569.2 -0.3
2570.4 -0.32
2571.6 -0.33
2572.8 -0.32
2574.0 -0.3
2575.2 -0.29
2576.4 -0.28
2577.6 -0.26
2578.8 -0.25
2580.0 -0.24
2581.2 -0.23
2582.4 -0.22
2583.6 -0.21
2584.8 -0.2
2586.0 -0.19
2587.2 -0.19
2588.4 -0.18
2589.6 -0.18
2590.8 -0.17
2592.0 -0.17
2593.2 -0.16
2594.4 -0.16
2595.6 -0.15
2596.8 -0.15
2598.0 -0.14
2599.2 -0.14
2600.4 -0.13
2601.6 -0.13
2602.8 -0.13
2604.0 -0.12
2605.2 -0.12
2606.4 -0.11
2607.6 -0.11
2608.8 -0.11
2610.0 -0.1
2611.2 -0.1
2612.4 -0.1
2613.6 -0.09
2614.8 -0.09
2616.0 -0.08
2617.2 -0.08
2618.4 -0.08
2619.6 -0.07
2620.8 -0.07
2622.0 -0.07
2623.2 -0.07
2624.4 -0.06
2625.6 -0.06
2626.8 -0.06
2628.0 -0.05
2629.2 -0.05
2630.4 -0.05
2631.6 -0.05
2632.8 -0.04
2634.0 -0.04
2635.2 -0.04
2636.4 -0.04
2637.6 -0.03
2638.8 -0.03
2640.0 -0.03
2641.2 -0.03
2642.4 -0.03
2643.6 -0.02
2644.8 -0.02
2646.0 -0.02
2647.2 -0.02
2648.4 -0.02
2649.6 -0.02
2650.8 -0.01
2652.0 -0.01
2653.2 -0.01
2654.4 -0.01
2655.6 -0.01
2656.8 -0.01
2658.0 -0.01
2659.2 -0.01
2660.4 -0.0
2661.6 -0.0
2662.8 -0.0
2664.0 -0.0
2665.2 -0.0
2666.4 0.0
2667.6 0.0
2668.8 0.0
2670.0 0.0
2671.2 0.0
2672.4 0.0
2673.6 0.01
2674.8 0.01
2676.0 0.01
2677.2 0.01
2678.4 0.01
2679.6 0.01
2680.8 0.01
2682.0 0.01
2683.2 0.01
2684.4 0.01
2685.6 0.01
2686.8 0.01
2688.0 0.01
2689.2 0.01
2690.4 0.01
2691.6 0.01
2692.8 0.01
2694.0 0.01
2695.2 0.01
2696.4 0.01
2697.6 0.01
2698.8 0.01
2700.0 0.01
2701.2 0.01
2702.4 0.01
2703.6 0.01
2704.8 0.01
2706.0 0.01
2707.2 0.01
2708.4 0.01
2709.6 0.01
2710.8 0.01
2712.0 0.01
2713.2 0.01
2714.4 0.01
2715.6 0.01
2716.8 0.01
2718.0 0.01
2719.2 0.01
2720.4 0.01
2721.6 0.01
2722.8 0.01
2724.0 0.01
2725.2 0.0
2726.4 0.0
2727.6 0.0
2728.8 0.0
2730.0 0.0
2731.2 0.0
2732.4 0.0
2733.6 0.0
2734.8 0.0
2736.0 0.0
2737.2 0.0
2738.4 0.0
2739.6 0.0
2740.8 -0.0
2742.0 -0.0
2743.2 -0.0
2744.4 -0.0
2745.6 -0.0
2746.8 -0.0
2748.0 -0.0
2749.2 -0.0
2750.4 -0.0
2751.6 -0.0
2752.8 -0.0
2754.0 -0.0
2755.2 -0.01
2756.4 -0.01
2757.6 -0.01
2758.8 -0.01
2760.0 -0.01
2761.2 -0.01
2762.4 -0.01
2763.6 -0.01
2764.8 -0.01
2766.0 -0.01
2767.2 -0.01
2768.4 -0.01
2769.6 -0.01
2770.8 -0.01
2772.0 -0.01
2773.2 -0.01
2774.4 -0.01
2775.6 -0.01
2776.8 -0.01
2778.0 -0.01
2779.2 -0.01
2780.4 -0.01
2781.6 -0.01
2782.8 -0.01
2784.0 -0.01
2785.2 -0.01
2786.4 -0.01
2787.6 -0.01
2788.8 -0.01
2790.0 -0.01
2791.2 -0.01
2792.4 -0.01
2793.6 -0.01
2794.8 -0.01
2796.0 -0.01
2797.2 -0.01
2798.4 -0.02
2799.6 -0.02
2800.8 -0.02
2802.0 -0.02
2803.2 -0.02
2804.4 -0.02
2805.6 -0.02
2806.8 -0.02
2808.0 -0.02
2809.2 -0.02
2810.4 -0.02
2811.6 -0.02
2812.8 -0.02
2814.0 -0.02
2815.2 -0.02
2816.4 -0.02
2817.6 -0.02
2818.8 -0.02
2820.0 -0.02
2821.2 -0.02
2822.4 -0.02
2823.6 -0.02
2824.8 -0.02
2826.0 -0.02
2827.2 -0.02
2828.4 -0.02
2829.6 -0.02
2830.8 -0.02
2832.0 -0.02
2833.2 -0.02
2834.4 -0.02
2835.6 -0.02
2836.8 -0.02
2838.0 -0.02
2839.2 -0.02
2840.4 -0.02
2841.6 -0.02
2842.8 -0.02
2844.0 -0.02
2845.2 -0.02
2846.4 -0.02
2847.6 -0.02
2848.8 -0.02
2850.0 -0.02
2851.2 -0.02
2852.4 -0.02
2853.6 -0.02
2854.8 -0.02
2856.0 -0.01
2857.2 -0.01
2858.4 -0.01
2859.6 -0.01
2860.8 -0.01
2862.0 -0.01
2863.2 -0.01
2864.4 -0.01
2865.6 -0.01
2866.8 -0.01
2868.0 -0.01
2869.2 -0.01
2870.4 -0.01
2871.6 -0.01
2872.8 -0.01
2874.0 -0.01
2875.2 -0.01
2876.4 -0.01
2877.6 -0.01
2878.8 -0.01
2880.0 -0.01
2881.2 -0.01
2882.4 -0.01
2883.6 -0.01
2884.8 -0.01
2886.0 -0.01
2887.2 -0.01
2888.4 -0.01
2889.6 -0.01
2890.8 -0.01
2892.0 -0.01
2893.2 -0.01
2894.4 -0.01
2895.6 -0.01
2896.8 -0.01
2898.0 -0.01
2899.2 -0.01
2900.4 -0.01
2901.6 -0.01
2902.8 -0.01
2904.0 -0.01
2905.2 -0.01
2906.4 -0.01
2907.6 -0.01
2908.8 -0.01
2910.0 -0.01
2911.2 -0.01
2912.4 -0.01
2913.6 -0.01
2914.8 -0.01
2916.0 -0.01
2917.2 -0.01
2918.4 -0.01
2919.6 -0.01
2920.8 -0.01
2922.0 -0.01
2923.2 -0.01
2924.4 -0.01
2925.6 -0.01
2926.8 -0.01
2928.0 -0.01
2929.2 -0.01
2930.4 -0.01
2931.6 -0.01
2932.8 -0.01
2934.0 -0.01
2935.2 -0.01
2936.4 -0.01
2937.6 -0.01
2938.8 -0.01
2940.0 -0.0
2941.2 -0.0
2942.4 -0.0
2943.6 -0.0
2944.8 -0.0
2946.0 -0.0
2947.2 -0.0
2948.4 -0.0
2949.6 -0.0
2950.8 -0.0
2952.0 -0.0
2953.2 -0.0
2954.4 -0.0
2955.6 -0.0
2956.8 -0.0
2958.0 -0.0
2959.2 -0.0
2960.4 -0.0
2961.6 -0.0
2962.8 -0.0
2964.0 -0.0
2965.2 -0.0
2966.4 -0.0
2967.6 -0.0
2968.8 -0.0
2970.0 -0.0
2971.2 -0.0
2972.4 -0.0
2973.6 -0.0
2974.8 -0.0
2976.0 -0.0
2977.2 -0.0
2978.4 -0.0
2979.6 -0.0
2980.8 -0.0
2982.0 -0.0
2983.2 -0.0
2984.4 -0.0
2985.6 -0.0
2986.8 -0.0
2988.0 -0.0
2989.2 -0.0
2990.4 -0.0
2991.6 -0.0
2992.8 -0.0
2994.0 -0.0
2995.2 -0.0
2996.4 -0.0
2997.6 -0.0
2998.8 -0.0
3000.0 -0.0
3001.2 -0.0
3002.4 -0.0
3003.6 -0.0
3004.8 -0.0
3006.0 -0.01
3007.2 -0.01
3008.4 -0.02
3009.6 -0.02
3010.8 -0.02
3012.0 -0.02
3013.2 -0.02
3014.4 -0.02
3015.6 -0.02
3016.8 -0.03
3018.0 -0.04
3019.2 -0.06
3020.4 -0.08
3021.6 -0.1
3022.8 -0.12
3024.0 -0.14
3025.2 -0.16
3026.4 -0.18
3027.6 -0.2
3028.8 -0.22
3030.0 -0.24
3031.2 -0.26
3032.4 -0.29
3033.6 -0.31
3034.8 -0.33
3036.0 -0.35
3037.2 -0.36
3038.4 -0.38
3039.6 -0.4
3040.8 -0.42
3042.0 -0.43
3043.2 -0.44
3044.4 -0.46
3045.6 -0.47
3046.8 -0.48
3048.0 -0.49
3049.2 -0.49
3050.4 -0.48
3051.6 -0.46
3052.8 -0.44
3054.0 -0.42
3055.2 -0.4
3056.4 -0.39
3057.6 -0.38
3058.8 -0.37
3060.0 -0.36
3061.2 -0.35
3062.4 -0.34
3063.6 -0.33
3064.8 -0.32
3066.0 -0.32
3067.2 -0.31
3068.4 -0.3
3069.6 -0.29
3070.8 -0.28
3072.0 -0.27
3073.2 -0.26
3074.4 -0.26
3075.6 -0.25
3076.8 -0.24
3078.0 -0.23
3079.2 -0.22
3080.4 -0.22
3081.6 -0.21
3082.8 -0.2
3084.0 -0.2
3085.2 -0.19
3086.4 -0.18
3087.6 -0.17
3088.8 -0.17
3090.0 -0.16
3091.2 -0.16
3092.4 -0.15
3093.6 -0.14
3094.8 -0.14
3096.0 -0.13
3097.2 -0.13
3098.4 -0.12
3099.6 -0.12
3100.8 -0.11
3102.0 -0.11
3103.2 -0.1
3104.4 -0.1
3105.6 -0.09
3106.8 -0.09
3108.0 -0.08
3109.2 -0.08
3110.4 -0.07
3111.6 -0.07
3112.8 -0.07
3114.0 -0.06
3115.2 -0.06
3116.4 -0.06
3117.6 -0.05
3118.8 -0.05
3120.0 -0.04
3121.2 -0.04
3122.4 -0.04
3123.6 -0.04
3124.8 -0.03
3126.0 -0.03
3127.2 -0.03
3128.4 -0.02
3129.6 -0.02
3130.8 -0.02
3132.0 -0.02
3133.2 -0.02
3134.4 -0.01
3135.6 -0.01
3136.8 -0.01
3138.0 -0.01
3139.2 -0.01
3140.4 -0.0
3141.6 -0.0
3142.8 -0.0
3144.0 0.0
3145.2 0.0
3146.4 0.0
3147.6 0.0
3148.8 0.01
3150.0 0.01
3151.2 0.01
3152.4 0.01
3153.6 0.01
3154.8 0.01
3156.0 0.01
3157.2 0.01
3158.4 0.01
3159.6 0.01
3160.8 0.01
3162.0 0.01
3163.2 0.01
3164.4 0.01
3165.6 0.01
3166.8 0.01
3168.0 0.01
3169.2 0.01
3170.4 0.02
3171.6 0.02
3172.8 0.02
3174.0 0.02
3175.2 0.01
3176.4 0.01
3177.6 0.01
3178.8 0.01
3180.0 0.01
3181.2 0.01
3182.4 0.01
3183.6 0.01
3184.8 0.01
3186.0 0.01
3187.2 0.01
3188.4 0.01
3189.6 0.01
3190.8 0.01
3192.0 0.01
3193.2 0.01
3194.4 0.01
3195.6 0.01
3196.8 0.01
3198.0 0.01
3199.2 0.01
3200.4 0.01
3201.6 0.01
3202.8 0.01
3204.0 0.0
3205.2 0.0
3206.4 0.0
3207.6 0.0
3208.8 0.0
3210.0 0.0
3211.2 0.0
3212.4 -0.0
3213.6 -0.0
3214.8 -0.0
3216.0 -0.0
3217.2 -0.0
3218.4 -0.0
3219.6 -0.0
3220.8 -0.01
3222.0 -0.01
3223.2 -0.01
3224.4 -0.01
3225.6 -0.01
3226.8 -0.01
3228.0 -0.01
3229.2 -0.01
3230.4 -0.01
3231.6 -0.01
3232.8 -0.01
3234.0 -0.01
3235.2 -0.01
3236.4 -0.01
3237.6 -0.01
3238.8 -0.02
3240.0 -0.02
3241.2 -0.02
3242.4 -0.02
3243.6 -0.02
3244.8 -0.02
3246.0 -0.02
3247.2 -0.02
3248.4 -0.02
3249.6 -0.02
3250.8 -0.02
3252.0 -0.02
3253.2 -0.02
3254.4 -0.02
3255.6 -0.02
3256.8 -0.02
3258.0 -0.02
3259.2 -0.02
3260.4 -0.03
3261.6 -0.03
3262.8 -0.03
3264.0 -0.03
3265.2 -0.03
3266.4 -0.03
3267.6 -0.03
3268.8 -0.03
3270.0 -0.03
3271.2 -0.03
3272.4 -0.03
3273.6 -0.03
3274.8 -0.03
3276.0 -0.03
3277.2 -0.03
3278.4 -0.03
3279.6 -0.03
3280.8 -0.03
3282.0 -0.03
3283.2 -0.03
3284.4 -0.03
3285.6 -0.03
3286.8 -0.03
3288.0 -0.03
3289.2 -0.03
3290.4 -0.03
3291.6 -0.03
3292.8 -0.03
3294.0 -0.03
3295.2 -0.03
3296.4 -0.03
3297.6 -0.03
3298.8 -0.03
3300.0 -0.03
3301.2 -0.03
3302.4 -0.03
3303.6 -0.03
3304.8 -0.03
3306.0 -0.03
3307.2 -0.03
3308.4 -0.03
3309.6 -0.03
3310.8 -0.03
3312.0 -0.03
3313.2 -0.03
3314.4 -0.03
3315.6 -0.03
3316.8 -0.03
3318.0 -0.03
3319.2 -0.03
3320.4 -0.03
3321.6 -0.03
3322.8 -0.03
3324.0 -0.03
3325.2 -0.03
3326.4 -0.03
3327.6 -0.03
3328.8 -0.03
3330.0 -0.03
3331.2 -0.03
3332.4 -0.03
3333.6 -0.03
3334.8 -0.03
3336.0 -0.03
3337.2 -0.03
3338.4 -0.03
3339.6 -0.03
3340.8 -0.03
3342.0 -0.03
3343.2 -0.03
3344.4 -0.03
3345.6 -0.03
3346.8 -0.03
3348.0 -0.03
3349.2 -0.03
3350.4 -0.03
3351.6 -0.03
3352.8 -0.03
3354.0 -0.03
3355.2 -0.03
3356.4 -0.03
3357.6 -0.03
3358.8 -0.02
3360.0 -0.02
3361.2 -0.02
3362.4 -0.02
3363.6 -0.02
3364.8 -0.02
3366.0 -0.02
3367.2 -0.02
3368.4 -0.02
3369.6 -0.02
3370.8 -0.02
3372.0 -0.02
3373.2 -0.02
3374.4 -0.02
3375.6 -0.02
3376.8 -0.02
3378.0 -0.02
3379.2 -0.02
3380.4 -0.02
3381.6 -0.02
3382.8 -0.02
3384.0 -0.02
3385.2 -0.02
3386.4 -0.02
3387.6 -0.02
3388.8 -0.02
3390.0 -0.02
3391.2 -0.02
3392.4 -0.02
3393.6 -0.02
3394.8 -0.02
3396.0 -0.02
3397.2 -0.02
3398.4 -0.02
3399.6 -0.02
3400.8 -0.02
3402.0 -0.01
3403.2 -0.01
3404.4 -0.01
3405.6 -0.01
3406.8 -0.01
3408.0 -0.01
3409.2 -0.01
3410.4 -0.01
3411.6 -0.01
3412.8 -0.01
3414.0 -0.01
3415.2 -0.01
3416.4 -0.01
3417.6 -0.01
3418.8 -0.01
3420.0 -0.01
3421.2 -0.01
3422.4 -0.01
3423.6 -0.01
3424.8 -0.01
3426.0 -0.01
3427.2 -0.01
3428.4 -0.01
3429.6 -0.01
3430.8 -0.01
3432.0 -0.01
3433.2 -0.01
3434.4 -0.01
3435.6 -0.01
3436.8 -0.01
3438.0 -0.01
3439.2 -0.01
3440.4 -0.01
3441.6 -0.01
3442.8 -0.01
3444.0 -0.01
3445.2 -0.01
3446.4 -0.01
3447.6 -0.01
3448.8 -0.01
3450.0 -0.01
3451.2 -0.01
3452.4 -0.01
3453.6 -0.01
3454.8 -0.01
3456.0 -0.01
3457.2 -0.01
3458.4 -0.01
3459.6 -0.01
3460.8 -0.01
3462.0 -0.01
3463.2 -0.01
3464.4 -0.0
3465.6 -0.0
3466.8 -0.0
3468.0 -0.0
3469.2 -0.0
3470.4 -0.0
3471.6 -0.0
3472.8 -0.0
3474.0 -0.0
3475.2 -0.0
3476.4 -0.0
3477.6 -0.0
3478.8 -0.0
3480.0 -0.0
3481.2 -0.0
3482.4 -0.0
3483.6 -0.0
3484.8 -0.0
3486.0 -0.0
3487.2 -0.0
3488.4 -0.0
3489.6 -0.0
3490.8 -0.0
3492.0 -0.0
3493.2 -0.0
3494.4 -0.0
3495.6 -0.0
3496.8 -0.0
3498.0 -0.0
3499.2 -0.0
3500.4 -0.0
3501.6 -0.0
3502.8 -0.0
3504.0 -0.0
3505.2 -0.0
3506.4 -0.0
3507.6 -0.0
3508.8 -0.0
3510.0 -0.0
3511.2 -0.0
3512.4 -0.0
3513.6 -0.0
3514.8 -0.0
3516.0 -0.0
3517.2 -0.0
3518.4 -0.0
3519.6 -0.0
3520.8 -0.0
3522.0 -0.0
3523.2 -0.0
3524.4 -0.0
3525.6 -0.0
3526.8 -0.0
3528.0 -0.0
3529.2 -0.0
3530.4 -0.0
3531.6 -0.0
3532.8 -0.0
3534.0 -0.0
3535.2 -0.0
3536.4 -0.0
3537.6 -0.0
3538.8 -0.0
3540.0 -0.0
3541.2 -0.0
3542.4 -0.0
3543.6 -0.0
3544.8 -0.0
3546.0 -0.0
3547.2 -0.0
3548.4 -0.0
3549.6 -0.0
3550.8 -0.0
3552.0 -0.0
3553.2 -0.0
3554.4 -0.0
3555.6 -0.0
3556.8 -0.0
3558.0 -0.0
3559.2 -0.0
3560.4 -0.0
3561.6 -0.0
3562.8 -0.0
3564.0 -0.0
3565.2 -0.0
3566.4 -0.0
3567.6 -0.0
3568.8 -0.0
3570.0 -0.0
3571.2 -0.0
3572.4 -0.0
3573.6 -0.0
3574.8 -0.0
3576.0 -0.0
3577.2 -0.0
3578.4 -0.0
3579.6 -0.0
3580.8 -0.0
3582.0 -0.0
3583.2 -0.0
3584.4 -0.0
3585.6 -0.0
3586.8 -0.0
3588.0 -0.0
3589.2 -0.0
3590.4 -0.0
3591.6 -0.0
3592.8 -0.0
3594.0 -0.0
3595.2 -0.0
3596.4 -0.0
3597.6 -0.0
3598.8 -0.0
3600.0 -0.0
3601.2 -0.0
3602.4 -0.0
3603.6 -0.0
3604.8 -0.0
3606.0 -0.0
3607.2 -0.0
3608.4 -0.0
3609.6 -0.0
3610.8 -0.0
3612.0 -0.0
3613.2 -0.0
3614.4 -0.0
3615.6 -0.0
3616.8 -0.0
3618.0 -0.0
3619.2 -0.0
3620.4 -0.0
3621.6 -0.0
3622.8 -0.0
3624.0 -0.0
3625.2 -0.0
3626.4 -0.0
3627.6 -0.0
3628.8 -0.0
3630.0 -0.0
3631.2 -0.0
3632.4 -0.0
3633.6 -0.0
3634.8 -0.0
3636.0 -0.0
3637.2 -0.0
3638.4 -0.0
3639.6 -0.0
3640.8 -0.0
3642.0 -0.0
3643.2 -0.0
3644.4 -0.0
3645.6 -0.0
3646.8 -0.0
3648.0 -0.0
3649.2 -0.0
3650.4 -0.0
3651.6 -0.0
3652.8 -0.0
3654.0 -0.0
3655.2 -0.0
3656.4 -0.0
3657.6 -0.0
3658.8 -0.0
3660.0 -0.0
3661.2 -0.0
3662.4 -0.0
3663.6 -0.0
3664.8 -0.0
3666.0 -0.0
3667.2 -0.0
3668.4 -0.0
3669.6 -0.0
3670.8 -0.0
3672.0 -0.0
3673.2 -0.0
3674.4 -0.0
3675.6 -0.0
3676.8 -0.0
3678.0 -0.0
3679.2 -0.0
3680.4 -0.0
3681.6 -0.0
3682.8 -0.0
3684.0 -0.0
3685.2 -0.0
3686.4 -0.0
3687.6 -0.0
3688.8 -0.0
3690.0 -0.0
3691.2 -0.0
3692.4 -0.0
3693.6 -0.0
3694.8 -0.0
3696.0 -0.0
3697.2 -0.0
3698.4 -0.0
3699.6 -0.0
3700.8 -0.0
3702.0 -0.0
3703.2 -0.0
3704.4 -0.0
3705.6 -0.0
3706.8 -0.0
3708.0 -0.0
3709.2 -0.0
3710.4 -0.0
3711.6 -0.0
3712.8 -0.0
3714.0 -0.0
3715.2 -0.0
3716.4 -0.0
3717.6 -0.0
3718.8 -0.0
3720.0 -0.0
3721.2 -0.0
3722.4 -0.0
3723.6 -0.0
3724.8 -0.0
3726.0 -0.0
3727.2 -0.0
3728.4 -0.0
3729.6 -0.0
3730.8 -0.0
3732.0 -0.0
3733.2 -0.0
3734.4 -0.0
3735.6 -0.0
3736.8 -0.0
3738.0 -0.0
3739.2 -0.0
3740.4 -0.0
3741.6 -0.0
3742.8 -0.0
3744.0 -0.0
3745.2 -0.0
3746.4 -0.0
3747.6 -0.0
3748.8 -0.0
3750.0 -0.0
3751.2 -0.0
3752.4 -0.0
3753.6 -0.0
3754.8 -0.0
3756.0 -0.0
3757.2 -0.0
3758.4 -0.0
3759.6 -0.0
3760.8 -0.0
3762.0 -0.0
3763.2 -0.0
3764.4 -0.0
3765.6 -0.0
3766.8 -0.0
3768.0 -0.0
3769.2 -0.0
3770.4 -0.0
3771.6 -0.0
3772.8 -0.0
3774.0 -0.0
3775.2 -0.0
3776.4 -0.0
3777.6 -0.0
3778.8 -0.0
3780.0 -0.0
3781.2 -0.0
3782.4 -0.0
3783.6 -0.0
3784.8 -0.0
3786.0 -0.0
3787.2 -0.0
3788.4 -0.0
3789.6 -0.0
3790.8 -0.0
3792.0 -0.0
3793.2 -0.0
3794.4 -0.0
3795.6 -0.0
3796.8 -0.0
3798.0 -0.0
3799.2 -0.0
3800.4 -0.0
3801.6 -0.0
3802.8 -0.0
3804.0 -0.0
3805.2 -0.0
3806.4 -0.0
3807.6 -0.0
3808.8 -0.0
3810.0 -0.0
3811.2 -0.0
3812.4 -0.0
3813.6 -0.0
3814.8 -0.0
3816.0 -0.0
3817.2 -0.0
3818.4 -0.0
3819.6 -0.0
3820.8 -0.0
3822.0 -0.0
3823.2 -0.0
3824.4 -0.0
3825.6 -0.0
3826.8 -0.0
3828.0 -0.0
3829.2 -0.0
3830.4 -0.0
3831.6 -0.0
3832.8 -0.0
3834.0 -0.0
3835.2 -0.0
3836.4 -0.0
3837.6 -0.0
3838.8 -0.0
3840.0 -0.0
3841.2 -0.0
3842.4 -0.0
3843.6 -0.0
3844.8 -0.0
3846.0 -0.0
3847.2 -0.0
3848.4 -0.0
3849.6 -0.0
3850.8 -0.0
3852.0 -0.0
3853.2 -0.0
3854.4 -0.0
3855.6 -0.0
3856.8 -0.0
3858.0 -0.0
3859.2 -0.0
3860.4 -0.0
3861.6 -0.0
3862.8 -0.0
3864.0 -0.0
3865.2 -0.0
3866.4 -0.0
3867.6 -0.0
3868.8 -0.0
3870.0 -0.0
3871.2 -0.0
3872.4 -0.0
3873.6 -0.0
3874.8 -0.0
3876.0 -0.0
3877.2 -0.0
3878.4 -0.0
3879.6 -0.0
3880.8 -0.0
3882.0 -0.0
3883.2 -0.0
3884.4 -0.0
3885.6 -0.0
3886.8 -0.0
3888.0 -0.0
3889.2 -0.0
3890.4 -0.0
3891.6 -0.0
3892.8 -0.0
3894.0 -0.0
3895.2 -0.0
3896.4 -0.0
3897.6 -0.0
3898.8 -0.0
3900.0 -0.0
3901.2 -0.0
3902.4 -0.0
3903.6 -0.0
3904.8 -0.0
3906.0 -0.0
3907.2 -0.0
3908.4 -0.0
3909.6 -0.0
3910.8 -0.0
3912.0 -0.0
3913.2 -0.0
3914.4 -0.0
3915.6 -0.0
3916.8 -0.0
3918.0 -0.0
3919.2 -0.0
3920.4 -0.0
3921.6 -0.0
3922.8 -0.0
3924.0 -0.0
3925.2 -0.0
3926.4 -0.0
3927.6 -0.0
3928.8 -0.0
3930.0 -0.0
3931.2 -0.0
3932.4 -0.0
3933.6 -0.0
3934.8 -0.0
3936.0 -0.0
3937.2 -0.0
3938.4 -0.0
3939.6 -0.0
3940.8 -0.0
3942.0 -0.0
3943.2 -0.0
3944.4 -0.0
3945.6 -0.0
3946.8 -0.0
3948.0 -0.0
3949.2 -0.0
3950.4 -0.0
3951.6 -0.0
3952.8 -0.0
3954.0 -0.0
3955.2 -0.0
3956.4 -0.0
3957.6 -0.0
3958.8 -0.0
3960.0 -0.0
3961.2 -0.0
3962.4 -0.0
3963.6 -0.0
3964.8 -0.0
3966.0 -0.0
3967.2 -0.0
3968.4 -0.0
3969.6 -0.0
3970.8 -0.0
3972.0 -0.0
3973.2 -0.0
3974.4 -0.0
3975.6 -0.0
3976.8 -0.0
3978.0 -0.0
3979.2 -0.0
3980.4 -0.0
3981.6 -0.0
3982.8 -0.0
3984.0 -0.0
3985.2 -0.0
3986.4 -0.0
3987.6 -0.0
3988.8 -0.0
3990.0 -0.0
3991.2 -0.0
3992.4 -0.0
3993.6 -0.0
3994.8 -0.0
3996.0 -0.0
3997.2 -0.0
3998.4 -0.0
3999.6 -0.0
