0 2e-06
1.05 -0.001664
2.1 -0.003107
3.14999999999999 -0.004234
4.19999999999999 -0.005136
5.25 -0.005633
6.30000000000001 -0.005837
7.35000000000002 -0.005988
8.40000000000001 -0.006108
9.44999999999999 -0.006196
10.5 -0.006227
11.5499999999999 -0.006249
12.5999999999999 -0.006262
13.6499999999999 -0.00627
14.6999999999999 -0.006276
15.7499999999999 -0.006276
16.7999999999999 -0.00627
17.8499999999999 -0.00626
18.9 -0.006246
19.95 -0.006225
21 -0.006199
22.0500000000001 -0.006167
23.1000000000001 -0.006128
24.1500000000002 -0.006086
25.2000000000002 -0.006039
26.2500000000002 -0.005987
27.3000000000003 -0.00593
28.3500000000003 -0.00587
29.4000000000004 -0.005802
30.4500000000004 -0.005715
31.5000000000004 -0.004919
32.5500000000005 -0.00412
33.6000000000005 -0.003704
34.6500000000006 -0.003516
35.7000000000006 -0.003379
36.7500000000006 -0.003232
37.8000000000007 -0.00311
38.8500000000007 -0.002801
39.9000000000008 -0.00197
40.9500000000008 -0.001335
42.0000000000008 -0.001096
43.0500000000009 -0.000935
44.1000000000009 -0.000796
45.150000000001 -0.000668
46.200000000001 -0.000549
47.250000000001 -0.000473
48.3000000000011 -0.000412
49.3500000000011 -0.000355
50.4000000000011 -0.068712
51.4500000000012 -0.200287
52.5000000000012 -0.307673
53.5500000000013 -0.395563
54.6000000000013 -0.460187
55.6500000000013 -0.504427
56.7000000000014 -0.534647
57.7500000000014 -0.549029
58.8000000000015 -0.537096
59.8500000000015 -0.533592
60.9000000000015 -0.532348
61.9500000000016 -0.516128
63.0000000000016 -0.495339
64.0500000000017 -0.468906
65.1000000000017 -0.438282
66.1500000000017 -0.405932
67.2000000000018 -0.357759
68.2500000000018 -0.31214
69.3000000000019 -0.27369
70.3500000000019 -0.237152
71.4000000000019 -0.203793
72.450000000002 -0.169065
73.500000000002 -0.136642
74.5500000000021 -0.109913
75.6000000000021 -0.0865
76.6500000000021 -0.067725
77.7000000000022 -0.051444
78.7500000000022 -0.03591
79.8000000000023 -0.025546
80.8500000000023 -0.015714
81.9000000000023 -0.015191
82.9500000000024 -0.015062
84.0000000000024 -0.014593
85.0500000000025 -0.01448
86.1000000000025 -0.014757
87.1500000000025 -0.016158
88.2000000000026 -0.015021
89.2500000000026 -0.015672
90.3000000000027 -0.014972
91.3500000000027 -0.014737
92.4000000000027 -0.01503
93.4500000000028 -0.015518
94.5000000000028 -0.015764
95.5500000000029 -0.015262
96.6000000000029 -0.015264
97.6500000000029 -0.01526
98.700000000003 -0.015225
99.750000000003 -0.015155
100.800000000003 -0.130828
101.850000000003 -0.251621
102.900000000003 -0.350002
103.950000000003 -0.427689
105.000000000003 -0.492324
106.050000000003 -0.53199
107.100000000003 -0.554268
108.150000000003 -0.56696
109.200000000003 -0.569415
110.250000000003 -0.562876
111.300000000003 -0.550813
112.350000000003 -0.519237
113.400000000004 -0.498571
114.450000000004 -0.4631
115.500000000004 -0.427498
116.550000000004 -0.386773
117.600000000004 -0.353304
118.650000000004 -0.315344
119.700000000004 -0.273319
120.750000000004 -0.234194
121.800000000004 -0.192976
122.850000000004 -0.154596
123.900000000004 -0.121905
124.950000000004 -0.092453
126.000000000004 -0.0695
127.050000000004 -0.045228
128.100000000004 -0.03597
129.150000000004 -0.022154
130.200000000004 -0.015648
131.250000000004 -0.0125
132.300000000004 -0.010704
133.350000000004 -0.010513
134.400000000004 -0.011374
135.450000000004 -0.010615
136.500000000004 -0.01176
137.550000000004 -0.009902
138.600000000004 -0.010331
139.650000000005 -0.011547
140.700000000005 -0.010642
141.750000000005 -0.01122
142.800000000005 -0.009668
143.850000000005 -0.010501
144.900000000005 -0.010693
145.950000000005 -0.010738
147.000000000005 -0.012414
148.050000000005 -0.010651
149.100000000005 -0.010972
150.150000000005 0.019682
151.200000000005 0.161547
152.250000000005 0.27709
153.300000000005 0.368931
154.350000000005 0.439584
155.400000000005 0.491421
156.450000000005 0.526831
157.500000000005 0.548136
158.550000000005 0.557581
159.600000000005 0.556885
160.650000000005 0.547374
161.700000000005 0.530855
162.750000000005 0.508751
163.800000000005 0.482385
164.850000000005 0.452884
165.900000000006 0.421239
166.950000000006 0.388358
168.000000000006 0.354765
169.050000000006 0.321233
170.100000000006 0.288331
171.150000000006 0.256478
172.200000000006 0.225987
173.250000000006 0.197085
174.300000000006 0.16993
175.350000000006 0.144748
176.400000000006 0.121578
177.450000000006 0.100314
178.500000000006 0.081225
179.550000000006 0.063939
180.600000000006 0.048455
181.650000000006 0.03465
182.700000000006 0.022637
183.750000000006 0.012361
184.800000000006 0.003723
185.850000000006 -0.003425
186.900000000006 -0.009367
187.950000000006 -0.014171
189.000000000006 -0.0152
190.050000000006 -0.014818
191.100000000006 -0.015139
192.150000000007 -0.014677
193.200000000007 -0.016427
194.250000000007 -0.015067
195.300000000007 -0.014925
196.350000000007 -0.015193
197.400000000007 -0.015125
198.450000000007 -0.015816
199.500000000007 -0.014981
200.550000000007 -0.01521
201.600000000007 -0.013813
202.650000000007 -0.014656
203.700000000007 -0.015042
204.750000000007 -0.015195
205.800000000007 -0.014829
206.850000000007 -0.014906
207.900000000007 -0.014933
208.950000000007 -0.014955
210.000000000007 -0.014936
211.050000000007 -0.014884
212.100000000007 -0.014829
213.150000000007 -0.014675
214.200000000007 -0.014087
215.250000000007 -0.013503
216.300000000007 -0.012418
217.350000000007 -0.011277
218.400000000008 -0.010239
219.450000000008 -0.009507
220.500000000008 -0.00893
221.550000000008 -0.0083
222.600000000008 -0.007629
223.650000000008 -0.006802
224.700000000008 -0.005913
225.750000000008 -0.005008
226.800000000008 -0.00406
227.850000000008 -0.003162
228.900000000008 -0.002271
229.950000000008 -0.001524
231.000000000008 -0.001229
232.050000000008 -0.00109
233.100000000008 -0.000936
234.150000000008 -0.00081
235.200000000008 -0.000705
236.250000000008 -0.000604
237.300000000008 -0.000497
238.350000000008 -0.000369
239.400000000008 -0.00024
240.450000000008 -0.000126
241.500000000008 4.6e-05
242.550000000008 0.000134
243.600000000008 0.00022
244.650000000009 0.000268
245.700000000009 0.000315
246.750000000009 0.000357
247.800000000009 0.000396
248.850000000009 0.000437
249.900000000009 0.000481
250.950000000009 0.000524
252.000000000009 0.000566
253.050000000009 0.000607
254.100000000009 0.000646
255.150000000009 0.000684
256.200000000009 0.000722
257.250000000008 0.000757
258.300000000007 0.000791
259.350000000006 0.000822
260.400000000005 0.000854
261.450000000004 0.000883
262.500000000003 0.000913
263.550000000002 0.00094
264.600000000001 0.000965
265.65 0.000988
266.699999999999 0.001011
267.749999999998 0.001031
268.799999999997 0.001051
269.849999999996 0.00107
270.899999999995 0.001087
271.949999999994 0.001103
272.999999999993 0.001119
274.049999999993 0.001133
275.099999999992 0.001146
276.149999999991 0.001158
277.19999999999 0.001169
278.249999999989 0.001179
279.299999999988 0.001188
280.349999999987 0.001196
281.399999999986 0.001204
282.449999999985 0.001211
283.499999999984 0.001216
284.549999999983 0.001221
285.599999999982 0.001226
286.649999999981 0.00123
287.69999999998 0.001232
288.749999999979 0.001234
289.799999999978 0.001235
290.849999999977 0.001236
291.899999999976 0.001236
292.949999999975 0.001235
293.999999999974 0.001233
295.049999999973 0.001231
296.099999999972 0.001228
297.149999999971 0.001225
298.199999999971 0.001221
299.24999999997 0.001217
300.299999999969 -0.120287
301.349999999968 -0.404201
302.399999999967 -0.576875
303.449999999966 -0.646852
304.499999999965 -0.645954
305.549999999964 -0.646017
306.599999999963 -0.645645
307.649999999962 -0.645767
308.699999999961 -0.644738
309.74999999996 -0.640648
310.799999999959 -0.644786
311.849999999958 -0.643578
312.899999999957 -0.643918
313.949999999956 -0.643317
314.999999999955 -0.641136
316.049999999954 -0.642518
317.099999999953 -0.641637
318.149999999952 -0.641837
319.199999999951 -0.641744
320.24999999995 -0.549521
321.29999999995 -0.269814
322.349999999949 -0.032682
323.399999999948 0.165223
324.449999999947 0.327357
325.499999999946 0.457267
326.549999999945 0.558163
327.599999999944 0.633417
328.649999999943 0.686051
329.699999999942 0.719041
330.749999999941 0.735646
331.79999999994 0.738058
332.849999999939 0.728356
333.899999999938 0.70881
334.949999999937 0.681397
335.999999999936 0.6479
337.049999999935 0.6098
338.099999999934 0.568554
339.149999999933 0.525304
340.199999999932 0.481061
341.249999999931 0.436669
342.29999999993 0.392856
343.349999999929 0.350216
344.399999999929 0.309277
345.449999999928 0.270368
346.499999999927 0.233782
347.549999999926 0.199656
348.599999999925 0.168137
349.649999999924 0.139294
350.699999999923 0.113265
351.749999999922 0.089847
352.799999999921 0.068649
353.84999999992 0.049897
354.899999999919 0.033529
355.949999999918 0.019411
356.999999999917 0.007489
358.049999999916 -0.002383
359.099999999915 -0.010663
360.149999999914 -0.016044
361.199999999913 -0.01474
362.249999999912 -0.016938
363.299999999911 -0.015038
364.34999999991 -0.014931
365.399999999909 -0.016398
366.449999999908 -0.01515
367.499999999908 -0.014988
368.549999999907 -0.01645
369.599999999906 -0.017076
370.649999999905 -0.015242
371.699999999904 -0.01462
372.749999999903 -0.015111
373.799999999902 -0.014991
374.849999999901 -0.014425
375.8999999999 -0.015129
376.949999999899 -0.014707
377.999999999898 -0.016547
379.049999999897 -0.015042
380.099999999896 -0.016552
381.149999999895 -0.014827
382.199999999894 -0.016105
383.249999999893 -0.01637
384.299999999892 -0.016463
385.349999999891 -0.016501
386.39999999989 -0.016473
387.449999999889 -0.016283
388.499999999888 -0.016045
389.549999999887 -0.015772
390.599999999887 -0.015548
391.649999999886 -0.015236
392.699999999885 -0.014931
393.749999999884 -0.014607
394.799999999883 -0.013939
395.849999999882 -0.013336
396.899999999881 -0.012181
397.94999999988 -0.01114
398.999999999879 -0.009867
400.049999999878 -0.008946
401.099999999877 -0.008199
402.149999999876 -0.007591
403.199999999875 -0.006917
404.249999999874 -0.00609
405.299999999873 -0.005179
406.349999999872 -0.00428
407.399999999871 -0.003414
408.44999999987 -0.002571
409.499999999869 -0.001778
410.549999999868 -0.001359
411.599999999867 -0.00117
412.649999999866 -0.001043
413.699999999865 -0.000936
414.749999999865 -0.000833
415.799999999864 -0.000735
416.849999999863 -0.000639
417.899999999862 -0.000531
418.949999999861 -0.000414
419.99999999986 -0.000291
421.049999999859 -0.000172
422.099999999858 -8e-05
423.149999999857 -2.9e-05
424.199999999856 2e-05
425.249999999855 6.6e-05
426.299999999854 0.00011
427.349999999853 0.000153
428.399999999852 0.000194
429.449999999851 0.000235
430.49999999985 0.000276
431.549999999849 0.000313
432.599999999848 0.000351
433.649999999847 0.000392
434.699999999846 0.000432
435.749999999845 0.000472
436.799999999844 0.000511
437.849999999844 0.000549
438.899999999843 0.000586
439.949999999842 0.000621
440.999999999841 0.000656
442.04999999984 0.000688
443.099999999839 0.000719
444.149999999838 0.00075
445.199999999837 0.00078
446.249999999836 0.000809
447.299999999835 0.000837
448.349999999834 0.000862
449.399999999833 0.000885
450.449999999832 0.000912
451.499999999831 0.000934
452.54999999983 0.000954
453.599999999829 0.000973
454.649999999828 0.000991
455.699999999827 0.001008
456.749999999826 0.001023
457.799999999825 0.001038
458.849999999824 0.001052
459.899999999823 0.001065
460.949999999823 0.001076
461.999999999822 0.001087
463.049999999821 0.001097
464.09999999982 0.001106
465.149999999819 0.001114
466.199999999818 0.001122
467.249999999817 0.001129
468.299999999816 0.001135
469.349999999815 0.001141
470.399999999814 0.001145
471.449999999813 0.001149
472.499999999812 0.001152
473.549999999811 0.001155
474.59999999981 0.001156
475.649999999809 0.001157
476.699999999808 0.001158
477.749999999807 0.001157
478.799999999806 0.001156
479.849999999805 0.001155
480.899999999804 0.001153
481.949999999803 0.00115
482.999999999802 0.001147
484.049999999802 0.001143
485.099999999801 0.001139
486.1499999998 0.001134
487.199999999799 0.001129
488.249999999798 0.001123
489.299999999797 0.001116
490.349999999796 0.00111
491.399999999795 0.001103
492.449999999794 0.001094
493.499999999793 0.001085
494.549999999792 0.001076
495.599999999791 0.001066
496.64999999979 0.001056
497.699999999789 0.001045
498.749999999788 0.001034
499.799999999787 0.001023
500.849999999786 0.001013
501.899999999785 0.001003
502.949999999784 0.000992
503.999999999783 0.00098
505.049999999782 0.000967
506.099999999781 0.000951
507.149999999781 0.000934
508.19999999978 0.000917
509.249999999779 0.000899
510.299999999778 0.000884
511.349999999777 0.000869
512.399999999776 0.00085
513.449999999775 0.000833
514.499999999774 0.000816
515.549999999773 0.000798
516.599999999772 0.00078
517.649999999771 0.00076
518.69999999977 0.000734
519.749999999769 0.00071
520.799999999768 0.000687
521.849999999767 0.000662
522.899999999766 0.000639
523.949999999765 0.000614
524.999999999764 0.000593
526.049999999763 0.000573
527.099999999762 0.00055
528.149999999761 0.000527
529.199999999761 0.000504
530.24999999976 0.000481
531.299999999759 0.000458
532.349999999758 0.000436
533.399999999757 0.000413
534.449999999756 0.000388
535.499999999755 0.000366
536.549999999754 0.000344
537.599999999753 0.000321
538.649999999752 0.000297
539.699999999751 0.000275
540.74999999975 0.000254
541.799999999749 0.000231
542.849999999748 0.000209
543.899999999747 0.000186
544.949999999746 0.000164
545.999999999745 0.000142
547.049999999744 0.00012
548.099999999743 9.8e-05
549.149999999742 7.7e-05
550.199999999741 5.6e-05
551.24999999974 3.5e-05
552.299999999739 1.4e-05
553.349999999739 -7e-06
554.399999999738 -2.7e-05
555.449999999737 -4.7e-05
556.499999999736 -6.7e-05
557.549999999735 -8.6e-05
558.599999999734 -0.000105
559.649999999733 -0.000123
560.699999999732 -0.000143
561.749999999731 -0.00016
562.79999999973 -0.000175
563.849999999729 -0.00019
564.899999999728 -0.000207
565.949999999727 -0.000227
566.999999999726 -0.000244
568.049999999725 -0.00026
569.099999999724 -0.000275
570.149999999723 -0.000291
571.199999999722 -0.000307
572.249999999721 -0.000322
573.29999999972 -0.000337
574.349999999719 -0.00035
575.399999999718 -0.000364
576.449999999718 -0.000376
577.499999999717 -0.000388
578.549999999716 -0.000399
579.599999999715 -0.000411
580.649999999714 -0.000421
581.699999999713 -0.000431
582.749999999712 -0.000441
583.799999999711 -0.000451
584.84999999971 -0.000458
585.899999999709 -0.000466
586.949999999708 -0.000474
587.999999999707 -0.000481
589.049999999706 -0.000487
590.099999999705 -0.000493
591.149999999704 -0.000499
592.199999999703 -0.000504
593.249999999702 -0.000509
594.299999999701 -0.000513
595.3499999997 -0.000518
596.399999999699 -0.000522
597.449999999698 -0.000526
598.499999999697 -0.000529
599.549999999697 -0.000532
600.599999999696 -0.000534
601.649999999695 -0.000535
602.699999999694 -0.000537
603.749999999693 -0.000537
604.799999999692 -0.000538
605.849999999691 -0.000538
606.89999999969 -0.000538
607.949999999689 -0.000538
608.999999999688 -0.000537
610.049999999687 -0.000536
611.099999999686 -0.000534
612.149999999685 -0.000532
613.199999999684 -0.00053
614.249999999683 -0.000527
615.299999999682 -0.000525
616.349999999681 -0.000522
617.39999999968 -0.000519
618.449999999679 -0.000515
619.499999999678 -0.000511
620.549999999677 -0.000508
621.599999999676 -0.000503
622.649999999676 -0.000499
623.699999999675 -0.000494
624.749999999674 -0.00049
625.799999999673 -0.000485
626.849999999672 -0.000479
627.899999999671 -0.000474
628.94999999967 -0.000468
629.999999999669 -0.000462
631.049999999668 -0.000457
632.099999999667 -0.00045
633.149999999666 -0.000444
634.199999999665 -0.000438
635.249999999664 -0.000431
636.299999999663 -0.000424
637.349999999662 -0.000417
638.399999999661 -0.00041
639.44999999966 -0.000403
640.499999999659 -0.000396
641.549999999658 -0.000389
642.599999999657 -0.000381
643.649999999656 -0.000374
644.699999999655 -0.000366
645.749999999655 -0.000358
646.799999999654 -0.000351
647.849999999653 -0.000342
648.899999999652 -0.000334
649.949999999651 -0.000326
650.99999999965 -0.000318
652.049999999649 -0.000309
653.099999999648 -0.000301
654.149999999647 -0.000292
655.199999999646 -0.000283
656.249999999645 -0.000274
657.299999999644 -0.000265
658.349999999643 -0.000256
659.399999999642 -0.000247
660.449999999641 -0.000238
661.49999999964 -0.000229
662.549999999639 -0.00022
663.599999999638 -0.000211
664.649999999637 -0.000202
665.699999999636 -0.000192
666.749999999635 -0.000184
667.799999999634 -0.000174
668.849999999633 -0.000165
669.899999999633 -0.000156
670.949999999632 -0.000147
671.999999999631 -0.000138
673.04999999963 -0.000129
674.099999999629 -0.00012
675.149999999628 -0.000112
676.199999999627 -0.000103
677.249999999626 -9.5e-05
678.299999999625 -8.7e-05
679.349999999624 -7.9e-05
680.399999999623 -7.1e-05
681.449999999622 -6.2e-05
682.499999999621 -5.3e-05
683.54999999962 -4.4e-05
684.599999999619 -3.5e-05
685.649999999618 -2.7e-05
686.699999999617 -1.9e-05
687.749999999616 -1e-05
688.799999999615 -3e-06
689.849999999614 5e-06
690.899999999613 1.3e-05
691.949999999612 2.1e-05
692.999999999612 2.8e-05
694.049999999611 3.5e-05
695.09999999961 4.2e-05
696.149999999609 4.9e-05
697.199999999608 5.6e-05
698.249999999607 6.3e-05
699.299999999606 7e-05
700.349999999605 7.6e-05
701.399999999604 8.2e-05
702.449999999603 8.8e-05
703.499999999602 9.4e-05
704.549999999601 0.0001
705.5999999996 0.000106
706.649999999599 0.000112
707.699999999598 0.000117
708.749999999597 0.000122
709.799999999596 0.000128
710.849999999595 0.000133
711.899999999594 0.000138
712.949999999593 0.000144
713.999999999592 0.000149
715.049999999591 0.000154
716.099999999591 0.000159
717.14999999959 0.000164
718.199999999589 0.000168
719.249999999588 0.000173
720.299999999587 0.000177
721.349999999586 0.000181
722.399999999585 0.000185
723.449999999584 0.000189
724.499999999583 0.000193
725.549999999582 0.000196
726.599999999581 0.0002
727.64999999958 0.000203
728.699999999579 0.000206
729.749999999578 0.000209
730.799999999577 0.000212
731.849999999576 0.000215
732.899999999575 0.000217
733.949999999574 0.00022
734.999999999573 0.000222
736.049999999572 0.000224
737.099999999571 0.000226
738.14999999957 0.000228
739.19999999957 0.00023
740.249999999569 0.000231
741.299999999568 0.000233
742.349999999567 0.000234
743.399999999566 0.000235
744.449999999565 0.000236
745.499999999564 0.000237
746.549999999563 0.000237
747.599999999562 0.000238
748.649999999561 0.000238
749.69999999956 0.000239
750.749999999559 0.000239
751.799999999558 0.000239
752.849999999557 0.000239
753.899999999556 0.000239
754.949999999555 0.000238
755.999999999554 0.000238
757.049999999553 0.000237
758.099999999552 0.000236
759.149999999551 0.000236
760.19999999955 0.000235
761.249999999549 0.000234
762.299999999549 0.000232
763.349999999548 0.000231
764.399999999547 0.00023
765.449999999546 0.000228
766.499999999545 0.000226
767.549999999544 0.000225
768.599999999543 0.000223
769.649999999542 0.000221
770.699999999541 0.000219
771.74999999954 0.000217
772.799999999539 0.000215
773.849999999538 0.000212
774.899999999537 0.00021
775.949999999536 0.000208
776.999999999535 0.000205
778.049999999534 0.000203
779.099999999533 0.0002
780.149999999532 0.000197
781.199999999531 0.000194
782.24999999953 0.000191
783.299999999529 0.000189
784.349999999528 0.000185
785.399999999527 0.000182
786.449999999527 0.000179
787.499999999526 0.000176
788.549999999525 0.000173
789.599999999524 0.00017
790.649999999523 0.000166
791.699999999522 0.000163
792.749999999521 0.00016
793.79999999952 0.000156
794.849999999519 0.000153
795.899999999518 0.000149
796.949999999517 0.000146
797.999999999516 0.000142
799.049999999515 0.000139
800.099999999514 0.000135
801.149999999513 0.000131
802.199999999512 0.000128
803.249999999511 0.000124
804.29999999951 0.00012
805.349999999509 0.000117
806.399999999508 0.000113
807.449999999507 0.000109
808.499999999506 0.000105
809.549999999506 0.000102
810.599999999505 9.8e-05
811.649999999504 9.4e-05
812.699999999503 9.1e-05
813.749999999502 8.7e-05
814.799999999501 8.3e-05
815.8499999995 7.9e-05
816.899999999499 7.5e-05
817.949999999498 7.1e-05
818.999999999497 6.7e-05
820.049999999496 6.3e-05
821.099999999495 5.9e-05
822.149999999494 5.5e-05
823.199999999493 5.1e-05
824.249999999492 4.8e-05
825.299999999491 4.4e-05
826.34999999949 4.1e-05
827.399999999489 3.7e-05
828.449999999488 3.3e-05
829.499999999487 3e-05
830.549999999486 2.6e-05
831.599999999485 2.2e-05
832.649999999485 1.9e-05
833.699999999484 1.5e-05
834.749999999483 1.1e-05
835.799999999482 8e-06
836.849999999481 4e-06
837.89999999948 1e-06
838.949999999479 -3e-06
839.999999999478 -6e-06
841.049999999477 -1e-05
842.099999999476 -1.4e-05
843.149999999475 -1.7e-05
844.199999999474 -2e-05
845.249999999473 -2.4e-05
846.299999999472 -2.7e-05
847.349999999471 -3e-05
848.39999999947 -3.3e-05
849.449999999469 -3.7e-05
850.499999999468 -3.9e-05
851.549999999467 -4.3e-05
852.599999999466 -4.5e-05
853.649999999465 -4.8e-05
854.699999999464 -5.1e-05
855.749999999464 -5.4e-05
856.799999999463 -5.7e-05
857.849999999462 -5.9e-05
858.899999999461 -6.2e-05
859.94999999946 -6.4e-05
860.999999999459 -6.7e-05
862.049999999458 -6.9e-05
863.099999999457 -7.2e-05
864.149999999456 -7.4e-05
865.199999999455 -7.6e-05
866.249999999454 -7.8e-05
867.299999999453 -8e-05
868.349999999452 -8.2e-05
869.399999999451 -8.4e-05
870.44999999945 -8.6e-05
871.499999999449 -8.7e-05
872.549999999448 -8.9e-05
873.599999999447 -9e-05
874.649999999446 -9.2e-05
875.699999999445 -9.3e-05
876.749999999444 -9.5e-05
877.799999999443 -9.6e-05
878.849999999443 -9.7e-05
879.899999999442 -9.8e-05
880.949999999441 -9.9e-05
881.99999999944 -0.0001
883.049999999439 -0.000101
884.099999999438 -0.000102
885.149999999437 -0.000102
886.199999999436 -0.000103
887.249999999435 -0.000104
888.299999999434 -0.000104
889.349999999433 -0.000105
890.399999999432 -0.000105
891.449999999431 -0.000105
892.49999999943 -0.000105
893.549999999429 -0.000106
894.599999999428 -0.000106
895.649999999427 -0.000106
896.699999999426 -0.000106
897.749999999425 -0.000106
898.799999999424 -0.000106
899.849999999423 -0.000105
900.899999999422 -0.000105
901.949999999421 -0.000105
902.999999999421 -0.000105
904.04999999942 -0.000104
905.099999999419 -0.000104
906.149999999418 -0.000103
907.199999999417 -0.000103
908.249999999416 -0.000102
909.299999999415 -0.000101
910.349999999414 -0.000101
911.399999999413 -0.0001
912.449999999412 -9.9e-05
913.499999999411 -9.8e-05
914.54999999941 -9.7e-05
915.599999999409 -9.6e-05
916.649999999408 -9.5e-05
917.699999999407 -9.4e-05
918.749999999406 -9.3e-05
919.799999999405 -9.2e-05
920.849999999404 -9.1e-05
921.899999999403 -9e-05
922.949999999402 -8.9e-05
923.999999999401 -8.7e-05
925.0499999994 -8.6e-05
926.0999999994 -8.5e-05
927.149999999399 -8.4e-05
928.199999999398 -8.2e-05
929.249999999397 -8.1e-05
930.299999999396 -8e-05
931.349999999395 -7.8e-05
932.399999999394 -7.7e-05
933.449999999393 -7.5e-05
934.499999999392 -7.4e-05
935.549999999391 -7.2e-05
936.59999999939 -7.1e-05
937.649999999389 -6.9e-05
938.699999999388 -6.7e-05
939.749999999387 -6.6e-05
940.799999999386 -6.4e-05
941.849999999385 -6.3e-05
942.899999999384 -6.1e-05
943.949999999383 -5.9e-05
944.999999999382 -5.8e-05
946.049999999381 -5.6e-05
947.09999999938 -5.4e-05
948.149999999379 -5.3e-05
949.199999999379 -5.1e-05
950.249999999378 -4.9e-05
951.299999999377 -4.8e-05
952.349999999376 -4.6e-05
953.399999999375 -4.4e-05
954.449999999374 -4.2e-05
955.499999999373 -4.1e-05
956.549999999372 -3.9e-05
957.599999999371 -3.7e-05
958.64999999937 -3.5e-05
959.699999999369 -3.4e-05
960.749999999368 -3.2e-05
961.799999999367 -3e-05
962.849999999366 -2.9e-05
963.899999999365 -2.7e-05
964.949999999364 -2.5e-05
965.999999999363 -2.3e-05
967.049999999362 -2.2e-05
968.099999999361 -2e-05
969.14999999936 -1.8e-05
970.199999999359 -1.7e-05
971.249999999358 -1.5e-05
972.299999999358 -1.3e-05
973.349999999357 -1.2e-05
974.399999999356 -1e-05
975.449999999355 -9e-06
976.499999999354 -7e-06
977.549999999353 -5e-06
978.599999999352 -4e-06
979.649999999351 -2e-06
980.69999999935 -1e-06
981.749999999349 1e-06
982.799999999348 2e-06
983.849999999347 4e-06
984.899999999346 5e-06
985.949999999345 6e-06
986.999999999344 8e-06
988.049999999343 9e-06
989.099999999342 1.1e-05
990.149999999341 1.2e-05
991.19999999934 1.3e-05
992.249999999339 1.5e-05
993.299999999338 1.6e-05
994.349999999337 1.7e-05
995.399999999337 1.8e-05
996.449999999336 1.9e-05
997.499999999335 2.1e-05
998.549999999334 2.2e-05
999.599999999333 2.3e-05
