0.0 -5002.34
1.2 -4944.01
2.4 -4878.9
3.6 -4914.65
4.8 -4847.95
6.0 -4882.04
7.2 -4915.25
8.4 -4846.02
9.6 -4877.44
10.8 -4807.17
12.0 -4837.22
13.2 -4866.69
14.4 -4793.73
15.6 -4820.93
16.8 -4746.07
18.0 -4771.28
19.2 -4795.47
20.4 -4717.62
21.6 -4740.09
22.8 -4660.18
24.0 -4680.16
25.2 -4598.12
26.4 -4615.91
27.6 -4632.93
28.8 -4547.59
30.0 -4561.99
31.2 -4474.4
32.4 -4486.27
33.6 -4496.73
34.8 -4404.3
36.0 -4410.87
37.2 -4314.93
38.4 -4318.31
39.6 -4319.55
40.8 -4218.34
42.0 -4216.41
43.2 -4111.72
44.4 -4106.29
45.6 -3998.15
46.8 -3988.94
48.0 -3978.38
49.2 -3865.23
50.4 -3851.36
51.6 -3734.99
52.8 -3717.58
54.0 -3698.98
55.2 -3578.04
56.4 -3556.47
57.6 -3432.68
58.8 -3408.35
60.0 -3382.34
61.2 -3254.67
62.4 -3226.58
63.6 -3096.62
64.8 -3066.36
66.0 -2934.36
67.2 -2902.17
68.4 -2869.11
69.6 -2734.58
70.8 -2700.02
72.0 -2564.16
73.2 -2528.4
74.4 -2492.15
75.6 -2354.66
76.8 -2316.82
78.0 -2177.45
79.2 -2138.15
80.4 -2099.05
81.6 -1959.42
82.8 -1919.97
84.0 -1782.28
85.2 -1748.95
86.4 -1619.72
87.6 -1596.32
88.8 -1578.77
90.0 -1467.01
91.2 -1462.62
92.4 -1364.02
93.6 -1372.42
94.8 -1387.1
96.0 -1307.23
97.2 -1333.15
98.4 -1263.35
99.6 -1297.91
100.8 -1335.93
102.0 -1275.44
103.2 -1316.71
104.4 -1258.65
105.6 -1302.06
106.8 -1246.06
108.0 -1291.34
109.2 -1337.86
110.4 -1284.55
111.6 -1332.42
112.8 -1280.76
114.0 -1330.55
115.2 -1382.45
116.4 -1335.21
117.6 -1389.53
118.8 -1343.91
120.0 -1398.72
121.2 -1454.04
122.4 -1408.48
123.6 -1462.62
124.8 -1415.97
126.0 -1469.38
127.2 -1421.67
128.4 -1473.67
129.6 -1525.16
130.8 -1475.92
132.0 -1526.75
133.2 -1476.54
134.4 -1526.05
135.6 -1575.43
136.8 -1523.82
138.0 -1571.93
139.2 -1519.42
140.4 -1566.99
141.6 -1613.76
142.8 -1559.94
144.0 -1606.21
145.2 -1551.56
146.4 -1596.62
147.6 -1541.14
148.8 -1585.72
150.0 -1629.54
151.2 -1572.85
152.4 -1616.22
153.6 -1558.73
154.8 -1601.29
156.0 -1643.1
157.2 -1584.44
158.4 -1625.8
159.6 -1566.35
160.8 -1606.58
162.0 -1646.76
163.2 -1586.14
164.4 -1625.19
165.6 -1563.79
166.8 -1602.41
168.0 -1540.24
169.2 -1578.06
170.4 -1615.14
171.6 -1551.8
172.8 -1588.44
174.0 -1524.32
175.2 -1560.19
176.4 -1595.29
177.6 -1530.01
178.8 -1564.68
180.0 -1498.62
181.2 -1532.52
182.4 -1565.66
183.6 -1498.43
184.8 -1531.16
186.0 -1463.16
187.2 -1495.12
188.4 -1426.36
189.6 -1457.18
190.8 -1487.98
192.0 -1418.09
193.2 -1448.15
194.4 -1377.52
195.6 -1406.48
196.8 -1435.43
198.0 -1363.72
199.2 -1391.95
200.4 -1319.55
201.6 -1347.08
202.8 -1373.93
204.0 -1300.51
205.2 -1327.04
206.4 -1252.99
207.6 -1278.88
208.8 -1204.2
210.0 -1229.49
211.2 -1254.13
212.4 -1178.59
213.6 -1203.02
214.8 -1126.93
216.0 -1150.84
217.2 -1174.49
218.4 -1097.67
219.6 -1120.5
220.8 -1043.23
222.0 -1066.01
223.2 -1088.58
224.4 -1010.75
225.6 -1032.99
226.8 -954.85
228.0 -976.79
229.2 -898.37
230.4 -919.7
231.6 -941.27
232.8 -862.54
234.0 -883.94
235.2 -805.05
236.4 -826.32
237.6 -847.53
238.8 -768.5
240.0 -789.35
241.2 -710.84
242.4 -733.04
243.6 -755.75
244.8 -678.75
246.0 -702.4
247.2 -626.3
248.4 -650.79
249.6 -575.49
250.8 -600.82
252.0 -626.48
253.2 -553.11
254.4 -580.75
255.6 -509.13
256.8 -538.63
258.0 -569.14
259.2 -500.54
260.4 -533.21
261.6 -466.82
262.8 -501.73
264.0 -537.78
265.2 -474.83
266.4 -512.85
267.6 -452.18
268.8 -492.79
270.0 -434.32
271.2 -477.06
272.4 -520.81
273.6 -465.37
274.8 -510.84
276.0 -456.03
277.2 -501.14
278.4 -546.02
279.6 -490.55
280.8 -535.01
282.0 -479.13
283.2 -522.86
284.4 -566.73
285.6 -509.9
286.8 -552.53
288.0 -494.42
289.2 -535.98
290.4 -476.97
291.6 -517.81
292.8 -558.66
294.0 -499.37
295.2 -540.18
296.4 -480.86
297.6 -521.64
298.8 -562.39
300.0 -503.01
301.2 -543.73
302.4 -484.31
303.6 -524.62
304.8 -565.26
306.0 -505.76
307.2 -546.33
308.4 -486.77
309.6 -527.29
310.8 -467.66
312.0 -508.09
313.2 -548.5
314.4 -488.76
315.6 -529.09
316.8 -469.27
318.0 -509.51
319.2 -549.71
320.4 -489.77
321.6 -529.89
322.8 -469.85
324.0 -509.87
325.2 -549.85
326.4 -489.68
327.6 -529.2
328.8 -468.93
330.0 -508.71
331.2 -448.34
332.4 -488.02
333.6 -527.64
334.8 -467.12
336.0 -506.64
337.2 -446.02
338.4 -485.44
339.6 -524.8
340.8 -464.02
342.0 -503.27
343.2 -442.39
344.4 -481.54
345.6 -520.63
346.8 -459.59
348.0 -498.58
349.2 -437.43
350.4 -476.32
351.6 -415.07
352.8 -453.84
354.0 -492.57
355.2 -431.17
356.4 -469.78
357.6 -408.28
358.8 -446.82
360.0 -485.29
361.2 -423.64
362.4 -461.67
363.6 -399.94
364.8 -438.24
366.0 -476.48
367.2 -414.62
368.4 -452.77
369.6 -390.82
370.8 -428.9
372.0 -366.87
373.2 -404.88
374.4 -442.85
375.6 -380.72
376.8 -418.62
378.0 -356.43
379.2 -394.28
380.4 -432.1
381.6 -369.83
382.8 -407.64
384.0 -345.39
385.2 -383.23
386.4 -421.06
387.6 -358.86
388.8 -396.72
390.0 -334.54
391.2 -372.43
392.4 -310.28
393.6 -348.2
394.8 -386.13
396.0 -324.03
397.2 -362.0
398.4 -299.93
399.6 -337.94
400.8 -375.96
402.0 -313.95
403.2 -352.0
404.4 -290.03
405.6 -328.13
406.8 -366.24
408.0 -304.33
409.2 -342.48
410.4 -280.61
411.6 -318.81
412.8 -256.98
414.0 -295.22
415.2 -333.13
416.4 -271.37
417.6 -309.67
418.8 -247.95
420.0 -286.3
421.2 -324.68
422.4 -263.03
423.6 -301.45
424.8 -239.85
426.0 -278.32
427.2 -316.82
428.4 -255.29
429.6 -293.84
430.8 -232.36
432.0 -270.95
433.2 -209.53
434.4 -248.16
435.6 -286.84
436.8 -225.49
438.0 -264.21
439.2 -202.91
440.4 -241.68
441.6 -280.48
442.8 -219.26
444.0 -258.11
445.2 -196.94
446.4 -235.85
447.6 -274.77
448.8 -213.68
450.0 -252.66
451.2 -191.62
452.4 -230.67
453.6 -169.68
454.8 -208.77
456.0 -247.88
457.2 -186.98
458.4 -226.14
459.6 -165.29
460.8 -204.52
462.0 -243.77
463.2 -183.0
464.4 -222.3
465.6 -161.58
466.8 -200.93
468.0 -240.31
469.2 -179.68
470.4 -219.11
471.6 -158.53
472.8 -198.01
474.0 -137.48
475.2 -177.02
476.4 -216.58
477.6 -156.13
478.8 -195.73
480.0 -135.33
481.2 -175.0
482.4 -214.69
483.6 -154.37
484.8 -194.11
486.0 -133.84
487.2 -173.62
488.4 -213.44
489.6 -153.25
490.8 -193.11
492.0 -132.97
493.2 -172.88
494.4 -112.78
495.6 -152.75
496.8 -193.01
498.0 -133.45
499.2 -174.33
500.4 -115.2
501.6 -156.23
502.8 -197.21
504.0 -138.13
505.2 -179.05
506.4 -119.9
507.6 -160.75
508.8 -201.59
510.0 -142.37
511.2 -183.17
512.4 -123.91
513.6 -164.69
514.8 -105.42
516.0 -146.16
517.2 -186.91
518.4 -127.61
519.6 -168.36
520.8 -109.06
522.0 -149.8
523.2 -190.53
524.4 -131.24
525.6 -172.0
526.8 -112.71
528.0 -153.47
529.2 -194.24
530.4 -134.98
531.6 -175.76
532.8 -116.52
534.0 -157.32
535.2 -98.09
536.4 -138.92
537.6 -179.75
538.8 -120.57
540.0 -161.42
541.2 -102.25
542.4 -142.78
543.6 -183.66
544.8 -124.53
546.0 -165.44
547.2 -106.33
548.4 -147.26
549.6 -188.22
550.8 -129.15
552.0 -170.11
553.2 -111.06
554.4 -152.06
555.6 -93.03
556.8 -134.04
558.0 -175.07
559.2 -116.07
560.4 -157.12
561.6 -98.15
562.8 -139.22
564.0 -180.3
565.2 -121.36
566.4 -162.46
567.6 -103.54
568.8 -144.66
570.0 -185.79
571.2 -126.9
572.4 -168.05
573.6 -109.18
574.8 -150.35
576.0 -91.49
577.2 -132.67
578.4 -173.87
579.6 -115.04
580.8 -156.26
582.0 -97.45
583.2 -138.68
584.4 -179.92
585.6 -121.14
586.8 -162.4
588.0 -103.63
589.2 -144.9
590.4 -186.18
591.6 -127.44
592.8 -168.72
594.0 -110.0
595.2 -151.3
596.4 -92.59
597.6 -133.91
598.8 -175.24
600.0 -116.55
601.2 -157.89
602.4 -99.21
603.6 -140.55
604.8 -181.91
606.0 -123.25
607.2 -164.62
608.4 -105.97
609.6 -147.35
610.8 -188.73
612.0 -130.1
613.2 -171.5
614.4 -112.87
615.6 -154.28
616.8 -95.67
618.0 -137.09
619.2 -178.5
620.4 -119.9
621.6 -161.33
622.8 -102.74
624.0 -144.18
625.2 -185.62
626.4 -127.04
627.6 -168.49
628.8 -109.91
630.0 -151.37
631.2 -192.83
632.4 -134.27
633.6 -175.72
634.8 -117.17
636.0 -158.64
637.2 -100.09
638.4 -141.56
639.6 -183.04
640.8 -124.49
642.0 -165.96
643.2 -107.25
644.4 -148.58
645.6 -189.9
646.8 -131.21
648.0 -172.55
649.2 -113.87
650.4 -155.22
651.6 -196.57
652.8 -137.9
654.0 -179.27
655.2 -120.61
656.4 -161.99
657.6 -103.34
658.8 -144.72
660.0 -186.11
661.2 -127.47
662.4 -168.86
663.6 -110.23
664.8 -151.64
666.0 -193.05
667.2 -134.43
668.4 -175.84
669.6 -117.23
670.8 -158.65
672.0 -200.07
673.2 -141.47
674.4 -182.9
675.6 -124.31
676.8 -165.75
678.0 -107.16
679.2 -148.59
680.4 -190.04
681.6 -131.45
682.8 -172.89
684.0 -114.32
685.2 -155.77
686.4 -197.23
687.6 -138.66
688.8 -180.11
690.0 -121.54
691.2 -163.01
692.4 -204.46
693.6 -145.9
694.8 -187.37
696.0 -128.81
697.2 -170.27
698.4 -111.71
699.6 -153.18
700.8 -194.65
702.0 -136.09
703.2 -177.57
704.4 -119.02
705.6 -160.49
706.8 -201.96
708.0 -143.41
709.2 -184.89
710.4 -126.34
711.6 -167.81
712.8 -209.29
714.0 -150.74
715.2 -192.21
716.4 -133.66
717.6 -175.14
718.8 -116.59
720.0 -158.06
721.2 -199.55
722.4 -141.0
723.6 -182.47
724.8 -123.92
726.0 -165.4
727.2 -206.86
728.4 -148.31
729.6 -189.79
730.8 -131.24
732.0 -172.71
733.2 -214.18
734.4 -155.63
735.6 -197.09
736.8 -138.53
738.0 -180.01
739.2 -121.45
740.4 -162.91
741.6 -204.38
742.8 -145.82
744.0 -187.28
745.2 -128.71
746.4 -170.18
747.6 -211.63
748.8 -153.06
750.0 -194.52
751.2 -135.95
752.4 -177.4
753.6 -218.86
754.8 -160.28
756.0 -201.73
757.2 -143.15
758.4 -184.6
759.6 -126.02
760.8 -167.46
762.0 -208.9
763.2 -150.31
764.4 -191.75
765.6 -133.16
766.8 -174.59
768.0 -216.02
769.2 -157.42
770.4 -198.86
771.6 -140.26
772.8 -181.67
774.0 -223.09
775.2 -164.48
776.4 -205.91
777.6 -147.3
778.8 -188.71
780.0 -130.09
781.2 -171.51
782.4 -212.91
783.6 -154.29
784.8 -195.69
786.0 -137.07
787.2 -178.46
788.4 -219.87
789.6 -161.23
790.8 -202.62
792.0 -143.99
793.2 -185.38
794.4 -226.76
795.6 -168.12
796.8 -209.49
798.0 -150.85
799.2 -192.23
800.4 -133.58
801.6 -174.95
802.8 -216.32
804.0 -157.66
805.2 -199.02
806.4 -140.36
807.6 -181.73
808.8 -223.08
810.0 -164.41
811.2 -205.76
812.4 -147.09
813.6 -188.44
814.8 -229.78
816.0 -171.1
817.2 -212.45
818.4 -153.77
819.6 -195.1
820.8 -136.41
822.0 -177.75
823.2 -219.08
824.4 -160.38
825.6 -201.7
826.8 -143.0
828.0 -184.33
829.2 -225.64
830.4 -166.94
831.6 -208.26
832.8 -149.54
834.0 -190.81
835.2 -232.06
836.4 -173.27
837.6 -214.51
838.8 -155.72
840.0 -196.96
841.2 -138.17
842.4 -179.41
843.6 -220.63
844.8 -161.84
846.0 -203.07
847.2 -144.27
848.4 -185.49
849.6 -226.72
850.8 -167.91
852.0 -209.13
853.2 -150.32
854.4 -191.53
855.6 -232.75
856.8 -173.94
858.0 -215.15
859.2 -156.33
860.4 -197.54
861.6 -138.72
862.8 -179.92
864.0 -221.12
865.2 -162.3
866.4 -203.5
867.6 -144.68
868.8 -185.87
870.0 -227.06
871.2 -168.23
872.4 -209.43
873.6 -150.59
874.8 -191.78
876.0 -232.97
877.2 -174.13
878.4 -215.31
879.6 -156.47
880.8 -197.65
882.0 -138.81
883.2 -180.0
884.4 -221.17
885.6 -162.32
886.8 -203.51
888.0 -144.66
889.2 -185.83
890.4 -227.0
891.6 -168.15
892.8 -209.32
894.0 -150.46
895.2 -191.63
896.4 -232.8
897.6 -173.95
898.8 -215.11
900.0 -156.25
901.2 -197.42
902.4 -138.56
903.6 -179.72
904.8 -220.88
906.0 -162.02
907.2 -203.18
908.4 -144.31
909.6 -185.48
910.8 -226.63
912.0 -167.76
913.2 -208.92
914.4 -150.05
915.6 -191.21
916.8 -232.36
918.0 -173.49
919.2 -214.65
920.4 -155.78
921.6 -196.93
922.8 -138.06
924.0 -179.22
925.2 -220.37
926.4 -161.49
927.6 -202.65
928.8 -143.78
930.0 -184.92
931.2 -226.07
932.4 -167.19
933.6 -208.35
934.8 -149.47
936.0 -190.61
937.2 -231.77
938.4 -172.89
939.6 -214.03
940.8 -155.15
942.0 -196.3
943.2 -137.43
944.4 -178.57
945.6 -219.72
946.8 -160.84
948.0 -201.97
949.2 -143.09
950.4 -184.24
951.6 -225.38
952.8 -166.5
954.0 -207.64
955.2 -148.75
956.4 -189.9
957.6 -231.04
958.8 -172.15
960.0 -213.3
961.2 -154.42
962.4 -195.55
963.6 -136.67
964.8 -177.82
966.0 -218.95
967.2 -160.07
968.4 -201.21
969.6 -142.33
970.8 -183.46
972.0 -224.6
973.2 -165.71
974.4 -206.86
975.6 -147.98
976.8 -189.11
978.0 -230.26
979.2 -171.37
980.4 -212.51
981.6 -153.62
982.8 -194.77
984.0 -135.89
985.2 -177.02
986.4 -218.17
987.6 -159.29
988.8 -200.42
990.0 -141.54
991.2 -182.68
992.4 -223.82
993.6 -164.94
994.8 -206.08
996.0 -147.19
997.2 -188.34
998.4 -229.48
999.6 -170.6
1000.8 -211.74
1002.0 -152.86
1003.2 -194.0
1004.4 -135.12
1005.6 -176.26
1006.8 -217.41
1008.0 -158.52
1009.2 -199.66
1010.4 -140.78
1011.6 -181.93
1012.8 -223.07
1014.0 -164.19
1015.2 -205.34
1016.4 -146.46
1017.6 -187.6
1018.8 -228.76
1020.0 -169.88
1021.2 -211.02
1022.4 -152.14
1023.6 -193.28
1024.8 -134.4
1026.0 -175.55
1027.2 -216.7
1028.4 -157.82
1029.6 -198.97
1030.8 -140.1
1032.0 -181.24
1033.2 -222.4
1034.4 -163.52
1035.6 -204.66
1036.8 -145.79
1038.0 -186.94
1039.2 -228.09
1040.4 -169.22
1041.6 -210.36
1042.8 -151.49
1044.0 -192.65
1045.2 -133.78
1046.4 -174.92
1047.6 -216.08
1048.8 -157.21
1050.0 -198.36
1051.2 -139.49
1052.4 -180.65
1053.6 -221.8
1054.8 -162.93
1056.0 -204.08
1057.2 -145.22
1058.4 -186.38
1059.6 -227.53
1060.8 -168.66
1062.0 -209.83
1063.2 -150.96
1064.4 -192.12
1065.6 -133.25
1066.8 -174.42
1068.0 -215.57
1069.2 -156.71
1070.4 -197.87
1071.6 -139.0
1072.8 -180.17
1074.0 -221.33
1075.2 -162.47
1076.4 -203.63
1077.6 -144.77
1078.8 -185.93
1080.0 -227.1
1081.2 -168.24
1082.4 -209.4
1083.6 -150.54
1084.8 -191.7
1086.0 -132.84
1087.2 -174.01
1088.4 -215.17
1089.6 -156.32
1090.8 -197.49
1092.0 -138.63
1093.2 -179.79
1094.4 -220.96
1095.6 -162.1
1096.8 -203.27
1098.0 -144.42
1099.2 -185.58
1100.4 -226.76
1101.6 -167.9
1102.8 -209.07
1104.0 -150.22
1105.2 -191.38
1106.4 -132.53
1107.6 -173.71
1108.8 -214.88
1110.0 -156.02
1111.2 -197.19
1112.4 -138.34
1113.6 -179.52
1114.8 -220.69
1116.0 -161.84
1117.2 -203.02
1118.4 -144.17
1119.6 -185.34
1120.8 -226.52
1122.0 -167.67
1123.2 -208.85
1124.4 -150.0
1125.6 -191.17
1126.8 -132.33
1128.0 -173.51
1129.2 -214.69
1130.4 -155.84
1131.6 -197.01
1132.8 -138.17
1134.0 -179.35
1135.2 -220.53
1136.4 -161.69
1137.6 -202.86
1138.8 -144.02
1140.0 -185.2
1141.2 -226.38
1142.4 -167.54
1143.6 -208.72
1144.8 -149.88
1146.0 -191.06
1147.2 -132.22
1148.4 -173.4
1149.6 -214.58
1150.8 -155.74
1152.0 -196.92
1153.2 -138.08
1154.4 -179.26
1155.6 -220.45
1156.8 -161.61
1158.0 -202.79
1159.2 -143.95
1160.4 -185.14
1161.6 -226.32
1162.8 -167.48
1164.0 -208.66
1165.2 -149.82
1166.4 -191.01
1167.6 -132.18
1168.8 -173.36
1170.0 -214.54
1171.2 -155.7
1172.4 -196.89
1173.6 -138.06
1174.8 -179.24
1176.0 -220.43
1177.2 -161.6
1178.4 -202.78
1179.6 -143.94
1180.8 -185.13
1182.0 -226.32
1183.2 -167.48
1184.4 -208.67
1185.6 -149.83
1186.8 -191.02
1188.0 -132.18
1189.2 -173.38
1190.4 -214.57
1191.6 -155.73
1192.8 -196.93
1194.0 -138.09
1195.2 -179.28
1196.4 -220.47
1197.6 -161.63
1198.8 -202.83
1200.0 -144.0
1201.2 -185.18
1202.4 -226.37
1203.6 -167.54
1204.8 -208.74
1206.0 -149.9
1207.2 -191.09
1208.4 -132.26
1209.6 -173.46
1210.8 -214.65
1212.0 -155.82
1213.2 -197.0
1214.4 -138.17
1215.6 -179.37
1216.8 -220.56
1218.0 -161.73
1219.2 -202.93
1220.4 -144.11
1221.6 -185.3
1222.8 -226.49
1224.0 -167.66
1225.2 -208.86
1226.4 -150.03
1227.6 -191.22
1228.8 -132.4
1230.0 -173.59
1231.2 -214.79
1232.4 -155.96
1233.6 -197.15
1234.8 -138.33
1236.0 -179.53
1237.2 -220.72
1238.4 -161.89
1239.6 -203.08
1240.8 -144.26
1242.0 -185.46
1243.2 -226.65
1244.4 -167.82
1245.6 -209.02
1246.8 -150.2
1248.0 -191.39
1249.2 -132.56
1250.4 -173.75
1251.6 -214.95
1252.8 -156.12
1254.0 -197.31
1255.2 -138.48
1256.4 -179.68
1257.6 -220.87
1258.8 -162.04
1260.0 -203.23
1261.2 -144.4
1262.4 -185.6
1263.6 -226.79
1264.8 -167.96
1266.0 -209.15
1267.2 -150.32
1268.4 -191.52
1269.6 -132.69
1270.8 -173.88
1272.0 -215.08
1273.2 -156.25
1274.4 -197.44
1275.6 -138.6
1276.8 -179.79
1278.0 -220.99
1279.2 -162.16
1280.4 -203.35
1281.6 -144.52
1282.8 -185.72
1284.0 -226.9
1285.2 -168.07
1286.4 -209.27
1287.6 -150.44
1288.8 -191.62
1290.0 -132.79
1291.2 -173.98
1292.4 -215.18
1293.6 -156.34
1294.8 -197.53
1296.0 -138.7
1297.2 -179.89
1298.4 -221.08
1299.6 -162.25
1300.8 -203.43
1302.0 -144.6
1303.2 -185.79
1304.4 -126.96
1305.6 -168.15
1306.8 -109.32
1308.0 -150.53
1309.2 -191.73
1310.4 -132.91
1311.6 -174.13
1312.8 -115.33
1314.0 -156.56
1315.2 -97.78
1316.4 -139.02
1317.6 -180.28
1318.8 -121.52
1320.0 -162.79
1321.2 -104.05
1322.4 -145.34
1323.6 -186.65
1324.8 -127.94
1326.0 -169.26
1327.2 -110.57
1328.4 -151.92
1329.6 -193.28
1330.8 -134.63
1332.0 -176.02
1333.2 -117.39
1334.4 -158.79
1335.6 -100.19
1336.8 -141.62
1338.0 -183.07
1339.2 -124.51
1340.4 -165.97
1341.6 -107.43
1342.8 -148.94
1344.0 -190.44
1345.2 -131.89
1346.4 -173.2
1347.6 -114.5
1348.8 -155.84
1350.0 -197.18
1351.2 -138.5
1352.4 -179.86
1353.6 -121.2
1354.8 -162.56
1356.0 -103.92
1357.2 -145.31
1358.4 -186.7
1359.6 -128.07
1360.8 -169.48
1362.0 -110.87
1363.2 -152.29
1364.4 -193.72
1365.6 -135.13
1366.8 -176.58
1368.0 -118.0
1369.2 -159.46
1370.4 -200.92
1371.6 -142.37
1372.8 -183.84
1374.0 -125.29
1375.2 -166.78
1376.4 -108.24
1377.6 -149.75
1378.8 -191.25
1380.0 -132.73
1381.2 -174.25
1382.4 -115.74
1383.6 -157.26
1384.8 -198.79
1386.0 -140.29
1387.2 -181.84
1388.4 -123.35
1389.6 -164.89
1390.8 -206.45
1392.0 -147.98
1393.2 -189.53
1394.4 -131.07
1395.6 -172.63
1396.8 -114.17
1398.0 -155.75
1399.2 -197.32
1400.4 -138.87
1401.6 -180.44
1402.8 -122.0
1404.0 -163.59
1405.2 -205.17
1406.4 -146.74
1407.6 -188.34
1408.8 -129.9
1410.0 -171.5
1411.2 -213.1
1412.4 -154.67
1413.6 -196.27
1414.8 -137.85
1416.0 -179.44
1417.2 -121.02
1418.4 -162.63
1419.6 -204.24
1420.8 -145.82
1422.0 -187.43
1423.2 -129.02
1424.4 -170.62
1425.6 -212.23
1426.8 -153.81
1428.0 -195.43
1429.2 -137.01
1430.4 -178.62
1431.6 -220.23
1432.8 -161.82
1434.0 -203.42
1435.2 -145.01
1436.4 -186.62
1437.6 -128.21
1438.8 -169.81
1440.0 -211.41
1441.2 -152.99
1442.4 -194.6
1443.6 -136.18
1444.8 -177.78
1446.0 -219.39
1447.2 -160.97
1448.4 -202.56
1449.6 -144.14
1450.8 -185.73
1452.0 -227.33
1453.2 -168.9
1454.4 -210.49
1455.6 -152.05
1456.8 -193.65
1458.0 -135.21
1459.2 -176.79
1460.4 -218.37
1461.6 -159.93
1462.8 -201.51
1464.0 -143.07
1465.2 -184.64
1466.4 -226.22
1467.6 -167.76
1468.8 -209.33
1470.0 -150.87
1471.2 -192.43
1472.4 -234.0
1473.6 -175.53
1474.8 -217.09
1476.0 -158.62
1477.2 -200.18
1478.4 -141.7
1479.6 -183.24
1480.8 -224.78
1482.0 -166.3
1483.2 -207.85
1484.4 -149.36
1485.6 -190.89
1486.8 -232.42
1488.0 -173.93
1489.2 -215.45
1490.4 -156.94
1491.6 -198.46
1492.8 -239.98
1494.0 -181.47
1495.2 -222.98
1496.4 -164.46
1497.6 -205.97
1498.8 -147.44
1500.0 -188.94
1501.2 -230.44
1502.4 -171.9
1503.6 -213.39
1504.8 -154.85
1506.0 -196.33
1507.2 -237.81
1508.4 -179.26
1509.6 -220.73
1510.8 -162.17
1512.0 -203.64
1513.2 -245.1
1514.4 -186.54
1515.6 -227.99
1516.8 -169.42
1518.0 -210.87
1519.2 -152.29
1520.4 -193.73
1521.6 -235.18
1522.8 -176.59
1524.0 -218.01
1525.2 -159.42
1526.4 -200.84
1527.6 -242.27
1528.8 -183.66
1530.0 -225.08
1531.2 -166.46
1532.4 -207.88
1533.6 -249.28
1534.8 -190.66
1536.0 -232.06
1537.2 -173.43
1538.4 -214.83
1539.6 -156.19
1540.8 -197.57
1542.0 -238.96
1543.2 -180.32
1544.4 -221.69
1545.6 -163.04
1546.8 -204.4
1548.0 -245.77
1549.2 -187.11
1550.4 -228.47
1551.6 -169.8
1552.8 -211.16
1554.0 -252.51
1555.2 -193.83
1556.4 -235.17
1557.6 -176.49
1558.8 -217.83
1560.0 -159.14
1561.2 -200.47
1562.4 -241.81
1563.6 -183.11
1564.8 -224.43
1566.0 -165.72
1567.2 -207.04
1568.4 -248.36
1569.6 -189.62
1570.8 -230.84
1572.0 -172.04
1573.2 -213.27
1574.4 -254.48
1575.6 -195.68
1576.8 -236.9
1578.0 -178.08
1579.2 -219.29
1580.4 -160.47
1581.6 -201.67
1582.8 -242.88
1584.0 -184.06
1585.2 -225.26
1586.4 -166.43
1587.6 -207.63
1588.8 -248.82
1590.0 -189.99
1591.2 -231.19
1592.4 -172.36
1593.6 -213.54
1594.8 -254.72
1596.0 -195.88
1597.2 -237.07
1598.4 -178.22
1599.6 -219.4
1600.8 -160.55
1602.0 -201.73
1603.2 -242.9
1604.4 -184.05
1605.6 -225.22
1606.8 -166.37
1608.0 -207.53
1609.2 -248.69
1610.4 -189.83
1611.6 -231.0
1612.8 -172.13
1614.0 -213.29
1615.2 -254.45
1616.4 -195.59
1617.6 -236.74
1618.8 -177.87
1620.0 -219.03
1621.2 -160.16
1622.4 -201.3
1623.6 -242.45
1624.8 -183.57
1626.0 -224.73
1627.2 -165.85
1628.4 -206.99
1629.6 -248.14
1630.8 -189.26
1632.0 -230.4
1633.2 -171.52
1634.4 -212.66
1635.6 -253.8
1636.8 -194.91
1638.0 -236.04
1639.2 -177.16
1640.4 -218.3
1641.6 -159.41
1642.8 -200.54
1644.0 -241.68
1645.2 -182.79
1646.4 -223.91
1647.6 -165.02
1648.8 -206.15
1650.0 -247.28
1651.2 -188.39
1652.4 -229.51
1653.6 -170.62
1654.8 -211.75
1656.0 -252.87
1657.2 -193.97
1658.4 -235.09
1659.6 -176.19
1660.8 -217.32
1662.0 -158.42
1663.2 -199.54
1664.4 -240.67
1665.6 -181.77
1666.8 -222.89
1668.0 -163.99
1669.2 -205.1
1670.4 -246.23
1671.6 -187.33
1672.8 -228.44
1674.0 -169.54
1675.2 -210.67
1676.4 -251.78
1677.6 -192.88
1678.8 -233.99
1680.0 -175.09
1681.2 -216.21
1682.4 -157.31
1683.6 -198.42
1684.8 -239.54
1686.0 -180.63
1687.2 -221.75
1688.4 -162.85
1689.6 -203.96
1690.8 -245.08
1692.0 -186.18
1693.2 -227.29
1694.4 -168.39
1695.6 -209.5
1696.8 -250.62
1698.0 -191.72
1699.2 -232.83
1700.4 -173.93
1701.6 -215.05
1702.8 -156.14
1704.0 -197.26
1705.2 -238.37
1706.4 -179.47
1707.6 -220.6
1708.8 -161.69
1710.0 -202.81
1711.2 -243.93
1712.4 -185.03
1713.6 -226.15
1714.8 -167.25
1716.0 -208.36
1717.2 -249.49
1718.4 -190.59
1719.6 -231.71
1720.8 -172.81
1722.0 -213.94
1723.2 -155.04
1724.4 -196.16
1725.6 -237.29
1726.8 -178.4
1728.0 -219.52
1729.2 -160.62
1730.4 -201.74
1731.6 -242.88
1732.8 -183.98
1734.0 -225.11
1735.2 -166.21
1736.4 -207.35
1737.6 -248.47
1738.8 -189.58
1740.0 -230.71
1741.2 -171.81
1742.4 -212.95
1743.6 -154.06
1744.8 -195.19
1746.0 -236.33
1747.2 -177.44
1748.4 -218.57
1749.6 -159.69
1750.8 -200.83
1752.0 -241.96
1753.2 -183.08
1754.4 -224.21
1755.6 -165.33
1756.8 -206.47
1758.0 -247.61
1759.2 -188.72
1760.4 -229.87
1761.6 -170.99
1762.8 -212.12
1764.0 -153.24
1765.2 -194.38
1766.4 -235.53
1767.6 -176.65
1768.8 -217.79
1770.0 -158.91
1771.2 -200.06
1772.4 -241.21
1773.6 -182.33
1774.8 -223.48
1776.0 -164.6
1777.2 -205.75
1778.4 -246.89
1779.6 -188.02
1780.8 -229.17
1782.0 -170.3
1783.2 -211.44
1784.4 -152.57
1785.6 -193.73
1786.8 -234.87
1788.0 -176.0
1789.2 -217.15
1790.4 -158.28
1791.6 -199.44
1792.8 -240.59
1794.0 -181.72
1795.2 -222.88
1796.4 -164.01
1797.6 -205.16
1798.8 -246.32
1800.0 -187.45
1801.2 -228.61
1802.4 -169.75
1803.6 -210.91
1804.8 -152.04
1806.0 -193.21
1807.2 -234.37
1808.4 -175.5
1809.6 -216.66
1810.8 -157.8
1812.0 -198.97
1813.2 -240.13
1814.4 -181.27
1815.6 -222.44
1816.8 -163.58
1818.0 -204.75
1819.2 -245.91
1820.4 -187.05
1821.6 -228.22
1822.8 -169.37
1824.0 -210.53
1825.2 -151.68
1826.4 -192.85
1827.6 -234.02
1828.8 -175.16
1830.0 -216.33
1831.2 -157.48
1832.4 -198.65
1833.6 -239.82
1834.8 -180.97
1836.0 -222.15
1837.2 -163.3
1838.4 -204.46
1839.6 -245.63
1840.8 -186.78
1842.0 -227.96
1843.2 -169.11
1844.4 -210.28
1845.6 -151.43
1846.8 -192.62
1848.0 -233.79
1849.2 -174.94
1850.4 -216.11
1851.6 -157.26
1852.8 -198.44
1854.0 -239.62
1855.2 -180.77
1856.4 -221.94
1857.6 -163.1
1858.8 -204.28
1860.0 -245.46
1861.2 -186.61
1862.4 -227.8
1863.6 -168.95
1864.8 -210.13
1866.0 -151.29
1867.2 -192.46
1868.4 -233.65
1869.6 -174.81
1870.8 -215.99
1872.0 -157.14
1873.2 -198.33
1874.4 -239.51
1875.6 -180.67
1876.8 -221.85
1878.0 -163.01
1879.2 -204.2
1880.4 -245.38
1881.6 -186.54
1882.8 -227.73
1884.0 -168.89
1885.2 -210.07
1886.4 -151.23
1887.6 -192.41
1888.8 -233.6
1890.0 -174.76
1891.2 -215.95
1892.4 -157.11
1893.6 -198.29
1894.8 -239.48
1896.0 -180.65
1897.2 -221.83
1898.4 -162.99
1899.6 -204.18
1900.8 -245.37
1902.0 -186.54
1903.2 -227.72
1904.4 -168.89
1905.6 -210.08
1906.8 -151.25
1908.0 -192.43
1909.2 -233.62
1910.4 -174.79
1911.6 -215.98
1912.8 -157.15
1914.0 -198.33
1915.2 -239.52
1916.4 -180.69
1917.6 -221.88
1918.8 -163.05
1920.0 -204.24
1921.2 -245.44
1922.4 -186.6
1923.6 -227.79
1924.8 -168.96
1926.0 -210.15
1927.2 -151.32
1928.4 -192.51
1929.6 -233.7
1930.8 -174.87
1932.0 -216.06
1933.2 -157.23
1934.4 -198.43
1935.6 -239.61
1936.8 -180.78
1938.0 -221.98
1939.2 -163.15
1940.4 -204.34
1941.6 -245.53
1942.8 -186.7
1944.0 -227.89
1945.2 -169.06
1946.4 -210.25
1947.6 -151.42
1948.8 -192.61
1950.0 -233.81
1951.2 -174.98
1952.4 -216.16
1953.6 -157.33
1954.8 -198.53
1956.0 -239.72
1957.2 -180.89
1958.4 -222.08
1959.6 -163.25
1960.8 -204.45
1962.0 -245.63
1963.2 -186.8
1964.4 -228.0
1965.6 -169.17
1966.8 -210.36
1968.0 -151.53
1969.2 -192.72
1970.4 -233.92
1971.6 -175.09
1972.8 -216.28
1974.0 -157.45
1975.2 -198.64
1976.4 -239.84
1977.6 -181.02
1978.8 -222.21
1980.0 -163.38
1981.2 -204.58
1982.4 -245.77
1983.6 -186.94
1984.8 -228.13
1986.0 -169.3
1987.2 -210.5
1988.4 -151.68
1989.6 -192.87
1990.8 -234.06
1992.0 -175.23
1993.2 -216.43
1994.4 -157.6
1995.6 -198.79
1996.8 -239.99
1998.0 -181.16
1999.2 -222.35
2000.4 -163.52
2001.6 -204.71
2002.8 -245.91
2004.0 -187.08
2005.2 -228.28
2006.4 -169.45
2007.6 -210.65
2008.8 -151.82
2010.0 -193.01
2011.2 -234.2
2012.4 -175.37
2013.6 -216.57
2014.8 -157.74
2016.0 -198.94
2017.2 -240.13
2018.4 -181.3
2019.6 -222.5
2020.8 -163.67
2022.0 -204.86
2023.2 -246.06
2024.4 -187.23
2025.6 -228.42
2026.8 -169.59
2028.0 -210.79
2029.2 -151.96
2030.4 -193.16
2031.6 -234.35
2032.8 -175.52
2034.0 -216.72
2035.2 -157.89
2036.4 -199.08
2037.6 -240.27
2038.8 -181.44
2040.0 -222.65
2041.2 -163.82
2042.4 -205.01
2043.6 -246.2
2044.8 -187.37
2046.0 -228.57
2047.2 -169.74
2048.4 -210.93
2049.6 -152.1
2050.8 -193.3
2052.0 -234.49
2053.2 -175.67
2054.4 -216.86
2055.6 -158.03
2056.8 -199.23
2058.0 -240.42
2059.2 -181.59
2060.4 -222.79
2061.6 -163.96
2062.8 -205.15
2064.0 -246.34
2065.2 -187.51
2066.4 -228.71
2067.6 -169.87
2068.8 -211.06
2070.0 -152.23
2071.2 -193.43
2072.4 -234.62
2073.6 -175.79
2074.8 -216.97
2076.0 -158.14
2077.2 -199.34
2078.4 -240.53
2079.6 -181.69
2080.8 -222.89
2082.0 -164.06
2083.2 -205.25
2084.4 -246.43
2085.6 -187.6
2086.8 -228.8
2088.0 -169.97
2089.2 -211.15
2090.4 -152.32
2091.6 -193.52
2092.8 -234.71
2094.0 -175.87
2095.2 -217.06
2096.4 -158.23
2097.6 -199.43
2098.8 -240.61
2100.0 -181.78
2101.2 -222.98
2102.4 -164.15
2103.6 -205.33
2104.8 -246.52
2106.0 -187.69
2107.2 -228.89
2108.4 -170.05
2109.6 -211.24
2110.8 -152.41
2112.0 -193.6
2113.2 -234.79
2114.4 -175.96
2115.6 -217.15
2116.8 -158.31
2118.0 -199.51
2119.2 -240.7
2120.4 -181.86
2121.6 -223.06
2122.8 -164.23
2124.0 -205.41
2125.2 -246.6
2126.4 -187.77
2127.6 -228.96
2128.8 -170.13
2130.0 -211.32
2131.2 -152.48
2132.4 -193.68
2133.6 -234.87
2134.8 -176.03
2136.0 -217.22
2137.2 -158.38
2138.4 -199.58
2139.6 -240.76
2140.8 -181.93
2142.0 -223.12
2143.2 -164.29
2144.4 -205.47
2145.6 -246.67
2146.8 -187.83
2148.0 -229.02
2149.2 -170.18
2150.4 -211.37
2151.6 -152.53
2152.8 -193.73
2154.0 -234.91
2155.2 -176.08
2156.4 -217.27
2157.6 -158.43
2158.8 -199.62
2160.0 -240.8
2161.2 -181.96
2162.4 -223.15
2163.6 -164.32
2164.8 -205.5
2166.0 -246.69
2167.2 -187.85
2168.4 -229.04
2169.6 -170.2
2170.8 -211.38
2172.0 -152.54
2173.2 -193.74
2174.4 -234.92
2175.6 -176.08
2176.8 -217.27
2178.0 -158.43
2179.2 -199.61
2180.4 -240.79
2181.6 -181.96
2182.8 -223.15
2184.0 -164.31
2185.2 -205.49
2186.4 -246.68
2187.6 -187.84
2188.8 -229.02
2190.0 -170.18
2191.2 -211.37
2192.4 -152.53
2193.6 -193.71
2194.8 -234.89
2196.0 -176.05
2197.2 -217.24
2198.4 -158.4
2199.6 -199.58
2200.8 -240.77
2202.0 -181.93
2203.2 -223.11
2204.4 -164.27
2205.6 -205.45
2206.8 -246.64
2208.0 -187.8
2209.2 -228.98
2210.4 -170.14
2211.6 -211.33
2212.8 -152.49
2214.0 -193.67
2215.2 -234.86
2216.4 -176.02
2217.6 -217.2
2218.8 -158.36
2220.0 -199.54
2221.2 -240.73
2222.4 -181.89
2223.6 -223.07
2224.8 -164.23
2226.0 -205.41
2227.2 -246.59
2228.4 -187.75
2229.6 -228.93
2230.8 -170.09
2232.0 -211.28
2233.2 -152.44
2234.4 -193.62
2235.6 -234.8
2236.8 -175.96
2238.0 -217.15
2239.2 -158.31
2240.4 -199.49
2241.6 -240.68
2242.8 -181.84
2244.0 -223.02
2245.2 -164.18
2246.4 -205.36
2247.6 -246.55
2248.8 -187.71
2250.0 -228.89
2251.2 -170.05
2252.4 -211.24
2253.6 -152.4
2254.8 -193.58
2256.0 -234.76
2257.2 -175.92
2258.4 -217.11
2259.6 -158.27
2260.8 -199.45
2262.0 -240.64
2263.2 -181.8
2264.4 -222.98
2265.6 -164.14
2266.8 -205.33
2268.0 -246.52
2269.2 -187.68
2270.4 -228.86
2271.6 -170.02
2272.8 -211.21
2274.0 -152.37
2275.2 -193.55
2276.4 -234.74
2277.6 -175.9
2278.8 -217.09
2280.0 -158.25
2281.2 -199.43
2282.4 -240.62
2283.6 -181.78
2284.8 -222.96
2286.0 -164.13
2287.2 -205.31
2288.4 -246.5
2289.6 -187.66
2290.8 -228.84
2292.0 -170.0
2293.2 -211.19
2294.4 -152.35
2295.6 -193.53
2296.8 -234.72
2298.0 -175.88
2299.2 -217.06
2300.4 -158.22
2301.6 -199.4
2302.8 -240.59
2304.0 -181.75
2305.2 -222.93
2306.4 -164.09
2307.6 -205.28
2308.8 -246.46
2310.0 -187.62
2311.2 -228.81
2312.4 -169.97
2313.6 -211.15
2314.8 -152.31
2316.0 -193.49
2317.2 -234.68
2318.4 -175.84
2319.6 -217.02
2320.8 -158.18
2322.0 -199.37
2323.2 -240.55
2324.4 -181.71
2325.6 -222.9
2326.8 -164.06
2328.0 -205.24
2329.2 -246.43
2330.4 -187.59
2331.6 -228.77
2332.8 -169.93
2334.0 -211.11
2335.2 -152.27
2336.4 -193.46
2337.6 -234.64
2338.8 -175.8
2340.0 -216.99
2341.2 -158.15
2342.4 -199.33
2343.6 -240.51
2344.8 -181.67
2346.0 -222.86
2347.2 -164.02
2348.4 -205.2
2349.6 -246.39
2350.8 -187.55
2352.0 -228.73
2353.2 -169.89
2354.4 -211.08
2355.6 -152.24
2356.8 -193.42
2358.0 -234.6
2359.2 -175.76
2360.4 -216.95
2361.6 -158.11
2362.8 -199.29
2364.0 -240.48
2365.2 -181.64
2366.4 -222.82
2367.6 -163.97
2368.8 -205.16
2370.0 -246.34
2371.2 -187.5
2372.4 -228.68
2373.6 -169.84
2374.8 -211.03
2376.0 -152.19
2377.2 -193.37
2378.4 -234.56
2379.6 -175.72
2380.8 -216.9
2382.0 -158.06
2383.2 -199.25
2384.4 -240.43
2385.6 -181.58
2386.8 -222.76
2388.0 -163.92
2389.2 -205.11
2390.4 -246.29
2391.6 -187.45
2392.8 -228.64
2394.0 -169.81
2395.2 -210.99
2396.4 -152.15
2397.6 -193.34
2398.8 -234.52
2400.0 -175.68
2401.2 -216.86
2402.4 -158.02
2403.6 -199.21
2404.8 -240.4
2406.0 -181.56
2407.2 -222.75
2408.4 -163.91
2409.6 -205.09
2410.8 -246.28
2412.0 -187.45
2413.2 -228.63
2414.4 -169.79
2415.6 -210.97
2416.8 -152.13
2418.0 -193.32
2419.2 -234.51
2420.4 -175.67
2421.6 -216.86
2422.8 -158.02
2424.0 -199.2
2425.2 -240.39
2426.4 -181.55
2427.6 -222.74
2428.8 -163.9
2430.0 -205.08
2431.2 -246.28
2432.4 -187.44
2433.6 -228.62
2434.8 -169.78
2436.0 -210.98
2437.2 -152.14
2438.4 -193.32
2439.6 -234.5
2440.8 -175.67
2442.0 -216.86
2443.2 -158.02
2444.4 -199.2
2445.6 -240.4
2446.8 -181.56
2448.0 -222.74
2449.2 -163.9
2450.4 -205.09
2451.6 -246.28
2452.8 -187.44
2454.0 -228.62
2455.2 -169.79
2456.4 -210.98
2457.6 -152.14
2458.8 -193.32
2460.0 -234.52
2461.2 -175.68
2462.4 -216.86
2463.6 -158.03
2464.8 -199.21
2466.0 -240.4
2467.2 -181.56
2468.4 -222.75
2469.6 -163.91
2470.8 -205.1
2472.0 -246.29
2473.2 -187.45
2474.4 -228.65
2475.6 -169.81
2476.8 -210.99
2478.0 -152.16
2479.2 -193.34
2480.4 -234.54
2481.6 -175.7
2482.8 -216.89
2484.0 -158.05
2485.2 -199.25
2486.4 -240.43
2487.6 -181.59
2488.8 -222.78
2490.0 -163.94
2491.2 -205.14
2492.4 -246.32
2493.6 -187.49
2494.8 -228.68
2496.0 -169.85
2497.2 -211.04
2498.4 -152.2
2499.6 -193.4
2500.8 -234.58
2502.0 -175.75
2503.2 -216.93
2504.4 -158.1
2505.6 -199.29
2506.8 -240.48
2508.0 -181.64
2509.2 -222.84
2510.4 -164.01
2511.6 -205.19
2512.8 -246.38
2514.0 -187.54
2515.2 -228.74
2516.4 -169.91
2517.6 -211.09
2518.8 -152.26
2520.0 -193.45
2521.2 -234.64
2522.4 -175.8
2523.6 -216.99
2524.8 -158.16
2526.0 -199.35
2527.2 -240.54
2528.4 -181.7
2529.6 -222.9
2530.8 -164.06
2532.0 -205.25
2533.2 -246.44
2534.4 -187.61
2535.6 -228.79
2536.8 -169.96
2538.0 -211.14
2539.2 -152.31
2540.4 -193.5
2541.6 -234.69
2542.8 -175.85
2544.0 -217.05
2545.2 -158.21
2546.4 -199.39
2547.6 -240.58
2548.8 -181.74
2550.0 -222.93
2551.2 -164.09
2552.4 -205.28
2553.6 -246.47
2554.8 -187.63
2556.0 -228.81
2557.2 -169.98
2558.4 -211.17
2559.6 -152.33
2560.8 -193.51
2562.0 -234.69
2563.2 -175.85
2564.4 -217.04
2565.6 -158.2
2566.8 -199.38
2568.0 -240.57
2569.2 -181.74
2570.4 -222.92
2571.6 -164.08
2572.8 -205.26
2574.0 -246.45
2575.2 -187.61
2576.4 -228.79
2577.6 -169.95
2578.8 -211.14
2580.0 -152.3
2581.2 -193.48
2582.4 -234.66
2583.6 -175.82
2584.8 -217.01
2586.0 -158.17
2587.2 -199.35
2588.4 -240.54
2589.6 -181.7
2590.8 -222.88
2592.0 -164.04
2593.2 -205.22
2594.4 -246.41
2595.6 -187.57
2596.8 -228.75
2598.0 -169.91
2599.2 -211.1
2600.4 -152.27
2601.6 -193.45
2602.8 -234.63
2604.0 -175.79
2605.2 -216.98
2606.4 -158.14
2607.6 -199.32
2608.8 -240.5
2610.0 -181.66
2611.2 -222.85
2612.4 -164.01
2613.6 -205.19
2614.8 -246.38
2616.0 -187.54
2617.2 -228.72
2618.4 -169.88
2619.6 -211.06
2620.8 -152.22
2622.0 -193.41
2623.2 -234.59
2624.4 -175.75
2625.6 -216.94
2626.8 -158.1
2628.0 -199.28
2629.2 -240.46
2630.4 -181.62
2631.6 -222.81
2632.8 -163.97
2634.0 -205.15
2635.2 -246.33
2636.4 -187.49
2637.6 -228.67
2638.8 -169.83
2640.0 -211.01
2641.2 -152.17
2642.4 -193.35
2643.6 -234.54
2644.8 -175.7
2646.0 -216.88
2647.2 -158.04
2648.4 -199.22
2649.6 -240.41
2650.8 -181.57
2652.0 -222.75
2653.2 -163.91
2654.4 -205.1
2655.6 -246.28
2656.8 -187.44
2658.0 -228.62
2659.2 -169.78
2660.4 -210.96
2661.6 -152.12
2662.8 -193.3
2664.0 -234.48
2665.2 -175.64
2666.4 -216.83
2667.6 -158.0
2668.8 -199.18
2670.0 -240.37
2671.2 -181.53
2672.4 -222.71
2673.6 -163.87
2674.8 -205.05
2676.0 -246.24
2677.2 -187.4
2678.4 -228.58
2679.6 -169.74
2680.8 -210.94
2682.0 -152.1
2683.2 -193.28
2684.4 -234.46
2685.6 -175.62
2686.8 -216.81
2688.0 -157.97
2689.2 -199.15
2690.4 -240.35
2691.6 -181.51
2692.8 -222.69
2694.0 -163.85
2695.2 -205.03
2696.4 -246.22
2697.6 -187.38
2698.8 -228.57
2700.0 -169.73
2701.2 -210.92
2702.4 -152.08
2703.6 -193.26
2704.8 -234.45
2706.0 -175.61
2707.2 -216.8
2708.4 -157.96
2709.6 -199.15
2710.8 -240.34
2712.0 -181.5
2713.2 -222.68
2714.4 -163.85
2715.6 -205.03
2716.8 -246.22
2718.0 -187.38
2719.2 -228.57
2720.4 -169.73
2721.6 -210.92
2722.8 -152.08
2724.0 -193.27
2725.2 -234.45
2726.4 -175.61
2727.6 -216.81
2728.8 -157.97
2730.0 -199.15
2731.2 -240.35
2732.4 -181.51
2733.6 -222.69
2734.8 -163.86
2736.0 -205.04
2737.2 -246.23
2738.4 -187.4
2739.6 -228.58
2740.8 -169.74
2742.0 -210.94
2743.2 -152.1
2744.4 -193.28
2745.6 -234.47
2746.8 -175.63
2748.0 -216.82
2749.2 -157.98
2750.4 -199.17
2751.6 -240.36
2752.8 -181.52
2754.0 -222.71
2755.2 -163.87
2756.4 -205.05
2757.6 -246.25
2758.8 -187.41
2760.0 -228.59
2761.2 -169.76
2762.4 -210.95
2763.6 -152.11
2764.8 -193.3
2766.0 -234.48
2767.2 -175.64
2768.4 -216.84
2769.6 -158.0
2770.8 -199.18
2772.0 -240.37
2773.2 -181.53
2774.4 -222.72
2775.6 -163.89
2776.8 -205.07
2778.0 -246.27
2779.2 -187.43
2780.4 -228.61
2781.6 -169.78
2782.8 -210.96
2784.0 -152.12
2785.2 -193.32
2786.4 -234.5
2787.6 -175.67
2788.8 -216.86
2790.0 -158.02
2791.2 -199.21
2792.4 -240.39
2793.6 -181.55
2794.8 -222.75
2796.0 -163.91
2797.2 -205.1
2798.4 -246.29
2799.6 -187.45
2800.8 -228.64
2802.0 -169.8
2803.2 -210.99
2804.4 -152.15
2805.6 -193.34
2806.8 -234.53
2808.0 -175.69
2809.2 -216.88
2810.4 -158.04
2811.6 -199.23
2812.8 -240.41
2814.0 -181.57
2815.2 -222.76
2816.4 -163.92
2817.6 -205.1
2818.8 -246.3
2820.0 -187.46
2821.2 -228.64
2822.4 -169.8
2823.6 -210.98
2824.8 -152.15
2826.0 -193.34
2827.2 -234.52
2828.4 -175.68
2829.6 -216.87
2830.8 -158.03
2832.0 -199.22
2833.2 -240.41
2834.4 -181.57
2835.6 -222.75
2836.8 -163.91
2838.0 -205.09
2839.2 -246.28
2840.4 -187.44
2841.6 -228.63
2842.8 -169.79
2844.0 -210.98
2845.2 -152.14
2846.4 -193.32
2847.6 -234.5
2848.8 -175.66
2850.0 -216.85
2851.2 -158.01
2852.4 -199.19
2853.6 -240.39
2854.8 -181.55
2856.0 -222.73
2857.2 -163.89
2858.4 -205.08
2859.6 -246.26
2860.8 -187.42
2862.0 -228.6
2863.2 -169.76
2864.4 -210.95
2865.6 -152.11
2866.8 -193.29
2868.0 -234.48
2869.2 -175.64
2870.4 -216.82
2871.6 -157.98
2872.8 -199.16
2874.0 -240.36
2875.2 -181.52
2876.4 -222.7
2877.6 -163.86
2878.8 -205.05
2880.0 -246.23
2881.2 -187.39
2882.4 -228.57
2883.6 -169.73
2884.8 -210.92
2886.0 -152.08
2887.2 -193.26
2888.4 -234.45
2889.6 -175.61
2890.8 -216.79
2892.0 -157.95
2893.2 -199.14
2894.4 -240.33
2895.6 -181.49
2896.8 -222.67
2898.0 -163.83
2899.2 -205.03
2900.4 -246.21
2901.6 -187.37
2902.8 -228.56
2904.0 -169.72
2905.2 -210.91
2906.4 -152.08
2907.6 -193.26
2908.8 -234.44
2910.0 -175.61
2911.2 -216.8
2912.4 -157.97
2913.6 -199.15
2914.8 -240.34
2916.0 -181.51
2917.2 -222.69
2918.4 -163.86
2919.6 -205.04
2920.8 -246.23
2922.0 -187.4
2923.2 -228.58
2924.4 -169.75
2925.6 -210.94
2926.8 -152.11
2928.0 -193.29
2929.2 -234.49
2930.4 -175.65
2931.6 -216.84
2932.8 -158.0
2934.0 -199.19
2935.2 -240.38
2936.4 -181.55
2937.6 -222.73
2938.8 -163.9
2940.0 -205.1
2941.2 -246.28
2942.4 -187.45
2943.6 -228.63
2944.8 -169.8
2946.0 -210.99
2947.2 -152.16
2948.4 -193.35
2949.6 -234.54
2950.8 -175.71
2952.0 -216.89
2953.2 -158.06
2954.4 -199.25
2955.6 -240.44
2956.8 -181.61
2958.0 -222.79
2959.2 -163.96
2960.4 -205.15
2961.6 -246.34
2962.8 -187.5
2964.0 -228.7
2965.2 -169.86
2966.4 -211.05
2967.6 -152.21
2968.8 -193.41
2970.0 -234.59
2971.2 -175.76
2972.4 -216.94
2973.6 -158.11
2974.8 -199.3
2976.0 -240.49
2977.2 -181.65
2978.4 -222.85
2979.6 -164.01
2980.8 -205.2
2982.0 -246.38
2983.2 -187.55
2984.4 -228.75
2985.6 -169.91
2986.8 -211.1
2988.0 -152.26
2989.2 -193.46
2990.4 -234.64
2991.6 -175.81
2992.8 -217.0
2994.0 -158.17
2995.2 -199.35
2996.4 -240.54
2997.6 -181.71
2998.8 -222.9
3000.0 -164.07
3001.2 -205.25
3002.4 -246.45
3003.6 -187.61
3004.8 -228.8
3006.0 -169.97
3007.2 -211.15
3008.4 -152.32
3009.6 -193.51
3010.8 -234.7
3012.0 -175.86
3013.2 -217.06
3014.4 -158.23
3015.6 -199.41
3016.8 -240.61
3018.0 -181.77
3019.2 -222.96
3020.4 -164.13
3021.6 -205.31
3022.8 -246.51
3024.0 -187.67
3025.2 -228.86
3026.4 -170.03
3027.6 -211.22
3028.8 -152.39
3030.0 -193.57
3031.2 -234.76
3032.4 -175.92
3033.6 -217.12
3034.8 -158.29
3036.0 -199.47
3037.2 -240.67
3038.4 -181.83
3039.6 -223.01
3040.8 -164.18
3042.0 -205.37
3043.2 -246.56
3044.4 -187.72
3045.6 -228.9
3046.8 -170.07
3048.0 -211.26
3049.2 -152.43
3050.4 -193.61
3051.6 -234.8
3052.8 -175.97
3054.0 -217.15
3055.2 -158.31
3056.4 -199.5
3057.6 -240.69
3058.8 -181.85
3060.0 -223.04
3061.2 -164.2
3062.4 -205.39
3063.6 -246.57
3064.8 -187.74
3066.0 -228.92
3067.2 -170.08
3068.4 -211.27
3069.6 -152.44
3070.8 -193.62
3072.0 -234.81
3073.2 -175.97
3074.4 -217.15
3075.6 -158.32
3076.8 -199.5
3078.0 -240.69
3079.2 -181.85
3080.4 -223.03
3081.6 -164.19
3082.8 -205.39
3084.0 -246.57
3085.2 -187.73
3086.4 -228.91
3087.6 -170.07
3088.8 -211.27
3090.0 -152.43
3091.2 -193.61
3092.4 -234.8
3093.6 -175.97
3094.8 -217.15
3096.0 -158.31
3097.2 -199.49
3098.4 -240.69
3099.6 -181.85
3100.8 -223.03
3102.0 -164.19
3103.2 -205.37
3104.4 -246.57
3105.6 -187.73
3106.8 -228.91
3108.0 -170.07
3109.2 -211.27
3110.4 -152.43
3111.6 -193.61
3112.8 -234.79
3114.0 -175.96
3115.2 -217.15
3116.4 -158.31
3117.6 -199.49
3118.8 -240.69
3120.0 -181.85
3121.2 -223.03
3122.4 -164.19
3123.6 -205.38
3124.8 -246.57
3126.0 -187.73
3127.2 -228.91
3128.4 -170.08
3129.6 -211.26
3130.8 -152.42
3132.0 -193.61
3133.2 -234.8
3134.4 -175.96
3135.6 -217.15
3136.8 -158.31
3138.0 -199.49
3139.2 -240.68
3140.4 -181.84
3141.6 -223.03
3142.8 -164.19
3144.0 -205.37
3145.2 -246.55
3146.4 -187.72
3147.6 -228.91
3148.8 -170.07
3150.0 -211.25
3151.2 -152.41
3152.4 -193.61
3153.6 -234.79
3154.8 -175.95
3156.0 -217.13
3157.2 -158.29
3158.4 -199.48
3159.6 -240.67
3160.8 -181.83
3162.0 -223.01
3163.2 -164.17
3164.4 -205.36
3165.6 -246.54
3166.8 -187.71
3168.0 -228.9
3169.2 -170.06
3170.4 -211.24
3171.6 -152.4
3172.8 -193.58
3174.0 -234.77
3175.2 -175.94
3176.4 -217.12
3177.6 -158.28
3178.8 -199.47
3180.0 -240.65
3181.2 -181.81
3182.4 -222.99
3183.6 -164.15
3184.8 -205.34
3186.0 -246.53
3187.2 -187.69
3188.4 -228.87
3189.6 -170.03
3190.8 -211.22
3192.0 -152.38
3193.2 -193.56
3194.4 -234.75
3195.6 -175.91
3196.8 -217.09
3198.0 -158.25
3199.2 -199.44
3200.4 -240.63
3201.6 -181.79
3202.8 -222.97
3204.0 -164.13
3205.2 -205.31
3206.4 -246.5
3207.6 -187.66
3208.8 -228.84
3210.0 -170.0
3211.2 -211.19
3212.4 -152.35
3213.6 -193.53
3214.8 -234.71
3216.0 -175.87
3217.2 -217.06
3218.4 -158.23
3219.6 -199.41
3220.8 -240.59
3222.0 -181.75
3223.2 -222.94
3224.4 -164.1
3225.6 -205.28
3226.8 -246.47
3228.0 -187.63
3229.2 -228.81
3230.4 -169.97
3231.6 -211.15
3232.8 -152.31
3234.0 -193.49
3235.2 -234.67
3236.4 -175.83
3237.6 -217.01
3238.8 -158.17
3240.0 -199.36
3241.2 -240.54
3242.4 -181.7
3243.6 -222.89
3244.8 -164.05
3246.0 -205.23
3247.2 -246.41
3248.4 -187.57
3249.6 -228.76
3250.8 -169.92
3252.0 -211.1
3253.2 -152.26
3254.4 -193.45
3255.6 -234.63
3256.8 -175.8
3258.0 -216.98
3259.2 -158.14
3260.4 -199.33
3261.6 -240.51
3262.8 -181.67
3264.0 -222.87
3265.2 -164.03
3266.4 -205.21
3267.6 -246.41
3268.8 -187.57
3270.0 -228.75
3271.2 -169.91
3272.4 -211.1
3273.6 -152.26
3274.8 -193.45
3276.0 -234.64
3277.2 -175.8
3278.4 -216.99
3279.6 -158.16
3280.8 -199.34
3282.0 -240.54
3283.2 -181.7
3284.4 -222.88
3285.6 -164.05
3286.8 -205.23
3288.0 -246.42
3289.2 -187.59
3290.4 -228.77
3291.6 -169.94
3292.8 -211.13
3294.0 -152.29
3295.2 -193.48
3296.4 -234.66
3297.6 -175.83
3298.8 -217.02
3300.0 -158.19
3301.2 -199.37
3302.4 -240.56
3303.6 -181.73
3304.8 -222.91
3306.0 -164.08
3307.2 -205.26
3308.4 -246.46
3309.6 -187.62
3310.8 -228.8
3312.0 -169.97
3313.2 -211.16
3314.4 -152.33
3315.6 -193.51
3316.8 -234.69
3318.0 -175.86
3319.2 -217.05
3320.4 -158.21
3321.6 -199.4
3322.8 -240.59
3324.0 -181.75
3325.2 -222.94
3326.4 -164.1
3327.6 -205.28
3328.8 -246.48
3330.0 -187.64
3331.2 -228.82
3332.4 -169.98
3333.6 -211.16
3334.8 -152.33
3336.0 -193.52
3337.2 -234.7
3338.4 -175.86
3339.6 -217.06
3340.8 -158.22
3342.0 -199.4
3343.2 -240.58
3344.4 -181.74
3345.6 -222.93
3346.8 -164.1
3348.0 -205.28
3349.2 -246.47
3350.4 -187.63
3351.6 -228.81
3352.8 -169.97
3354.0 -211.15
3355.2 -152.32
3356.4 -193.51
3357.6 -234.69
3358.8 -175.85
3360.0 -217.03
3361.2 -158.19
3362.4 -199.38
3363.6 -240.57
3364.8 -181.73
3366.0 -222.92
3367.2 -164.08
3368.4 -205.26
3369.6 -246.44
3370.8 -187.6
3372.0 -228.79
3373.2 -169.95
3374.4 -211.13
3375.6 -152.29
3376.8 -193.49
3378.0 -234.67
3379.2 -175.83
3380.4 -217.01
3381.6 -158.17
3382.8 -199.36
3384.0 -240.54
3385.2 -181.7
3386.4 -222.88
3387.6 -164.04
3388.8 -205.23
3390.0 -246.41
3391.2 -187.57
3392.4 -228.75
3393.6 -169.91
3394.8 -211.1
3396.0 -152.26
3397.2 -193.44
3398.4 -234.63
3399.6 -175.79
3400.8 -216.97
3402.0 -158.13
3403.2 -199.31
3404.4 -240.5
3405.6 -181.66
3406.8 -222.84
3408.0 -164.0
3409.2 -205.18
3410.4 -246.37
3411.6 -187.53
3412.8 -228.71
3414.0 -169.87
3415.2 -211.07
3416.4 -152.23
3417.6 -193.41
3418.8 -234.59
3420.0 -175.75
3421.2 -216.94
3422.4 -158.1
3423.6 -199.28
3424.8 -240.46
3426.0 -181.62
3427.2 -222.81
3428.4 -163.97
3429.6 -205.15
3430.8 -246.34
3432.0 -187.5
3433.2 -228.68
3434.4 -169.84
3435.6 -211.02
3436.8 -152.18
3438.0 -193.37
3439.2 -234.55
3440.4 -175.71
3441.6 -216.89
3442.8 -158.05
3444.0 -199.24
3445.2 -240.41
3446.4 -181.57
3447.6 -222.76
3448.8 -163.92
3450.0 -205.1
3451.2 -246.28
3452.4 -187.44
3453.6 -228.63
3454.8 -169.79
3456.0 -210.97
3457.2 -152.13
3458.4 -193.31
3459.6 -234.5
3460.8 -175.67
3462.0 -216.85
3463.2 -158.01
3464.4 -199.2
3465.6 -240.38
3466.8 -181.54
3468.0 -222.72
3469.2 -163.88
3470.4 -205.08
3471.6 -246.26
3472.8 -187.42
3474.0 -228.61
3475.2 -169.78
3476.4 -210.96
3477.6 -152.12
3478.8 -193.3
3480.0 -234.49
3481.2 -175.66
3482.4 -216.84
3483.6 -158.0
3484.8 -199.19
3486.0 -240.38
3487.2 -181.54
3488.4 -222.72
3489.6 -163.89
3490.8 -205.08
3492.0 -246.26
3493.2 -187.43
3494.4 -228.62
3495.6 -169.78
3496.8 -210.96
3498.0 -152.13
3499.2 -193.31
3500.4 -234.51
3501.6 -175.67
3502.8 -216.86
3504.0 -158.02
3505.2 -199.21
3506.4 -240.4
3507.6 -181.56
3508.8 -222.75
3510.0 -163.91
3511.2 -205.11
3512.4 -246.3
3513.6 -187.46
3514.8 -228.66
3516.0 -169.82
3517.2 -211.01
3518.4 -152.17
3519.6 -193.36
3520.8 -234.55
3522.0 -175.72
3523.2 -216.9
3524.4 -158.07
3525.6 -199.26
3526.8 -240.45
3528.0 -181.62
3529.2 -222.8
3530.4 -163.97
3531.6 -205.16
3532.8 -246.35
3534.0 -187.51
3535.2 -228.71
3536.4 -169.87
3537.6 -211.06
3538.8 -152.23
3540.0 -193.41
3541.2 -234.6
3542.4 -175.77
3543.6 -216.95
3544.8 -158.12
3546.0 -199.31
3547.2 -240.5
3548.4 -181.66
3549.6 -222.85
3550.8 -164.01
3552.0 -205.21
3553.2 -246.39
3554.4 -187.56
3555.6 -228.74
3556.8 -169.91
3558.0 -211.1
3559.2 -152.27
3560.4 -193.45
3561.6 -234.65
3562.8 -175.82
3564.0 -217.0
3565.2 -158.17
3566.4 -199.35
3567.6 -240.55
3568.8 -181.71
3570.0 -222.9
3571.2 -164.06
3572.4 -205.26
3573.6 -246.44
3574.8 -187.61
3576.0 -228.8
3577.2 -169.97
3578.4 -211.16
3579.6 -152.32
3580.8 -193.51
3582.0 -234.7
3583.2 -175.87
3584.4 -217.05
3585.6 -158.22
3586.8 -199.42
3588.0 -240.6
3589.2 -181.77
3590.4 -222.95
3591.6 -164.12
3592.8 -205.31
3594.0 -246.5
3595.2 -187.67
3596.4 -228.86
3597.6 -170.03
3598.8 -211.21
3600.0 -152.38
3601.2 -193.57
3602.4 -234.76
3603.6 -175.93
3604.8 -217.11
3606.0 -158.28
3607.2 -199.47
3608.4 -240.66
3609.6 -181.83
3610.8 -223.02
3612.0 -164.19
3613.2 -205.37
3614.4 -246.56
3615.6 -187.73
3616.8 -228.92
3618.0 -170.09
3619.2 -211.27
3620.4 -152.44
3621.6 -193.63
3622.8 -234.82
3624.0 -175.98
3625.2 -217.18
3626.4 -158.34
3627.6 -199.53
3628.8 -240.72
3630.0 -181.89
3631.2 -223.07
3632.4 -164.23
3633.6 -205.43
3634.8 -246.61
3636.0 -187.78
3637.2 -228.96
3638.4 -170.12
3639.6 -211.32
3640.8 -152.48
3642.0 -193.66
3643.2 -234.86
3644.4 -176.02
3645.6 -217.2
3646.8 -158.37
3648.0 -199.56
3649.2 -240.74
3650.4 -181.91
3651.6 -223.1
3652.8 -164.27
3654.0 -205.45
3655.2 -246.63
3656.4 -187.8
3657.6 -228.99
3658.8 -170.15
3660.0 -211.33
3661.2 -152.5
3662.4 -193.69
3663.6 -234.87
3664.8 -176.04
3666.0 -217.23
3667.2 -158.39
3668.4 -199.57
3669.6 -240.76
3670.8 -181.92
3672.0 -223.11
3673.2 -164.27
3674.4 -205.46
3675.6 -246.65
3676.8 -187.81
3678.0 -228.99
3679.2 -170.16
3680.4 -211.35
3681.6 -152.51
3682.8 -193.69
3684.0 -234.88
3685.2 -176.04
3686.4 -217.23
3687.6 -158.39
3688.8 -199.57
3690.0 -240.76
3691.2 -181.93
3692.4 -223.11
3693.6 -164.27
3694.8 -205.45
3696.0 -246.64
3697.2 -187.8
3698.4 -228.98
3699.6 -170.14
3700.8 -211.33
3702.0 -152.49
3703.2 -193.67
3704.4 -234.86
3705.6 -176.02
3706.8 -217.2
3708.0 -158.36
3709.2 -199.54
3710.4 -240.73
3711.6 -181.89
3712.8 -223.06
3714.0 -164.22
3715.2 -205.41
3716.4 -246.59
3717.6 -187.75
3718.8 -228.93
3720.0 -170.09
3721.2 -211.28
3722.4 -152.44
3723.6 -193.61
3724.8 -234.8
3726.0 -175.96
3727.2 -217.14
3728.4 -158.3
3729.6 -199.49
3730.8 -240.66
3732.0 -181.82
3733.2 -223.0
3734.4 -164.16
3735.6 -205.34
3736.8 -246.52
3738.0 -187.68
3739.2 -228.87
3740.4 -170.02
3741.6 -211.2
3742.8 -152.36
3744.0 -193.54
3745.2 -234.72
3746.4 -175.88
3747.6 -217.06
3748.8 -158.21
3750.0 -199.4
3751.2 -240.58
3752.4 -181.74
3753.6 -222.91
3754.8 -164.07
3756.0 -205.26
3757.2 -246.43
3758.4 -187.59
3759.6 -228.78
3760.8 -169.94
3762.0 -211.11
3763.2 -152.27
3764.4 -193.45
3765.6 -234.64
3766.8 -175.79
3768.0 -216.97
3769.2 -158.13
3770.4 -199.32
3771.6 -240.49
3772.8 -181.65
3774.0 -222.83
3775.2 -163.99
3776.4 -205.17
3777.6 -246.35
3778.8 -187.51
3780.0 -228.68
3781.2 -169.84
3782.4 -211.03
3783.6 -152.19
3784.8 -193.36
3786.0 -234.55
3787.2 -175.71
3788.4 -216.88
3789.6 -158.04
3790.8 -199.22
3792.0 -240.4
3793.2 -181.56
3794.4 -222.74
3795.6 -163.9
3796.8 -205.08
3798.0 -246.26
3799.2 -187.42
3800.4 -228.59
3801.6 -169.75
3802.8 -210.94
3804.0 -152.1
3805.2 -193.28
3806.4 -234.47
3807.6 -175.62
3808.8 -216.8
3810.0 -157.96
3811.2 -199.14
3812.4 -240.33
3813.6 -181.49
3814.8 -222.67
3816.0 -163.83
3817.2 -205.02
3818.4 -246.2
3819.6 -187.36
3820.8 -228.54
3822.0 -169.7
3823.2 -210.89
3824.4 -152.05
3825.6 -193.23
3826.8 -234.42
3828.0 -175.58
3829.2 -216.77
3830.4 -157.93
3831.6 -199.11
3832.8 -240.3
3834.0 -181.46
3835.2 -222.64
3836.4 -163.8
3837.6 -204.99
3838.8 -246.18
3840.0 -187.34
3841.2 -228.52
3842.4 -169.68
3843.6 -210.87
3844.8 -152.03
3846.0 -193.22
3847.2 -234.41
3848.4 -175.57
3849.6 -216.75
3850.8 -157.91
3852.0 -199.11
3853.2 -240.29
3854.4 -181.45
3855.6 -222.63
3856.8 -163.79
3858.0 -204.99
3859.2 -246.17
3860.4 -187.33
3861.6 -228.52
3862.8 -169.69
3864.0 -210.87
3865.2 -152.03
3866.4 -193.22
3867.6 -234.41
3868.8 -175.57
3870.0 -216.76
3871.2 -157.92
3872.4 -199.11
3873.6 -240.29
3874.8 -181.45
3876.0 -222.65
3877.2 -163.81
3878.4 -204.99
3879.6 -246.19
3880.8 -187.35
3882.0 -228.53
3883.2 -169.69
3884.4 -210.89
3885.6 -152.05
3886.8 -193.23
3888.0 -234.41
3889.2 -175.58
3890.4 -216.77
3891.6 -157.93
3892.8 -199.11
3894.0 -240.31
3895.2 -181.47
3896.4 -222.65
3897.6 -163.81
3898.8 -205.01
3900.0 -246.19
3901.2 -187.35
3902.4 -228.54
3903.6 -169.71
3904.8 -210.89
3906.0 -152.05
3907.2 -193.24
3908.4 -234.43
3909.6 -175.59
3910.8 -216.77
3912.0 -157.94
3913.2 -199.13
3914.4 -240.31
3915.6 -181.47
3916.8 -222.66
3918.0 -163.82
3919.2 -205.01
3920.4 -246.2
3921.6 -187.36
3922.8 -228.55
3924.0 -169.72
3925.2 -210.9
3926.4 -152.06
3927.6 -193.25
3928.8 -234.44
3930.0 -175.6
3931.2 -216.78
3932.4 -157.95
3933.6 -199.14
3934.8 -240.32
3936.0 -181.49
3937.2 -222.68
3938.4 -163.84
3939.6 -205.03
3940.8 -246.21
3942.0 -187.37
3943.2 -228.57
3944.4 -169.73
3945.6 -210.91
3946.8 -152.08
3948.0 -193.27
3949.2 -234.45
3950.4 -175.62
3951.6 -216.8
3952.8 -157.96
3954.0 -199.16
3955.2 -240.34
3956.4 -181.5
3957.6 -222.7
3958.8 -163.86
3960.0 -205.05
3961.2 -246.24
3962.4 -187.4
3963.6 -228.59
3964.8 -169.75
3966.0 -210.93
3967.2 -152.1
3968.4 -193.29
3969.6 -234.48
3970.8 -175.64
3972.0 -216.83
3973.2 -158.0
3974.4 -199.18
3975.6 -240.36
3976.8 -181.53
3978.0 -222.72
3979.2 -163.89
3980.4 -205.07
3981.6 -246.27
3982.8 -187.43
3984.0 -228.61
3985.2 -169.78
3986.4 -210.96
3987.6 -152.13
3988.8 -193.32
3990.0 -234.5
3991.2 -175.67
3992.4 -216.86
3993.6 -158.03
3994.8 -199.21
3996.0 -240.4
3997.2 -181.57
3998.4 -222.75
3999.6 -163.91
