16.9499999999999 -4484.93316682217
17.9999999999999 -4483.16065074354
19.05 -4479.94738758812
20.1 -4468.99075420526
21.15 -4454.42580736389
22.2000000000001 -4439.33291407092
23.2500000000001 -4415.32512770354
24.3000000000002 -4390.69321069074
25.3500000000002 -4375.81266652754
26.4000000000002 -4333.2088075464
27.4500000000003 -4318.0741108469
28.5000000000003 -4323.28009286558
29.5500000000004 -4253.77897405409
30.6000000000004 -4187.08521895305
31.6500000000004 -4209.57792555745
32.7000000000005 -4166.00765626676
33.7500000000005 -4086.49152908164
34.8000000000006 -4020.5858959619
35.8500000000006 -4025.4780108119
36.9000000000006 -3973.8510372669
37.9500000000007 -3912.8694414072
39.0000000000007 -3822.49277073517
40.0500000000008 -3802.79580636943
41.1000000000008 -3738.27028492721
42.1500000000008 -3684.56264765715
43.2000000000009 -3587.08261680734
44.2500000000009 -3554.92836613687
45.300000000001 -3486.46360945208
46.350000000001 -3384.89612415195
47.400000000001 -3419.62342266785
48.4500000000011 -3368.56017666781
49.5000000000011 -3383.8504364053
50.5500000000012 -3332.77568700811
51.6000000000012 -3356.54052412706
52.6500000000012 -3333.30549940216
53.7000000000013 -3298.10282516068
54.7500000000013 -3246.72724310257
55.8000000000014 -3215.22481431615
56.8500000000014 -3182.67225876566
57.9000000000014 -3130.61994160147
58.9500000000015 -3103.24935892515
60.0000000000015 -3058.03845369048
61.0500000000016 -3006.87289282766
62.1000000000016 -2966.23567256897
63.1500000000016 -2912.80483884385
64.2000000000017 -2874.05761246222
65.2500000000017 -2826.19717674299
66.3000000000017 -2792.54464517584
67.3500000000018 -2749.62794848742
68.4000000000018 -2711.03593453802
69.4500000000019 -2667.56676138258
70.5000000000019 -2636.75644319677
71.5500000000019 -2603.55468565474
72.600000000002 -2559.68464110566
73.650000000002 -2504.02800191312
74.7000000000021 -2500.23390809896
75.7500000000021 -2466.46626644165
76.8000000000021 -2442.60905360831
77.8500000000022 -2408.7549435035
78.9000000000022 -2381.86029586353
79.9500000000023 -2344.82778996431
81.0000000000023 -2323.58612558117
82.0500000000023 -2331.11612004553
83.1000000000024 -2301.8123508291
84.1500000000024 -2272.4883933708
85.2000000000025 -2216.42915468987
86.2500000000025 -2220.99352812558
87.3000000000025 -2091.55885104819
88.3500000000026 -2165.84638254129
89.4000000000026 -2109.66746118139
90.4500000000027 -2116.88635072051
91.5000000000027 -2084.7535699653
92.5500000000027 -2049.0067283178
93.6000000000028 -2036.57991438275
94.6500000000028 -2010.68264238702
95.7000000000029 -1982.07182791655
96.7500000000029 -1955.23088601203
97.8000000000029 -1927.49241068496
98.850000000003 -1899.73805486077
99.900000000003 -1902.13785123136
100.950000000003 -1845.96244429432
102.000000000003 -1842.80871925567
103.050000000003 -1786.57183057558
104.100000000003 -1774.30378035433
105.150000000003 -1717.67999982762
106.200000000003 -1681.57412151031
107.250000000003 -1628.22057748644
108.300000000003 -1582.69735607532
109.350000000003 -1515.55483637776
110.400000000003 -1481.10223367204
111.450000000003 -1419.77204010145
112.500000000003 -1378.74829443336
113.550000000004 -1333.3541179592
114.600000000004 -1302.4325640548
115.650000000004 -1286.13520814877
116.700000000004 -1253.00803056695
117.750000000004 -1244.36510373958
118.800000000004 -1227.7334549472
119.850000000004 -1204.92381783718
120.900000000004 -1218.66684619461
121.950000000004 -1214.72257813838
123.000000000004 -1211.12983730118
124.050000000004 -1216.92598303753
125.100000000004 -1216.51985113935
126.150000000004 -1224.41494360647
127.200000000004 -1215.67098845479
128.250000000004 -1199.49009749179
129.300000000004 -1240.45345101667
130.350000000004 -1252.20536404536
131.400000000004 -1252.03949568272
132.450000000004 -1264.76768122124
133.500000000004 -1278.33452311631
134.550000000004 -1287.48547885841
135.600000000004 -1333.87130270596
136.650000000004 -1320.5083531606
137.700000000004 -1323.04614074767
138.750000000004 -1361.48705822095
139.800000000005 -1371.42353773104
140.850000000005 -1358.22214163879
141.900000000005 -1394.68455146999
142.950000000005 -1414.94278925606
144.000000000005 -1424.26938531976
145.050000000005 -1434.21957730065
146.100000000005 -1450.89520264544
147.150000000005 -1459.45236852205
148.200000000005 -1472.99804783353
149.250000000005 -1479.68958025172
150.300000000005 -1493.14263538535
151.350000000005 -1499.82128648296
152.400000000005 -1499.37653593669
153.450000000005 -1523.11560789651
154.500000000005 -1591.45433453041
155.550000000005 -1616.9391684922
156.600000000005 -1654.90688138973
157.650000000005 -1641.0823855166
158.700000000005 -1715.21190395262
159.750000000005 -1737.62858543244
160.800000000005 -1784.1563321699
161.850000000005 -1805.69564148246
162.900000000005 -1832.37886581039
163.950000000005 -1882.15721780878
165.000000000005 -1913.42206449211
166.050000000006 -1895.81643337416
167.100000000006 -1963.20157154381
168.150000000006 -1996.19150686756
169.200000000006 -2019.77530295294
170.250000000006 -2086.12290233824
171.300000000006 -2065.22100358459
172.350000000006 -2122.95253199921
173.400000000006 -2099.84216321224
174.450000000006 -2110.71166283924
175.500000000006 -2161.89346550499
176.550000000006 -2166.70877663499
177.600000000006 -2187.81426883669
178.650000000006 -2190.36295704089
179.700000000006 -2193.15432464548
180.750000000006 -2190.00592155442
181.800000000006 -2189.90044570434
182.850000000006 -2187.51827641033
183.900000000006 -2177.56074731664
184.950000000006 -2166.35405098545
186.000000000006 -2154.87578884103
187.050000000006 -2173.23534956934
188.100000000006 -2127.82882837519
189.150000000006 -2141.10848549376
190.200000000006 -2121.97605147046
191.250000000006 -2099.48502359847
192.300000000007 -2079.08767875712
193.350000000007 -2052.7193501057
194.400000000007 -2026.66562101387
195.450000000007 -1990.21718165915
196.500000000007 -1966.82450505465
197.550000000007 -1930.42899936511
198.600000000007 -1917.03865396147
199.650000000007 -1886.27604207942
200.700000000007 -1823.79564991249
201.750000000007 -1819.52483315549
202.800000000007 -1812.97930039436
203.850000000007 -1747.71064043703
204.900000000007 -1699.31517559141
205.950000000007 -1666.99763346946
207.000000000007 -1665.04729826517
208.050000000007 -1615.98579530034
209.100000000007 -1579.71158831215
210.150000000007 -1545.48962992318
211.200000000007 -1494.59650322669
212.250000000007 -1462.92980563011
213.300000000007 -1420.13502418123
214.350000000007 -1366.30576794756
215.400000000007 -1334.57411721907
216.450000000007 -1290.1948589876
217.500000000007 -1243.07756681247
218.550000000008 -1203.99418621496
219.600000000008 -1164.10238609535
220.650000000008 -1120.80766035345
221.700000000008 -1075.95272948322
222.750000000008 -1013.58185585578
223.800000000008 -1022.95253508423
224.850000000008 -982.807155686671
225.900000000008 -912.61246444682
226.950000000008 -856.843973828926
228.000000000008 -860.26441688202
229.050000000008 -833.603371147455
230.100000000008 -811.878445562382
231.150000000008 -784.510731103416
232.200000000008 -773.03623930888
233.250000000008 -747.228335034733
234.300000000008 -712.089464383346
235.350000000008 -687.235056864829
236.400000000008 -760.463659838673
237.450000000008 -745.044292110574
238.500000000008 -787.357514687239
239.550000000008 -801.184200797644
240.600000000008 -825.866574924292
241.650000000008 -887.336587983322
242.700000000008 -908.128615948738
243.750000000008 -902.066869801659
244.800000000009 -957.935646521682
245.850000000009 -975.674644861975
246.900000000009 -1005.52840929211
247.950000000009 -1011.10604832859
249.000000000009 -1047.40038295674
250.050000000009 -1039.06117432585
251.100000000009 -1091.04385901694
252.150000000009 -1105.97714722738
253.200000000009 -1115.53571727372
254.250000000009 -1142.72925507168
255.300000000009 -1130.41254377704
256.350000000009 -1214.61962967022
257.400000000008 -1225.75865158141
258.450000000007 -1240.68331554049
259.500000000006 -1255.93956654603
260.550000000005 -1268.2588714605
261.600000000004 -1291.40289681042
262.650000000003 -1300.06488512615
263.700000000002 -1315.28479474472
264.750000000001 -1326.35141069243
265.8 -1341.07022361462
266.849999999999 -1350.7155403254
267.899999999998 -1359.49067382508
268.949999999997 -1364.7669323366
269.999999999996 -1371.14428016695
271.049999999995 -1372.39514289343
272.099999999994 -1388.80602104634
273.149999999993 -1390.90187435584
274.199999999992 -1365.65757610487
275.249999999991 -1434.89373281988
276.29999999999 -1430.40737115286
277.34999999999 -1401.91085676088
278.399999999989 -1391.53490114202
279.449999999988 -1440.05576773287
280.499999999987 -1436.07068742907
281.549999999986 -1430.8715702055
282.599999999985 -1422.68851959357
283.649999999984 -1424.01497010572
284.699999999983 -1403.67454199143
285.749999999982 -1408.90642999472
286.799999999981 -1389.85612672016
287.84999999998 -1381.25586971056
288.899999999979 -1405.86793846487
289.949999999978 -1363.42125408727
290.999999999977 -1377.01288360685
292.049999999976 -1360.57259123658
293.099999999975 -1315.00178774886
294.149999999974 -1287.68144940134
295.199999999973 -1306.16968059664
296.249999999972 -1293.90550160343
297.299999999971 -1274.48924408046
298.34999999997 -1256.00664544447
299.399999999969 -1234.91042913265
300.449999999968 -1210.34470110307
301.499999999968 -1184.12744489834
302.549999999967 -1161.38976360422
303.599999999966 -1121.17711949907
304.649999999965 -1067.70324584392
305.699999999964 -1016.01727511252
306.749999999963 -964.828663967614
307.799999999962 -907.770212255367
308.849999999961 -832.434774744763
309.89999999996 -762.867170371322
310.949999999959 -705.156964879556
311.999999999958 -652.393023254358
313.049999999957 -629.981454965149
314.099999999956 -582.396170884346
315.149999999955 -541.800223947315
316.199999999954 -515.626406060736
317.249999999953 -481.57025722203
318.299999999952 -451.253329322825
319.349999999951 -386.803669948404
320.39999999995 -404.172092543691
321.449999999949 -381.158126227867
322.499999999948 -361.469642827981
323.549999999947 -354.382576838108
324.599999999947 -358.904545250761
325.649999999946 -365.658353479615
326.699999999945 -416.85461919518
327.749999999944 -442.869783337103
328.799999999943 -475.578461138183
329.849999999942 -467.849540944946
330.899999999941 -560.82478524117
331.94999999994 -605.880215544221
332.999999999939 -654.86419557629
334.049999999938 -718.877891934496
335.099999999937 -768.274752958105
336.149999999936 -767.332511742874
337.199999999935 -876.331646424864
338.249999999934 -919.591935067446
339.299999999933 -980.539420450242
340.349999999932 -1029.16657492301
341.399999999931 -1123.11910346303
342.44999999993 -1165.81819467852
343.499999999929 -1206.7830891302
344.549999999928 -1199.83556143773
345.599999999927 -1220.33786196482
346.649999999926 -1256.28596142933
347.699999999926 -1286.90943737876
348.749999999925 -1364.51594726763
349.799999999924 -1384.15996429101
350.849999999923 -1408.35843113381
351.899999999922 -1391.53980179982
352.949999999921 -1367.05385896252
353.99999999992 -1453.49095998389
355.049999999919 -1432.07242092023
356.099999999918 -1476.39679715174
357.149999999917 -1522.50559858081
358.199999999916 -1496.19536894714
359.249999999915 -1488.81755421142
360.299999999914 -1486.46851363429
361.349999999913 -1488.31636954271
362.399999999912 -1521.27263943382
363.449999999911 -1486.21542506464
364.49999999991 -1439.43652246593
365.549999999909 -1495.97681341069
366.599999999908 -1487.15834566064
367.649999999907 -1445.27888442369
368.699999999906 -1391.00367607844
369.749999999905 -1440.88406801167
370.799999999905 -1415.61486505846
371.849999999904 -1404.94129813708
372.899999999903 -1385.58008765883
373.949999999902 -1367.38858079092
374.999999999901 -1337.85489708824
376.0499999999 -1314.97340543264
377.099999999899 -1322.7381986045
378.149999999898 -1294.4394042762
379.199999999897 -1267.49299353065
380.249999999896 -1208.14325251738
381.299999999895 -1198.33348170846
382.349999999894 -1136.75639931437
383.399999999893 -1133.71885861016
384.449999999892 -1092.21797127034
385.499999999891 -1066.88220530936
386.54999999989 -1028.08608066566
387.599999999889 -982.178628743113
388.649999999888 -947.190440959159
389.699999999887 -902.543174259664
390.749999999886 -867.177243428148
391.799999999885 -818.732555725805
392.849999999884 -796.737233581818
393.899999999884 -791.9360348154
394.949999999883 -753.202878519052
395.999999999882 -708.912791839446
397.049999999881 -671.044797249001
398.09999999988 -636.219302145003
399.149999999879 -604.817092445399
400.199999999878 -577.86176111805
401.249999999877 -551.886059241853
402.299999999876 -528.747637415821
403.349999999875 -512.196783274341
404.399999999874 -509.491365966255
405.449999999873 -494.460535425906
406.499999999872 -506.036300187535
407.549999999871 -480.909914130166
408.59999999987 -518.680921340149
409.649999999869 -569.882067935768
410.699999999868 -553.444561738212
411.749999999867 -558.954262182885
412.799999999866 -612.520954876164
413.849999999865 -599.968589065591
414.899999999864 -646.906306414542
415.949999999863 -633.646650012706
416.999999999862 -632.007287501072
418.049999999862 -645.73938774348
419.099999999861 -711.86342076721
420.14999999986 -727.363926550674
421.199999999859 -711.486321803121
422.249999999858 -737.329080466789
423.299999999857 -762.165997591803
424.349999999856 -773.805296858256
425.399999999855 -782.16609781273
426.449999999854 -793.608179496751
427.499999999853 -774.277932694691
428.549999999852 -806.673913677282
429.599999999851 -860.605131662523
430.64999999985 -840.109370701277
431.699999999849 -877.986497661502
432.749999999848 -888.081341450373
433.799999999847 -898.511981320633
434.849999999846 -904.717166639059
435.899999999845 -910.604965712007
436.949999999844 -916.681645087065
437.999999999843 -914.859078624869
439.049999999842 -926.569253409763
440.099999999841 -900.236894778581
441.149999999841 -928.73813994612
442.19999999984 -900.568229320633
443.249999999839 -870.476332739702
444.299999999838 -936.626530927944
445.349999999837 -923.81331546842
446.399999999836 -930.414626958798
447.449999999835 -923.571053761812
448.499999999834 -918.386987962202
449.549999999833 -951.916556423582
450.599999999832 -840.496345456601
451.649999999831 -934.932136188618
452.69999999983 -930.367874834381
453.749999999829 -905.208608812514
454.799999999828 -908.644162038121
455.849999999827 -892.416240096001
456.899999999826 -882.446317328923
457.949999999825 -868.054493401153
458.999999999824 -843.012711950026
460.049999999823 -839.491416706629
461.099999999822 -826.258597196535
462.149999999821 -815.825712566601
463.19999999982 -829.221076690073
464.24999999982 -782.147204991704
465.299999999819 -793.318883088867
466.349999999818 -744.896042182995
467.399999999817 -748.57709580382
468.449999999816 -737.858471619218
469.499999999815 -711.395565317196
470.549999999814 -660.718299791596
471.599999999813 -663.262107885881
472.649999999812 -638.084809427397
473.699999999811 -618.779376073647
474.74999999981 -609.792000766182
475.799999999809 -580.839431313978
476.849999999808 -549.763091426499
477.899999999807 -538.879899453147
478.949999999806 -517.020664889033
479.999999999805 -523.145927729522
481.049999999804 -500.487609298841
482.099999999803 -483.546031631949
483.149999999802 -471.625147767351
484.199999999801 -455.442147109529
485.2499999998 -457.063602723848
486.299999999799 -456.429254733911
487.349999999799 -426.757503259181
488.399999999798 -458.54108982705
489.449999999797 -460.046562647475
490.499999999796 -450.338299287769
491.549999999795 -476.739195288098
492.599999999794 -453.209994038711
493.649999999793 -487.090638360292
494.699999999792 -493.270149610567
495.749999999791 -495.794807405326
496.79999999979 -541.349723052879
497.849999999789 -518.093166937834
498.899999999788 -551.664442375187
499.949999999787 -554.022324684618
500.999999999786 -561.369737142949
502.049999999785 -566.505514842918
503.099999999784 -574.591077461064
504.149999999783 -548.714758182103
505.199999999782 -537.570945526752
506.249999999781 -583.525350616436
507.29999999978 -587.416634384264
508.349999999779 -580.360136481534
509.399999999778 -579.963851570879
510.449999999778 -551.809873273857
511.499999999777 -581.495459519874
512.549999999776 -590.467679367732
513.599999999775 -599.64571363333
514.649999999774 -587.688823857277
515.699999999773 -593.619086696443
516.749999999772 -586.490584593557
517.799999999771 -581.29963445012
518.84999999977 -561.121159738456
519.899999999769 -616.527826416267
520.949999999768 -611.893313739178
521.999999999767 -605.668133079147
523.049999999766 -596.977539209637
524.099999999765 -591.184804884229
525.149999999764 -574.901645025486
526.199999999763 -575.836041642989
527.249999999762 -566.316241317604
528.299999999761 -546.366611856962
529.34999999976 -539.212123796344
530.399999999759 -536.808917926902
531.449999999758 -521.369386116283
532.499999999758 -511.602284566402
533.549999999757 -497.744358873461
534.599999999756 -520.391451174779
535.649999999755 -509.998969103937
536.699999999754 -466.448014011109
537.749999999753 -469.884408119333
538.799999999752 -461.723547901644
539.849999999751 -449.559022233438
540.89999999975 -436.117035834381
541.949999999749 -411.143004391308
542.999999999748 -401.338533396504
544.049999999747 -394.005933222636
545.099999999746 -373.129396261038
546.149999999745 -372.486112312153
547.199999999744 -374.855393404801
548.249999999743 -373.802183175354
549.299999999742 -372.692831993184
550.349999999741 -375.775361787485
551.39999999974 -407.403182235606
552.449999999739 -410.883272006356
553.499999999738 -409.967402231373
554.549999999737 -425.123223875347
555.599999999736 -423.733986524437
556.649999999736 -423.464281793154
557.699999999735 -434.932251566142
558.749999999734 -445.123917908876
559.799999999733 -447.600700047395
560.849999999732 -439.646704436736
561.899999999731 -455.44061857321
562.94999999973 -456.538405073581
563.999999999729 -468.805352103803
565.049999999728 -454.006009647851
566.099999999727 -504.149006918402
567.149999999726 -505.005208857632
568.199999999725 -506.032661315238
569.249999999724 -507.333904394312
570.299999999723 -503.406044979164
571.349999999722 -504.146069454494
572.399999999721 -472.397440960151
573.44999999972 -502.516743511267
574.499999999719 -469.273650502668
575.549999999718 -448.541332551611
576.599999999717 -486.33359377388
577.649999999716 -451.030749644405
578.699999999715 -414.680131610655
579.749999999715 -456.035617291096
580.799999999714 -460.411220775885
581.849999999713 -440.053279595462
582.899999999712 -449.389795249316
583.949999999711 -467.481066751289
584.99999999971 -460.538027416733
586.049999999709 -447.645496749217
587.099999999708 -434.198934868183
588.149999999707 -393.027973971887
589.199999999706 -410.204757613917
590.249999999705 -401.477587367443
591.299999999704 -386.032066837287
592.349999999703 -373.256895258204
593.399999999702 -350.768379467547
594.449999999701 -351.832927029641
595.4999999997 -346.76116079576
596.549999999699 -337.989267681337
597.599999999698 -330.764364679399
598.649999999697 -333.45216473636
599.699999999696 -324.435530855063
600.749999999695 -326.394906802323
601.799999999694 -324.045857723279
602.849999999694 -292.14789297655
603.899999999693 -310.889269703682
604.949999999692 -302.061258801402
605.999999999691 -345.369704357476
607.04999999969 -317.065479267183
608.099999999689 -350.880158442123
609.149999999688 -352.575566479031
610.199999999687 -352.638845847676
611.249999999686 -367.791622907265
612.299999999685 -366.522606993856
613.349999999684 -369.282933020377
614.399999999683 -370.839055603482
615.449999999682 -356.155975055828
616.499999999681 -374.854061009778
617.54999999968 -349.199178132081
618.599999999679 -319.074104327255
619.649999999678 -289.581768005346
620.699999999677 -363.87835395025
621.749999999676 -405.431231180188
622.799999999675 -375.410065683662
623.849999999674 -399.250175837943
624.899999999673 -405.408165444417
625.949999999673 -403.769964806275
626.999999999672 -390.63373433131
628.049999999671 -358.540247866518
629.09999999967 -397.334608530571
630.149999999669 -381.472770495385
631.199999999668 -383.70626599437
632.249999999667 -374.657048208265
633.299999999666 -376.69911738554
634.349999999665 -357.429341399169
635.399999999664 -361.852121937816
636.449999999663 -393.611931629714
637.499999999662 -359.474938310522
638.549999999661 -383.08785229088
639.59999999966 -381.890129039467
640.649999999659 -372.018692165929
641.699999999658 -366.019029499174
642.749999999657 -329.511475980137
643.799999999656 -346.252022641158
644.849999999655 -351.460195027829
645.899999999654 -341.880332575498
646.949999999653 -325.196959572188
647.999999999652 -325.767764090995
649.049999999652 -312.165259074123
650.099999999651 -310.550032575296
651.14999999965 -290.076050110725
652.199999999649 -293.88472311638
653.249999999648 -325.874937223251
654.299999999647 -292.597438965102
655.349999999646 -264.223250591937
656.399999999645 -268.848393341201
657.449999999644 -318.346612606164
658.499999999643 -317.312174744782
659.549999999642 -314.208584771169
660.599999999641 -317.872943279298
661.64999999964 -318.298962482401
662.699999999639 -321.515735081108
663.749999999638 -305.728493645782
664.799999999637 -320.404273887472
665.849999999636 -316.220548402469
666.899999999635 -324.346392742724
667.949999999634 -329.313979370512
668.999999999633 -323.905454097489
670.049999999632 -325.005403806065
671.099999999631 -354.621679694125
672.14999999963 -354.793185966521
673.19999999963 -347.136162021659
674.249999999629 -314.36233312859
675.299999999628 -341.950473251991
676.349999999627 -341.220380243741
677.399999999626 -338.956581689271
678.449999999625 -334.283170233169
679.499999999624 -298.973506399381
680.549999999623 -318.713404203602
681.599999999622 -312.356156385564
682.649999999621 -291.118917743613
683.69999999962 -302.364854725606
684.749999999619 -288.976238248339
685.799999999618 -279.654855144655
686.849999999617 -272.567171762292
687.899999999616 -265.194461667919
688.949999999615 -286.649293468556
689.999999999614 -247.736783900909
691.049999999613 -227.518303006207
692.099999999612 -265.136938541358
693.149999999611 -250.605056313246
694.19999999961 -242.649779829272
695.249999999609 -209.535571248771
696.299999999609 -247.860194408428
697.349999999608 -242.028367645864
698.399999999607 -245.928425446837
699.449999999606 -246.952843509084
700.499999999605 -242.358360995536
701.549999999604 -213.575532822181
702.599999999603 -242.68363108841
703.649999999602 -251.897530799946
704.699999999601 -256.056726876709
705.7499999996 -246.234179053152
706.799999999599 -252.590324176996
707.849999999598 -253.728341070916
708.899999999597 -240.67597655643
709.949999999596 -299.386482191406
710.999999999595 -272.364310420732
712.049999999594 -236.039176877228
713.099999999593 -303.400578650507
714.149999999592 -311.268687542836
715.199999999591 -283.391536946579
716.24999999959 -313.654488186357
717.299999999589 -284.991545250237
718.349999999588 -312.570086168144
719.399999999588 -314.769836298926
720.449999999587 -306.614216176078
721.499999999586 -299.949405796008
722.549999999585 -304.686659316339
723.599999999584 -312.337640867394
724.649999999583 -342.343044307461
725.699999999582 -310.358456195889
726.749999999581 -337.808509115553
727.79999999958 -337.424062565102
728.849999999579 -332.76508283324
729.899999999578 -323.850423272776
730.949999999577 -318.733668926923
731.999999999576 -302.26417103794
733.049999999575 -303.42853974268
734.099999999574 -296.952116252295
735.149999999573 -260.058338558055
736.199999999572 -236.973720236214
737.249999999571 -279.117850225183
738.29999999957 -281.885403991562
739.349999999569 -271.879767253763
740.399999999568 -251.78154814358
741.449999999567 -299.520515898424
742.499999999567 -294.406944196822
743.549999999566 -261.400618291738
744.599999999565 -290.349120724868
745.649999999564 -279.568810256355
746.699999999563 -247.166133050817
747.749999999562 -279.428170529609
748.799999999561 -277.354726732654
749.84999999956 -278.003637999737
750.899999999559 -255.59738699459
751.949999999558 -224.282382470075
752.999999999557 -207.95722637208
754.049999999556 -266.314147366911
755.099999999555 -254.055390386259
756.149999999554 -301.299832177952
757.199999999553 -299.803839285443
758.249999999552 -268.844040603081
759.299999999551 -257.735172416947
760.34999999955 -296.01695014275
761.399999999549 -294.212379672806
762.449999999548 -261.878270704553
763.499999999547 -287.728491113173
764.549999999546 -283.268102972426
765.599999999546 -281.958767929062
766.649999999545 -276.628519327775
767.699999999544 -261.270744711162
768.749999999543 -228.003633882684
769.799999999542 -271.773786412225
770.849999999541 -258.320987826325
771.89999999954 -261.208309566507
772.949999999539 -261.58580443163
773.999999999538 -247.959225315501
775.049999999537 -257.315688787992
776.099999999536 -284.784750060684
777.149999999535 -252.044249565424
778.199999999534 -276.454618540219
779.249999999533 -275.401102846901
780.299999999532 -273.262905592813
781.349999999531 -240.01123442893
782.39999999953 -260.845810673863
783.449999999529 -260.173067696521
784.499999999528 -228.102691849033
785.549999999527 -260.82745572322
786.599999999526 -246.024097722802
787.649999999525 -259.191057110389
788.699999999524 -254.669814287238
789.749999999524 -256.382526622811
790.799999999523 -255.342858609027
791.849999999522 -253.254014763795
792.899999999521 -284.697447713038
793.94999999952 -280.821935099606
794.999999999519 -249.674696058784
796.049999999518 -274.029236337672
797.099999999517 -279.366707257571
798.149999999516 -279.204182792223
799.199999999515 -272.611820896013
800.249999999514 -276.628378087496
801.299999999513 -275.902840714398
802.349999999512 -271.043857531972
803.399999999511 -264.724462037447
804.44999999951 -249.969753090295
805.499999999509 -263.393718496274
806.549999999508 -237.180649370983
807.599999999507 -255.290501202946
808.649999999506 -238.477110121054
809.699999999505 -239.515575904181
810.749999999504 -269.531249369761
811.799999999503 -235.432609456656
812.849999999503 -201.414643600245
813.899999999502 -256.509170775405
814.949999999501 -257.986115298764
815.9999999995 -225.196202470826
817.049999999499 -249.186649915351
818.099999999498 -216.97008363345
819.149999999497 -243.330460174245
820.199999999496 -241.800833776807
821.249999999495 -234.322115729896
822.299999999494 -223.521459038501
823.349999999493 -231.755999368848
824.399999999492 -238.365201962548
825.449999999491 -235.330680235114
826.49999999949 -239.552241433296
827.549999999489 -273.760423790767
828.599999999488 -271.941169861177
829.649999999487 -242.060618105946
830.699999999486 -264.895403778898
831.749999999485 -270.383319833657
832.799999999484 -271.354900928269
833.849999999483 -272.901347009926
834.899999999482 -271.31773582927
835.949999999482 -240.273618616235
836.999999999481 -270.122254718025
838.04999999948 -258.686218358747
839.099999999479 -267.176201101359
840.149999999478 -263.405233192988
841.199999999477 -250.064552973525
842.249999999476 -245.86713878543
843.299999999475 -281.608855370201
844.349999999474 -246.352588782065
845.399999999473 -266.64914243495
846.449999999472 -230.153208021315
847.499999999471 -255.783455276514
848.54999999947 -243.95960860681
849.599999999469 -241.88423333122
850.649999999468 -234.417078188869
851.699999999467 -219.934254464061
852.749999999466 -183.200683923165
853.799999999465 -214.352832008309
854.849999999464 -196.698593039447
855.899999999463 -162.371571783761
856.949999999462 -198.509520936911
857.999999999461 -185.726668079907
859.049999999461 -189.59702523809
860.09999999946 -222.946962117334
861.149999999459 -191.782942060701
862.199999999458 -184.69592259707
863.249999999457 -185.984504900304
864.299999999456 -161.781575664125
865.349999999455 -181.506349956142
866.399999999454 -180.010538899679
867.449999999453 -218.41663456087
868.499999999452 -219.090483018455
869.549999999451 -220.78457799716
870.59999999945 -219.907926607729
871.649999999449 -212.839826853222
872.699999999448 -220.999116755507
873.749999999447 -225.570890071282
874.799999999446 -228.341296876604
875.849999999445 -216.8328823794
876.899999999444 -223.03357040889
877.949999999443 -221.918372708648
878.999999999442 -260.977114573975
880.049999999441 -230.96061887389
881.09999999944 -257.743666796912
882.14999999944 -256.861716963702
883.199999999439 -257.230205172953
884.249999999438 -254.295500548455
885.299999999437 -247.122876044171
886.349999999436 -243.762898451991
887.399999999435 -209.784514564129
888.449999999434 -180.818143496688
889.499999999433 -224.664198242374
890.549999999432 -233.97991699658
891.599999999431 -229.438021640798
892.64999999943 -220.862780057312
893.699999999429 -215.487498231582
894.749999999428 -210.802905845512
895.799999999427 -235.200914456414
896.849999999426 -227.999303265013
897.899999999425 -226.261158800326
898.949999999424 -191.056134722
899.999999999423 -213.570469050345
901.049999999422 -206.609120125889
902.099999999421 -201.128439894117
903.14999999942 -168.057348589273
904.199999999419 -195.323890496236
905.249999999418 -198.483669251124
906.299999999418 -194.905248863252
907.349999999417 -197.938034299853
908.399999999416 -195.956894358234
909.449999999415 -193.312595692757
910.499999999414 -191.750921028174
911.549999999413 -191.258447933357
912.599999999412 -185.631661292122
913.649999999411 -187.289635834216
914.69999999941 -182.863765332641
915.749999999409 -188.328756311615
916.799999999408 -224.681243468018
917.849999999407 -217.786618899429
918.899999999406 -220.781927033496
919.949999999405 -191.120041139219
920.999999999404 -220.480496464862
922.049999999403 -190.810784954873
923.099999999402 -218.398930276196
924.149999999401 -209.701368500389
925.1999999994 -226.816135130056
926.249999999399 -218.881015171059
927.299999999398 -222.466742477126
928.349999999397 -225.069599199533
929.399999999397 -221.366070653494
930.449999999396 -254.524555461254
931.499999999395 -255.941629872175
932.549999999394 -254.385507414654
933.599999999393 -252.497773024127
934.649999999392 -251.116855226489
935.699999999391 -239.466565799426
936.74999999939 -240.976825349655
937.799999999389 -231.431882522081
938.849999999388 -199.209808320328
939.899999999387 -240.057525827175
940.949999999386 -230.275440916
941.999999999385 -228.224399469184
943.049999999384 -222.387389322338
944.099999999383 -226.71457915024
945.149999999382 -202.992508238083
946.199999999381 -250.876436157276
947.24999999938 -216.357110691727
948.299999999379 -239.513437408722
949.349999999378 -230.768684544088
950.399999999377 -229.154598480287
951.449999999376 -222.095510400804
952.499999999376 -218.723691165545
953.549999999375 -215.520047894126
954.599999999374 -205.476149170264
955.649999999373 -198.636024809866
956.699999999372 -187.804073773915
957.749999999371 -199.785793260621
958.79999999937 -188.968811368412
959.849999999369 -156.562109938083
960.899999999368 -192.492377884704
961.949999999367 -175.555979128026
962.999999999366 -183.879870672879
964.049999999365 -184.402087002811
965.099999999364 -180.720650098891
966.149999999363 -212.307430082708
967.199999999362 -181.416664126865
968.249999999361 -212.064690819593
969.29999999936 -180.962729307877
970.349999999359 -205.403584882693
971.399999999358 -209.757175269149
972.449999999357 -178.633979645738
973.499999999356 -151.953891220685
974.549999999355 -207.762193784304
975.599999999355 -203.500705508823
976.649999999354 -196.664941266441
977.699999999353 -205.945905886932
978.749999999352 -200.146800157494
979.799999999351 -197.072265305692
980.84999999935 -197.58611154319
981.899999999349 -233.180654693629
982.949999999348 -202.68400770655
983.999999999347 -227.453188118973
985.049999999346 -196.947396842274
986.099999999345 -222.584166313588
987.149999999344 -192.096768949801
988.199999999343 -222.22190937811
989.249999999342 -224.27101469593
990.299999999341 -226.295661417108
991.34999999934 -227.358818911885
992.399999999339 -221.174389150491
993.449999999338 -209.478665024115
994.499999999337 -210.24464638586
995.549999999336 -218.072207931052
996.599999999335 -219.40201491112
997.649999999334 -220.372242415964
998.699999999333 -208.745316080271
999.749999999333 -214.680040961844
