650.99999999965 43053.7723864191
652.049999999649 43118.6791552863
653.099999999648 43183.6012296144
654.149999999647 43248.5210737873
655.199999999646 43313.4261340342
656.249999999645 43378.2989605454
657.299999999644 43443.1239448543
658.349999999643 43507.887819802
659.399999999642 43572.5792507639
660.449999999641 43637.1885237149
661.49999999964 43701.7089239166
662.549999999639 43766.1370472191
663.599999999638 43830.4765700529
664.649999999637 43894.7297751754
665.699999999636 43958.898911944
666.749999999635 44022.9872719673
667.799999999634 44087.0021952748
668.849999999633 44150.9555129626
669.899999999633 44214.8596980073
670.949999999632 44278.7262464532
671.999999999631 44342.5636232726
673.04999999963 44406.3844033433
674.099999999629 44470.201320358
675.149999999628 44534.0250104525
676.199999999627 44597.8569563101
677.249999999626 44661.7064739369
678.299999999625 44725.5852778905
679.349999999624 44789.5045593439
680.399999999623 44853.4749164921
681.449999999622 44917.5050124595
682.499999999621 44981.6044916217
683.54999999962 45045.7828851729
684.599999999619 45110.0491605795
685.649999999618 45174.4109026696
686.699999999617 45238.8732186271
687.749999999616 45303.4413679927
688.799999999615 45368.1177431977
689.849999999614 45432.9002439692
690.899999999613 45497.7740749683
691.949999999612 45562.7115235572
692.999999999612 45627.6913617905
694.049999999611 45692.6926082463
695.09999999961 45757.6929953785
696.149999999609 45822.6725561234
697.199999999608 45887.6136991028
698.249999999607 45952.5008622143
699.299999999606 46017.320723535
700.349999999605 46082.0619538312

