0.0 6006.0
1.2 6066.0
2.4 6125.99
3.6 6185.98
4.8 6245.96
6.0 6305.92
7.2 6365.88
8.4 6425.83
9.6 6485.76
10.8 6545.68
12.0 6605.59
13.2 6665.48
14.4 6725.37
15.6 6785.24
16.8 6845.09
18.0 6904.94
19.2 6964.77
20.4 7024.59
21.6 7084.4
22.8 7144.2
24.0 7203.98
25.2 7263.76
26.4 7323.52
27.6 7383.27
28.8 7443.0
30.0 7502.73
31.2 7562.45
32.4 7622.15
33.6 7681.85
34.8 7741.53
36.0 7801.2
37.2 7860.87
38.4 7920.52
39.6 7980.16
40.8 8039.79
42.0 8099.42
43.2 8159.03
44.4 8218.63
45.6 8278.22
46.8 8337.81
48.0 8397.38
49.2 8456.95
50.4 8516.5
51.6 8576.05
52.8 8635.59
54.0 8695.12
55.2 8754.64
56.4 8814.15
57.6 8873.66
58.8 8933.15
60.0 8992.64
61.2 9052.12
62.4 9111.59
63.6 9171.06
64.8 9230.51
66.0 9289.96
67.2 9349.4
68.4 9408.84
69.6 9468.26
70.8 9527.68
72.0 9587.09
73.2 9646.5
74.4 9705.89
75.6 9765.28
76.8 9824.67
78.0 9884.04
79.2 9943.41
80.4 10002.78
81.6 10062.13
82.8 10121.48
84.0 10180.83
85.2 10240.16
86.4 10299.49
87.6 10358.82
88.8 10418.14
90.0 10477.45
91.2 10536.76
92.4 10596.06
93.6 10655.36
94.8 10714.65
96.0 10773.93
97.2 10833.21
98.4 10892.48
99.6 10951.75
100.8 11011.01
102.0 11070.27
103.2 11129.52
104.4 11188.77
105.6 11248.01
106.8 11307.24
108.0 11366.48
109.2 11425.7
110.4 11484.92
111.6 11544.14
112.8 11603.35
114.0 11662.56
115.2 11721.76
116.4 11780.96
117.6 11840.16
118.8 11899.35
120.0 11958.53
121.2 12017.71
122.4 12076.89
123.6 12136.06
124.8 12195.23
126.0 12254.39
127.2 12313.55
128.4 12372.71
129.6 12431.86
130.8 12491.01
132.0 12550.15
133.2 12609.29
134.4 12668.43
135.6 12727.56
136.8 12786.69
138.0 12845.82
139.2 12904.94
140.4 12964.06
141.6 13023.17
142.8 13082.29
144.0 13141.39
145.2 13200.5
146.4 13259.6
147.6 13318.7
148.8 13377.79
150.0 13436.89
151.2 13495.97
152.4 13555.06
153.6 13614.14
154.8 13673.22
156.0 13732.3
157.2 13791.37
158.4 13850.44
159.6 13909.51
160.8 13968.57
162.0 14027.64
163.2 14086.69
164.4 14145.75
165.6 14204.8
166.8 14263.85
168.0 14322.9
169.2 14381.95
170.4 14440.99
171.6 14500.03
172.8 14559.07
174.0 14618.11
175.2 14677.14
176.4 14736.17
177.6 14795.2
178.8 14854.22
180.0 14913.25
181.2 14972.27
182.4 15031.29
183.6 15090.3
184.8 15149.32
186.0 15208.33
187.2 15267.34
188.4 15326.35
189.6 15385.35
190.8 15444.36
192.0 15503.36
193.2 15562.36
194.4 15621.36
195.6 15680.35
196.8 15739.34
198.0 15798.34
199.2 15857.33
200.4 15916.31
201.6 15975.3
202.8 16034.28
204.0 16093.27
205.2 16152.25
206.4 16211.23
207.6 16270.2
208.8 16329.18
210.0 16388.15
211.2 16447.12
212.4 16506.09
213.6 16565.06
214.8 16624.03
216.0 16682.99
217.2 16741.96
218.4 16800.92
219.6 16859.88
220.8 16918.84
222.0 16977.8
223.2 17036.75
224.4 17095.71
225.6 17154.66
226.8 17213.61
228.0 17272.56
229.2 17331.51
230.4 17390.46
231.6 17449.41
232.8 17508.35
234.0 17567.29
235.2 17626.24
236.4 17685.18
237.6 17744.12
238.8 17803.06
240.0 17861.99
241.2 17920.93
242.4 17979.86
243.6 18038.8
244.8 18097.73
246.0 18156.66
247.2 18215.59
248.4 18274.52
249.6 18333.45
250.8 18392.37
252.0 18451.3
253.2 18510.22
254.4 18569.15
255.6 18628.07
256.8 18686.99
258.0 18745.91
259.2 18804.83
260.4 18863.75
261.6 18922.66
262.8 18981.58
264.0 19040.49
265.2 19099.41
266.4 19158.32
267.6 19217.23
268.8 19276.14
270.0 19335.05
271.2 19393.96
272.4 19452.87
273.6 19511.78
274.8 19570.69
276.0 19629.59
277.2 19688.5
278.4 19747.4
279.6 19806.31
280.8 19865.21
282.0 19924.11
283.2 19983.01
284.4 20041.91
285.6 20100.81
286.8 20159.71
288.0 20218.61
289.2 20277.5
290.4 20336.4
291.6 20395.3
292.8 20454.19
294.0 20513.09
295.2 20571.98
296.4 20630.87
297.6 20689.76
298.8 20748.66
300.0 20807.55
301.2 20866.44
302.4 20925.33
303.6 20984.21
304.8 21043.1
306.0 21101.99
307.2 21160.88
308.4 21219.76
309.6 21278.65
310.8 21337.54
312.0 21396.42
313.2 21455.3
314.4 21514.19
315.6 21573.07
316.8 21631.95
318.0 21690.83
319.2 21749.72
320.4 21808.6
321.6 21867.48
322.8 21926.36
324.0 21985.24
325.2 22044.11
326.4 22102.99
327.6 22161.87
328.8 22220.75
330.0 22279.62
331.2 22338.5
332.4 22397.37
333.6 22456.25
334.8 22515.12
336.0 22574.0
337.2 22632.87
338.4 22691.75
339.6 22750.62
340.8 22809.49
342.0 22868.36
343.2 22927.23
344.4 22986.11
345.6 23044.98
346.8 23103.85
348.0 23162.72
349.2 23221.59
350.4 23280.46
351.6 23339.32
352.8 23398.19
354.0 23457.06
355.2 23515.93
356.4 23574.8
357.6 23633.66
358.8 23692.53
360.0 23751.4
361.2 23810.26
362.4 23869.13
363.6 23927.99
364.8 23986.86
366.0 24045.72
367.2 24104.58
368.4 24163.45
369.6 24222.31
370.8 24281.18
372.0 24340.04
373.2 24398.9
374.4 24457.76
375.6 24516.62
376.8 24575.49
378.0 24634.35
379.2 24693.21
380.4 24752.07
381.6 24810.93
382.8 24869.79
384.0 24928.65
385.2 24987.51
386.4 25046.37
387.6 25105.23
388.8 25164.09
390.0 25222.94
391.2 25281.8
392.4 25340.66
393.6 25399.52
394.8 25458.38
396.0 25517.23
397.2 25576.09
398.4 25634.95
399.6 25693.8
400.8 25752.66
402.0 25811.52
403.2 25870.37
404.4 25929.23
405.6 25988.08
406.8 26046.94
408.0 26105.79
409.2 26164.65
410.4 26223.5
411.6 26282.36
412.8 26341.21
414.0 26400.07
415.2 26458.92
416.4 26517.77
417.6 26576.63
418.8 26635.48
420.0 26694.33
421.2 26753.19
422.4 26812.04
423.6 26870.89
424.8 26929.74
426.0 26988.59
427.2 27047.45
428.4 27106.3
429.6 27165.15
430.8 27224.0
432.0 27282.85
433.2 27341.7
434.4 27400.55
435.6 27459.41
436.8 27518.26
438.0 27577.11
439.2 27635.96
440.4 27694.81
441.6 27753.66
442.8 27812.51
444.0 27871.36
445.2 27930.21
446.4 27989.06
447.6 28047.9
448.8 28106.75
450.0 28165.6
451.2 28224.45
452.4 28283.3
453.6 28342.15
454.8 28401.0
456.0 28459.85
457.2 28518.69
458.4 28577.54
459.6 28636.39
460.8 28695.24
462.0 28754.09
463.2 28812.93
464.4 28871.78
465.6 28930.63
466.8 28989.47
468.0 29048.32
469.2 29107.17
470.4 29166.02
471.6 29224.86
472.8 29283.71
474.0 29342.55
475.2 29401.4
476.4 29460.25
477.6 29519.09
478.8 29577.94
480.0 29636.79
481.2 29695.63
482.4 29754.48
483.6 29813.32
484.8 29872.17
486.0 29931.01
487.2 29989.86
488.4 30048.7
489.6 30107.55
490.8 30166.39
492.0 30225.24
493.2 30284.08
494.4 30342.93
495.6 30401.77
496.8 30460.62
498.0 30519.46
499.2 30578.31
500.4 30637.15
501.6 30695.99
502.8 30754.84
504.0 30813.68
505.2 30872.53
506.4 30931.37
507.6 30990.21
508.8 31049.06
510.0 31107.9
511.2 31166.75
512.4 31225.59
513.6 31284.43
514.8 31343.28
516.0 31402.12
517.2 31460.96
518.4 31519.81
519.6 31578.65
520.8 31637.49
522.0 31696.33
523.2 31755.18
524.4 31814.02
525.6 31872.86
526.8 31931.71
528.0 31990.55
529.2 32049.39
530.4 32108.23
531.6 32167.07
532.8 32225.92
534.0 32284.76
535.2 32343.6
536.4 32402.44
537.6 32461.29
538.8 32520.13
540.0 32578.97
541.2 32637.81
542.4 32696.65
543.6 32755.5
544.8 32814.34
546.0 32873.18
547.2 32932.02
548.4 32990.86
549.6 33049.7
550.8 33108.55
552.0 33167.39
553.2 33226.23
554.4 33285.07
555.6 33343.91
556.8 33402.75
558.0 33461.59
559.2 33520.44
560.4 33579.28
561.6 33638.12
562.8 33696.96
564.0 33755.8
565.2 33814.64
566.4 33873.48
567.6 33932.32
568.8 33991.16
570.0 34050.0
571.2 34108.85
572.4 34167.69
573.6 34226.53
574.8 34285.37
576.0 34344.21
577.2 34403.05
578.4 34461.89
579.6 34520.73
580.8 34579.57
582.0 34638.41
583.2 34697.25
584.4 34756.09
585.6 34814.93
586.8 34873.77
588.0 34932.61
589.2 34991.45
590.4 35050.29
591.6 35109.13
592.8 35167.97
594.0 35226.81
595.2 35285.65
596.4 35344.49
597.6 35403.33
598.8 35462.17
600.0 35521.01
601.2 35579.85
602.4 35638.69
603.6 35697.53
604.8 35756.37
606.0 35815.21
607.2 35874.05
608.4 35932.89
609.6 35991.73
610.8 36050.57
612.0 36109.41
613.2 36168.25
614.4 36227.09
615.6 36285.93
616.8 36344.77
618.0 36403.61
619.2 36462.45
620.4 36521.29
621.6 36580.13
622.8 36638.97
624.0 36697.81
625.2 36756.65
626.4 36815.49
627.6 36874.33
628.8 36933.17
630.0 36992.0
631.2 37050.84
632.4 37109.68
633.6 37168.52
634.8 37227.36
636.0 37286.2
637.2 37345.04
638.4 37403.88
639.6 37462.72
640.8 37521.56
642.0 37580.4
643.2 37639.24
644.4 37698.08
645.6 37756.91
646.8 37815.75
648.0 37874.59
649.2 37933.43
650.4 37992.27
651.6 38051.11
652.8 38109.95
654.0 38168.79
655.2 38227.63
656.4 38286.47
657.6 38345.3
658.8 38404.14
660.0 38462.98
661.2 38521.82
662.4 38580.66
663.6 38639.5
664.8 38698.34
666.0 38757.18
667.2 38816.02
668.4 38874.86
669.6 38933.69
670.8 38992.53
672.0 39051.37
673.2 39110.21
674.4 39169.05
675.6 39227.89
676.8 39286.73
678.0 39345.57
679.2 39404.4
680.4 39463.24
681.6 39522.08
682.8 39580.92
684.0 39639.76
685.2 39698.6
686.4 39757.44
687.6 39816.28
688.8 39875.11
690.0 39933.95
691.2 39992.79
692.4 40051.63
693.6 40110.47
694.8 40169.31
696.0 40228.15
697.2 40286.98
698.4 40345.82
699.6 40404.66
700.8 40463.5
702.0 40522.34
703.2 40581.18
704.4 40640.01
705.6 40698.85
706.8 40757.69
708.0 40816.53
709.2 40875.37
710.4 40934.21
711.6 40993.04
712.8 41051.88
714.0 41110.72
715.2 41169.56
716.4 41228.4
717.6 41287.24
718.8 41346.07
720.0 41404.91
721.2 41463.75
722.4 41522.59
723.6 41581.43
724.8 41640.27
726.0 41699.1
727.2 41757.94
728.4 41816.78
729.6 41875.62
730.8 41934.46
732.0 41993.3
733.2 42052.13
734.4 42110.97
735.6 42169.81
736.8 42228.65
738.0 42287.49
739.2 42346.33
740.4 42405.16
741.6 42464.0
742.8 42522.84
744.0 42581.68
745.2 42640.52
746.4 42699.36
747.6 42758.19
748.8 42817.03
750.0 42875.87
751.2 42934.71
752.4 42993.55
753.6 43052.38
754.8 43111.22
756.0 43170.06
757.2 43228.9
758.4 43287.74
759.6 43346.57
760.8 43405.41
762.0 43464.25
763.2 43523.09
764.4 43581.93
765.6 43640.76
766.8 43699.6
768.0 43758.44
769.2 43817.28
770.4 43876.12
771.6 43934.95
772.8 43993.79
774.0 44052.63
775.2 44111.47
776.4 44170.31
777.6 44229.14
778.8 44287.98
780.0 44346.82
781.2 44405.66
782.4 44464.5
783.6 44523.33
784.8 44582.17
786.0 44641.01
787.2 44699.85
788.4 44758.69
789.6 44817.52
790.8 44876.36
792.0 44935.2
793.2 44994.04
794.4 45052.88
795.6 45111.71
796.8 45170.55
798.0 45229.39
799.2 45288.23
800.4 45347.07
801.6 45405.9
802.8 45464.74
804.0 45523.58
805.2 45582.42
806.4 45641.25
807.6 45700.09
808.8 45758.93
810.0 45817.77
811.2 45876.61
812.4 45935.44
813.6 45994.28
814.8 46053.12
816.0 46111.96
817.2 46170.8
818.4 46229.63
819.6 46288.47
820.8 46347.31
822.0 46406.15
823.2 46464.98
824.4 46523.82
825.6 46582.66
826.8 46641.5
828.0 46700.34
829.2 46759.17
830.4 46818.01
831.6 46876.85
832.8 46935.69
834.0 46994.52
835.2 47053.36
836.4 47112.2
837.6 47171.04
838.8 47229.88
840.0 47288.71
841.2 47347.55
842.4 47406.39
843.6 47465.23
844.8 47524.06
846.0 47582.9
847.2 47641.74
848.4 47700.58
849.6 47759.42
850.8 47818.25
852.0 47877.09
853.2 47935.93
854.4 47994.77
855.6 48053.6
856.8 48112.44
858.0 48171.28
859.2 48230.12
860.4 48288.95
861.6 48347.79
862.8 48406.63
864.0 48465.47
865.2 48524.3
866.4 48583.14
867.6 48641.98
868.8 48700.82
870.0 48759.65
871.2 48818.49
872.4 48877.33
873.6 48936.17
874.8 48995.01
876.0 49053.84
877.2 49112.68
878.4 49171.52
879.6 49230.36
880.8 49289.19
882.0 49348.03
883.2 49406.87
884.4 49465.71
885.6 49524.54
886.8 49583.38
888.0 49642.22
889.2 49701.06
890.4 49759.9
891.6 49818.73
892.8 49877.57
894.0 49936.41
895.2 49995.25
896.4 50054.08
897.6 50112.92
898.8 50171.76
900.0 50230.6
901.2 50289.44
902.4 50348.27
903.6 50407.11
904.8 50465.95
906.0 50524.79
907.2 50583.63
908.4 50642.46
909.6 50701.3
910.8 50760.14
912.0 50818.98
913.2 50877.82
914.4 50936.65
915.6 50995.49
916.8 51054.33
918.0 51113.17
919.2 51172.01
920.4 51230.84
921.6 51289.68
922.8 51348.52
924.0 51407.36
925.2 51466.2
926.4 51525.03
927.6 51583.87
928.8 51642.71
930.0 51701.55
931.2 51760.39
932.4 51819.22
933.6 51878.06
934.8 51936.9
936.0 51995.74
937.2 52054.58
938.4 52113.41
939.6 52172.25
940.8 52231.09
942.0 52289.93
943.2 52348.77
944.4 52407.6
945.6 52466.44
946.8 52525.28
948.0 52584.12
949.2 52642.95
950.4 52701.79
951.6 52760.63
952.8 52819.47
954.0 52878.31
955.2 52937.14
956.4 52995.98
957.6 53054.82
958.8 53113.66
960.0 53172.5
961.2 53231.33
962.4 53290.17
963.6 53349.01
964.8 53407.85
966.0 53466.69
967.2 53525.52
968.4 53584.36
969.6 53643.2
970.8 53702.04
972.0 53760.88
973.2 53819.71
974.4 53878.55
975.6 53937.39
976.8 53996.23
978.0 54055.06
979.2 54113.9
980.4 54172.74
981.6 54231.58
982.8 54290.42
984.0 54349.25
985.2 54408.09
986.4 54466.93
987.6 54525.77
988.8 54584.6
990.0 54643.44
991.2 54702.28
992.4 54761.12
993.6 54819.96
994.8 54878.79
996.0 54937.63
997.2 54996.47
998.4 55055.31
999.6 55114.15
1000.8 55172.99
1002.0 55231.88
1003.2 55290.89
1004.4 55350.05
1005.6 55409.39
1006.8 55468.94
1008.0 55528.72
1009.2 55588.73
1010.4 55648.98
1011.6 55709.48
1012.8 55770.23
1014.0 55831.23
1015.2 55892.49
1016.4 55953.99
1017.6 56015.75
1018.8 56077.75
1020.0 56139.99
1021.2 56202.48
1022.4 56265.22
1023.6 56328.19
1024.8 56391.39
1026.0 56454.83
1027.2 56518.5
1028.4 56582.39
1029.6 56646.51
1030.8 56710.86
1032.0 56775.42
1033.2 56840.2
1034.4 56905.19
1035.6 56970.39
1036.8 57035.8
1038.0 57101.42
1039.2 57167.24
1040.4 57233.27
1041.6 57299.49
1042.8 57365.9
1044.0 57432.51
1045.2 57499.31
1046.4 57566.3
1047.6 57633.48
1048.8 57700.84
1050.0 57768.38
1051.2 57836.1
1052.4 57904.0
1053.6 57972.07
1054.8 58040.32
1056.0 58108.73
1057.2 58177.32
1058.4 58246.07
1059.6 58314.98
1060.8 58384.06
1062.0 58453.3
1063.2 58522.69
1064.4 58592.25
1065.6 58661.95
1066.8 58731.81
1068.0 58801.82
1069.2 58871.97
1070.4 58942.28
1071.6 59012.73
1072.8 59083.32
1074.0 59154.05
1075.2 59224.92
1076.4 59295.93
1077.6 59367.08
1078.8 59438.36
1080.0 59509.77
1081.2 59581.31
1082.4 59652.98
1083.6 59724.78
1084.8 59796.71
1086.0 59868.76
1087.2 59940.93
1088.4 60013.22
1089.6 60085.64
1090.8 60158.17
1092.0 60230.82
1093.2 60303.58
1094.4 60376.46
1095.6 60449.45
1096.8 60522.55
1098.0 60595.76
1099.2 60669.08
1100.4 60742.51
1101.6 60816.04
1102.8 60889.68
1104.0 60963.42
1105.2 61037.26
1106.4 61111.2
1107.6 61185.24
1108.8 61259.38
1110.0 61333.61
1111.2 61407.94
1112.4 61482.36
1113.6 61556.88
1114.8 61631.49
1116.0 61706.19
1117.2 61780.98
1118.4 61855.86
1119.6 61930.82
1120.8 62005.87
1122.0 62081.01
1123.2 62156.23
1124.4 62231.53
1125.6 62306.92
1126.8 62382.38
1128.0 62457.93
1129.2 62533.56
1130.4 62609.26
1131.6 62685.04
1132.8 62760.89
1134.0 62836.83
1135.2 62912.83
1136.4 62988.91
1137.6 63065.06
1138.8 63141.28
1140.0 63217.57
1141.2 63293.93
1142.4 63370.36
1143.6 63446.86
1144.8 63523.43
1146.0 63600.06
1147.2 63676.75
1148.4 63753.51
1149.6 63830.34
1150.8 63907.23
1152.0 63984.18
1153.2 64061.19
1154.4 64138.26
1155.6 64215.39
1156.8 64292.58
1158.0 64369.82
1159.2 64447.13
1160.4 64524.49
1161.6 64601.91
1162.8 64679.38
1164.0 64756.91
1165.2 64834.49
1166.4 64912.13
1167.6 64989.82
1168.8 65067.56
1170.0 65145.35
1171.2 65223.19
1172.4 65301.08
1173.6 65379.02
1174.8 65457.01
1176.0 65535.05
1177.2 65613.14
1178.4 65691.27
1179.6 65769.45
1180.8 65847.67
1182.0 65925.95
1183.2 66004.26
1184.4 66082.62
1185.6 66161.02
1186.8 66239.47
1188.0 66317.95
1189.2 66396.48
1190.4 66475.05
1191.6 66553.67
1192.8 66632.32
1194.0 66711.01
1195.2 66789.74
1196.4 66868.51
1197.6 66947.32
1198.8 67026.17
1200.0 67105.05
1201.2 67183.97
1202.4 67262.93
1203.6 67341.92
1204.8 67420.95
1206.0 67500.01
1207.2 67579.11
1208.4 67658.24
1209.6 67737.41
1210.8 67816.61
1212.0 67895.84
1213.2 67975.1
1214.4 68054.4
1215.6 68133.73
1216.8 68213.09
1218.0 68292.48
1219.2 68371.9
1220.4 68451.35
1221.6 68530.83
1222.8 68610.34
1224.0 68689.88
1225.2 68769.45
1226.4 68849.05
1227.6 68928.67
1228.8 69008.32
1230.0 69088.0
1231.2 69167.71
1232.4 69247.44
1233.6 69327.2
1234.8 69406.99
1236.0 69486.8
1237.2 69566.63
1238.4 69646.49
1239.6 69726.38
1240.8 69806.29
1242.0 69886.22
1243.2 69966.18
1244.4 70046.16
1245.6 70126.16
1246.8 70206.19
1248.0 70286.23
1249.2 70366.3
1250.4 70446.4
1251.6 70526.51
1252.8 70606.65
1254.0 70686.8
1255.2 70766.98
1256.4 70847.18
1257.6 70927.4
1258.8 71007.64
1260.0 71087.9
1261.2 71168.17
1262.4 71248.47
1263.6 71328.79
1264.8 71409.12
1266.0 71489.48
1267.2 71569.85
1268.4 71650.24
1269.6 71730.65
1270.8 71811.07
1272.0 71891.52
1273.2 71971.98
1274.4 72052.46
1275.6 72132.95
1276.8 72213.46
1278.0 72293.99
1279.2 72374.53
1280.4 72455.09
1281.6 72535.67
1282.8 72616.26
1284.0 72696.86
1285.2 72777.49
1286.4 72858.12
1287.6 72938.77
1288.8 73019.44
1290.0 73100.12
1291.2 73180.81
1292.4 73261.52
1293.6 73342.25
1294.8 73422.98
1296.0 73503.73
1297.2 73584.5
1298.4 73665.27
1299.6 73746.06
1300.8 73826.86
1302.0 73907.68
1303.2 73988.51
1304.4 74069.35
1305.6 74150.2
1306.8 74231.06
1308.0 74311.94
1309.2 74392.83
1310.4 74473.73
1311.6 74554.64
1312.8 74635.56
1314.0 74716.49
1315.2 74797.44
1316.4 74878.4
1317.6 74959.36
1318.8 75040.34
1320.0 75121.33
1321.2 75202.32
1322.4 75283.33
1323.6 75364.35
1324.8 75445.38
1326.0 75526.42
1327.2 75607.46
1328.4 75688.52
1329.6 75769.59
1330.8 75850.67
1332.0 75931.75
1333.2 76012.85
1334.4 76093.95
1335.6 76175.06
1336.8 76256.18
1338.0 76337.31
1339.2 76418.45
1340.4 76499.6
1341.6 76580.76
1342.8 76661.92
1344.0 76743.09
1345.2 76824.27
1346.4 76905.46
1347.6 76986.65
1348.8 77067.86
1350.0 77149.07
1351.2 77230.29
1352.4 77311.51
1353.6 77392.75
1354.8 77473.99
1356.0 77555.24
1357.2 77636.49
1358.4 77717.75
1359.6 77799.02
1360.8 77880.3
1362.0 77961.58
1363.2 78042.87
1364.4 78124.17
1365.6 78205.47
1366.8 78286.78
1368.0 78368.09
1369.2 78449.41
1370.4 78530.74
1371.6 78612.07
1372.8 78693.41
1374.0 78774.76
1375.2 78856.11
1376.4 78937.47
1377.6 79018.83
1378.8 79100.2
1380.0 79181.57
1381.2 79262.95
1382.4 79344.34
1383.6 79425.73
1384.8 79507.12
1386.0 79588.52
1387.2 79669.93
1388.4 79751.34
1389.6 79832.76
1390.8 79914.18
1392.0 79995.6
1393.2 80077.03
1394.4 80158.47
1395.6 80239.91
1396.8 80321.35
1398.0 80402.8
1399.2 80484.26
1400.4 80565.72
1401.6 80647.18
1402.8 80728.65
1404.0 80810.12
1405.2 80891.59
1406.4 80973.07
1407.6 81054.56
1408.8 81136.05
1410.0 81217.54
1411.2 81299.04
1412.4 81380.54
1413.6 81462.04
1414.8 81543.55
1416.0 81625.06
1417.2 81706.58
1418.4 81788.1
1419.6 81869.62
1420.8 81951.15
1422.0 82032.68
1423.2 82114.21
1424.4 82195.75
1425.6 82277.29
1426.8 82358.83
1428.0 82440.38
1429.2 82521.93
1430.4 82603.48
1431.6 82685.04
1432.8 82766.6
1434.0 82848.17
1435.2 82929.73
1436.4 83011.3
1437.6 83092.88
1438.8 83174.45
1440.0 83256.03
1441.2 83337.61
1442.4 83419.2
1443.6 83500.78
1444.8 83582.37
1446.0 83663.97
1447.2 83745.56
1448.4 83827.16
1449.6 83908.76
1450.8 83990.37
1452.0 84071.97
1453.2 84153.58
1454.4 84235.19
1455.6 84316.81
1456.8 84398.42
1458.0 84480.04
1459.2 84561.66
1460.4 84643.29
1461.6 84724.91
1462.8 84806.54
1464.0 84888.17
1465.2 84969.81
1466.4 85051.44
1467.6 85133.08
1468.8 85214.72
1470.0 85296.36
1471.2 85378.0
1472.4 85459.65
1473.6 85541.3
1474.8 85622.95
1476.0 85704.6
1477.2 85786.25
1478.4 85867.91
1479.6 85949.57
1480.8 86031.23
1482.0 86112.89
1483.2 86194.55
1484.4 86276.22
1485.6 86357.89
1486.8 86439.55
1488.0 86521.23
1489.2 86602.9
1490.4 86684.57
1491.6 86766.25
1492.8 86847.93
1494.0 86929.61
1495.2 87011.29
1496.4 87092.97
1497.6 87174.65
1498.8 87256.34
1500.0 87338.03
1501.2 87419.72
1502.4 87501.41
1503.6 87583.1
1504.8 87664.79
1506.0 87746.49
1507.2 87828.18
1508.4 87909.88
1509.6 87991.58
1510.8 88073.28
1512.0 88154.98
1513.2 88236.69
1514.4 88318.39
1515.6 88400.1
1516.8 88481.81
1518.0 88563.51
1519.2 88645.22
1520.4 88726.93
1521.6 88808.65
1522.8 88890.36
1524.0 88972.08
1525.2 89053.79
1526.4 89135.51
1527.6 89217.23
1528.8 89298.95
1530.0 89380.67
1531.2 89462.39
1532.4 89544.11
1533.6 89625.84
1534.8 89707.56
1536.0 89789.29
1537.2 89871.02
1538.4 89952.74
1539.6 90034.47
1540.8 90116.2
1542.0 90197.93
1543.2 90279.67
1544.4 90361.4
1545.6 90443.13
1546.8 90524.87
1548.0 90606.61
1549.2 90688.34
1550.4 90770.08
1551.6 90851.82
1552.8 90933.56
1554.0 91015.3
1555.2 91097.04
1556.4 91178.78
1557.6 91260.53
1558.8 91342.27
1560.0 91424.02
1561.2 91505.76
1562.4 91587.51
1563.6 91669.25
1564.8 91751.0
1566.0 91832.75
1567.2 91914.5
1568.4 91996.25
1569.6 92078.0
1570.8 92159.75
1572.0 92241.51
1573.2 92323.26
1574.4 92405.01
1575.6 92486.77
1576.8 92568.52
1578.0 92650.28
1579.2 92732.03
1580.4 92813.79
1581.6 92895.55
1582.8 92977.31
1584.0 93059.07
1585.2 93140.83
1586.4 93222.59
1587.6 93304.35
1588.8 93386.11
1590.0 93467.87
1591.2 93549.64
1592.4 93631.4
1593.6 93713.16
1594.8 93794.93
1596.0 93876.69
1597.2 93958.46
1598.4 94040.23
1599.6 94121.99
1600.8 94203.76
1602.0 94285.53
1603.2 94367.3
1604.4 94449.07
1605.6 94530.84
1606.8 94612.61
1608.0 94694.38
1609.2 94776.15
1610.4 94857.92
1611.6 94939.69
1612.8 95021.46
1614.0 95103.24
1615.2 95185.01
1616.4 95266.78
1617.6 95348.56
1618.8 95430.33
1620.0 95512.11
1621.2 95593.88
1622.4 95675.66
1623.6 95757.44
1624.8 95839.21
1626.0 95920.99
1627.2 96002.77
1628.4 96084.55
1629.6 96166.33
1630.8 96248.11
1632.0 96329.88
1633.2 96411.66
1634.4 96493.44
1635.6 96575.23
1636.8 96657.01
1638.0 96738.79
1639.2 96820.57
1640.4 96902.35
1641.6 96984.13
1642.8 97065.92
1644.0 97147.7
1645.2 97229.48
1646.4 97311.27
1647.6 97393.05
1648.8 97474.83
1650.0 97556.62
1651.2 97638.4
1652.4 97720.19
1653.6 97801.98
1654.8 97883.76
1656.0 97965.55
1657.2 98047.33
1658.4 98129.12
1659.6 98210.91
1660.8 98292.69
1662.0 98374.48
1663.2 98456.27
1664.4 98538.06
1665.6 98619.85
1666.8 98701.64
1668.0 98783.42
1669.2 98865.21
1670.4 98947.0
1671.6 99028.79
1672.8 99110.58
1674.0 99192.37
1675.2 99274.16
1676.4 99355.95
1677.6 99437.75
1678.8 99519.54
1680.0 99601.33
1681.2 99683.12
1682.4 99764.91
1683.6 99846.7
1684.8 99928.5
1686.0 100010.29
1687.2 100092.08
1688.4 100173.87
1689.6 100255.67
1690.8 100337.46
1692.0 100419.26
1693.2 100501.05
1694.4 100582.84
1695.6 100664.64
1696.8 100746.43
1698.0 100828.23
1699.2 100910.02
1700.4 100991.82
1701.6 101073.61
1702.8 101155.41
1704.0 101237.2
1705.2 101319.0
1706.4 101400.8
1707.6 101482.59
1708.8 101564.39
1710.0 101646.18
1711.2 101727.98
1712.4 101809.78
1713.6 101891.57
1714.8 101973.37
1716.0 102055.17
1717.2 102136.97
1718.4 102218.76
1719.6 102300.56
1720.8 102382.36
1722.0 102464.16
1723.2 102545.96
1724.4 102627.75
1725.6 102709.55
1726.8 102791.35
1728.0 102873.15
1729.2 102954.95
1730.4 103036.75
1731.6 103118.55
1732.8 103200.35
1734.0 103282.15
1735.2 103363.95
1736.4 103445.75
1737.6 103527.55
1738.8 103609.35
1740.0 103691.15
1741.2 103772.95
1742.4 103854.75
1743.6 103936.55
1744.8 104018.35
1746.0 104100.15
1747.2 104181.95
1748.4 104263.75
1749.6 104345.55
1750.8 104427.36
1752.0 104509.16
1753.2 104590.96
1754.4 104672.76
1755.6 104754.56
1756.8 104836.36
1758.0 104918.17
1759.2 104999.97
1760.4 105081.77
1761.6 105163.57
1762.8 105245.37
1764.0 105327.18
1765.2 105408.98
1766.4 105490.78
1767.6 105572.58
1768.8 105654.39
1770.0 105736.19
1771.2 105817.99
1772.4 105899.8
1773.6 105981.6
1774.8 106063.4
1776.0 106145.21
1777.2 106227.01
1778.4 106308.81
1779.6 106390.62
1780.8 106472.42
1782.0 106554.22
1783.2 106636.03
1784.4 106717.83
1785.6 106799.63
1786.8 106881.44
1788.0 106963.24
1789.2 107045.05
1790.4 107126.85
1791.6 107208.66
1792.8 107290.46
1794.0 107372.26
1795.2 107454.07
1796.4 107535.87
1797.6 107617.68
1798.8 107699.48
1800.0 107781.29
1801.2 107863.09
1802.4 107944.9
1803.6 108026.7
1804.8 108108.51
1806.0 108190.31
1807.2 108272.12
1808.4 108353.92
1809.6 108435.73
1810.8 108517.53
1812.0 108599.34
1813.2 108681.14
1814.4 108762.95
1815.6 108844.76
1816.8 108926.56
1818.0 109008.37
1819.2 109090.17
1820.4 109171.98
1821.6 109253.78
1822.8 109335.59
1824.0 109417.4
1825.2 109499.2
1826.4 109581.01
1827.6 109662.81
1828.8 109744.62
1830.0 109826.43
1831.2 109908.23
1832.4 109990.04
1833.6 110071.85
1834.8 110153.65
1836.0 110235.46
1837.2 110317.27
1838.4 110399.07
1839.6 110480.88
1840.8 110562.69
1842.0 110644.49
1843.2 110726.3
1844.4 110808.11
1845.6 110889.91
1846.8 110971.72
1848.0 111053.53
1849.2 111135.33
1850.4 111217.14
1851.6 111298.95
1852.8 111380.75
1854.0 111462.56
1855.2 111544.37
1856.4 111626.18
1857.6 111707.98
1858.8 111789.79
1860.0 111871.6
1861.2 111953.41
1862.4 112035.21
1863.6 112117.02
1864.8 112198.83
1866.0 112280.64
1867.2 112362.44
1868.4 112444.25
1869.6 112526.06
1870.8 112607.87
1872.0 112689.67
1873.2 112771.48
1874.4 112853.29
1875.6 112935.1
1876.8 113016.91
1878.0 113098.71
1879.2 113180.52
1880.4 113262.33
1881.6 113344.14
1882.8 113425.95
1884.0 113507.75
1885.2 113589.56
1886.4 113671.37
1887.6 113753.18
1888.8 113834.99
1890.0 113916.79
1891.2 113998.6
1892.4 114080.41
1893.6 114162.22
1894.8 114244.03
1896.0 114325.84
1897.2 114407.64
1898.4 114489.45
1899.6 114571.26
1900.8 114653.07
1902.0 114734.88
1903.2 114816.69
1904.4 114898.49
1905.6 114980.3
1906.8 115062.11
1908.0 115143.92
1909.2 115225.73
1910.4 115307.54
1911.6 115389.35
1912.8 115471.16
1914.0 115552.96
1915.2 115634.77
1916.4 115716.58
1917.6 115798.39
1918.8 115880.2
1920.0 115962.01
1921.2 116043.82
1922.4 116125.63
1923.6 116207.43
1924.8 116289.24
1926.0 116371.05
1927.2 116452.86
1928.4 116534.67
1929.6 116616.48
1930.8 116698.29
1932.0 116780.1
1933.2 116861.91
1934.4 116943.72
1935.6 117025.52
1936.8 117107.33
1938.0 117189.14
1939.2 117270.95
1940.4 117352.76
1941.6 117434.57
1942.8 117516.38
1944.0 117598.19
1945.2 117680.0
1946.4 117761.81
1947.6 117843.62
1948.8 117925.43
1950.0 118007.23
1951.2 118089.04
1952.4 118170.85
1953.6 118252.66
1954.8 118334.47
1956.0 118416.28
1957.2 118498.09
1958.4 118579.9
1959.6 118661.71
1960.8 118743.52
1962.0 118825.33
1963.2 118907.14
1964.4 118988.95
1965.6 119070.76
1966.8 119152.57
1968.0 119234.38
1969.2 119316.18
1970.4 119397.99
1971.6 119479.8
1972.8 119561.61
1974.0 119643.42
1975.2 119725.23
1976.4 119807.04
1977.6 119888.85
1978.8 119970.66
1980.0 120052.47
1981.2 120134.28
1982.4 120216.09
1983.6 120297.9
1984.8 120379.71
1986.0 120461.52
1987.2 120543.33
1988.4 120625.14
1989.6 120706.95
1990.8 120788.76
1992.0 120870.57
1993.2 120952.38
1994.4 121034.18
1995.6 121115.99
1996.8 121197.8
1998.0 121279.61
1999.2 121361.42
2000.4 121443.23
2001.6 121525.01
2002.8 121606.69
2004.0 121688.23
2005.2 121769.59
2006.4 121850.75
2007.6 121931.69
2008.8 122012.4
2010.0 122092.87
2011.2 122173.09
2012.4 122253.07
2013.6 122332.79
2014.8 122412.27
2016.0 122491.49
2017.2 122570.46
2018.4 122649.18
2019.6 122727.66
2020.8 122805.9
2022.0 122883.89
2023.2 122961.65
2024.4 123039.17
2025.6 123116.46
2026.8 123193.51
2028.0 123270.34
2029.2 123346.95
2030.4 123423.33
2031.6 123499.49
2032.8 123575.44
2034.0 123651.17
2035.2 123726.69
2036.4 123802.0
2037.6 123877.11
2038.8 123952.01
2040.0 124026.71
2041.2 124101.21
2042.4 124175.52
2043.6 124249.63
2044.8 124323.56
2046.0 124397.29
2047.2 124470.84
2048.4 124544.2
2049.6 124617.38
2050.8 124690.38
2052.0 124763.21
2053.2 124835.86
2054.4 124908.34
2055.6 124980.65
2056.8 125052.78
2058.0 125124.76
2059.2 125196.57
2060.4 125268.21
2061.6 125339.7
2062.8 125411.03
2064.0 125482.2
2065.2 125553.22
2066.4 125624.08
2067.6 125694.8
2068.8 125765.36
2070.0 125835.78
2071.2 125906.06
2072.4 125976.19
2073.6 126046.18
2074.8 126116.04
2076.0 126185.75
2077.2 126255.33
2078.4 126324.77
2079.6 126394.09
2080.8 126463.27
2082.0 126532.32
2083.2 126601.24
2084.4 126670.04
2085.6 126738.71
2086.8 126807.27
2088.0 126875.7
2089.2 126944.01
2090.4 127012.2
2091.6 127080.27
2092.8 127148.23
2094.0 127216.08
2095.2 127283.81
2096.4 127351.43
2097.6 127418.94
2098.8 127486.35
2100.0 127553.65
2101.2 127620.84
2102.4 127687.92
2103.6 127754.91
2104.8 127821.79
2106.0 127888.57
2107.2 127955.26
2108.4 128021.84
2109.6 128088.33
2110.8 128154.72
2112.0 128221.02
2113.2 128287.22
2114.4 128353.34
2115.6 128419.36
2116.8 128485.29
2118.0 128551.14
2119.2 128616.89
2120.4 128682.56
2121.6 128748.15
2122.8 128813.65
2124.0 128879.07
2125.2 128944.4
2126.4 129009.66
2127.6 129074.83
2128.8 129139.93
2130.0 129204.95
2131.2 129269.89
2132.4 129334.75
2133.6 129399.54
2134.8 129464.25
2136.0 129528.89
2137.2 129593.46
2138.4 129657.96
2139.6 129722.39
2140.8 129786.74
2142.0 129851.03
2143.2 129915.25
2144.4 129979.41
2145.6 130043.49
2146.8 130107.51
2148.0 130171.47
2149.2 130235.36
2150.4 130299.19
2151.6 130362.96
2152.8 130426.67
2154.0 130490.31
2155.2 130553.9
2156.4 130617.42
2157.6 130680.89
2158.8 130744.3
2160.0 130807.65
2161.2 130870.95
2162.4 130934.19
2163.6 130997.37
2164.8 131060.51
2166.0 131123.58
2167.2 131186.61
2168.4 131249.58
2169.6 131312.5
2170.8 131375.38
2172.0 131438.2
2173.2 131500.97
2174.4 131563.69
2175.6 131626.36
2176.8 131688.99
2178.0 131751.56
2179.2 131814.1
2180.4 131876.58
2181.6 131939.02
2182.8 132001.42
2184.0 132063.77
2185.2 132126.07
2186.4 132188.34
2187.6 132250.56
2188.8 132312.74
2190.0 132374.87
2191.2 132436.97
2192.4 132499.02
2193.6 132561.04
2194.8 132623.01
2196.0 132684.95
2197.2 132746.85
2198.4 132808.71
2199.6 132870.53
2200.8 132932.31
2202.0 132994.06
2203.2 133055.77
2204.4 133117.45
2205.6 133179.09
2206.8 133240.69
2208.0 133302.27
2209.2 133363.8
2210.4 133425.31
2211.6 133486.78
2212.8 133548.21
2214.0 133609.62
2215.2 133670.99
2216.4 133732.33
2217.6 133793.64
2218.8 133854.92
2220.0 133916.17
2221.2 133977.39
2222.4 134038.58
2223.6 134099.74
2224.8 134160.87
2226.0 134221.97
2227.2 134283.04
2228.4 134344.09
2229.6 134405.11
2230.8 134466.1
2232.0 134527.07
2233.2 134588.0
2234.4 134648.92
2235.6 134709.8
2236.8 134770.66
2238.0 134831.5
2239.2 134892.31
2240.4 134953.09
2241.6 135013.85
2242.8 135074.59
2244.0 135135.31
2245.2 135196.0
2246.4 135256.66
2247.6 135317.31
2248.8 135377.93
2250.0 135438.53
2251.2 135499.11
2252.4 135559.66
2253.6 135620.2
2254.8 135680.71
2256.0 135741.21
2257.2 135801.68
2258.4 135862.13
2259.6 135922.56
2260.8 135982.97
2262.0 136043.37
2263.2 136103.74
2264.4 136164.09
2265.6 136224.43
2266.8 136284.74
2268.0 136345.04
2269.2 136405.32
2270.4 136465.58
2271.6 136525.83
2272.8 136586.05
2274.0 136646.26
2275.2 136706.45
2276.4 136766.63
2277.6 136826.79
2278.8 136886.93
2280.0 136947.05
2281.2 137007.16
2282.4 137067.26
2283.6 137127.34
2284.8 137187.4
2286.0 137247.45
2287.2 137307.48
2288.4 137367.5
2289.6 137427.5
2290.8 137487.49
2292.0 137547.46
2293.2 137607.42
2294.4 137667.37
2295.6 137727.3
2296.8 137787.22
2298.0 137847.12
2299.2 137907.01
2300.4 137966.89
2301.6 138026.76
2302.8 138086.61
2304.0 138146.45
2305.2 138206.28
2306.4 138266.09
2307.6 138325.9
2308.8 138385.69
2310.0 138445.47
2311.2 138505.23
2312.4 138564.99
2313.6 138624.73
2314.8 138684.47
2316.0 138744.19
2317.2 138803.9
2318.4 138863.6
2319.6 138923.29
2320.8 138982.97
2322.0 139042.63
2323.2 139102.29
2324.4 139161.94
2325.6 139221.58
2326.8 139281.2
2328.0 139340.82
2329.2 139400.43
2330.4 139460.03
2331.6 139519.62
2332.8 139579.2
2334.0 139638.77
2335.2 139698.33
2336.4 139757.88
2337.6 139817.42
2338.8 139876.96
2340.0 139936.48
2341.2 139996.0
2342.4 140055.51
2343.6 140115.01
2344.8 140174.5
2346.0 140233.99
2347.2 140293.46
2348.4 140352.93
2349.6 140412.39
2350.8 140471.84
2352.0 140531.29
2353.2 140590.72
2354.4 140650.15
2355.6 140709.58
2356.8 140768.99
2358.0 140828.4
2359.2 140887.8
2360.4 140947.19
2361.6 141006.58
2362.8 141065.96
2364.0 141125.33
2365.2 141184.7
2366.4 141244.06
2367.6 141303.41
2368.8 141362.76
2370.0 141422.1
2371.2 141481.43
2372.4 141540.76
2373.6 141600.09
2374.8 141659.4
2376.0 141718.71
2377.2 141778.02
2378.4 141837.31
2379.6 141896.61
2380.8 141955.89
2382.0 142015.18
2383.2 142074.45
2384.4 142133.72
2385.6 142192.99
2386.8 142252.25
2388.0 142311.5
2389.2 142370.75
2390.4 142429.99
2391.6 142489.23
2392.8 142548.47
2394.0 142607.7
2395.2 142666.92
2396.4 142726.14
2397.6 142785.35
2398.8 142844.56
2400.0 142903.77
2401.2 142962.97
2402.4 143022.17
2403.6 143081.36
2404.8 143140.55
2406.0 143199.73
2407.2 143258.91
2408.4 143318.08
2409.6 143377.25
2410.8 143436.42
2412.0 143495.58
2413.2 143554.74
2414.4 143613.89
2415.6 143673.04
2416.8 143732.19
2418.0 143791.33
2419.2 143850.47
2420.4 143909.61
2421.6 143968.74
2422.8 144027.86
2424.0 144086.99
2425.2 144146.11
2426.4 144205.23
2427.6 144264.34
2428.8 144323.45
2430.0 144382.56
2431.2 144441.66
2432.4 144500.76
2433.6 144559.86
2434.8 144618.95
2436.0 144678.04
2437.2 144737.13
2438.4 144796.21
2439.6 144855.29
2440.8 144914.37
2442.0 144973.44
2443.2 145032.52
2444.4 145091.58
2445.6 145150.65
2446.8 145209.71
2448.0 145268.77
2449.2 145327.83
2450.4 145386.89
2451.6 145445.94
2452.8 145504.99
2454.0 145564.04
2455.2 145623.08
2456.4 145682.12
2457.6 145741.16
2458.8 145800.2
2460.0 145859.23
2461.2 145918.26
2462.4 145977.29
2463.6 146036.32
2464.8 146095.35
2466.0 146154.37
2467.2 146213.39
2468.4 146272.41
2469.6 146331.42
2470.8 146390.43
2472.0 146449.45
2473.2 146508.45
2474.4 146567.46
2475.6 146626.47
2476.8 146685.47
2478.0 146744.47
2479.2 146803.47
2480.4 146862.46
2481.6 146921.46
2482.8 146980.45
2484.0 147039.44
2485.2 147098.43
2486.4 147157.42
2487.6 147216.4
2488.8 147275.39
2490.0 147334.37
2491.2 147393.35
2492.4 147452.33
2493.6 147511.3
2494.8 147570.28
2496.0 147629.25
2497.2 147688.22
2498.4 147747.19
2499.6 147806.16
2500.8 147865.12
2502.0 147924.03
2503.2 147982.82
2504.4 148041.47
2505.6 148099.92
2506.8 148158.16
2508.0 148216.18
2509.2 148273.97
2510.4 148331.5
2511.6 148388.79
2512.8 148445.83
2514.0 148502.62
2515.2 148559.15
2516.4 148615.43
2517.6 148671.46
2518.8 148727.24
2520.0 148782.77
2521.2 148838.06
2522.4 148893.1
2523.6 148947.91
2524.8 149002.48
2526.0 149056.81
2527.2 149110.92
2528.4 149164.79
2529.6 149218.44
2530.8 149271.86
2532.0 149325.07
2533.2 149378.05
2534.4 149430.82
2535.6 149483.38
2536.8 149535.73
2538.0 149587.87
2539.2 149639.81
2540.4 149691.54
2541.6 149743.07
2542.8 149794.41
2544.0 149845.55
2545.2 149896.5
2546.4 149947.26
2547.6 149997.83
2548.8 150048.21
2550.0 150098.41
2551.2 150148.44
2552.4 150198.28
2553.6 150247.94
2554.8 150297.44
2556.0 150346.76
2557.2 150395.91
2558.4 150444.89
2559.6 150493.7
2560.8 150542.36
2562.0 150590.85
2563.2 150639.18
2564.4 150687.35
2565.6 150735.37
2566.8 150783.23
2568.0 150830.94
2569.2 150878.51
2570.4 150925.92
2571.6 150973.19
2572.8 151020.31
2574.0 151067.29
2575.2 151114.13
2576.4 151160.83
2577.6 151207.39
2578.8 151253.82
2580.0 151300.11
2581.2 151346.27
2582.4 151392.3
2583.6 151438.2
2584.8 151483.97
2586.0 151529.62
2587.2 151575.14
2588.4 151620.54
2589.6 151665.81
2590.8 151710.97
2592.0 151756.01
2593.2 151800.93
2594.4 151845.74
2595.6 151890.43
2596.8 151935.01
2598.0 151979.48
2599.2 152023.83
2600.4 152068.08
2601.6 152112.23
2602.8 152156.26
2604.0 152200.19
2605.2 152244.02
2606.4 152287.75
2607.6 152331.37
2608.8 152374.9
2610.0 152418.33
2611.2 152461.66
2612.4 152504.89
2613.6 152548.03
2614.8 152591.08
2616.0 152634.04
2617.2 152676.9
2618.4 152719.67
2619.6 152762.36
2620.8 152804.95
2622.0 152847.46
2623.2 152889.88
2624.4 152932.22
2625.6 152974.48
2626.8 153016.65
2628.0 153058.74
2629.2 153100.75
2630.4 153142.68
2631.6 153184.53
2632.8 153226.31
2634.0 153268.01
2635.2 153309.63
2636.4 153351.18
2637.6 153392.65
2638.8 153434.05
2640.0 153475.38
2641.2 153516.63
2642.4 153557.82
2643.6 153598.94
2644.8 153639.99
2646.0 153680.97
2647.2 153721.88
2648.4 153762.73
2649.6 153803.51
2650.8 153844.23
2652.0 153884.89
2653.2 153925.48
2654.4 153966.01
2655.6 154006.48
2656.8 154046.88
2658.0 154087.23
2659.2 154127.52
2660.4 154167.75
2661.6 154207.92
2662.8 154248.04
2664.0 154288.1
2665.2 154328.1
2666.4 154368.05
2667.6 154407.95
2668.8 154447.79
2670.0 154487.58
2671.2 154527.32
2672.4 154567.0
2673.6 154606.63
2674.8 154646.22
2676.0 154685.75
2677.2 154725.24
2678.4 154764.67
2679.6 154804.06
2680.8 154843.4
2682.0 154882.7
2683.2 154921.95
2684.4 154961.15
2685.6 155000.31
2686.8 155039.42
2688.0 155078.49
2689.2 155117.52
2690.4 155156.5
2691.6 155195.45
2692.8 155234.35
2694.0 155273.2
2695.2 155312.02
2696.4 155350.8
2697.6 155389.54
2698.8 155428.24
2700.0 155466.89
2701.2 155505.52
2702.4 155544.1
2703.6 155582.65
2704.8 155621.16
2706.0 155659.63
2707.2 155698.07
2708.4 155736.47
2709.6 155774.83
2710.8 155813.17
2712.0 155851.46
2713.2 155889.73
2714.4 155927.96
2715.6 155966.15
2716.8 156004.32
2718.0 156042.45
2719.2 156080.55
2720.4 156118.62
2721.6 156156.66
2722.8 156194.67
2724.0 156232.64
2725.2 156270.59
2726.4 156308.51
2727.6 156346.4
2728.8 156384.26
2730.0 156422.09
2731.2 156459.89
2732.4 156497.67
2733.6 156535.42
2734.8 156573.14
2736.0 156610.83
2737.2 156648.5
2738.4 156686.14
2739.6 156723.76
2740.8 156761.35
2742.0 156798.91
2743.2 156836.46
2744.4 156873.97
2745.6 156911.46
2746.8 156948.93
2748.0 156986.38
2749.2 157023.8
2750.4 157061.2
2751.6 157098.57
2752.8 157135.92
2754.0 157173.26
2755.2 157210.56
2756.4 157247.85
2757.6 157285.12
2758.8 157322.36
2760.0 157359.59
2761.2 157396.79
2762.4 157433.97
2763.6 157471.14
2764.8 157508.28
2766.0 157545.4
2767.2 157582.51
2768.4 157619.59
2769.6 157656.66
2770.8 157693.7
2772.0 157730.73
2773.2 157767.74
2774.4 157804.74
2775.6 157841.71
2776.8 157878.67
2778.0 157915.61
2779.2 157952.53
2780.4 157989.44
2781.6 158026.33
2782.8 158063.2
2784.0 158100.06
2785.2 158136.9
2786.4 158173.72
2787.6 158210.53
2788.8 158247.32
2790.0 158284.1
2791.2 158320.87
2792.4 158357.61
2793.6 158394.35
2794.8 158431.07
2796.0 158467.77
2797.2 158504.46
2798.4 158541.14
2799.6 158577.8
2800.8 158614.45
2802.0 158651.08
2803.2 158687.7
2804.4 158724.31
2805.6 158760.91
2806.8 158797.49
2808.0 158834.06
2809.2 158870.62
2810.4 158907.16
2811.6 158943.7
2812.8 158980.22
2814.0 159016.72
2815.2 159053.22
2816.4 159089.71
2817.6 159126.18
2818.8 159162.64
2820.0 159199.09
2821.2 159235.53
2822.4 159271.96
2823.6 159308.38
2824.8 159344.79
2826.0 159381.18
2827.2 159417.57
2828.4 159453.95
2829.6 159490.31
2830.8 159526.67
2832.0 159563.01
2833.2 159599.35
2834.4 159635.68
2835.6 159671.99
2836.8 159708.3
2838.0 159744.6
2839.2 159780.89
2840.4 159817.17
2841.6 159853.44
2842.8 159889.7
2844.0 159925.95
2845.2 159962.2
2846.4 159998.43
2847.6 160034.66
2848.8 160070.88
2850.0 160107.09
2851.2 160143.29
2852.4 160179.49
2853.6 160215.68
2854.8 160251.86
2856.0 160288.03
2857.2 160324.19
2858.4 160360.35
2859.6 160396.49
2860.8 160432.64
2862.0 160468.77
2863.2 160504.9
2864.4 160541.02
2865.6 160577.13
2866.8 160613.23
2868.0 160649.33
2869.2 160685.42
2870.4 160721.51
2871.6 160757.59
2872.8 160793.66
2874.0 160829.73
2875.2 160865.79
2876.4 160901.84
2877.6 160937.89
2878.8 160973.93
2880.0 161009.96
2881.2 161045.99
2882.4 161082.01
2883.6 161118.03
2884.8 161154.04
2886.0 161190.05
2887.2 161226.05
2888.4 161262.04
2889.6 161298.03
2890.8 161334.02
2892.0 161369.99
2893.2 161405.97
2894.4 161441.93
2895.6 161477.9
2896.8 161513.85
2898.0 161549.81
2899.2 161585.75
2900.4 161621.7
2901.6 161657.63
2902.8 161693.57
2904.0 161729.5
2905.2 161765.42
2906.4 161801.34
2907.6 161837.25
2908.8 161873.16
2910.0 161909.07
2911.2 161944.97
2912.4 161980.87
2913.6 162016.76
2914.8 162052.65
2916.0 162088.53
2917.2 162124.41
2918.4 162160.29
2919.6 162196.16
2920.8 162232.03
2922.0 162267.89
2923.2 162303.75
2924.4 162339.61
2925.6 162375.46
2926.8 162411.31
2928.0 162447.15
2929.2 162482.99
2930.4 162518.83
2931.6 162554.67
2932.8 162590.5
2934.0 162626.32
2935.2 162662.15
2936.4 162697.97
2937.6 162733.78
2938.8 162769.6
2940.0 162805.41
2941.2 162841.22
2942.4 162877.02
2943.6 162912.82
2944.8 162948.62
2946.0 162984.41
2947.2 163020.21
2948.4 163055.99
2949.6 163091.78
2950.8 163127.56
2952.0 163163.34
2953.2 163199.12
2954.4 163234.89
2955.6 163270.67
2956.8 163306.44
2958.0 163342.2
2959.2 163377.96
2960.4 163413.73
2961.6 163449.48
2962.8 163485.24
2964.0 163520.99
2965.2 163556.74
2966.4 163592.49
2967.6 163628.24
2968.8 163663.98
2970.0 163699.72
2971.2 163735.46
2972.4 163771.2
2973.6 163806.93
2974.8 163842.66
2976.0 163878.39
2977.2 163914.12
2978.4 163949.84
2979.6 163985.57
2980.8 164021.29
2982.0 164057.0
2983.2 164092.72
2984.4 164128.44
2985.6 164164.15
2986.8 164199.86
2988.0 164235.57
2989.2 164271.27
2990.4 164306.98
2991.6 164342.68
2992.8 164378.38
2994.0 164414.08
2995.2 164449.78
2996.4 164485.47
2997.6 164521.17
2998.8 164556.86
3000.0 164592.55
3001.2 164628.22
3002.4 164663.78
3003.6 164699.15
3004.8 164734.27
3006.0 164769.1
3007.2 164803.61
3008.4 164837.78
3009.6 164871.58
3010.8 164905.02
3012.0 164938.08
3013.2 164970.77
3014.4 165003.07
3015.6 165035.0
3016.8 165066.55
3018.0 165097.72
3019.2 165128.52
3020.4 165158.94
3021.6 165189.0
3022.8 165218.7
3024.0 165248.04
3025.2 165277.03
3026.4 165305.66
3027.6 165333.94
3028.8 165361.89
3030.0 165389.49
3031.2 165416.76
3032.4 165443.7
3033.6 165470.31
3034.8 165496.6
3036.0 165522.57
3037.2 165548.22
3038.4 165573.56
3039.6 165598.6
3040.8 165623.33
3042.0 165647.76
3043.2 165671.9
3044.4 165695.74
3045.6 165719.29
3046.8 165742.56
3048.0 165765.54
3049.2 165788.25
3050.4 165810.68
3051.6 165832.84
3052.8 165854.73
3054.0 165876.35
3055.2 165897.72
3056.4 165918.82
3057.6 165939.67
3058.8 165960.26
3060.0 165980.61
3061.2 166000.71
3062.4 166020.56
3063.6 166040.18
3064.8 166059.55
3066.0 166078.7
3067.2 166097.61
3068.4 166116.29
3069.6 166134.74
3070.8 166152.97
3072.0 166170.98
3073.2 166188.77
3074.4 166206.35
3075.6 166223.71
3076.8 166240.87
3078.0 166257.81
3079.2 166274.55
3080.4 166291.09
3081.6 166307.43
3082.8 166323.57
3084.0 166339.51
3085.2 166355.26
3086.4 166370.82
3087.6 166386.2
3088.8 166401.38
3090.0 166416.38
3091.2 166431.2
3092.4 166445.84
3093.6 166460.31
3094.8 166474.6
3096.0 166488.71
3097.2 166502.66
3098.4 166516.44
3099.6 166530.04
3100.8 166543.49
3102.0 166556.77
3103.2 166569.89
3104.4 166582.86
3105.6 166595.66
3106.8 166608.31
3108.0 166620.81
3109.2 166633.16
3110.4 166645.36
3111.6 166657.41
3112.8 166669.31
3114.0 166681.07
3115.2 166692.69
3116.4 166704.16
3117.6 166715.5
3118.8 166726.7
3120.0 166737.77
3121.2 166748.7
3122.4 166759.5
3123.6 166770.17
3124.8 166780.71
3126.0 166791.12
3127.2 166801.41
3128.4 166811.57
3129.6 166821.61
3130.8 166831.53
3132.0 166841.33
3133.2 166851.01
3134.4 166860.57
3135.6 166870.02
3136.8 166879.35
3138.0 166888.57
3139.2 166897.68
3140.4 166906.68
3141.6 166915.57
3142.8 166924.35
3144.0 166933.03
3145.2 166941.6
3146.4 166950.07
3147.6 166958.43
3148.8 166966.69
3150.0 166974.86
3151.2 166982.92
3152.4 166990.89
3153.6 166998.76
3154.8 167006.54
3156.0 167014.22
3157.2 167021.81
3158.4 167029.31
3159.6 167036.72
3160.8 167044.04
3162.0 167051.27
3163.2 167058.41
3164.4 167065.46
3165.6 167072.43
3166.8 167079.32
3168.0 167086.12
3169.2 167092.84
3170.4 167099.48
3171.6 167106.04
3172.8 167112.52
3174.0 167118.92
3175.2 167125.25
3176.4 167131.5
3177.6 167137.67
3178.8 167143.77
3180.0 167149.79
3181.2 167155.74
3182.4 167161.62
3183.6 167167.43
3184.8 167173.17
3186.0 167178.84
3187.2 167184.44
3188.4 167189.97
3189.6 167195.44
3190.8 167200.84
3192.0 167206.17
3193.2 167211.44
3194.4 167216.65
3195.6 167221.79
3196.8 167226.87
3198.0 167231.89
3199.2 167236.85
3200.4 167241.75
3201.6 167246.59
3202.8 167251.37
3204.0 167256.1
3205.2 167260.76
3206.4 167265.37
3207.6 167269.93
3208.8 167274.43
3210.0 167278.87
3211.2 167283.26
3212.4 167287.6
3213.6 167291.89
3214.8 167296.12
3216.0 167300.3
3217.2 167304.44
3218.4 167308.52
3219.6 167312.55
3220.8 167316.54
3222.0 167320.47
3223.2 167324.36
3224.4 167328.2
3225.6 167332.0
3226.8 167335.75
3228.0 167339.45
3229.2 167343.11
3230.4 167346.72
3231.6 167350.3
3232.8 167353.82
3234.0 167357.31
3235.2 167360.75
3236.4 167364.15
3237.6 167367.51
3238.8 167370.83
3240.0 167374.11
3241.2 167377.35
3242.4 167380.56
3243.6 167383.72
3244.8 167386.84
3246.0 167389.93
3247.2 167392.98
3248.4 167395.99
3249.6 167398.97
3250.8 167401.91
3252.0 167404.81
3253.2 167407.68
3254.4 167410.51
3255.6 167413.31
3256.8 167416.08
3258.0 167418.81
3259.2 167421.51
3260.4 167424.18
3261.6 167426.81
3262.8 167429.42
3264.0 167431.99
3265.2 167434.53
3266.4 167437.04
3267.6 167439.52
3268.8 167441.97
3270.0 167444.39
3271.2 167446.78
3272.4 167449.14
3273.6 167451.47
3274.8 167453.78
3276.0 167456.05
3277.2 167458.3
3278.4 167460.52
3279.6 167462.72
3280.8 167464.89
3282.0 167467.03
3283.2 167469.15
3284.4 167471.24
3285.6 167473.3
3286.8 167475.34
3288.0 167477.36
3289.2 167479.35
3290.4 167481.32
3291.6 167483.26
3292.8 167485.18
3294.0 167487.08
3295.2 167488.95
3296.4 167490.8
3297.6 167492.63
3298.8 167494.44
3300.0 167496.22
3301.2 167497.99
3302.4 167499.73
3303.6 167501.45
3304.8 167503.15
3306.0 167504.83
3307.2 167506.49
3308.4 167508.13
3309.6 167509.75
3310.8 167511.35
3312.0 167512.93
3313.2 167514.49
3314.4 167516.03
3315.6 167517.55
3316.8 167519.06
3318.0 167520.54
3319.2 167522.01
3320.4 167523.46
3321.6 167524.9
3322.8 167526.31
3324.0 167527.71
3325.2 167529.09
3326.4 167530.46
3327.6 167531.8
3328.8 167533.14
3330.0 167534.45
3331.2 167535.75
3332.4 167537.04
3333.6 167538.31
3334.8 167539.56
3336.0 167540.8
3337.2 167542.02
3338.4 167543.23
3339.6 167544.42
3340.8 167545.6
3342.0 167546.77
3343.2 167547.92
3344.4 167549.05
3345.6 167550.18
3346.8 167551.29
3348.0 167552.38
3349.2 167553.46
3350.4 167554.53
3351.6 167555.59
3352.8 167556.63
3354.0 167557.66
3355.2 167558.68
3356.4 167559.69
3357.6 167560.68
3358.8 167561.66
3360.0 167562.63
3361.2 167563.59
3362.4 167564.54
3363.6 167565.47
3364.8 167566.4
3366.0 167567.31
3367.2 167568.21
3368.4 167569.1
3369.6 167569.98
3370.8 167570.85
3372.0 167571.71
3373.2 167572.55
3374.4 167573.39
3375.6 167574.22
3376.8 167575.04
3378.0 167575.84
3379.2 167576.64
3380.4 167577.43
3381.6 167578.21
3382.8 167578.98
3384.0 167579.74
3385.2 167580.49
3386.4 167581.23
3387.6 167581.96
3388.8 167582.68
3390.0 167583.4
3391.2 167584.1
3392.4 167584.8
3393.6 167585.49
3394.8 167586.17
3396.0 167586.84
3397.2 167587.5
3398.4 167588.16
3399.6 167588.81
3400.8 167589.44
3402.0 167590.08
3403.2 167590.7
3404.4 167591.32
3405.6 167591.93
3406.8 167592.53
3408.0 167593.12
3409.2 167593.71
3410.4 167594.29
3411.6 167594.86
3412.8 167595.43
3414.0 167595.99
3415.2 167596.54
3416.4 167597.08
3417.6 167597.62
3418.8 167598.15
3420.0 167598.68
3421.2 167599.2
3422.4 167599.71
3423.6 167600.22
3424.8 167600.72
3426.0 167601.21
3427.2 167601.7
3428.4 167602.18
3429.6 167602.66
3430.8 167603.13
3432.0 167603.6
3433.2 167604.05
3434.4 167604.51
3435.6 167604.96
3436.8 167605.4
3438.0 167605.84
3439.2 167606.27
3440.4 167606.69
3441.6 167607.11
3442.8 167607.53
3444.0 167607.94
3445.2 167608.35
3446.4 167608.75
3447.6 167609.14
3448.8 167609.53
3450.0 167609.92
3451.2 167610.3
3452.4 167610.68
3453.6 167611.05
3454.8 167611.42
3456.0 167611.78
3457.2 167612.14
3458.4 167612.5
3459.6 167612.85
3460.8 167613.19
3462.0 167613.53
3463.2 167613.87
3464.4 167614.2
3465.6 167614.53
3466.8 167614.86
3468.0 167615.18
3469.2 167615.49
3470.4 167615.81
3471.6 167616.12
3472.8 167616.42
3474.0 167616.72
3475.2 167617.02
3476.4 167617.31
3477.6 167617.6
3478.8 167617.89
3480.0 167618.17
3481.2 167618.45
3482.4 167618.73
3483.6 167619.0
3484.8 167619.27
3486.0 167619.54
3487.2 167619.8
3488.4 167620.06
3489.6 167620.32
3490.8 167620.57
3492.0 167620.82
3493.2 167621.07
3494.4 167621.31
3495.6 167621.55
3496.8 167621.79
3498.0 167622.02
3499.2 167622.26
3500.4 167622.49
3501.6 167622.71
3502.8 167622.93
3504.0 167623.16
3505.2 167623.37
3506.4 167623.59
3507.6 167623.8
3508.8 167624.01
3510.0 167624.22
3511.2 167624.42
3512.4 167624.62
3513.6 167624.82
3514.8 167625.02
3516.0 167625.22
3517.2 167625.41
3518.4 167625.6
3519.6 167625.79
3520.8 167625.97
3522.0 167626.15
3523.2 167626.33
3524.4 167626.51
3525.6 167626.69
3526.8 167626.86
3528.0 167627.03
3529.2 167627.2
3530.4 167627.37
3531.6 167627.54
3532.8 167627.7
3534.0 167627.86
3535.2 167628.02
3536.4 167628.17
3537.6 167628.33
3538.8 167628.48
3540.0 167628.63
3541.2 167628.78
3542.4 167628.93
3543.6 167629.08
3544.8 167629.22
3546.0 167629.36
3547.2 167629.5
3548.4 167629.64
3549.6 167629.77
3550.8 167629.91
3552.0 167630.04
3553.2 167630.17
3554.4 167630.3
3555.6 167630.43
3556.8 167630.56
3558.0 167630.68
3559.2 167630.8
3560.4 167630.93
3561.6 167631.05
3562.8 167631.16
3564.0 167631.28
3565.2 167631.4
3566.4 167631.51
3567.6 167631.62
3568.8 167631.73
3570.0 167631.84
3571.2 167631.95
3572.4 167632.06
3573.6 167632.16
3574.8 167632.27
3576.0 167632.37
3577.2 167632.47
3578.4 167632.57
3579.6 167632.67
3580.8 167632.77
3582.0 167632.86
3583.2 167632.96
3584.4 167633.05
3585.6 167633.14
3586.8 167633.24
3588.0 167633.33
3589.2 167633.41
3590.4 167633.5
3591.6 167633.59
3592.8 167633.67
3594.0 167633.76
3595.2 167633.84
3596.4 167633.92
3597.6 167634.0
3598.8 167634.08
3600.0 167634.16
3601.2 167634.24
3602.4 167634.32
3603.6 167634.39
3604.8 167634.47
3606.0 167634.54
3607.2 167634.61
3608.4 167634.69
3609.6 167634.76
3610.8 167634.83
3612.0 167634.9
3613.2 167634.96
3614.4 167635.03
3615.6 167635.1
3616.8 167635.16
3618.0 167635.23
3619.2 167635.29
3620.4 167635.35
3621.6 167635.42
3622.8 167635.48
3624.0 167635.54
3625.2 167635.6
3626.4 167635.65
3627.6 167635.71
3628.8 167635.77
3630.0 167635.83
3631.2 167635.88
3632.4 167635.94
3633.6 167635.99
3634.8 167636.04
3636.0 167636.1
3637.2 167636.15
3638.4 167636.2
3639.6 167636.25
3640.8 167636.3
3642.0 167636.35
3643.2 167636.4
3644.4 167636.44
3645.6 167636.49
3646.8 167636.54
3648.0 167636.58
3649.2 167636.63
3650.4 167636.67
3651.6 167636.71
3652.8 167636.76
3654.0 167636.8
3655.2 167636.84
3656.4 167636.88
3657.6 167636.92
3658.8 167636.96
3660.0 167637.0
3661.2 167637.04
3662.4 167637.08
3663.6 167637.12
3664.8 167637.16
3666.0 167637.19
3667.2 167637.23
3668.4 167637.26
3669.6 167637.3
3670.8 167637.33
3672.0 167637.37
3673.2 167637.4
3674.4 167637.43
3675.6 167637.47
3676.8 167637.5
3678.0 167637.53
3679.2 167637.56
3680.4 167637.59
3681.6 167637.62
3682.8 167637.65
3684.0 167637.68
3685.2 167637.71
3686.4 167637.74
3687.6 167637.77
3688.8 167637.79
3690.0 167637.82
3691.2 167637.85
3692.4 167637.87
3693.6 167637.9
3694.8 167637.93
3696.0 167637.95
3697.2 167637.98
3698.4 167638.0
3699.6 167638.02
3700.8 167638.05
3702.0 167638.07
3703.2 167638.09
3704.4 167638.12
3705.6 167638.14
3706.8 167638.16
3708.0 167638.18
3709.2 167638.2
3710.4 167638.22
3711.6 167638.24
3712.8 167638.26
3714.0 167638.28
3715.2 167638.3
3716.4 167638.32
3717.6 167638.34
3718.8 167638.36
3720.0 167638.38
3721.2 167638.39
3722.4 167638.41
3723.6 167638.43
3724.8 167638.44
3726.0 167638.46
3727.2 167638.48
3728.4 167638.49
3729.6 167638.51
3730.8 167638.52
3732.0 167638.54
3733.2 167638.55
3734.4 167638.57
3735.6 167638.58
3736.8 167638.6
3738.0 167638.61
3739.2 167638.62
3740.4 167638.64
3741.6 167638.65
3742.8 167638.66
3744.0 167638.67
3745.2 167638.69
3746.4 167638.7
3747.6 167638.71
3748.8 167638.72
3750.0 167638.73
3751.2 167638.74
3752.4 167638.75
3753.6 167638.76
3754.8 167638.78
3756.0 167638.79
3757.2 167638.8
3758.4 167638.8
3759.6 167638.81
3760.8 167638.82
3762.0 167638.83
3763.2 167638.84
3764.4 167638.85
3765.6 167638.86
3766.8 167638.87
3768.0 167638.87
3769.2 167638.88
3770.4 167638.89
3771.6 167638.9
3772.8 167638.9
3774.0 167638.91
3775.2 167638.92
3776.4 167638.92
3777.6 167638.93
3778.8 167638.94
3780.0 167638.94
3781.2 167638.95
3782.4 167638.96
3783.6 167638.96
3784.8 167638.97
3786.0 167638.97
3787.2 167638.98
3788.4 167638.98
3789.6 167638.99
3790.8 167638.99
3792.0 167639.0
3793.2 167639.0
3794.4 167639.0
3795.6 167639.01
3796.8 167639.01
3798.0 167639.02
3799.2 167639.02
3800.4 167639.02
3801.6 167639.03
3802.8 167639.03
3804.0 167639.03
3805.2 167639.04
3806.4 167639.04
3807.6 167639.04
3808.8 167639.04
3810.0 167639.05
3811.2 167639.05
3812.4 167639.05
3813.6 167639.05
3814.8 167639.06
3816.0 167639.06
3817.2 167639.06
3818.4 167639.06
3819.6 167639.06
3820.8 167639.06
3822.0 167639.07
3823.2 167639.07
3824.4 167639.07
3825.6 167639.07
3826.8 167639.07
3828.0 167639.07
3829.2 167639.07
3830.4 167639.07
3831.6 167639.07
3832.8 167639.07
3834.0 167639.07
3835.2 167639.07
3836.4 167639.07
3837.6 167639.07
3838.8 167639.07
3840.0 167639.07
3841.2 167639.07
3842.4 167639.07
3843.6 167639.07
3844.8 167639.07
3846.0 167639.07
3847.2 167639.07
3848.4 167639.07
3849.6 167639.07
3850.8 167639.07
3852.0 167639.07
3853.2 167639.07
3854.4 167639.07
3855.6 167639.07
3856.8 167639.07
3858.0 167639.07
3859.2 167639.07
3860.4 167639.07
3861.6 167639.07
3862.8 167639.07
3864.0 167639.07
3865.2 167639.07
3866.4 167639.07
3867.6 167639.07
3868.8 167639.07
3870.0 167639.07
3871.2 167639.07
3872.4 167639.07
3873.6 167639.07
3874.8 167639.07
3876.0 167639.07
3877.2 167639.07
3878.4 167639.07
3879.6 167639.07
3880.8 167639.07
3882.0 167639.07
3883.2 167639.07
3884.4 167639.07
3885.6 167639.07
3886.8 167639.07
3888.0 167639.07
3889.2 167639.07
3890.4 167639.07
3891.6 167639.07
3892.8 167639.07
3894.0 167639.07
3895.2 167639.07
3896.4 167639.07
3897.6 167639.07
3898.8 167639.07
3900.0 167639.07
3901.2 167639.07
3902.4 167639.07
3903.6 167639.07
3904.8 167639.07
3906.0 167639.07
3907.2 167639.07
3908.4 167639.07
3909.6 167639.07
3910.8 167639.07
3912.0 167639.07
3913.2 167639.07
3914.4 167639.07
3915.6 167639.07
3916.8 167639.07
3918.0 167639.07
3919.2 167639.07
3920.4 167639.07
3921.6 167639.07
3922.8 167639.07
3924.0 167639.07
3925.2 167639.07
3926.4 167639.07
3927.6 167639.07
3928.8 167639.07
3930.0 167639.07
3931.2 167639.07
3932.4 167639.07
3933.6 167639.07
3934.8 167639.07
3936.0 167639.07
3937.2 167639.07
3938.4 167639.07
3939.6 167639.07
3940.8 167639.07
3942.0 167639.07
3943.2 167639.07
3944.4 167639.07
3945.6 167639.07
3946.8 167639.07
3948.0 167639.07
3949.2 167639.07
3950.4 167639.07
3951.6 167639.07
3952.8 167639.07
3954.0 167639.07
3955.2 167639.07
3956.4 167639.07
3957.6 167639.07
3958.8 167639.07
3960.0 167639.07
3961.2 167639.07
3962.4 167639.07
3963.6 167639.07
3964.8 167639.07
3966.0 167639.07
3967.2 167639.07
3968.4 167639.07
3969.6 167639.07
3970.8 167639.07
3972.0 167639.07
3973.2 167639.07
3974.4 167639.07
3975.6 167639.07
3976.8 167639.07
3978.0 167639.07
3979.2 167639.07
3980.4 167639.07
3981.6 167639.07
3982.8 167639.07
3984.0 167639.07
3985.2 167639.07
3986.4 167639.07
3987.6 167639.07
3988.8 167639.07
3990.0 167639.07
3991.2 167639.07
3992.4 167639.07
3993.6 167639.07
3994.8 167639.07
3996.0 167639.07
3997.2 167639.07
3998.4 167639.07
3999.6 167639.07
