2.88 3
11.28 3
19.44 3
27.6 3
35.88 3
43.92 3
51.84 3
60.12 3
68.28 3
76.44 3
84.48 3
92.88 3
100.8 3
109.08 3
117.24 3
125.52 2
133.56 1
141.72 1
150.0 1
158.04 1
166.08 1
174.36 1
182.52 1
190.68 2
198.96 3
207.0 3
215.16 3
223.32 3
231.48 3
239.64 3
247.8 3
255.84 3
264.48 3
272.16 3
280.32 3
288.6 2
296.76 2
305.04 2
313.08 2
321.24 2
329.4 1
337.68 1
345.6 2
353.76 2
362.04 2
370.2 2
378.36 2
386.52 2
394.8 2
402.96 2
410.88 2
419.04 2
427.32 2
435.48 2
443.88 2
451.8 2
459.84 2
468.0 2
476.16 2
484.8 2
492.72 2
501.48 2
508.8 2
517.08 2
525.12 2
533.4 2
541.56 2
549.6 2
557.88 2
565.92 2
574.2 2
582.24 2
590.76 2
598.68 2
606.96 2
614.88 2
623.28 2
631.32 2
639.36 2
647.52 2
655.8 2
663.84 2
672.12 2
680.28 2
688.44 2
696.48 2
704.76 2
712.92 2
721.08 2
729.24 2
737.4 2
745.44 2
753.72 2
761.88 2
770.04 2
778.08 2
786.36 2
794.52 2
802.68 2
810.84 2
818.88 2
827.16 2
835.2 2
843.48 3
851.52 3
859.8 3
867.96 3
876.0 3
884.64 3
892.44 3
900.48 3
908.76 3
916.92 3
924.96 3
933.24 3
941.52 3
949.44 3
957.72 3
965.88 3
974.04 3
982.32 3
990.24 3
998.52 3
1006.8 3
1014.84 3
1022.88 3
1031.16 3
1039.44 3
1047.48 3
1055.64 3
1063.8 3
1072.08 3
1080.0 3
1088.4 3
1096.44 3
1104.6 3
1112.76 3
1120.8 3
1129.08 3
1137.12 3
1145.64 3
1153.8 3
1161.84 3
1170.0 3
1178.16 3
1186.2 3
1194.24 3
1202.52 3
1210.68 2
1218.84 2
1226.88 2
1235.04 2
1243.2 2
1251.48 2
1259.52 2
1267.68 2
1275.96 2
1284.0 2
1292.28 2
1300.32 2
1308.72 2
1316.76 2
1324.92 2
1333.08 2
1341.36 2
1349.4 2
1357.44 2
1365.72 2
1373.76 2
1381.92 2
1390.32 2
1398.36 2
1406.52 2
1414.56 2
1422.84 2
1430.88 2
1439.04 2
1447.32 2
1455.48 2
1463.52 2
1471.68 2
1479.96 2
1488.24 2
1496.16 2
1504.68 2
1512.72 2
1520.76 2
1528.92 2
1537.08 2
1545.12 2
1553.4 2
1561.56 2
1569.84 2
1577.88 2
1586.04 2
1594.2 2
1602.36 2
1610.52 2
1618.8 1
1626.96 1
1635.12 1
1643.4 2
1651.32 2
1659.48 2
1667.52 2
1675.8 2
1683.96 2
1692.12 2
1700.4 2
1708.32 1
1716.48 1
1725.0 2
1732.92 2
1741.08 2
1749.48 2
1757.4 2
1765.44 2
1773.6 2
1781.88 2
1790.04 2
1798.2 2
1806.36 2
1814.64 2
1822.68 2
1830.96 2
1839.0 2
1847.16 2
1855.2 2
1863.48 2
1871.76 2
1879.8 2
1887.96 2
1896.36 2
1904.28 2
1912.44 2
1920.6 2
1928.76 2
1936.92 2
1945.08 2
1953.24 2
1961.28 2
1969.56 2
1977.6 2
1985.88 2
1993.92 2
2002.2 2
2010.36 2
2018.52 2
2026.56 2
2035.2 2
2042.88 2
2051.16 2
2059.32 2
2067.36 2
2075.64 2
2083.8 2
2091.84 2
2100.24 2
2108.28 2
2116.44 2
2124.48 2
2132.64 2
2140.92 2
2148.96 2
2157.24 2
2165.88 2
2173.44 2
2181.72 2
2189.76 2
2197.92 2
2206.2 2
2214.36 2
2222.52 2
2230.68 2
2238.72 2
2247.0 2
2255.16 1
2263.32 1
2271.48 1
2279.76 1
2287.68 2
2295.96 3
2304.0 3
2312.4 3
2320.32 3
2328.48 3
2336.76 3
2344.8 3
2353.2 3
2361.24 3
2369.4 3
2377.56 3
2386.2 3
2394.0 3
2401.92 3
2410.32 3
2418.36 3
2426.4 3
2434.56 3
2442.84 3
2451.0 3
2459.16 3
2467.44 3
2475.36 3
2483.64 3
2491.8 3
2500.08 3
2508.12 3
2516.28 3
2524.32 3
2532.6 3
2540.76 3
2548.8 3
2556.96 3
2565.12 3
2573.4 3
2581.56 3
2589.84 3
2597.76 3
2606.16 3
2614.2 3
2622.36 3
2630.52 3
2638.56 3
2646.72 3
2655.0 3
2663.16 3
2671.32 3
2679.48 3
2687.64 3
2695.68 3
2704.08 3
2712.12 3
2720.16 3
2728.56 3
2736.6 3
2744.76 3
2752.92 3
2761.08 3
2769.12 3
2777.4 3
2785.56 3
2793.72 3
2801.76 3
2810.04 3
2818.32 3
2826.36 3
2834.52 3
2842.56 3
2850.96 3
2858.88 3
2867.16 3
2875.32 3
2883.36 3
2891.64 3
2899.8 3
2907.96 3
2916.12 3
2924.52 3
2932.44 3
2940.6 3
2948.76 3
2957.16 3
2965.08 3
2973.24 3
2981.28 3
2989.68 3
2997.6 3
3005.88 3
3013.92 3
3022.2 3
3030.24 3
3038.52 3
3046.92 3
3054.84 3
3063.0 3
3071.16 3
3079.32 3
3087.48 3
3095.52 3
