3.0 3
9.36 3
15.72 3
21.36 3
27.48 3
33.48 3
39.6 3
45.96 3
52.32 3
58.2 3
64.2 3
70.32 3
76.32 3
82.68 3
88.8 3
94.68 3
100.8 3
107.04 3
113.16 3
119.4 3
125.28 2
131.4 1
137.52 1
143.64 1
149.76 1
155.88 1
162.12 1
168.36 1
174.36 1
180.48 1
186.48 1
192.72 2
198.72 3
204.96 3
210.96 3
217.2 3
223.32 3
229.44 3
235.68 3
241.56 3
247.8 3
253.92 3
260.16 3
266.16 3
272.28 2
278.28 2
284.4 2
290.64 2
296.76 2
302.88 2
309.0 2
315.0 1
321.36 1
327.24 1
333.48 2
339.48 2
345.6 2
351.84 2
357.84 2
363.96 2
370.32 2
376.2 2
382.32 2
388.44 2
394.92 2
400.92 2
406.92 2
413.04 2
419.16 2
425.28 2
431.4 2
437.52 2
443.64 2
449.64 2
455.76 2
462.0 2
468.0 2
474.24 2
480.36 2
486.48 2
492.72 2
498.6 2
504.96 2
511.08 2
516.96 2
523.08 2
529.32 2
535.68 2
541.8 2
547.56 2
554.16 2
559.92 2
565.92 2
572.16 2
578.28 2
584.28 2
590.4 2
596.52 2
602.76 2
609.0 2
615.12 2
621.12 2
627.24 2
633.36 2
639.72 2
645.96 2
651.6 2
657.72 2
663.84 2
670.08 2
676.08 2
682.2 2
688.32 2
694.68 2
700.68 2
706.8 2
712.8 2
718.92 2
725.28 2
731.16 2
737.28 2
743.4 2
749.52 2
755.64 2
762.0 2
768.0 2
774.12 2
780.24 2
786.36 2
792.48 2
798.6 2
804.72 2
810.84 2
816.84 2
822.96 2
829.2 2
835.44 3
841.32 3
847.56 3
853.56 3
859.8 3
865.92 3
871.92 3
878.16 3
884.4 3
890.52 3
896.64 3
902.64 3
909.24 3
915.0 3
920.88 3
927.0 3
933.12 3
939.24 3
945.36 3
951.72 3
957.84 3
963.96 3
969.84 3
976.08 3
982.2 3
988.2 3
994.32 3
1000.56 3
1006.8 3
1012.8 3
1018.92 3
1025.04 3
1031.16 3
1037.4 3
1043.64 3
1049.4 3
1055.64 3
1061.64 3
1067.88 3
1073.88 3
1080.48 3
1086.24 3
1092.24 3
1098.6 3
1104.6 3
1110.6 3
1116.96 3
1122.96 3
1129.32 3
1135.2 3
1141.32 3
1147.44 3
1153.56 3
1160.04 3
1165.8 3
1171.92 2
1177.92 2
1184.04 2
1190.16 2
1196.52 2
1202.4 2
1208.64 2
1214.88 2
1220.76 2
1227.0 2
1233.36 2
1239.12 2
1245.36 2
1251.72 2
1257.6 2
1263.72 2
1269.84 2
1275.96 2
1282.08 2
1288.32 2
1294.44 2
1300.44 2
1306.44 2
1312.68 2
1318.68 2
1324.92 2
1331.04 2
1337.16 2
1343.4 2
1349.28 2
1355.4 2
1361.52 2
1367.64 2
1373.76 2
1379.88 2
1386.12 2
1392.24 2
1398.24 2
1404.36 2
1410.6 2
1416.72 2
1422.72 2
1428.96 2
1434.96 2
1441.2 2
1447.32 2
1453.44 2
1459.68 2
1465.56 2
1471.8 2
1477.92 2
1484.04 2
1490.04 2
1496.16 2
1502.4 2
1508.4 2
1514.64 2
1520.88 2
1526.88 2
1532.88 2
1539.0 2
1545.12 2
1551.36 2
1557.6 2
1563.6 2
1569.72 2
1575.84 2
1581.96 2
1588.08 2
1594.32 2
1600.32 2
1606.32 1
1612.92 1
1618.68 1
1624.8 1
1630.92 1
1636.92 1
1643.16 1
1649.28 1
1655.28 1
1661.52 1
1667.52 2
1673.76 2
1680.12 3
1686.0 3
1692.0 3
1698.24 3
1704.36 3
1710.36 3
1716.6 3
1722.84 3
1728.96 3
1734.96 3
1740.96 3
1747.08 3
1753.2 3
1759.32 3
1765.56 3
1771.92 3
1777.8 3
1783.8 3
1790.04 3
1796.16 3
1802.28 3
1808.4 3
1814.64 3
1820.64 3
1826.76 3
1832.88 3
1839.0 3
1845.12 3
1851.12 3
1857.6 3
1863.36 3
1869.6 3
1875.6 3
1882.08 3
1888.08 3
1893.96 3
1900.08 3
1906.2 3
1912.32 3
1918.44 3
1924.68 3
1930.8 3
1936.92 3
1943.16 3
1949.04 3
1955.28 3
1961.4 3
1967.4 3
1973.52 3
1979.64 3
1985.76 3
1992.24 3
1998.12 3
2004.24 3
2010.24 3
2016.36 3
2022.48 3
2028.72 3
2034.72 3
2040.84 3
2046.96 3
2053.08 3
2059.2 3
2065.32 3
2071.44 3
2077.68 3
2083.68 3
2089.92 3
2096.04 3
2102.04 3
2108.16 3
2114.28 3
2120.52 3
2126.64 3
2132.64 3
2138.88 3
2145.24 3
2151.12 3
2157.24 3
2163.36 3
2169.36 3
2175.48 3
2181.72 3
2187.84 3
2193.84 3
2200.08 3
2206.08 3
2212.2 3
2218.32 3
2224.44 3
2230.68 3
2236.92 3
2242.92 3
2248.92 3
2255.28 3
2261.4 3
2267.52 3
2273.4 3
2279.64 3
2285.76 3
2291.88 3
2298.12 3
2304.0 3
2310.24 2
2316.24 1
2322.48 1
2328.6 1
2334.72 1
2340.72 1
2346.84 1
2353.08 1
2359.2 1
2365.32 1
2371.32 2
2377.56 3
2383.56 3
2389.68 3
2395.92 3
2402.16 3
2408.16 3
2414.52 3
2420.28 3
2426.64 3
2432.52 3
2438.64 3
2444.76 3
2450.88 3
2457.0 3
2463.36 3
2469.24 3
2475.6 3
2481.6 3
2487.72 3
2493.84 3
2499.96 3
2506.08 3
2512.2 3
2518.2 3
2524.56 3
2530.56 3
2536.56 3
2542.68 3
2549.16 3
2555.04 3
2561.04 3
2567.28 3
2573.4 3
2579.4 3
2585.76 3
2591.64 3
2597.88 3
2603.88 3
2610.0 3
2616.24 3
2622.24 3
2628.84 3
2634.6 3
2640.6 3
2646.84 3
2652.96 3
2658.96 3
2665.2 3
2671.32 3
2677.56 3
2683.56 3
2689.68 3
2695.92 3
2701.92 3
2708.4 3
2714.16 3
2720.16 3
2726.4 3
2732.4 3
2738.88 3
2744.76 3
2750.76 3
2757.0 3
2763.24 3
2769.12 3
2775.36 3
2781.48 3
2787.96 3
2793.72 3
2799.84 3
