3.36 -4928.36
23.4 -4720.32
44.04 -4214.95
64.2 -3588.2
84.6 -2878.08
105.0 -2175.73
125.52 -1524.76
145.68 -1048.01
166.2 -768.37
186.48 -759.74
207.12 -827.76
227.4 -798.5
247.8 -706.47
268.32 -592.32
288.48 -495.65
308.88 -391.91
329.4 -306.54
349.8 -298.49
370.2 -274.44
390.6 -243.89
411.12 -212.03
431.28 -204.63
451.8 -188.18
472.08 -194.2
492.48 -193.03
512.88 -193.18
533.4 -188.87
553.92 -184.98
574.2 -193.67
594.72 -190.77
615.12 -193.13
635.4 -201.32
655.68 -209.23
676.08 -210.57
696.6 -205.52
717.0 -206.05
737.4 -206.6
757.8 -206.92
778.2 -206.79
798.6 -206.34
818.88 -211.67
839.4 -205.57
859.68 -211.44
880.2 -205.17
900.6 -204.52
921.0 -203.72
941.28 -208.83
961.8 -202.33
982.2 -202.14
1002.48 -210.2
1022.88 -243.0
1043.28 -335.74
1063.92 -464.07
1084.08 -648.11
1104.48 -836.7
1124.88 -1027.54
1145.4 -1200.62
1165.8 -1356.94
1186.08 -1486.89
1206.6 -1560.29
1227.0 -1594.55
1247.4 -1510.71
1267.8 -1382.1
1288.32 -1233.35
1308.6 -1101.45
1329.0 -966.27
1349.4 -842.04
1370.16 -699.87
1390.2 -615.95
1410.6 -527.34
1431.0 -461.33
1451.28 -421.63
1471.68 -386.96
1492.2 -353.3
1512.6 -336.53
1532.88 -333.41
1553.28 -327.18
1573.8 -314.83
1594.32 -303.96
1614.6 -310.13
1634.88 -318.12
1655.4 -310.48
1675.68 -320.08
1696.2 -312.64
1716.48 -321.59
1737.0 -314.78
1757.64 -299.05
1777.8 -315.87
1798.32 -308.08
1818.84 -300.0
1839.12 -308.22
1859.4 -316.62
1879.8 -316.96
1900.08 -325.55
1920.48 -325.77
1941.0 -317.31
1961.4 -316.81
1981.68 -324.37
2002.2 -314.28
2022.6 -191.89
2043.12 -175.05
2063.4 -254.68
2083.8 -316.07
2104.32 -392.34
2124.72 -471.99
2144.88 -546.67
2165.4 -579.88
2185.8 -596.23
2206.2 -572.3
2226.6 -539.9
2246.88 -517.78
2267.4 -490.02
2287.8 -475.86
2308.08 -473.9
2328.48 -471.87
2349.12 -461.92
2369.4 -471.99
2389.68 -482.94
2410.32 -474.24
2430.6 -484.26
2450.88 -494.64
2471.4 -493.09
2491.8 -496.94
2512.2 -447.22
2532.6 -299.93
2553.0 -222.55
2573.28 -253.99
2593.8 -294.92
2614.08 -339.37
2634.6 -386.68
2654.88 -437.23
2675.28 -470.65
2695.8 -483.64
2716.08 -479.72
2736.48 -456.65
2757.0 -426.66
2777.88 -386.04
2797.68 -382.35
2818.2 -360.22
2838.6 -346.47
2858.88 -340.36
2879.4 -330.28
2899.68 -330.12
2920.2 -324.11
2940.6 -322.86
2961.0 -322.07
2981.4 -321.39
3009.96 -284.0
3030.36 -154.85
3050.76 -159.46
3071.04 -199.68
3091.56 -275.06
3112.08 -364.35
3132.24 -442.98
3152.76 -493.29
3173.04 -513.93
3193.68 -500.08
3213.84 -467.73
3234.24 -421.23
3254.76 -368.54
3275.04 -317.29
3295.44 -269.74
3315.96 -228.52
3336.36 -195.39
3356.64 -170.01
3377.16 -150.86
3397.56 -137.34
3417.84 -128.04
3438.24 -121.49
3458.64 -116.76
3479.04 -113.04
3499.68 -109.67
3519.96 -106.47
3540.36 -103.06
3560.64 -99.44
3581.16 -95.53
3601.8 -91.46
3621.84 -87.51
3642.6 -83.44
3662.76 -79.66
3683.28 -76.01
3703.92 -72.56
3723.84 -69.49
3744.36 -66.54
3764.76 -63.8
3785.04 -61.26
3805.44 -58.89
3825.84 -56.66
3846.36 -54.57
3866.76 -52.62
3887.04 -50.8
3907.56 -49.06
3928.2 -47.4
3948.36 -45.83
3968.64 -44.3
3989.04 -42.81
