0 9997.15015425865
1.05 9180.7726624088
2.1 8472.95502743874
3.14999999999999 7919.58051178817
4.19999999999999 7476.45406535091
5.25 7231.27422638931
6.30000000000001 7129.38310745983
7.35000000000002 7053.89486958492
8.40000000000001 6993.49335606123
9.44999999999999 6948.37012488252
10.5 6931.32049779701
11.5499999999999 6919.05046653959
12.5999999999999 6910.64750076216
13.6499999999999 6904.76186648756
14.6999999999999 6900.30182630985
15.7499999999999 14854.5000961958
16.7999999999999 25882.1423128108
17.8499999999999 43155.8772267952
18.9 60942.248678848
19.95 78700.5573423376
21 96429.7907400603
22.0500000000001 114090.454605309
23.1000000000001 131693.726881521
24.1500000000002 149105.426579958
25.2000000000002 166227.607545227
26.2500000000002 182771.587014355
27.3000000000003 198525.896708936
28.3500000000003 213541.797034901
29.4000000000004 227635.432130226
30.4500000000004 240897.707061557
31.5000000000004 253336.800715867
32.5500000000005 264891.257364018
33.6000000000005 275703.168426535
34.6500000000006 285667.074872301
35.7000000000006 294593.3568804
36.7500000000006 302604.455056085
37.8000000000007 309585.502686698
38.8500000000007 315815.239450695
39.9000000000008 321172.000023338
40.9500000000008 325797.193026735
42.0000000000008 329551.268492939
43.0500000000009 332246.633504345
44.1000000000009 334326.97630244
45.150000000001 335695.897990375
46.200000000001 336321.842724264
47.250000000001 336496.072572088
48.3000000000011 336536.611556003
49.3500000000011 336575.430030562
50.4000000000011 336559.44726017
51.4500000000012 336542.366385923
52.5000000000012 336455.595206741
53.5500000000013 336238.277040678
54.6000000000013 335820.38969108
55.6500000000013 335094.223436172
56.7000000000014 333838.119811675
57.7500000000014 332141.198250075
58.8000000000015 329801.72818339
59.8500000000015 326912.115523111
60.9000000000015 323303.390939271
61.9500000000016 319106.179670635
63.0000000000016 314454.504117423
64.0500000000017 309266.399560485
65.1000000000017 303650.911250062
66.1500000000017 297875.99848699
67.2000000000018 291559.725226889
68.2500000000018 284922.824223965
69.3000000000019 278036.938751421
70.3500000000019 270816.574643167
71.4000000000019 263306.714065887
72.450000000002 255773.185166414
73.500000000002 248427.921870565
74.5500000000021 240769.672521719
75.6000000000021 233035.644864907
76.6500000000021 225226.014102429
77.7000000000022 217445.315538543
78.7500000000022 209687.33355806
79.8000000000023 202130.963473776
80.8500000000023 194620.724795898
81.9000000000023 187140.216889328
82.9500000000024 179809.993223301
84.0000000000024 172429.620790072
85.0500000000025 165242.835190794
86.1000000000025 158120.373512523
87.1500000000025 151095.258737445
88.2000000000026 144128.78290461
89.2500000000026 137339.393244482
90.3000000000027 130558.704085273
91.3500000000027 123847.091691369
92.4000000000027 117255.92138842
93.4500000000028 110697.078925643
94.5000000000028 104229.872852582
95.5500000000029 97828.7054330397
96.6000000000029 91478.0279469792
97.6500000000029 85159.2324610401
98.700000000003 78987.7418351495
99.750000000003 72866.4143813444
100.800000000003 66774.7754416694
101.850000000003 60721.7366987852
102.900000000003 54646.9140715627
103.950000000003 48361.9685481761
105.000000000003 41981.9276021838
106.050000000003 35395.9547721302
107.100000000003 28125.6240185093
108.150000000003 20194.5215611697
109.200000000003 12171.1514220533
110.250000000003 3440.00268494095
111.300000000003 -8317.41031474272
112.350000000003 -43770.6579492613
113.400000000004 -74770.7926203887
114.450000000004 -103085.052545762
115.500000000004 -130148.750910084
116.550000000004 -159047.041811184
117.600000000004 -179980.236427568
118.650000000004 -203742.863652436
119.700000000004 -220804.651333695
120.750000000004 -236954.73703486
121.800000000004 -239260.17660331
122.850000000004 -239805.560407203
123.900000000004 -243030.770696842
124.950000000004 -245356.308650274
126.000000000004 -244960.399283168
127.050000000004 -249489.394376266
128.100000000004 -247930.486492135
129.150000000004 -254827.820263802
130.200000000004 -256721.865263935
131.250000000004 -257685.960252975
132.300000000004 -259050.257983491
133.350000000004 -255840.237927209
134.400000000004 -254823.96276231
135.450000000004 -250996.35051271
136.500000000004 -251551.541440442
137.550000000004 -249371.523936808
138.600000000004 -248382.696603269
139.650000000005 -245974.443168096
140.700000000005 -245064.452344389
141.750000000005 -243161.545575167
142.800000000005 -244856.650073262
143.850000000005 -243180.145797007
144.900000000005 -239965.499903984
145.950000000005 -238757.609082188
147.000000000005 -236827.26490959
148.050000000005 -232369.560396142
149.100000000005 -229695.449901078
150.150000000005 -228281.210894603
151.200000000005 -224200.841864822
152.250000000005 -218680.718179285
153.300000000005 -215587.677154896
154.350000000005 -211539.407194506
155.400000000005 -206811.139481668
156.450000000005 -202047.228329797
157.500000000005 -193944.079141783
158.550000000005 -184924.586267935
159.600000000005 -176079.70444012
160.650000000005 -167353.777286196
161.700000000005 -157276.505891512
162.750000000005 -148183.970469952
163.800000000005 -140536.571720382
164.850000000005 -134856.726109268
165.900000000006 -125665.848595362
166.950000000006 -114067.386576401
168.000000000006 -102407.941147999
169.050000000006 -91156.3767352739
170.100000000006 -83665.7267803484
171.150000000006 -71984.657542739
172.200000000006 -59677.848559721
173.250000000006 -46553.9877298378
174.300000000006 -33478.0586231052
175.350000000006 -17879.0176347224
176.400000000006 -2505.75569911867
177.450000000006 13110.3467299975
178.500000000006 28557.4398675775
179.550000000006 43505.6085307579
180.600000000006 58070.8576899113
181.650000000006 72381.8201543492
182.700000000006 86200.1690114136
183.750000000006 99452.9032114248
184.800000000006 112224.790835687
185.850000000006 124334.300915587
186.900000000006 135837.704080235
187.950000000006 146820.23857326
189.000000000006 157275.829515072
190.050000000006 167175.534790266
191.100000000006 176432.878462876
192.150000000007 184940.739286843
193.200000000007 192928.037407786
194.250000000007 200334.638565467
195.300000000007 207011.621000476
196.350000000007 213094.101547954
197.400000000007 218354.015451795
198.450000000007 223076.738757751
199.500000000007 227244.0040035
200.550000000007 230851.304543022
201.600000000007 233884.890274826
202.650000000007 236272.298358142
203.700000000007 237947.848183693
204.750000000007 239163.045853435
205.800000000007 239772.121330077
206.850000000007 239976.638481809
207.900000000007 239880.061187751
208.950000000007 239317.854846368
210.000000000007 238213.450500489
211.050000000007 236665.258848363
212.100000000007 234532.479897574
213.150000000007 231913.721136135
214.200000000007 228870.287716397
215.250000000007 225464.942906133
216.300000000007 221526.950859919
217.350000000007 217260.568517842
218.400000000008 212643.844287741
219.450000000008 207724.695648091
220.500000000008 202538.119406406
221.550000000008 196917.087160454
222.600000000008 190866.570579979
223.650000000008 184541.995279372
224.700000000008 177914.28005276
225.750000000008 171250.404671859
226.800000000008 157863.663324955
227.850000000008 122478.2508029
228.900000000008 87129.5083615675
229.950000000008 51800.1657739762
231.000000000008 16461.2932784412
232.050000000008 -19358.8432647906
233.100000000008 -55798.2553849617
234.150000000008 -91921.138535369
235.200000000008 -126699.993234355
236.250000000008 -161168.441417378
237.300000000008 -196983.633572963
238.350000000008 -229887.47786555
239.400000000008 -256854.695838703
240.450000000008 -270868.918257289
241.500000000008 -275023.206387107
242.550000000008 -268952.993510554
243.600000000008 -261947.16030397
244.650000000009 -257125.1804913
245.700000000009 -253100.31175824
246.750000000009 -249196.389840361
247.800000000009 -244001.054562899
248.850000000009 -238605.834189201
249.900000000009 -232329.148203587
250.950000000009 -226381.865630227
252.000000000009 -216901.548991222
253.050000000009 -206379.615172488
254.100000000009 -196490.864106696
255.150000000009 -191284.927839453
256.200000000009 -183099.800851941
257.250000000008 -175849.093066015
258.300000000007 -167966.341558919
259.350000000006 -163434.782113864
260.400000000005 -157631.895707601
261.450000000004 -147585.362026829
262.500000000003 -136679.014828642
263.550000000002 -130454.614295741
264.600000000001 -124483.305441806
265.65 -115429.465106594
266.699999999999 -108344.409179044
267.749999999998 -99520.6220390783
268.799999999997 -90246.8318981045
269.849999999996 -83020.4741551393
270.899999999995 -76858.7865631272
271.949999999994 -66960.3671419949
272.999999999993 -58772.4691515623
274.049999999993 -49278.9483193427
275.099999999992 -38518.9562333886
276.149999999991 -27432.2175825164
277.19999999999 -15538.7426861997
278.249999999989 -5586.80813250197
279.299999999988 5524.27811870377
280.349999999987 16097.4307368682
281.399999999986 26414.7244912122
282.449999999985 36352.6931208377
283.499999999984 45938.0685935158
284.549999999983 55250.4476086072
285.599999999982 64158.3432321361
286.649999999981 72642.4195392132
287.69999999998 80781.7063297429
288.749999999979 88543.1636539292
289.799999999978 96006.7338876815
290.849999999977 103038.357033088
291.899999999976 109590.065006596
292.949999999975 115835.336536074
293.999999999974 121647.015212152
295.049999999973 127021.786682091
296.099999999972 131874.321450722
297.149999999971 136323.093113232
298.199999999971 140392.049817572
299.24999999997 144125.593713528
300.299999999969 147461.109535568
301.349999999968 150393.747349479
302.399999999967 152843.431610839
303.449999999966 154435.718913028
304.499999999965 155215.661763278
305.549999999964 155192.710040971
306.599999999963 154296.036617939
307.649999999962 152362.186994264
308.699999999961 149829.563208831
309.74999999996 146550.708706492
310.799999999959 142448.823375225
311.849999999958 106892.23901907
312.899999999957 70254.1337100009
313.949999999956 33564.840707095
314.999999999955 -2980.53300964239
316.049999999954 -39529.0295847067
317.099999999953 -76007.8826703364
318.149999999952 -110810.220057479
319.199999999951 -146728.19839345
320.24999999995 -144857.050344796
321.29999999995 -157105.571710714
322.349999999949 -159986.622469714
323.399999999948 -169402.189881595
324.449999999947 -176464.519605571
325.499999999946 -176421.383661971
326.549999999945 -175601.506096661
327.599999999944 -211982.724691123
328.649999999943 -246113.684516149
329.699999999942 -272949.799311377
330.749999999941 -291741.986793303
331.79999999994 -303799.282818089
332.849999999939 -306344.021432413
333.899999999938 -298970.424315831
334.949999999937 -292036.295342934
335.999999999936 -284180.107085198
337.049999999935 -276628.421118321
338.099999999934 -265422.504483462
339.149999999933 -256101.394914132
340.199999999932 -242605.562102097
341.249999999931 -226594.64645464
342.29999999993 -210163.796839745
343.349999999929 -193203.609463628
344.399999999929 -176326.374851516
345.449999999928 -159196.629073443
346.499999999927 -142091.542808557
347.549999999926 -124919.791838142
348.599999999925 -107837.997006019
349.649999999924 -90628.0574262403
350.699999999923 -73347.922889208
351.749999999922 -56308.2602783649
352.799999999921 -39570.8637412261
353.84999999992 -22774.5467835995
354.899999999919 -5994.87098308643
355.949999999918 11391.8385538001
356.999999999917 28597.6370929244
358.049999999916 45376.7839042494
359.099999999915 61663.6635661326
360.149999999914 77460.7702695669
361.199999999913 92715.6597179768
362.249999999912 107367.202696741
363.299999999911 121468.062024635
364.34999999991 134969.039539497
365.399999999909 147817.254315311
366.449999999908 160006.686095737
367.499999999908 171573.366499893
368.549999999907 182463.432502086
369.599999999906 192666.203502529
370.649999999905 202201.131238597
371.699999999904 211010.834922565
372.749999999903 219147.490843874
373.799999999902 226727.23936099
374.849999999901 233556.586568736
375.8999999999 239765.168551121
376.949999999899 245317.120785943
377.999999999898 250064.081414304
379.049999999897 254148.284345807
380.099999999896 257672.200780319
381.149999999895 260529.237453232
382.199999999894 262746.613813027
383.249999999893 264243.895433819
384.299999999892 265170.041462856
385.349999999891 265552.60206263
386.39999999989 265568.726088585
387.449999999889 265156.36815956
388.499999999888 264217.334892737
389.549999999887 262739.184726769
390.599999999887 260635.312658909
391.649999999886 257978.82552664
392.699999999885 254852.32067081
393.749999999884 251297.788770021
394.799999999883 247245.034739914
395.849999999882 241905.187002947
396.899999999881 218126.021724103
397.94999999988 181707.740327376
398.999999999879 145436.905975603
400.049999999878 109322.536218314
401.099999999877 73400.5009265439
402.149999999876 37697.3850409994
403.199999999875 759.358785987754
404.249999999874 -35244.5567607608
405.299999999873 -67811.6172754106
406.349999999872 -97495.5188498178
407.399999999871 -123195.234172897
408.44999999987 -145038.514622263
409.499999999869 -163371.842657781
410.549999999868 -178695.232848885
411.599999999867 -190397.99496954
412.649999999866 -197370.077493579
413.699999999865 -194740.404276422
414.749999999865 -192344.070387424
415.799999999864 -184010.670883675
416.849999999863 -179160.071736476
417.899999999862 -172036.481030074
418.949999999861 -166202.19366212
419.99999999986 -160972.868246161
421.049999999859 -155205.349946994
422.099999999858 -148578.705110856
423.149999999857 -141862.023107501
424.199999999856 -135356.49998643
425.249999999855 -128957.532039056
426.299999999854 -122715.725480391
427.349999999853 -114151.299188725
428.399999999852 -109955.600309692
429.449999999851 -103966.441059093
430.49999999985 -97048.8802217214
431.549999999849 -92949.4149594538
432.599999999848 -83963.7198239321
433.649999999847 -79040.6878029438
434.699999999846 -71960.5547384497
435.749999999845 -68688.6454458063
436.799999999844 -60301.3416512288
437.849999999844 -52605.6515296225
438.899999999843 -44629.1329831036
439.949999999842 -35962.4590154002
440.999999999841 -27831.1938965263
442.04999999984 -18538.2145627528
443.099999999839 -9034.30786703614
444.149999999838 953.224256107637
445.199999999837 9977.96433256848
446.249999999836 18790.2196100264
447.299999999835 27344.2153429024
448.349999999834 35606.7407009441
449.399999999833 43501.3681248302
450.449999999832 51077.1735660699
451.499999999831 58474.4251797374
452.54999999983 65572.0475532162
453.599999999829 72338.3163654242
454.649999999828 78739.9405045119
455.699999999827 84866.8716456969
456.749999999826 90654.709524899
457.799999999825 96046.0823134764
458.849999999824 101067.391377564
459.899999999823 105735.557612034
460.949999999823 110019.383154681
461.999999999822 113971.593577083
463.049999999821 117664.16214649
464.09999999982 120976.922439015
465.149999999819 123980.832213599
466.199999999818 126652.752613052
467.249999999817 128962.266750839
468.299999999816 130913.068560967
469.349999999815 132456.92962943
470.399999999814 133697.196951304
471.449999999813 134604.441984719
472.499999999812 135224.871049863
473.549999999811 135589.738813849
474.59999999981 135731.761815999
475.649999999809 135721.374175181
476.699999999808 135554.572993463
477.749999999807 135167.109167251
478.799999999806 134543.130693924
479.849999999805 118512.001770447
480.899999999804 95670.6333066777
481.949999999803 61669.6718292135
482.999999999802 29510.3105217109
484.049999999802 530.870478175187
485.099999999801 -25284.8463248747
486.1499999998 -48116.2963385881
487.199999999799 -68215.3428148245
488.249999999798 -80913.0522947115
489.299999999797 -88765.7625860482
490.349999999796 -102300.276787038
491.399999999795 -104102.527503169
492.449999999794 -105015.215033739
493.499999999793 -106500.407022125
494.549999999792 -102132.021866177
495.599999999791 -99689.3606987459
496.64999999979 -97588.7809440566
497.699999999789 -93149.8400196684
498.749999999788 -89435.7321859474
499.799999999787 -84538.834229901
500.849999999786 -80169.9273975313
501.899999999785 -73941.8370621925
502.949999999784 -68374.5435795271
503.999999999783 -65762.3340324382
505.049999999782 -62812.9860666424
506.099999999781 -56768.0236058169
507.149999999781 -52787.8694486343
508.19999999978 -48884.0003285344
509.249999999779 -43540.3555028262
510.299999999778 -39150.5236995243
511.349999999777 -35165.8358641469
512.399999999776 -29784.8527908839
513.449999999775 -23499.6571878274
514.499999999774 -16990.5430118134
515.549999999773 -9896.21033793512
516.599999999772 -4499.50683878408
517.649999999771 1833.98246251356
518.69999999977 7934.82178181189
519.749999999769 13821.9077804311
520.799999999768 19585.8612742507
521.849999999767 25162.2006300407
522.899999999766 30494.3883119954
523.949999999765 35693.4280775787
524.999999999764 40646.7760729088
526.049999999763 45381.6269562528
527.099999999762 49838.5081151111
528.149999999761 54076.0451076879
529.199999999761 58059.2072101024
530.24999999976 61844.2490893679
531.299999999759 65455.7437956028
532.349999999758 68812.583025432
533.399999999757 71936.8870039117
534.449999999756 74823.1448050983
535.499999999755 77499.3073184169
536.549999999754 79924.3258950839
537.599999999753 82089.7282628919
538.649999999752 84022.3782158012
539.699999999751 85704.1292262847
540.74999999975 87105.2246590011
541.799999999749 79951.5729258698
542.849999999748 60580.5393924353
543.899999999747 38598.0799327634
544.949999999746 17960.7315496947
545.999999999745 -563.594777235722
547.049999999744 -17020.327823236
548.099999999743 -31573.5826997031
549.149999999742 -44255.3149780307
550.199999999741 -55179.6020188854
551.24999999974 -64442.1221635576
552.299999999739 -69415.0465906419
553.349999999739 -75936.4757272101
554.399999999738 -80410.9307284799
555.449999999737 -81959.7977138468
556.499999999736 -83127.1416033301
557.549999999735 -79956.7471453581
558.599999999734 -74684.8290571917
559.649999999733 -69239.2104275315
560.699999999732 -62776.7503574194
561.749999999731 -59061.656453039
562.79999999973 -53470.838832506
563.849999999729 -50199.7704430732
564.899999999728 -46745.4109792678
565.949999999727 -39287.7065838502
566.999999999726 -32011.0002220635
568.049999999725 -26558.5503321933
569.099999999724 -20030.4728866852
570.149999999723 -13660.4395101491
571.199999999722 -6601.37914471248
572.249999999721 -142.417672995316
573.29999999972 5963.50309166019
574.349999999719 11886.143007039
575.399999999718 17625.8882613498
576.449999999718 23247.9421037925
577.499999999717 28573.3549133165
578.549999999716 33770.3159853112
579.599999999715 38761.6069710815
580.649999999714 43551.1113453231
581.699999999713 48091.243887512
582.749999999712 52390.4858359223
583.799999999711 56381.9503728212
584.84999999971 60191.511067976
585.899999999709 63850.0814653706
586.949999999708 67271.2303631159
587.999999999707 70455.2904254189
589.049999999706 73413.2836561094
590.099999999705 76143.1026974051
591.149999999704 78014.2306500262
592.199999999703 74109.7042957469
593.249999999702 58695.1877632666
594.299999999701 41080.510930088
595.3499999997 25018.4989609065
596.399999999699 12469.8434676433
597.449999999698 -785.84788315683
598.499999999697 -5927.99702125041
599.549999999697 -11095.1999919724
600.599999999696 -12706.9939350139
601.649999999695 -11652.4391114097
602.699999999694 -21684.110318491
603.749999999693 -26707.7171092812
604.799999999692 -34586.7018887615
605.849999999691 -41405.1910066635
606.89999999969 -43750.7140756309
607.949999999689 -47781.5246093133
608.999999999688 -49716.559779849
610.049999999687 -50197.3321066904
611.099999999686 -46669.0280610375
612.149999999685 -42739.7479270181
613.199999999684 -37837.2235639614
614.249999999683 -35645.9662495148
615.299999999682 -32673.2154175522
616.349999999681 -26680.3754588571
617.39999999968 -20088.067091227
618.449999999679 -18869.8110396507
619.499999999678 -18179.8731732906
620.549999999677 -18432.2941408592
621.599999999676 -20101.3611037274
622.649999999676 -18293.4090455008
623.699999999675 -19384.6484377004
624.749999999674 -14760.6151916861
625.799999999673 -8247.24282477023
626.849999999672 -1393.2596669108
627.899999999671 4513.87942026692
628.94999999967 8788.54221188046
629.999999999669 14309.0276063528
631.049999999668 19772.7680122813
632.099999999667 23671.9495722533
633.149999999666 28034.6259756961
634.199999999665 22374.3728618536
635.249999999664 19862.7429472086
636.299999999663 16768.2244621779
637.349999999662 18854.3537006771
638.399999999661 19424.4082970978
639.44999999966 24062.862563522
640.499999999659 28911.4233653123
641.549999999658 33608.3623210583
642.599999999657 38059.8383507883
643.649999999656 38614.2010038488
644.699999999655 42733.967592685
645.749999999655 45759.182640382
646.799999999654 42014.6930779702
647.849999999653 40989.1792173404
648.899999999652 37645.3751795796
649.949999999651 34861.0598140471
650.99999999965 23630.8552189256
652.049999999649 15021.9656841245
653.099999999648 5687.05132922984
654.149999999647 1597.09845072309
655.199999999646 -6343.14293732021
656.249999999645 -13351.7450394818
657.299999999644 -19245.8380805898
658.349999999643 -24308.9526081379
659.399999999642 -28691.9198031988
660.449999999641 -31471.157205106
661.49999999964 -32852.4104396924
662.549999999639 -31176.7105490884
663.599999999638 -31397.7983130915
664.649999999637 -29544.9280789943
665.699999999636 -27720.5926392736
666.749999999635 -25056.5610543059
667.799999999634 -19819.9754164296
668.849999999633 -14446.6178401061
669.899999999633 -8966.42828646856
670.949999999632 -5827.52521368709
671.999999999631 115.187338237669
673.04999999963 5745.44821884273
674.099999999629 11184.0404596051
675.149999999628 9966.39459056212
676.199999999627 15283.2343605773
677.249999999626 20515.9164408262
678.299999999625 25479.2720174451
679.349999999624 30324.2261279382
680.399999999623 33925.1670947308
681.449999999622 38399.2122037292
682.499999999621 42660.14064822
683.54999999962 46665.6864456279
684.599999999619 50473.1862187625
685.649999999618 52398.1129207463
686.699999999617 55481.7905109871
687.749999999616 56521.595542939
688.799999999615 54044.2217808098
689.849999999614 49113.410635005
690.899999999613 36357.5015916351
691.949999999612 27722.1557224272
692.999999999612 17602.3443035995
694.049999999611 7683.47220795337
695.09999999961 -1225.78139888982
696.149999999609 -9058.25581535033
697.199999999608 -16031.0224319148
698.249999999607 -21967.8794221104
699.299999999606 -27022.9058718443
700.349999999605 -31241.7905696475
701.399999999604 -34767.5609557449
702.449999999603 -37633.8414277264
703.499999999602 -39680.9307868317
704.549999999601 -41143.7108028089
705.5999999996 -42118.8911681866
706.649999999599 -42562.2514931421
707.699999999598 -42549.9582240499
708.749999999597 -42141.8284690818
709.799999999596 -40856.0348020692
710.849999999595 -39658.735813502
711.899999999594 -37393.330915156
712.949999999593 -35918.1579512214
713.999999999592 -31600.1930895971
715.049999999591 -29881.9594573855
716.099999999591 -26225.5885021902
717.14999999959 -21656.4809057509
718.199999999589 -16994.7919212888
719.249999999588 -10409.1871434484
720.299999999587 -6037.10912983595
721.349999999586 -4494.02215861588
722.399999999585 -1065.26413704529
723.449999999584 4817.2447257621
724.499999999583 6685.83134584345
725.549999999582 10729.4263526198
726.599999999581 14651.0261970309
727.64999999958 20526.4038587485
728.699999999579 26263.2806892185
729.749999999578 31689.8054326136
730.799999999577 36997.0808549482
731.849999999576 39937.8222998906
732.899999999575 41809.0380314276
733.949999999574 46618.3891246199
734.999999999573 45481.6332787162
736.049999999572 38580.1372076133
737.099999999571 32406.2199487495
738.14999999957 29342.1370385112
739.19999999957 23763.3118100388
740.249999999569 18300.6495610518
741.299999999568 14297.9183337749
742.349999999567 12738.9098514532
743.399999999566 9863.90828113221
744.449999999565 9129.95286225866
745.499999999564 7323.94816911447
746.549999999563 4898.09473640753
747.599999999562 4071.84952974012
748.649999999561 3335.91169620821
749.69999999956 3208.06642362378
750.749999999559 -112.029379463789
751.799999999558 -3127.70645533013
752.849999999557 -4553.07935173104
753.899999999556 -6926.48635995832
754.949999999555 -8923.9886113697
755.999999999554 -10605.6043563259
757.049999999553 -6777.40034132189
758.099999999552 -1813.89776468117
759.149999999551 -954.864373429472
760.19999999955 -174.387238833207
761.249999999549 5101.49584281838
762.299999999549 8980.98779571342
763.349999999548 7966.76754202249
764.399999999547 11949.0699813573
765.449999999546 15547.5120971399
766.499999999545 19282.745646505
767.549999999544 17911.6183413429
768.599999999543 14297.4917994827
769.649999999542 12725.1777732752
770.699999999541 9053.51377118735
771.74999999954 6934.26707537667
772.799999999539 5479.23189413388
773.849999999538 4004.73450514263
774.899999999537 6104.45927966545
775.949999999536 8386.62856330436
776.999999999535 12416.7992824275
778.049999999534 9978.78874043262
779.099999999533 11148.9443558223
780.149999999532 13263.0761582865
781.199999999531 13658.8271541196
782.24999999953 9692.44287880076
783.299999999529 6153.3220557375
784.349999999528 2999.3996265868
785.399999999527 228.635042139866
786.449999999527 -2356.36281168911
787.499999999526 -4526.01705795505
788.549999999525 -5024.4703499197
789.599999999524 -4858.43349210614
790.649999999523 -3475.99864446286
791.699999999522 -1969.41067607805
792.749999999521 -3364.29099933524
793.79999999952 -2209.40691864275
794.849999999519 -1590.80603465219
795.899999999518 -3107.99905928505
796.949999999517 -2709.99227219511
797.999999999516 -792.020487151982
799.049999999515 21.0287670364934
800.099999999514 2128.7952038294
801.149999999513 4827.35616534477
802.199999999512 10107.7149943053
803.249999999511 14698.0272254725
804.29999999951 16033.2583764583
805.349999999509 21457.7991321061
806.399999999508 21364.5874229181
807.449999999507 26482.6813234854
808.499999999506 25384.8765711611
809.549999999506 24006.761446321
810.599999999505 23104.0592664811
811.649999999504 21870.5710097137
812.699999999503 17249.5297314344
813.749999999502 13783.984632737
814.799999999501 12697.3537916189
815.8499999995 8893.35034386537
816.899999999499 7430.01956840421
817.949999999498 4164.21868240993
818.999999999497 1252.24657681724
820.049999999496 -1334.56618339705
821.099999999495 -3629.10103171035
822.149999999494 -5655.26027532086
823.199999999493 -7339.37862747648
824.249999999492 -8634.06463663395
825.299999999491 -9640.99425946792
826.34999999949 -10457.2991365543
827.399999999489 -10910.5507877049
828.449999999488 -11086.3677549682
829.499999999487 -11394.3403822467
830.549999999486 -11351.3853917348
831.599999999485 -11169.7636374857
832.649999999485 -9447.78414095738
833.699999999484 -5816.37950118665
834.749999999483 -1708.49714453946
835.799999999482 -708.528429793732
836.849999999481 2266.92690447113
837.89999999948 6655.45169111766
838.949999999479 12488.5386192851
839.999999999478 18136.4867095635
841.049999999477 23657.2298527912
842.099999999476 28903.3919550323
843.149999999475 33204.3371967868
844.199999999474 38137.9494344445
845.249999999473 42862.0810043052
846.299999999472 47366.6171359199
847.349999999471 48731.0121150901
848.39999999947 49757.0890658999
849.449999999469 50232.658863701
850.499999999468 49490.048723662
851.549999999467 46076.4534391002
852.599999999466 38530.9111824593
853.649999999465 31539.508835097
854.699999999464 24067.3653932344
855.749999999464 17248.0748794386
856.799999999463 11130.7225965565
857.849999999462 5627.56791372146
858.899999999461 690.274837176728
859.94999999946 -3707.48018279804
860.999999999459 -7584.3803039487
862.049999999458 -10916.0966647394
863.099999999457 -13688.6177882743
864.149999999456 -16001.8399586124
865.199999999455 -16970.2701915376
866.249999999454 -18520.6592031009
867.299999999453 -19679.4036422231
868.349999999452 -20610.4339539247
869.399999999451 -21099.7966375294
870.44999999945 -21358.8688878391
871.499999999449 -21332.1194090768
872.549999999448 -20983.3435788288
873.599999999447 -20383.9180014469
874.649999999446 -19756.717106102
875.699999999445 -18932.3133090691
876.749999999444 -17223.8405564593
877.799999999443 -14867.2891185611
878.849999999443 -11166.4180555055
879.899999999442 -6778.23669999417
880.949999999441 -4150.13942930433
881.99999999944 468.131530404227
883.049999999439 5661.47276662186
884.099999999438 11453.1079704824
885.149999999437 17067.0819006627
886.199999999436 22576.6845020292
887.249999999435 27813.8853624656
888.299999999434 25117.5452914145
889.349999999433 23298.9279204809
890.399999999432 26968.5744115322
891.449999999431 30695.5721482183
892.49999999943 34223.8384773429
893.549999999429 36094.0525004107
894.599999999428 35976.9983817758
895.649999999427 33442.7199507252
896.699999999426 32602.3885475668
897.749999999425 31686.6239046254
898.799999999424 29742.3915608929
899.849999999423 25074.2373215367
900.899999999422 20068.5632193143
901.949999999421 15033.5579968445
902.999999999421 10428.5419544549
904.04999999942 6233.69766410338
905.099999999419 2552.10804405959
906.149999999418 -725.191067106903
907.199999999417 -3603.27773053334
908.249999999416 -6121.87310513552
909.299999999415 -7453.75765489164
910.349999999414 -8856.36826309016
911.399999999413 -10065.0294104048
912.449999999412 -11382.8048800846
913.499999999411 -12448.7683533762
914.54999999941 -13200.120799033
915.599999999409 -13707.7452535444
916.649999999408 -13739.6891052364
917.699999999407 -13817.338218891
918.749999999406 -13316.6418724131
919.799999999405 -13117.7148014701
920.849999999404 -12906.0807184115
921.899999999403 -12438.6185400072
922.949999999402 -11898.3711051532
923.999999999401 -11122.5227255291
925.0499999994 -9785.96935468469
926.0999999994 -9046.40241136705
927.149999999399 -8161.96402543049
928.199999999398 -7081.72914393266
929.249999999397 -6098.97148405028
930.299999999396 -5122.21253276977
931.349999999395 -3265.2268664851
932.399999999394 -499.360907641271
933.449999999393 2628.02104791532
934.499999999392 6441.37761319487
935.549999999391 9204.9957294758
936.59999999939 12158.2200626657
937.649999999389 13693.9350555929
938.699999999388 13359.6702949902
939.749999999387 15628.2032637504
940.799999999386 16661.0080075144
941.849999999385 19475.8525494745
942.899999999384 20894.453777283
943.949999999383 26299.1683331063
944.999999999382 26817.9588084691
946.049999999381 29325.6564035866
947.09999999938 32903.9833746223
948.149999999379 33151.4763798795
949.199999999379 34189.2818756681
950.249999999378 34011.8687792697
951.299999999377 33673.4825524595
952.349999999376 32690.8723544426
953.399999999375 31159.0660281911
954.449999999374 25999.0516342247
955.499999999373 21315.1610041463
956.549999999372 16950.4725644652
957.599999999371 12988.6118362769
958.64999999937 9345.42684199851
959.699999999369 6025.77872024732
960.749999999368 3777.17330069867
961.799999999367 1118.36064119433
962.849999999366 -1298.22565874061
963.899999999365 -2928.37069650027
964.949999999364 -4785.48746900086
965.999999999363 -5007.16789051419
967.049999999362 -3639.00990167854
968.099999999361 -3164.51191176204
969.14999999936 -2153.87847442569
970.199999999359 -3036.39872691841
971.249999999358 -1585.28748251775
972.299999999358 -2121.23085795057
973.349999999357 -3428.65919721679
974.399999999356 -4411.27903829662
975.449999999355 -5048.50813544058
976.499999999354 -5702.48159422369
977.549999999353 -5972.09363360682
978.599999999352 -6251.566044838
979.649999999351 -6349.80622859457
980.69999999935 -6337.40138722325
981.749999999349 -5202.64792819015
982.799999999348 -3447.76911550258
983.849999999347 -3566.05469396999
984.899999999346 -2960.85879549619
985.949999999345 -2870.18421418287
986.999999999344 -2714.50518705395
988.049999999343 -2517.1839087431
989.099999999342 -2254.77695855847
990.149999999341 -1890.53322143945
991.19999999934 -925.648115461422
992.249999999339 987.934392828819
993.299999999338 1397.60731518824
994.349999999337 1813.7660159037
995.399999999337 3233.06728112737
996.449999999336 5801.82091613102
997.499999999335 8765.11343615561
998.549999999334 9196.85602767314
999.599999999333 11393.9237375525
