0.0 6000.0
1.2 5999.91
2.4 5999.66
3.6 5999.24
4.8 5998.62
6.0 5997.8
7.2 5996.75
8.4 5995.47
9.6 5993.93
10.8 5992.12
12.0 5990.01
13.2 5987.58
14.4 5984.79
15.6 5981.63
16.8 5978.09
18.0 5974.13
19.2 5969.74
20.4 5964.92
21.6 5959.64
22.8 5953.89
24.0 5947.66
25.2 5940.95
26.4 5933.74
27.6 5926.02
28.8 5917.79
30.0 5909.05
31.2 5899.79
32.4 5890.0
33.6 5879.69
34.8 5868.84
36.0 5857.47
37.2 5845.56
38.4 5833.12
39.6 5820.15
40.8 5806.65
42.0 5792.62
43.2 5778.06
44.4 5762.98
45.6 5747.38
46.8 5731.26
48.0 5714.63
49.2 5697.49
50.4 5679.85
51.6 5661.7
52.8 5643.06
54.0 5623.93
55.2 5604.32
56.4 5584.23
57.6 5563.66
58.8 5542.64
60.0 5521.15
61.2 5499.21
62.4 5476.82
63.6 5454.0
64.8 5430.75
66.0 5407.07
67.2 5382.97
68.4 5358.47
69.6 5333.57
70.8 5308.27
72.0 5282.58
73.2 5256.52
74.4 5230.09
75.6 5203.3
76.8 5176.15
78.0 5148.66
79.2 5120.83
80.4 5092.68
81.6 5064.2
82.8 5035.41
84.0 5006.31
85.2 4976.92
86.4 4947.25
87.6 4917.29
88.8 4887.07
90.0 4856.58
91.2 4825.84
92.4 4794.86
93.6 4763.63
94.8 4732.18
96.0 4700.51
97.2 4668.63
98.4 4636.54
99.6 4604.26
100.8 4571.79
102.0 4539.14
103.2 4506.31
104.4 4473.33
105.6 4440.19
106.8 4406.9
108.0 4373.47
109.2 4339.91
110.4 4306.23
111.6 4272.42
112.8 4238.51
114.0 4204.5
115.2 4170.39
116.4 4136.2
117.6 4101.93
118.8 4067.58
120.0 4033.17
121.2 3998.71
122.4 3964.21
123.6 3929.69
124.8 3895.17
126.0 3860.65
127.2 3826.16
128.4 3791.71
129.6 3757.3
130.8 3722.94
132.0 3688.64
133.2 3654.41
134.4 3620.27
135.6 3586.21
136.8 3552.25
138.0 3518.4
139.2 3484.68
140.4 3451.09
141.6 3417.65
142.8 3384.37
144.0 3351.26
145.2 3318.33
146.4 3285.61
147.6 3253.1
148.8 3220.82
150.0 3188.77
151.2 3156.98
152.4 3125.46
153.6 3094.23
154.8 3063.29
156.0 3032.66
157.2 3002.36
158.4 2972.39
159.6 2942.79
160.8 2913.55
162.0 2884.69
163.2 2856.24
164.4 2828.19
165.6 2800.57
166.8 2773.39
168.0 2746.66
169.2 2720.4
170.4 2694.62
171.6 2669.33
172.8 2644.54
174.0 2620.27
175.2 2596.52
176.4 2573.31
177.6 2550.66
178.8 2528.56
180.0 2507.03
181.2 2486.09
182.4 2465.73
183.6 2445.97
184.8 2426.81
186.0 2408.27
187.2 2390.35
188.4 2373.08
189.6 2356.44
190.8 2340.43
192.0 2325.01
193.2 2310.17
194.4 2295.88
195.6 2282.11
196.8 2268.86
198.0 2256.09
199.2 2243.79
200.4 2231.94
201.6 2220.52
202.8 2209.52
204.0 2198.92
205.2 2188.72
206.4 2178.86
207.6 2169.34
208.8 2160.13
210.0 2151.19
211.2 2142.52
212.4 2134.09
213.6 2125.88
214.8 2117.87
216.0 2110.04
217.2 2102.39
218.4 2094.89
219.6 2087.54
220.8 2080.32
222.0 2073.22
223.2 2066.22
224.4 2059.33
225.6 2052.52
226.8 2045.8
228.0 2039.15
229.2 2032.56
230.4 2026.03
231.6 2019.56
232.8 2013.13
234.0 2006.74
235.2 2000.38
236.4 1994.06
237.6 1987.77
238.8 1981.5
240.0 1975.25
241.2 1969.02
242.4 1962.8
243.6 1956.59
244.8 1950.4
246.0 1944.2
247.2 1938.02
248.4 1931.84
249.6 1925.65
250.8 1919.47
252.0 1913.29
253.2 1907.11
254.4 1900.92
255.6 1894.73
256.8 1888.54
258.0 1882.34
259.2 1876.14
260.4 1869.93
261.6 1863.71
262.8 1857.49
264.0 1851.27
265.2 1845.03
266.4 1838.8
267.6 1832.56
268.8 1826.31
270.0 1820.06
271.2 1813.81
272.4 1807.55
273.6 1801.29
274.8 1795.02
276.0 1788.76
277.2 1782.49
278.4 1776.21
279.6 1769.92
280.8 1763.63
282.0 1757.33
283.2 1751.02
284.4 1744.71
285.6 1738.39
286.8 1732.06
288.0 1725.73
289.2 1719.39
290.4 1713.05
291.6 1706.7
292.8 1700.36
294.0 1694.01
295.2 1687.67
296.4 1681.32
297.6 1674.99
298.8 1668.65
300.0 1662.32
301.2 1656.01
302.4 1649.7
303.6 1643.4
304.8 1637.11
306.0 1630.84
307.2 1624.58
308.4 1618.34
309.6 1612.12
310.8 1605.92
312.0 1599.74
313.2 1593.58
314.4 1587.45
315.6 1581.34
316.8 1575.26
318.0 1569.2
319.2 1563.18
320.4 1557.19
321.6 1551.23
322.8 1545.32
324.0 1539.46
325.2 1533.65
326.4 1527.91
327.6 1522.24
328.8 1516.64
330.0 1511.14
331.2 1505.72
332.4 1500.4
333.6 1495.18
334.8 1490.08
336.0 1485.1
337.2 1480.25
338.4 1475.56
339.6 1471.03
340.8 1466.68
342.0 1462.49
343.2 1458.45
344.4 1454.54
345.6 1450.77
346.8 1447.11
348.0 1443.55
349.2 1440.1
350.4 1436.74
351.6 1433.46
352.8 1430.25
354.0 1427.12
355.2 1424.05
356.4 1421.04
357.6 1418.09
358.8 1415.18
360.0 1412.33
361.2 1409.51
362.4 1406.74
363.6 1404.01
364.8 1401.31
366.0 1398.64
367.2 1396.0
368.4 1393.4
369.6 1390.82
370.8 1388.26
372.0 1385.73
373.2 1383.22
374.4 1380.73
375.6 1378.27
376.8 1375.82
378.0 1373.4
379.2 1370.99
380.4 1368.6
381.6 1366.23
382.8 1363.88
384.0 1361.54
385.2 1359.22
386.4 1356.92
387.6 1354.64
388.8 1352.37
390.0 1350.12
391.2 1347.89
392.4 1345.68
393.6 1343.48
394.8 1341.3
396.0 1339.14
397.2 1336.99
398.4 1334.87
399.6 1332.76
400.8 1330.67
402.0 1328.59
403.2 1326.54
404.4 1324.51
405.6 1322.49
406.8 1320.49
408.0 1318.51
409.2 1316.55
410.4 1314.61
411.6 1312.69
412.8 1310.79
414.0 1308.91
415.2 1307.05
416.4 1305.21
417.6 1303.39
418.8 1301.59
420.0 1299.81
421.2 1298.06
422.4 1296.32
423.6 1294.6
424.8 1292.91
426.0 1291.23
427.2 1289.58
428.4 1287.95
429.6 1286.34
430.8 1284.75
432.0 1283.18
433.2 1281.63
434.4 1280.11
435.6 1278.6
436.8 1277.12
438.0 1275.66
439.2 1274.22
440.4 1272.81
441.6 1271.41
442.8 1270.04
444.0 1268.69
445.2 1267.36
446.4 1266.05
447.6 1264.76
448.8 1263.5
450.0 1262.28
451.2 1261.1
452.4 1259.97
453.6 1258.88
454.8 1257.83
456.0 1256.82
457.2 1255.85
458.4 1254.91
459.6 1254.0
460.8 1253.12
462.0 1252.27
463.2 1251.45
464.4 1250.66
465.6 1249.88
466.8 1249.14
468.0 1248.41
469.2 1247.71
470.4 1247.03
471.6 1246.37
472.8 1245.72
474.0 1245.1
475.2 1244.49
476.4 1243.9
477.6 1243.33
478.8 1242.77
480.0 1242.23
481.2 1241.71
482.4 1241.2
483.6 1240.7
484.8 1240.22
486.0 1239.75
487.2 1239.3
488.4 1238.86
489.6 1238.43
490.8 1238.02
492.0 1237.61
493.2 1237.22
494.4 1236.84
495.6 1236.47
496.8 1236.12
498.0 1235.77
499.2 1235.44
500.4 1235.12
501.6 1234.8
502.8 1234.5
504.0 1234.21
505.2 1233.93
506.4 1233.66
507.6 1233.39
508.8 1233.14
510.0 1232.9
511.2 1232.67
512.4 1232.44
513.6 1232.23
514.8 1232.03
516.0 1231.83
517.2 1231.64
518.4 1231.46
519.6 1231.29
520.8 1231.13
522.0 1230.98
523.2 1230.83
524.4 1230.7
525.6 1230.57
526.8 1230.45
528.0 1230.33
529.2 1230.23
530.4 1230.13
531.6 1230.04
532.8 1229.95
534.0 1229.87
535.2 1229.8
536.4 1229.74
537.6 1229.68
538.8 1229.62
540.0 1229.58
541.2 1229.54
542.4 1229.5
543.6 1229.47
544.8 1229.45
546.0 1229.43
547.2 1229.42
548.4 1229.41
549.6 1229.41
550.8 1229.41
552.0 1229.42
553.2 1229.43
554.4 1229.44
555.6 1229.47
556.8 1229.49
558.0 1229.52
559.2 1229.56
560.4 1229.59
561.6 1229.64
562.8 1229.68
564.0 1229.73
565.2 1229.79
566.4 1229.85
567.6 1229.91
568.8 1229.98
570.0 1230.04
571.2 1230.12
572.4 1230.19
573.6 1230.27
574.8 1230.35
576.0 1230.44
577.2 1230.53
578.4 1230.62
579.6 1230.71
580.8 1230.81
582.0 1230.91
583.2 1231.01
584.4 1231.12
585.6 1231.23
586.8 1231.34
588.0 1231.45
589.2 1231.56
590.4 1231.68
591.6 1231.8
592.8 1231.92
594.0 1232.04
595.2 1232.16
596.4 1232.28
597.6 1232.41
598.8 1232.53
600.0 1232.66
601.2 1232.79
602.4 1232.92
603.6 1233.05
604.8 1233.18
606.0 1233.32
607.2 1233.45
608.4 1233.58
609.6 1233.72
610.8 1233.85
612.0 1233.99
613.2 1234.12
614.4 1234.26
615.6 1234.39
616.8 1234.53
618.0 1234.67
619.2 1234.8
620.4 1234.94
621.6 1235.08
622.8 1235.22
624.0 1235.35
625.2 1235.49
626.4 1235.63
627.6 1235.76
628.8 1235.9
630.0 1236.04
631.2 1236.17
632.4 1236.31
633.6 1236.44
634.8 1236.58
636.0 1236.71
637.2 1236.85
638.4 1236.98
639.6 1237.11
640.8 1237.25
642.0 1237.38
643.2 1237.51
644.4 1237.64
645.6 1237.77
646.8 1237.89
648.0 1238.02
649.2 1238.15
650.4 1238.27
651.6 1238.4
652.8 1238.52
654.0 1238.64
655.2 1238.76
656.4 1238.88
657.6 1239.0
658.8 1239.12
660.0 1239.24
661.2 1239.36
662.4 1239.47
663.6 1239.59
664.8 1239.7
666.0 1239.81
667.2 1239.92
668.4 1240.03
669.6 1240.14
670.8 1240.25
672.0 1240.35
673.2 1240.46
674.4 1240.56
675.6 1240.66
676.8 1240.77
678.0 1240.87
679.2 1240.96
680.4 1241.06
681.6 1241.16
682.8 1241.25
684.0 1241.34
685.2 1241.44
686.4 1241.53
687.6 1241.61
688.8 1241.7
690.0 1241.79
691.2 1241.87
692.4 1241.96
693.6 1242.04
694.8 1242.12
696.0 1242.2
697.2 1242.27
698.4 1242.35
699.6 1242.42
700.8 1242.5
702.0 1242.57
703.2 1242.64
704.4 1242.71
705.6 1242.78
706.8 1242.84
708.0 1242.91
709.2 1242.97
710.4 1243.03
711.6 1243.1
712.8 1243.16
714.0 1243.22
715.2 1243.27
716.4 1243.33
717.6 1243.39
718.8 1243.44
720.0 1243.5
721.2 1243.55
722.4 1243.61
723.6 1243.66
724.8 1243.71
726.0 1243.76
727.2 1243.81
728.4 1243.86
729.6 1243.91
730.8 1243.96
732.0 1244.01
733.2 1244.06
734.4 1244.1
735.6 1244.15
736.8 1244.2
738.0 1244.24
739.2 1244.29
740.4 1244.33
741.6 1244.38
742.8 1244.42
744.0 1244.46
745.2 1244.5
746.4 1244.55
747.6 1244.59
748.8 1244.63
750.0 1244.66
751.2 1244.7
752.4 1244.74
753.6 1244.78
754.8 1244.81
756.0 1244.85
757.2 1244.88
758.4 1244.92
759.6 1244.95
760.8 1244.98
762.0 1245.01
763.2 1245.04
764.4 1245.07
765.6 1245.09
766.8 1245.12
768.0 1245.15
769.2 1245.17
770.4 1245.19
771.6 1245.21
772.8 1245.23
774.0 1245.25
775.2 1245.27
776.4 1245.29
777.6 1245.3
778.8 1245.32
780.0 1245.33
781.2 1245.34
782.4 1245.36
783.6 1245.37
784.8 1245.37
786.0 1245.38
787.2 1245.39
788.4 1245.39
789.6 1245.4
790.8 1245.4
792.0 1245.4
793.2 1245.4
794.4 1245.4
795.6 1245.4
796.8 1245.4
798.0 1245.4
799.2 1245.39
800.4 1245.39
801.6 1245.38
802.8 1245.38
804.0 1245.37
805.2 1245.36
806.4 1245.35
807.6 1245.34
808.8 1245.33
810.0 1245.32
811.2 1245.3
812.4 1245.29
813.6 1245.28
814.8 1245.26
816.0 1245.25
817.2 1245.23
818.4 1245.22
819.6 1245.2
820.8 1245.18
822.0 1245.16
823.2 1245.15
824.4 1245.13
825.6 1245.11
826.8 1245.1
828.0 1245.08
829.2 1245.06
830.4 1245.04
831.6 1245.03
832.8 1245.01
834.0 1244.99
835.2 1244.98
836.4 1244.96
837.6 1244.95
838.8 1244.93
840.0 1244.92
841.2 1244.91
842.4 1244.89
843.6 1244.88
844.8 1244.87
846.0 1244.86
847.2 1244.85
848.4 1244.83
849.6 1244.82
850.8 1244.81
852.0 1244.8
853.2 1244.79
854.4 1244.79
855.6 1244.78
856.8 1244.77
858.0 1244.76
859.2 1244.75
860.4 1244.74
861.6 1244.73
862.8 1244.72
864.0 1244.71
865.2 1244.71
866.4 1244.7
867.6 1244.69
868.8 1244.68
870.0 1244.67
871.2 1244.66
872.4 1244.65
873.6 1244.63
874.8 1244.62
876.0 1244.61
877.2 1244.6
878.4 1244.58
879.6 1244.57
880.8 1244.55
882.0 1244.54
883.2 1244.52
884.4 1244.5
885.6 1244.48
886.8 1244.47
888.0 1244.45
889.2 1244.43
890.4 1244.41
891.6 1244.39
892.8 1244.36
894.0 1244.34
895.2 1244.32
896.4 1244.29
897.6 1244.27
898.8 1244.25
900.0 1244.22
901.2 1244.2
902.4 1244.17
903.6 1244.14
904.8 1244.11
906.0 1244.09
907.2 1244.06
908.4 1244.03
909.6 1244.0
910.8 1243.97
912.0 1243.94
913.2 1243.9
914.4 1243.87
915.6 1243.84
916.8 1243.81
918.0 1243.77
919.2 1243.74
920.4 1243.7
921.6 1243.67
922.8 1243.63
924.0 1243.6
925.2 1243.56
926.4 1243.52
927.6 1243.49
928.8 1243.45
930.0 1243.41
931.2 1243.37
932.4 1243.34
933.6 1243.3
934.8 1243.26
936.0 1243.22
937.2 1243.18
938.4 1243.14
939.6 1243.1
940.8 1243.06
942.0 1243.02
943.2 1242.98
944.4 1242.94
945.6 1242.9
946.8 1242.86
948.0 1242.82
949.2 1242.78
950.4 1242.74
951.6 1242.7
952.8 1242.66
954.0 1242.62
955.2 1242.58
956.4 1242.54
957.6 1242.5
958.8 1242.46
960.0 1242.43
961.2 1242.39
962.4 1242.35
963.6 1242.31
964.8 1242.28
966.0 1242.24
967.2 1242.21
968.4 1242.17
969.6 1242.14
970.8 1242.11
972.0 1242.07
973.2 1242.04
974.4 1242.01
975.6 1241.98
976.8 1241.95
978.0 1241.92
979.2 1241.89
980.4 1241.87
981.6 1241.84
982.8 1241.82
984.0 1241.79
985.2 1241.77
986.4 1241.74
987.6 1241.72
988.8 1241.7
990.0 1241.68
991.2 1241.66
992.4 1241.64
993.6 1241.62
994.8 1241.61
996.0 1241.59
997.2 1241.57
998.4 1241.56
999.6 1241.54
1000.8 1241.53
1002.0 1241.58
1003.2 1241.73
1004.4 1242.04
1005.6 1242.53
1006.8 1243.23
1008.0 1244.15
1009.2 1245.29
1010.4 1246.68
1011.6 1248.3
1012.8 1250.16
1014.0 1252.25
1015.2 1254.58
1016.4 1257.14
1017.6 1259.93
1018.8 1262.94
1020.0 1266.17
1021.2 1269.62
1022.4 1273.3
1023.6 1277.19
1024.8 1281.3
1026.0 1285.63
1027.2 1290.17
1028.4 1294.91
1029.6 1299.86
1030.8 1305.02
1032.0 1310.37
1033.2 1315.92
1034.4 1321.65
1035.6 1327.58
1036.8 1333.69
1038.0 1339.98
1039.2 1346.45
1040.4 1353.09
1041.6 1359.91
1042.8 1366.89
1044.0 1374.04
1045.2 1381.34
1046.4 1388.81
1047.6 1396.43
1048.8 1404.2
1050.0 1412.11
1051.2 1420.17
1052.4 1428.38
1053.6 1436.72
1054.8 1445.19
1056.0 1453.8
1057.2 1462.54
1058.4 1471.4
1059.6 1480.38
1060.8 1489.48
1062.0 1498.7
1063.2 1508.03
1064.4 1517.46
1065.6 1527.01
1066.8 1536.66
1068.0 1546.4
1069.2 1556.25
1070.4 1566.19
1071.6 1576.22
1072.8 1586.33
1074.0 1596.53
1075.2 1606.82
1076.4 1617.18
1077.6 1627.61
1078.8 1638.12
1080.0 1648.7
1081.2 1659.34
1082.4 1670.05
1083.6 1680.82
1084.8 1691.64
1086.0 1702.52
1087.2 1713.45
1088.4 1724.43
1089.6 1735.46
1090.8 1746.52
1092.0 1757.63
1093.2 1768.77
1094.4 1779.95
1095.6 1791.15
1096.8 1802.39
1098.0 1813.65
1099.2 1824.93
1100.4 1836.23
1101.6 1847.54
1102.8 1858.87
1104.0 1870.21
1105.2 1881.56
1106.4 1892.91
1107.6 1904.27
1108.8 1915.62
1110.0 1926.97
1111.2 1938.32
1112.4 1949.65
1113.6 1960.98
1114.8 1972.28
1116.0 1983.58
1117.2 1994.85
1118.4 2006.1
1119.6 2017.32
1120.8 2028.52
1122.0 2039.68
1123.2 2050.81
1124.4 2061.91
1125.6 2072.97
1126.8 2083.98
1128.0 2094.96
1129.2 2105.88
1130.4 2116.76
1131.6 2127.59
1132.8 2138.36
1134.0 2149.07
1135.2 2159.73
1136.4 2170.33
1137.6 2180.86
1138.8 2191.33
1140.0 2201.72
1141.2 2212.05
1142.4 2222.3
1143.6 2232.48
1144.8 2242.58
1146.0 2252.6
1147.2 2262.54
1148.4 2272.39
1149.6 2282.15
1150.8 2291.83
1152.0 2301.41
1153.2 2310.9
1154.4 2320.3
1155.6 2329.59
1156.8 2338.79
1158.0 2347.88
1159.2 2356.87
1160.4 2365.75
1161.6 2374.53
1162.8 2383.19
1164.0 2391.74
1165.2 2400.18
1166.4 2408.5
1167.6 2416.7
1168.8 2424.78
1170.0 2432.74
1171.2 2440.58
1172.4 2448.29
1173.6 2455.87
1174.8 2463.32
1176.0 2470.64
1177.2 2477.83
1178.4 2484.88
1179.6 2491.8
1180.8 2498.57
1182.0 2505.21
1183.2 2511.71
1184.4 2518.06
1185.6 2524.27
1186.8 2530.34
1188.0 2536.25
1189.2 2542.02
1190.4 2547.64
1191.6 2553.1
1192.8 2558.41
1194.0 2563.57
1195.2 2568.57
1196.4 2573.41
1197.6 2578.1
1198.8 2582.62
1200.0 2586.98
1201.2 2591.19
1202.4 2595.23
1203.6 2599.11
1204.8 2602.82
1206.0 2606.37
1207.2 2609.76
1208.4 2612.99
1209.6 2616.05
1210.8 2618.95
1212.0 2621.68
1213.2 2624.26
1214.4 2626.67
1215.6 2628.92
1216.8 2631.01
1218.0 2632.94
1219.2 2634.71
1220.4 2636.33
1221.6 2637.78
1222.8 2639.08
1224.0 2640.22
1225.2 2641.21
1226.4 2642.04
1227.6 2642.72
1228.8 2643.25
1230.0 2643.63
1231.2 2643.85
1232.4 2643.93
1233.6 2643.86
1234.8 2643.65
1236.0 2643.29
1237.2 2642.79
1238.4 2642.14
1239.6 2641.36
1240.8 2640.43
1242.0 2639.37
1243.2 2638.17
1244.4 2636.83
1245.6 2635.36
1246.8 2633.76
1248.0 2632.03
1249.2 2630.17
1250.4 2628.18
1251.6 2626.06
1252.8 2623.83
1254.0 2621.46
1255.2 2618.98
1256.4 2616.38
1257.6 2613.66
1258.8 2610.82
1260.0 2607.87
1261.2 2604.8
1262.4 2601.63
1263.6 2598.34
1264.8 2594.95
1266.0 2591.45
1267.2 2587.84
1268.4 2584.14
1269.6 2580.33
1270.8 2576.42
1272.0 2572.41
1273.2 2568.31
1274.4 2564.11
1275.6 2559.82
1276.8 2555.44
1278.0 2550.97
1279.2 2546.41
1280.4 2541.77
1281.6 2537.05
1282.8 2532.24
1284.0 2527.35
1285.2 2522.38
1286.4 2517.34
1287.6 2512.22
1288.8 2507.03
1290.0 2501.76
1291.2 2496.43
1292.4 2491.02
1293.6 2485.55
1294.8 2480.02
1296.0 2474.42
1297.2 2468.76
1298.4 2463.04
1299.6 2457.26
1300.8 2451.42
1302.0 2445.53
1303.2 2439.58
1304.4 2433.58
1305.6 2427.54
1306.8 2421.44
1308.0 2415.29
1309.2 2409.1
1310.4 2402.87
1311.6 2396.59
1312.8 2390.27
1314.0 2383.91
1315.2 2377.52
1316.4 2371.08
1317.6 2364.61
1318.8 2358.11
1320.0 2351.58
1321.2 2345.01
1322.4 2338.42
1323.6 2331.79
1324.8 2325.14
1326.0 2318.47
1327.2 2311.77
1328.4 2305.05
1329.6 2298.31
1330.8 2291.55
1332.0 2284.77
1333.2 2277.97
1334.4 2271.16
1335.6 2264.33
1336.8 2257.49
1338.0 2250.64
1339.2 2243.78
1340.4 2236.91
1341.6 2230.03
1342.8 2223.14
1344.0 2216.25
1345.2 2209.35
1346.4 2202.45
1347.6 2195.55
1348.8 2188.65
1350.0 2181.74
1351.2 2174.84
1352.4 2167.94
1353.6 2161.05
1354.8 2154.16
1356.0 2147.28
1357.2 2140.4
1358.4 2133.53
1359.6 2126.67
1360.8 2119.81
1362.0 2112.95
1363.2 2106.09
1364.4 2099.23
1365.6 2092.37
1366.8 2085.51
1368.0 2078.65
1369.2 2071.78
1370.4 2064.92
1371.6 2058.05
1372.8 2051.18
1374.0 2044.31
1375.2 2037.45
1376.4 2030.58
1377.6 2023.72
1378.8 2016.87
1380.0 2010.02
1381.2 2003.18
1382.4 1996.35
1383.6 1989.53
1384.8 1982.72
1386.0 1975.93
1387.2 1969.14
1388.4 1962.38
1389.6 1955.63
1390.8 1948.9
1392.0 1942.2
1393.2 1935.51
1394.4 1928.85
1395.6 1922.21
1396.8 1915.59
1398.0 1909.01
1399.2 1902.45
1400.4 1895.92
1401.6 1889.42
1402.8 1882.95
1404.0 1876.52
1405.2 1870.12
1406.4 1863.76
1407.6 1857.43
1408.8 1851.14
1410.0 1844.89
1411.2 1838.67
1412.4 1832.5
1413.6 1826.37
1414.8 1820.28
1416.0 1814.23
1417.2 1808.23
1418.4 1802.27
1419.6 1796.36
1420.8 1790.49
1422.0 1784.67
1423.2 1778.89
1424.4 1773.16
1425.6 1767.48
1426.8 1761.85
1428.0 1756.27
1429.2 1750.73
1430.4 1745.24
1431.6 1739.81
1432.8 1734.42
1434.0 1729.09
1435.2 1723.8
1436.4 1718.57
1437.6 1713.38
1438.8 1708.25
1440.0 1703.17
1441.2 1698.14
1442.4 1693.16
1443.6 1688.23
1444.8 1683.35
1446.0 1678.53
1447.2 1673.75
1448.4 1669.03
1449.6 1664.36
1450.8 1659.74
1452.0 1655.17
1453.2 1650.65
1454.4 1646.18
1455.6 1641.77
1456.8 1637.4
1458.0 1633.09
1459.2 1628.82
1460.4 1624.6
1461.6 1620.44
1462.8 1616.32
1464.0 1612.25
1465.2 1608.23
1466.4 1604.26
1467.6 1600.34
1468.8 1596.47
1470.0 1592.64
1471.2 1588.87
1472.4 1585.14
1473.6 1581.45
1474.8 1577.82
1476.0 1574.23
1477.2 1570.68
1478.4 1567.18
1479.6 1563.73
1480.8 1560.32
1482.0 1556.96
1483.2 1553.64
1484.4 1550.37
1485.6 1547.14
1486.8 1543.95
1488.0 1540.81
1489.2 1537.71
1490.4 1534.66
1491.6 1531.64
1492.8 1528.67
1494.0 1525.74
1495.2 1522.85
1496.4 1520.0
1497.6 1517.19
1498.8 1514.43
1500.0 1511.7
1501.2 1509.01
1502.4 1506.36
1503.6 1503.75
1504.8 1501.18
1506.0 1498.65
1507.2 1496.15
1508.4 1493.7
1509.6 1491.28
1510.8 1488.89
1512.0 1486.55
1513.2 1484.23
1514.4 1481.96
1515.6 1479.72
1516.8 1477.51
1518.0 1475.34
1519.2 1473.21
1520.4 1471.11
1521.6 1469.04
1522.8 1467.01
1524.0 1465.01
1525.2 1463.04
1526.4 1461.1
1527.6 1459.2
1528.8 1457.33
1530.0 1455.49
1531.2 1453.68
1532.4 1451.9
1533.6 1450.16
1534.8 1448.44
1536.0 1446.75
1537.2 1445.09
1538.4 1443.46
1539.6 1441.86
1540.8 1440.29
1542.0 1438.75
1543.2 1437.23
1544.4 1435.74
1545.6 1434.28
1546.8 1432.84
1548.0 1431.43
1549.2 1430.05
1550.4 1428.69
1551.6 1427.36
1552.8 1426.05
1554.0 1424.77
1555.2 1423.51
1556.4 1422.27
1557.6 1421.06
1558.8 1419.86
1560.0 1418.7
1561.2 1417.55
1562.4 1416.42
1563.6 1415.32
1564.8 1414.24
1566.0 1413.17
1567.2 1412.13
1568.4 1411.11
1569.6 1410.1
1570.8 1409.12
1572.0 1408.15
1573.2 1407.21
1574.4 1406.28
1575.6 1405.37
1576.8 1404.47
1578.0 1403.6
1579.2 1402.74
1580.4 1401.89
1581.6 1401.07
1582.8 1400.25
1584.0 1399.46
1585.2 1398.68
1586.4 1397.91
1587.6 1397.16
1588.8 1396.43
1590.0 1395.7
1591.2 1395.0
1592.4 1394.3
1593.6 1393.62
1594.8 1392.96
1596.0 1392.3
1597.2 1391.66
1598.4 1391.03
1599.6 1390.42
1600.8 1389.81
1602.0 1389.22
1603.2 1388.64
1604.4 1388.08
1605.6 1387.52
1606.8 1386.98
1608.0 1386.44
1609.2 1385.92
1610.4 1385.4
1611.6 1384.9
1612.8 1384.41
1614.0 1383.93
1615.2 1383.45
1616.4 1382.99
1617.6 1382.54
1618.8 1382.09
1620.0 1381.66
1621.2 1381.24
1622.4 1380.82
1623.6 1380.42
1624.8 1380.02
1626.0 1379.63
1627.2 1379.26
1628.4 1378.89
1629.6 1378.53
1630.8 1378.17
1632.0 1377.83
1633.2 1377.5
1634.4 1377.17
1635.6 1376.85
1636.8 1376.54
1638.0 1376.24
1639.2 1375.95
1640.4 1375.66
1641.6 1375.38
1642.8 1375.11
1644.0 1374.85
1645.2 1374.59
1646.4 1374.35
1647.6 1374.1
1648.8 1373.87
1650.0 1373.64
1651.2 1373.42
1652.4 1373.21
1653.6 1373.0
1654.8 1372.8
1656.0 1372.61
1657.2 1372.42
1658.4 1372.24
1659.6 1372.07
1660.8 1371.9
1662.0 1371.74
1663.2 1371.58
1664.4 1371.43
1665.6 1371.29
1666.8 1371.15
1668.0 1371.01
1669.2 1370.88
1670.4 1370.75
1671.6 1370.63
1672.8 1370.52
1674.0 1370.4
1675.2 1370.29
1676.4 1370.19
1677.6 1370.09
1678.8 1369.99
1680.0 1369.9
1681.2 1369.81
1682.4 1369.72
1683.6 1369.64
1684.8 1369.56
1686.0 1369.48
1687.2 1369.41
1688.4 1369.34
1689.6 1369.28
1690.8 1369.21
1692.0 1369.15
1693.2 1369.09
1694.4 1369.04
1695.6 1368.98
1696.8 1368.93
1698.0 1368.88
1699.2 1368.84
1700.4 1368.79
1701.6 1368.75
1702.8 1368.71
1704.0 1368.67
1705.2 1368.63
1706.4 1368.6
1707.6 1368.57
1708.8 1368.54
1710.0 1368.51
1711.2 1368.48
1712.4 1368.46
1713.6 1368.44
1714.8 1368.42
1716.0 1368.4
1717.2 1368.39
1718.4 1368.37
1719.6 1368.36
1720.8 1368.35
1722.0 1368.34
1723.2 1368.34
1724.4 1368.33
1725.6 1368.33
1726.8 1368.33
1728.0 1368.33
1729.2 1368.33
1730.4 1368.33
1731.6 1368.33
1732.8 1368.34
1734.0 1368.34
1735.2 1368.35
1736.4 1368.36
1737.6 1368.37
1738.8 1368.38
1740.0 1368.39
1741.2 1368.4
1742.4 1368.42
1743.6 1368.43
1744.8 1368.45
1746.0 1368.46
1747.2 1368.48
1748.4 1368.5
1749.6 1368.52
1750.8 1368.53
1752.0 1368.55
1753.2 1368.57
1754.4 1368.59
1755.6 1368.61
1756.8 1368.63
1758.0 1368.65
1759.2 1368.67
1760.4 1368.69
1761.6 1368.71
1762.8 1368.73
1764.0 1368.76
1765.2 1368.78
1766.4 1368.8
1767.6 1368.82
1768.8 1368.84
1770.0 1368.86
1771.2 1368.89
1772.4 1368.91
1773.6 1368.93
1774.8 1368.96
1776.0 1368.98
1777.2 1369.0
1778.4 1369.03
1779.6 1369.05
1780.8 1369.07
1782.0 1369.1
1783.2 1369.12
1784.4 1369.15
1785.6 1369.17
1786.8 1369.2
1788.0 1369.22
1789.2 1369.25
1790.4 1369.27
1791.6 1369.3
1792.8 1369.32
1794.0 1369.35
1795.2 1369.37
1796.4 1369.4
1797.6 1369.42
1798.8 1369.45
1800.0 1369.47
1801.2 1369.49
1802.4 1369.52
1803.6 1369.54
1804.8 1369.56
1806.0 1369.59
1807.2 1369.61
1808.4 1369.63
1809.6 1369.65
1810.8 1369.68
1812.0 1369.7
1813.2 1369.72
1814.4 1369.74
1815.6 1369.76
1816.8 1369.78
1818.0 1369.8
1819.2 1369.82
1820.4 1369.83
1821.6 1369.85
1822.8 1369.87
1824.0 1369.89
1825.2 1369.9
1826.4 1369.92
1827.6 1369.93
1828.8 1369.95
1830.0 1369.96
1831.2 1369.98
1832.4 1369.99
1833.6 1370.01
1834.8 1370.02
1836.0 1370.04
1837.2 1370.05
1838.4 1370.07
1839.6 1370.08
1840.8 1370.09
1842.0 1370.11
1843.2 1370.12
1844.4 1370.13
1845.6 1370.15
1846.8 1370.16
1848.0 1370.17
1849.2 1370.19
1850.4 1370.2
1851.6 1370.21
1852.8 1370.23
1854.0 1370.24
1855.2 1370.25
1856.4 1370.27
1857.6 1370.28
1858.8 1370.3
1860.0 1370.31
1861.2 1370.32
1862.4 1370.34
1863.6 1370.36
1864.8 1370.37
1866.0 1370.39
1867.2 1370.4
1868.4 1370.42
1869.6 1370.43
1870.8 1370.45
1872.0 1370.46
1873.2 1370.48
1874.4 1370.5
1875.6 1370.51
1876.8 1370.53
1878.0 1370.55
1879.2 1370.56
1880.4 1370.58
1881.6 1370.6
1882.8 1370.61
1884.0 1370.63
1885.2 1370.65
1886.4 1370.67
1887.6 1370.69
1888.8 1370.7
1890.0 1370.72
1891.2 1370.74
1892.4 1370.76
1893.6 1370.78
1894.8 1370.8
1896.0 1370.82
1897.2 1370.84
1898.4 1370.86
1899.6 1370.88
1900.8 1370.9
1902.0 1370.92
1903.2 1370.94
1904.4 1370.96
1905.6 1370.98
1906.8 1371.0
1908.0 1371.02
1909.2 1371.04
1910.4 1371.06
1911.6 1371.08
1912.8 1371.09
1914.0 1371.11
1915.2 1371.13
1916.4 1371.15
1917.6 1371.17
1918.8 1371.19
1920.0 1371.2
1921.2 1371.22
1922.4 1371.24
1923.6 1371.26
1924.8 1371.27
1926.0 1371.29
1927.2 1371.3
1928.4 1371.32
1929.6 1371.33
1930.8 1371.34
1932.0 1371.35
1933.2 1371.37
1934.4 1371.38
1935.6 1371.39
1936.8 1371.39
1938.0 1371.4
1939.2 1371.41
1940.4 1371.42
1941.6 1371.42
1942.8 1371.43
1944.0 1371.43
1945.2 1371.43
1946.4 1371.44
1947.6 1371.44
1948.8 1371.44
1950.0 1371.44
1951.2 1371.44
1952.4 1371.44
1953.6 1371.44
1954.8 1371.44
1956.0 1371.44
1957.2 1371.43
1958.4 1371.43
1959.6 1371.42
1960.8 1371.42
1962.0 1371.41
1963.2 1371.4
1964.4 1371.4
1965.6 1371.39
1966.8 1371.38
1968.0 1371.37
1969.2 1371.36
1970.4 1371.35
1971.6 1371.33
1972.8 1371.32
1974.0 1371.31
1975.2 1371.29
1976.4 1371.28
1977.6 1371.27
1978.8 1371.25
1980.0 1371.23
1981.2 1371.22
1982.4 1371.2
1983.6 1371.19
1984.8 1371.17
1986.0 1371.15
1987.2 1371.13
1988.4 1371.11
1989.6 1371.1
1990.8 1371.08
1992.0 1371.06
1993.2 1371.04
1994.4 1371.02
1995.6 1371.0
1996.8 1370.98
1998.0 1370.96
1999.2 1370.94
2000.4 1370.92
2001.6 1370.87
2002.8 1370.72
2004.0 1370.44
2005.2 1369.99
2006.4 1369.36
2007.6 1368.54
2008.8 1367.53
2010.0 1366.32
2011.2 1364.92
2012.4 1363.34
2013.6 1361.58
2014.8 1359.65
2016.0 1357.57
2017.2 1355.35
2018.4 1353.0
2019.6 1350.52
2020.8 1347.95
2022.0 1345.28
2023.2 1342.53
2024.4 1339.72
2025.6 1336.86
2026.8 1333.96
2028.0 1331.04
2029.2 1328.12
2030.4 1325.2
2031.6 1322.3
2032.8 1319.44
2034.0 1316.62
2035.2 1313.87
2036.4 1311.19
2037.6 1308.6
2038.8 1306.12
2040.0 1303.75
2041.2 1301.51
2042.4 1299.42
2043.6 1297.48
2044.8 1295.7
2046.0 1294.1
2047.2 1292.69
2048.4 1291.49
2049.6 1290.49
2050.8 1289.72
2052.0 1289.19
2053.2 1288.89
2054.4 1288.85
2055.6 1289.07
2056.8 1289.58
2058.0 1290.4
2059.2 1291.52
2060.4 1292.94
2061.6 1294.64
2062.8 1296.58
2064.0 1298.77
2065.2 1301.19
2066.4 1303.81
2067.6 1306.63
2068.8 1309.62
2070.0 1312.78
2071.2 1316.09
2072.4 1319.53
2073.6 1323.11
2074.8 1326.81
2076.0 1330.63
2077.2 1334.56
2078.4 1338.59
2079.6 1342.71
2080.8 1346.93
2082.0 1351.23
2083.2 1355.61
2084.4 1360.07
2085.6 1364.59
2086.8 1369.17
2088.0 1373.8
2089.2 1378.49
2090.4 1383.22
2091.6 1387.98
2092.8 1392.79
2094.0 1397.62
2095.2 1402.47
2096.4 1407.35
2097.6 1412.24
2098.8 1417.14
2100.0 1422.04
2101.2 1426.95
2102.4 1431.86
2103.6 1436.75
2104.8 1441.64
2106.0 1446.51
2107.2 1451.37
2108.4 1456.2
2109.6 1461.01
2110.8 1465.79
2112.0 1470.54
2113.2 1475.25
2114.4 1479.93
2115.6 1484.56
2116.8 1489.15
2118.0 1493.7
2119.2 1498.19
2120.4 1502.64
2121.6 1507.03
2122.8 1511.36
2124.0 1515.64
2125.2 1519.86
2126.4 1524.01
2127.6 1528.1
2128.8 1532.13
2130.0 1536.09
2131.2 1539.97
2132.4 1543.79
2133.6 1547.54
2134.8 1551.21
2136.0 1554.81
2137.2 1558.34
2138.4 1561.78
2139.6 1565.15
2140.8 1568.44
2142.0 1571.66
2143.2 1574.79
2144.4 1577.84
2145.6 1580.81
2146.8 1583.7
2148.0 1586.51
2149.2 1589.23
2150.4 1591.88
2151.6 1594.43
2152.8 1596.91
2154.0 1599.3
2155.2 1601.61
2156.4 1603.84
2157.6 1605.98
2158.8 1608.04
2160.0 1610.02
2161.2 1611.92
2162.4 1613.73
2163.6 1615.47
2164.8 1617.12
2166.0 1618.69
2167.2 1620.18
2168.4 1621.59
2169.6 1622.93
2170.8 1624.18
2172.0 1625.36
2173.2 1626.46
2174.4 1627.49
2175.6 1628.44
2176.8 1629.31
2178.0 1630.12
2179.2 1630.85
2180.4 1631.51
2181.6 1632.1
2182.8 1632.62
2184.0 1633.08
2185.2 1633.47
2186.4 1633.79
2187.6 1634.05
2188.8 1634.24
2190.0 1634.37
2191.2 1634.44
2192.4 1634.45
2193.6 1634.41
2194.8 1634.3
2196.0 1634.14
2197.2 1633.93
2198.4 1633.66
2199.6 1633.34
2200.8 1632.97
2202.0 1632.55
2203.2 1632.08
2204.4 1631.57
2205.6 1631.01
2206.8 1630.4
2208.0 1629.75
2209.2 1629.06
2210.4 1628.33
2211.6 1627.56
2212.8 1626.75
2214.0 1625.91
2215.2 1625.03
2216.4 1624.12
2217.6 1623.17
2218.8 1622.2
2220.0 1621.19
2221.2 1620.15
2222.4 1619.09
2223.6 1618.0
2224.8 1616.89
2226.0 1615.75
2227.2 1614.59
2228.4 1613.4
2229.6 1612.2
2230.8 1610.98
2232.0 1609.74
2233.2 1608.48
2234.4 1607.2
2235.6 1605.92
2236.8 1604.61
2238.0 1603.3
2239.2 1601.97
2240.4 1600.64
2241.6 1599.29
2242.8 1597.94
2244.0 1596.58
2245.2 1595.21
2246.4 1593.83
2247.6 1592.45
2248.8 1591.07
2250.0 1589.69
2251.2 1588.3
2252.4 1586.91
2253.6 1585.52
2254.8 1584.14
2256.0 1582.75
2257.2 1581.37
2258.4 1579.98
2259.6 1578.61
2260.8 1577.23
2262.0 1575.86
2263.2 1574.5
2264.4 1573.14
2265.6 1571.79
2266.8 1570.45
2268.0 1569.12
2269.2 1567.79
2270.4 1566.48
2271.6 1565.17
2272.8 1563.87
2274.0 1562.59
2275.2 1561.32
2276.4 1560.05
2277.6 1558.8
2278.8 1557.57
2280.0 1556.34
2281.2 1555.13
2282.4 1553.94
2283.6 1552.75
2284.8 1551.59
2286.0 1550.43
2287.2 1549.3
2288.4 1548.17
2289.6 1547.07
2290.8 1545.98
2292.0 1544.9
2293.2 1543.85
2294.4 1542.8
2295.6 1541.78
2296.8 1540.77
2298.0 1539.78
2299.2 1538.81
2300.4 1537.86
2301.6 1536.92
2302.8 1536.0
2304.0 1535.1
2305.2 1534.22
2306.4 1533.35
2307.6 1532.51
2308.8 1531.68
2310.0 1530.87
2311.2 1530.08
2312.4 1529.3
2313.6 1528.55
2314.8 1527.81
2316.0 1527.09
2317.2 1526.39
2318.4 1525.71
2319.6 1525.05
2320.8 1524.4
2322.0 1523.77
2323.2 1523.16
2324.4 1522.57
2325.6 1522.0
2326.8 1521.44
2328.0 1520.9
2329.2 1520.38
2330.4 1519.88
2331.6 1519.39
2332.8 1518.92
2334.0 1518.47
2335.2 1518.03
2336.4 1517.62
2337.6 1517.21
2338.8 1516.83
2340.0 1516.46
2341.2 1516.1
2342.4 1515.76
2343.6 1515.44
2344.8 1515.13
2346.0 1514.84
2347.2 1514.56
2348.4 1514.3
2349.6 1514.05
2350.8 1513.82
2352.0 1513.6
2353.2 1513.4
2354.4 1513.2
2355.6 1513.03
2356.8 1512.86
2358.0 1512.71
2359.2 1512.57
2360.4 1512.45
2361.6 1512.33
2362.8 1512.23
2364.0 1512.14
2365.2 1512.07
2366.4 1512.0
2367.6 1511.95
2368.8 1511.9
2370.0 1511.87
2371.2 1511.85
2372.4 1511.84
2373.6 1511.84
2374.8 1511.85
2376.0 1511.87
2377.2 1511.9
2378.4 1511.94
2379.6 1511.98
2380.8 1512.04
2382.0 1512.11
2383.2 1512.18
2384.4 1512.26
2385.6 1512.35
2386.8 1512.45
2388.0 1512.56
2389.2 1512.67
2390.4 1512.79
2391.6 1512.92
2392.8 1513.06
2394.0 1513.2
2395.2 1513.35
2396.4 1513.5
2397.6 1513.66
2398.8 1513.83
2400.0 1514.0
2401.2 1514.18
2402.4 1514.37
2403.6 1514.55
2404.8 1514.75
2406.0 1514.95
2407.2 1515.15
2408.4 1515.36
2409.6 1515.57
2410.8 1515.78
2412.0 1516.0
2413.2 1516.23
2414.4 1516.45
2415.6 1516.68
2416.8 1516.91
2418.0 1517.15
2419.2 1517.39
2420.4 1517.63
2421.6 1517.87
2422.8 1518.12
2424.0 1518.37
2425.2 1518.62
2426.4 1518.87
2427.6 1519.13
2428.8 1519.38
2430.0 1519.64
2431.2 1519.9
2432.4 1520.16
2433.6 1520.42
2434.8 1520.68
2436.0 1520.94
2437.2 1521.2
2438.4 1521.47
2439.6 1521.73
2440.8 1521.99
2442.0 1522.26
2443.2 1522.52
2444.4 1522.79
2445.6 1523.05
2446.8 1523.31
2448.0 1523.58
2449.2 1523.84
2450.4 1524.1
2451.6 1524.37
2452.8 1524.63
2454.0 1524.89
2455.2 1525.15
2456.4 1525.41
2457.6 1525.66
2458.8 1525.92
2460.0 1526.18
2461.2 1526.43
2462.4 1526.68
2463.6 1526.94
2464.8 1527.19
2466.0 1527.43
2467.2 1527.68
2468.4 1527.93
2469.6 1528.17
2470.8 1528.41
2472.0 1528.66
2473.2 1528.89
2474.4 1529.13
2475.6 1529.37
2476.8 1529.6
2478.0 1529.83
2479.2 1530.06
2480.4 1530.29
2481.6 1530.52
2482.8 1530.74
2484.0 1530.96
2485.2 1531.19
2486.4 1531.4
2487.6 1531.62
2488.8 1531.83
2490.0 1532.05
2491.2 1532.26
2492.4 1532.46
2493.6 1532.67
2494.8 1532.87
2496.0 1533.08
2497.2 1533.28
2498.4 1533.47
2499.6 1533.67
2500.8 1533.86
2502.0 1534.0
2503.2 1534.02
2504.4 1533.89
2505.6 1533.57
2506.8 1533.05
2508.0 1532.3
2509.2 1531.32
2510.4 1530.1
2511.6 1528.64
2512.8 1526.94
2514.0 1524.98
2515.2 1522.77
2516.4 1520.3
2517.6 1517.59
2518.8 1514.64
2520.0 1511.43
2521.2 1508.0
2522.4 1504.32
2523.6 1500.42
2524.8 1496.32
2526.0 1492.04
2527.2 1487.62
2528.4 1483.08
2529.6 1478.42
2530.8 1473.66
2532.0 1468.79
2533.2 1463.85
2534.4 1458.82
2535.6 1453.73
2536.8 1448.58
2538.0 1443.38
2539.2 1438.15
2540.4 1432.89
2541.6 1427.62
2542.8 1422.34
2544.0 1417.06
2545.2 1411.79
2546.4 1406.55
2547.6 1401.35
2548.8 1396.19
2550.0 1391.08
2551.2 1386.04
2552.4 1381.07
2553.6 1376.19
2554.8 1371.4
2556.0 1366.72
2557.2 1362.15
2558.4 1357.7
2559.6 1353.38
2560.8 1349.2
2562.0 1345.18
2563.2 1341.31
2564.4 1337.61
2565.6 1334.09
2566.8 1330.77
2568.0 1327.68
2569.2 1324.85
2570.4 1322.32
2571.6 1320.1
2572.8 1318.21
2574.0 1316.63
2575.2 1315.34
2576.4 1314.32
2577.6 1313.57
2578.8 1313.06
2580.0 1312.78
2581.2 1312.72
2582.4 1312.85
2583.6 1313.17
2584.8 1313.67
2586.0 1314.32
2587.2 1315.13
2588.4 1316.08
2589.6 1317.16
2590.8 1318.39
2592.0 1319.74
2593.2 1321.21
2594.4 1322.8
2595.6 1324.5
2596.8 1326.31
2598.0 1328.22
2599.2 1330.23
2600.4 1332.33
2601.6 1334.51
2602.8 1336.78
2604.0 1339.12
2605.2 1341.54
2606.4 1344.02
2607.6 1346.56
2608.8 1349.17
2610.0 1351.83
2611.2 1354.53
2612.4 1357.29
2613.6 1360.08
2614.8 1362.92
2616.0 1365.78
2617.2 1368.68
2618.4 1371.6
2619.6 1374.55
2620.8 1377.52
2622.0 1380.5
2623.2 1383.49
2624.4 1386.5
2625.6 1389.51
2626.8 1392.52
2628.0 1395.53
2629.2 1398.54
2630.4 1401.55
2631.6 1404.54
2632.8 1407.53
2634.0 1410.5
2635.2 1413.45
2636.4 1416.39
2637.6 1419.3
2638.8 1422.19
2640.0 1425.06
2641.2 1427.9
2642.4 1430.71
2643.6 1433.49
2644.8 1436.23
2646.0 1438.94
2647.2 1441.61
2648.4 1444.24
2649.6 1446.84
2650.8 1449.39
2652.0 1451.9
2653.2 1454.36
2654.4 1456.78
2655.6 1459.15
2656.8 1461.48
2658.0 1463.75
2659.2 1465.98
2660.4 1468.15
2661.6 1470.28
2662.8 1472.35
2664.0 1474.36
2665.2 1476.32
2666.4 1478.23
2667.6 1480.08
2668.8 1481.88
2670.0 1483.62
2671.2 1485.3
2672.4 1486.93
2673.6 1488.49
2674.8 1490.0
2676.0 1491.45
2677.2 1492.84
2678.4 1494.18
2679.6 1495.45
2680.8 1496.67
2682.0 1497.83
2683.2 1498.93
2684.4 1499.97
2685.6 1500.95
2686.8 1501.87
2688.0 1502.74
2689.2 1503.55
2690.4 1504.3
2691.6 1504.99
2692.8 1505.63
2694.0 1506.21
2695.2 1506.74
2696.4 1507.21
2697.6 1507.62
2698.8 1507.98
2700.0 1508.29
2701.2 1508.54
2702.4 1508.74
2703.6 1508.89
2704.8 1508.99
2706.0 1509.04
2707.2 1509.04
2708.4 1508.99
2709.6 1508.89
2710.8 1508.74
2712.0 1508.54
2713.2 1508.3
2714.4 1508.02
2715.6 1507.69
2716.8 1507.31
2718.0 1506.9
2719.2 1506.44
2720.4 1505.94
2721.6 1505.4
2722.8 1504.82
2724.0 1504.21
2725.2 1503.55
2726.4 1502.86
2727.6 1502.14
2728.8 1501.37
2730.0 1500.58
2731.2 1499.75
2732.4 1498.89
2733.6 1498.0
2734.8 1497.08
2736.0 1496.13
2737.2 1495.15
2738.4 1494.14
2739.6 1493.11
2740.8 1492.05
2742.0 1490.97
2743.2 1489.86
2744.4 1488.73
2745.6 1487.58
2746.8 1486.41
2748.0 1485.22
2749.2 1484.0
2750.4 1482.77
2751.6 1481.53
2752.8 1480.26
2754.0 1478.98
2755.2 1477.69
2756.4 1476.38
2757.6 1475.05
2758.8 1473.72
2760.0 1472.37
2761.2 1471.01
2762.4 1469.65
2763.6 1468.27
2764.8 1466.88
2766.0 1465.49
2767.2 1464.09
2768.4 1462.68
2769.6 1461.27
2770.8 1459.85
2772.0 1458.43
2773.2 1457.0
2774.4 1455.57
2775.6 1454.14
2776.8 1452.71
2778.0 1451.27
2779.2 1449.84
2780.4 1448.4
2781.6 1446.97
2782.8 1445.54
2784.0 1444.11
2785.2 1442.68
2786.4 1441.26
2787.6 1439.83
2788.8 1438.42
2790.0 1437.0
2791.2 1435.6
2792.4 1434.19
2793.6 1432.8
2794.8 1431.41
2796.0 1430.02
2797.2 1428.65
2798.4 1427.28
2799.6 1425.92
2800.8 1424.56
2802.0 1423.22
2803.2 1421.88
2804.4 1420.56
2805.6 1419.24
2806.8 1417.93
2808.0 1416.64
2809.2 1415.35
2810.4 1414.08
2811.6 1412.81
2812.8 1411.56
2814.0 1410.32
2815.2 1409.09
2816.4 1407.87
2817.6 1406.67
2818.8 1405.48
2820.0 1404.3
2821.2 1403.13
2822.4 1401.98
2823.6 1400.84
2824.8 1399.71
2826.0 1398.59
2827.2 1397.49
2828.4 1396.41
2829.6 1395.33
2830.8 1394.27
2832.0 1393.23
2833.2 1392.2
2834.4 1391.18
2835.6 1390.18
2836.8 1389.19
2838.0 1388.21
2839.2 1387.25
2840.4 1386.31
2841.6 1385.37
2842.8 1384.46
2844.0 1383.55
2845.2 1382.66
2846.4 1381.79
2847.6 1380.93
2848.8 1380.08
2850.0 1379.25
2851.2 1378.44
2852.4 1377.63
2853.6 1376.84
2854.8 1376.07
2856.0 1375.31
2857.2 1374.56
2858.4 1373.83
2859.6 1373.11
2860.8 1372.4
2862.0 1371.71
2863.2 1371.03
2864.4 1370.37
2865.6 1369.72
2866.8 1369.08
2868.0 1368.45
2869.2 1367.84
2870.4 1367.24
2871.6 1366.65
2872.8 1366.08
2874.0 1365.51
2875.2 1364.96
2876.4 1364.42
2877.6 1363.9
2878.8 1363.38
2880.0 1362.88
2881.2 1362.38
2882.4 1361.9
2883.6 1361.43
2884.8 1360.97
2886.0 1360.52
2887.2 1360.09
2888.4 1359.66
2889.6 1359.24
2890.8 1358.83
2892.0 1358.43
2893.2 1358.05
2894.4 1357.67
2895.6 1357.3
2896.8 1356.94
2898.0 1356.59
2899.2 1356.24
2900.4 1355.91
2901.6 1355.59
2902.8 1355.27
2904.0 1354.96
2905.2 1354.66
2906.4 1354.37
2907.6 1354.08
2908.8 1353.81
2910.0 1353.54
2911.2 1353.27
2912.4 1353.02
2913.6 1352.77
2914.8 1352.53
2916.0 1352.29
2917.2 1352.07
2918.4 1351.85
2919.6 1351.63
2920.8 1351.42
2922.0 1351.22
2923.2 1351.02
2924.4 1350.83
2925.6 1350.65
2926.8 1350.47
2928.0 1350.29
2929.2 1350.12
2930.4 1349.96
2931.6 1349.8
2932.8 1349.64
2934.0 1349.49
2935.2 1349.35
2936.4 1349.2
2937.6 1349.07
2938.8 1348.93
2940.0 1348.8
2941.2 1348.68
2942.4 1348.56
2943.6 1348.44
2944.8 1348.32
2946.0 1348.21
2947.2 1348.1
2948.4 1348.0
2949.6 1347.9
2950.8 1347.8
2952.0 1347.7
2953.2 1347.61
2954.4 1347.51
2955.6 1347.43
2956.8 1347.34
2958.0 1347.25
2959.2 1347.17
2960.4 1347.09
2961.6 1347.01
2962.8 1346.94
2964.0 1346.86
2965.2 1346.79
2966.4 1346.72
2967.6 1346.65
2968.8 1346.58
2970.0 1346.51
2971.2 1346.45
2972.4 1346.38
2973.6 1346.32
2974.8 1346.26
2976.0 1346.19
2977.2 1346.13
2978.4 1346.07
2979.6 1346.01
2980.8 1345.95
2982.0 1345.9
2983.2 1345.84
2984.4 1345.78
2985.6 1345.72
2986.8 1345.67
2988.0 1345.61
2989.2 1345.56
2990.4 1345.5
2991.6 1345.44
2992.8 1345.39
2994.0 1345.33
2995.2 1345.28
2996.4 1345.22
2997.6 1345.17
2998.8 1345.11
3000.0 1345.05
3001.2 1344.98
3002.4 1344.79
3003.6 1344.42
3004.8 1343.81
3006.0 1342.9
3007.2 1341.68
3008.4 1340.14
3009.6 1338.27
3010.8 1336.05
3012.0 1333.5
3013.2 1330.59
3014.4 1327.33
3015.6 1323.72
3016.8 1319.76
3018.0 1315.47
3019.2 1310.87
3020.4 1305.98
3021.6 1300.85
3022.8 1295.5
3024.0 1289.96
3025.2 1284.27
3026.4 1278.46
3027.6 1272.56
3028.8 1266.61
3030.0 1260.65
3031.2 1254.7
3032.4 1248.81
3033.6 1243.01
3034.8 1237.32
3036.0 1231.79
3037.2 1226.45
3038.4 1221.32
3039.6 1216.43
3040.8 1211.82
3042.0 1207.51
3043.2 1203.52
3044.4 1199.89
3045.6 1196.62
3046.8 1193.74
3048.0 1191.28
3049.2 1189.24
3050.4 1187.63
3051.6 1186.43
3052.8 1185.62
3054.0 1185.16
3055.2 1185.04
3056.4 1185.24
3057.6 1185.75
3058.8 1186.55
3060.0 1187.64
3061.2 1189.0
3062.4 1190.62
3063.6 1192.49
3064.8 1194.61
3066.0 1196.96
3067.2 1199.52
3068.4 1202.3
3069.6 1205.28
3070.8 1208.45
3072.0 1211.8
3073.2 1215.32
3074.4 1219.01
3075.6 1222.84
3076.8 1226.83
3078.0 1230.95
3079.2 1235.19
3080.4 1239.56
3081.6 1244.03
3082.8 1248.61
3084.0 1253.29
3085.2 1258.05
3086.4 1262.88
3087.6 1267.8
3088.8 1272.77
3090.0 1277.81
3091.2 1282.89
3092.4 1288.02
3093.6 1293.19
3094.8 1298.38
3096.0 1303.61
3097.2 1308.85
3098.4 1314.1
3099.6 1319.36
3100.8 1324.63
3102.0 1329.89
3103.2 1335.14
3104.4 1340.38
3105.6 1345.59
3106.8 1350.79
3108.0 1355.95
3109.2 1361.09
3110.4 1366.18
3111.6 1371.24
3112.8 1376.25
3114.0 1381.21
3115.2 1386.11
3116.4 1390.97
3117.6 1395.76
3118.8 1400.48
3120.0 1405.14
3121.2 1409.74
3122.4 1414.25
3123.6 1418.7
3124.8 1423.06
3126.0 1427.35
3127.2 1431.55
3128.4 1435.67
3129.6 1439.7
3130.8 1443.64
3132.0 1447.49
3133.2 1451.25
3134.4 1454.91
3135.6 1458.48
3136.8 1461.94
3138.0 1465.31
3139.2 1468.58
3140.4 1471.75
3141.6 1474.81
3142.8 1477.77
3144.0 1480.63
3145.2 1483.38
3146.4 1486.03
3147.6 1488.57
3148.8 1491.0
3150.0 1493.33
3151.2 1495.54
3152.4 1497.65
3153.6 1499.66
3154.8 1501.55
3156.0 1503.34
3157.2 1505.01
3158.4 1506.58
3159.6 1508.04
3160.8 1509.4
3162.0 1510.65
3163.2 1511.79
3164.4 1512.82
3165.6 1513.75
3166.8 1514.58
3168.0 1515.29
3169.2 1515.91
3170.4 1516.42
3171.6 1516.84
3172.8 1517.15
3174.0 1517.36
3175.2 1517.47
3176.4 1517.48
3177.6 1517.4
3178.8 1517.22
3180.0 1516.95
3181.2 1516.58
3182.4 1516.12
3183.6 1515.57
3184.8 1514.93
3186.0 1514.2
3187.2 1513.39
3188.4 1512.49
3189.6 1511.51
3190.8 1510.45
3192.0 1509.3
3193.2 1508.07
3194.4 1506.77
3195.6 1505.39
3196.8 1503.94
3198.0 1502.41
3199.2 1500.82
3200.4 1499.15
3201.6 1497.41
3202.8 1495.61
3204.0 1493.74
3205.2 1491.81
3206.4 1489.82
3207.6 1487.77
3208.8 1485.66
3210.0 1483.49
3211.2 1481.27
3212.4 1478.99
3213.6 1476.66
3214.8 1474.28
3216.0 1471.86
3217.2 1469.38
3218.4 1466.87
3219.6 1464.3
3220.8 1461.7
3222.0 1459.06
3223.2 1456.37
3224.4 1453.65
3225.6 1450.9
3226.8 1448.11
3228.0 1445.28
3229.2 1442.43
3230.4 1439.55
3231.6 1436.64
3232.8 1433.7
3234.0 1430.74
3235.2 1427.75
3236.4 1424.75
3237.6 1421.72
3238.8 1418.67
3240.0 1415.61
3241.2 1412.53
3242.4 1409.43
3243.6 1406.32
3244.8 1403.2
3246.0 1400.07
3247.2 1396.93
3248.4 1393.78
3249.6 1390.62
3250.8 1387.46
3252.0 1384.29
3253.2 1381.12
3254.4 1377.94
3255.6 1374.77
3256.8 1371.6
3258.0 1368.42
3259.2 1365.25
3260.4 1362.08
3261.6 1358.92
3262.8 1355.76
3264.0 1352.6
3265.2 1349.46
3266.4 1346.32
3267.6 1343.19
3268.8 1340.07
3270.0 1336.96
3271.2 1333.86
3272.4 1330.77
3273.6 1327.7
3274.8 1324.64
3276.0 1321.6
3277.2 1318.57
3278.4 1315.55
3279.6 1312.56
3280.8 1309.58
3282.0 1306.62
3283.2 1303.67
3284.4 1300.75
3285.6 1297.84
3286.8 1294.96
3288.0 1292.1
3289.2 1289.26
3290.4 1286.44
3291.6 1283.64
3292.8 1280.87
3294.0 1278.12
3295.2 1275.39
3296.4 1272.69
3297.6 1270.01
3298.8 1267.35
3300.0 1264.73
3301.2 1262.12
3302.4 1259.54
3303.6 1256.99
3304.8 1254.47
3306.0 1251.97
3307.2 1249.49
3308.4 1247.05
3309.6 1244.63
3310.8 1242.24
3312.0 1239.87
3313.2 1237.54
3314.4 1235.23
3315.6 1232.94
3316.8 1230.69
3318.0 1228.46
3319.2 1226.27
3320.4 1224.1
3321.6 1221.96
3322.8 1219.84
3324.0 1217.76
3325.2 1215.7
3326.4 1213.67
3327.6 1211.67
3328.8 1209.7
3330.0 1207.75
3331.2 1205.83
3332.4 1203.94
3333.6 1202.08
3334.8 1200.25
3336.0 1198.44
3337.2 1196.67
3338.4 1194.91
3339.6 1193.19
3340.8 1191.49
3342.0 1189.82
3343.2 1188.18
3344.4 1186.56
3345.6 1184.97
3346.8 1183.41
3348.0 1181.87
3349.2 1180.36
3350.4 1178.88
3351.6 1177.42
3352.8 1175.98
3354.0 1174.57
3355.2 1173.19
3356.4 1171.83
3357.6 1170.49
3358.8 1169.18
3360.0 1167.89
3361.2 1166.63
3362.4 1165.39
3363.6 1164.17
3364.8 1162.98
3366.0 1161.81
3367.2 1160.66
3368.4 1159.53
3369.6 1158.42
3370.8 1157.34
3372.0 1156.27
3373.2 1155.23
3374.4 1154.2
3375.6 1153.2
3376.8 1152.22
3378.0 1151.25
3379.2 1150.31
3380.4 1149.38
3381.6 1148.48
3382.8 1147.59
3384.0 1146.72
3385.2 1145.87
3386.4 1145.03
3387.6 1144.21
3388.8 1143.41
3390.0 1142.63
3391.2 1141.86
3392.4 1141.11
3393.6 1140.37
3394.8 1139.65
3396.0 1138.95
3397.2 1138.26
3398.4 1137.58
3399.6 1136.92
3400.8 1136.28
3402.0 1135.65
3403.2 1135.03
3404.4 1134.42
3405.6 1133.83
3406.8 1133.25
3408.0 1132.69
3409.2 1132.13
3410.4 1131.59
3411.6 1131.06
3412.8 1130.54
3414.0 1130.03
3415.2 1129.54
3416.4 1129.05
3417.6 1128.58
3418.8 1128.11
3420.0 1127.66
3421.2 1127.21
3422.4 1126.78
3423.6 1126.35
3424.8 1125.93
3426.0 1125.53
3427.2 1125.13
3428.4 1124.73
3429.6 1124.35
3430.8 1123.97
3432.0 1123.61
3433.2 1123.25
3434.4 1122.89
3435.6 1122.55
3436.8 1122.21
3438.0 1121.87
3439.2 1121.55
3440.4 1121.23
3441.6 1120.91
3442.8 1120.6
3444.0 1120.3
3445.2 1120.0
3446.4 1119.71
3447.6 1119.42
3448.8 1119.14
3450.0 1118.86
3451.2 1118.59
3452.4 1118.32
3453.6 1118.06
3454.8 1117.8
3456.0 1117.54
3457.2 1117.29
3458.4 1117.04
3459.6 1116.8
3460.8 1116.56
3462.0 1116.32
3463.2 1116.08
3464.4 1115.85
3465.6 1115.62
3466.8 1115.4
3468.0 1115.17
3469.2 1114.95
3470.4 1114.73
3471.6 1114.52
3472.8 1114.3
3474.0 1114.09
3475.2 1113.88
3476.4 1113.67
3477.6 1113.46
3478.8 1113.26
3480.0 1113.06
3481.2 1112.85
3482.4 1112.65
3483.6 1112.46
3484.8 1112.26
3486.0 1112.06
3487.2 1111.86
3488.4 1111.67
3489.6 1111.47
3490.8 1111.28
3492.0 1111.09
3493.2 1110.9
3494.4 1110.7
3495.6 1110.51
3496.8 1110.32
3498.0 1110.13
3499.2 1109.94
3500.4 1109.75
3501.6 1109.56
3502.8 1109.37
3504.0 1109.18
3505.2 1108.99
3506.4 1108.8
3507.6 1108.6
3508.8 1108.41
3510.0 1108.22
3511.2 1108.03
3512.4 1107.84
3513.6 1107.64
3514.8 1107.45
3516.0 1107.26
3517.2 1107.06
3518.4 1106.87
3519.6 1106.67
3520.8 1106.47
3522.0 1106.28
3523.2 1106.08
3524.4 1105.88
3525.6 1105.68
3526.8 1105.48
3528.0 1105.28
3529.2 1105.08
3530.4 1104.88
3531.6 1104.68
3532.8 1104.47
3534.0 1104.27
3535.2 1104.06
3536.4 1103.86
3537.6 1103.65
3538.8 1103.44
3540.0 1103.23
3541.2 1103.02
3542.4 1102.81
3543.6 1102.6
3544.8 1102.39
3546.0 1102.18
3547.2 1101.96
3548.4 1101.75
3549.6 1101.53
3550.8 1101.32
3552.0 1101.1
3553.2 1100.88
3554.4 1100.66
3555.6 1100.44
3556.8 1100.22
3558.0 1100.0
3559.2 1099.78
3560.4 1099.56
3561.6 1099.33
3562.8 1099.11
3564.0 1098.89
3565.2 1098.66
3566.4 1098.43
3567.6 1098.21
3568.8 1097.98
3570.0 1097.75
3571.2 1097.52
3572.4 1097.29
3573.6 1097.06
3574.8 1096.83
3576.0 1096.6
3577.2 1096.37
3578.4 1096.14
3579.6 1095.91
3580.8 1095.67
3582.0 1095.44
3583.2 1095.2
3584.4 1094.97
3585.6 1094.74
3586.8 1094.5
3588.0 1094.26
3589.2 1094.03
3590.4 1093.79
3591.6 1093.56
3592.8 1093.32
3594.0 1093.08
3595.2 1092.84
3596.4 1092.61
3597.6 1092.37
3598.8 1092.13
3600.0 1091.89
3601.2 1091.65
3602.4 1091.42
3603.6 1091.18
3604.8 1090.94
3606.0 1090.7
3607.2 1090.46
3608.4 1090.22
3609.6 1089.99
3610.8 1089.75
3612.0 1089.51
3613.2 1089.27
3614.4 1089.03
3615.6 1088.79
3616.8 1088.55
3618.0 1088.32
3619.2 1088.08
3620.4 1087.84
3621.6 1087.6
3622.8 1087.37
3624.0 1087.13
3625.2 1086.89
3626.4 1086.65
3627.6 1086.42
3628.8 1086.18
3630.0 1085.95
3631.2 1085.71
3632.4 1085.48
3633.6 1085.24
3634.8 1085.01
3636.0 1084.77
3637.2 1084.54
3638.4 1084.3
3639.6 1084.07
3640.8 1083.84
3642.0 1083.61
3643.2 1083.38
3644.4 1083.15
3645.6 1082.92
3646.8 1082.69
3648.0 1082.46
3649.2 1082.23
3650.4 1082.0
3651.6 1081.77
3652.8 1081.54
3654.0 1081.32
3655.2 1081.09
3656.4 1080.87
3657.6 1080.64
3658.8 1080.42
3660.0 1080.2
3661.2 1079.98
3662.4 1079.75
3663.6 1079.53
3664.8 1079.31
3666.0 1079.09
3667.2 1078.88
3668.4 1078.66
3669.6 1078.44
3670.8 1078.23
3672.0 1078.01
3673.2 1077.8
3674.4 1077.58
3675.6 1077.37
3676.8 1077.16
3678.0 1076.95
3679.2 1076.74
3680.4 1076.53
3681.6 1076.32
3682.8 1076.11
3684.0 1075.9
3685.2 1075.7
3686.4 1075.49
3687.6 1075.29
3688.8 1075.08
3690.0 1074.88
3691.2 1074.68
3692.4 1074.48
3693.6 1074.28
3694.8 1074.08
3696.0 1073.88
3697.2 1073.68
3698.4 1073.48
3699.6 1073.28
3700.8 1073.09
3702.0 1072.89
3703.2 1072.7
3704.4 1072.51
3705.6 1072.32
3706.8 1072.12
3708.0 1071.93
3709.2 1071.74
3710.4 1071.56
3711.6 1071.37
3712.8 1071.18
3714.0 1070.99
3715.2 1070.81
3716.4 1070.62
3717.6 1070.44
3718.8 1070.26
3720.0 1070.08
3721.2 1069.89
3722.4 1069.71
3723.6 1069.53
3724.8 1069.35
3726.0 1069.18
3727.2 1069.0
3728.4 1068.82
3729.6 1068.65
3730.8 1068.47
3732.0 1068.3
3733.2 1068.12
3734.4 1067.95
3735.6 1067.78
3736.8 1067.61
3738.0 1067.43
3739.2 1067.26
3740.4 1067.1
3741.6 1066.93
3742.8 1066.76
3744.0 1066.59
3745.2 1066.42
3746.4 1066.26
3747.6 1066.09
3748.8 1065.93
3750.0 1065.77
3751.2 1065.6
3752.4 1065.44
3753.6 1065.28
3754.8 1065.12
3756.0 1064.96
3757.2 1064.8
3758.4 1064.64
3759.6 1064.48
3760.8 1064.32
3762.0 1064.16
3763.2 1064.01
3764.4 1063.85
3765.6 1063.7
3766.8 1063.54
3768.0 1063.39
3769.2 1063.23
3770.4 1063.08
3771.6 1062.93
3772.8 1062.78
3774.0 1062.63
3775.2 1062.48
3776.4 1062.33
3777.6 1062.18
3778.8 1062.03
3780.0 1061.88
3781.2 1061.73
3782.4 1061.59
3783.6 1061.44
3784.8 1061.3
3786.0 1061.15
3787.2 1061.01
3788.4 1060.86
3789.6 1060.72
3790.8 1060.58
3792.0 1060.44
3793.2 1060.29
3794.4 1060.15
3795.6 1060.01
3796.8 1059.87
3798.0 1059.73
3799.2 1059.6
3800.4 1059.46
3801.6 1059.32
3802.8 1059.18
3804.0 1059.05
3805.2 1058.91
3806.4 1058.78
3807.6 1058.64
3808.8 1058.51
3810.0 1058.37
3811.2 1058.24
3812.4 1058.11
3813.6 1057.98
3814.8 1057.85
3816.0 1057.72
3817.2 1057.58
3818.4 1057.46
3819.6 1057.33
3820.8 1057.2
3822.0 1057.07
3823.2 1056.94
3824.4 1056.81
3825.6 1056.69
3826.8 1056.56
3828.0 1056.44
3829.2 1056.31
3830.4 1056.19
3831.6 1056.06
3832.8 1055.94
3834.0 1055.81
3835.2 1055.69
3836.4 1055.57
3837.6 1055.45
3838.8 1055.32
3840.0 1055.2
3841.2 1055.08
3842.4 1054.96
3843.6 1054.84
3844.8 1054.72
3846.0 1054.61
3847.2 1054.49
3848.4 1054.37
3849.6 1054.25
3850.8 1054.14
3852.0 1054.02
3853.2 1053.91
3854.4 1053.79
3855.6 1053.68
3856.8 1053.56
3858.0 1053.45
3859.2 1053.33
3860.4 1053.22
3861.6 1053.11
3862.8 1053.0
3864.0 1052.88
3865.2 1052.77
3866.4 1052.66
3867.6 1052.55
3868.8 1052.44
3870.0 1052.33
3871.2 1052.22
3872.4 1052.11
3873.6 1052.0
3874.8 1051.9
3876.0 1051.79
3877.2 1051.68
3878.4 1051.57
3879.6 1051.47
3880.8 1051.36
3882.0 1051.25
3883.2 1051.15
3884.4 1051.04
3885.6 1050.94
3886.8 1050.83
3888.0 1050.73
3889.2 1050.62
3890.4 1050.52
3891.6 1050.41
3892.8 1050.31
3894.0 1050.21
3895.2 1050.11
3896.4 1050.0
3897.6 1049.9
3898.8 1049.8
3900.0 1049.7
3901.2 1049.6
3902.4 1049.5
3903.6 1049.4
3904.8 1049.3
3906.0 1049.2
3907.2 1049.1
3908.4 1049.0
3909.6 1048.9
3910.8 1048.8
3912.0 1048.7
3913.2 1048.61
3914.4 1048.51
3915.6 1048.41
3916.8 1048.31
3918.0 1048.22
3919.2 1048.12
3920.4 1048.02
3921.6 1047.93
3922.8 1047.83
3924.0 1047.74
3925.2 1047.64
3926.4 1047.54
3927.6 1047.45
3928.8 1047.35
3930.0 1047.26
3931.2 1047.17
3932.4 1047.07
3933.6 1046.98
3934.8 1046.88
3936.0 1046.79
3937.2 1046.7
3938.4 1046.6
3939.6 1046.51
3940.8 1046.42
3942.0 1046.32
3943.2 1046.23
3944.4 1046.14
3945.6 1046.05
3946.8 1045.95
3948.0 1045.86
3949.2 1045.77
3950.4 1045.68
3951.6 1045.59
3952.8 1045.5
3954.0 1045.4
3955.2 1045.31
3956.4 1045.22
3957.6 1045.13
3958.8 1045.04
3960.0 1044.95
3961.2 1044.86
3962.4 1044.77
3963.6 1044.68
3964.8 1044.59
3966.0 1044.5
3967.2 1044.41
3968.4 1044.32
3969.6 1044.23
3970.8 1044.14
3972.0 1044.06
3973.2 1043.97
3974.4 1043.88
3975.6 1043.79
3976.8 1043.7
3978.0 1043.61
3979.2 1043.53
3980.4 1043.44
3981.6 1043.35
3982.8 1043.26
3984.0 1043.18
3985.2 1043.09
3986.4 1043.0
3987.6 1042.92
3988.8 1042.83
3990.0 1042.75
3991.2 1042.66
3992.4 1042.57
3993.6 1042.49
3994.8 1042.4
3996.0 1042.32
3997.2 1042.23
3998.4 1042.15
3999.6 1042.06
