16.9199999999999 4832.39706533776
17.9699999999999 4929.41116303573
19.02 5027.13721311383
20.07 5121.36507636485
21.12 5209.11119372727
22.1700000000001 5294.48810254428
23.2200000000001 5369.32857688002
24.2700000000002 5436.73677087809
25.3200000000002 5510.23786696811
26.3700000000002 5563.06271547284
27.4200000000003 5627.44691378753
28.4700000000003 5793.24517317427
29.5200000000004 5741.04327620674
30.5700000000004 5768.63130820991
31.6200000000004 5910.94120139691
32.6700000000005 5958.51764450919
33.7200000000005 5893.47655168812
34.7700000000006 5917.51138454746
35.8200000000006 6042.90310412122
36.8700000000006 6050.88678081189
37.9200000000007 6043.81981010719
38.9700000000007 5966.44763391174
40.0200000000008 6023.07778185881
41.0700000000008 6002.20024299114
42.1200000000008 5989.41931456569
43.1700000000009 5905.01098669009
44.2200000000009 5954.1897014216
45.270000000001 5935.41864185626
46.320000000001 5847.82304134281
47.370000000001 5978.87927219409
48.4200000000011 5978.87927219409
49.4700000000011 6084.71540893135
50.5200000000012 6084.71540893135
51.5700000000012 6240.53985948373
52.6200000000012 6319.83495193078
53.6700000000013 6358.06848706243
54.7200000000013 6358.06848706243
55.7700000000014 6398.86782341986
56.8200000000014 6441.41920408876
57.8700000000014 6441.41920408876
58.9200000000015 6444.82694534479
59.9700000000015 6467.51655616048
61.0200000000016 6480.64588878457
62.0700000000016 6505.18742400249
63.1200000000016 6512.29531604395
64.1700000000017 6532.66683210782
65.2200000000017 6553.83280674311
66.2700000000017 6637.34306082153
67.3200000000018 6656.9875602389
68.3700000000018 6715.95559624225
69.4200000000019 6742.41096708819
70.4700000000019 6786.03380933245
71.5200000000019 6823.81911778736
72.570000000002 6851.71473079128
73.620000000002 6851.71473079128
74.6700000000021 6946.30849114086
75.7200000000021 7006.66481373469
76.7700000000021 7067.50821764057
77.8200000000022 7145.73627020416
78.8700000000022 7198.14289139967
79.9200000000023 7239.05232714421
80.9700000000023 7297.39010583217
82.0200000000023 7419.42156224561
83.0700000000024 7478.26991938847
84.1200000000024 7536.24706224561
85.1700000000025 7536.24706224561
86.2200000000025 7664.45761341088
87.2700000000025 7553.77248090781
88.3200000000026 7718.08177843049
89.3700000000026 7718.08177843049
90.4200000000027 7818.60752394198
91.4700000000027 7870.43481895711
92.5200000000027 7921.36844825795
93.5700000000028 8005.41070367867
94.6200000000028 8067.84370700192
95.6700000000029 8132.2640004417
96.7200000000029 8187.7668873515
97.7700000000029 8248.70764329884
98.820000000003 8305.33114461089
99.870000000003 8434.31662303553
100.920000000003 8434.31662303553
101.970000000003 8525.05522248316
103.020000000003 8525.05522248316
104.070000000003 8596.07986487419
105.120000000003 8596.07986487419
106.170000000003 8643.30466356215
107.220000000003 8711.0551259487
108.270000000003 8740.85568483945
109.320000000003 8736.65269384493
110.370000000003 8781.35813218372
111.420000000003 8781.74634234423
112.470000000003 8804.96048867785
113.520000000004 8841.56697946077
114.570000000004 8876.54019747789
115.620000000004 8932.84052754001
116.670000000004 8976.54501703403
117.720000000004 9068.05529881969
118.770000000004 9142.93998230523
119.820000000004 9203.21438107406
120.870000000004 9310.13691910453
121.920000000004 9409.79753293269
122.970000000004 9521.14038272362
124.020000000004 9631.32369423611
125.070000000004 9745.88217102503
126.120000000004 9853.82231457823
127.170000000004 9946.18193355333
128.220000000004 10011.8188108486
129.270000000004 10144.8994426896
130.320000000004 10277.3210739172
131.370000000004 10374.541006365
132.420000000004 10487.6497666252
133.470000000004 10597.4246252335
134.520000000004 10709.3642997994
135.570000000004 10876.1522564253
136.620000000004 10939.0933823556
137.670000000004 11039.2406779899
138.720000000004 11162.151759954
139.770000000005 11280.5338435522
140.820000000005 11340.1114701644
141.870000000005 11466.0235898175
142.920000000005 11579.6164972711
143.970000000005 11683.1034406671
145.020000000005 11786.4045573769
146.070000000005 11889.7761030397
147.120000000005 12005.5680203921
148.170000000005 12130.1241257485
149.220000000005 12226.4302893513
150.270000000005 12321.0795316775
151.320000000005 12421.1581854764
152.370000000005 12503.3867607457
153.420000000005 12599.9895744929
154.470000000005 12789.399686508
155.520000000005 12906.0741653669
156.570000000005 13046.4402634185
157.620000000005 13089.5694992245
158.670000000005 13332.6509046971
159.720000000005 13459.6439773649
160.770000000005 13611.2508937421
161.820000000005 13739.2799934289
162.870000000005 13850.240087663
163.920000000005 13981.3843558358
164.970000000005 14112.2762931139
166.020000000006 14139.6598050083
167.070000000006 14321.3099292645
168.120000000006 14435.7792197039
169.170000000006 14550.2776968167
170.220000000006 14743.5075998869
171.270000000006 14760.1046709329
172.320000000006 14962.1428520781
173.370000000006 14973.6672923957
174.420000000006 15062.9978048475
175.470000000006 15218.1368722147
176.520000000006 15288.931683639
177.570000000006 15358.429850452
178.620000000006 15435.6592142944
179.670000000006 15498.4714302686
180.720000000006 15565.8470161871
181.770000000006 15617.2888884757
182.820000000006 15679.1325347154
183.870000000006 15739.9611420601
184.920000000006 15778.5140053248
185.970000000006 15812.8397440774
187.020000000006 15921.1104089015
188.070000000006 15894.2980557905
189.120000000006 15978.8416545256
190.170000000006 16019.1138066864
191.220000000006 16045.5827741659
192.270000000007 16084.5648611271
193.320000000007 16109.0261560613
194.370000000007 16136.0530685828
195.420000000007 16150.2897144977
196.470000000007 16172.462883596
197.520000000007 16171.4346719048
198.570000000007 16188.23770458
199.620000000007 16203.0039861841
200.670000000007 16156.1466809974
201.720000000007 16230.2692088482
202.770000000007 16296.2827485267
203.820000000007 16246.8504257325
204.870000000007 16245.3577318356
205.920000000007 16249.7457932347
206.970000000007 16319.7618858788
208.020000000007 16341.082657424
209.070000000007 16343.5629080572
210.120000000007 16362.8414964995
211.170000000007 16361.2681258796
212.220000000007 16369.4025654737
213.270000000007 16379.6209782442
214.320000000007 16374.782782358
215.370000000007 16385.8010426358
216.420000000007 16395.5983807312
217.470000000007 16412.9150822751
218.520000000008 16430.1058598747
219.570000000008 16459.2486431415
220.620000000008 16469.4788000444
221.670000000008 16476.7179941299
222.720000000008 16461.7092771895
223.770000000008 16524.5019384164
224.820000000008 16551.7772296362
225.870000000008 16511.8796682523
226.920000000008 16518.6204775185
227.970000000008 16593.7986639193
229.020000000008 16635.0975638915
230.070000000008 16687.0686002607
231.120000000008 16733.1919000261
232.170000000008 16804.985127367
233.220000000008 16856.4463879348
234.270000000008 16878.5985188744
235.320000000008 16929.0643498688
236.370000000008 17082.9097608288
237.420000000008 17158.9063554585
238.470000000008 17279.5050190402
239.520000000008 17395.5946168893
240.570000000008 17514.7481053258
241.620000000008 17686.8445989352
242.670000000008 17837.7630384059
243.720000000008 17903.22110136
244.770000000009 18072.2570073832
245.820000000009 18189.7420250702
246.870000000009 18330.9537759245
247.920000000009 18441.5710368695
248.970000000009 18560.9516730557
250.020000000009 18616.7888854355
251.070000000009 18787.9673847574
252.120000000009 18898.6446578833
253.170000000009 18991.9175892196
254.220000000009 19107.7469922365
255.270000000009 19152.4302524946
256.320000000009 19378.2398336488
257.370000000008 19502.8818948108
258.420000000007 19597.2708700453
259.470000000006 19696.3182803836
260.520000000005 19789.7643343028
261.570000000004 19902.5141582196
262.620000000003 19988.705948464
263.670000000002 20079.508841895
264.720000000001 20187.1064448792
265.77 20274.3187310221
266.819999999999 20364.2866933534
267.869999999998 20445.323943838
268.919999999997 20536.5228029341
269.969999999996 20610.6756067826
271.019999999995 20676.4682544242
272.069999999994 20755.0027125465
273.119999999993 20837.4612897699
274.169999999992 20849.816480321
275.219999999991 21053.7213248745
276.26999999999 21121.7325022701
277.31999999999 21127.2694481415
278.369999999989 21172.3098484544
279.419999999988 21297.9620170101
280.469999999987 21361.3664898588
281.519999999986 21420.9901511632
282.569999999985 21477.7561518166
283.619999999984 21530.8698117047
284.669999999983 21573.6394369788
285.719999999982 21625.5604414189
286.769999999981 21666.3878443593
287.81999999998 21703.7799273947
288.869999999979 21805.6002444358
289.919999999978 21788.1712125035
290.969999999977 21868.8031940816
292.019999999976 21908.5067338987
293.069999999975 21886.7031565213
294.119999999974 21920.2242031306
295.169999999973 22000.4030603722
296.219999999972 22056.106885949
297.269999999971 22086.2317458469
298.31999999997 22124.2054250473
299.369999999969 22171.953292963
300.419999999969 22196.7336777916
301.469999999968 22219.7714908689
302.519999999967 22237.3176449727
303.569999999966 22237.4238151316
304.619999999965 22211.8097095903
305.669999999964 22197.1652697167
306.719999999963 22178.7383024331
307.769999999962 22147.3021818443
308.819999999961 22105.7664811723
309.86999999996 22061.8112525803
310.919999999959 22031.9214350407
311.969999999958 21983.2304503981
313.019999999957 21980.0155285583
314.069999999956 21971.2523720269
315.119999999955 21948.2298747851
316.169999999954 21963.5557312281
317.219999999953 21985.820949353
318.269999999952 22009.5444189866
319.319999999951 21993.2373081964
320.36999999995 22034.927851279
321.419999999949 22075.3922729138
322.469999999948 22114.1366985285
323.519999999948 22170.1313580004
324.569999999947 22251.7516092419
325.619999999946 22344.3954924033
326.669999999945 22507.0416059578
327.719999999944 22653.2603541646
328.769999999943 22793.9552295103
329.819999999942 22851.6196591401
330.869999999941 23125.0612976316
331.91999999994 23319.2506829626
332.969999999939 23485.5364643637
334.019999999938 23691.9660408047
335.069999999937 23865.9559924085
336.119999999936 23924.2711950241
337.169999999935 24169.0331303393
338.219999999934 24317.7549156027
339.269999999933 24518.8514334455
340.319999999932 24672.6504907076
341.369999999931 24909.4274298667
342.41999999993 25050.7521484006
343.469999999929 25182.8325187536
344.519999999928 25217.7375215052
345.569999999927 25326.3861191463
346.619999999927 25443.5122385209
347.669999999926 25542.2056098686
348.719999999925 25701.080688327
349.769999999924 25802.7331138717
350.819999999923 25890.3848907145
351.869999999922 25902.7318706711
352.919999999921 25951.8231395599
353.96999999992 26086.9727950684
355.019999999919 26090.2681081118
356.069999999918 26211.2177573728
357.119999999917 26343.8408003372
358.169999999916 26337.885219611
359.219999999915 26382.1134511018
360.269999999914 26420.2560728371
361.319999999913 26474.5043663742
362.369999999912 26555.0212598269
363.419999999911 26534.8222412318
364.46999999991 26542.9332537814
365.519999999909 26642.3709469598
366.569999999908 26682.8819924507
367.619999999907 26652.7143520097
368.669999999906 26668.0217814567
369.719999999905 26750.3025658036
370.769999999905 26762.7560420796
371.819999999904 26788.4616523849
372.869999999903 26842.5013926732
373.919999999902 26864.9084295685
374.969999999901 26901.2527969465
376.0199999999 26914.8455242355
377.069999999899 26980.6869544958
378.119999999898 26996.4017451241
379.169999999897 27014.3224646814
380.219999999896 26963.9760333672
381.269999999895 27036.9406985515
382.319999999894 26984.7365518037
383.369999999893 27010.6849903772
384.419999999892 27038.4282576065
385.469999999891 27041.0561830581
386.51999999989 27037.8657385603
387.569999999889 27021.5202561385
388.619999999888 27052.8731494549
389.669999999887 27040.5209524896
390.719999999886 27039.9524552254
391.769999999885 27022.5926716729
392.819999999884 27022.2064269878
393.869999999884 27079.7252460924
394.919999999883 27090.5412740341
395.969999999882 27093.5478247895
397.019999999881 27101.1203955786
398.06999999988 27118.3820356233
399.119999999879 27141.9594070085
400.169999999878 27186.5688900504
401.219999999877 27231.7192584804
402.269999999876 27309.7079211674
403.319999999875 27360.9153647894
404.369999999874 27434.3236849924
405.419999999873 27493.0922505995
406.469999999872 27572.7643503348
407.519999999871 27601.2383926331
408.56999999987 27742.9429322518
409.619999999869 27932.2727765748
410.669999999868 27973.8265285144
411.719999999867 28095.4522067753
412.769999999866 28265.3931773272
413.819999999865 28311.4048421028
414.869999999864 28475.7553996952
415.919999999863 28519.0597265585
416.969999999863 28600.6309522688
418.019999999862 28682.4654353092
419.069999999861 28818.2820524225
420.11999999986 28917.5123131293
421.169999999859 28953.2962527583
422.219999999858 29069.8861476581
423.269999999857 29167.5859573926
424.319999999856 29266.0951617058
425.369999999855 29353.9512209454
426.419999999854 29451.9903283716
427.469999999853 29478.2962633178
428.519999999852 29614.0048377225
429.569999999851 29791.4357322439
430.61999999985 29813.8133271473
431.669999999849 29949.1299310166
432.719999999848 30034.1581623244
433.769999999847 30125.5505381617
434.819999999846 30202.476949975
435.869999999845 30277.6621132341
436.919999999844 30368.3867183728
437.969999999843 30452.2825277456
439.019999999842 30544.7182909496
440.069999999842 30554.2003514621
441.119999999841 30649.201960944
442.16999999984 30655.1559376668
443.219999999839 30706.6036243718
444.269999999838 30842.3649510689
445.319999999837 30895.016506038
446.369999999836 30955.1745522439
447.419999999835 31013.600149773
448.469999999834 31069.4813697844
449.519999999833 31199.9195908681
450.569999999832 31093.4524576215
451.619999999831 31253.7264762734
452.66999999983 31306.8334491798
453.719999999829 31341.4034379557
454.769999999828 31384.8733195071
455.819999999827 31422.7152431933
456.869999999826 31461.8708274187
457.919999999825 31498.0973985205
458.969999999824 31528.8103208489
460.019999999823 31562.7749974688
461.069999999822 31620.3108523772
462.119999999821 31662.9730530516
463.169999999821 31784.2775179183
464.21999999982 31760.8748659866
465.269999999819 31861.428888274
466.319999999818 31836.6532535669
467.369999999817 31919.1070354762
468.419999999816 31952.3887607699
469.469999999815 32023.7643226864
470.519999999814 31997.1437468623
471.569999999813 32080.6182492668
472.619999999812 32095.4631042123
473.669999999811 32129.087423611
474.71999999981 32162.5757033915
475.769999999809 32195.0595085062
476.819999999808 32217.364644997
477.869999999807 32255.2089541506
478.919999999806 32306.1590165072
479.969999999805 32407.1726024562
481.019999999804 32442.6475972729
482.069999999803 32496.4792360935
483.119999999802 32547.4879088172
484.169999999801 32605.1943377033
485.2199999998 32669.8482278885
486.269999999799 32758.3152381481
487.319999999799 32773.6225258746
488.369999999798 32919.4227269086
489.419999999797 32996.2790953265
490.469999999796 33065.8746016066
491.519999999795 33167.4855077841
492.569999999794 33191.759246626
493.619999999793 33334.3760883028
494.669999999792 33427.7643966999
495.719999999791 33503.3208634829
496.76999999979 33659.0398694538
497.819999999789 33681.1641272554
498.869999999788 33799.4864066698
499.919999999787 33878.9366441216
500.969999999786 33954.6764012608
502.019999999785 34031.1432545653
503.069999999784 34109.7262828765
504.119999999783 34125.4629139767
505.169999999782 34186.5716766532
506.219999999781 34302.5004667533
507.26999999978 34372.9939747887
508.319999999779 34434.0492533915
509.369999999778 34494.050220932
510.419999999778 34504.3377597145
511.469999999777 34592.7732207544
512.519999999776 34678.9628865646
513.569999999775 34748.8689672857
514.619999999774 34806.8854456878
515.669999999773 34874.8465175763
516.719999999772 34936.3496449786
517.769999999771 34985.1414999069
518.81999999977 35037.9013298706
519.869999999769 35151.353039529
520.919999999768 35213.0767888544
521.969999999767 35272.7333129398
523.019999999766 35325.0968716431
524.069999999765 35392.2019043079
525.119999999764 35460.00033697
526.169999999763 35512.7409621677
527.219999999762 35562.7527833161
528.269999999761 35610.9733439134
529.31999999976 35663.6124630045
530.369999999759 35751.563479022
531.419999999758 35807.9327167886
532.469999999758 35857.4298467763
533.519999999757 35895.6493245457
534.569999999756 35989.8297347211
535.619999999755 36044.4752091696
536.669999999754 36029.495449876
537.719999999753 36132.6489359923
538.769999999752 36183.1681297449
539.819999999751 36222.5736361377
540.86999999975 36263.4048162288
541.919999999749 36295.685755835
542.969999999748 36337.5906699756
544.019999999747 36386.7506166524
545.069999999746 36436.8442468613
546.119999999745 36487.4818604404
547.169999999744 36549.0979809137
548.219999999743 36625.7766619295
549.269999999742 36701.6874287387
550.319999999741 36773.7362577087
551.36999999974 36910.7906610464
552.419999999739 36940.2367409032
553.469999999738 37031.4623507559
554.519999999737 37112.1046433491
555.569999999737 37183.3915910226
556.619999999736 37277.9250617641
557.669999999735 37360.6190885572
558.719999999734 37440.538660801
559.769999999733 37513.8527347744
560.819999999732 37571.7514933579
561.869999999731 37649.8135570074
562.91999999973 37720.7732423817
563.969999999729 37796.0271010586
565.019999999728 37865.2132903368
566.069999999727 38008.231671682
567.119999999726 38079.0875331042
568.169999999725 38149.3697317827
569.219999999724 38217.5504278804
570.269999999723 38281.7052451634
571.319999999722 38395.4074113243
572.369999999721 38397.537449618
573.41999999972 38521.3044349665
574.469999999719 38520.9224454843
575.519999999718 38571.808205967
576.569999999717 38667.060813082
577.619999999716 38663.2045286908
578.669999999716 38658.2708480831
579.719999999715 38808.6011787294
580.769999999714 38859.1781178072
581.819999999713 38899.2031921026
582.869999999712 38967.0486048123
583.919999999711 39082.9041479308
584.96999999971 39132.5410841938
586.019999999709 39196.2252386441
587.069999999708 39240.0008822593
588.119999999707 39227.2526122163
589.169999999706 39309.6609992678
590.219999999705 39354.0303076077
591.269999999704 39394.3408288435
592.319999999703 39438.4301219336
593.369999999702 39472.1507221653
594.419999999701 39517.6704952775
595.4699999997 39586.3076319083
596.519999999699 39662.3353016197
597.569999999698 39718.8849135785
598.619999999697 39805.5248945355
599.669999999696 39877.4391838883
600.719999999695 39942.7454694537
601.769999999695 40020.5367289665
602.819999999694 40025.9517454505
603.869999999693 40136.5617438393
604.919999999692 40188.3360265495
605.969999999691 40308.8172441959
607.01999999969 40319.3085187282
608.069999999689 40423.8424680016
609.119999999688 40490.7146539134
610.169999999687 40569.0706754576
611.219999999686 40646.1270807236
612.269999999685 40715.3471267657
613.319999999684 40787.1135590689
614.369999999683 40858.1457444346
615.419999999682 40923.4715841193
616.469999999681 40994.6844570941
617.51999999968 41036.8366003461
618.569999999679 41042.220619933
619.619999999678 41052.094440816
620.669999999677 41166.4538951441
621.719999999676 41283.8521289548
622.769999999675 41289.156210953
623.819999999674 41411.6608907002
624.869999999673 41498.7284257982
625.919999999673 41571.4267952906
626.969999999672 41640.0844903501
628.019999999671 41641.214650285
629.06999999967 41756.5497165725
630.119999999669 41814.0434906282
631.169999999668 41864.3208324737
632.219999999667 41912.7440888139
633.269999999666 41966.44418087
634.319999999665 42006.3771082181
635.369999999664 42071.7466104608
636.419999999663 42204.6973121185
637.469999999662 42202.4622049924
638.519999999661 42373.3944858957
639.56999999966 42439.2370096023
640.619999999659 42505.7865778351
641.669999999658 42554.0755074356
642.719999999657 42548.1846920724
643.769999999656 42644.8274631243
644.819999999655 42697.2112317846
645.869999999654 42747.9973111542
646.919999999653 42801.620547004
647.969999999652 42872.4578276664
649.019999999652 42917.4710057305
650.069999999651 42980.73606563
651.11999999965 43025.3507818516
652.169999999649 43085.0548251723
653.219999999648 43210.2937093803
654.269999999647 43211.0298153751
655.319999999646 43254.2791295873
656.369999999645 43302.5244315133
657.419999999644 43425.377435672
658.469999999643 43493.5673893741
659.519999999642 43555.7185109092
660.569999999641 43625.6124354542
661.61999999964 43695.0705368834
662.669999999639 43781.9391907258
663.719999999638 43842.1767956684
664.769999999637 43903.2245918733
665.819999999636 43960.5196815329
666.869999999635 44032.9728344318
667.919999999634 44101.0014689545
668.969999999633 44168.7212428789
670.019999999632 44231.841751035
671.069999999631 44358.5865116061
672.119999999631 44431.9440771899
673.16999999963 44488.6237107465
674.219999999629 44488.3313842545
675.269999999628 44628.5110741603
676.319999999627 44705.4902278794
677.369999999626 44771.9691695886
678.419999999625 44828.8713507479
679.469999999624 44824.6450918735
680.519999999623 44935.5486428915
681.569999999622 44989.7789306608
682.619999999621 45026.8081414826
683.66999999962 45081.8614644089
684.719999999619 45129.2407992096
685.769999999618 45191.6347472105
686.819999999617 45242.2563251804
687.869999999616 45299.4743552385
688.919999999615 45406.4540223636
689.969999999614 45397.1741055897
691.019999999613 45439.99284546
692.069999999612 45566.1340745276
693.119999999611 45615.5645278842
694.16999999961 45661.9147360939
695.21999999961 45663.0783104282
696.269999999609 45766.222068419
697.319999999608 45825.53783483
698.369999999607 45888.79070123
699.419999999606 45954.0229180825
700.469999999605 46019.321115487
701.519999999604 46027.8447168356
702.569999999603 46142.5446831104
703.619999999602 46209.7325923761
704.669999999601 46284.1932894785
705.7199999996 46347.6089359794
706.769999999599 46412.8821332748
707.819999999598 46474.7130451241
708.869999999597 46520.9236892091
709.919999999596 46654.7960513732
710.969999999595 46664.6080439372
712.019999999594 46703.1210891341
713.069999999593 46834.1983079218
714.119999999592 46914.1012743311
715.169999999591 46921.900511271
716.21999999959 47071.7803712706
717.269999999589 47077.9211125549
718.319999999589 47182.2102910131
719.369999999588 47243.9622843805
720.419999999587 47296.0831120201
721.469999999586 47346.7820170268
722.519999999585 47422.8099358108
723.569999999584 47488.2627423274
724.619999999583 47589.136382797
725.669999999582 47588.6385974988
726.719999999581 47716.3452108336
727.76999999958 47784.5591005121
728.819999999579 47866.0898793078
729.869999999578 47925.9947624247
730.919999999577 47976.2862657826
731.969999999576 48013.6207774392
733.019999999575 48096.8058515872
734.069999999574 48145.9531021263
735.119999999573 48137.8374632319
736.169999999572 48166.1928642824
737.219999999571 48265.3819531916
738.26999999957 48325.8340038294
739.319999999569 48380.4578274375
740.369999999568 48428.4602633828
741.419999999567 48569.556060885
742.469999999567 48630.1459806205
743.519999999566 48629.3132058873
744.569999999565 48759.6623522253
745.619999999564 48820.4687579602
746.669999999563 48820.6966366087
747.719999999562 48939.258422817
748.769999999561 48996.0427737287
749.81999999956 49056.3238716238
750.869999999559 49101.4259143326
751.919999999558 49103.378645885
752.969999999557 49149.497029954
754.019999999556 49272.5824668715
755.069999999555 49325.6056081597
756.119999999554 49495.9309222646
757.169999999553 49564.3701151435
758.219999999552 49566.6218050908
759.269999999551 49616.5737722093
760.31999999955 49748.7848005892
761.369999999549 49814.0872621615
762.419999999548 49813.9689477615
763.469999999547 49929.1073389826
764.519999999546 49984.3429853874
765.569999999546 50048.2524614302
766.619999999545 50100.30007364
767.669999999544 50148.6329030951
768.719999999543 50146.9186260063
769.769999999542 50243.6816511142
770.819999999541 50292.9016078914
771.86999999954 50367.6122661203
772.919999999539 50426.2862607974
773.969999999538 50507.6602672634
775.019999999537 50571.598969426
776.069999999536 50706.4291559644
777.119999999535 50705.6587590062
778.169999999534 50804.7609813434
779.219999999533 50871.0040128977
780.269999999532 50938.6388521299
781.319999999531 50937.196176636
782.36999999953 51021.6285430655
783.419999999529 51077.4842045084
784.469999999528 51078.1614177933
785.519999999527 51178.2410988636
786.569999999526 51229.0075258467
787.619999999525 51305.2634437563
788.669999999525 51389.4112160262
789.719999999524 51448.6254214652
790.769999999523 51517.9179365536
791.819999999522 51580.8967230712
792.869999999521 51690.4605921317
793.91999999952 51750.7833006085
794.969999999519 51752.5265964732
796.019999999518 51850.8604161609
797.069999999517 51926.9741733039
798.119999999516 51992.5195222462
799.169999999515 52050.8862702177
800.219999999514 52114.1457691416
801.269999999513 52202.5144180591
802.319999999512 52267.6646451226
803.369999999511 52326.7103984427
804.41999999951 52392.7704850605
805.469999999509 52451.3784818206
806.519999999508 52500.8770929981
807.569999999507 52557.5916097718
808.619999999506 52605.5626303993
809.669999999505 52656.2349584287
810.719999999504 52769.7278805209
811.769999999504 52766.5012226131
812.819999999503 52764.1507550162
813.869999999502 52937.1387397444
814.919999999501 52998.041300924
815.9699999995 52997.4620155385
817.019999999499 53121.2438530064
818.069999999498 53121.673742229
819.119999999497 53207.8648926641
820.169999999496 53268.7727180014
821.219999999495 53318.9965785022
822.269999999494 53359.2894744723
823.319999999493 53411.1340531813
824.369999999492 53473.6548910198
825.419999999491 53545.0298940095
826.46999999949 53604.5040513215
827.519999999489 53746.6425624882
828.569999999488 53820.8823215902
829.619999999487 53824.7078387341
830.669999999486 53939.4449226347
831.719999999485 54002.5578373734
832.769999999484 54088.6222697594
833.819999999483 54155.2348441262
834.869999999483 54215.8869739629
835.919999999482 54217.5035969717
836.969999999481 54358.7970838215
838.01999999948 54412.6303097491
839.069999999479 54501.0362253053
840.119999999478 54563.704818169
841.169999999477 54615.9510361713
842.219999999476 54673.0368105947
843.269999999475 54807.0835129582
844.319999999474 54801.3075205961
845.369999999473 54910.6153706456
846.419999999472 54902.9355441976
847.469999999471 55005.8060790319
848.51999999947 55051.355080712
849.569999999469 55103.7102038826
850.619999999468 55165.5794070427
851.669999999467 55218.4706280162
852.719999999466 55211.498337355
853.769999999465 55309.2796314514
854.819999999464 55353.4795664525
855.869999999463 55350.9693328511
856.919999999462 55440.8243764253
857.969999999461 55498.3736256499
859.019999999461 55552.65741865
860.06999999946 55676.6940843655
861.119999999459 55679.5094678954
862.169999999458 55745.8043778214
863.219999999457 55817.8614318446
864.269999999456 55853.3850912797
865.319999999455 55922.0384886529
866.369999999454 55978.8218493473
867.419999999453 56102.9188863846
868.469999999452 56169.6476099937
869.519999999451 56232.1902727973
870.56999999945 56293.0968387547
871.619999999449 56353.1409262531
872.669999999448 56434.6039331136
873.719999999447 56497.9319300035
874.769999999446 56574.8041831944
875.819999999445 56654.8591492845
876.869999999444 56715.0310498594
877.919999999443 56782.4349337904
878.969999999442 56915.1887140866
880.019999999441 56918.3314142187
881.06999999944 57034.3809739385
882.11999999944 57097.9280810216
883.169999999439 57185.0091155615
884.219999999438 57251.5319238044
885.269999999437 57313.5406730423
886.319999999436 57376.1227665027
887.369999999435 57372.4588004261
888.419999999434 57405.210771329
889.469999999433 57510.4153152493
890.519999999432 57570.3785650958
891.569999999431 57637.2130234959
892.61999999943 57693.1593690694
893.669999999429 57745.1880356721
894.719999999428 57796.1431353717
895.769999999427 57916.924948074
896.819999999426 57975.1415081761
897.869999999425 58031.0711209923
898.919999999424 58026.1736675219
899.969999999423 58134.9904223415
901.019999999422 58187.8920438324
902.069999999421 58240.1535943464
903.11999999942 58239.2057694044
904.169999999419 58321.8052032279
905.219999999419 58385.2697893558
906.269999999418 58447.7053218479
907.319999999417 58509.0506194842
908.369999999416 58599.9956025407
909.419999999415 58672.4285512373
910.469999999414 58731.5278220512
911.519999999413 58790.8705029114
912.569999999412 58848.7950839628
913.619999999411 58908.6479163795
914.66999999941 58963.5747342706
915.719999999409 59029.6807526403
916.769999999408 59141.5409265744
917.819999999407 59199.1862424622
918.869999999406 59271.2809511988
919.919999999405 59275.4602499208
920.969999999404 59376.9298812056
922.019999999403 59381.0065446687
923.069999999402 59500.1441038366
924.119999999401 59554.7402475509
925.1699999994 59620.1710200495
926.219999999399 59679.4519967376
927.269999999398 59737.7157485243
928.319999999398 59799.175498532
929.369999999397 59858.7295917344
930.419999999396 59979.0769329942
931.469999999395 60049.1454788032
932.519999999394 60116.1159378332
933.569999999393 60185.8511264787
934.619999999392 60249.7981213308
935.669999999391 60315.5499948698
936.71999999939 60366.4359046223
937.769999999389 60416.8233201756
938.819999999388 60415.5603030301
939.869999999387 60535.3529010214
940.919999999386 60609.8941300533
941.969999999385 60664.4790375225
943.019999999384 60744.9165116834
944.069999999383 60805.8984376952
945.119999999382 60856.1517087876
946.169999999381 60971.4049504234
947.21999999938 60966.5609257164
948.269999999379 61077.4355925357
949.319999999378 61131.2223416073
950.369999999377 61189.27538241
951.419999999377 61241.3949671197
952.469999999376 61293.8023462087
953.519999999375 61349.1561706604
954.569999999374 61400.8934183092
955.619999999373 61451.0574539942
956.669999999372 61504.6778423036
957.719999999371 61570.2135086323
958.76999999937 61635.6581095544
959.819999999369 61635.6991621527
960.869999999368 61756.5417004694
961.919999999367 61810.9661120861
962.969999999366 61874.4008599232
964.019999999365 61942.4547879732
965.069999999364 62000.6889042694
966.119999999363 62139.5374076148
967.169999999362 62141.7376921364
968.219999999361 62260.8070260072
969.26999999936 62262.6729471394
970.319999999359 62370.6580097929
971.369999999358 62432.8642976354
972.419999999357 62434.7142455269
973.469999999356 62474.0473494086
974.519999999355 62569.4253696475
975.569999999355 62632.9087014963
976.619999999354 62693.1184324616
977.669999999353 62769.5642336837
978.719999999352 62826.5036949123
979.769999999351 62888.5781000588
980.81999999935 62943.8566769654
981.869999999349 63081.9884022056
982.919999999348 63084.2045421073
983.969999999347 63197.3565046952
985.019999999346 63199.4547163401
986.069999999345 63299.7473316775
987.119999999344 63301.8031246433
988.169999999343 63409.6426547921
989.219999999342 63479.4130195307
990.269999999341 63544.0053521771
991.31999999934 63605.0526064183
992.369999999339 63685.3676090003
993.419999999338 63756.9083565095
994.469999999337 63802.9487622823
995.519999999336 63860.6749660562
996.569999999335 63926.435685941
997.619999999334 63984.8035239526
998.669999999334 64038.6817757442
999.719999999333 64102.3229399035
