16.9199999999999 5492.37283533702
17.9699999999999 5570.9434941516
19.02 5647.81462638052
20.07 5721.56201937104
21.12 5789.72608801809
22.1700000000001 5855.28243626734
23.2200000000001 5913.33578550149
24.2700000000002 5965.84639392603
25.3200000000002 6019.73346093616
26.3700000000002 6061.34162334473
27.4200000000003 6107.00186985512
28.4700000000003 6234.24625155361
29.5200000000004 6184.58712220846
30.5700000000004 6207.3892349091
31.6200000000004 6318.8936360459
32.6700000000005 6347.50686186051
33.7200000000005 6285.18453991512
34.7700000000006 6300.08893519793
35.8200000000006 6397.75715864449
36.8700000000006 6402.3551254953
37.9200000000007 6398.01277452695
38.9700000000007 6323.42371867877
40.0200000000008 6384.01866580359
41.0700000000008 6370.01792881091
42.1200000000008 6359.61491361777
43.1700000000009 6278.18205755679
44.2200000000009 6332.10638545279
45.270000000001 6316.94538031566
46.320000000001 6232.38241001287
47.370000000001 6382.1990879632
48.4200000000011 6382.1990879632
49.4700000000011 6504.79521633183
50.5200000000012 6504.79521633183
51.5700000000012 6650.43584321516
52.6200000000012 6717.18554568869
53.6700000000013 6758.40260700452
54.7200000000013 6758.40260700452
55.7700000000014 6810.55913000466
56.8200000000014 6842.35028962482
57.8700000000014 6842.35028962482
58.9200000000015 6861.30959810998
59.9700000000015 6879.80647726783
61.0200000000016 6894.13329929415
62.0700000000016 6913.88695976026
63.1200000000016 6925.18393845956
64.1700000000017 6943.75961095578
65.2200000000017 6963.13052309485
66.2700000000017 7025.75609388407
67.3200000000018 7048.37761055704
68.3700000000018 7091.29552873729
69.4200000000019 7120.71837041026
70.4700000000019 7160.18736099667
71.5200000000019 7198.56581647412
72.570000000002 7232.99177458322
73.620000000002 7232.99177458322
74.6700000000021 7325.80349029373
75.7200000000021 7380.22530516207
76.7700000000021 7435.73507229359
77.8200000000022 7500.95494000395
78.8700000000022 7554.54238774456
79.9200000000023 7602.54407275969
80.9700000000023 7660.29035335367
82.0200000000023 7778.77464370325
83.0700000000024 7837.62300084611
84.1200000000024 7895.60014370325
85.1700000000025 7895.60014370325
86.2200000000025 8017.90569428588
87.2700000000025 7934.45542303434
88.3200000000026 8104.1147598314
89.3700000000026 8104.1147598314
90.4200000000027 8212.97676115858
91.4700000000027 8268.38194438043
92.5200000000027 8322.8965861737
93.5700000000028 8393.82373674121
94.6200000000028 8453.87668840283
95.6700000000029 8515.32386994415
96.7200000000029 8572.01574125619
97.7700000000029 8631.76751280129
98.820000000003 8688.9854629216
99.870000000003 8811.43677766964
100.920000000003 8811.43677766964
101.970000000003 8912.27805614345
103.020000000003 8912.27805614345
104.070000000003 8985.68344448183
105.120000000003 8985.68344448183
106.170000000003 9032.31292650438
107.220000000003 9073.36396216193
108.270000000003 9094.30376571445
109.320000000003 9098.36634584435
110.370000000003 9126.49064542476
111.420000000003 9133.81566081157
112.470000000003 9156.6537234802
113.520000000004 9190.24865698757
114.570000000004 9228.41952595235
115.620000000004 9290.00225692003
116.670000000004 9332.27765949154
117.720000000004 9422.73056134858
118.770000000004 9498.10384808061
119.820000000004 9556.3642141469
120.870000000004 9669.1201846296
121.920000000004 9765.93228747263
122.970000000004 9869.88681274218
124.020000000004 9974.41520470169
125.070000000004 10082.250723803
126.120000000004 10187.9430961977
127.170000000004 10286.8501781961
128.220000000004 10350.1588556075
129.270000000004 10493.9599236829
130.320000000004 10614.6796218821
131.370000000004 10718.6208225582
132.420000000004 10830.2823626681
133.470000000004 10940.2115256737
134.520000000004 11050.7027531686
135.570000000004 11212.3876828972
136.620000000004 11272.8719111498
137.670000000004 11376.2781661143
138.720000000004 11515.3202807062
139.770000000005 11626.5124877397
140.820000000005 11683.5741023761
141.870000000005 11823.2342852888
142.920000000005 11931.1734476537
143.970000000005 12034.0693587641
145.020000000005 12136.287957856
146.070000000005 12238.083995654
147.120000000005 12345.4162155228
148.170000000005 12456.2958749743
149.220000000005 12553.1338249302
150.270000000005 12648.7785056258
151.320000000005 12746.4985770628
152.370000000005 12835.4383205539
153.420000000005 12935.4032279457
154.470000000005 13122.0323438057
155.520000000005 13241.5940607592
156.570000000005 13374.1262740582
157.620000000005 13415.1096174647
158.670000000005 13645.1413937442
159.720000000005 13772.9662439994
160.770000000005 13912.3707893535
161.820000000005 14040.0754802337
162.870000000005 14158.8355796845
163.920000000005 14286.2163363296
164.970000000005 14412.0938662987
166.020000000006 14438.1052656201
167.070000000006 14634.3653831771
168.120000000006 14747.1905585921
169.170000000006 14857.9713409365
170.220000000006 15048.4764489701
171.270000000006 15064.2007577242
172.320000000006 15252.9151504564
173.370000000006 15263.8517112517
174.420000000006 15351.4316660899
175.470000000006 15507.5557531779
176.520000000006 15580.7817302703
177.570000000006 15650.7120702487
178.620000000006 15722.4997950266
179.670000000006 15784.756169852
180.720000000006 15847.4148277827
181.770000000006 15900.2998382359
182.820000000006 15956.3925563254
183.870000000006 16009.8629730485
184.920000000006 16051.5043338736
185.970000000006 16089.0503267476
187.020000000006 16191.5287336099
188.070000000006 16165.960005683
189.120000000006 16254.0366623102
190.170000000006 16289.1503736201
191.220000000006 16316.2332261711
192.270000000007 16348.808160106
193.320000000007 16373.0894091121
194.370000000007 16398.1962733752
195.420000000007 16415.9238017456
196.470000000007 16437.1420955877
197.520000000007 16446.1019234806
198.570000000007 16463.4100637247
199.620000000007 16478.7020314025
200.670000000007 16433.7795288225
201.720000000007 16507.0587209849
202.770000000007 16575.979070879
203.820000000007 16528.5344396067
204.870000000007 16534.2923610502
205.920000000007 16542.1640650447
206.970000000007 16611.8100727211
208.020000000007 16627.8661409714
209.070000000007 16634.2864181292
210.120000000007 16649.1545537749
211.170000000007 16653.969407224
212.220000000007 16663.050518447
213.270000000007 16673.6803535734
214.320000000007 16676.7795528575
215.370000000007 16688.1607399829
216.420000000007 16698.7813458934
217.470000000007 16713.7941016477
218.520000000008 16729.1168637723
219.570000000008 16750.6306741199
220.620000000008 16763.4858246138
221.670000000008 16775.4036878615
222.720000000008 16777.162895067
223.770000000008 16847.3181502987
224.820000000008 16870.7660136816
225.870000000008 16832.2848678751
226.920000000008 16847.8883573275
227.970000000008 16930.1198668171
229.020000000008 16969.5239189084
230.070000000008 17018.7330739208
231.120000000008 17069.3620177113
232.170000000008 17136.6690289119
233.220000000008 17198.4926630126
234.270000000008 17219.8281274399
235.320000000008 17289.7183468424
236.370000000008 17443.6481986691
237.420000000008 17533.9442804665
238.470000000008 17649.54190544
239.520000000008 17766.2407468589
240.570000000008 17886.3077159577
241.620000000008 18063.3985544698
242.670000000008 18198.8061846929
243.720000000008 18261.4729327962
244.770000000009 18434.4856670731
245.820000000009 18551.285783207
246.870000000009 18678.6185001864
247.920000000009 18790.6882955169
248.970000000009 18906.0222651125
250.020000000009 18959.37130083
251.070000000009 19128.635412724
252.120000000009 19236.9849804383
253.170000000009 19335.8466748406
254.220000000009 19444.1621696515
255.270000000009 19486.77265409
256.320000000009 19708.1906733735
257.370000000008 19818.0777694098
258.420000000007 19912.5983775132
259.470000000006 20008.5345598069
260.520000000005 20101.2639788496
261.570000000004 20202.2205480797
262.620000000003 20289.3048003039
263.670000000002 20377.8263910973
264.720000000001 20473.6189690704
265.77 20558.7538856913
266.819999999999 20644.4562459185
267.869999999998 20725.3897262308
268.919999999997 20809.8286830827
269.969999999996 20885.373084927
271.019999999995 20956.1873496505
272.069999999994 21032.2188363202
273.119999999993 21109.1644779423
274.169999999992 21120.9690004833
275.219999999991 21316.034600669
276.26999999999 21383.7011883731
277.31999999999 21388.9968504613
278.369999999989 21443.1327822934
279.419999999988 21565.6426483851
280.469999999987 21626.4449645535
281.519999999986 21684.4402000762
282.569999999985 21740.1057783263
283.619999999984 21793.0832958274
284.669999999983 21840.2123193008
285.719999999982 21891.2776606408
286.769999999981 21935.7553004857
287.81999999998 21977.7791561884
288.869999999979 22080.7512480801
289.919999999978 22064.0968736757
290.969999999977 22155.4711561212
292.019999999976 22195.6524829583
293.069999999975 22174.8369844426
294.119999999974 22211.2236995911
295.169999999973 22299.831976934
296.219999999972 22345.2288719873
297.269999999971 22377.9094817465
298.31999999997 22413.8704132791
299.369999999969 22454.0737160006
300.419999999969 22482.8739661437
301.469999999968 22510.9183485164
302.519999999967 22528.8425291286
303.569999999966 22526.5159727853
304.619999999965 22504.1115589077
305.669999999964 22484.6417041073
306.719999999963 22465.1403300571
307.769999999962 22434.9795608654
308.819999999961 22402.3668720914
309.86999999996 22368.8408894948
310.919999999959 22340.2083846753
311.969999999958 22309.6596561097
313.019999999957 22304.2427298542
314.069999999956 22295.8595378244
315.119999999955 22289.1131753852
316.169999999954 22302.1195269929
317.219999999953 22322.6876172192
318.269999999952 22345.3423651682
319.319999999951 22354.613390864
320.36999999995 22395.1225678477
321.419999999949 22433.3476109491
322.469999999948 22475.1196926704
323.519999999948 22534.0750108383
324.569999999947 22613.6828279629
325.619999999946 22705.732214743
326.669999999945 22875.946290132
327.719999999944 23009.8033840867
328.769999999943 23148.2853869343
329.819999999942 23202.9289955977
330.869999999941 23463.8227838077
331.91999999994 23640.0311458722
332.969999999939 23804.4038616303
334.019999999938 23987.9683878793
335.069999999937 24155.4571424208
336.119999999936 24210.901007384
337.169999999935 24465.3946576643
338.219999999934 24616.0415958209
339.269999999933 24790.1836339628
340.319999999932 24939.0421488805
341.369999999931 25175.2165029192
342.41999999993 25311.1274176555
343.469999999929 25440.0455732066
344.519999999928 25473.1804505137
345.569999999927 25585.8742692019
346.619999999927 25666.4005343998
347.669999999926 25728.5591854123
348.719999999925 25854.7035688498
349.769999999924 25911.9032505998
350.819999999923 25971.7165505998
351.869999999922 25971.7165505998
352.919999999921 26042.5653176498
353.96999999992 26164.8394967123
355.019999999919 26164.8394967123
356.069999999918 26287.6604896498
357.119999999917 26403.9620545998
358.169999999916 26403.9620545998
359.219999999915 26466.5003788498
360.269999999914 26529.8063872123
361.319999999913 26586.2755488498
362.369999999912 26712.4452179123
363.419999999911 26712.4452179123
364.46999999991 26781.3490968498
365.519999999909 26898.2951175998
366.569999999908 26954.9450393998
367.619999999907 26954.9450393998
368.669999999906 26986.3937031591
369.719999999905 27070.747872685
370.769999999905 27090.5137631752
371.819999999904 27115.0959780745
372.869999999903 27152.1365259976
373.919999999902 27173.8673530055
374.969999999901 27200.9133465664
376.0199999999 27216.887837083
377.069999999899 27287.3636371713
378.119999999898 27302.9348415364
379.169999999897 27318.4962933901
380.219999999896 27270.681628374
381.269999999895 27342.1522493255
382.319999999894 27292.5026525277
383.369999999893 27340.7677641953
384.419999999892 27358.7318412887
385.469999999891 27364.9341526291
386.51999999989 27367.6824552857
387.569999999889 27363.9743431831
388.619999999888 27383.2550735822
389.669999999887 27381.2039148638
390.719999999886 27384.7376233245
391.769999999885 27380.7754687325
392.819999999884 27384.5443643694
393.869999999884 27446.6989601275
394.919999999883 27456.6253327405
395.969999999882 27462.6782422283
397.019999999881 27472.6498763494
398.06999999988 27490.9144517402
399.119999999879 27516.1147135958
400.169999999878 27555.2961017834
401.219999999877 27598.711641594
402.269999999876 27661.7962537227
403.319999999875 27716.1257977712
404.369999999874 27785.1382467224
405.419999999873 27851.4022479771
406.469999999872 27930.5943658626
407.519999999871 27957.7968261244
408.56999999987 28103.0463633645
409.619999999869 28273.5541367706
410.669999999868 28313.2822696803
411.719999999867 28423.0539067652
412.769999999866 28588.0637635843
413.819999999865 28632.0860345928
414.869999999864 28793.9962809401
415.919999999863 28835.4082758432
416.969999999863 28925.2409162455
418.019999999862 29014.3741581651
419.069999999861 29159.417313085
420.11999999986 29255.4143370313
421.169999999859 29289.4671403185
422.219999999858 29422.9084507568
423.269999999857 29516.0743179902
424.319999999856 29608.7493227849
425.369999999855 29695.5778280751
426.419999999854 29786.579841053
427.469999999853 29811.5584057141
428.519999999852 29950.1615063723
429.569999999851 30108.4029677814
430.61999999985 30129.6789338827
431.669999999849 30266.2286359242
432.719999999848 30347.0898404799
433.769999999847 30430.3309242182
434.819999999846 30505.986028784
435.869999999845 30580.3925068297
436.919999999844 30661.4578257856
437.969999999843 30738.5085163345
439.019999999842 30818.9031528563
440.069999999842 30827.9538225813
441.119999999841 30938.9600537232
442.16999999984 30944.6287850776
443.219999999839 31002.0931104211
444.269999999838 31129.772825528
445.319999999837 31185.959033764
446.369999999836 31244.864917962
447.419999999835 31302.1217999058
448.469999999834 31357.3572874525
449.519999999833 31478.8137348602
450.569999999832 31393.1708972726
451.619999999831 31557.9515615391
452.66999999983 31608.9256639315
453.719999999829 31650.4117570311
454.769999999828 31695.48381569
455.819999999827 31737.2595101139
456.869999999826 31779.065021654
457.919999999825 31818.9213592144
458.969999999824 31855.6260252359
460.019999999823 31893.8299379891
461.069999999822 31942.3055315423
462.119999999821 31983.2889073513
463.169999999821 32092.3434166958
464.21999999982 32070.0479734964
465.269999999819 32168.5022458586
466.319999999818 32144.8801309742
467.369999999817 32234.1024836968
468.419999999816 32269.0694590009
469.469999999815 32321.5518882065
470.519999999814 32296.1053114978
471.569999999813 32384.9936706575
472.619999999812 32410.0313276423
473.669999999811 32443.9466241387
474.71999999981 32477.720742161
475.769999999809 32510.9621627025
476.819999999808 32539.3088856734
477.869999999807 32575.5032810544
478.919999999806 32617.5336787555
479.969999999805 32715.3058628494
481.019999999804 32752.6782484086
482.069999999803 32802.2812482864
483.119999999802 32854.0812144614
484.169999999801 32912.299471871
485.2199999998 32976.728794399
486.269999999799 33055.5582280799
487.319999999799 33070.2406738486
488.369999999798 33210.9431420273
489.419999999797 33288.8536336113
490.469999999796 33364.1959732322
491.519999999795 33455.7135872584
492.569999999794 33478.995842989
493.619999999793 33621.062312486
494.669999999792 33708.2808566416
495.719999999791 33787.0998747307
496.76999999979 33934.4037830351
497.819999999789 33955.6313552877
498.869999999788 34084.2444295708
499.919999999787 34162.8437357536
500.969999999786 34239.1640615353
502.019999999785 34315.3236512959
503.069999999784 34391.8114070957
504.119999999783 34406.8758428237
505.169999999782 34474.2349717289
506.219999999781 34598.7490824666
507.26999999978 34669.5789488106
508.319999999779 34735.5972086129
509.369999999778 34800.6036006176
510.419999999778 34810.408802031
511.469999999777 34919.1694504796
512.519999999776 34995.2394121486
513.569999999775 35062.9600531161
514.619999999774 35124.3814463625
515.669999999773 35189.8337299222
516.719999999772 35252.1058643384
517.769999999771 35307.2567608722
518.81999999977 35363.6831208567
519.869999999769 35479.4828561519
520.919999999768 35538.9962976749
521.969999999767 35596.9639651677
523.019999999766 35650.9278266931
524.069999999765 35711.3736456229
525.119999999764 35771.6517270744
526.169999999763 35824.2886387349
527.219999999762 35875.1635715515
528.269999999761 35924.7537529107
529.31999999976 35976.0302351557
530.369999999759 36044.2119424752
531.419999999758 36096.5107305291
532.469999999758 36145.1779432931
533.519999999757 36188.1229584046
534.569999999756 36288.4689831125
535.619999999755 36338.6612088046
536.669999999754 36324.3428822353
537.719999999753 36428.1786547863
538.769999999752 36475.6707836796
539.819999999751 36517.652417747
540.86999999975 36560.1464384748
541.919999999749 36598.7724877822
542.969999999748 36643.6039964733
544.019999999747 36694.0789946328
545.069999999746 36747.1784226771
546.119999999745 36802.5343318953
547.169999999744 36864.9115769096
548.219999999743 36936.050942264
549.269999999742 37008.2000091675
550.319999999741 37079.6809770198
551.36999999974 37214.1959297362
552.419999999739 37266.9126757746
553.469999999738 37349.7729012651
554.519999999737 37428.1368188735
555.569999999737 37502.2701738403
556.619999999736 37587.5074972177
557.669999999735 37667.0029021921
558.719999999734 37744.7050017916
559.769999999733 37818.6334797159
560.819999999732 37884.5794012829
561.869999999731 37959.6529154564
562.91999999973 38030.8948718617
563.969999999729 38103.7197959688
565.019999999728 38173.2687191818
566.069999999727 38308.4830843697
567.119999999726 38377.5544201755
568.169999999725 38445.6684890185
569.219999999724 38512.1963693689
570.269999999723 38576.1264985225
571.319999999722 38663.090444786
572.369999999721 38665.1290663593
573.41999999972 38786.6224908775
574.469999999719 38786.2567822537
575.519999999718 38840.7909240888
576.569999999717 38946.9438226483
577.619999999716 38943.2593057074
578.669999999716 38938.5452320864
579.719999999715 39100.4513930839
580.769999999714 39152.2583564357
581.819999999713 39198.5682065234
582.869999999712 39257.2651497743
583.919999999711 39369.9240604721
584.96999999971 39419.5788051166
586.019999999709 39475.5778772063
587.069999999708 39521.6992086994
588.119999999707 39509.5081952539
589.169999999706 39604.4173905253
590.219999999705 39649.8811430753
591.269999999704 39693.1568868325
592.319999999703 39738.3578240028
593.369999999702 39779.5980975665
594.419999999701 39828.3015663961
595.4699999997 39889.7161732562
596.519999999699 39956.0841247313
597.569999999698 40014.452466834
598.619999999697 40088.0388948103
599.669999999696 40155.1885361569
600.719999999695 40219.3973510766
601.769999999695 40289.6687656165
602.819999999694 40294.8610030349
603.869999999693 40412.5081380621
604.919999999692 40472.186221389
605.969999999691 40596.3744542343
607.01999999969 40606.4047462923
608.069999999689 40723.7552615738
609.119999999688 40792.3787424934
610.169999999687 40866.5063196189
611.219999999686 40939.8270443719
612.269999999685 41009.0129719314
613.319999999684 41078.9625039291
614.369999999683 41148.2147059461
615.419999999682 41214.5122732092
616.469999999681 41283.1100081819
617.51999999968 41337.2452917855
618.569999999679 41342.3761425126
619.619999999678 41380.8176019016
620.669999999677 41499.9669668048
621.719999999676 41620.2926492541
622.769999999675 41625.320792231
623.819999999674 41748.4515122701
624.869999999673 41823.3166938049
625.919999999673 41890.7907453008
626.969999999672 41955.6777323817
628.019999999671 41956.7518159334
629.06999999967 42073.8995521644
630.119999999669 42131.8958503331
631.169999999668 42185.9307787064
632.219999999667 42238.6262809748
633.269999999666 42293.4389957508
634.319999999665 42341.8294954499
635.369999999664 42402.7365645152
636.419999999663 42527.0798601507
637.469999999662 42524.9570749968
638.519999999661 42667.2975311874
639.56999999966 42728.2975487419
640.619999999659 42789.1529960332
641.669999999658 42840.8284420206
642.719999999657 42835.2044976342
643.769999999656 42939.8495523878
644.819999999655 42992.5526870614
645.869999999654 43044.1465392968
646.919999999653 43097.1999302177
647.969999999652 43158.7809970103
649.019999999652 43208.1809330081
650.069999999651 43266.6864632114
651.11999999965 43316.9605550186
652.169999999649 43375.3945969082
653.219999999648 43496.9980854596
654.269999999647 43497.7013960819
655.319999999646 43550.4348293541
656.369999999645 43606.2883096128
657.419999999644 43729.3572528129
658.469999999643 43795.8782233085
659.519999999642 43859.9772713134
660.569999999641 43928.1226002435
661.61999999964 43996.2709207037
662.669999999639 44072.7391899982
663.719999999638 44136.2434242639
664.769999999637 44200.1036768004
665.819999999636 44262.0383335828
666.869999999635 44330.9785200247
667.919999999634 44397.3588210145
668.969999999633 44463.0358792525
670.019999999632 44525.9767205582
671.069999999631 44649.8727280203
672.119999999631 44716.8330967081
673.16999999963 44775.2733195885
674.219999999629 44774.9943999693
675.269999999628 44903.5369593122
676.319999999627 44970.735799681
677.369999999626 45032.4081748563
678.419999999625 45089.0014818448
679.469999999624 45084.9531673184
680.519999999623 45197.4083016838
681.569999999622 45251.4415249411
682.619999999621 45296.8145808039
683.66999999962 45350.403521933
684.719999999619 45399.9427186102
685.769999999618 45456.4293729382
686.819999999617 45507.0027354797
687.869999999616 45560.586068619
688.919999999615 45668.8737930916
689.969999999614 45659.9786812417
691.019999999613 45708.0525876117
692.069999999612 45828.0593046906
693.119999999611 45881.2236838992
694.16999999961 45933.9453125034
695.21999999961 45935.0594312163
696.269999999609 46047.6166601142
697.319999999608 46109.0145315147
698.369999999607 46172.9247494782
699.419999999606 46238.3091390935
700.469999999605 46304.1705390513
701.519999999604 46312.3139690246
702.569999999603 46433.4101127055
703.619999999602 46501.0650311818
704.669999999601 46572.3505484617
705.7199999996 46638.4683430405
706.769999999599 46705.5274326903
707.819999999598 46770.9472246105
708.869999999597 46828.9039457936
709.919999999596 46959.563746585
710.969999999595 46968.9003166757
712.019999999594 47022.8142736727
713.069999999593 47151.616012982
714.119999999592 47224.7512769014
715.169999999591 47232.1624516058
716.21999999959 47369.0870223845
717.269999999589 47374.9320081844
718.319999999589 47489.280191593
719.369999999588 47551.7233841393
720.419999999587 47609.0872625334
721.469999999586 47665.5164411739
722.519999999585 47733.7748040381
723.569999999584 47796.4789822539
724.619999999583 47906.7880471734
725.669999999582 47906.315774394
726.719999999581 48028.6745687515
727.76999999958 48091.1547288932
728.819999999579 48159.4146003257
729.869999999578 48216.8541212058
730.919999999577 48269.1979571483
731.969999999576 48314.9151565057
733.019999999575 48382.3054887908
734.069999999574 48433.1455018865
735.119999999573 48425.4075593777
736.169999999572 48466.6695980343
737.219999999571 48573.3567950024
738.26999999957 48630.8801401709
739.319999999569 48686.1408979299
740.369999999568 48738.8037929986
741.419999999567 48867.3102377193
742.469999999567 48926.6075326567
743.519999999566 48925.8141882461
744.569999999565 49049.8681867928
745.619999999564 49109.7837991659
746.669999999563 49110.0011116145
747.719999999562 49228.9731892639
748.769999999561 49287.5138964047
749.81999999956 49347.7482527739
750.869999999559 49400.9023999341
751.919999999558 49402.7617786749
752.969999999557 49457.3562573662
754.019999999556 49579.3998376097
755.069999999555 49637.2456693162
756.119999999554 49782.1603910882
757.169999999553 49847.3202753002
758.219999999552 49849.4688501309
759.269999999551 49905.158002896
760.31999999955 50031.0269640009
761.369999999549 50093.6096087157
762.419999999548 50093.4966661272
763.469999999547 50210.4220311917
764.519999999546 50267.4740877977
765.569999999546 50328.3184443491
766.619999999545 50383.1435337469
767.669999999544 50436.0637348035
768.719999999543 50434.4289884902
769.769999999542 50542.0348074322
770.819999999541 50596.2446123899
771.86999999954 50662.8457531003
772.919999999539 50721.9581622591
773.969999999538 50792.0802336658
775.019999999537 50853.7643121053
776.069999999536 50980.1105421613
777.119999999535 50979.3744070374
778.169999999534 51088.3346759753
779.219999999533 51150.5860128748
780.269999999532 51213.3567961639
781.319999999531 51211.9784222465
782.36999999953 51313.9122415543
783.419999999529 51371.5668633857
784.469999999528 51372.2121119893
785.519999999527 51482.5999183761
786.569999999526 51538.704143318
787.619999999525 51607.1649973951
788.669999999525 51679.4958277093
789.719999999524 51739.9396394392
790.769999999523 51805.0904403482
791.819999999522 51867.0826281679
792.869999999521 51982.3723448887
793.91999999952 52043.0543947748
794.969999999519 52044.7153622172
796.019999999518 52154.6355321312
797.069999999517 52222.9975018077
798.119999999516 52286.2060024196
799.169999999515 52345.8399376506
800.219999999514 52408.1360326844
801.269999999513 52481.7221067107
802.319999999512 52543.7627864754
803.369999999511 52602.413330706
804.41999999951 52664.1091245048
805.469999999509 52721.9355655176
806.519999999508 52775.1215817744
807.569999999507 52831.5450527506
808.619999999506 52883.6891712241
809.669999999505 52937.1979731273
810.719999999504 53051.7396621517
811.769999999504 53048.6603294907
812.819999999503 53046.4171340603
813.869999999502 53221.2634417161
814.919999999501 53280.8668129629
815.9699999995 53280.3139846348
817.019999999499 53401.4087991243
818.069999999498 53401.8192130588
819.119999999497 53505.4666862302
820.169999999496 53566.2978117376
821.219999999495 53622.2818869275
822.269999999494 53673.7588991881
823.319999999493 53730.9018482619
824.369999999492 53793.2590493075
825.419999999491 53859.925416892
826.46999999949 53921.0288957943
827.519999999489 54052.587380873
828.569999999488 54120.7910864025
829.619999999487 54124.4314378323
830.669999999486 54243.0255553479
831.719999999485 54305.9515990516
832.769999999484 54379.7397790276
833.819999999483 54443.9758080353
834.869999999483 54504.9701306024
835.919999999482 54506.5104461053
836.969999999481 54636.6151723854
838.01999999948 54693.5346245157
839.069999999479 54766.4674383481
840.119999999478 54826.5639094874
841.169999999477 54881.13968049
842.219999999476 54937.5132683081
843.269999999475 55061.189791423
844.319999999474 55055.6571505674
845.369999999473 55166.5714136937
846.419999999472 55159.2158873846
847.469999999471 55266.4096588438
848.51999999947 55314.9897819382
849.569999999469 55366.827861621
850.619999999468 55423.2846483961
851.669999999467 55475.6272617774
852.719999999466 55468.9462129215
853.769999999465 55574.9783348376
854.819999999464 55625.1638545198
855.869999999463 55622.7630485528
856.919999999462 55727.0583022031
857.969999999461 55785.5108994319
859.019999999461 55842.9073424331
860.06999999946 55965.0468588706
861.119999999459 55967.7330987136
862.169999999458 56032.0626044043
863.219999999457 56099.4323692735
864.269999999456 56149.6109744054
865.319999999455 56215.7700125431
866.369999999454 56276.3681299774
867.419999999453 56400.203777007
868.469999999452 56465.7599598575
869.519999999451 56529.3775390447
870.56999999945 56592.2542465543
871.619999999449 56654.7169009996
872.669999999448 56727.3570249222
873.719999999447 56791.3101225755
874.769999999446 56861.6527039139
875.819999999445 56933.4329811549
876.869999999444 56995.594955895
877.919999999443 57061.0050515333
878.969999999442 57188.2550716588
880.019999999441 57191.256399198
881.06999999944 57309.8484740007
882.11999999944 57371.9896374641
883.169999999439 57444.9165436611
884.219999999438 57507.4989002318
885.269999999437 57566.9372999864
886.319999999436 57626.5591645638
887.369999999435 57623.0483366303
888.419999999434 57667.8364936752
889.469999999433 57778.4837021626
890.519999999432 57836.3926814314
891.569999999431 57897.2296482974
892.61999999943 57952.5095193466
893.669999999429 58005.6600339691
894.719999999428 58058.1911958344
895.769999999427 58175.2234282284
896.819999999426 58231.4534120022
897.869999999425 58286.7112530049
898.919999999424 58282.018940309
899.969999999423 58394.0983253226
901.019999999422 58448.9017238575
902.069999999421 58503.9115886205
903.11999999942 58503.0043931123
904.169999999419 58604.3657849758
905.219999999419 58666.0039915765
906.269999999418 58727.4790102887
907.319999999417 58788.7316008546
908.369999999416 58864.3947604077
909.419999999415 58931.3758159892
910.469999999414 58992.1126706553
911.519999999413 59053.0817230544
912.569999999412 59113.5074170969
913.619999999411 59174.963582439
914.66999999941 59234.1508122281
915.719999999409 59298.7362302072
916.769999999408 59416.1803830954
917.819999999407 59476.7455512366
918.869999999406 59544.2018145836
919.919999999405 59548.1941111317
920.969999999404 59660.5895023004
922.019999999403 59664.4772081956
923.069999999402 59785.2116572603
924.119999999401 59844.08467331
925.1699999994 59908.0095471818
926.219999999399 59968.9120307951
927.269999999398 60029.2504738504
928.319999999398 60091.0116125685
929.369999999397 60151.7677767398
930.419999999396 60272.4354343425
931.469999999395 60337.9438402831
932.519999999394 60401.722313951
933.569999999393 60466.5279818519
934.619999999392 60528.2422361207
935.669999999391 60590.4716370412
936.71999999939 60645.3730489678
937.769999999389 60699.8071947158
938.819999999388 60698.6031676756
939.869999999387 60817.1275135157
940.919999999386 60882.895361406
941.969999999385 60938.9042874748
943.019999999384 61007.1055671339
944.069999999383 61065.5955108415
945.119999999382 61118.661215914
946.169999999381 61233.6556832398
947.21999999938 61229.0223469865
948.269999999379 61341.4456852716
949.319999999378 61395.4724256134
950.369999999377 61451.5538111523
951.419999999377 61504.7945543572
952.469999999376 61558.3120805874
953.519999999375 61613.4304256726
954.569999999374 61667.121781735
955.619999999373 61720.5335656269
956.669999999372 61776.0329029894
957.719999999371 61837.6284224342
958.76999999937 61899.5488949855
959.819999999369 61899.5881776422
960.869999999368 62019.5192840975
961.919999999367 62077.0031476499
962.969999999366 62139.0372474357
964.019999999365 62203.4604561245
965.069999999364 62263.3659141957
966.119999999363 62392.8270366051
967.169999999362 62394.9354483888
968.219999999361 62514.7953435016
969.26999999936 62516.5830663385
970.319999999359 62631.0995751477
971.369999999358 62692.7753725462
972.419999999357 62694.546095389
973.469999999356 62745.2969613494
974.519999999355 62853.9173834569
975.569999999355 62916.3935519619
976.619999999354 62977.3734311338
977.669999999353 63046.1309966624
978.719999999352 63105.6112521666
979.769999999351 63167.5578269603
980.81999999935 63226.2645748094
981.869999999349 63355.401679114
982.919999999348 63357.5179627135
983.969999999347 63474.5576882197
985.019999999346 63476.5601184974
986.069999999345 63587.4167910964
987.119999999344 63589.3756250697
988.169999999343 63703.803224063
989.219999999342 63769.0222350958
990.269999999341 63831.744492729
991.31999999934 63892.7086561057
992.369999999339 63962.7506442268
993.419999999338 64028.4893722521
994.469999999337 64081.9923895855
995.519999999336 64141.0018398597
996.569999999335 64203.6393659937
997.619999999334 64262.4529987544
998.669999999334 64319.0023099364
999.719999999333 64380.0207054518
