16.9199999999999 5905.04253736034
17.9699999999999 5972.71010775266
19.02 6037.23236141545
20.07 6098.83245042279
21.12 6155.36299671197
22.1700000000001 6209.11710934461
23.2200000000001 6257.16885791581
24.2700000000002 6300.79982833894
25.3200000000002 6342.92688846248
26.3700000000002 6377.85011728314
27.4200000000003 6412.23122925732
28.4700000000003 6515.97975440174
29.5200000000004 6468.01580347152
30.5700000000004 6488.0080908038
31.6200000000004 6580.61046866904
32.6700000000005 6597.57456211853
33.7200000000005 6537.06475409026
34.7700000000006 6546.40323563158
35.8200000000006 6626.85132118381
36.8700000000006 6629.43133921281
37.9200000000007 6626.90540140202
38.9700000000007 6554.17175911869
40.0200000000008 6617.36670569535
41.0700000000008 6607.79829078599
42.1200000000008 6599.0023921525
43.1700000000009 6519.55318396792
44.2200000000009 6576.57563433072
45.270000000001 6563.79939464573
46.320000000001 6481.25817781672
47.370000000001 6642.9316508569
48.4200000000011 6642.9316508569
49.4700000000011 6776.04770697977
50.5200000000012 6776.04770697977
51.5700000000012 6915.29883058374
52.6200000000012 6974.16587724158
53.6700000000013 7017.25873279924
54.7200000000013 7017.25873279924
55.7700000000014 7076.54913677548
56.8200000000014 7101.58165141077
57.8700000000014 7101.58165141077
58.9200000000015 7130.30612138201
59.9700000000015 7146.17220860129
61.0200000000016 7161.25055689579
62.0700000000016 7177.99872943211
63.1200000000016 7191.92542006997
64.1700000000017 7209.37391887823
65.2200000000017 7227.61788875792
66.2700000000017 7277.11289985433
67.3200000000018 7301.6082821977
68.3700000000018 7334.41496290064
69.4200000000019 7365.70884167258
70.4700000000019 7402.55856032043
71.5200000000019 7441.31112036053
72.570000000002 7479.85392580167
73.620000000002 7479.85392580167
74.6700000000021 7571.54255639564
75.7200000000021 7622.22242563747
76.7700000000021 7674.36664027655
77.8200000000022 7731.36837046572
78.8700000000022 7785.70240733164
79.9200000000023 7838.18578709858
80.9700000000023 7895.55845170134
82.0200000000023 8011.80158610358
83.0700000000024 8070.64994324644
84.1200000000024 8128.62708610358
85.1700000000025 8128.62708610358
86.2200000000025 8247.19943391684
87.2700000000025 8180.94318683299
88.3200000000026 8353.97293612249
89.3700000000026 8353.97293612249
90.4200000000027 8468.08194132678
91.4700000000027 8525.73738335311
92.5200000000027 8582.50320966516
93.5700000000028 8645.18054271147
94.6200000000028 8703.73486469392
95.6700000000029 8763.30933770769
96.7200000000029 8820.75021528789
97.7700000000029 8879.75298056483
98.820000000003 8937.34542096208
99.870000000003 9055.67875694952
100.920000000003 9055.67875694952
101.970000000003 9162.88549584555
103.020000000003 9162.88549584555
104.070000000003 9237.78971957739
105.120000000003 9237.78971957739
106.170000000003 9284.04445418014
107.220000000003 9308.25847023266
108.270000000003 9323.59750534541
109.320000000003 9332.88471622492
110.370000000003 9350.52012329973
111.420000000003 9362.23053264693
112.470000000003 9384.81787287225
113.520000000004 9416.48533010068
114.570000000004 9456.64722886389
115.620000000004 9521.52721936386
116.670000000004 9562.84989732035
117.720000000004 9652.57729172498
118.770000000004 9728.1936425261
119.820000000004 9785.11132012404
120.870000000004 9901.46284557488
121.920000000004 9996.39710716592
122.970000000004 10095.6151309688
124.020000000004 10196.498162274
125.070000000004 10300.0160238693
126.120000000004 10404.2098821583
127.170000000004 10507.1512537912
128.220000000004 10568.9077979467
129.270000000004 10719.3443663689
130.320000000004 10832.6269705253
131.370000000004 10940.6848220442
132.420000000004 11051.3380915777
133.470000000004 11161.2609188243
134.520000000004 11270.7426077957
135.570000000004 11429.1350463785
136.620000000004 11487.9813428459
137.670000000004 11593.3182177211
138.720000000004 11742.2950969219
139.770000000005 11848.9027725551
140.820000000005 11904.2870458744
141.870000000005 12052.3586614363
142.920000000005 12156.6725318373
143.970000000005 12259.0786357098
145.020000000005 12360.503379604
146.070000000005 12461.2008002541
147.120000000005 12563.1809646575
148.170000000005 12665.4815631486
149.220000000005 12762.5351801971
150.270000000005 12858.6800239722
151.320000000005 12954.8277071681
152.370000000005 13047.7899395927
153.420000000005 13149.7050284619
154.470000000005 13334.5045915279
155.520000000005 13455.7204749493
156.570000000005 13583.3251698418
157.620000000005 13622.8779183153
158.670000000005 13844.7861989423
159.720000000005 13973.0232390176
160.770000000005 14104.832179285
161.820000000005 14232.2512172703
162.870000000005 14355.7175576988
163.920000000005 14480.7081548731
164.970000000005 14603.4312323505
166.020000000006 14628.5278899565
167.070000000006 14833.6636173332
168.120000000006 14945.4172892795
169.170000000006 15053.8663727307
170.220000000006 15242.6521507399
171.270000000006 15257.794617966
172.320000000006 15438.3158047323
173.370000000006 15448.8604458463
174.420000000006 15527.91308885
175.470000000006 15646.2510703125
176.520000000006 15706.0360307125
177.570000000006 15765.4972586
178.620000000006 15823.8236782125
179.670000000006 15883.2027049125
180.720000000006 15941.7589428125
181.770000000006 16001.6108889125
182.820000000006 16059.9839146
183.870000000006 16118.0263584125
184.920000000006 16178.23394885
185.970000000006 16238.4414599125
187.020000000006 16356.5398299125
188.070000000006 16339.9179704923
189.120000000006 16430.2424008333
190.170000000006 16462.2375355044
191.220000000006 16489.7718161984
192.270000000007 16518.4490719252
193.320000000007 16542.6919331698
194.370000000007 16566.6805081177
195.420000000007 16586.6546771728
196.470000000007 16607.3571160822
197.520000000007 16622.6099798882
198.570000000007 16640.316524583
199.620000000007 16656.0203264291
200.670000000007 16612.3876922536
201.720000000007 16685.226546338
202.770000000007 16756.0442697091
203.820000000007 16709.924766118
204.870000000007 16720.2913829075
205.920000000007 16730.4234635133
206.970000000007 16799.9260068063
208.020000000007 16812.7772282172
209.070000000007 16821.7435754391
210.120000000007 16833.9315252918
211.170000000007 16842.8256930012
212.220000000007 16852.5780329292
213.270000000007 16863.5420799834
214.320000000007 16871.6914189047
215.370000000007 16883.3753554763
216.420000000007 16894.5851780254
217.470000000007 16908.2221699198
218.520000000008 16922.4380758946
219.570000000008 16939.2147828674
220.620000000008 16953.7816790886
221.670000000008 16968.7031336825
222.720000000008 16981.0662909139
223.770000000008 17055.9048939346
224.820000000008 17077.0058887595
225.870000000008 17039.4690200046
226.920000000008 17060.6934129144
227.970000000008 17147.3967860109
229.020000000008 17185.6427936816
230.070000000008 17233.1358587417
231.120000000008 17286.6014223585
232.170000000008 17351.0847656561
233.220000000008 17419.3949344931
234.270000000008 17440.1859545789
235.320000000008 17522.189087682
236.370000000008 17676.1072030627
237.420000000008 17775.2400620196
238.470000000008 17887.6217058969
239.520000000008 18004.5849596957
240.570000000008 18125.0940784028
241.620000000008 18305.1516676833
242.670000000008 18430.7957869795
243.720000000008 18491.6016585156
244.770000000009 18666.9553526998
245.820000000009 18783.2023106554
246.870000000009 18901.8070383848
247.920000000009 19014.6561899723
248.970000000009 19127.3634979123
250.020000000009 19179.0537491882
251.070000000009 19347.0179295827
252.120000000009 19453.8156936891
253.170000000009 19556.0200872783
254.220000000009 19659.5906045948
255.270000000009 19700.8192384869
256.320000000009 19919.4283980709
257.370000000008 20020.106745333
258.420000000007 20114.6235658252
259.470000000006 20208.5543014462
260.520000000005 20300.7601924761
261.570000000004 20394.3510062008
262.620000000003 20481.9187777209
263.670000000002 20568.9641786608
264.720000000001 20657.3913024598
265.77 20741.1843774946
266.819999999999 20824.1927404858
267.869999999998 20905.0144192546
268.919999999997 20985.2215156818
269.969999999996 21061.5886227376
271.019999999995 21135.4738018251
272.069999999994 21209.9223980027
273.119999999993 21283.425929581
274.169999999992 21294.8633401153
275.219999999991 21484.4297160797
276.26999999999 21551.8665773228
277.31999999999 21557.0013835554
278.369999999989 21616.765290567
279.419999999988 21737.3271008493
280.469999999987 21796.5192316118
281.519999999986 21853.5112642326
282.569999999985 21908.5047007614
283.619999999984 21961.4118834568
284.669999999983 22011.2621741821
285.719999999982 22061.8190288125
286.769999999981 22108.5851474271
287.81999999998 22153.5080926461
288.869999999979 22257.2269005096
289.919999999978 22241.0889644572
290.969999999977 22339.1517022428
292.019999999976 22379.6733948314
293.069999999975 22359.5166155568
294.119999999974 22397.7262192552
295.169999999973 22491.5987385705
296.219999999972 22530.6759983938
297.269999999971 22564.9953038939
298.31999999997 22599.7659411478
299.369999999969 22635.3429105257
300.419999999969 22666.696942307
301.469999999968 22697.9090661147
302.519999999967 22716.1279501135
303.569999999966 22712.349033245
304.619999999965 22691.9999423812
305.669999999964 22669.5857960821
306.719999999963 22649.4715704969
307.769999999962 22620.1610355699
308.819999999961 22593.163249966
309.86999999996 22566.1830569616
310.919999999959 22538.3887606223
311.969999999958 22519.1546819412
313.019999999957 22512.406295599
314.069999999956 22504.276413237
315.119999999955 22507.6155019757
316.169999999954 22519.1701455981
317.219999999953 22538.6539386538
318.269999999952 22560.5962054798
319.319999999951 22585.5766346662
320.36999999995 22625.2729217507
321.419999999949 22662.0303583298
322.469999999948 22705.5663060269
323.519999999948 22766.2376109446
324.569999999947 22844.5038053245
325.619999999946 22936.0788986837
326.669999999945 23110.8111391054
327.719999999944 23236.9802927252
328.769999999943 23373.961027598
329.819999999942 23426.5907556171
330.869999999941 23679.6335960203
331.91999999994 23844.6507235262
332.969999999939 24007.6748246891
334.019999999938 24177.0411412862
335.069999999937 24340.3791073099
336.119999999936 24393.9087471717
337.169999999935 24654.2158020715
338.219999999934 24805.883295133
339.269999999933 24963.3757390695
340.319999999932 25109.0734376624
341.369999999931 25315.8933712499
342.41999999993 25372.7035748499
343.469999999929 25430.3141852124
344.519999999928 25430.3141852124
345.569999999927 25489.7261089124
346.619999999927 25547.7923615999
347.669999999926 25607.5159417124
348.719999999925 25728.0846676499
349.769999999924 25786.5751833999
350.819999999923 25846.0662833999
351.869999999922 25846.0662833999
352.919999999921 25909.4267108499
353.96999999992 26029.7263874124
355.019999999919 26029.7263874124
356.069999999918 26150.4068188499
357.119999999917 26268.9733393999
358.169999999916 26268.9733393999
359.219999999915 26329.7703376499
360.269999999914 26390.8443019124
361.319999999913 26449.5687276499
362.369999999912 26571.5205542124
363.419999999911 26571.5205542124
364.46999999991 26634.4851996499
365.519999999909 26753.2144263999
366.569999999908 26811.9401465999
367.619999999907 26811.9401465999
368.669999999906 26872.8766328124
369.719999999905 26992.3795078124
370.769999999905 27053.1877269124
371.819999999904 27112.1791527124
372.869999999903 27167.8605183999
373.919999999902 27226.9342134124
374.969999999901 27284.1820312499
376.0199999999 27343.8507812499
377.069999999899 27463.5629053124
378.119999999898 27498.2741516447
379.169999999897 27512.5256387197
380.219999999896 27466.3988179024
381.269999999895 27537.0856004367
382.319999999894 27489.1390369389
383.369999999893 27551.244632455
384.419999999892 27563.3475191007
385.469999999891 27571.884797224
386.51999999989 27578.4234021503
387.569999999889 27582.6241660938
388.619999999888 27594.6135753813
389.669999999887 27599.0430326371
390.719999999886 27605.2381145572
391.769999999885 27609.6603840342
392.819999999884 27616.1235321477
393.869999999884 27681.2670742462
394.919999999883 27690.7777558067
395.969999999882 27698.8363229018
397.019999999881 27710.4073325777
398.06999999988 27729.3909958181
399.119999999879 27755.673184654
400.169999999878 27791.5607268674
401.219999999877 27833.9432231936
402.269999999876 27887.8159801882
403.319999999875 27944.0844030924
404.369999999874 28010.3560426377
405.419999999873 28081.2354009908
406.469999999872 28160.0834077621
407.519999999871 28186.4381466663
408.56999999987 28333.808015654
409.619999999869 28492.5808274964
410.669999999868 28531.0918810527
411.719999999867 28633.4217525919
412.769999999866 28795.2799716843
413.819999999865 28837.9759801814
414.869999999864 28998.2818684367
415.919999999863 29038.4323086997
416.969999999863 29133.2929713967
418.019999999862 29226.8459257834
419.069999999861 29377.4845326933
420.11999999986 29471.3994958232
421.169999999859 29504.2982082157
422.219999999858 29647.9966367513
423.269999999857 29738.2933899363
424.319999999856 29827.307030171
425.369999999855 29913.4252834236
426.419999999854 30000.0363715311
427.469999999853 30024.1300226688
428.519999999852 30164.4378878531
429.569999999851 30310.8422420683
430.61999999985 30331.3837889682
431.669999999849 30468.6357439579
432.719999999848 30546.8864431789
433.769999999847 30625.0703036131
434.819999999846 30699.9011575138
435.869999999845 30773.7885120839
436.919999999844 30848.873306918
437.969999999843 30921.6742349176
439.019999999842 30994.6072322227
440.069999999842 31003.3703080894
441.119999999841 31124.2345995046
442.16999999984 31129.7131672801
443.219999999839 31190.8699850493
444.269999999838 31313.5704305246
445.319999999837 31371.932817129
446.369999999836 31430.071764155
447.419999999835 31486.6170505896
448.469999999834 31541.4669212551
449.519999999833 31657.3989070454
450.569999999832 31584.605411802
451.619999999831 31752.1803404068
452.66999999983 31801.8729291231
453.719999999829 31847.6403584386
454.769999999828 31893.7329637404
455.819999999827 31937.9636594895
456.869999999826 31981.439360668
457.919999999825 32023.5699353913
458.969999999824 32063.9991454226
460.019999999823 32104.8554030979
461.069999999822 32147.8317867
462.119999999821 32187.8407816463
463.169999999821 32289.4123807618
464.21999999982 32267.8550767173
465.269999999819 32365.070503296
466.319999999818 32342.2174016267
467.369999999817 32435.6751920344
468.419999999816 32471.7423798455
469.469999999815 32512.6017247437
470.519999999814 32487.937814112
471.569999999813 32580.2368164656
472.619999999812 32611.6418694528
473.669999999811 32645.7967292525
474.71999999981 32679.8068561026
475.769999999809 32713.576030381
476.819999999808 32745.7222633862
477.869999999807 32780.9540305379
478.919999999806 32817.5094726353
479.969999999805 32913.3184489449
481.019999999804 32951.9120473801
482.069999999803 32998.9132403437
483.119999999802 33051.2191515575
484.169999999801 33109.7570119114
485.2199999998 33174.0366226679
486.269999999799 33246.8462142249
487.319999999799 33261.1120986883
488.369999999798 33398.6039693683
489.419999999797 33477.1340240154
490.469999999796 33556.0123858635
491.519999999795 33641.2002402412
492.569999999794 33663.821507231
493.619999999793 33805.5003458701
494.669999999792 33888.8318227932
495.719999999791 33969.6411661579
496.76999999979 34111.6615807798
497.819999999789 34132.2913626664
498.869999999788 34267.2720240047
499.919999999787 34345.304042675
500.969999999786 34421.9484945755
502.019999999785 34497.8822044734
503.069999999784 34573.0361280037
504.119999999783 34587.6524334837
505.169999999782 34658.8604999937
506.219999999781 34788.6629435373
507.26999999978 34859.6728201824
508.319999999779 34928.7316626891
509.369999999778 34996.8023043365
510.419999999778 35006.2859475038
511.469999999777 35127.5328726775
512.519999999776 35197.3609274189
513.569999999775 35263.7191085507
514.619999999774 35327.2209307408
515.669999999773 35391.119376248
516.719999999772 35453.8568034354
517.769999999771 35512.9118110395
518.81999999977 35571.5881243712
519.869999999769 35688.8306654482
520.919999999768 35746.9931130791
521.969999999767 35803.9323333197
523.019999999766 35858.8900187502
524.069999999765 35915.2586922138
525.119999999764 35970.925104406
526.169999999763 36023.516225494
527.219999999762 36074.9432143038
528.269999999761 36125.3996761708
529.31999999976 36175.8612052804
530.369999999759 36231.857616325
531.419999999758 36281.6600569514
532.469999999758 36329.8385504948
533.519999999757 36375.7393791915
534.569999999756 36479.9323707305
535.619999999755 36527.3974299898
536.669999999754 36513.5200585701
537.719999999753 36617.8106887441
538.769999999752 36663.4580886837
539.819999999751 36707.0707412009
540.86999999975 36750.629929496
541.919999999749 36793.2229947946
542.969999999748 36839.894593305
544.019999999747 36891.2016781673
545.069999999746 36946.1703571496
546.119999999745 37004.4448682224
547.169999999744 37067.2837581688
548.219999999743 37134.9803982013
549.269999999742 37204.7788276677
550.319999999741 37275.8812214416
551.36999999974 37408.7923070771
552.419999999739 37475.8482823556
553.469999999738 37553.5090706521
554.519999999737 37630.4239341041
555.569999999737 37706.2679510759
556.619999999736 37785.7255714487
557.669999999735 37863.2027493773
558.719999999734 37939.4946606663
559.769999999733 38013.7646144388
560.819999999732 38084.6371238281
561.869999999731 38157.8347091843
562.91999999973 38229.2183677056
563.969999999729 38300.5168306709
565.019999999728 38370.261226507
566.069999999727 38500.6401142568
567.119999999726 38568.5897002468
568.169999999725 38635.3484777709
569.219999999724 38700.8417398851
570.269999999723 38764.6220769525
571.319999999722 38835.0245129271
572.369999999721 38837.0021900201
573.41999999972 38957.0818805325
574.469999999719 38956.7270258142
575.519999999718 39013.5298790272
576.569999999717 39126.4466671211
577.619999999716 39122.8766618138
578.669999999716 39118.3089928506
579.719999999715 39287.3887580107
580.769999999714 39339.9713804024
581.819999999713 39390.179625661
582.869999999712 39443.2457017728
583.919999999711 39553.9481241901
584.96999999971 39603.6364214461
586.019999999709 39654.8968552953
587.069999999708 39702.4973787071
588.119999999707 39690.6778696599
589.169999999706 39793.3585013637
590.219999999705 39839.5298173157
591.269999999704 39884.6715635871
592.319999999703 39930.5913378823
593.369999999702 39976.5069859292
594.419999999701 40027.1957971418
595.4699999997 40084.158469869
596.519999999699 40144.5506716867
597.569999999698 40204.0442005521
598.619999999697 40269.5285598744
599.669999999696 40333.7100549313
600.719999999695 40397.2284941824
601.769999999695 40462.8122215975
602.819999999694 40467.8559396388
603.869999999693 40589.8689562345
604.919999999692 40654.4401685439
605.969999999691 40780.9078037837
607.01999999969 40790.6307741921
608.069999999689 40915.8894793124
609.119999999688 40985.5680705944
610.169999999687 41057.0561704883
611.219999999686 41128.041804066
612.269999999685 41197.1828877561
613.319999999684 41265.9873510979
614.369999999683 41334.1188064775
615.419999999682 41400.9982831977
616.469999999681 41467.9622803356
617.51999999968 41529.484465245
618.569999999679 41534.4465367323
619.619999999678 41590.4376259587
620.669999999677 41712.5060699359
621.719999999676 41834.6068723108
622.769999999675 41839.4510559402
623.819999999674 41962.9484147453
624.869999999673 42030.3280439047
625.919999999673 42094.5874006647
626.969999999672 42157.1531824266
628.019999999671 42158.1898817229
629.06999999967 42276.4500217257
630.119999999669 42334.7572448983
631.169999999668 42391.1033452425
632.219999999667 42446.4264311059
633.269999999666 42501.9315229333
634.319999999665 42555.5102756282
635.369999999664 42613.6937463849
636.419999999663 42732.7674945531
637.469999999662 42730.719590714
638.519999999661 42855.4699929296
639.56999999966 42913.4854605493
640.619999999659 42970.8279254271
641.669999999658 43024.6092865059
642.719999999657 43019.1632561039
643.769999999656 43128.7680434445
644.819999999655 43181.6840887935
645.869999999654 43233.7941009157
646.919999999653 43286.5122737887
647.969999999652 43342.3838938348
649.019999999652 43394.5123440503
650.069999999651 43450.0840455276
651.11999999965 43503.8699258203
652.169999999649 43561.5230161607
653.219999999648 43680.8767361791
654.269999999647 43681.5581832198
655.319999999646 43740.153675032
656.369999999645 43800.6959545364
657.419999999644 43923.8860195974
658.469999999643 43989.3627506933
659.519999999642 44054.6462288448
660.569999999641 44121.6944362936
661.61999999964 44189.0151480124
662.669999999639 44259.0427061799
663.719999999638 44324.5472647562
664.769999999637 44390.1255506805
665.819999999636 44454.903453997
666.869999999635 44521.661075301
667.919999999634 44587.0103247688
668.969999999633 44651.4155725492
670.019999999632 44714.2366359546
671.069999999631 44836.3675103917
672.119999999631 44899.3713311489
673.16999999963 44958.8978516736
674.219999999629 44958.6278699696
675.269999999628 45079.9714351277
676.319999999627 45141.1061737393
677.369999999626 45199.7963908682
678.419999999625 45256.2037906712
679.469999999624 45252.2741057102
680.519999999623 45365.7035057596
681.569999999622 45419.6254258898
682.619999999621 45470.194809399
683.66999999962 45522.8897817109
684.719999999619 45573.7866005916
685.769999999618 45626.6208091377
686.819999999617 45677.1821977031
687.869999999616 45728.5224799202
688.919999999615 45837.6424497674
689.969999999614 45829.0038745336
691.019999999613 45880.3600663081
692.069999999612 45996.5579087279
693.119999999611 46052.0518861235
694.16999999961 46108.736728324
695.21999999961 46109.8178766227
696.269999999609 46228.2123402921
697.319999999608 46290.8918084712
698.369999999607 46355.1974465246
699.419999999606 46420.6618292914
700.469999999605 46486.8556904752
701.519999999604 46494.7456728648
702.569999999603 46619.7792830308
703.619999999602 46687.7014409809
704.669999999601 46757.0020859982
705.7199999996 46824.7673001289
706.769999999599 46892.9060114673
707.819999999598 46960.5166133158
708.869999999597 47025.6831007784
709.919999999596 47154.3412082737
710.969999999595 47163.360830049
712.019999999594 47226.7089990794
713.069999999593 47354.0909520698
714.119999999592 47423.0505643293
715.169999999591 47430.2030308766
716.21999999959 47559.1441421748
717.269999999589 47564.7919576518
718.319999999589 47685.3112711464
719.369999999588 47748.1679488594
720.419999999587 47808.740608709
721.469999999586 47868.6742787005
722.519999999585 47932.1646715468
723.569999999584 47993.1795308954
724.619999999583 48109.2729662815
725.669999999582 48108.817701848
726.719999999581 48227.9021121253
727.76999999958 48286.8696269806
728.819999999579 48346.9765125519
729.869999999578 48402.9078443217
730.919999999577 48456.529773416
731.969999999576 48507.4234883833
733.019999999575 48565.0974641884
734.069999999574 48616.9997874409
735.119999999573 48609.5136425226
736.169999999572 48658.7483062499
737.219999999571 48770.0618990668
738.26999999957 48825.7966864224
739.319999999569 48881.4587473057
740.369999999568 48936.9936508376
741.419999999567 49057.7569937041
742.469999999567 49116.2606655618
743.519999999566 49115.4936080329
744.569999999565 49235.6649413854
745.619999999564 49295.0310486602
746.669999999563 49295.2413169755
747.719999999562 49414.4647597523
748.769999999561 49474.0873996173
749.81999999956 49534.2905949693
750.869999999559 49592.4060760494
751.919999999558 49594.2032195824
752.969999999557 49654.0077976648
754.019999999556 49775.4037353637
755.069999999555 49836.2049958015
756.119999999554 49965.460922685
757.169999999553 50028.587713619
758.219999999552 50030.6675450386
759.269999999551 50089.8958828776
760.31999999955 50211.8441491325
761.369999999549 50272.7433754662
762.419999999548 50272.6340140852
763.469999999547 50390.6642950453
764.519999999546 50448.8403774997
765.569999999546 50507.793083557
766.619999999545 50564.3398386992
767.669999999544 50620.0990732043
768.719999999543 50618.517347408
769.769999999542 50732.8124670014
770.819999999541 50790.0955034842
771.86999999954 50851.7028206109
772.919999999539 50911.0848614479
773.969999999538 50974.2621160294
775.019999999537 51034.5519959154
776.069999999536 51155.6486853402
777.119999999535 51154.9353914392
778.169999999534 51269.9960271585
779.219999999533 51329.7810682167
780.269999999532 51389.5437421866
781.319999999531 51388.2082359869
782.36999999953 51500.9603959039
783.419999999529 51559.7244532326
784.469999999528 51560.3483920486
785.519999999527 51677.0815409082
786.569999999526 51736.4627263941
787.619999999525 51800.1243980353
788.669999999525 51865.1672813314
789.719999999524 51926.3638609456
790.769999999523 51988.9535601398
791.819999999522 52050.3321154943
792.869999999521 52169.1501157743
793.91999999952 52230.0492748142
794.969999999519 52231.6553566417
796.019999999518 52348.7047314686
797.069999999517 52412.2903589055
798.119999999516 52474.054344559
799.169999999515 52534.4651373677
800.219999999514 52596.16428457
801.269999999513 52660.6245497402
802.319999999512 52720.7423854725
803.369999999511 52779.1507837624
804.41999999951 52838.1485490153
805.469999999509 52895.495867149
806.519999999508 52950.9717248872
807.569999999507 53007.2223314031
808.619999999506 53061.9568633216
809.669999999505 53117.2274335216
810.719999999504 53232.4249719293
811.769999999504 53229.4438560997
812.819999999503 53227.2721754468
813.869999999502 53403.2703221973
814.919999999501 53462.0728971794
815.9699999995 53461.5377068896
817.019999999499 53580.9709655839
818.069999999498 53581.368395993
819.119999999497 53695.7890801552
820.169999999496 53756.5690724427
821.219999999495 53816.0943139729
822.269999999494 53874.4371805463
823.319999999493 53934.8219336728
824.369999999492 53997.0700435232
825.419999999491 54060.8396779803
826.46999999949 54122.9328141333
827.519999999489 54247.9861288438
828.569999999488 54312.4681183012
829.619999999487 54315.9850259216
830.669999999486 54436.9417795376
831.719999999485 54499.7432425513
832.769999999484 54565.9656024683
833.819999999483 54628.7292054033
834.869999999483 54689.9293332431
835.919999999482 54691.4187770754
836.969999999481 54814.6127671423
838.01999999948 54873.4381659077
839.069999999479 54936.797516091
840.119999999478 54995.3024751283
841.169999999477 55051.3286653929
842.219999999476 55107.268604998
843.269999999475 55224.5153609947
844.319999999474 55219.1449544768
845.369999999473 55331.07071144
846.419999999472 55323.9313852235
847.469999999471 55433.8272340755
848.51999999947 55484.3066047795
849.569999999469 55535.8406173752
850.619999999468 55588.9500783459
851.669999999467 55640.9666176182
852.719999999466 55634.4797299658
853.769999999465 55745.650796619
854.819999999464 55799.5590685885
855.869999999463 55797.2312143777
856.919999999462 55910.4713318884
857.969999999461 55969.4824468341
859.019999999461 56028.7999773361
860.06999999946 56149.7629275884
861.119999999459 56152.3630716401
862.169999999458 56215.4699935549
863.219999999457 56279.9318632738
864.269999999456 56339.1522518464
865.319999999455 56403.7609641841
866.369999999454 56466.6990295642
867.419999999453 56590.3604165885
868.469999999452 56655.1802913143
869.519999999451 56719.4463546383
870.56999999945 56783.5223023494
871.619999999449 56847.4592490449
872.669999999448 56914.6507527945
873.719999999447 56978.9755200044
874.769999999446 57045.2777367745
875.819999999445 57111.9344047828
876.869999999444 57175.315015276
877.919999999443 57239.4824472904
878.969999999442 57363.3197939688
880.019999999441 57366.2268731128
881.06999999944 57486.3862865422
882.11999999944 57547.6541346162
883.169999999439 57611.8094123942
884.219999999438 57671.9457493978
885.269999999437 57729.7897685444
886.319999999436 57787.5757346999
887.369999999435 57784.1669988617
888.419999999434 57836.4399067869
889.469999999433 57950.4683154619
890.519999999432 58007.1113613695
891.569999999431 58064.235750546
892.61999999943 58119.1116123885
893.669999999429 58172.9697185481
894.719999999428 58226.4908867381
895.769999999427 58341.2046364265
896.819999999426 58396.2097984816
897.869999999425 58451.0593916084
898.919999999424 58446.5038394289
899.969999999423 58560.6191487385
901.019999999422 58616.6101700647
902.069999999421 58673.3309371842
903.11999999942 58672.4508279652
904.169999999419 58785.4386418554
905.219999999419 58845.9456621046
906.269999999418 58906.8233454398
907.319999999417 58968.014131292
908.369999999416 59034.2008585095
909.419999999415 59097.7895472523
910.469999999414 59159.5378959151
911.519999999413 59221.5104531497
912.569999999412 59283.4814772815
913.619999999411 59345.9245026692
914.66999999941 59407.7446856285
915.719999999409 59471.3789039423
916.769999999408 59592.2726398237
917.819999999407 59654.6350886338
918.869999999406 59719.2118407687
919.919999999405 59723.0794692009
920.969999999404 59842.2207092208
922.019999999403 59845.982443404
923.069999999402 59967.6935428761
924.119999999401 60029.1957000066
925.1699999994 60092.1836111033
926.219999999399 60154.0777421907
927.269999999398 60215.6868931155
928.319999999398 60277.6263772833
929.369999999397 60339.115988172
930.419999999396 60459.9744810747
931.469999999395 60522.6684366269
932.519999999394 60584.4749575534
933.569999999393 60646.2362979341
934.619999999392 60706.5707816949
935.669999999391 60766.6241532507
936.71999999939 60824.0086005554
937.769999999389 60880.9439967903
938.819999999388 60879.7792964869
939.869999999387 60997.5239533929
940.919999999386 61057.8742376649
941.969999999385 61114.7686255382
943.019999999384 61175.3974421962
944.069999999383 61232.348142939
945.119999999382 61287.1667254269
946.169999999381 61402.0091033317
947.21999999938 61397.5162260476
948.269999999379 61510.9106351907
949.319999999378 61565.0973697128
950.369999999377 61619.9664523376
951.419999999377 61673.9138773965
952.469999999376 61728.1306160066
953.519999999375 61783.1124337759
954.569999999374 61838.0245002093
955.619999999373 61893.4566620726
956.669999999372 61950.1251892799
957.719999999371 62009.2809673497
958.76999999937 62069.01607813
959.819999999369 62069.0541808257
960.869999999368 62188.4183588973
961.919999999367 62247.7988695734
962.969999999366 62308.9606772059
964.019999999365 62371.1259206064
965.069999999364 62432.0646065275
966.119999999363 62555.6869874797
967.169999999362 62557.7341507713
968.219999999361 62678.081743855
969.26999999936 62679.817334495
970.319999999359 62798.3889710985
971.369999999358 62859.7312778438
972.419999999357 62861.4491839875
973.469999999356 62919.2770341909
974.519999999355 63036.0815813537
975.569999999355 63097.9301504865
976.619999999354 63159.3796189392
977.669999999353 63223.3802600768
978.719999999352 63284.4253570028
979.769999999351 63346.2867115613
980.81999999935 63407.1050781339
981.869999999349 63530.6764827673
982.919999999348 63532.7261954985
983.969999999347 63652.1655325932
985.019999999346 63654.1041086261
986.069999999345 63771.4781432089
987.119999999344 63773.3723378539
988.169999999343 63891.8542416722
989.219999999342 63954.2649811868
990.269999999341 64015.8300078589
991.31999999934 64076.7387773259
992.369999999339 64140.4366516398
993.419999999338 64202.5850327471
994.469999999337 64260.6989298114
995.519999999336 64320.498643824
996.569999999335 64381.2058032907
997.619999999334 64440.2950486224
998.669999999334 64498.494887493
999.719999999333 64557.8949491508
