16.9499999999999 1.9555
17.9999999999999 1.905
19.05 1.847
20.1 1.78900000000001
21.15 1.73250000000001
22.2000000000001 1.67450000000001
23.2500000000001 1.62400000000001
24.3000000000002 1.57800000000001
25.3500000000002 1.51850000000002
26.4000000000002 1.48150000000002
27.4500000000003 1.42350000000002
28.5000000000003 1.31050000000002
29.5500000000004 1.31050000000002
30.6000000000004 1.29000000000003
31.6500000000004 1.19800000000003
32.7000000000005 1.13850000000003
33.7500000000005 1.13850000000003
34.8000000000006 1.10600000000003
35.8500000000006 1.02300000000004
36.9000000000006 1.00650000000004
37.9500000000007 1.00650000000004
39.0000000000007 1.00650000000004
40.0500000000008 1.00950000000004
41.1000000000008 1.02000000000004
42.1500000000008 1.01850000000004
43.2000000000009 1.01850000000004
44.2500000000009 1.02300000000004
45.300000000001 1.02450000000004
46.350000000001 1.02450000000004
47.400000000001 1.06800000000004
48.4500000000011 1.06800000000004
49.5000000000011 1.11000000000004
50.5500000000012 1.11000000000004
51.6000000000012 1.08450000000004
52.6500000000012 1.05300000000004
53.7000000000013 1.06050000000004
54.7500000000013 1.06050000000004
55.8000000000014 1.08900000000004
56.8500000000014 1.06200000000004
57.9000000000014 1.06200000000004
58.9500000000015 1.10100000000004
60.0000000000015 1.09050000000004
61.0500000000016 1.09350000000004
62.1000000000016 1.08150000000004
63.1500000000016 1.09200000000004
64.2000000000017 1.08750000000004
65.2500000000017 1.08300000000004
66.3000000000017 1.03050000000004
67.3500000000018 1.03800000000004
68.4000000000018 0.997500000000037
69.4500000000019 1.00500000000004
70.5000000000019 0.994500000000037
71.5500000000019 0.996000000000037
72.600000000002 1.01250000000004
73.650000000002 1.01250000000004
74.7000000000021 1.00800000000004
75.7500000000021 0.993000000000037
76.8000000000021 0.979500000000037
77.8500000000022 0.946500000000036
78.9000000000022 0.949500000000036
79.9500000000023 0.967500000000036
81.0000000000023 0.966000000000036
82.0500000000023 0.957000000000036
83.1000000000024 0.957000000000036
84.1500000000024 0.957000000000036
85.2000000000025 0.957000000000036
86.2500000000025 0.942000000000036
87.3000000000025 1.01100000000004
88.3500000000026 1.02450000000004
89.4000000000026 1.02450000000004
90.4500000000027 1.04550000000004
91.5000000000027 1.05450000000004
92.5500000000027 1.06350000000004
93.6000000000028 1.03050000000004
94.6500000000028 1.02450000000004
95.7000000000029 1.01700000000004
96.7500000000029 1.02000000000004
97.8000000000029 1.01700000000004
98.850000000003 1.01850000000004
99.900000000003 1.00200000000004
100.950000000003 1.00200000000004
102.000000000003 1.02750000000004
103.050000000003 1.02750000000004
104.100000000003 1.03350000000004
105.150000000003 1.03350000000004
106.200000000003 1.03200000000004
107.250000000003 0.964500000000037
108.300000000003 0.942000000000036
109.350000000003 0.963000000000036
110.400000000003 0.921000000000035
111.450000000003 0.939000000000036
112.500000000003 0.939000000000036
113.550000000004 0.933000000000035
114.600000000004 0.943500000000036
115.650000000004 0.960000000000036
116.700000000004 0.960000000000036
117.750000000004 0.961500000000036
118.800000000004 0.967500000000037
119.850000000004 0.967500000000037
120.900000000004 0.988500000000037
121.950000000004 0.987000000000037
123.000000000004 0.973500000000037
124.050000000004 0.964500000000037
125.100000000004 0.952500000000036
126.150000000004 0.952500000000036
127.200000000004 0.976500000000037
128.250000000004 0.976500000000037
129.300000000004 1.01250000000004
130.350000000004 0.987000000000037
131.400000000004 1.01250000000004
132.450000000004 1.01550000000004
133.500000000004 1.02300000000004
134.550000000004 1.02600000000004
135.600000000004 1.01850000000004
136.650000000004 1.01850000000004
137.700000000004 1.03500000000004
138.750000000004 1.08900000000004
139.800000000005 1.07550000000004
140.850000000005 1.07550000000004
141.900000000005 1.12350000000004
142.950000000005 1.11450000000004
144.000000000005 1.12050000000004
145.050000000005 1.12500000000004
146.100000000005 1.12800000000004
147.150000000005 1.11000000000004
148.200000000005 1.07550000000004
149.250000000005 1.08450000000004
150.300000000005 1.09500000000004
151.350000000005 1.09500000000004
152.400000000005 1.12350000000004
153.450000000005 1.14150000000004
154.500000000005 1.14000000000004
155.550000000005 1.15650000000004
156.600000000005 1.13850000000004
157.650000000005 1.13850000000004
158.700000000005 1.10250000000004
159.750000000005 1.11150000000004
160.800000000005 1.07700000000004
161.850000000005 1.08150000000004
162.900000000005 1.11300000000004
163.950000000005 1.10550000000004
165.000000000005 1.09350000000004
166.050000000006 1.09350000000004
167.100000000006 1.14750000000004
168.150000000006 1.14600000000004
169.200000000006 1.13700000000004
170.250000000006 1.13100000000004
171.300000000006 1.13100000000004
172.350000000006 1.08750000000004
173.400000000006 1.08750000000004
174.450000000006 1.08300000000004
175.500000000006 1.08750000000004
176.550000000006 1.09650000000004
177.600000000006 1.09800000000004
178.650000000006 1.07850000000004
179.700000000006 1.07550000000004
180.750000000006 1.05750000000004
181.800000000006 1.06050000000004
182.850000000006 1.03800000000004
183.900000000006 1.00950000000004
184.950000000006 1.01700000000004
186.000000000006 1.02450000000004
187.050000000006 1.00050000000004
188.100000000006 1.00050000000004
189.150000000006 1.00800000000004
190.200000000006 0.985500000000037
191.250000000006 0.982500000000037
192.300000000007 0.955500000000036
193.350000000007 0.949500000000036
194.400000000007 0.937500000000036
195.450000000007 0.943500000000036
196.500000000007 0.934500000000035
197.550000000007 0.961500000000036
198.600000000007 0.957000000000036
199.650000000007 0.952500000000036
200.700000000007 0.952500000000036
201.750000000007 0.943500000000036
202.800000000007 0.946500000000036
203.850000000007 0.946500000000036
204.900000000007 0.963000000000036
205.950000000007 0.967500000000037
207.000000000007 0.960000000000036
208.050000000007 0.937500000000036
209.100000000007 0.943500000000036
210.150000000007 0.924000000000035
211.200000000007 0.937500000000036
212.250000000007 0.934500000000035
213.300000000007 0.930000000000035
214.350000000007 0.948000000000036
215.400000000007 0.943500000000036
216.450000000007 0.940500000000036
217.500000000007 0.928500000000035
218.550000000008 0.918000000000035
219.600000000008 0.891000000000034
220.650000000008 0.894000000000034
221.700000000008 0.903000000000034
222.750000000008 0.946500000000036
223.800000000008 0.963000000000036
224.850000000008 0.948000000000036
225.900000000008 0.948000000000036
226.950000000008 0.969000000000037
228.000000000008 0.985500000000037
229.050000000008 0.978000000000037
230.100000000008 0.969000000000037
231.150000000008 0.981000000000037
232.200000000008 0.969000000000037
233.250000000008 0.999000000000038
234.300000000008 0.999000000000038
235.350000000008 1.05600000000004
236.400000000008 1.06050000000004
237.450000000008 1.10550000000004
238.500000000008 1.09800000000004
239.550000000008 1.10700000000004
240.600000000008 1.11750000000004
241.650000000008 1.14000000000004
242.700000000008 1.10400000000004
243.750000000008 1.10400000000004
244.800000000009 1.12350000000004
245.850000000009 1.12950000000004
246.900000000009 1.09650000000004
247.950000000009 1.10850000000004
249.000000000009 1.10400000000004
250.050000000009 1.10400000000004
251.100000000009 1.10550000000004
252.150000000009 1.10550000000004
253.200000000009 1.12950000000004
254.250000000009 1.11300000000004
255.300000000009 1.11300000000004
256.350000000009 1.10550000000003
257.400000000008 1.06499999999998
258.450000000007 1.07099999999994
259.500000000006 1.06649999999989
260.550000000005 1.06949999999984
261.600000000004 1.0364999999998
262.650000000003 1.04399999999976
263.700000000002 1.04099999999972
264.750000000001 1.00649999999968
265.8 1.00349999999964
266.849999999999 0.992999999999603
267.899999999998 0.995999999999565
268.949999999997 0.97649999999952
269.999999999996 0.983999999999473
271.049999999995 1.00349999999942
272.099999999994 0.997499999999376
273.149999999993 0.980999999999328
274.199999999992 0.980999999999328
275.249999999991 0.95249999999921
276.29999999999 0.952499999999161
277.34999999999 0.952499999999161
278.399999999989 0.983999999999105
279.449999999988 0.973499999999115
280.499999999987 0.964499999999123
281.549999999986 0.958499999999128
282.599999999985 0.953999999999132
283.649999999984 0.952499999999134
284.699999999983 0.965999999999121
285.749999999982 0.961499999999125
286.799999999981 0.971999999999116
287.84999999998 0.985499999999104
288.899999999979 0.986999999999102
289.949999999978 0.986999999999102
290.999999999977 1.01999999999907
292.049999999976 1.01849999999907
293.099999999975 1.01849999999907
294.149999999974 1.02449999999907
295.199999999973 1.04849999999905
296.249999999972 1.01099999999908
297.299999999971 1.01549999999908
298.34999999997 1.00499999999909
299.399999999969 0.976499999999112
300.449999999968 0.985499999999104
301.499999999968 0.997499999999093
302.549999999967 0.994499999999096
303.599999999966 0.982499999999106
304.649999999965 0.988499999999101
305.699999999964 0.968999999999119
306.749999999963 0.961499999999125
307.799999999962 0.961499999999125
308.849999999961 0.985499999999104
309.89999999996 1.01399999999908
310.949999999959 1.01399999999908
311.999999999958 1.06649999999903
313.049999999957 1.05749999999904
314.099999999956 1.05749999999904
315.149999999955 1.10699999999899
316.199999999954 1.100999999999
317.249999999953 1.097999999999
318.299999999952 1.097999999999
319.349999999951 1.18049999999893
320.39999999995 1.18199999999893
321.449999999949 1.18049999999893
322.499999999948 1.19549999999891
323.549999999947 1.2104999999989
324.599999999947 1.2104999999989
325.649999999946 1.21499999999889
326.699999999945 1.24499999999887
327.749999999944 1.2134999999989
328.799999999943 1.21499999999889
329.849999999942 1.21499999999889
330.899999999941 1.18499999999892
331.94999999994 1.13699999999897
332.999999999939 1.14149999999896
334.049999999938 1.07549999999902
335.099999999937 1.06349999999903
336.149999999936 1.06349999999903
337.199999999935 1.10699999999899
338.249999999934 1.12349999999898
339.299999999933 1.03799999999906
340.349999999932 1.02899999999906
341.399999999931 1.03499999999906
342.44999999993 1.02299999999907
343.499999999929 1.01849999999907
344.549999999928 1.01849999999907
345.599999999927 1.03949999999905
346.649999999926 1.03199999999906
347.699999999926 1.04849999999905
348.749999999925 1.08899999999901
349.799999999924 1.07399999999902
350.849999999923 1.07399999999902
351.899999999922 1.07399999999902
352.949999999921 1.13699999999897
353.99999999992 1.15049999999895
355.049999999919 1.15049999999895
356.099999999918 1.16699999999894
357.149999999917 1.14599999999896
358.199999999916 1.14599999999896
359.249999999915 1.16099999999894
360.299999999914 1.18049999999893
361.349999999913 1.16099999999894
362.399999999912 1.19849999999891
363.449999999911 1.19849999999891
364.49999999991 1.25099999999886
365.549999999909 1.23599999999888
366.599999999908 1.21799999999889
367.649999999907 1.21799999999889
368.699999999906 1.23749999999887
369.749999999905 1.23749999999887
370.799999999905 1.25549999999886
371.849999999904 1.24349999999887
372.899999999903 1.17599999999893
373.949999999902 1.16549999999894
374.999999999901 1.12499999999898
376.0499999999 1.12499999999898
377.099999999899 1.13249999999897
378.149999999898 1.12349999999898
379.199999999897 1.10699999999899
380.249999999896 1.10699999999899
381.299999999895 1.09349999999901
382.349999999894 1.09349999999901
383.399999999893 1.15799999999895
384.449999999892 1.11749999999898
385.499999999891 1.12049999999898
386.54999999989 1.13099999999897
387.599999999889 1.16249999999894
388.649999999888 1.11599999999898
389.699999999887 1.13999999999896
390.749999999886 1.14449999999896
391.799999999885 1.17749999999893
392.849999999884 1.18199999999893
393.899999999884 1.18799999999892
394.949999999883 1.17749999999893
395.999999999882 1.17899999999893
397.049999999881 1.17899999999893
398.09999999988 1.17599999999893
399.149999999879 1.17599999999893
400.199999999878 1.15649999999895
401.249999999877 1.14899999999896
402.299999999876 1.103999999999
403.349999999875 1.11299999999899
404.399999999874 1.100999999999
405.449999999873 1.12499999999898
406.499999999872 1.12649999999898
407.549999999871 1.12649999999898
408.59999999987 1.14149999999896
409.649999999869 1.09049999999901
410.699999999868 1.09049999999901
411.749999999867 1.06049999999904
412.799999999866 1.05149999999904
413.849999999865 1.05149999999904
414.899999999864 1.04999999999905
415.949999999863 1.04999999999905
416.999999999862 1.08149999999902
418.049999999862 1.10999999999899
419.099999999861 1.14449999999896
420.14999999986 1.13999999999896
421.199999999859 1.13999999999896
422.249999999858 1.19849999999891
423.299999999857 1.18949999999892
424.349999999856 1.17599999999893
425.399999999855 1.17749999999893
426.449999999854 1.15949999999895
427.499999999853 1.15949999999895
428.549999999852 1.17299999999893
429.599999999851 1.11449999999899
430.64999999985 1.11449999999899
431.699999999849 1.12199999999898
432.749999999848 1.11149999999899
433.799999999847 1.08749999999901
434.849999999846 1.08599999999901
435.899999999845 1.08599999999901
436.949999999844 1.05599999999904
437.999999999843 1.03499999999906
439.049999999842 0.995999999999094
440.099999999841 0.995999999999094
441.149999999841 1.05149999999904
442.19999999984 1.05149999999904
443.249999999839 1.07249999999902
444.299999999838 1.04549999999905
445.349999999837 1.05749999999904
446.399999999836 1.05299999999904
447.449999999835 1.04849999999905
448.499999999834 1.04549999999905
449.549999999833 1.01399999999908
450.599999999832 1.08299999999901
451.649999999831 1.096499999999
452.69999999983 1.08749999999901
453.749999999829 1.10849999999899
454.799999999828 1.11149999999899
455.849999999827 1.12199999999898
456.899999999826 1.12799999999897
457.949999999825 1.13699999999897
458.999999999824 1.15349999999895
460.049999999823 1.16399999999894
461.099999999822 1.13099999999897
462.149999999821 1.12199999999898
463.19999999982 1.07849999999902
464.24999999982 1.07849999999902
465.299999999819 1.06799999999903
466.349999999818 1.06799999999903
467.399999999817 1.08599999999901
468.449999999816 1.08749999999901
469.499999999815 1.02299999999907
470.549999999814 1.02299999999907
471.599999999813 1.03649999999906
472.649999999812 1.06499999999903
473.699999999811 1.06199999999903
474.74999999981 1.05899999999904
475.799999999809 1.05749999999904
476.849999999808 1.07249999999902
477.899999999807 1.06349999999903
478.949999999806 1.03199999999906
479.999999999805 1.01849999999907
481.049999999804 1.02149999999907
482.099999999803 1.00649999999908
483.149999999802 1.00799999999908
484.199999999801 1.00949999999908
485.2499999998 1.00949999999908
486.299999999799 0.980999999999108
487.349999999799 0.980999999999108
488.399999999798 0.96749999999912
489.449999999797 0.973499999999115
490.499999999796 0.994499999999096
491.549999999795 0.965999999999121
492.599999999794 0.965999999999121
493.649999999793 0.96749999999912
494.699999999792 0.950999999999135
495.749999999791 0.964499999999123
496.79999999979 0.940499999999145
497.849999999789 0.940499999999145
498.899999999788 0.976499999999112
499.949999999787 0.976499999999112
500.999999999786 0.980999999999108
502.049999999785 0.982499999999106
503.099999999784 0.97799999999911
504.149999999783 0.97799999999911
505.199999999782 1.00049999999909
506.249999999781 1.03049999999906
507.29999999978 1.03349999999906
508.349999999779 1.05149999999904
509.399999999778 1.06949999999903
510.449999999778 1.06949999999903
511.499999999777 1.13699999999897
512.549999999776 1.10549999999899
513.599999999775 1.099499999999
514.649999999774 1.11149999999899
515.699999999773 1.103999999999
516.749999999772 1.106999999999
517.799999999771 1.12799999999898
518.84999999977 1.13999999999897
519.899999999769 1.14749999999896
520.949999999768 1.13999999999897
521.999999999767 1.13399999999897
523.049999999766 1.13849999999897
524.099999999765 1.11599999999899
525.149999999764 1.09049999999901
526.199999999763 1.08899999999901
527.249999999762 1.09049999999901
528.299999999761 1.09349999999901
529.34999999976 1.08749999999901
530.399999999759 1.02149999999907
531.449999999758 1.00649999999909
532.499999999758 1.00199999999909
533.549999999757 1.01549999999908
534.599999999756 1.03349999999906
535.649999999755 1.01699999999908
536.699999999754 1.01699999999908
537.749999999753 1.01699999999908
538.799999999752 1.00499999999909
539.849999999751 1.01099999999908
540.89999999975 1.01399999999908
541.949999999749 1.03199999999906
542.999999999748 1.03949999999905
544.049999999747 1.04249999999905
545.099999999746 1.05149999999904
546.149999999745 1.06649999999903
547.199999999744 1.06949999999903
548.249999999743 1.05299999999904
549.299999999742 1.04249999999905
550.349999999741 1.04249999999905
551.39999999974 1.03649999999906
552.449999999739 1.11299999999899
553.499999999738 1.08899999999901
554.549999999737 1.08449999999901
555.599999999736 1.096499999999
556.649999999736 1.06949999999903
557.699999999735 1.06199999999903
558.749999999734 1.05749999999904
559.799999999733 1.06199999999903
560.849999999732 1.09049999999901
561.899999999731 1.08299999999901
562.94999999973 1.08599999999901
563.999999999729 1.07999999999902
565.049999999728 1.08299999999901
566.099999999727 1.05899999999904
567.149999999726 1.05449999999904
568.199999999725 1.04849999999905
569.249999999724 1.04399999999905
570.299999999723 1.04399999999905
571.349999999722 0.955499999999131
572.399999999721 0.955499999999131
573.44999999972 0.947999999999138
574.499999999719 0.947999999999138
575.549999999718 0.959999999999127
576.599999999717 0.995999999999094
577.649999999716 0.995999999999094
578.699999999715 0.995999999999094
579.749999999715 1.03349999999906
580.799999999714 1.03649999999906
581.849999999713 1.05599999999904
582.899999999712 1.02449999999907
583.949999999711 1.01249999999908
584.99999999971 1.01099999999908
586.049999999709 0.983999999999105
587.099999999708 0.9899999999991
588.149999999707 0.9899999999991
589.199999999706 1.02899999999906
590.249999999705 1.03049999999906
591.299999999704 1.03799999999906
592.349999999703 1.03949999999905
593.399999999702 1.06199999999903
594.449999999701 1.07099999999903
595.4999999997 1.04699999999905
596.549999999699 1.01549999999908
597.599999999698 1.02149999999907
598.649999999697 0.979499999999109
599.699999999696 0.964499999999123
600.749999999695 0.961499999999125
601.799999999694 0.937499999999147
602.849999999694 0.937499999999147
603.899999999693 0.961499999999125
604.949999999692 0.988499999999101
605.999999999691 1.00199999999909
607.04999999969 1.00199999999909
608.099999999689 1.04549999999905
609.149999999688 1.05299999999904
610.199999999687 1.04099999999905
611.249999999686 1.03049999999906
612.299999999685 1.03199999999906
613.349999999684 1.02749999999907
614.399999999683 1.02299999999907
615.449999999682 1.02749999999907
616.499999999681 1.01999999999907
617.54999999968 1.06049999999904
618.599999999679 1.06049999999904
619.649999999678 1.15499999999895
620.699999999677 1.17149999999893
621.749999999676 1.18199999999893
622.799999999675 1.18199999999893
623.849999999674 1.18499999999892
624.899999999673 1.14599999999896
625.949999999673 1.12949999999897
626.999999999672 1.11749999999898
628.049999999671 1.11749999999898
629.09999999967 1.12349999999898
630.149999999669 1.12499999999898
631.199999999668 1.13699999999897
632.249999999667 1.15049999999895
633.299999999666 1.15349999999895
634.349999999665 1.18049999999893
635.399999999664 1.16549999999894
636.449999999663 1.13699999999897
637.499999999662 1.13699999999897
638.549999999661 1.04249999999905
639.59999999966 1.02599999999907
640.649999999659 1.00649999999908
641.699999999658 1.01699999999908
642.749999999657 1.01699999999908
643.799999999656 1.04249999999905
644.849999999655 1.04249999999905
645.899999999654 1.04399999999905
646.949999999653 1.04099999999905
647.999999999652 1.00949999999908
649.049999999652 1.02299999999907
650.099999999651 1.00649999999908
651.14999999965 1.02449999999907
652.199999999649 1.01999999999907
653.249999999648 1.00799999999908
654.299999999647 1.00799999999908
655.349999999646 1.03949999999905
656.399999999645 1.06499999999903
657.449999999644 1.06649999999903
658.499999999643 1.06199999999903
659.549999999642 1.06949999999903
660.599999999641 1.06499999999903
661.64999999964 1.06199999999903
662.699999999639 1.02899999999906
663.749999999638 1.04099999999905
664.799999999637 1.05149999999904
665.849999999636 1.06799999999903
666.899999999635 1.05749999999904
667.949999999634 1.05299999999904
668.999999999633 1.04699999999905
670.049999999632 1.04699999999905
671.099999999631 1.03799999999906
672.14999999963 1.01699999999908
673.19999999963 1.02299999999907
674.249999999629 1.02299999999907
675.299999999628 0.983999999999105
676.349999999627 0.950999999999135
677.399999999626 0.93449999999915
678.449999999625 0.932999999999151
679.499999999624 0.932999999999151
680.549999999623 0.937499999999147
681.599999999622 0.935999999999149
682.649999999621 0.962999999999124
683.69999999962 0.95699999999913
684.749999999619 0.962999999999124
685.799999999618 0.941999999999143
686.849999999617 0.940499999999145
687.899999999616 0.926999999999157
688.949999999615 0.929999999999154
689.999999999614 0.929999999999154
691.049999999613 0.946499999999139
692.099999999612 0.925499999999158
693.149999999611 0.937499999999147
694.19999999961 0.958499999999128
695.249999999609 0.958499999999128
696.299999999609 0.9899999999991
697.349999999608 0.997499999999093
698.399999999607 1.00049999999909
699.449999999606 1.00199999999909
700.499999999605 1.00499999999909
701.549999999604 1.00499999999909
702.599999999603 1.02749999999907
703.649999999602 1.03049999999906
704.699999999601 1.02149999999907
705.7499999996 1.03199999999906
706.799999999599 1.03949999999905
707.849999999598 1.05299999999904
708.899999999597 1.09349999999901
709.949999999596 1.08449999999901
710.999999999595 1.08449999999901
712.049999999594 1.13699999999897
713.099999999593 1.13099999999897
714.149999999592 1.10999999999899
715.199999999591 1.10999999999899
716.24999999959 1.06799999999903
717.299999999589 1.06799999999903
718.349999999588 1.102499999999
719.399999999588 1.10549999999899
720.449999999587 1.12349999999898
721.499999999586 1.14299999999896
722.549999999585 1.11749999999898
723.599999999584 1.10849999999899
724.649999999583 1.13999999999896
725.699999999582 1.13999999999896
726.749999999581 1.12199999999898
727.79999999958 1.102499999999
728.849999999579 1.05749999999904
729.899999999578 1.04849999999905
730.949999999577 1.05449999999904
731.999999999576 1.08149999999902
733.049999999575 1.02749999999907
734.099999999574 1.03199999999906
735.149999999573 1.03199999999906
736.199999999572 1.07399999999902
737.249999999571 1.097999999999
738.29999999957 1.08749999999901
739.349999999569 1.08899999999901
740.399999999568 1.103999999999
741.449999999567 1.06199999999903
742.499999999567 1.05749999999904
743.549999999566 1.05749999999904
744.599999999565 1.03649999999906
745.649999999564 1.03349999999906
746.699999999563 1.03349999999906
747.749999999562 1.03499999999906
748.799999999561 1.04099999999905
749.84999999956 1.04099999999905
750.899999999559 1.06799999999903
751.949999999558 1.06799999999903
752.999999999557 1.096499999999
754.049999999556 1.09349999999901
755.099999999555 1.10999999999899
756.149999999554 1.02599999999907
757.199999999553 1.01549999999908
758.249999999552 1.01549999999908
759.299999999551 1.03499999999906
760.34999999955 1.01399999999908
761.399999999549 1.00499999999909
762.449999999548 1.00499999999909
763.499999999547 1.01099999999908
764.549999999546 1.01699999999908
765.599999999546 1.00649999999908
766.649999999545 1.01549999999908
767.699999999544 1.03049999999906
768.749999999543 1.03049999999906
769.799999999542 1.06649999999903
770.849999999541 1.08299999999901
771.89999999954 1.05599999999904
772.949999999539 1.05749999999904
773.999999999538 1.01999999999907
775.049999999537 1.01249999999908
776.099999999536 0.983999999999105
777.149999999535 0.983999999999105
778.199999999534 1.01699999999908
779.249999999533 1.00349999999909
780.299999999532 0.986999999999102
781.349999999531 0.986999999999102
782.39999999953 1.04549999999905
783.449999999529 1.05149999999904
784.499999999528 1.05149999999904
785.549999999527 1.08599999999901
786.599999999526 1.103999999999
787.649999999525 1.07849999999902
788.699999999524 1.03949999999905
789.749999999524 1.04399999999905
790.799999999523 1.03049999999906
791.849999999522 1.02749999999907
792.899999999521 1.04699999999905
793.94999999952 1.04849999999905
794.999999999519 1.04849999999905
796.049999999518 1.08749999999901
797.099999999517 1.06199999999903
798.149999999516 1.05449999999904
799.199999999515 1.05899999999904
800.249999999514 1.05599999999904
801.299999999513 1.00649999999908
802.349999999512 0.995999999999094
803.399999999511 0.994499999999096
804.44999999951 0.979499999999109
805.499999999509 0.976499999999112
806.549999999508 0.988499999999101
807.599999999507 0.986999999999102
808.649999999506 1.00049999999909
809.699999999505 1.00949999999908
810.749999999504 1.01249999999908
811.799999999503 1.01249999999908
812.849999999503 1.01249999999908
813.899999999502 1.01849999999907
814.949999999501 1.01399999999908
815.9999999995 1.01399999999908
817.049999999499 1.00499999999909
818.099999999498 1.00499999999909
819.149999999497 1.06349999999903
820.199999999496 1.06349999999903
821.249999999495 1.08299999999901
822.299999999494 1.12049999999898
823.349999999493 1.13849999999896
824.399999999492 1.13849999999896
825.449999999491 1.12349999999898
826.49999999949 1.12949999999897
827.549999999489 1.094999999999
828.599999999488 1.07549999999902
829.649999999487 1.07549999999902
830.699999999486 1.08899999999901
831.749999999485 1.08899999999901
832.799999999484 1.04849999999905
833.849999999483 1.04099999999905
834.899999999482 1.04249999999905
835.949999999482 1.04249999999905
836.999999999481 1.00499999999909
838.04999999948 1.01549999999908
839.099999999479 0.962999999999124
840.149999999478 0.953999999999132
841.199999999477 0.961499999999125
842.249999999476 0.958499999999128
843.299999999475 0.922499999999161
844.349999999474 0.922499999999161
845.399999999473 0.926999999999157
846.449999999472 0.926999999999157
847.499999999471 0.940499999999145
848.54999999947 0.949499999999136
849.599999999469 0.946499999999139
850.649999999468 0.926999999999157
851.699999999467 0.92399999999916
852.749999999466 0.92399999999916
853.799999999465 0.950999999999135
854.849999999464 0.970499999999117
855.899999999463 0.970499999999117
856.949999999462 1.01849999999907
857.999999999461 1.02149999999907
859.049999999461 1.03199999999906
860.09999999946 1.02599999999907
861.149999999459 1.02599999999907
862.199999999458 1.01999999999907
863.249999999457 1.00499999999909
864.299999999456 1.05449999999904
865.349999999455 1.04699999999905
866.399999999454 1.06049999999904
867.449999999453 1.06049999999904
868.499999999452 1.05749999999904
869.549999999451 1.06199999999903
870.59999999945 1.06949999999903
871.649999999449 1.07849999999902
872.699999999448 1.04999999999905
873.749999999447 1.05299999999904
874.799999999446 1.03199999999906
875.849999999445 1.00499999999909
876.899999999444 1.01249999999908
877.949999999443 1.00649999999908
878.999999999442 0.988499999999101
880.049999999441 0.988499999999101
881.09999999944 0.997499999999093
882.14999999944 0.992999999999097
883.199999999439 0.944999999999141
884.249999999438 0.931499999999153
885.299999999437 0.922499999999161
886.349999999436 0.911999999999171
887.399999999435 0.911999999999171
888.449999999434 0.952499999999134
889.499999999433 0.970499999999117
890.549999999432 0.962999999999124
891.599999999431 0.941999999999143
892.64999999943 0.938999999999146
893.699999999429 0.941999999999143
894.749999999428 0.946499999999139
895.799999999427 0.932999999999151
896.849999999426 0.925499999999158
897.899999999425 0.922499999999161
898.949999999424 0.922499999999161
899.999999999423 0.932999999999151
901.049999999422 0.938999999999146
902.099999999421 0.947999999999138
903.14999999942 0.947999999999138
904.199999999419 1.01099999999908
905.249999999418 1.00499999999909
906.299999999418 1.00199999999909
907.349999999417 1.00199999999909
908.399999999416 0.950999999999135
909.449999999415 0.932999999999151
910.499999999414 0.938999999999146
911.549999999413 0.944999999999141
912.599999999412 0.953999999999132
913.649999999411 0.959999999999127
914.69999999941 0.974999999999113
915.749999999409 0.970499999999117
916.799999999408 0.9899999999991
917.849999999407 1.00049999999909
918.899999999406 0.985499999999104
919.949999999405 0.985499999999104
920.999999999404 1.02299999999907
922.049999999403 1.02299999999907
923.099999999402 1.02899999999906
924.149999999401 1.04399999999905
925.1999999994 1.03949999999905
926.249999999399 1.04549999999905
927.299999999398 1.05299999999904
928.349999999397 1.05449999999904
929.399999999397 1.05899999999904
930.449999999396 1.06049999999904
931.499999999395 1.04549999999905
932.549999999394 1.03499999999906
933.599999999393 1.01849999999907
934.649999999392 1.01099999999908
935.699999999391 0.998999999999091
936.74999999939 1.01249999999908
937.799999999389 1.02599999999907
938.849999999388 1.02599999999907
939.899999999387 1.02149999999907
940.949999999386 0.991499999999098
941.999999999385 0.995999999999094
943.049999999384 0.953999999999132
944.099999999383 0.944999999999141
945.149999999382 0.953999999999132
946.199999999381 0.952499999999134
947.24999999938 0.952499999999134
948.299999999379 0.95699999999913
949.349999999378 0.95699999999913
950.399999999377 0.949499999999136
951.449999999376 0.952499999999134
952.499999999376 0.955499999999131
953.549999999375 0.953999999999132
954.599999999374 0.959999999999127
955.649999999373 0.970499999999117
956.699999999372 0.976499999999112
957.749999999371 0.962999999999124
958.79999999937 0.950999999999135
959.849999999369 0.950999999999135
960.899999999368 0.947999999999138
961.949999999367 0.958499999999128
962.999999999366 0.953999999999132
964.049999999365 0.941999999999143
965.099999999364 0.947999999999138
966.149999999363 0.916499999999166
967.199999999362 0.916499999999166
968.249999999361 0.919499999999164
969.29999999936 0.919499999999164
970.349999999359 0.941999999999143
971.399999999358 0.940499999999145
972.449999999357 0.940499999999145
973.499999999356 0.979499999999109
974.549999999355 1.02449999999907
975.599999999355 1.02149999999907
976.649999999354 1.02449999999907
977.699999999353 0.998999999999091
978.749999999352 1.00799999999908
979.799999999351 1.00799999999908
980.84999999935 1.01999999999907
981.899999999349 0.9899999999991
982.949999999348 0.9899999999991
983.999999999347 1.00349999999909
985.049999999346 1.00349999999909
986.099999999345 1.03949999999905
987.149999999344 1.03949999999905
988.199999999343 1.06199999999903
989.249999999342 1.04699999999905
990.299999999341 1.04099999999905
991.34999999934 1.04099999999905
992.399999999339 1.00649999999908
993.449999999338 0.986999999999102
994.499999999337 1.01249999999908
995.549999999336 1.01699999999908
996.599999999335 1.00649999999908
997.649999999334 1.00799999999908
998.699999999333 1.01699999999908
999.749999999333 1.00799999999908
