0.0 4700
1.2 4700
2.4 4700
3.6 4643.7
4.8 4703.67
6.0 4784.14
7.2 4842.59
8.4 4902.53
9.6 4946.46
10.8 5006.38
12.0 5047.36
13.2 5107.25
14.4 5127.2
15.6 5148.27
16.8 5208.12
18.0 5234.43
19.2 5294.26
20.4 5305.61
21.6 5320.68
22.8 5380.47
24.0 5386.44
25.2 5446.21
26.4 5450.43
27.6 5452.99
28.8 5512.72
30.0 5507.42
31.2 5567.13
32.4 5564.38
33.6 5570.21
34.8 5629.89
36.0 5627.57
37.2 5687.23
38.4 5682.83
39.6 5742.47
40.8 5733.49
42.0 5732.19
43.2 5791.8
44.4 5774.97
45.6 5834.55
46.8 5841.12
48.0 5825.42
49.2 5884.99
50.4 5881.76
51.6 5941.3
52.8 5934.43
54.0 5929.82
55.2 5989.33
56.4 5990.08
57.6 6049.58
58.8 6040.5
60.0 6099.98
61.2 6096.35
62.4 6093.48
63.6 6152.93
64.8 6151.64
66.0 6211.08
67.2 6215.5
68.4 6217.85
69.6 6277.27
70.8 6278.59
72.0 6337.99
73.2 6338.43
74.4 6350.21
75.6 6409.6
76.8 6413.08
78.0 6472.45
79.2 6476.63
80.4 6535.99
81.6 6549.57
82.8 6558.29
84.0 6617.62
85.2 6637.52
86.4 6696.84
87.6 6715.67
88.8 6728.88
90.0 6788.18
91.2 6811.73
92.4 6871.02
93.6 6895.96
94.8 6917.58
96.0 6976.85
97.2 7004.74
98.4 7064.0
99.6 7092.79
100.8 7123.95
102.0 7183.21
103.2 7208.64
104.4 7267.88
105.6 7305.24
106.8 7364.47
108.0 7400.22
109.2 7439.68
110.4 7498.9
111.6 7539.59
112.8 7598.79
114.0 7640.55
115.2 7684.88
116.4 7744.08
117.6 7791.94
118.8 7851.12
120.0 7900.89
121.2 7960.06
122.4 8010.97
123.6 8068.97
124.8 8128.13
126.0 8186.65
127.2 8245.81
128.4 8308.19
129.6 8367.33
130.8 8431.52
132.0 8496.9
133.2 8556.03
134.4 8624.52
135.6 8700.55
136.8 8759.67
138.0 8835.04
139.2 8894.16
140.4 8972.96
141.6 9055.57
142.8 9114.68
144.0 9204.82
145.2 9263.92
146.4 9351.77
147.6 9410.86
148.8 9505.45
150.0 9601.6
151.2 9660.68
152.4 9761.97
153.6 9821.04
154.8 9926.51
156.0 10033.53
157.2 10092.6
158.4 10204.2
159.6 10263.26
160.8 10374.87
162.0 10486.39
163.2 10545.44
164.4 10667.96
165.6 10727.01
166.8 10850.85
168.0 10909.89
169.2 11033.84
170.4 11173.95
171.6 11232.98
172.8 11358.49
174.0 11417.52
175.2 11557.98
176.4 11617.0
177.6 11753.17
178.8 11880.91
180.0 11939.92
181.2 12080.45
182.4 12210.57
183.6 12269.59
184.8 12410.71
186.0 12469.72
187.2 12610.97
188.4 12669.97
189.6 12813.06
190.8 12953.18
192.0 13012.18
193.2 13150.69
194.4 13209.69
195.6 13337.6
196.8 13459.57
198.0 13518.56
199.2 13636.85
200.4 13695.84
201.6 13807.64
202.8 13917.16
204.0 13976.14
205.2 14085.41
206.4 14144.38
207.6 14245.1
208.8 14304.07
210.0 14394.15
211.2 14486.39
212.4 14545.36
213.6 14630.58
214.8 14689.54
216.0 14770.85
217.2 14829.81
218.4 14908.4
219.6 14982.31
220.8 15041.26
222.0 15115.29
223.2 15185.15
224.4 15244.1
225.6 15312.38
226.8 15371.33
228.0 15437.46
229.2 15496.41
230.4 15561.73
231.6 15626.34
232.8 15685.28
234.0 15749.65
235.2 15808.58
236.4 15871.25
237.6 15934.2
238.8 15993.13
240.0 16053.7
241.2 16112.63
242.4 16169.85
243.6 16228.77
244.8 16288.53
246.0 16346.67
247.2 16405.6
248.4 16466.97
249.6 16525.89
250.8 16584.86
252.0 16645.02
253.2 16703.94
254.4 16760.43
255.6 16819.34
256.8 16880.45
258.0 16941.25
259.2 17000.16
260.4 17059.79
261.6 17118.7
262.8 17180.08
264.0 17238.5
265.2 17297.41
266.4 17358.33
267.6 17417.23
268.8 17473.26
270.0 17532.16
271.2 17589.29
272.4 17647.46
273.6 17706.36
274.8 17765.21
276.0 17824.11
277.2 17883.98
278.4 17942.31
279.6 18001.21
280.8 18058.58
282.0 18117.48
283.2 18178.39
284.4 18236.68
285.6 18295.57
286.8 18355.94
288.0 18414.83
289.2 18474.21
290.4 18533.1
291.6 18591.21
292.8 18650.01
294.0 18708.9
295.2 18769.03
296.4 18827.91
297.6 18887.31
298.8 18945.32
300.0 19004.2
301.2 19064.19
302.4 19123.08
303.6 19182.64
304.8 19241.52
306.0 19301.31
307.2 19361.09
308.4 19419.97
309.6 19483.61
310.8 19542.48
312.0 19605.36
313.2 19666.93
314.4 19725.81
315.6 19783.73
316.8 19842.6
318.0 19903.16
319.2 19965.04
320.4 20023.91
321.6 20088.89
322.8 20147.76
324.0 20211.97
325.2 20277.13
326.4 20336.01
327.6 20402.82
328.8 20461.69
330.0 20528.53
331.2 20587.4
332.4 20656.52
333.6 20726.63
334.8 20785.5
336.0 20858.56
337.2 20917.42
338.4 20991.57
339.6 21067.81
340.8 21126.68
342.0 21203.99
343.2 21262.86
344.4 21338.46
345.6 21397.33
346.8 21470.78
348.0 21541.23
349.2 21600.09
350.4 21669.28
351.6 21728.14
352.8 21795.67
354.0 21860.08
355.2 21918.94
356.4 21987.21
357.6 22046.06
358.8 22110.23
360.0 22174.45
361.2 22233.31
362.4 22296.29
363.6 22355.15
364.8 22417.33
366.0 22476.18
367.2 22537.93
368.4 22599.55
369.6 22658.41
370.8 22720.08
372.0 22778.93
373.2 22839.85
374.4 22900.27
375.6 22959.13
376.8 23019.93
378.0 23078.78
379.2 23140.5
380.4 23200.63
381.6 23259.49
382.8 23320.38
384.0 23379.23
385.2 23439.97
386.4 23498.82
387.6 23559.52
388.8 23618.91
390.0 23677.76
391.2 23737.98
392.4 23796.83
393.6 23857.91
394.8 23921.35
396.0 23980.2
397.2 24041.52
398.4 24100.37
399.6 24161.73
400.8 24222.28
402.0 24281.13
403.2 24342.18
404.4 24401.03
405.6 24462.1
406.8 24523.68
408.0 24582.53
409.2 24643.66
410.4 24702.51
411.6 24761.66
412.8 24820.5
414.0 24881.67
415.2 24940.52
416.4 25000.57
417.6 25060.84
418.8 25119.68
420.0 25181.17
421.2 25242.79
422.4 25301.64
423.6 25361.74
424.8 25420.59
426.0 25481.07
427.2 25539.91
428.4 25601.0
429.6 25662.44
430.8 25721.29
432.0 25783.2
433.2 25842.05
434.4 25900.93
435.6 25961.77
436.8 26020.61
438.0 26079.28
439.2 26138.12
440.4 26198.63
441.6 26259.73
442.8 26318.57
444.0 26379.6
445.2 26438.44
446.4 26497.56
447.6 26556.4
448.8 26616.43
450.0 26677.39
451.2 26736.23
452.4 26801.41
453.6 26860.25
454.8 26922.89
456.0 26988.91
457.2 27047.75
458.4 27110.81
459.6 27169.65
460.8 27232.98
462.0 27291.82
463.2 27348.73
464.4 27410.28
465.6 27469.12
466.8 27529.61
468.0 27588.44
469.2 27648.98
470.4 27710.7
471.6 27769.54
472.8 27830.41
474.0 27889.25
475.2 27952.61
476.4 28012.29
477.6 28071.13
478.8 28132.83
480.0 28191.67
481.2 28252.27
482.4 28311.7
483.6 28370.54
484.8 28432.07
486.0 28490.91
487.2 28551.33
488.4 28612.21
489.6 28671.05
490.8 28733.64
492.0 28792.48
493.2 28853.34
494.4 28912.17
495.6 28970.77
496.8 29030.55
498.0 29089.39
499.2 29143.12
500.4 29201.95
501.6 29261.23
502.8 29324.76
504.0 29383.6
505.2 29443.92
506.4 29502.76
507.6 29564.78
508.8 29623.61
510.0 29683.52
511.2 29743.17
512.4 29802.01
513.6 29861.92
514.8 29920.76
516.0 29976.02
517.2 30036.86
518.4 30095.69
519.6 30157.2
520.8 30216.04
522.0 30276.39
523.2 30336.73
524.4 30395.57
525.6 30455.71
526.8 30514.54
528.0 30576.54
529.2 30636.5
530.4 30695.34
531.6 30754.25
532.8 30813.08
534.0 30872.27
535.2 30931.11
536.4 30991.81
537.6 31049.1
538.8 31107.94
540.0 31169.93
541.2 31228.77
542.4 31288.22
543.6 31348.4
544.8 31407.24
546.0 31466.6
547.2 31525.44
548.4 31582.63
549.6 31641.47
550.8 31700.92
552.0 31757.12
553.2 31815.96
554.4 31873.24
555.6 31932.08
556.8 31995.39
558.0 32053.63
559.2 32112.46
560.4 32171.74
561.6 32230.57
562.8 32289.94
564.0 32348.26
565.2 32407.1
566.4 32465.86
567.6 32524.69
568.8 32582.04
570.0 32640.96
571.2 32699.8
572.4 32760.18
573.6 32819.01
574.8 32877.97
576.0 32936.8
577.2 32995.26
578.4 33055.37
579.6 33114.21
580.8 33176.88
582.0 33235.72
583.2 33293.64
584.4 33353.56
585.6 33412.39
586.8 33470.66
588.0 33529.49
589.2 33590.09
590.4 33648.92
591.6 33706.78
592.8 33768.87
594.0 33827.7
595.2 33885.44
596.4 33944.27
597.6 34003.59
598.8 34062.11
600.0 34120.94
601.2 34180.25
602.4 34239.08
603.6 34297.68
604.8 34356.51
606.0 34414.62
607.2 34473.89
608.4 34532.72
609.6 34593.52
610.8 34652.36
612.0 34711.02
613.2 34768.73
614.4 34827.56
615.6 34884.43
616.8 34943.26
618.0 35002.72
619.2 35063.12
620.4 35121.96
621.6 35178.68
622.8 35237.51
624.0 35297.31
625.2 35355.79
626.4 35414.63
627.6 35474.41
628.8 35533.24
630.0 35592.42
631.2 35651.25
632.4 35709.95
633.6 35768.77
634.8 35827.6
636.0 35888.64
637.2 35947.47
638.4 36006.75
639.6 36065.16
640.8 36124.0
642.0 36181.71
643.2 36240.54
644.4 36299.55
645.6 36359.37
646.8 36418.2
648.0 36474.47
649.2 36533.3
650.4 36590.63
651.6 36649.46
652.8 36707.39
654.0 36765.42
655.2 36824.25
656.4 36885.85
657.6 36944.68
658.8 37003.9
660.0 37063.48
661.2 37122.31
662.4 37183.05
663.6 37241.88
664.8 37299.79
666.0 37357.81
667.2 37416.65
668.4 37473.47
669.6 37532.3
670.8 37590.67
672.0 37651.06
673.2 37709.89
674.4 37768.96
675.6 37827.8
676.8 37887.22
678.0 37946.05
679.2 38004.78
680.4 38063.7
681.6 38122.53
682.8 38181.84
684.0 38240.67
685.2 38299.02
686.4 38358.44
687.6 38417.27
688.8 38475.84
690.0 38534.67
691.2 38590.75
692.4 38650.54
693.6 38709.38
694.8 38767.82
696.0 38826.65
697.2 38884.9
698.4 38943.73
699.6 39001.95
700.8 39059.47
702.0 39118.31
703.2 39177.26
704.4 39236.09
705.6 39295.39
706.8 39354.95
708.0 39413.78
709.2 39471.18
710.4 39530.01
711.6 39587.2
712.8 39646.03
714.0 39702.15
715.2 39758.99
716.4 39817.83
717.6 39875.75
718.8 39934.58
720.0 39993.1
721.2 40053.65
722.4 40112.48
723.6 40170.29
724.8 40229.12
726.0 40288.26
727.2 40347.09
728.4 40403.27
729.6 40464.3
730.8 40523.13
732.0 40584.17
733.2 40643.0
734.4 40700.85
735.6 40761.77
736.8 40820.6
738.0 40878.55
739.2 40937.38
740.4 40996.76
741.6 41055.9
742.8 41114.73
744.0 41173.51
745.2 41232.34
746.4 41290.99
747.6 41349.53
748.8 41408.36
750.0 41469.73
751.2 41528.56
752.4 41587.22
753.6 41648.71
754.8 41707.54
756.0 41767.71
757.2 41826.55
758.4 41884.95
759.6 41943.78
760.8 42002.64
762.0 42059.96
763.2 42118.79
764.4 42178.95
765.6 42237.78
766.8 42295.92
768.0 42356.43
769.2 42415.26
770.4 42473.75
771.6 42532.58
772.8 42592.14
774.0 42651.83
775.2 42710.66
776.4 42768.54
777.6 42827.37
778.8 42886.34
780.0 42945.17
781.2 43003.78
782.4 43063.21
783.6 43122.04
784.8 43180.05
786.0 43238.88
787.2 43296.18
788.4 43355.39
789.6 43414.22
790.8 43473.08
792.0 43531.91
793.2 43591.94
794.4 43650.69
795.6 43709.52
796.8 43768.14
798.0 43826.97
799.2 43885.83
800.4 43944.66
801.6 44002.81
802.8 44062.4
804.0 44121.23
805.2 44179.38
806.4 44238.21
807.6 44294.35
808.8 44353.84
810.0 44412.67
811.2 44470.25
812.4 44529.08
813.6 44588.68
814.8 44647.51
816.0 44700.13
817.2 44759.76
818.4 44818.59
819.6 44878.34
820.8 44937.17
822.0 44995.64
823.2 45054.47
824.4 45107.6
825.6 45167.5
826.8 45226.33
828.0 45286.37
829.2 45344.99
830.4 45403.82
831.6 45461.5
832.8 45520.33
834.0 45580.28
835.2 45639.11
836.4 45697.63
837.6 45756.51
838.8 45815.34
840.0 45875.19
841.2 45934.02
842.4 45993.37
843.6 46052.38
844.8 46111.21
846.0 46170.7
847.2 46229.53
848.4 46291.49
849.6 46350.49
850.8 46409.32
852.0 46469.73
853.2 46528.56
854.4 46584.96
855.6 46643.79
856.8 46706.91
858.0 46765.41
859.2 46824.24
860.4 46883.09
861.6 46941.92
862.8 47000.64
864.0 47065.04
865.2 47123.87
866.4 47182.82
867.6 47241.64
868.8 47301.05
870.0 47359.74
871.2 47418.57
872.4 47478.66
873.6 47537.49
874.8 47596.29
876.0 47655.12
877.2 47713.65
878.4 47773.02
879.6 47831.85
880.8 47889.21
882.0 47948.04
883.2 48006.93
884.4 48065.58
885.6 48124.41
886.8 48183.08
888.0 48241.91
889.2 48300.56
890.4 48359.34
891.6 48418.17
892.8 48476.83
894.0 48535.67
895.2 48596.46
896.4 48657.37
897.6 48716.2
898.8 48774.62
900.0 48833.46
901.2 48891.53
902.4 48950.36
903.6 49009.85
904.8 49068.27
906.0 49127.11
907.2 49185.77
908.4 49244.6
909.6 49302.55
910.8 49361.7
912.0 49420.53
913.2 49479.55
914.4 49538.38
915.6 49597.29
916.8 49656.12
918.0 49714.68
919.2 49773.0
920.4 49831.83
921.6 49891.45
922.8 49950.28
924.0 50009.09
925.2 50068.25
926.4 50127.08
927.6 50185.53
928.8 50244.36
930.0 50303.53
931.2 50361.63
932.4 50420.46
933.6 50479.63
934.8 50538.47
936.0 50597.76
937.2 50656.46
938.4 50715.29
939.6 50774.83
940.8 50833.66
942.0 50893.07
943.2 50951.9
944.4 51007.53
945.6 51065.89
946.8 51124.72
948.0 51181.19
949.2 51240.02
950.4 51299.1
951.6 51357.6
952.8 51416.43
954.0 51475.29
955.2 51534.12
956.4 51591.45
957.6 51650.28
958.8 51708.57
960.0 51767.34
961.2 51826.17
962.4 51885.06
963.6 51943.89
964.8 52002.67
966.0 52061.57
967.2 52120.4
968.4 52178.95
969.6 52237.78
970.8 52297.05
972.0 52355.73
973.2 52414.56
974.4 52472.41
975.6 52531.25
976.8 52589.81
978.0 52648.48
979.2 52707.31
980.4 52765.53
981.6 52824.37
982.8 52882.46
984.0 52941.29
985.2 53002.59
986.4 53061.04
987.6 53119.88
988.8 53179.98
990.0 53238.81
991.2 53298.68
992.4 53357.71
993.6 53416.55
994.8 53474.29
996.0 53533.12
997.2 53593.33
998.4 53653.77
999.6 53712.61
1000.8 53770.34
1002.0 53829.17
1003.2 53897.34
1004.4 53956.41
1005.6 54029.13
1006.8 54106.47
1008.0 54166.17
1009.2 54247.25
1010.4 54307.42
1011.6 54388.04
1012.8 54448.7
1014.0 54530.34
1015.2 54610.94
1016.4 54672.37
1017.6 54755.44
1018.8 54838.31
1020.0 54900.5
1021.2 54984.23
1022.4 55046.9
1023.6 55130.62
1024.8 55193.75
1026.0 55279.14
1027.2 55364.03
1028.4 55427.87
1029.6 55510.83
1030.8 55575.1
1032.0 55657.02
1033.2 55740.78
1034.4 55805.72
1035.6 55891.58
1036.8 55956.93
1038.0 56039.99
1039.2 56105.74
1040.4 56189.51
1041.6 56273.93
1042.8 56340.3
1044.0 56409.78
1045.2 56476.53
1046.4 56543.6
1047.6 56610.73
1048.8 56678.04
1050.0 56745.67
1051.2 56813.34
1052.4 56881.24
1053.6 56949.73
1054.8 57017.93
1056.0 57086.36
1057.2 57154.9
1058.4 57223.67
1059.6 57292.53
1060.8 57361.39
1062.0 57430.73
1063.2 57500.08
1064.4 57569.47
1065.6 57639.12
1066.8 57708.75
1068.0 57778.76
1069.2 57848.88
1070.4 57919.4
1071.6 57989.8
1072.8 58060.26
1074.0 58130.94
1075.2 58201.59
1076.4 58272.68
1077.6 58343.79
1078.8 58415.1
1080.0 58486.59
1081.2 58558.1
1082.4 58629.92
1083.6 58701.68
1084.8 58773.63
1086.0 58845.63
1087.2 58917.78
1088.4 58990.12
1089.6 59062.5
1090.8 59135.12
1092.0 59207.73
1093.2 59280.43
1094.4 59353.34
1095.6 59426.3
1096.8 59499.38
1098.0 59572.55
1099.2 59646.0
1100.4 59719.39
1101.6 59792.93
1102.8 59866.56
1104.0 59940.27
1105.2 60014.3
1106.4 60088.2
1107.6 60162.49
1108.8 60236.86
1110.0 60311.07
1111.2 60385.41
1112.4 60459.8
1113.6 60534.16
1114.8 60608.99
1116.0 60683.66
1117.2 60758.37
1118.4 60833.21
1119.6 60908.16
1120.8 60983.17
1122.0 61058.01
1123.2 61133.26
1124.4 61208.53
1125.6 61283.89
1126.8 61359.33
1128.0 61434.96
1129.2 61510.5
1130.4 61586.18
1131.6 61662.0
1132.8 61737.82
1134.0 61813.75
1135.2 61889.72
1136.4 61965.49
1137.6 62041.65
1138.8 62117.84
1140.0 62194.11
1141.2 62270.44
1142.4 62347.05
1143.6 62423.34
1144.8 62499.88
1146.0 62576.48
1147.2 62653.15
1148.4 62729.73
1149.6 62806.36
1150.8 62883.22
1152.0 62960.19
1153.2 63037.17
1154.4 63114.58
1155.6 63191.68
1156.8 63268.64
1158.0 63345.9
1159.2 63423.18
1160.4 63500.46
1161.6 63577.85
1162.8 63655.4
1164.0 63732.72
1165.2 63810.28
1166.4 63887.79
1167.6 63965.45
1168.8 64043.23
1170.0 64121.06
1171.2 64198.88
1172.4 64276.73
1173.6 64354.65
1174.8 64432.75
1176.0 64510.97
1177.2 64589.04
1178.4 64667.2
1179.6 64745.35
1180.8 64809.11
1182.0 64887.35
1183.2 64949.47
1184.4 65013.39
1185.6 65091.77
1186.8 65153.77
1188.0 65232.23
1189.2 65295.81
1190.4 65356.3
1191.6 65434.89
1192.8 65489.91
1194.0 65568.58
1195.2 65627.13
1196.4 65688.99
1197.6 65767.78
1198.8 65826.21
1200.0 65905.07
1201.2 65962.43
1202.4 66041.36
1203.6 66099.91
1204.8 66160.13
1206.0 66239.17
1207.2 66298.46
1208.4 66377.57
1209.6 66431.43
1210.8 66492.87
1212.0 66572.08
1213.2 66625.4
1214.4 66704.67
1215.6 66763.37
1216.8 66842.71
1218.0 66898.03
1219.2 66958.06
1220.4 67037.49
1221.6 67099.87
1222.8 67179.36
1224.0 67232.84
1225.2 67294.62
1226.4 67374.2
1227.6 67431.08
1228.8 67510.71
1230.0 67570.6
1231.2 67629.97
1232.4 67709.69
1233.6 67772.43
1234.8 67852.19
1236.0 67909.15
1237.2 67988.96
1238.4 68044.94
1239.6 68106.83
1240.8 68186.72
1242.0 68237.01
1243.2 68316.95
1244.4 68382.59
1245.6 68444.9
1246.8 68524.91
1248.0 68585.94
1249.2 68665.99
1250.4 68726.03
1251.6 68790.49
1252.8 68870.6
1254.0 68932.46
1255.2 69012.62
1256.4 69077.62
1257.6 69141.67
1258.8 69221.9
1260.0 69287.22
1261.2 69367.48
1262.4 69428.36
1263.6 69508.66
1264.8 69574.09
1266.0 69637.71
1267.2 69718.06
1268.4 69782.7
1269.6 69863.09
1270.8 69927.64
1272.0 69991.25
1273.2 70071.69
1274.4 70131.72
1275.6 70212.2
1276.8 70278.71
1278.0 70359.21
1279.2 70427.47
1280.4 70494.54
1281.6 70575.1
1282.8 70650.53
1284.0 70720.59
1285.2 70801.2
1286.4 70870.89
1287.6 70951.53
1288.8 71017.27
1290.0 71097.94
1291.2 71172.37
1292.4 71243.16
1293.6 71323.87
1294.8 71396.91
1296.0 71477.64
1297.2 71548.72
1298.4 71621.54
1299.6 71702.32
1300.8 71771.59
1302.0 71852.39
1303.2 71926.16
1304.4 72006.98
1305.6 72080.48
1306.8 72153.53
1308.0 72234.39
1309.2 72306.5
1310.4 72387.38
1311.6 72460.04
1312.8 72536.1
1314.0 72617.02
1315.2 72695.1
1316.4 72776.04
1317.6 72853.0
1318.8 72931.44
1320.0 73012.41
1321.2 73089.07
1322.4 73170.06
1323.6 73245.82
1324.8 73323.5
1326.0 73404.53
1327.2 73481.39
1328.4 73562.43
1329.6 73641.38
1330.8 73722.44
1332.0 73798.64
1333.2 73877.97
1334.4 73959.06
1335.6 74036.12
1336.8 74117.23
1338.0 74195.54
1339.2 74274.06
1340.4 74355.19
1341.6 74435.53
1342.8 74516.68
1344.0 74596.52
1345.2 74677.69
1346.4 74755.43
1347.6 74837.25
1348.8 74918.44
1350.0 74998.71
1351.2 75079.91
1352.4 75162.14
1353.6 75241.73
1354.8 75322.96
1356.0 75407.34
1357.2 75488.57
1358.4 75570.77
1359.6 75654.28
1360.8 75735.55
1362.0 75816.24
1363.2 75897.51
1364.4 75979.45
1365.6 76060.73
1366.8 76141.04
1368.0 76221.53
1369.2 76302.83
1370.4 76375.58
1371.6 76456.9
1372.8 76537.81
1374.0 76615.93
1375.2 76697.27
1376.4 76779.72
1377.6 76861.07
1378.8 76943.77
1380.0 77026.07
1381.2 77107.44
1382.4 77189.9
1383.6 77271.28
1384.8 77352.03
1386.0 77438.29
1387.2 77519.69
1388.4 77603.53
1389.6 77684.94
1390.8 77769.75
1392.0 77851.16
1393.2 77936.61
1394.4 78024.11
1395.6 78105.54
1396.8 78187.88
1398.0 78269.32
1399.2 78354.34
1400.4 78435.78
1401.6 78519.35
1402.8 78604.83
1404.0 78686.29
1405.2 78772.58
1406.4 78854.04
1407.6 78939.77
1408.8 79024.28
1410.0 79105.76
1411.2 79199.82
1412.4 79281.3
1413.6 79369.94
1414.8 79460.83
1416.0 79542.33
1417.2 79629.94
1418.4 79711.44
1419.6 79795.93
1420.8 79881.18
1422.0 79962.7
1423.2 80052.7
1424.4 80134.22
1425.6 80222.72
1426.8 80310.57
1428.0 80392.1
1429.2 80480.18
1430.4 80561.72
1431.6 80651.16
1432.8 80732.7
1434.0 80821.49
1435.2 80909.6
1436.4 80991.16
1437.6 81083.42
1438.8 81164.98
1440.0 81252.41
1441.2 81342.54
1442.4 81424.11
1443.6 81513.63
1444.8 81595.21
1446.0 81684.72
1447.2 81766.3
1448.4 81858.39
1449.6 81949.05
1450.8 82030.64
1452.0 82120.73
1453.2 82202.32
1454.4 82289.83
1455.6 82379.19
1456.8 82460.8
1458.0 82550.12
1459.2 82631.73
1460.4 82723.41
1461.6 82813.38
1462.8 82895.0
1464.0 82983.61
1465.2 83065.23
1466.4 83154.44
1467.6 83236.06
1468.8 83324.72
1470.0 83413.72
1471.2 83495.35
1472.4 83584.4
1473.6 83666.03
1474.8 83754.63
1476.0 83841.59
1477.2 83923.23
1478.4 84010.89
1479.6 84092.53
1480.8 84182.88
1482.0 84264.53
1483.2 84351.6
1484.4 84439.43
1485.6 84521.08
1486.8 84608.04
1488.0 84689.69
1489.2 84777.08
1490.4 84864.22
1491.6 84945.88
1492.8 85033.85
1494.0 85115.51
1495.2 85203.97
1496.4 85291.37
1497.6 85373.04
1498.8 85459.87
1500.0 85541.54
1501.2 85631.0
1502.4 85718.13
1503.6 85799.81
1504.8 85886.05
1506.0 85967.73
1507.2 86052.03
1508.4 86133.71
1509.6 86218.82
1510.8 86305.22
1512.0 86386.91
1513.2 86471.53
1514.4 86553.22
1515.6 86640.22
1516.8 86728.27
1518.0 86809.97
1519.2 86894.18
1520.4 86975.87
1521.6 87061.48
1522.8 87143.17
1524.0 87230.21
1525.2 87316.21
1526.4 87397.91
1527.6 87482.06
1528.8 87563.76
1530.0 87650.1
1531.2 87735.3
1532.4 87817.01
1533.6 87903.55
1534.8 87985.26
1536.0 88070.96
1537.2 88155.27
1538.4 88236.99
1539.6 88322.94
1540.8 88404.66
1542.0 88488.88
1543.2 88576.34
1544.4 88658.06
1545.6 88743.75
1546.8 88825.47
1548.0 88916.39
1549.2 89004.32
1550.4 89086.04
1551.6 89173.24
1552.8 89254.97
1554.0 89342.42
1555.2 89424.14
1556.4 89505.27
1557.6 89589.79
1558.8 89671.52
1560.0 89757.96
1561.2 89839.7
1562.4 89925.27
1563.6 90012.89
1564.8 90094.62
1566.0 90180.51
1567.2 90262.25
1568.4 90348.38
1569.6 90433.29
1570.8 90515.04
1572.0 90601.01
1573.2 90682.75
1574.4 90765.58
1575.6 90847.32
1576.8 90933.16
1578.0 91018.89
1579.2 91100.63
1580.4 91184.66
1581.6 91266.4
1582.8 91352.16
1584.0 91435.72
1585.2 91517.47
1586.4 91601.4
1587.6 91683.14
1588.8 91763.9
1590.0 91847.21
1591.2 91928.96
1592.4 92013.6
1593.6 92095.35
1594.8 92176.05
1596.0 92257.8
1597.2 92346.4
1598.4 92431.71
1599.6 92513.46
1600.8 92598.48
1602.0 92680.23
1603.2 92764.44
1604.4 92848.11
1605.6 92929.87
1606.8 93012.41
1608.0 93094.17
1609.2 93175.51
1610.4 93258.05
1611.6 93339.81
1612.8 93418.69
1614.0 93500.45
1615.2 93585.31
1616.4 93667.06
1617.6 93749.35
1618.8 93831.11
1620.0 93909.58
1621.2 93990.09
1622.4 94071.85
1623.6 94152.1
1624.8 94236.21
1626.0 94317.98
1627.2 94401.98
1628.4 94483.74
1629.6 94568.63
1630.8 94650.39
1632.0 94733.01
1633.2 94813.21
1634.4 94894.98
1635.6 94980.38
1636.8 95062.15
1638.0 95144.1
1639.2 95226.56
1640.4 95308.33
1641.6 95388.14
1642.8 95469.91
1644.0 95548.59
1645.2 95629.17
1646.4 95710.94
1647.6 95793.71
1648.8 95875.48
1650.0 95959.38
1651.2 96041.15
1652.4 96123.24
1653.6 96209.74
1654.8 96291.52
1656.0 96374.04
1657.2 96455.81
1658.4 96538.92
1659.6 96626.32
1660.8 96708.09
1662.0 96793.65
1663.2 96875.42
1664.4 96960.94
1665.6 97042.0
1666.8 97123.77
1668.0 97205.86
1669.2 97287.64
1670.4 97367.67
1671.6 97449.44
1672.8 97529.69
1674.0 97612.3
1675.2 97694.08
1676.4 97776.52
1677.6 97858.29
1678.8 97939.2
1680.0 98020.31
1681.2 98102.09
1682.4 98186.97
1683.6 98268.74
1684.8 98354.82
1686.0 98436.59
1687.2 98518.53
1688.4 98600.87
1689.6 98682.65
1690.8 98765.65
1692.0 98848.93
1693.2 98930.72
1694.4 99012.86
1695.6 99094.64
1696.8 99175.28
1698.0 99257.05
1699.2 99338.15
1700.4 99419.93
1701.6 99497.28
1702.8 99577.99
1704.0 99659.77
1705.2 99738.57
1706.4 99821.76
1707.6 99903.55
1708.8 99981.88
1710.0 100063.67
1711.2 100147.7
1712.4 100233.23
1713.6 100315.01
1714.8 100400.71
1716.0 100482.49
1717.2 100564.89
1718.4 100646.67
1719.6 100727.27
1720.8 100808.3
1722.0 100890.08
1723.2 100972.42
1724.4 101054.2
1725.6 101135.07
1726.8 101219.52
1728.0 101301.31
1729.2 101382.49
1730.4 101464.27
1731.6 101547.07
1732.8 101628.85
1734.0 101709.18
1735.2 101790.8
1736.4 101872.59
1737.6 101956.18
1738.8 102037.96
1740.0 102115.81
1741.2 102202.48
1742.4 102284.27
1743.6 102366.86
1744.8 102448.65
1746.0 102534.01
1747.2 102615.91
1748.4 102697.7
1749.6 102781.88
1750.8 102863.67
1752.0 102943.88
1753.2 103025.72
1754.4 103107.51
1755.6 103186.71
1756.8 103268.5
1758.0 103345.39
1759.2 103427.17
1760.4 103512.95
1761.6 103595.27
1762.8 103677.06
1764.0 103756.09
1765.2 103837.88
1766.4 103921.35
1767.6 104003.14
1768.8 104082.67
1770.0 104166.71
1771.2 104248.5
1772.4 104328.62
1773.6 104412.67
1774.8 104494.46
1776.0 104572.34
1777.2 104654.13
1778.4 104735.64
1779.6 104817.42
1780.8 104903.86
1782.0 104984.88
1783.2 105066.67
1784.4 105148.65
1785.6 105230.44
1786.8 105311.77
1788.0 105393.75
1789.2 105475.54
1790.4 105558.25
1791.6 105640.04
1792.8 105723.47
1794.0 105805.26
1795.2 105881.7
1796.4 105965.79
1797.6 106047.58
1798.8 106130.35
1800.0 106212.13
1801.2 106293.26
1802.4 106377.17
1803.6 106458.97
1804.8 106542.88
1806.0 106624.67
1807.2 106703.97
1808.4 106787.54
1809.6 106869.33
1810.8 106950.44
1812.0 107032.23
1813.2 107115.31
1814.4 107197.38
1815.6 107279.17
1816.8 107364.7
1818.0 107446.49
1819.2 107524.11
1820.4 107605.9
1821.6 107681.54
1822.8 107763.63
1824.0 107845.42
1825.2 107927.67
1826.4 108009.46
1827.6 108091.54
1828.8 108173.49
1830.0 108255.28
1831.2 108334.42
1832.4 108416.21
1833.6 108498.67
1834.8 108580.46
1836.0 108667.02
1837.2 108747.99
1838.4 108829.78
1839.6 108911.08
1840.8 108992.87
1842.0 109073.02
1843.2 109153.66
1844.4 109235.45
1845.6 109316.59
1846.8 109398.38
1848.0 109479.19
1849.2 109560.83
1850.4 109642.63
1851.6 109722.96
1852.8 109804.76
1854.0 109886.57
1855.2 109968.36
1856.4 110047.4
1857.6 110129.24
1858.8 110211.03
1860.0 110297.16
1861.2 110378.95
1862.4 110466.56
1863.6 110547.26
1864.8 110629.05
1866.0 110707.43
1867.2 110789.22
1868.4 110869.56
1869.6 110950.73
1870.8 111032.52
1872.0 111115.66
1873.2 111197.45
1874.4 111276.0
1875.6 111358.97
1876.8 111440.77
1878.0 111519.65
1879.2 111601.44
1880.4 111686.74
1881.6 111768.53
1882.8 111850.54
1884.0 111930.74
1885.2 112012.54
1886.4 112093.72
1887.6 112175.52
1888.8 112259.67
1890.0 112342.66
1891.2 112424.46
1892.4 112508.43
1893.6 112590.23
1894.8 112667.46
1896.0 112751.74
1897.2 112833.54
1898.4 112914.87
1899.6 112996.66
1900.8 113079.47
1902.0 113161.26
1903.2 113243.24
1904.4 113322.92
1905.6 113404.72
1906.8 113487.84
1908.0 113569.63
1909.2 113653.09
1910.4 113734.39
1911.6 113816.19
1912.8 113899.31
1914.0 113981.1
1915.2 114066.18
1916.4 114148.13
1917.6 114229.93
1918.8 114310.2
1920.0 114392.0
1921.2 114474.76
1922.4 114556.55
1923.6 114639.46
1924.8 114723.19
1926.0 114804.99
1927.2 114888.7
1928.4 114970.5
1929.6 115053.71
1930.8 115134.93
1932.0 115216.73
1933.2 115296.12
1934.4 115377.92
1935.6 115463.41
1936.8 115545.2
1938.0 115620.46
1939.2 115702.68
1940.4 115784.47
1941.6 115865.02
1942.8 115946.82
1944.0 116029.37
1945.2 116114.86
1946.4 116196.66
1947.6 116280.36
1948.8 116362.15
1950.0 116443.05
1951.2 116525.92
1952.4 116607.72
1953.6 116688.61
1954.8 116770.4
1956.0 116850.47
1957.2 116932.03
1958.4 117013.83
1959.6 117099.81
1960.8 117181.61
1962.0 117261.68
1963.2 117343.47
1964.4 117425.53
1965.6 117507.91
1966.8 117589.71
1968.0 117670.27
1969.2 117752.06
1970.4 117833.46
1971.6 117915.02
1972.8 117996.82
1974.0 118078.88
1975.2 118160.67
1976.4 118236.31
1977.6 118318.11
1978.8 118405.63
1980.0 118487.05
1981.2 118568.85
1982.4 118651.27
1983.6 118733.06
1984.8 118813.35
1986.0 118894.45
1987.2 118976.25
1988.4 119057.37
1989.6 119139.16
1990.8 119220.46
1992.0 119301.91
1993.2 119383.71
1994.4 119464.03
1995.6 119545.82
1996.8 119626.82
1998.0 119708.61
1999.2 119789.27
2000.4 119870.77
2001.6 119952.56
2002.8 119960.24
2004.0 120041.82
2005.2 120078.85
2006.4 120122.21
2007.6 120203.15
2008.8 120253.28
2010.0 120333.73
2011.2 120387.05
2012.4 120444.86
2013.6 120524.58
2014.8 120585.28
2016.0 120664.48
2017.2 120731.44
2018.4 120810.13
2019.6 120876.24
2020.8 120945.77
2022.0 121023.75
2023.2 121093.31
2024.4 121170.8
2025.6 121246.62
2026.8 121321.9
2028.0 121398.71
2029.2 121481.99
2030.4 121558.34
2031.6 121641.28
2032.8 121726.21
2034.0 121801.93
2035.2 121894.54
2036.4 121969.83
2037.6 122063.48
2038.8 122156.28
2040.0 122230.97
2041.2 122329.79
2042.4 122404.08
2043.6 122504.5
2044.8 122578.4
2046.0 122677.85
2047.2 122779.07
2048.4 122852.42
2049.6 122950.97
2050.8 123023.95
2052.0 123131.9
2053.2 123238.86
2054.4 123311.32
2055.6 123421.39
2056.8 123493.51
2058.0 123605.66
2059.2 123677.44
2060.4 123792.15
2061.6 123904.12
2062.8 123975.43
2064.0 124075.52
2065.2 124146.52
2066.4 124247.42
2067.6 124343.55
2068.8 124414.1
2070.0 124504.65
2071.2 124574.91
2072.4 124664.06
2073.6 124734.03
2074.8 124822.14
2076.0 124902.85
2077.2 124972.41
2078.4 125054.46
2079.6 125123.75
2080.8 125206.97
2082.0 125286.5
2083.2 125355.41
2084.4 125438.46
2085.6 125507.12
2086.8 125586.58
2088.0 125664.35
2089.2 125732.65
2090.4 125806.34
2091.6 125874.4
2092.8 125946.84
2094.0 126019.84
2095.2 126087.57
2096.4 126160.31
2097.6 126227.81
2098.8 126297.52
2100.0 126367.32
2101.2 126434.5
2102.4 126505.2
2103.6 126572.18
2104.8 126639.28
2106.0 126706.04
2107.2 126773.11
2108.4 126840.54
2109.6 126907.02
2110.8 126971.8
2112.0 127038.08
2113.2 127102.26
2114.4 127167.97
2115.6 127233.98
2116.8 127295.86
2118.0 127361.69
2119.2 127423.58
2120.4 127489.24
2121.6 127551.21
2122.8 127611.69
2124.0 127677.1
2125.2 127736.35
2126.4 127801.59
2127.6 127859.94
2128.8 127919.98
2130.0 127984.99
2131.2 128045.61
2132.4 128110.46
2133.6 128168.7
2134.8 128233.4
2136.0 128289.72
2137.2 128346.74
2138.4 128411.23
2139.6 128468.47
2140.8 128525.43
2142.0 128589.71
2143.2 128646.51
2144.4 128710.66
2145.6 128769.12
2146.8 128833.13
2148.0 128886.72
2149.2 128943.74
2150.4 129007.57
2151.6 129063.47
2152.8 129127.17
2154.0 129181.38
2155.2 129237.69
2156.4 129301.21
2157.6 129357.97
2158.8 129421.37
2160.0 129476.35
2161.2 129539.64
2162.4 129593.82
2163.6 129649.11
2164.8 129712.23
2166.0 129769.23
2167.2 129832.25
2168.4 129887.99
2169.6 129941.62
2170.8 130004.49
2172.0 130056.21
2173.2 130118.97
2174.4 130175.32
2175.6 130232.35
2176.8 130294.97
2178.0 130352.53
2179.2 130415.06
2180.4 130470.56
2181.6 130532.99
2182.8 130588.39
2184.0 130642.24
2185.2 130704.54
2186.4 130759.66
2187.6 130821.87
2188.8 130879.23
2190.0 130936.85
2191.2 130998.94
2192.4 131055.6
2193.6 131117.6
2194.8 131175.38
2196.0 131233.07
2197.2 131294.96
2198.4 131353.32
2199.6 131415.14
2200.8 131471.88
2202.0 131533.62
2203.2 131592.4
2204.4 131650.9
2205.6 131712.54
2206.8 131769.34
2208.0 131830.91
2209.2 131888.54
2210.4 131946.25
2211.6 132007.72
2212.8 132067.77
2214.0 132129.17
2215.2 132187.9
2216.4 132249.23
2217.6 132305.42
2218.8 132362.88
2220.0 132424.12
2221.2 132478.14
2222.4 132537.13
2223.6 132598.29
2224.8 132659.5
2226.0 132720.6
2227.2 132780.64
2228.4 132841.68
2229.6 132902.19
2230.8 132961.64
2232.0 133022.6
2233.2 133082.81
2234.4 133143.71
2235.6 133203.34
2236.8 133262.78
2238.0 133323.61
2239.2 133383.45
2240.4 133444.24
2241.6 133504.62
2242.8 133565.78
2244.0 133626.49
2245.2 133685.41
2246.4 133746.07
2247.6 133807.16
2248.8 133867.78
2250.0 133929.17
2251.2 133991.61
2252.4 134052.16
2253.6 134112.98
2254.8 134173.49
2256.0 134232.41
2257.2 134292.88
2258.4 134353.99
2259.6 134414.02
2260.8 134474.42
2262.0 134539.06
2263.2 134601.01
2264.4 134661.36
2265.6 134722.6
2266.8 134782.92
2268.0 134845.12
2269.2 134905.39
2270.4 134964.24
2271.6 135024.32
2272.8 135084.54
2274.0 135146.13
2275.2 135206.32
2276.4 135267.79
2277.6 135328.62
2278.8 135388.76
2280.0 135450.68
2281.2 135510.79
2282.4 135570.07
2283.6 135630.14
2284.8 135690.37
2286.0 135753.92
2287.2 135813.95
2288.4 135876.06
2289.6 135936.06
2290.8 135997.78
2292.0 136058.01
2293.2 136117.97
2294.4 136181.4
2295.6 136241.33
2296.8 136303.86
2298.0 136363.76
2299.2 136426.5
2300.4 136490.33
2301.6 136550.19
2302.8 136612.74
2304.0 136672.58
2305.2 136733.78
2306.4 136795.54
2307.6 136855.34
2308.8 136917.29
2310.0 136977.07
2311.2 137041.52
2312.4 137104.24
2313.6 137163.98
2314.8 137223.54
2316.0 137283.26
2317.2 137345.86
2318.4 137408.64
2319.6 137468.32
2320.8 137530.29
2322.0 137589.95
2323.2 137654.56
2324.4 137716.86
2325.6 137776.5
2326.8 137836.86
2328.0 137896.47
2329.2 137958.47
2330.4 138018.06
2331.6 138079.27
2332.8 138142.99
2334.0 138202.55
2335.2 138264.2
2336.4 138323.75
2337.6 138386.22
2338.8 138449.11
2340.0 138508.64
2341.2 138570.39
2342.4 138629.89
2343.6 138690.31
2344.8 138749.79
2346.0 138809.54
2347.2 138869.31
2348.4 138928.78
2349.6 138987.65
2350.8 139047.1
2352.0 139104.97
2353.2 139165.71
2354.4 139225.13
2355.6 139286.7
2356.8 139346.11
2358.0 139406.27
2359.2 139466.85
2360.4 139526.24
2361.6 139587.35
2362.8 139646.72
2364.0 139705.84
2365.2 139765.2
2366.4 139825.28
2367.6 139884.62
2368.8 139942.27
2370.0 140001.84
2371.2 140061.17
2372.4 140121.5
2373.6 140181.63
2374.8 140240.94
2376.0 140299.81
2377.2 140359.11
2378.4 140412.35
2379.6 140471.22
2380.8 140530.5
2382.0 140588.72
2383.2 140647.99
2384.4 140707.22
2385.6 140769.1
2386.8 140828.35
2388.0 140889.97
2389.2 140949.22
2390.4 141011.78
2391.6 141071.01
2392.8 141133.3
2394.0 141193.37
2395.2 141252.59
2396.4 141314.34
2397.6 141373.54
2398.8 141432.99
2400.0 141492.31
2401.2 141551.5
2402.4 141612.2
2403.6 141671.38
2404.8 141732.38
2406.0 141791.56
2407.2 141850.89
2408.4 141914.96
2409.6 141974.13
2410.8 142032.3
2412.0 142091.45
2413.2 142151.33
2414.4 142209.23
2415.6 142268.37
2416.8 142329.67
2418.0 142388.81
2419.2 142455.45
2420.4 142515.28
2421.6 142574.41
2422.8 142634.59
2424.0 142693.71
2425.2 142755.19
2426.4 142814.3
2427.6 142872.61
2428.8 142932.21
2430.0 142991.31
2431.2 143049.7
2432.4 143108.79
2433.6 143169.62
2434.8 143228.39
2436.0 143287.47
2437.2 143346.62
2438.4 143405.7
2439.6 143466.08
2440.8 143524.98
2442.0 143584.05
2443.2 143643.56
2444.4 143702.62
2445.6 143762.41
2446.8 143821.46
2448.0 143881.75
2449.2 143940.1
2450.4 143999.15
2451.6 144059.68
2452.8 144118.72
2454.0 144177.98
2455.2 144238.62
2456.4 144297.66
2457.6 144356.59
2458.8 144415.62
2460.0 144474.09
2461.2 144534.56
2462.4 144593.58
2463.6 144652.81
2464.8 144711.82
2466.0 144771.41
2467.2 144830.42
2468.4 144890.13
2469.6 144947.51
2470.8 145006.51
2472.0 145064.75
2473.2 145123.75
2474.4 145181.98
2475.6 145240.42
2476.8 145299.42
2478.0 145358.65
2479.2 145417.64
2480.4 145476.18
2481.6 145534.23
2482.8 145593.22
2484.0 145651.34
2485.2 145710.32
2486.4 145768.71
2487.6 145827.68
2488.8 145886.77
2490.0 145945.39
2491.2 146004.36
2492.4 146062.25
2493.6 146121.21
2494.8 146179.53
2496.0 146238.5
2497.2 146293.88
2498.4 146348.78
2499.6 146407.74
2500.8 146467.04
2502.0 146476.92
2503.2 146535.75
2504.4 146561.76
2505.6 146620.23
2506.8 146651.47
2508.0 146709.49
2509.2 146742.1
2510.4 146777.34
2511.6 146834.62
2512.8 146870.37
2514.0 146927.13
2515.2 146962.82
2516.4 146999.33
2517.6 147055.35
2518.8 147091.62
2520.0 147147.13
2521.2 147183.54
2522.4 147221.39
2523.6 147276.19
2524.8 147315.31
2526.0 147369.62
2527.2 147414.04
2528.4 147467.89
2529.6 147515.85
2530.8 147565.18
2532.0 147618.37
2533.2 147667.75
2534.4 147720.5
2535.6 147770.72
2536.8 147825.85
2538.0 147877.98
2539.2 147933.87
2540.4 147985.59
2541.6 148041.71
2542.8 148097.24
2544.0 148148.37
2545.2 148206.05
2546.4 148256.79
2547.6 148315.25
2548.8 148365.61
2550.0 148426.16
2551.2 148486.35
2552.4 148536.18
2553.6 148599.74
2554.8 148649.21
2556.0 148712.42
2557.2 148775.73
2558.4 148824.7
2559.6 148890.51
2560.8 148939.14
2562.0 149003.89
2563.2 149068.21
2564.4 149116.37
2565.6 149183.63
2566.8 149231.48
2568.0 149301.64
2569.2 149349.19
2570.4 149423.71
2571.6 149501.77
2572.8 149548.88
2574.0 149624.63
2575.2 149671.46
2576.4 149749.63
2577.6 149815.23
2578.8 149861.65
2580.0 149929.59
2581.2 149975.73
2582.4 150042.09
2583.6 150105.91
2584.8 150151.67
2586.0 150211.06
2587.2 150256.57
2588.4 150316.91
2589.6 150362.17
2590.8 150419.4
2592.0 150473.46
2593.2 150518.38
2594.4 150574.94
2595.6 150619.62
2596.8 150674.52
2598.0 150728.64
2599.2 150772.99
2600.4 150825.25
2601.6 150869.39
2602.8 150922.61
2604.0 150973.92
2605.2 151017.75
2606.4 151067.82
2607.6 151111.44
2608.8 151159.81
2610.0 151203.23
2611.2 151252.52
2612.4 151300.38
2613.6 151343.51
2614.8 151390.33
2616.0 151433.28
2617.2 151481.55
2618.4 151527.06
2619.6 151569.74
2620.8 151614.17
2622.0 151656.67
2623.2 151701.1
2624.4 151745.93
2625.6 151788.18
2626.8 151830.85
2628.0 151872.93
2629.2 151916.09
2630.4 151958.99
2631.6 152000.84
2632.8 152041.97
2634.0 152083.66
2635.2 152125.35
2636.4 152166.89
2637.6 152207.06
2638.8 152248.84
2640.0 152290.16
2641.2 152330.69
2642.4 152371.86
2643.6 152411.91
2644.8 152452.95
2646.0 152491.37
2647.2 152532.17
2648.4 152573.01
2649.6 152611.64
2650.8 152651.3
2652.0 152691.95
2653.2 152730.78
2654.4 152771.3
2655.6 152809.39
2656.8 152849.79
2658.0 152887.7
2659.2 152924.62
2660.4 152964.85
2661.6 152999.97
2662.8 153040.08
2664.0 153076.97
2665.2 153113.76
2666.4 153153.71
2667.6 153191.13
2668.8 153230.96
2670.0 153266.92
2671.2 153306.65
2672.4 153342.63
2673.6 153380.3
2674.8 153419.88
2676.0 153456.69
2677.2 153496.17
2678.4 153532.87
2679.6 153568.38
2680.8 153607.72
2682.0 153644.34
2683.2 153683.58
2684.4 153718.81
2685.6 153755.57
2686.8 153794.69
2688.0 153830.45
2689.2 153869.47
2690.4 153905.64
2691.6 153941.15
2692.8 153980.05
2694.0 154015.6
2695.2 154054.41
2696.4 154090.08
2697.6 154128.81
2698.8 154162.2
2700.0 154199.65
2701.2 154238.27
2702.4 154273.24
2703.6 154311.78
2704.8 154348.78
2706.0 154384.76
2707.2 154423.2
2708.4 154458.56
2709.6 154496.92
2710.8 154535.21
2712.0 154573.5
2713.2 154608.58
2714.4 154643.79
2715.6 154681.99
2716.8 154717.73
2718.0 154755.86
2719.2 154791.76
2720.4 154827.16
2721.6 154865.2
2722.8 154900.59
2724.0 154938.57
2725.2 154974.91
2726.4 155012.83
2727.6 155048.09
2728.8 155084.13
2730.0 155121.96
2731.2 155156.05
2732.4 155193.82
2733.6 155228.52
2734.8 155264.16
2736.0 155301.85
2737.2 155338.63
2738.4 155376.27
2739.6 155414.56
2740.8 155450.93
2742.0 155488.49
2743.2 155527.23
2744.4 155564.74
2745.6 155600.86
2746.8 155637.24
2748.0 155674.68
2749.2 155711.03
2750.4 155748.42
2751.6 155779.66
2752.8 155817.01
2754.0 155853.22
2755.2 155890.17
2756.4 155927.46
2757.6 155963.36
2758.8 156000.6
2760.0 156037.41
2761.2 156073.92
2762.4 156111.1
2763.6 156148.27
2764.8 156185.41
2766.0 156222.81
2767.2 156259.91
2768.4 156296.88
2769.6 156333.59
2770.8 156370.63
2772.0 156409.81
2773.2 156448.25
2774.4 156485.24
2775.6 156522.64
2776.8 156559.6
2778.0 156592.76
2779.2 156629.68
2780.4 156666.81
2781.6 156703.53
2782.8 156740.4
2784.0 156778.16
2785.2 156815.0
2786.4 156851.74
2787.6 156889.17
2788.8 156925.96
2790.0 156963.9
2791.2 157000.67
2792.4 157043.56
2793.6 157080.29
2794.8 157118.24
2796.0 157156.92
2797.2 157193.61
2798.4 157231.78
2799.6 157268.44
2800.8 157305.52
2802.0 157344.43
2803.2 157381.05
2804.4 157418.99
2805.6 157455.58
2806.8 157491.85
2808.0 157530.36
2809.2 157566.92
2810.4 157604.04
2811.6 157640.57
2812.8 157677.67
2814.0 157714.18
2815.2 157751.71
2816.4 157789.24
2817.6 157825.71
2818.8 157867.25
2820.0 157903.69
2821.2 157939.46
2822.4 157976.77
2823.6 158013.19
2824.8 158049.56
2826.0 158085.95
2827.2 158123.47
2828.4 158161.03
2829.6 158197.39
2830.8 158234.01
2832.0 158270.36
2833.2 158306.3
2834.4 158344.57
2835.6 158380.89
2836.8 158418.15
2838.0 158454.45
2839.2 158491.64
2840.4 158527.92
2841.6 158564.39
2842.8 158601.58
2844.0 158637.84
2845.2 158675.63
2846.4 158711.87
2847.6 158750.23
2848.8 158788.06
2850.0 158824.27
2851.2 158862.15
2852.4 158898.35
2853.6 158935.74
2854.8 158971.91
2856.0 159008.42
2857.2 159045.75
2858.4 159081.91
2859.6 159119.42
2860.8 159155.56
2862.0 159192.69
2863.2 159229.7
2864.4 159265.82
2865.6 159303.39
2866.8 159339.49
2868.0 159376.43
2869.2 159413.2
2870.4 159449.28
2871.6 159486.3
2872.8 159522.37
2874.0 159560.66
2875.2 159596.72
2876.4 159633.59
2877.6 159669.92
2878.8 159705.96
2880.0 159742.19
2881.2 159778.21
2882.4 159815.77
2883.6 159852.0
2884.8 159888.01
2886.0 159924.63
2887.2 159960.63
2888.4 159996.91
2889.6 160032.96
2890.8 160068.94
2892.0 160105.83
2893.2 160141.81
2894.4 160178.56
2895.6 160216.03
2896.8 160251.99
2898.0 160288.62
2899.2 160324.57
2900.4 160361.37
2901.6 160397.31
2902.8 160434.64
2904.0 160469.71
2905.2 160505.63
2906.4 160541.49
2907.6 160577.4
2908.8 160613.15
2910.0 160649.05
2911.2 160684.33
2912.4 160720.56
2913.6 160756.45
2914.8 160792.69
2916.0 160829.22
2917.2 160865.1
2918.4 160900.21
2919.6 160936.08
2920.8 160973.21
2922.0 161009.07
2923.2 161045.26
2924.4 161082.45
2925.6 161118.3
2926.8 161154.77
2928.0 161190.61
2929.2 161227.19
2930.4 161263.02
2931.6 161297.81
2932.8 161333.52
2934.0 161369.35
2935.2 161405.03
2936.4 161440.85
2937.6 161474.83
2938.8 161510.92
2940.0 161546.72
2941.2 161581.97
2942.4 161617.78
2943.6 161653.6
2944.8 161690.8
2946.0 161726.59
2947.2 161763.43
2948.4 161799.21
2949.6 161836.46
2950.8 161872.75
2952.0 161908.53
2953.2 161945.43
2954.4 161981.2
2955.6 162018.03
2956.8 162053.79
2958.0 162087.34
2959.2 162124.82
2960.4 162160.58
2961.6 162195.91
2962.8 162231.66
2964.0 162266.97
2965.2 162303.26
2966.4 162339.0
2967.6 162374.57
2968.8 162410.31
2970.0 162446.38
2971.2 162484.0
2972.4 162519.73
2973.6 162555.82
2974.8 162591.54
2976.0 162628.34
2977.2 162664.06
2978.4 162700.93
2979.6 162736.25
2980.8 162771.97
2982.0 162807.36
2983.2 162843.08
2984.4 162879.16
2985.6 162915.04
2986.8 162950.74
2988.0 162986.81
2989.2 163022.51
2990.4 163059.07
2991.6 163095.48
2992.8 163131.18
2994.0 163166.71
2995.2 163202.4
2996.4 163237.64
2997.6 163273.33
2998.8 163311.21
3000.0 163347.14
3001.2 163382.82
3002.4 163418.51
3003.6 163454.18
3004.8 163489.86
3006.0 163525.53
3007.2 163561.2
3008.4 163575.46
3009.6 163575.46
3010.8 163535.79
3012.0 163553.93
3013.2 163586.61
3014.4 163605.0
3015.6 163636.9
3016.8 163655.16
3018.0 163686.29
3019.2 163705.23
3020.4 163726.96
3021.6 163757.0
3022.8 163781.23
3024.0 163810.53
3025.2 163838.83
3026.4 163870.03
3027.6 163898.29
3028.8 163931.57
3030.0 163959.15
3031.2 163996.65
3032.4 164035.16
3033.6 164061.76
3034.8 164105.06
3036.0 164131.01
3037.2 164174.0
3038.4 164199.31
3039.6 164242.22
3040.8 164289.69
3042.0 164314.1
3043.2 164361.22
3044.4 164385.03
3045.6 164430.62
3046.8 164478.49
3048.0 164501.46
3049.2 164548.8
3050.4 164571.21
3051.6 164616.83
3052.8 164659.62
3054.0 164681.24
3055.2 164720.76
3056.4 164741.84
3057.6 164777.57
3058.8 164813.25
3060.0 164833.59
3061.2 164867.39
3062.4 164887.22
3063.6 164919.46
3064.8 164938.82
3066.0 164968.49
3067.2 164996.67
3068.4 165015.33
3069.6 165041.57
3070.8 165059.78
3072.0 165085.78
3073.2 165110.66
3074.4 165128.22
3075.6 165151.93
3076.8 165169.07
3078.0 165191.88
3079.2 165208.59
3080.4 165229.8
3081.6 165250.44
3082.8 165266.57
3084.0 165286.47
3085.2 165302.2
3086.4 165321.0
3087.6 165339.02
3088.8 165354.19
3090.0 165371.13
3091.2 165385.93
3092.4 165402.85
3093.6 165419.12
3094.8 165433.41
3096.0 165448.64
3097.2 165462.57
3098.4 165477.18
3099.6 165490.77
3100.8 165505.17
3102.0 165519.03
3103.2 165532.14
3104.4 165545.74
3105.6 165558.53
3106.8 165571.75
3108.0 165584.71
3109.2 165597.05
3110.4 165609.5
3111.6 165621.54
3112.8 165633.31
3114.0 165645.26
3115.2 165656.87
3116.4 165668.17
3117.6 165679.5
3118.8 165690.52
3120.0 165701.71
3121.2 165712.63
3122.4 165723.21
3123.6 165733.87
3124.8 165743.81
3126.0 165754.21
3127.2 165764.28
3128.4 165774.61
3129.6 165784.64
3130.8 165793.9
3132.0 165803.68
3133.2 165813.23
3134.4 165822.78
3135.6 165831.69
3136.8 165841.11
3138.0 165850.32
3139.2 165859.2
3140.4 165868.19
3141.6 165876.69
3142.8 165885.26
3144.0 165893.93
3145.2 165902.19
3146.4 165910.64
3147.6 165918.28
3148.8 165926.17
3150.0 165934.33
3151.2 165942.09
3152.4 165950.05
3153.6 165957.79
3154.8 165965.3
3156.0 165972.98
3157.2 165980.56
3158.4 165986.53
3159.6 165993.86
3160.8 166000.81
3162.0 166008.03
3163.2 166014.96
3164.4 166022.01
3165.6 166029.16
3166.8 166036.04
3168.0 166042.5
3169.2 166048.95
3170.4 166055.59
3171.6 166062.17
3172.8 166068.65
3174.0 166074.75
3175.2 166081.06
3176.4 166086.85
3177.6 166092.93
3178.8 166099.02
3180.0 166104.55
3181.2 166110.5
3182.4 166116.16
3183.6 166121.77
3184.8 166127.5
3186.0 166132.98
3187.2 166138.57
3188.4 166143.9
3189.6 166149.29
3190.8 166154.69
3192.0 166159.94
3193.2 166165.2
3194.4 166170.16
3195.6 166175.3
3196.8 166180.08
3198.0 166185.56
3199.2 166190.51
3200.4 166195.16
3201.6 166199.99
3202.8 166204.75
3204.0 166209.43
3205.2 166214.1
3206.4 166218.8
3207.6 166223.35
3208.8 166227.95
3210.0 166232.39
3211.2 166236.67
3212.4 166241.11
3213.6 166245.39
3214.8 166249.81
3216.0 166254.47
3217.2 166258.6
3218.4 166262.85
3219.6 166266.88
3220.8 166271.22
3222.0 166275.16
3223.2 166279.38
3224.4 166283.49
3225.6 166287.28
3226.8 166291.42
3228.0 166295.12
3229.2 166299.31
3230.4 166303.2
3231.6 166306.77
3232.8 166310.64
3234.0 166314.12
3235.2 166318.06
3236.4 166322.01
3237.6 166325.37
3238.8 166329.35
3240.0 166332.63
3241.2 166336.43
3242.4 166339.63
3243.6 166343.27
3244.8 166346.85
3246.0 166349.93
3247.2 166353.43
3248.4 166356.44
3249.6 166359.83
3250.8 166363.41
3252.0 166366.31
3253.2 166369.72
3254.4 166372.55
3255.6 166375.88
3256.8 166379.22
3258.0 166381.95
3259.2 166385.21
3260.4 166387.88
3261.6 166391.07
3262.8 166393.67
3264.0 166396.84
3265.2 166399.96
3266.4 166402.47
3267.6 166405.55
3268.8 166407.99
3270.0 166411.05
3271.2 166414.1
3272.4 166416.46
3273.6 166419.42
3274.8 166421.72
3276.0 166424.62
3277.2 166427.53
3278.4 166429.75
3279.6 166432.51
3280.8 166434.68
3282.0 166437.29
3283.2 166439.41
3284.4 166442.17
3285.6 166444.84
3286.8 166446.88
3288.0 166449.58
3289.2 166451.57
3290.4 166454.24
3291.6 166456.75
3292.8 166458.67
3294.0 166461.14
3295.2 166463.01
3296.4 166465.46
3297.6 166467.91
3298.8 166469.72
3300.0 166472.07
3301.2 166473.83
3302.4 166476.23
3303.6 166477.95
3304.8 166480.24
3306.0 166482.46
3307.2 166484.12
3308.4 166486.23
3309.6 166487.85
3310.8 166490.02
3312.0 166492.12
3313.2 166493.68
3314.4 166495.75
3315.6 166497.27
3316.8 166499.24
3318.0 166501.27
3319.2 166502.74
3320.4 166504.82
3321.6 166506.25
3322.8 166508.2
3324.0 166510.03
3325.2 166511.41
3326.4 166513.22
3327.6 166514.57
3328.8 166516.4
3330.0 166517.72
3331.2 166519.52
3332.4 166521.24
3333.6 166522.51
3334.8 166524.21
3336.0 166525.45
3337.2 166526.65
3338.4 166527.76
3339.6 166528.95
3340.8 166530.15
3342.0 166531.32
3343.2 166532.52
3344.4 166533.68
3345.6 166534.8
3346.8 166536.04
3348.0 166537.14
3349.2 166537.62
3350.4 166538.68
3351.6 166539.8
3352.8 166540.84
3354.0 166541.58
3355.2 166542.69
3356.4 166543.7
3357.6 166544.79
3358.8 166545.77
3360.0 166546.39
3361.2 166547.22
3362.4 166548.16
3363.6 166549.28
3364.8 166550.2
3366.0 166550.92
3367.2 166551.82
3368.4 166551.81
3369.6 166552.56
3370.8 166553.43
3372.0 166553.83
3373.2 166554.79
3374.4 166555.63
3375.6 166556.49
3376.8 166557.3
3378.0 166558.1
3379.2 166559.06
3380.4 166559.85
3381.6 166560.63
3382.8 166561.4
3384.0 166561.93
3385.2 166562.7
3386.4 166563.44
3387.6 166564.2
3388.8 166564.92
3390.0 166566.3
3391.2 166567.01
3392.4 166567.66
3393.6 166568.8
3394.8 166569.48
3396.0 166570.04
3397.2 166570.7
3398.4 166571.2
3399.6 166571.85
3400.8 166572.63
3402.0 166573.29
3403.2 166573.92
3404.4 166574.53
3405.6 166575.13
3406.8 166575.92
3408.0 166577.42
3409.2 166578.01
3410.4 166578.72
3411.6 166579.29
3412.8 166580.32
3414.0 166580.78
3415.2 166581.33
3416.4 166581.91
3417.6 166582.45
3418.8 166583.05
3420.0 166583.58
3421.2 166583.8
3422.4 166584.24
3423.6 166584.75
3424.8 166585.47
3426.0 166585.92
3427.2 166586.41
3428.4 166586.91
3429.6 166587.38
3430.8 166587.63
3432.0 166588.1
3433.2 166588.6
3434.4 166589.05
3435.6 166589.17
3436.8 166589.62
3438.0 166590.06
3439.2 166590.62
3440.4 166591.05
3441.6 166591.44
3442.8 166591.87
3444.0 166592.28
3445.2 166592.66
3446.4 166593.06
3447.6 166593.34
3448.8 166593.57
3450.0 166593.95
3451.2 166594.17
3452.4 166594.55
3453.6 166594.9
3454.8 166595.33
3456.0 166595.7
3457.2 166595.66
3458.4 166596.01
3459.6 166596.34
3460.8 166597.02
3462.0 166597.36
3463.2 166597.72
3464.4 166598.05
3465.6 166598.27
3466.8 166598.59
3468.0 166598.88
3469.2 166599.09
3470.4 166599.4
3471.6 166599.85
3472.8 166600.16
3474.0 166600.39
3475.2 166601.04
3476.4 166601.33
3477.6 166601.74
3478.8 166602.03
3480.0 166602.33
3481.2 166602.8
3482.4 166603.07
3483.6 166603.38
3484.8 166603.64
3486.0 166603.86
3487.2 166604.12
3488.4 166604.46
3489.6 166604.91
3490.8 166605.16
3492.0 166605.38
3493.2 166605.63
3494.4 166605.9
3495.6 166606.18
3496.8 166606.42
3498.0 166606.94
3499.2 166607.17
3500.4 166607.24
3501.6 166607.4
3502.8 166607.62
3504.0 166607.87
3505.2 166608.09
3506.4 166608.41
3507.6 166608.64
3508.8 166608.85
3510.0 166608.83
3511.2 166609.03
3512.4 166608.84
3513.6 166609.04
3514.8 166609.28
3516.0 166609.25
3517.2 166609.44
3518.4 166609.57
3519.6 166609.76
3520.8 166609.8
3522.0 166609.98
3523.2 166609.94
3524.4 166609.94
3525.6 166610.12
3526.8 166610.26
3528.0 166610.47
3529.2 166610.64
3530.4 166610.73
3531.6 166610.9
3532.8 166611.16
3534.0 166611.32
3535.2 166611.51
3536.4 166611.51
3537.6 166611.66
3538.8 166611.75
3540.0 166611.9
3541.2 166612.14
3542.4 166612.3
3543.6 166612.44
3544.8 166612.61
3546.0 166612.76
3547.2 166612.58
3548.4 166612.71
3549.6 166612.74
3550.8 166613.25
3552.0 166613.38
3553.2 166613.97
3554.4 166614.1
3555.6 166613.84
3556.8 166614.07
3558.0 166614.2
3559.2 166614.35
3560.4 166614.47
3561.6 166614.76
3562.8 166615.12
3564.0 166615.24
3565.2 166615.45
3566.4 166615.57
3567.6 166615.67
3568.8 166615.78
3570.0 166615.85
3571.2 166615.67
3572.4 166615.78
3573.6 166615.96
3574.8 166616.07
3576.0 166616.06
3577.2 166616.25
3578.4 166616.35
3579.6 166616.51
3580.8 166616.61
3582.0 166616.65
3583.2 166616.75
3584.4 166616.7
3585.6 166616.72
3586.8 166616.82
3588.0 166617.0
3589.2 166617.21
3590.4 166617.3
3591.6 166617.4
3592.8 166617.48
3594.0 166617.39
3595.2 166617.47
3596.4 166617.92
3597.6 166618.14
3598.8 166618.22
3600.0 166618.34
3601.2 166618.42
3602.4 166618.11
3603.6 166618.2
3604.8 166618.27
3606.0 166618.4
3607.2 166618.48
3608.4 166618.5
3609.6 166618.57
3610.8 166618.64
3612.0 166618.79
3613.2 166618.86
3614.4 166618.92
3615.6 166618.99
3616.8 166619.04
3618.0 166619.01
3619.2 166619.07
3620.4 166618.85
3621.6 166618.91
3622.8 166619.07
3624.0 166619.13
3625.2 166619.17
3626.4 166619.17
3627.6 166619.23
3628.8 166619.53
3630.0 166619.59
3631.2 166619.52
3632.4 166619.45
3633.6 166619.5
3634.8 166619.75
3636.0 166619.8
3637.2 166619.81
3638.4 166619.81
3639.6 166619.86
3640.8 166619.81
3642.0 166619.86
3643.2 166619.84
3644.4 166619.92
3645.6 166619.96
3646.8 166619.87
3648.0 166619.92
3649.2 166619.99
3650.4 166620.04
3651.6 166620.08
3652.8 166620.23
3654.0 166620.28
3655.2 166620.25
3656.4 166620.29
3657.6 166620.4
3658.8 166620.6
3660.0 166620.64
3661.2 166621.06
3662.4 166621.1
3663.6 166621.06
3664.8 166621.26
3666.0 166621.3
3667.2 166621.33
3668.4 166621.37
3669.6 166621.36
3670.8 166621.39
3672.0 166621.43
3673.2 166621.33
3674.4 166621.36
3675.6 166621.35
3676.8 166621.39
3678.0 166621.5
3679.2 166621.36
3680.4 166621.39
3681.6 166621.49
3682.8 166621.52
3684.0 166621.69
3685.2 166621.64
3686.4 166621.67
3687.6 166621.54
3688.8 166621.57
3690.0 166621.75
3691.2 166621.86
3692.4 166621.88
3693.6 166622.05
3694.8 166622.07
3696.0 166622.09
3697.2 166622.11
3698.4 166622.06
3699.6 166621.92
3700.8 166621.94
3702.0 166621.89
3703.2 166621.91
3704.4 166621.47
3705.6 166621.51
3706.8 166621.53
3708.0 166621.6
3709.2 166621.62
3710.4 166621.47
3711.6 166621.6
3712.8 166621.62
3714.0 166621.9
3715.2 166621.92
3716.4 166621.61
3717.6 166621.63
3718.8 166621.61
3720.0 166621.83
3721.2 166621.85
3722.4 166621.79
3723.6 166621.81
3724.8 166622.12
3726.0 166622.23
3727.2 166622.25
3728.4 166622.56
3729.6 166622.58
3730.8 166622.58
3732.0 166622.6
3733.2 166622.5
3734.4 166622.4
3735.6 166622.41
3736.8 166622.5
3738.0 166622.52
3739.2 166622.65
3740.4 166622.78
3741.6 166622.79
3742.8 166622.9
3744.0 166622.91
3745.2 166623.39
3746.4 166623.45
3747.6 166623.46
3748.8 166623.17
3750.0 166623.18
3751.2 166623.24
3752.4 166623.23
3753.6 166623.24
3754.8 166623.23
3756.0 166623.24
3757.2 166623.53
3758.4 166623.54
3759.6 166623.19
3760.8 166623.1
3762.0 166623.11
3763.2 166622.97
3764.4 166622.98
3765.6 166622.91
3766.8 166622.86
3768.0 166622.86
3769.2 166622.86
3770.4 166622.87
3771.6 166622.41
3772.8 166622.41
3774.0 166622.44
3775.2 166622.37
3776.4 166622.37
3777.6 166622.37
3778.8 166622.38
3780.0 166622.18
3781.2 166622.17
3782.4 166622.18
3783.6 166622.14
3784.8 166622.15
3786.0 166622.24
3787.2 166622.2
3788.4 166622.2
3789.6 166622.58
3790.8 166622.58
3792.0 166622.64
3793.2 166622.64
3794.4 166622.57
3795.6 166622.63
3796.8 166622.63
3798.0 166622.69
3799.2 166622.69
3800.4 166623.01
3801.6 166622.9
3802.8 166622.9
3804.0 166623.08
3805.2 166623.09
3806.4 166623.17
3807.6 166623.22
3808.8 166623.22
3810.0 166623.25
3811.2 166623.25
3812.4 166623.01
3813.6 166623.01
3814.8 166622.91
3816.0 166622.96
3817.2 166622.96
3818.4 166622.87
3819.6 166622.87
3820.8 166622.74
3822.0 166622.74
3823.2 166622.74
3824.4 166622.41
3825.6 166622.41
3826.8 166622.41
3828.0 166622.44
3829.2 166622.44
3830.4 166622.2
3831.6 166622.2
3832.8 166622.11
3834.0 166622.11
3835.2 166622.07
3836.4 166622.03
3837.6 166622.03
3838.8 166622.01
3840.0 166622.01
3841.2 166622.01
3842.4 166622.25
3843.6 166622.25
3844.8 166622.3
3846.0 166622.3
3847.2 166622.27
3848.4 166622.16
3849.6 166622.16
3850.8 166622.16
3852.0 166622.16
3853.2 166622.89
3854.4 166622.89
3855.6 166622.95
3856.8 166623.1
3858.0 166623.1
3859.2 166622.94
3860.4 166622.94
3861.6 166623.27
3862.8 166623.28
3864.0 166623.28
3865.2 166623.55
3866.4 166623.55
3867.6 166623.45
3868.8 166623.36
3870.0 166623.36
3871.2 166623.52
3872.4 166623.52
3873.6 166623.68
3874.8 166623.68
3876.0 166623.66
3877.2 166623.7
3878.4 166623.7
3879.6 166623.72
3880.8 166623.72
3882.0 166623.71
3883.2 166623.65
3884.4 166623.65
3885.6 166623.65
3886.8 166623.65
3888.0 166623.71
3889.2 166623.84
3890.4 166623.84
3891.6 166623.82
3892.8 166623.82
3894.0 166623.64
3895.2 166623.77
3896.4 166623.77
3897.6 166623.61
3898.8 166623.61
3900.0 166623.78
3901.2 166623.78
3902.4 166623.79
3903.6 166623.79
3904.8 166623.43
3906.0 166623.46
3907.2 166623.46
3908.4 166623.54
3909.6 166623.53
3910.8 166623.53
3912.0 166623.6
3913.2 166623.6
3914.4 166623.6
3915.6 166623.6
3916.8 166623.7
3918.0 166623.63
3919.2 166623.63
3920.4 166623.57
3921.6 166623.57
3922.8 166623.04
3924.0 166622.82
3925.2 166622.82
3926.4 166622.37
3927.6 166622.37
3928.8 166621.91
3930.0 166621.91
3931.2 166621.66
3932.4 166621.66
3933.6 166621.66
3934.8 166621.87
3936.0 166621.87
3937.2 166621.82
3938.4 166621.81
3939.6 166621.81
3940.8 166621.83
3942.0 166621.83
3943.2 166621.53
3944.4 166621.98
3945.6 166621.98
3946.8 166621.83
3948.0 166621.83
3949.2 166621.74
3950.4 166621.85
3951.6 166621.85
3952.8 166621.87
3954.0 166621.87
3955.2 166621.88
3956.4 166621.95
3957.6 166621.95
3958.8 166621.75
3960.0 166621.75
3961.2 166621.79
3962.4 166621.79
3963.6 166622.42
3964.8 166622.66
3966.0 166622.66
3967.2 166623.06
3968.4 166623.06
3969.6 166623.5
3970.8 166623.5
3972.0 166623.33
3973.2 166623.16
3974.4 166623.16
3975.6 166623.17
3976.8 166623.22
3978.0 166623.22
3979.2 166623.39
3980.4 166623.39
3981.6 166623.46
3982.8 166623.46
3984.0 166623.44
3985.2 166623.29
3986.4 166623.29
3987.6 166623.52
3988.8 166623.52
3990.0 166623.62
3991.2 166623.62
3992.4 166623.31
3993.6 166623.3
3994.8 166623.3
3996.0 166623.01
3997.2 166623.0
3998.4 166623.0
3999.6 166623.18
