0.0 1
1.2 1
2.4 1
3.6 1
4.8 1
6.0 1
7.2 1
8.4 1
9.6 1
10.8 1
12.0 1
13.2 1
14.4 1
15.6 1
16.8 1
18.0 1
19.2 1
20.4 1
21.6 1
22.8 1
24.0 1
25.2 1
26.4 1
27.6 1
28.8 1
30.0 1
31.2 1
32.4 1
33.6 1
34.8 1
36.0 1
37.2 1
38.4 1
39.6 1
40.8 1
42.0 1
43.2 1
44.4 1
45.6 1
46.8 1
48.0 1
49.2 1
50.4 1
51.6 1
52.8 1
54.0 1
55.2 1
56.4 1
57.6 1
58.8 1
60.0 1
61.2 1
62.4 1
63.6 1
64.8 1
66.0 1
67.2 1
68.4 1
69.6 1
70.8 1
72.0 1
73.2 1
74.4 1
75.6 1
76.8 1
78.0 1
79.2 1
80.4 1
81.6 1
82.8 1
84.0 1
85.2 1
86.4 1
87.6 1
88.8 1
90.0 1
91.2 1
92.4 1
93.6 1
94.8 1
96.0 1
97.2 1
98.4 1
99.6 1
100.8 1
102.0 1
103.2 1
104.4 1
105.6 1
106.8 1
108.0 1
109.2 1
110.4 1
111.6 1
112.8 1
114.0 1
115.2 1
116.4 1
117.6 1
118.8 1
120.0 2
121.2 2
122.4 2
123.6 2
124.8 2
126.0 2
127.2 3
128.4 3
129.6 3
130.8 3
132.0 3
133.2 3
134.4 3
135.6 3
136.8 3
138.0 3
139.2 3
140.4 3
141.6 3
142.8 3
144.0 3
145.2 3
146.4 3
147.6 3
148.8 3
150.0 3
151.2 3
152.4 3
153.6 3
154.8 3
156.0 3
157.2 3
158.4 3
159.6 3
160.8 3
162.0 3
163.2 3
164.4 3
165.6 3
166.8 3
168.0 3
169.2 3
170.4 3
171.6 3
172.8 3
174.0 3
175.2 3
176.4 3
177.6 3
178.8 3
180.0 3
181.2 3
182.4 3
183.6 3
184.8 3
186.0 3
187.2 3
188.4 3
189.6 2
190.8 2
192.0 2
193.2 2
194.4 2
195.6 2
196.8 2
198.0 2
199.2 1
200.4 1
201.6 1
202.8 1
204.0 1
205.2 1
206.4 1
207.6 1
208.8 1
210.0 1
211.2 1
212.4 1
213.6 1
214.8 1
216.0 1
217.2 1
218.4 1
219.6 1
220.8 1
222.0 1
223.2 1
224.4 1
225.6 1
226.8 1
228.0 1
229.2 1
230.4 1
231.6 1
232.8 1
234.0 1
235.2 1
236.4 1
237.6 1
238.8 1
240.0 1
241.2 1
242.4 1
243.6 1
244.8 1
246.0 1
247.2 1
248.4 1
249.6 1
250.8 1
252.0 1
253.2 1
254.4 1
255.6 1
256.8 1
258.0 1
259.2 1
260.4 1
261.6 1
262.8 1
264.0 1
265.2 1
266.4 1
267.6 1
268.8 1
270.0 1
271.2 1
272.4 1
273.6 1
274.8 2
276.0 2
277.2 2
278.4 2
279.6 2
280.8 2
282.0 2
283.2 2
284.4 2
285.6 2
286.8 2
288.0 2
289.2 2
290.4 2
291.6 2
292.8 2
294.0 2
295.2 2
296.4 2
297.6 2
298.8 2
300.0 2
301.2 2
302.4 2
303.6 2
304.8 2
306.0 2
307.2 2
308.4 2
309.6 2
310.8 2
312.0 2
313.2 2
314.4 2
315.6 2
316.8 2
318.0 2
319.2 2
320.4 3
321.6 3
322.8 3
324.0 3
325.2 3
326.4 3
327.6 3
328.8 3
330.0 3
331.2 3
332.4 3
333.6 3
334.8 3
336.0 3
337.2 3
338.4 3
339.6 2
340.8 2
342.0 2
343.2 2
344.4 2
345.6 2
346.8 2
348.0 2
349.2 2
350.4 2
351.6 2
352.8 2
354.0 2
355.2 2
356.4 2
357.6 2
358.8 2
360.0 2
361.2 2
362.4 2
363.6 2
364.8 2
366.0 2
367.2 2
368.4 2
369.6 2
370.8 2
372.0 2
373.2 2
374.4 2
375.6 2
376.8 2
378.0 2
379.2 2
380.4 2
381.6 2
382.8 2
384.0 2
385.2 2
386.4 2
387.6 2
388.8 2
390.0 2
391.2 2
392.4 2
393.6 2
394.8 2
396.0 2
397.2 2
398.4 2
399.6 2
400.8 2
402.0 2
403.2 2
404.4 2
405.6 2
406.8 2
408.0 2
409.2 2
410.4 2
411.6 2
412.8 2
414.0 2
415.2 2
416.4 2
417.6 2
418.8 2
420.0 2
421.2 2
422.4 2
423.6 2
424.8 2
426.0 2
427.2 2
428.4 2
429.6 2
430.8 2
432.0 2
433.2 2
434.4 2
435.6 2
436.8 2
438.0 2
439.2 2
440.4 2
441.6 2
442.8 2
444.0 2
445.2 2
446.4 2
447.6 3
448.8 2
450.0 2
451.2 2
452.4 2
453.6 2
454.8 2
456.0 2
457.2 2
458.4 2
459.6 2
460.8 2
462.0 2
463.2 2
464.4 2
465.6 2
466.8 2
468.0 2
469.2 2
470.4 2
471.6 2
472.8 2
474.0 2
475.2 2
476.4 2
477.6 2
478.8 2
480.0 2
481.2 2
482.4 2
483.6 2
484.8 2
486.0 2
487.2 2
488.4 2
489.6 2
490.8 2
492.0 2
493.2 2
494.4 2
495.6 2
496.8 2
498.0 2
499.2 2
500.4 2
501.6 2
502.8 2
504.0 2
505.2 2
506.4 2
507.6 2
508.8 2
510.0 2
511.2 2
512.4 2
513.6 2
514.8 2
516.0 2
517.2 2
518.4 2
519.6 2
520.8 2
522.0 2
523.2 2
524.4 2
525.6 2
526.8 2
528.0 2
529.2 2
530.4 2
531.6 2
532.8 2
534.0 2
535.2 2
536.4 2
537.6 2
538.8 2
540.0 2
541.2 2
542.4 2
543.6 2
544.8 2
546.0 2
547.2 2
548.4 2
549.6 2
550.8 2
552.0 2
553.2 2
554.4 2
555.6 2
556.8 2
558.0 2
559.2 2
560.4 2
561.6 2
562.8 2
564.0 2
565.2 2
566.4 2
567.6 2
568.8 2
570.0 2
571.2 2
572.4 2
573.6 2
574.8 2
576.0 2
577.2 2
578.4 2
579.6 2
580.8 2
582.0 2
583.2 2
584.4 2
585.6 2
586.8 2
588.0 2
589.2 2
590.4 2
591.6 2
592.8 2
594.0 2
595.2 2
596.4 2
597.6 2
598.8 2
600.0 2
601.2 2
602.4 2
603.6 2
604.8 2
606.0 2
607.2 2
608.4 2
609.6 2
610.8 2
612.0 2
613.2 2
614.4 2
615.6 2
616.8 2
618.0 2
619.2 2
620.4 2
621.6 2
622.8 2
624.0 2
625.2 2
626.4 2
627.6 2
628.8 2
630.0 2
631.2 2
632.4 2
633.6 2
634.8 2
636.0 2
637.2 2
638.4 2
639.6 2
640.8 2
642.0 2
643.2 2
644.4 2
645.6 2
646.8 2
648.0 2
649.2 2
650.4 2
651.6 2
652.8 2
654.0 2
655.2 2
656.4 2
657.6 2
658.8 2
660.0 2
661.2 2
662.4 2
663.6 2
664.8 2
666.0 2
667.2 2
668.4 2
669.6 2
670.8 2
672.0 2
673.2 2
674.4 2
675.6 2
676.8 2
678.0 2
679.2 2
680.4 2
681.6 2
682.8 2
684.0 2
685.2 2
686.4 2
687.6 2
688.8 2
690.0 2
691.2 2
692.4 2
693.6 2
694.8 2
696.0 2
697.2 2
698.4 2
699.6 2
700.8 2
702.0 2
703.2 2
704.4 2
705.6 2
706.8 2
708.0 2
709.2 2
710.4 2
711.6 2
712.8 2
714.0 2
715.2 2
716.4 2
717.6 2
718.8 2
720.0 2
721.2 2
722.4 2
723.6 2
724.8 2
726.0 2
727.2 2
728.4 2
729.6 2
730.8 2
732.0 2
733.2 2
734.4 2
735.6 2
736.8 2
738.0 2
739.2 2
740.4 2
741.6 2
742.8 2
744.0 2
745.2 2
746.4 2
747.6 2
748.8 2
750.0 2
751.2 2
752.4 2
753.6 2
754.8 2
756.0 2
757.2 2
758.4 2
759.6 2
760.8 2
762.0 2
763.2 2
764.4 2
765.6 2
766.8 2
768.0 2
769.2 2
770.4 2
771.6 2
772.8 2
774.0 2
775.2 2
776.4 2
777.6 2
778.8 2
780.0 2
781.2 2
782.4 2
783.6 2
784.8 2
786.0 2
787.2 2
788.4 2
789.6 2
790.8 2
792.0 2
793.2 2
794.4 2
795.6 2
796.8 2
798.0 2
799.2 2
800.4 2
801.6 2
802.8 2
804.0 2
805.2 2
806.4 2
807.6 2
808.8 2
810.0 2
811.2 2
812.4 2
813.6 2
814.8 2
816.0 2
817.2 2
818.4 2
819.6 2
820.8 2
822.0 2
823.2 2
824.4 2
825.6 2
826.8 2
828.0 2
829.2 2
830.4 2
831.6 2
832.8 2
834.0 2
835.2 2
836.4 2
837.6 2
838.8 2
840.0 2
841.2 2
842.4 2
843.6 2
844.8 2
846.0 2
847.2 2
848.4 2
849.6 2
850.8 2
852.0 2
853.2 2
854.4 2
855.6 2
856.8 2
858.0 2
859.2 2
860.4 2
861.6 2
862.8 2
864.0 2
865.2 2
866.4 2
867.6 2
868.8 2
870.0 2
871.2 2
872.4 2
873.6 2
874.8 2
876.0 2
877.2 2
878.4 2
879.6 2
880.8 2
882.0 2
883.2 2
884.4 2
885.6 2
886.8 2
888.0 2
889.2 2
890.4 2
891.6 2
892.8 2
894.0 2
895.2 2
896.4 2
897.6 2
898.8 2
900.0 2
901.2 2
902.4 2
903.6 2
904.8 2
906.0 2
907.2 2
908.4 2
909.6 2
910.8 2
912.0 2
913.2 2
914.4 2
915.6 2
916.8 2
918.0 2
919.2 2
920.4 2
921.6 2
922.8 2
924.0 2
925.2 2
926.4 2
927.6 2
928.8 2
930.0 2
931.2 2
932.4 2
933.6 2
934.8 2
936.0 2
937.2 2
938.4 2
939.6 2
940.8 2
942.0 2
943.2 2
944.4 2
945.6 2
946.8 2
948.0 2
949.2 2
950.4 2
951.6 2
952.8 2
954.0 2
955.2 2
956.4 2
957.6 2
958.8 2
960.0 2
961.2 2
962.4 2
963.6 2
964.8 2
966.0 2
967.2 2
968.4 2
969.6 2
970.8 2
972.0 2
973.2 2
974.4 2
975.6 2
976.8 2
978.0 2
979.2 2
980.4 2
981.6 2
982.8 2
984.0 2
985.2 2
986.4 2
987.6 2
988.8 2
990.0 2
991.2 2
992.4 2
993.6 2
994.8 2
996.0 2
997.2 2
998.4 2
999.6 2
1000.8 2
1002.0 2
1003.2 2
1004.4 2
1005.6 2
1006.8 2
1008.0 2
1009.2 2
1010.4 2
1011.6 2
1012.8 2
1014.0 2
1015.2 2
1016.4 2
1017.6 1
1018.8 1
1020.0 1
1021.2 1
1022.4 1
1023.6 1
1024.8 1
1026.0 1
1027.2 1
1028.4 1
1029.6 1
1030.8 1
1032.0 1
1033.2 1
1034.4 1
1035.6 1
1036.8 1
1038.0 1
1039.2 1
1040.4 1
1041.6 1
1042.8 1
1044.0 1
1045.2 1
1046.4 1
1047.6 1
1048.8 1
1050.0 1
1051.2 1
1052.4 1
1053.6 1
1054.8 1
1056.0 1
1057.2 1
1058.4 1
1059.6 1
1060.8 1
1062.0 1
1063.2 1
1064.4 1
1065.6 1
1066.8 1
1068.0 1
1069.2 1
1070.4 1
1071.6 1
1072.8 1
1074.0 1
1075.2 1
1076.4 1
1077.6 1
1078.8 1
1080.0 1
1081.2 1
1082.4 1
1083.6 1
1084.8 1
1086.0 1
1087.2 1
1088.4 1
1089.6 1
1090.8 1
1092.0 1
1093.2 1
1094.4 1
1095.6 1
1096.8 1
1098.0 1
1099.2 1
1100.4 1
1101.6 1
1102.8 1
1104.0 1
1105.2 1
1106.4 1
1107.6 1
1108.8 1
1110.0 1
1111.2 1
1112.4 1
1113.6 1
1114.8 1
1116.0 1
1117.2 1
1118.4 1
1119.6 1
1120.8 1
1122.0 1
1123.2 1
1124.4 1
1125.6 1
1126.8 1
1128.0 1
1129.2 1
1130.4 1
1131.6 1
1132.8 1
1134.0 1
1135.2 1
1136.4 1
1137.6 1
1138.8 1
1140.0 1
1141.2 1
1142.4 1
1143.6 1
1144.8 1
1146.0 1
1147.2 1
1148.4 1
1149.6 1
1150.8 1
1152.0 1
1153.2 1
1154.4 1
1155.6 1
1156.8 1
1158.0 1
1159.2 1
1160.4 1
1161.6 1
1162.8 1
1164.0 1
1165.2 1
1166.4 1
1167.6 1
1168.8 1
1170.0 1
1171.2 1
1172.4 1
1173.6 1
1174.8 1
1176.0 1
1177.2 1
1178.4 1
1179.6 1
1180.8 1
1182.0 1
1183.2 1
1184.4 1
1185.6 1
1186.8 1
1188.0 1
1189.2 1
1190.4 1
1191.6 1
1192.8 1
1194.0 1
1195.2 1
1196.4 1
1197.6 1
1198.8 1
1200.0 1
1201.2 1
1202.4 1
1203.6 1
1204.8 1
1206.0 1
1207.2 1
1208.4 1
1209.6 1
1210.8 1
1212.0 1
1213.2 1
1214.4 1
1215.6 1
1216.8 1
1218.0 1
1219.2 1
1220.4 1
1221.6 1
1222.8 1
1224.0 1
1225.2 1
1226.4 1
1227.6 1
1228.8 1
1230.0 1
1231.2 1
1232.4 1
1233.6 1
1234.8 1
1236.0 1
1237.2 1
1238.4 1
1239.6 1
1240.8 1
1242.0 1
1243.2 1
1244.4 1
1245.6 1
1246.8 1
1248.0 1
1249.2 1
1250.4 1
1251.6 1
1252.8 1
1254.0 1
1255.2 1
1256.4 1
1257.6 1
1258.8 1
1260.0 1
1261.2 1
1262.4 1
1263.6 1
1264.8 1
1266.0 1
1267.2 1
1268.4 1
1269.6 1
1270.8 1
1272.0 1
1273.2 1
1274.4 1
1275.6 1
1276.8 1
1278.0 1
1279.2 1
1280.4 1
1281.6 1
1282.8 1
1284.0 1
1285.2 1
1286.4 1
1287.6 1
1288.8 1
1290.0 1
1291.2 1
1292.4 1
1293.6 1
1294.8 1
1296.0 1
1297.2 1
1298.4 1
1299.6 1
1300.8 1
1302.0 1
1303.2 1
1304.4 1
1305.6 1
1306.8 1
1308.0 1
1309.2 1
1310.4 1
1311.6 1
1312.8 1
1314.0 1
1315.2 1
1316.4 1
1317.6 1
1318.8 1
1320.0 1
1321.2 1
1322.4 1
1323.6 1
1324.8 1
1326.0 1
1327.2 1
1328.4 1
1329.6 1
1330.8 1
1332.0 1
1333.2 1
1334.4 1
1335.6 1
1336.8 1
1338.0 1
1339.2 1
1340.4 1
1341.6 1
1342.8 1
1344.0 1
1345.2 1
1346.4 1
1347.6 1
1348.8 1
1350.0 1
1351.2 1
1352.4 1
1353.6 1
1354.8 1
1356.0 1
1357.2 1
1358.4 2
1359.6 2
1360.8 2
1362.0 2
1363.2 2
1364.4 2
1365.6 2
1366.8 2
1368.0 2
1369.2 2
1370.4 2
1371.6 2
1372.8 2
1374.0 2
1375.2 2
1376.4 2
1377.6 2
1378.8 2
1380.0 2
1381.2 2
1382.4 2
1383.6 2
1384.8 2
1386.0 2
1387.2 2
1388.4 2
1389.6 2
1390.8 2
1392.0 2
1393.2 2
1394.4 2
1395.6 2
1396.8 2
1398.0 2
1399.2 2
1400.4 2
1401.6 2
1402.8 2
1404.0 2
1405.2 2
1406.4 2
1407.6 2
1408.8 2
1410.0 2
1411.2 2
1412.4 2
1413.6 2
1414.8 2
1416.0 2
1417.2 2
1418.4 2
1419.6 2
1420.8 2
1422.0 2
1423.2 2
1424.4 2
1425.6 2
1426.8 2
1428.0 2
1429.2 2
1430.4 2
1431.6 2
1432.8 2
1434.0 2
1435.2 2
1436.4 2
1437.6 2
1438.8 2
1440.0 2
1441.2 2
1442.4 2
1443.6 2
1444.8 2
1446.0 2
1447.2 2
1448.4 2
1449.6 2
1450.8 2
1452.0 2
1453.2 2
1454.4 2
1455.6 2
1456.8 2
1458.0 2
1459.2 2
1460.4 2
1461.6 2
1462.8 2
1464.0 2
1465.2 2
1466.4 2
1467.6 2
1468.8 2
1470.0 2
1471.2 2
1472.4 2
1473.6 2
1474.8 2
1476.0 2
1477.2 2
1478.4 2
1479.6 2
1480.8 2
1482.0 2
1483.2 2
1484.4 2
1485.6 2
1486.8 2
1488.0 2
1489.2 2
1490.4 2
1491.6 2
1492.8 2
1494.0 2
1495.2 2
1496.4 2
1497.6 2
1498.8 2
1500.0 2
1501.2 2
1502.4 2
1503.6 2
1504.8 2
1506.0 2
1507.2 2
1508.4 2
1509.6 2
1510.8 2
1512.0 2
1513.2 2
1514.4 2
1515.6 2
1516.8 2
1518.0 2
1519.2 2
1520.4 2
1521.6 2
1522.8 2
1524.0 2
1525.2 2
1526.4 2
1527.6 2
1528.8 2
1530.0 2
1531.2 2
1532.4 2
1533.6 2
1534.8 2
1536.0 2
1537.2 2
1538.4 2
1539.6 2
1540.8 2
1542.0 2
1543.2 2
1544.4 2
1545.6 2
1546.8 2
1548.0 2
1549.2 2
1550.4 2
1551.6 2
1552.8 2
1554.0 2
1555.2 2
1556.4 2
1557.6 2
1558.8 2
1560.0 2
1561.2 2
1562.4 2
1563.6 2
1564.8 2
1566.0 2
1567.2 2
1568.4 2
1569.6 2
1570.8 2
1572.0 2
1573.2 2
1574.4 2
1575.6 2
1576.8 2
1578.0 2
1579.2 2
1580.4 2
1581.6 2
1582.8 2
1584.0 2
1585.2 2
1586.4 2
1587.6 2
1588.8 2
1590.0 2
1591.2 2
1592.4 2
1593.6 2
1594.8 2
1596.0 2
1597.2 2
1598.4 2
1599.6 2
1600.8 2
1602.0 2
1603.2 2
1604.4 2
1605.6 2
1606.8 2
1608.0 2
1609.2 2
1610.4 2
1611.6 2
1612.8 2
1614.0 2
1615.2 2
1616.4 2
1617.6 2
1618.8 2
1620.0 2
1621.2 2
1622.4 2
1623.6 2
1624.8 2
1626.0 2
1627.2 2
1628.4 2
1629.6 2
1630.8 2
1632.0 2
1633.2 2
1634.4 2
1635.6 2
1636.8 2
1638.0 2
1639.2 2
1640.4 2
1641.6 2
1642.8 2
1644.0 2
1645.2 2
1646.4 2
1647.6 2
1648.8 2
1650.0 2
1651.2 2
1652.4 2
1653.6 2
1654.8 2
1656.0 2
1657.2 2
1658.4 2
1659.6 2
1660.8 2
1662.0 2
1663.2 2
1664.4 2
1665.6 2
1666.8 2
1668.0 2
1669.2 2
1670.4 2
1671.6 2
1672.8 2
1674.0 2
1675.2 2
1676.4 2
1677.6 2
1678.8 2
1680.0 2
1681.2 2
1682.4 2
1683.6 2
1684.8 2
1686.0 2
1687.2 2
1688.4 2
1689.6 2
1690.8 2
1692.0 2
1693.2 2
1694.4 2
1695.6 2
1696.8 2
1698.0 2
1699.2 2
1700.4 2
1701.6 2
1702.8 2
1704.0 2
1705.2 2
1706.4 2
1707.6 2
1708.8 2
1710.0 2
1711.2 2
1712.4 2
1713.6 2
1714.8 2
1716.0 2
1717.2 2
1718.4 2
1719.6 2
1720.8 2
1722.0 2
1723.2 2
1724.4 2
1725.6 2
1726.8 2
1728.0 2
1729.2 2
1730.4 2
1731.6 2
1732.8 2
1734.0 2
1735.2 2
1736.4 2
1737.6 2
1738.8 2
1740.0 2
1741.2 2
1742.4 2
1743.6 2
1744.8 2
1746.0 2
1747.2 2
1748.4 2
1749.6 2
1750.8 2
1752.0 2
1753.2 2
1754.4 2
1755.6 2
1756.8 2
1758.0 2
1759.2 2
1760.4 2
1761.6 2
1762.8 2
1764.0 2
1765.2 2
1766.4 2
1767.6 2
1768.8 2
1770.0 2
1771.2 2
1772.4 2
1773.6 2
1774.8 2
1776.0 2
1777.2 2
1778.4 2
1779.6 2
1780.8 2
1782.0 2
1783.2 2
1784.4 2
1785.6 2
1786.8 2
1788.0 2
1789.2 2
1790.4 2
1791.6 2
1792.8 2
1794.0 2
1795.2 2
1796.4 2
1797.6 2
1798.8 2
1800.0 2
1801.2 2
1802.4 2
1803.6 2
1804.8 2
1806.0 2
1807.2 2
1808.4 2
1809.6 2
1810.8 2
1812.0 2
1813.2 2
1814.4 2
1815.6 2
1816.8 2
1818.0 2
1819.2 2
1820.4 2
1821.6 2
1822.8 2
1824.0 2
1825.2 2
1826.4 2
1827.6 2
1828.8 2
1830.0 2
1831.2 2
1832.4 2
1833.6 2
1834.8 2
1836.0 2
1837.2 2
1838.4 2
1839.6 2
1840.8 2
1842.0 2
1843.2 2
1844.4 2
1845.6 2
1846.8 2
1848.0 2
1849.2 2
1850.4 2
1851.6 2
1852.8 2
1854.0 2
1855.2 2
1856.4 2
1857.6 2
1858.8 2
1860.0 2
1861.2 2
1862.4 2
1863.6 2
1864.8 2
1866.0 2
1867.2 2
1868.4 2
1869.6 2
1870.8 2
1872.0 2
1873.2 2
1874.4 2
1875.6 2
1876.8 2
1878.0 2
1879.2 2
1880.4 2
1881.6 2
1882.8 2
1884.0 2
1885.2 2
1886.4 2
1887.6 2
1888.8 2
1890.0 2
1891.2 2
1892.4 2
1893.6 2
1894.8 2
1896.0 2
1897.2 2
1898.4 2
1899.6 2
1900.8 2
1902.0 2
1903.2 2
1904.4 2
1905.6 2
1906.8 2
1908.0 2
1909.2 2
1910.4 2
1911.6 2
1912.8 2
1914.0 2
1915.2 2
1916.4 2
1917.6 2
1918.8 2
1920.0 2
1921.2 2
1922.4 2
1923.6 2
1924.8 2
1926.0 2
1927.2 2
1928.4 2
1929.6 2
1930.8 2
1932.0 2
1933.2 2
1934.4 2
1935.6 2
1936.8 2
1938.0 2
1939.2 2
1940.4 2
1941.6 2
1942.8 2
1944.0 2
1945.2 2
1946.4 2
1947.6 2
1948.8 2
1950.0 2
1951.2 2
1952.4 2
1953.6 2
1954.8 2
1956.0 2
1957.2 2
1958.4 2
1959.6 2
1960.8 2
1962.0 2
1963.2 2
1964.4 2
1965.6 2
1966.8 2
1968.0 2
1969.2 2
1970.4 2
1971.6 2
1972.8 2
1974.0 2
1975.2 2
1976.4 2
1977.6 2
1978.8 2
1980.0 2
1981.2 2
1982.4 2
1983.6 2
1984.8 2
1986.0 2
1987.2 2
1988.4 2
1989.6 2
1990.8 2
1992.0 2
1993.2 2
1994.4 2
1995.6 2
1996.8 2
1998.0 2
1999.2 2
2000.4 2
2001.6 2
2002.8 3
2004.0 3
2005.2 3
2006.4 3
2007.6 3
2008.8 3
2010.0 3
2011.2 3
2012.4 3
2013.6 3
2014.8 3
2016.0 3
2017.2 3
2018.4 3
2019.6 3
2020.8 3
2022.0 3
2023.2 3
2024.4 3
2025.6 3
2026.8 3
2028.0 3
2029.2 3
2030.4 3
2031.6 3
2032.8 3
2034.0 3
2035.2 3
2036.4 3
2037.6 3
2038.8 3
2040.0 3
2041.2 3
2042.4 3
2043.6 3
2044.8 3
2046.0 3
2047.2 3
2048.4 3
2049.6 3
2050.8 3
2052.0 3
2053.2 3
2054.4 3
2055.6 3
2056.8 3
2058.0 2
2059.2 2
2060.4 2
2061.6 2
2062.8 2
2064.0 2
2065.2 2
2066.4 2
2067.6 2
2068.8 2
2070.0 2
2071.2 2
2072.4 1
2073.6 1
2074.8 1
2076.0 1
2077.2 1
2078.4 1
2079.6 1
2080.8 1
2082.0 1
2083.2 1
2084.4 1
2085.6 1
2086.8 1
2088.0 1
2089.2 1
2090.4 1
2091.6 1
2092.8 1
2094.0 1
2095.2 1
2096.4 1
2097.6 1
2098.8 1
2100.0 1
2101.2 1
2102.4 1
2103.6 1
2104.8 1
2106.0 1
2107.2 1
2108.4 1
2109.6 1
2110.8 1
2112.0 1
2113.2 1
2114.4 1
2115.6 1
2116.8 1
2118.0 1
2119.2 1
2120.4 1
2121.6 1
2122.8 1
2124.0 1
2125.2 1
2126.4 1
2127.6 1
2128.8 1
2130.0 1
2131.2 1
2132.4 1
2133.6 1
2134.8 1
2136.0 1
2137.2 1
2138.4 1
2139.6 1
2140.8 1
2142.0 1
2143.2 1
2144.4 1
2145.6 1
2146.8 1
2148.0 1
2149.2 1
2150.4 1
2151.6 1
2152.8 1
2154.0 1
2155.2 1
2156.4 1
2157.6 1
2158.8 1
2160.0 1
2161.2 1
2162.4 1
2163.6 1
2164.8 1
2166.0 1
2167.2 1
2168.4 1
2169.6 1
2170.8 1
2172.0 1
2173.2 1
2174.4 1
2175.6 1
2176.8 1
2178.0 1
2179.2 1
2180.4 1
2181.6 1
2182.8 1
2184.0 1
2185.2 1
2186.4 1
2187.6 1
2188.8 1
2190.0 1
2191.2 1
2192.4 1
2193.6 1
2194.8 1
2196.0 1
2197.2 1
2198.4 1
2199.6 1
2200.8 1
2202.0 1
2203.2 1
2204.4 1
2205.6 1
2206.8 1
2208.0 1
2209.2 1
2210.4 1
2211.6 1
2212.8 1
2214.0 1
2215.2 1
2216.4 1
2217.6 1
2218.8 1
2220.0 1
2221.2 1
2222.4 1
2223.6 1
2224.8 1
2226.0 1
2227.2 1
2228.4 1
2229.6 1
2230.8 1
2232.0 1
2233.2 1
2234.4 1
2235.6 1
2236.8 1
2238.0 1
2239.2 1
2240.4 1
2241.6 1
2242.8 1
2244.0 1
2245.2 1
2246.4 1
2247.6 1
2248.8 1
2250.0 1
2251.2 1
2252.4 1
2253.6 1
2254.8 1
2256.0 1
2257.2 1
2258.4 1
2259.6 1
2260.8 1
2262.0 1
2263.2 1
2264.4 1
2265.6 1
2266.8 1
2268.0 1
2269.2 1
2270.4 1
2271.6 1
2272.8 1
2274.0 1
2275.2 1
2276.4 1
2277.6 1
2278.8 1
2280.0 1
2281.2 1
2282.4 1
2283.6 1
2284.8 1
2286.0 1
2287.2 1
2288.4 1
2289.6 1
2290.8 1
2292.0 1
2293.2 1
2294.4 1
2295.6 1
2296.8 1
2298.0 1
2299.2 1
2300.4 1
2301.6 1
2302.8 1
2304.0 1
2305.2 1
2306.4 1
2307.6 1
2308.8 1
2310.0 1
2311.2 1
2312.4 1
2313.6 1
2314.8 1
2316.0 1
2317.2 1
2318.4 1
2319.6 1
2320.8 1
2322.0 1
2323.2 1
2324.4 1
2325.6 1
2326.8 1
2328.0 1
2329.2 1
2330.4 1
2331.6 1
2332.8 1
2334.0 1
2335.2 1
2336.4 1
2337.6 1
2338.8 1
2340.0 1
2341.2 1
2342.4 1
2343.6 1
2344.8 1
2346.0 1
2347.2 1
2348.4 1
2349.6 1
2350.8 1
2352.0 1
2353.2 1
2354.4 1
2355.6 1
2356.8 1
2358.0 1
2359.2 1
2360.4 1
2361.6 1
2362.8 1
2364.0 1
2365.2 1
2366.4 1
2367.6 1
2368.8 1
2370.0 1
2371.2 1
2372.4 1
2373.6 1
2374.8 1
2376.0 1
2377.2 1
2378.4 1
2379.6 1
2380.8 1
2382.0 1
2383.2 1
2384.4 1
2385.6 1
2386.8 1
2388.0 1
2389.2 1
2390.4 1
2391.6 1
2392.8 1
2394.0 1
2395.2 1
2396.4 1
2397.6 1
2398.8 1
2400.0 1
2401.2 1
2402.4 1
2403.6 1
2404.8 1
2406.0 1
2407.2 1
2408.4 1
2409.6 1
2410.8 1
2412.0 1
2413.2 1
2414.4 1
2415.6 1
2416.8 1
2418.0 1
2419.2 1
2420.4 1
2421.6 1
2422.8 1
2424.0 1
2425.2 1
2426.4 1
2427.6 1
2428.8 1
2430.0 1
2431.2 1
2432.4 1
2433.6 1
2434.8 1
2436.0 1
2437.2 1
2438.4 1
2439.6 1
2440.8 1
2442.0 1
2443.2 1
2444.4 1
2445.6 1
2446.8 1
2448.0 1
2449.2 1
2450.4 1
2451.6 1
2452.8 1
2454.0 1
2455.2 1
2456.4 1
2457.6 1
2458.8 1
2460.0 1
2461.2 1
2462.4 1
2463.6 1
2464.8 1
2466.0 1
2467.2 1
2468.4 1
2469.6 1
2470.8 1
2472.0 1
2473.2 1
2474.4 1
2475.6 1
2476.8 1
2478.0 1
2479.2 1
2480.4 1
2481.6 1
2482.8 1
2484.0 1
2485.2 1
2486.4 1
2487.6 1
2488.8 1
2490.0 1
2491.2 1
2492.4 1
2493.6 1
2494.8 1
2496.0 1
2497.2 1
2498.4 1
2499.6 1
2500.8 1
2502.0 1
2503.2 1
2504.4 1
2505.6 1
2506.8 1
2508.0 1
2509.2 1
2510.4 2
2511.6 2
2512.8 2
2514.0 2
2515.2 2
2516.4 2
2517.6 2
2518.8 2
2520.0 2
2521.2 2
2522.4 2
2523.6 3
2524.8 3
2526.0 3
2527.2 3
2528.4 3
2529.6 3
2530.8 3
2532.0 3
2533.2 3
2534.4 3
2535.6 3
2536.8 3
2538.0 3
2539.2 3
2540.4 3
2541.6 3
2542.8 3
2544.0 3
2545.2 3
2546.4 3
2547.6 3
2548.8 3
2550.0 3
2551.2 3
2552.4 3
2553.6 3
2554.8 3
2556.0 3
2557.2 3
2558.4 3
2559.6 3
2560.8 3
2562.0 3
2563.2 3
2564.4 3
2565.6 3
2566.8 3
2568.0 3
2569.2 3
2570.4 3
2571.6 2
2572.8 2
2574.0 2
2575.2 2
2576.4 2
2577.6 2
2578.8 2
2580.0 2
2581.2 2
2582.4 2
2583.6 2
2584.8 2
2586.0 1
2587.2 1
2588.4 1
2589.6 1
2590.8 1
2592.0 1
2593.2 1
2594.4 1
2595.6 1
2596.8 1
2598.0 1
2599.2 1
2600.4 1
2601.6 1
2602.8 1
2604.0 1
2605.2 1
2606.4 1
2607.6 1
2608.8 1
2610.0 1
2611.2 1
2612.4 1
2613.6 1
2614.8 1
2616.0 1
2617.2 1
2618.4 1
2619.6 1
2620.8 1
2622.0 1
2623.2 1
2624.4 1
2625.6 1
2626.8 1
2628.0 1
2629.2 1
2630.4 1
2631.6 1
2632.8 1
2634.0 1
2635.2 1
2636.4 1
2637.6 1
2638.8 1
2640.0 1
2641.2 1
2642.4 1
2643.6 1
2644.8 1
2646.0 1
2647.2 1
2648.4 1
2649.6 1
2650.8 1
2652.0 1
2653.2 1
2654.4 1
2655.6 1
2656.8 1
2658.0 1
2659.2 1
2660.4 1
2661.6 1
2662.8 1
2664.0 1
2665.2 1
2666.4 1
2667.6 1
2668.8 1
2670.0 1
2671.2 1
2672.4 1
2673.6 1
2674.8 1
2676.0 1
2677.2 1
2678.4 1
2679.6 1
2680.8 1
2682.0 1
2683.2 1
2684.4 1
2685.6 1
2686.8 1
2688.0 1
2689.2 1
2690.4 1
2691.6 1
2692.8 1
2694.0 1
2695.2 1
2696.4 1
2697.6 1
2698.8 1
2700.0 1
2701.2 1
2702.4 1
2703.6 1
2704.8 1
2706.0 1
2707.2 1
2708.4 1
2709.6 1
2710.8 1
2712.0 1
2713.2 1
2714.4 1
2715.6 1
2716.8 1
2718.0 1
2719.2 1
2720.4 1
2721.6 1
2722.8 1
2724.0 1
2725.2 1
2726.4 1
2727.6 1
2728.8 1
2730.0 1
2731.2 1
2732.4 1
2733.6 1
2734.8 1
2736.0 1
2737.2 1
2738.4 1
2739.6 1
2740.8 1
2742.0 1
2743.2 1
2744.4 1
2745.6 1
2746.8 1
2748.0 1
2749.2 1
2750.4 1
2751.6 1
2752.8 1
2754.0 1
2755.2 1
2756.4 1
2757.6 1
2758.8 1
2760.0 1
2761.2 1
2762.4 1
2763.6 1
2764.8 1
2766.0 1
2767.2 1
2768.4 1
2769.6 1
2770.8 1
2772.0 1
2773.2 1
2774.4 1
2775.6 1
2776.8 1
2778.0 1
2779.2 1
2780.4 1
2781.6 1
2782.8 1
2784.0 1
2785.2 1
2786.4 1
2787.6 1
2788.8 1
2790.0 1
2791.2 1
2792.4 1
2793.6 1
2794.8 1
2796.0 1
2797.2 1
2798.4 1
2799.6 1
2800.8 1
2802.0 1
2803.2 1
2804.4 1
2805.6 1
2806.8 1
2808.0 1
2809.2 1
2810.4 1
2811.6 1
2812.8 1
2814.0 1
2815.2 1
2816.4 1
2817.6 1
2818.8 1
2820.0 1
2821.2 1
2822.4 1
2823.6 1
2824.8 1
2826.0 1
2827.2 1
2828.4 1
2829.6 1
2830.8 1
2832.0 1
2833.2 1
2834.4 1
2835.6 1
2836.8 1
2838.0 1
2839.2 1
2840.4 1
2841.6 1
2842.8 1
2844.0 1
2845.2 1
2846.4 1
2847.6 1
2848.8 1
2850.0 1
2851.2 1
2852.4 1
2853.6 1
2854.8 1
2856.0 1
2857.2 1
2858.4 1
2859.6 1
2860.8 1
2862.0 1
2863.2 1
2864.4 1
2865.6 1
2866.8 1
2868.0 1
2869.2 1
2870.4 1
2871.6 1
2872.8 1
2874.0 1
2875.2 1
2876.4 1
2877.6 1
2878.8 1
2880.0 1
2881.2 1
2882.4 1
2883.6 1
2884.8 1
2886.0 1
2887.2 1
2888.4 1
2889.6 1
2890.8 1
2892.0 1
2893.2 1
2894.4 1
2895.6 1
2896.8 1
2898.0 1
2899.2 1
2900.4 1
2901.6 1
2902.8 1
2904.0 1
2905.2 1
2906.4 1
2907.6 1
2908.8 1
2910.0 1
2911.2 1
2912.4 1
2913.6 1
2914.8 1
2916.0 1
2917.2 1
2918.4 1
2919.6 1
2920.8 1
2922.0 1
2923.2 1
2924.4 1
2925.6 1
2926.8 1
2928.0 1
2929.2 1
2930.4 1
2931.6 1
2932.8 1
2934.0 1
2935.2 1
2936.4 1
2937.6 1
2938.8 1
2940.0 1
2941.2 1
2942.4 1
2943.6 1
2944.8 1
2946.0 1
2947.2 1
2948.4 1
2949.6 1
2950.8 1
2952.0 1
2953.2 1
2954.4 1
2955.6 1
2956.8 1
2958.0 1
2959.2 1
2960.4 1
2961.6 1
2962.8 1
2964.0 1
2965.2 1
2966.4 1
2967.6 1
2968.8 1
2970.0 1
2971.2 1
2972.4 1
2973.6 1
2974.8 1
2976.0 1
2977.2 1
2978.4 1
2979.6 1
2980.8 1
2982.0 1
2983.2 1
2984.4 1
2985.6 1
2986.8 1
2988.0 1
2989.2 1
2990.4 1
2991.6 1
2992.8 1
2994.0 1
2995.2 1
2996.4 1
2997.6 1
2998.8 1
3000.0 1
3001.2 1
3002.4 1
3003.6 1
3004.8 4
3006.0 4
3007.2 4
3008.4 4
3009.6 4
3010.8 2
3012.0 2
3013.2 2
3014.4 2
3015.6 2
3016.8 3
3018.0 3
3019.2 3
3020.4 3
3021.6 3
3022.8 3
3024.0 3
3025.2 3
3026.4 3
3027.6 3
3028.8 3
3030.0 3
3031.2 3
3032.4 3
3033.6 3
3034.8 3
3036.0 3
3037.2 3
3038.4 3
3039.6 3
3040.8 3
3042.0 3
3043.2 3
3044.4 3
3045.6 3
3046.8 3
3048.0 3
3049.2 2
3050.4 2
3051.6 2
3052.8 2
3054.0 2
3055.2 1
3056.4 1
3057.6 1
3058.8 1
3060.0 1
3061.2 1
3062.4 1
3063.6 1
3064.8 1
3066.0 1
3067.2 1
3068.4 1
3069.6 1
3070.8 1
3072.0 1
3073.2 1
3074.4 1
3075.6 1
3076.8 1
3078.0 1
3079.2 1
3080.4 1
3081.6 1
3082.8 1
3084.0 1
3085.2 1
3086.4 1
3087.6 1
3088.8 1
3090.0 1
3091.2 1
3092.4 1
3093.6 1
3094.8 1
3096.0 1
3097.2 1
3098.4 1
3099.6 1
3100.8 1
3102.0 1
3103.2 1
3104.4 1
3105.6 1
3106.8 1
3108.0 1
3109.2 1
3110.4 1
3111.6 1
3112.8 1
3114.0 1
3115.2 1
3116.4 1
3117.6 1
3118.8 1
3120.0 1
3121.2 1
3122.4 1
3123.6 1
3124.8 1
3126.0 1
3127.2 1
3128.4 1
3129.6 1
3130.8 1
3132.0 1
3133.2 1
3134.4 1
3135.6 1
3136.8 1
3138.0 1
3139.2 1
3140.4 1
3141.6 1
3142.8 1
3144.0 1
3145.2 1
3146.4 1
3147.6 1
3148.8 1
3150.0 1
3151.2 1
3152.4 1
3153.6 1
3154.8 1
3156.0 1
3157.2 1
3158.4 1
3159.6 1
3160.8 1
3162.0 1
3163.2 1
3164.4 1
3165.6 1
3166.8 1
3168.0 1
3169.2 1
3170.4 1
3171.6 1
3172.8 1
3174.0 1
3175.2 1
3176.4 1
3177.6 1
3178.8 1
3180.0 1
3181.2 1
3182.4 1
3183.6 1
3184.8 1
3186.0 1
3187.2 1
3188.4 1
3189.6 1
3190.8 1
3192.0 1
3193.2 1
3194.4 1
3195.6 1
3196.8 1
3198.0 1
3199.2 1
3200.4 1
3201.6 1
3202.8 1
3204.0 1
3205.2 1
3206.4 1
3207.6 1
3208.8 1
3210.0 1
3211.2 1
3212.4 1
3213.6 1
3214.8 1
3216.0 1
3217.2 1
3218.4 1
3219.6 1
3220.8 1
3222.0 1
3223.2 1
3224.4 1
3225.6 1
3226.8 1
3228.0 1
3229.2 1
3230.4 1
3231.6 1
3232.8 1
3234.0 1
3235.2 1
3236.4 1
3237.6 1
3238.8 1
3240.0 1
3241.2 1
3242.4 1
3243.6 1
3244.8 1
3246.0 1
3247.2 1
3248.4 1
3249.6 1
3250.8 1
3252.0 1
3253.2 1
3254.4 1
3255.6 1
3256.8 1
3258.0 1
3259.2 1
3260.4 1
3261.6 1
3262.8 1
3264.0 1
3265.2 1
3266.4 1
3267.6 1
3268.8 1
3270.0 1
3271.2 1
3272.4 1
3273.6 1
3274.8 1
3276.0 1
3277.2 1
3278.4 1
3279.6 1
3280.8 1
3282.0 1
3283.2 1
3284.4 1
3285.6 1
3286.8 1
3288.0 1
3289.2 1
3290.4 1
3291.6 1
3292.8 1
3294.0 1
3295.2 1
3296.4 1
3297.6 1
3298.8 1
3300.0 1
3301.2 1
3302.4 1
3303.6 1
3304.8 1
3306.0 1
3307.2 1
3308.4 1
3309.6 1
3310.8 1
3312.0 1
3313.2 1
3314.4 1
3315.6 1
3316.8 1
3318.0 1
3319.2 1
3320.4 1
3321.6 1
3322.8 1
3324.0 1
3325.2 1
3326.4 1
3327.6 1
3328.8 1
3330.0 1
3331.2 1
3332.4 1
3333.6 1
3334.8 1
3336.0 1
3337.2 1
3338.4 1
3339.6 1
3340.8 1
3342.0 1
3343.2 1
3344.4 1
3345.6 1
3346.8 1
3348.0 1
3349.2 1
3350.4 1
3351.6 1
3352.8 1
3354.0 1
3355.2 1
3356.4 1
3357.6 1
3358.8 1
3360.0 1
3361.2 1
3362.4 1
3363.6 1
3364.8 1
3366.0 1
3367.2 1
3368.4 1
3369.6 1
3370.8 1
3372.0 1
3373.2 1
3374.4 1
3375.6 1
3376.8 1
3378.0 1
3379.2 1
3380.4 1
3381.6 1
3382.8 1
3384.0 1
3385.2 1
3386.4 1
3387.6 1
3388.8 1
3390.0 1
3391.2 1
3392.4 1
3393.6 1
3394.8 1
3396.0 1
3397.2 1
3398.4 1
3399.6 1
3400.8 1
3402.0 1
3403.2 1
3404.4 1
3405.6 1
3406.8 1
3408.0 1
3409.2 1
3410.4 1
3411.6 1
3412.8 1
3414.0 1
3415.2 1
3416.4 1
3417.6 1
3418.8 1
3420.0 1
3421.2 1
3422.4 1
3423.6 1
3424.8 1
3426.0 1
3427.2 1
3428.4 1
3429.6 1
3430.8 1
3432.0 1
3433.2 1
3434.4 1
3435.6 1
3436.8 1
3438.0 1
3439.2 1
3440.4 1
3441.6 1
3442.8 1
3444.0 1
3445.2 1
3446.4 1
3447.6 1
3448.8 1
3450.0 1
3451.2 1
3452.4 1
3453.6 1
3454.8 1
3456.0 1
3457.2 1
3458.4 1
3459.6 1
3460.8 1
3462.0 1
3463.2 1
3464.4 1
3465.6 1
3466.8 1
3468.0 1
3469.2 1
3470.4 1
3471.6 1
3472.8 1
3474.0 1
3475.2 1
3476.4 1
3477.6 1
3478.8 1
3480.0 1
3481.2 1
3482.4 1
3483.6 1
3484.8 1
3486.0 1
3487.2 1
3488.4 1
3489.6 1
3490.8 1
3492.0 1
3493.2 1
3494.4 1
3495.6 1
3496.8 1
3498.0 1
3499.2 1
3500.4 1
3501.6 1
3502.8 1
3504.0 1
3505.2 1
3506.4 1
3507.6 1
3508.8 1
3510.0 1
3511.2 1
3512.4 1
3513.6 1
3514.8 1
3516.0 1
3517.2 1
3518.4 1
3519.6 1
3520.8 1
3522.0 1
3523.2 1
3524.4 1
3525.6 1
3526.8 1
3528.0 1
3529.2 1
3530.4 1
3531.6 1
3532.8 1
3534.0 1
3535.2 1
3536.4 1
3537.6 1
3538.8 1
3540.0 1
3541.2 1
3542.4 1
3543.6 1
3544.8 1
3546.0 1
3547.2 1
3548.4 1
3549.6 1
3550.8 1
3552.0 1
3553.2 1
3554.4 1
3555.6 1
3556.8 1
3558.0 1
3559.2 1
3560.4 1
3561.6 1
3562.8 1
3564.0 1
3565.2 1
3566.4 1
3567.6 1
3568.8 1
3570.0 1
3571.2 1
3572.4 1
3573.6 1
3574.8 1
3576.0 1
3577.2 1
3578.4 1
3579.6 1
3580.8 1
3582.0 1
3583.2 1
3584.4 1
3585.6 1
3586.8 1
3588.0 1
3589.2 1
3590.4 1
3591.6 1
3592.8 1
3594.0 1
3595.2 1
3596.4 1
3597.6 1
3598.8 1
3600.0 1
3601.2 1
3602.4 1
3603.6 1
3604.8 1
3606.0 1
3607.2 1
3608.4 1
3609.6 1
3610.8 1
3612.0 1
3613.2 1
3614.4 1
3615.6 1
3616.8 1
3618.0 1
3619.2 1
3620.4 1
3621.6 1
3622.8 1
3624.0 1
3625.2 1
3626.4 1
3627.6 1
3628.8 1
3630.0 1
3631.2 1
3632.4 1
3633.6 1
3634.8 1
3636.0 1
3637.2 1
3638.4 1
3639.6 1
3640.8 1
3642.0 1
3643.2 1
3644.4 1
3645.6 1
3646.8 1
3648.0 1
3649.2 1
3650.4 1
3651.6 1
3652.8 1
3654.0 1
3655.2 1
3656.4 1
3657.6 1
3658.8 1
3660.0 1
3661.2 1
3662.4 1
3663.6 1
3664.8 1
3666.0 1
3667.2 1
3668.4 1
3669.6 1
3670.8 1
3672.0 1
3673.2 1
3674.4 1
3675.6 1
3676.8 1
3678.0 1
3679.2 1
3680.4 1
3681.6 1
3682.8 1
3684.0 1
3685.2 1
3686.4 1
3687.6 1
3688.8 1
3690.0 1
3691.2 1
3692.4 1
3693.6 1
3694.8 1
3696.0 1
3697.2 1
3698.4 1
3699.6 1
3700.8 1
3702.0 1
3703.2 1
3704.4 1
3705.6 1
3706.8 1
3708.0 1
3709.2 1
3710.4 1
3711.6 1
3712.8 1
3714.0 1
3715.2 1
3716.4 1
3717.6 1
3718.8 1
3720.0 1
3721.2 1
3722.4 1
3723.6 1
3724.8 1
3726.0 1
3727.2 1
3728.4 1
3729.6 1
3730.8 1
3732.0 1
3733.2 1
3734.4 1
3735.6 1
3736.8 1
3738.0 1
3739.2 1
3740.4 1
3741.6 1
3742.8 1
3744.0 1
3745.2 1
3746.4 1
3747.6 1
3748.8 1
3750.0 1
3751.2 1
3752.4 1
3753.6 1
3754.8 1
3756.0 1
3757.2 1
3758.4 1
3759.6 1
3760.8 1
3762.0 1
3763.2 1
3764.4 1
3765.6 1
3766.8 1
3768.0 1
3769.2 1
3770.4 1
3771.6 1
3772.8 1
3774.0 1
3775.2 1
3776.4 1
3777.6 1
3778.8 1
3780.0 1
3781.2 1
3782.4 1
3783.6 1
3784.8 1
3786.0 1
3787.2 1
3788.4 1
3789.6 1
3790.8 1
3792.0 1
3793.2 1
3794.4 1
3795.6 1
3796.8 1
3798.0 1
3799.2 1
3800.4 1
3801.6 1
3802.8 1
3804.0 1
3805.2 1
3806.4 1
3807.6 1
3808.8 1
3810.0 1
3811.2 1
3812.4 1
3813.6 1
3814.8 1
3816.0 1
3817.2 1
3818.4 1
3819.6 1
3820.8 1
3822.0 1
3823.2 1
3824.4 1
3825.6 1
3826.8 1
3828.0 1
3829.2 1
3830.4 1
3831.6 1
3832.8 1
3834.0 1
3835.2 1
3836.4 1
3837.6 1
3838.8 1
3840.0 1
3841.2 1
3842.4 1
3843.6 1
3844.8 1
3846.0 1
3847.2 1
3848.4 1
3849.6 1
3850.8 1
3852.0 1
3853.2 1
3854.4 1
3855.6 1
3856.8 1
3858.0 1
3859.2 1
3860.4 1
3861.6 1
3862.8 1
3864.0 1
3865.2 1
3866.4 1
3867.6 1
3868.8 1
3870.0 1
3871.2 1
3872.4 1
3873.6 1
3874.8 1
3876.0 1
3877.2 1
3878.4 1
3879.6 1
3880.8 1
3882.0 1
3883.2 1
3884.4 1
3885.6 1
3886.8 1
3888.0 1
3889.2 1
3890.4 1
3891.6 1
3892.8 1
3894.0 1
3895.2 1
3896.4 1
3897.6 1
3898.8 1
3900.0 1
3901.2 1
3902.4 1
3903.6 1
3904.8 1
3906.0 1
3907.2 1
3908.4 1
3909.6 1
3910.8 1
3912.0 1
3913.2 1
3914.4 1
3915.6 1
3916.8 1
3918.0 1
3919.2 1
3920.4 1
3921.6 1
3922.8 1
3924.0 1
3925.2 1
3926.4 1
3927.6 1
3928.8 1
3930.0 1
3931.2 1
3932.4 1
3933.6 1
3934.8 1
3936.0 1
3937.2 1
3938.4 1
3939.6 1
3940.8 1
3942.0 1
3943.2 1
3944.4 1
3945.6 1
3946.8 1
3948.0 1
3949.2 1
3950.4 1
3951.6 1
3952.8 1
3954.0 1
3955.2 1
3956.4 1
3957.6 1
3958.8 1
3960.0 1
3961.2 1
3962.4 1
3963.6 1
3964.8 1
3966.0 1
3967.2 1
3968.4 1
3969.6 1
3970.8 1
3972.0 1
3973.2 1
3974.4 1
3975.6 1
3976.8 1
3978.0 1
3979.2 1
3980.4 1
3981.6 1
3982.8 1
3984.0 1
3985.2 1
3986.4 1
3987.6 1
3988.8 1
3990.0 1
3991.2 1
3992.4 1
3993.6 1
3994.8 1
3996.0 1
3997.2 1
3998.4 1
3999.6 1
