2340.0 1
2340.12 1
2340.24 1
2340.36 1
2340.48 1
2340.6 1
2340.72 1
2340.84 1
2340.96 1
2341.08 1
2341.2 1
2341.32 1
2341.44 1
2341.56 1
2341.68 1
2341.8 1
2341.92 1
2342.04 1
2342.16 1
2342.28 1
2342.4 1
2342.52 1
2342.64 1
2342.76 1
2342.88 1
2343.0 1
2343.12 1
2343.24 1
2343.36 1
2343.48 1
2343.6 1
2343.72 1
2343.84 1
2343.96 1
2344.08 1
2344.2 1
2344.32 1
2344.44 1
2344.56 1
2344.68 1
2344.8 0
2344.92 0
2345.04 0
2345.16 1
2345.28 1
2345.4 1
2345.52 1
2345.64 1
2345.76 1
2345.88 1
2346.0 1
2346.12 1
2346.24 0
2346.36 0
2346.48 0
2346.6 0
2346.72 0
2346.84 1
2346.96 1
2347.08 1
2347.2 1
2347.32 1
2347.44 1
2347.56 1
2347.68 1
2347.8 1
2347.92 0
2348.04 0
2348.16 0
2348.28 0
2348.4 0
2348.52 0
2348.64 0
2348.76 0
2348.88 1
2349.0 1
2349.12 1
2349.24 1
2349.36 1
2349.48 1
2349.6 0
2349.72 0
2349.84 0
2349.96 0
2350.08 0
2350.2 0
2350.32 0
2350.44 0
2350.56 0
2350.68 0
2350.8 0
2350.92 1
2351.04 1
2351.16 1
2351.28 1
2351.4 0
2351.52 0
2351.64 0
2351.76 0
2351.88 0
2352.0 0
2352.12 0
2352.24 0
2352.36 0
2352.48 0
2352.6 0
2352.72 0
2352.84 0
2352.96 0
2353.08 1
2353.2 1
2353.32 1
2353.44 1
2353.56 1
2353.68 0
2353.8 0
2353.92 0
2354.04 0
2354.16 0
2354.28 0
2354.4 0
2354.52 0
2354.64 0
2354.76 0
2354.88 0
2355.0 1
2355.12 1
2355.24 1
2355.36 1
2355.48 1
2355.6 1
2355.72 1
2355.84 1
2355.96 1
2356.08 1
2356.2 1
2356.32 1
2356.44 0
2356.56 0
2356.68 0
2356.8 0
2356.92 0
2357.04 1
2357.16 1
2357.28 1
2357.4 1
2357.52 1
2357.64 1
2357.76 1
2357.88 1
2358.0 1
2358.12 1
2358.24 1
2358.36 1
2358.48 1
2358.6 1
2358.72 1
2358.84 1
2358.96 1
2359.08 1
2359.2 1
2359.32 1
2359.44 1
2359.56 1
2359.68 1
2359.8 1
2359.92 1
2360.04 1
2360.16 1
2360.28 1
2360.4 1
2360.52 1
2360.64 1
2360.76 1
2360.88 1
2361.0 1
2361.12 1
2361.24 1
2361.36 1
2361.48 1
2361.6 1
2361.72 1
2361.84 1
2361.96 1
2362.08 1
2362.2 1
2362.32 1
2362.44 1
2362.56 1
2362.68 1
2362.8 1
2362.92 1
2363.04 1
2363.16 1
2363.28 1
2363.4 1
2363.52 1
2363.64 1
2363.76 1
2363.88 1
2364.0 1
2364.12 1
2364.24 1
2364.36 1
2364.48 1
2364.6 1
2364.72 1
2364.84 1
2364.96 1
