2340.0 3
2340.12 3
2340.24 3
2340.36 3
2340.48 3
2340.6 3
2340.72 3
2340.84 3
2340.96 3
2341.08 3
2341.2 3
2341.32 3
2341.44 3
2341.56 3
2341.68 3
2341.8 3
2341.92 3
2342.04 3
2342.16 3
2342.28 3
2342.4 3
2342.52 3
2342.64 3
2342.76 3
2342.88 3
2343.0 3
2343.12 3
2343.24 3
2343.36 3
2343.48 3
2343.6 3
2343.72 3
2343.84 3
2343.96 3
2344.08 3
2344.2 3
2344.32 3
2344.44 3
2344.56 3
2344.68 3
2344.8 4
2344.92 4
2345.04 4
2345.16 3
2345.28 3
2345.4 3
2345.52 3
2345.64 3
2345.76 3
2345.88 3
2346.0 3
2346.12 3
2346.24 4
2346.36 4
2346.48 4
2346.6 4
2346.72 4
2346.84 3
2346.96 3
2347.08 3
2347.2 3
2347.32 3
2347.44 3
2347.56 3
2347.68 3
2347.8 3
2347.92 4
2348.04 4
2348.16 4
2348.28 4
2348.4 4
2348.52 4
2348.64 4
2348.76 4
2348.88 3
2349.0 3
2349.12 3
2349.24 3
2349.36 3
2349.48 3
2349.6 4
2349.72 4
2349.84 4
2349.96 4
2350.08 4
2350.2 4
2350.32 4
2350.44 4
2350.56 4
2350.68 4
2350.8 4
2350.92 3
2351.04 3
2351.16 3
2351.28 3
2351.4 4
2351.52 4
2351.64 4
2351.76 4
2351.88 4
2352.0 4
2352.12 4
2352.24 4
2352.36 4
2352.48 4
2352.6 4
2352.72 4
2352.84 4
2352.96 4
2353.08 3
2353.2 3
2353.32 3
2353.44 3
2353.56 3
2353.68 4
2353.8 4
2353.92 4
2354.04 4
2354.16 4
2354.28 4
2354.4 4
2354.52 4
2354.64 4
2354.76 4
2354.88 4
2355.0 3
2355.12 3
2355.24 3
2355.36 3
2355.48 3
2355.6 3
2355.72 3
2355.84 3
2355.96 3
2356.08 3
2356.2 3
2356.32 3
2356.44 4
2356.56 4
2356.68 4
2356.8 4
2356.92 4
2357.04 3
2357.16 3
2357.28 3
2357.4 3
2357.52 3
2357.64 3
2357.76 3
2357.88 3
2358.0 3
2358.12 3
2358.24 3
2358.36 3
2358.48 3
2358.6 3
2358.72 3
2358.84 3
2358.96 3
2359.08 3
2359.2 3
2359.32 3
2359.44 3
2359.56 3
2359.68 3
2359.8 3
2359.92 3
2360.04 3
2360.16 3
2360.28 3
2360.4 3
2360.52 3
2360.64 3
2360.76 3
2360.88 3
2361.0 3
2361.12 3
2361.24 3
2361.36 3
2361.48 3
2361.6 3
2361.72 3
2361.84 3
2361.96 3
2362.08 3
2362.2 3
2362.32 3
2362.44 3
2362.56 3
2362.68 3
2362.8 3
2362.92 3
2363.04 3
2363.16 3
2363.28 3
2363.4 3
2363.52 3
2363.64 3
2363.76 3
2363.88 3
2364.0 3
2364.12 3
2364.24 3
2364.36 3
2364.48 3
2364.6 3
2364.72 3
2364.84 3
2364.96 3
