115.08 7673.16
115.2 7679.07
115.32 7684.98
115.44 7690.89
115.56 7696.79
115.68 7702.7
115.8 7708.61
115.92 7714.52
116.04 7720.43
116.16 7726.33
116.28 7732.24
116.4 7738.15
116.52 7744.06
116.64 7749.97
116.76 7755.87
116.88 7761.78
117.0 7767.69
117.12 7773.59
117.24 7765.97
117.36 7771.88
117.48 7777.79
117.6 7783.7
117.72 7789.6
117.84 7795.51
117.96 7801.42
118.08 7807.32
118.2 7813.23
118.32 7819.14
118.44 7825.05
118.56 7830.95
118.68 7836.86
118.8 7842.76
118.92 7848.67
119.04 7854.58
119.16 7860.48
119.28 7855.83
119.4 7861.74
119.52 7867.64
119.64 7873.55
119.76 7879.46
119.88 7885.36
120.0 7891.27
120.12 7897.18
120.24 7903.08
120.36 7908.99
120.48 7914.89
120.6 7920.8
120.72 7926.7
120.84 7932.61
120.96 7938.51
121.08 7944.42
121.2 7950.32
121.32 7949.43
121.44 7955.34
121.56 7961.24
121.68 7967.15
121.8 7973.05
121.92 7978.96
122.04 7984.86
122.16 7990.77
122.28 7996.67
122.4 8002.58
122.52 8008.48
122.64 8014.39
122.76 8020.29
122.88 8026.2
123.0 8032.1
123.12 8038.0
123.24 8043.91
123.36 8047.29
123.48 8053.2
123.6 8059.1
123.72 8065.01
123.84 8070.91
123.96 8076.82
124.08 8082.72
124.2 8088.62
124.32 8094.53
124.44 8100.43
124.56 8106.33
124.68 8112.24
124.8 8118.14
124.92 8124.04
125.04 8129.95
125.16 8135.85
125.28 8141.75
125.4 8147.66
125.52 8152.21
125.64 8158.12
125.76 8164.02
125.88 8169.92
126.0 8175.83
126.12 8181.73
126.24 8187.63
126.36 8193.53
126.48 8199.44
126.6 8205.34
126.72 8211.24
126.84 8217.15
126.96 8223.05
127.08 8228.95
127.2 8234.85
127.32 8245.3
127.44 8251.21
127.56 8257.11
127.68 8263.01
127.8 8268.92
127.92 8274.82
128.04 8280.72
128.16 8286.62
128.28 8292.52
128.4 8298.43
128.52 8304.33
128.64 8310.23
128.76 8316.13
128.88 8322.03
129.0 8327.93
129.12 8333.83
129.24 8339.74
129.36 8345.64
129.48 8351.54
129.6 8367.0
129.72 8372.9
129.84 8378.8
129.96 8384.71
