110.04 7594.53
110.16 7600.45
110.28 7606.38
110.4 7612.3
110.52 7618.22
110.64 7624.14
110.76 7630.06
110.88 7635.99
111.0 7641.91
111.12 7628.89
111.24 7634.81
111.36 7640.74
111.48 7646.66
111.6 7652.58
111.72 7658.5
111.84 7664.42
111.96 7670.35
112.08 7676.27
112.2 7682.19
112.32 7688.11
112.44 7694.03
112.56 7699.95
112.68 7705.88
112.8 7711.8
112.92 7717.72
113.04 7723.64
113.16 7713.45
113.28 7719.37
113.4 7725.29
113.52 7731.22
113.64 7737.14
113.76 7743.06
113.88 7748.98
114.0 7754.9
114.12 7760.82
114.24 7766.74
114.36 7772.66
114.48 7778.58
114.6 7784.5
114.72 7790.42
114.84 7796.35
114.96 7802.27
115.08 7808.19
115.2 7799.75
115.32 7805.67
115.44 7811.59
115.56 7817.51
115.68 7823.43
115.8 7829.35
115.92 7835.27
116.04 7841.19
116.16 7847.11
116.28 7853.03
116.4 7858.95
116.52 7864.87
116.64 7870.79
116.76 7876.71
116.88 7882.63
117.0 7888.55
117.12 7882.15
117.24 7888.07
117.36 7893.99
117.48 7899.91
117.6 7905.83
117.72 7911.75
117.84 7917.67
117.96 7923.59
118.08 7929.51
118.2 7935.43
118.32 7941.35
118.44 7947.27
118.56 7953.19
118.68 7959.1
118.8 7965.02
118.92 7970.94
119.04 7976.86
119.16 7982.78
119.28 7988.7
119.4 7980.95
119.52 7986.87
119.64 7992.79
119.76 7998.71
119.88 8004.63
120.0 8010.54
120.12 8016.46
120.24 8022.38
120.36 8028.3
120.48 8034.22
120.6 8040.14
120.72 8046.05
120.84 8051.97
120.96 8057.89
121.08 8063.81
121.2 8063.09
121.32 8069.01
121.44 8074.93
121.56 8080.84
121.68 8086.76
121.8 8092.68
121.92 8098.6
122.04 8104.52
122.16 8110.43
122.28 8116.35
122.4 8122.27
122.52 8128.19
122.64 8134.11
122.76 8140.02
122.88 8145.94
123.0 8151.86
123.12 8157.78
123.24 8161.24
123.36 8167.16
123.48 8173.08
123.6 8179.0
123.72 8184.91
123.84 8190.83
123.96 8196.75
124.08 8202.67
124.2 8208.58
124.32 8214.5
124.44 8220.42
124.56 8226.34
124.68 8232.25
124.8 8238.17
124.92 8244.09
125.04 8250.0
125.16 8255.92
125.28 8262.87
125.4 8268.78
125.52 8274.7
125.64 8280.62
125.76 8286.53
125.88 8292.45
126.0 8298.37
126.12 8304.28
126.24 8310.2
126.36 8316.12
126.48 8322.03
126.6 8327.95
126.72 8333.87
126.84 8339.78
126.96 8345.7
127.08 8351.61
127.2 8357.53
127.32 8368.7
127.44 8374.61
127.56 8380.53
127.68 8386.45
127.8 8392.36
127.92 8398.28
128.04 8404.2
128.16 8410.11
128.28 8416.03
128.4 8421.94
128.52 8427.86
128.64 8433.77
128.76 8439.69
128.88 8445.6
129.0 8451.52
129.12 8457.44
129.24 8463.35
129.36 8477.8
129.48 8483.71
129.6 8489.63
129.72 8495.54
129.84 8501.46
129.96 8507.38
130.08 8513.29
130.2 8519.21
130.32 8525.12
130.44 8531.04
130.56 8536.95
130.68 8542.87
130.8 8548.78
130.92 8554.7
131.04 8560.61
131.16 8566.52
131.28 8572.44
131.4 8587.85
131.52 8593.76
131.64 8599.68
131.76 8605.59
131.88 8611.51
132.0 8617.42
132.12 8623.33
132.24 8629.25
132.36 8635.16
132.48 8641.08
132.6 8646.99
132.72 8652.91
132.84 8658.82
132.96 8664.74
133.08 8670.65
133.2 8676.56
133.32 8682.48
133.44 8701.17
133.56 8707.09
133.68 8713.0
133.8 8718.92
133.92 8724.83
134.04 8730.74
134.16 8736.66
134.28 8742.57
134.4 8748.49
134.52 8754.4
134.64 8760.31
134.76 8766.23
134.88 8772.14
135.0 8778.05
135.12 8783.97
135.24 8789.88
135.36 8795.79
135.48 8815.62
135.6 8821.53
135.72 8827.45
135.84 8833.36
135.96 8839.27
136.08 8845.19
136.2 8851.1
136.32 8857.01
136.44 8862.93
136.56 8868.84
136.68 8874.75
136.8 8880.67
136.92 8886.58
137.04 8892.49
137.16 8898.4
137.28 8904.32
137.4 8910.23
137.52 8934.82
137.64 8940.74
137.76 8946.65
137.88 8952.56
138.0 8958.48
138.12 8964.39
138.24 8970.3
138.36 8976.21
138.48 8982.13
138.6 8988.04
138.72 8993.95
138.84 8999.86
138.96 9005.78
139.08 9011.69
139.2 9017.6
139.32 9023.51
139.44 9029.42
139.56 9035.34
139.68 9041.25
139.8 9068.1
139.92 9074.02
140.04 9079.93
140.16 9085.84
140.28 9091.75
140.4 9097.66
140.52 9103.58
140.64 9109.49
140.76 9115.4
140.88 9121.31
141.0 9127.22
141.12 9133.14
141.24 9139.05
141.36 9144.96
141.48 9150.87
141.6 9156.78
141.72 9185.05
141.84 9190.97
141.96 9196.88
142.08 9202.79
142.2 9208.7
142.32 9214.61
142.44 9220.52
142.56 9226.44
142.68 9232.35
142.8 9238.26
142.92 9244.17
143.04 9250.08
143.16 9255.99
143.28 9261.9
143.4 9267.81
143.52 9273.72
143.64 9304.39
143.76 9310.3
143.88 9316.21
144.0 9322.12
144.12 9328.03
144.24 9333.94
144.36 9339.85
144.48 9345.77
144.6 9351.68
144.72 9357.59
144.84 9363.5
144.96 9369.41
145.08 9375.32
145.2 9381.23
145.32 9387.14
145.44 9393.05
145.56 9398.96
145.68 9404.87
145.8 9410.78
145.92 9450.89
146.04 9456.8
146.16 9462.71
146.28 9468.63
146.4 9474.54
146.52 9480.45
146.64 9486.36
146.76 9492.27
146.88 9498.18
147.0 9504.09
147.12 9510.0
147.24 9515.91
147.36 9521.82
147.48 9527.73
147.6 9533.64
147.72 9539.55
147.84 9545.45
147.96 9551.36
148.08 9557.27
148.2 9598.54
148.32 9604.45
148.44 9610.36
148.56 9616.27
148.68 9622.18
148.8 9628.09
148.92 9634.0
149.04 9639.91
149.16 9645.81
149.28 9651.72
149.4 9657.63
149.52 9663.54
149.64 9669.45
149.76 9703.85
149.88 9709.76
150.0 9715.67
150.12 9721.58
150.24 9727.49
150.36 9733.4
150.48 9739.31
150.6 9745.22
150.72 9751.13
150.84 9757.04
150.96 9762.95
151.08 9768.86
151.2 9774.76
151.32 9780.67
151.44 9786.58
151.56 9792.49
151.68 9798.4
151.8 9846.04
151.92 9851.95
152.04 9857.86
152.16 9863.77
152.28 9869.68
152.4 9875.58
152.52 9881.49
152.64 9887.4
152.76 9893.31
152.88 9899.22
153.0 9905.13
153.12 9911.04
153.24 9916.94
153.36 9922.85
153.48 9928.76
153.6 9934.67
153.72 9940.58
153.84 9946.49
153.96 9998.27
154.08 10004.17
154.2 10010.08
154.32 10015.99
154.44 10021.9
154.56 10027.81
154.68 10033.72
154.8 10039.62
154.92 10045.53
155.04 10051.44
155.16 10057.35
155.28 10063.26
155.4 10069.16
155.52 10075.07
155.64 10080.98
155.76 10086.89
155.88 10138.02
156.0 10143.92
156.12 10149.83
156.24 10155.74
156.36 10161.65
156.48 10167.56
156.6 10173.46
156.72 10179.37
156.84 10185.28
156.96 10191.19
157.08 10197.09
157.2 10203.0
157.32 10208.91
157.44 10214.82
157.56 10220.72
157.68 10226.63
157.8 10232.54
157.92 10289.58
158.04 10295.48
158.16 10301.39
158.28 10307.3
158.4 10313.21
158.52 10319.11
158.64 10325.02
158.76 10330.93
158.88 10336.84
159.0 10342.74
159.12 10348.65
159.24 10354.56
159.36 10360.46
159.48 10366.37
159.6 10372.28
159.72 10378.18
159.84 10384.09
159.96 10445.55
160.08 10451.46
160.2 10457.36
160.32 10463.27
160.44 10469.18
160.56 10475.08
160.68 10480.99
160.8 10486.9
160.92 10492.8
161.04 10498.71
161.16 10504.62
161.28 10510.52
161.4 10516.43
161.52 10522.34
161.64 10528.24
161.76 10534.15
161.88 10540.05
162.0 10545.96
162.12 10612.53
162.24 10618.44
162.36 10624.34
162.48 10630.25
162.6 10636.15
162.72 10642.06
162.84 10647.97
162.96 10653.87
163.08 10659.78
163.2 10665.69
163.32 10671.59
163.44 10677.5
163.56 10683.4
163.68 10689.31
163.8 10695.22
163.92 10701.12
164.04 10707.03
164.16 10772.75
164.28 10778.66
164.4 10784.57
164.52 10790.47
164.64 10796.38
164.76 10802.28
164.88 10808.19
165.0 10814.1
165.12 10820.0
165.24 10825.91
165.36 10831.81
165.48 10837.72
165.6 10843.62
165.72 10849.53
165.84 10855.43
165.96 10861.34
166.08 10867.24
166.2 10936.83
166.32 10942.74
166.44 10948.64
166.56 10954.55
166.68 10960.45
166.8 10966.36
166.92 10972.27
167.04 10978.17
167.16 10984.08
167.28 10989.98
167.4 10995.89
167.52 11001.79
167.64 11007.7
167.76 11013.6
167.88 11019.51
168.0 11025.41
168.12 11031.32
168.24 11037.22
168.36 11112.27
168.48 11118.17
168.6 11124.08
168.72 11129.98
168.84 11135.89
168.96 11141.79
169.08 11147.7
169.2 11153.6
169.32 11159.51
169.44 11165.41
169.56 11171.32
169.68 11177.22
169.8 11183.13
169.92 11189.03
170.04 11194.93
170.16 11200.84
170.28 11206.74
170.4 11212.65
170.52 11290.23
170.64 11296.14
170.76 11302.04
170.88 11307.95
171.0 11313.85
171.12 11319.76
171.24 11325.66
171.36 11331.57
171.48 11337.47
171.6 11343.37
171.72 11349.28
171.84 11355.18
171.96 11361.09
172.08 11366.99
172.2 11372.89
172.32 11441.27
172.44 11447.17
172.56 11453.08
172.68 11458.98
172.8 11464.89
172.92 11470.79
173.04 11476.7
173.16 11482.6
173.28 11488.5
173.4 11494.41
173.52 11500.31
173.64 11506.22
173.76 11512.12
173.88 11518.02
174.0 11523.93
174.12 11529.83
174.24 11535.73
174.36 11615.04
174.48 11620.94
174.6 11626.85
174.72 11632.75
174.84 11638.65
174.96 11644.56
175.08 11650.46
175.2 11656.37
175.32 11662.27
175.44 11668.17
175.56 11674.08
175.68 11679.98
175.8 11685.88
175.92 11691.79
176.04 11697.69
176.16 11703.59
176.28 11709.49
176.4 11791.02
176.52 11796.92
176.64 11802.83
176.76 11808.73
176.88 11814.63
177.0 11820.54
177.12 11826.44
177.24 11832.34
177.36 11838.25
177.48 11844.15
177.6 11850.05
177.72 11855.96
177.84 11861.86
177.96 11867.76
178.08 11873.66
178.2 11879.57
178.32 11885.47
178.44 11967.99
178.56 11973.9
178.68 11979.8
178.8 11985.7
178.92 11991.61
179.04 11997.51
179.16 12003.41
179.28 12009.32
179.4 12015.22
179.52 12021.12
179.64 12027.02
179.76 12032.93
179.88 12038.83
180.0 12044.73
180.12 12050.63
180.24 12056.54
180.36 12062.44
180.48 12148.12
180.6 12154.03
180.72 12159.93
180.84 12165.83
180.96 12171.73
181.08 12177.64
181.2 12183.54
181.32 12189.44
181.44 12195.34
181.56 12201.25
181.68 12207.15
181.8 12213.05
181.92 12218.95
182.04 12224.85
182.16 12230.76
182.28 12236.66
182.4 12242.56
182.52 12328.84
182.64 12334.75
182.76 12340.65
182.88 12346.55
183.0 12352.45
183.12 12358.36
183.24 12364.26
183.36 12370.16
183.48 12376.06
183.6 12381.96
183.72 12387.87
183.84 12393.77
183.96 12399.67
184.08 12405.57
184.2 12411.47
184.32 12417.37
184.44 12498.98
184.56 12504.88
184.68 12510.78
184.8 12516.68
184.92 12522.59
185.04 12528.49
185.16 12534.39
185.28 12540.29
185.4 12546.19
185.52 12552.1
185.64 12558.0
185.76 12563.9
185.88 12569.8
186.0 12575.7
186.12 12581.6
186.24 12587.5
186.36 12593.4
186.48 12682.71
186.6 12688.61
186.72 12694.51
186.84 12700.41
186.96 12706.31
187.08 12712.22
187.2 12718.12
187.32 12724.02
187.44 12729.92
187.56 12735.82
187.68 12741.72
187.8 12747.62
187.92 12753.52
188.04 12759.43
188.16 12765.33
188.28 12771.23
188.4 12777.13
188.52 12783.03
188.64 12879.57
188.76 12885.47
188.88 12891.38
189.0 12897.28
189.12 12903.18
189.24 12909.08
189.36 12914.98
189.48 12920.88
189.6 12926.78
189.72 12932.68
189.84 12938.58
189.96 12944.48
190.08 12950.38
190.2 12956.29
190.32 12962.19
190.44 12968.09
190.56 13049.28
190.68 13055.18
190.8 13061.08
190.92 13066.98
191.04 13072.88
191.16 13078.78
191.28 13084.68
191.4 13090.59
191.52 13096.49
191.64 13102.39
191.76 13108.29
191.88 13114.19
192.0 13120.09
192.12 13125.99
192.24 13131.89
192.36 13137.79
192.48 13143.69
192.6 13149.59
192.72 13232.4
192.84 13238.3
192.96 13244.2
193.08 13250.1
193.2 13256.0
193.32 13261.9
193.44 13267.8
193.56 13273.71
193.68 13279.61
193.8 13285.51
193.92 13291.41
194.04 13297.31
194.16 13303.21
194.28 13309.11
194.4 13315.01
194.52 13320.91
194.64 13326.81
194.76 13401.32
194.88 13407.22
195.0 13413.12
195.12 13419.02
195.24 13424.92
195.36 13430.82
195.48 13436.72
195.6 13442.62
195.72 13448.52
195.84 13454.42
195.96 13460.32
196.08 13466.22
196.2 13472.12
196.32 13478.02
196.44 13483.92
196.56 13489.82
196.68 13555.31
196.8 13561.21
196.92 13567.11
197.04 13573.01
197.16 13578.91
197.28 13584.81
197.4 13590.71
197.52 13596.61
197.64 13602.51
197.76 13608.41
197.88 13614.31
198.0 13620.21
198.12 13626.11
198.24 13632.01
198.36 13637.9
198.48 13643.8
198.6 13649.7
198.72 13713.84
198.84 13719.74
198.96 13725.64
199.08 13731.54
199.2 13737.44
199.32 13743.34
199.44 13749.24
199.56 13755.14
199.68 13761.04
199.8 13766.94
199.92 13772.84
200.04 13778.74
200.16 13784.64
200.28 13790.54
200.4 13796.44
200.52 13802.33
200.64 13808.23
200.76 13867.38
200.88 13873.28
201.0 13879.18
201.12 13885.08
201.24 13890.98
201.36 13896.88
201.48 13902.78
201.6 13908.68
201.72 13914.58
201.84 13920.48
201.96 13926.38
202.08 13932.28
202.2 13938.17
202.32 13944.07
202.44 13949.97
202.56 13955.87
202.68 13961.77
202.8 13967.67
202.92 14026.67
203.04 14032.57
203.16 14038.47
203.28 14044.37
203.4 14050.26
203.52 14056.16
203.64 14062.06
203.76 14067.96
203.88 14073.86
204.0 14079.76
204.12 14085.66
204.24 14091.56
204.36 14097.45
204.48 14103.35
204.6 14109.25
204.72 14115.15
204.84 14121.05
204.96 14172.13
