0 -1
1.05 -1
2.1 -1
3.14999999999999 -1
4.19999999999999 -1
5.25 -1
6.30000000000001 -1
7.35000000000002 -1
8.40000000000001 -1
9.44999999999999 -1
10.5 -1
11.5499999999999 -1
12.5999999999999 -1
13.6499999999999 -1
14.6999999999999 -1
15.7499999999999 -1
16.7999999999999 -1
17.8499999999999 1
18.9 1
19.95 1
21 1
22.0500000000001 1
23.1000000000001 1
24.1500000000002 1
25.2000000000002 1
26.2500000000002 1
27.3000000000003 1
28.3500000000003 1
29.4000000000004 1
30.4500000000004 1
31.5000000000004 1
32.5500000000005 1
33.6000000000005 1
34.6500000000006 1
35.7000000000006 1
36.7500000000006 1
37.8000000000007 1
38.8500000000007 1
39.9000000000008 1
40.9500000000008 1
42.0000000000008 1
43.0500000000009 1
44.1000000000009 1
45.150000000001 1
46.200000000001 1
47.250000000001 1
48.3000000000011 1
49.3500000000011 1
50.4000000000011 1
51.4500000000012 1
52.5000000000012 1
53.5500000000013 1
54.6000000000013 1
55.6500000000013 1
56.7000000000014 1
57.7500000000014 1
58.8000000000015 1
59.8500000000015 1
60.9000000000015 1
61.9500000000016 1
63.0000000000016 1
64.0500000000017 1
65.1000000000017 1
66.1500000000017 1
67.2000000000018 1
68.2500000000018 1
69.3000000000019 1
70.3500000000019 1
71.4000000000019 1
72.450000000002 1
73.500000000002 1
74.5500000000021 1
75.6000000000021 1
76.6500000000021 1
77.7000000000022 1
78.7500000000022 1
79.8000000000023 1
80.8500000000023 1
81.9000000000023 1
82.9500000000024 1
84.0000000000024 1
85.0500000000025 1
86.1000000000025 1
87.1500000000025 1
88.2000000000026 1
89.2500000000026 1
90.3000000000027 1
91.3500000000027 1
92.4000000000027 1
93.4500000000028 1
94.5000000000028 1
95.5500000000029 1
96.6000000000029 1
97.6500000000029 1
98.700000000003 1
99.750000000003 1
100.800000000003 1
101.850000000003 1
102.900000000003 1
103.950000000003 1
105.000000000003 1
106.050000000003 1
107.100000000003 1
108.150000000003 1
109.200000000003 1
110.250000000003 1
111.300000000003 2
112.350000000003 2
113.400000000004 2
114.450000000004 2
115.500000000004 2
116.550000000004 2
117.600000000004 2
118.650000000004 2
119.700000000004 2
120.750000000004 2
121.800000000004 2
122.850000000004 2
123.900000000004 2
124.950000000004 2
126.000000000004 2
127.050000000004 2
128.100000000004 2
129.150000000004 2
130.200000000004 2
131.250000000004 2
132.300000000004 1
133.350000000004 1
134.400000000004 1
135.450000000004 1
136.500000000004 1
137.550000000004 1
138.600000000004 1
139.650000000005 1
140.700000000005 1
141.750000000005 1
142.800000000005 1
143.850000000005 1
144.900000000005 1
145.950000000005 1
147.000000000005 1
148.050000000005 1
149.100000000005 1
150.150000000005 1
151.200000000005 1
152.250000000005 1
153.300000000005 1
154.350000000005 1
155.400000000005 1
156.450000000005 1
157.500000000005 1
158.550000000005 1
159.600000000005 1
160.650000000005 1
161.700000000005 1
162.750000000005 1
163.800000000005 1
164.850000000005 1
165.900000000006 1
166.950000000006 1
168.000000000006 1
169.050000000006 1
170.100000000006 1
171.150000000006 1
172.200000000006 1
173.250000000006 1
174.300000000006 1
175.350000000006 1
176.400000000006 1
177.450000000006 1
178.500000000006 1
179.550000000006 1
180.600000000006 1
181.650000000006 1
182.700000000006 1
183.750000000006 1
184.800000000006 1
185.850000000006 1
186.900000000006 1
187.950000000006 1
189.000000000006 1
190.050000000006 1
191.100000000006 1
192.150000000007 1
193.200000000007 1
194.250000000007 1
195.300000000007 1
196.350000000007 1
197.400000000007 1
198.450000000007 1
199.500000000007 1
200.550000000007 1
201.600000000007 1
202.650000000007 1
203.700000000007 1
204.750000000007 1
205.800000000007 1
206.850000000007 1
207.900000000007 1
208.950000000007 1
210.000000000007 1
211.050000000007 1
212.100000000007 1
213.150000000007 1
214.200000000007 1
215.250000000007 1
216.300000000007 1
217.350000000007 1
218.400000000008 1
219.450000000008 1
220.500000000008 1
221.550000000008 1
222.600000000008 1
223.650000000008 1
224.700000000008 1
225.750000000008 1
226.800000000008 2
227.850000000008 2
228.900000000008 2
229.950000000008 2
231.000000000008 2
232.050000000008 2
233.100000000008 2
234.150000000008 2
235.200000000008 2
236.250000000008 2
237.300000000008 2
238.350000000008 2
239.400000000008 2
240.450000000008 2
241.500000000008 1
242.550000000008 1
243.600000000008 1
244.650000000009 1
245.700000000009 1
246.750000000009 1
247.800000000009 1
248.850000000009 1
249.900000000009 1
250.950000000009 1
252.000000000009 1
253.050000000009 1
254.100000000009 1
255.150000000009 1
256.200000000009 1
257.250000000008 1
258.300000000007 1
259.350000000006 1
260.400000000005 1
261.450000000004 1
262.500000000003 1
263.550000000002 1
264.600000000001 1
265.65 1
266.699999999999 1
267.749999999998 1
268.799999999997 1
269.849999999996 1
270.899999999995 1
271.949999999994 1
272.999999999993 1
274.049999999993 1
275.099999999992 1
276.149999999991 1
277.19999999999 1
278.249999999989 1
279.299999999988 1
280.349999999987 1
281.399999999986 1
282.449999999985 1
283.499999999984 1
284.549999999983 1
285.599999999982 1
286.649999999981 1
287.69999999998 1
288.749999999979 1
289.799999999978 1
290.849999999977 1
291.899999999976 1
292.949999999975 1
293.999999999974 1
295.049999999973 1
296.099999999972 1
297.149999999971 1
298.199999999971 1
299.24999999997 1
300.299999999969 1
301.349999999968 1
302.399999999967 1
303.449999999966 1
304.499999999965 1
305.549999999964 1
306.599999999963 1
307.649999999962 1
308.699999999961 1
309.74999999996 1
310.799999999959 1
311.849999999958 2
312.899999999957 2
313.949999999956 2
314.999999999955 2
316.049999999954 2
317.099999999953 2
318.149999999952 2
319.199999999951 2
320.24999999995 3
321.29999999995 3
322.349999999949 3
323.399999999948 3
324.449999999947 3
325.499999999946 3
326.549999999945 3
327.599999999944 2
328.649999999943 2
329.699999999942 2
330.749999999941 2
331.79999999994 2
332.849999999939 1
333.899999999938 1
334.949999999937 1
335.999999999936 1
337.049999999935 1
338.099999999934 1
339.149999999933 1
340.199999999932 1
341.249999999931 1
342.29999999993 1
343.349999999929 1
344.399999999929 1
345.449999999928 1
346.499999999927 1
347.549999999926 1
348.599999999925 1
349.649999999924 1
350.699999999923 1
351.749999999922 1
352.799999999921 1
353.84999999992 1
354.899999999919 1
355.949999999918 1
356.999999999917 1
358.049999999916 1
359.099999999915 1
360.149999999914 1
361.199999999913 1
362.249999999912 1
363.299999999911 1
364.34999999991 1
365.399999999909 1
366.449999999908 1
367.499999999908 1
368.549999999907 1
369.599999999906 1
370.649999999905 1
371.699999999904 1
372.749999999903 1
373.799999999902 1
374.849999999901 1
375.8999999999 1
376.949999999899 1
377.999999999898 1
379.049999999897 1
380.099999999896 1
381.149999999895 1
382.199999999894 1
383.249999999893 1
384.299999999892 1
385.349999999891 1
386.39999999989 1
387.449999999889 1
388.499999999888 1
389.549999999887 1
390.599999999887 1
391.649999999886 1
392.699999999885 1
393.749999999884 1
394.799999999883 1
395.849999999882 2
396.899999999881 2
397.94999999988 2
398.999999999879 2
400.049999999878 2
401.099999999877 2
402.149999999876 2
403.199999999875 2
404.249999999874 2
405.299999999873 2
406.349999999872 2
407.399999999871 2
408.44999999987 2
409.499999999869 2
410.549999999868 2
411.599999999867 2
412.649999999866 1
413.699999999865 1
414.749999999865 1
415.799999999864 1
416.849999999863 1
417.899999999862 1
418.949999999861 1
419.99999999986 1
421.049999999859 1
422.099999999858 1
423.149999999857 1
424.199999999856 1
425.249999999855 1
426.299999999854 1
427.349999999853 1
428.399999999852 1
429.449999999851 1
430.49999999985 1
431.549999999849 1
432.599999999848 1
433.649999999847 1
434.699999999846 1
435.749999999845 1
436.799999999844 1
437.849999999844 1
438.899999999843 1
439.949999999842 1
440.999999999841 1
442.04999999984 1
443.099999999839 1
444.149999999838 1
445.199999999837 1
446.249999999836 1
447.299999999835 1
448.349999999834 1
449.399999999833 1
450.449999999832 1
451.499999999831 1
452.54999999983 1
453.599999999829 1
454.649999999828 1
455.699999999827 1
456.749999999826 1
457.799999999825 1
458.849999999824 1
459.899999999823 1
460.949999999823 1
461.999999999822 1
463.049999999821 1
464.09999999982 1
465.149999999819 1
466.199999999818 1
467.249999999817 1
468.299999999816 1
469.349999999815 1
470.399999999814 1
471.449999999813 1
472.499999999812 1
473.549999999811 1
474.59999999981 1
475.649999999809 1
476.699999999808 1
477.749999999807 1
478.799999999806 1
479.849999999805 2
480.899999999804 2
481.949999999803 2
482.999999999802 2
484.049999999802 2
485.099999999801 2
486.1499999998 2
487.199999999799 2
488.249999999798 2
489.299999999797 1
490.349999999796 2
491.399999999795 1
492.449999999794 2
493.499999999793 1
494.549999999792 1
495.599999999791 1
496.64999999979 1
497.699999999789 1
498.749999999788 1
499.799999999787 1
500.849999999786 1
501.899999999785 1
502.949999999784 1
503.999999999783 1
505.049999999782 1
506.099999999781 1
507.149999999781 1
508.19999999978 1
509.249999999779 1
510.299999999778 1
511.349999999777 1
512.399999999776 1
513.449999999775 1
514.499999999774 1
515.549999999773 1
516.599999999772 1
517.649999999771 1
518.69999999977 1
519.749999999769 1
520.799999999768 1
521.849999999767 1
522.899999999766 1
523.949999999765 1
524.999999999764 1
526.049999999763 1
527.099999999762 1
528.149999999761 1
529.199999999761 1
530.24999999976 1
531.299999999759 1
532.349999999758 1
533.399999999757 1
534.449999999756 1
535.499999999755 1
536.549999999754 1
537.599999999753 1
538.649999999752 1
539.699999999751 1
540.74999999975 1
541.799999999749 1
542.849999999748 2
543.899999999747 2
544.949999999746 2
545.999999999745 2
547.049999999744 2
548.099999999743 2
549.149999999742 2
550.199999999741 2
551.24999999974 2
552.299999999739 2
553.349999999739 2
554.399999999738 1
555.449999999737 1
556.499999999736 2
557.549999999735 1
558.599999999734 1
559.649999999733 1
560.699999999732 1
561.749999999731 1
562.79999999973 1
563.849999999729 1
564.899999999728 1
565.949999999727 1
566.999999999726 1
568.049999999725 1
569.099999999724 1
570.149999999723 1
571.199999999722 1
572.249999999721 1
573.29999999972 1
574.349999999719 1
575.399999999718 1
576.449999999718 1
577.499999999717 1
578.549999999716 1
579.599999999715 1
580.649999999714 1
581.699999999713 1
582.749999999712 1
583.799999999711 1
584.84999999971 1
585.899999999709 1
586.949999999708 1
587.999999999707 1
589.049999999706 1
590.099999999705 1
591.149999999704 1
592.199999999703 1
593.249999999702 2
594.299999999701 2
595.3499999997 2
596.399999999699 2
597.449999999698 2
598.499999999697 2
599.549999999697 2
600.599999999696 2
601.649999999695 1
602.699999999694 2
603.749999999693 2
604.799999999692 2
605.849999999691 2
606.89999999969 2
607.949999999689 1
608.999999999688 1
610.049999999687 1
611.099999999686 1
612.149999999685 1
613.199999999684 1
614.249999999683 1
615.299999999682 1
616.349999999681 1
617.39999999968 1
618.449999999679 2
619.499999999678 2
620.549999999677 2
621.599999999676 1
622.649999999676 2
623.699999999675 1
624.749999999674 1
625.799999999673 1
626.849999999672 1
627.899999999671 1
628.94999999967 1
629.999999999669 1
631.049999999668 1
632.099999999667 1
633.149999999666 1
634.199999999665 2
635.249999999664 2
636.299999999663 2
637.349999999662 2
638.399999999661 2
639.44999999966 1
640.499999999659 1
641.549999999658 1
642.599999999657 1
643.649999999656 1
644.699999999655 1
645.749999999655 1
646.799999999654 1
647.849999999653 1
648.899999999652 2
649.949999999651 2
650.99999999965 2
652.049999999649 2
653.099999999648 2
654.149999999647 2
655.199999999646 2
656.249999999645 2
657.299999999644 2
658.349999999643 2
659.399999999642 2
660.449999999641 2
661.49999999964 2
662.549999999639 1
663.599999999638 2
664.649999999637 1
665.699999999636 1
666.749999999635 1
667.799999999634 1
668.849999999633 1
669.899999999633 1
670.949999999632 1
671.999999999631 1
673.04999999963 1
674.099999999629 1
675.149999999628 1
676.199999999627 1
677.249999999626 1
678.299999999625 1
679.349999999624 1
680.399999999623 1
681.449999999622 1
682.499999999621 1
683.54999999962 1
684.599999999619 1
685.649999999618 1
686.699999999617 1
687.749999999616 2
688.799999999615 2
689.849999999614 2
690.899999999613 2
691.949999999612 1
692.999999999612 2
694.049999999611 2
695.09999999961 2
696.149999999609 2
697.199999999608 2
698.249999999607 2
699.299999999606 2
700.349999999605 2
701.399999999604 2
702.449999999603 2
703.499999999602 2
704.549999999601 2
705.5999999996 2
706.649999999599 2
707.699999999598 2
708.749999999597 2
709.799999999596 2
710.849999999595 2
711.899999999594 1
712.949999999593 2
713.999999999592 1
715.049999999591 2
716.099999999591 1
717.14999999959 2
718.199999999589 1
719.249999999588 1
720.299999999587 1
721.349999999586 2
722.399999999585 1
723.449999999584 1
724.499999999583 1
725.549999999582 2
726.599999999581 1
727.64999999958 1
728.699999999579 1
729.749999999578 1
730.799999999577 1
731.849999999576 2
732.899999999575 1
733.949999999574 1
734.999999999573 2
736.049999999572 2
737.099999999571 2
738.14999999957 2
739.19999999957 2
740.249999999569 2
741.299999999568 1
742.349999999567 1
743.399999999566 2
744.449999999565 1
745.499999999564 1
746.549999999563 2
747.599999999562 1
748.649999999561 2
749.69999999956 2
750.749999999559 2
751.799999999558 2
752.849999999557 2
753.899999999556 2
754.949999999555 2
755.999999999554 2
757.049999999553 2
758.099999999552 2
759.149999999551 2
760.19999999955 1
761.249999999549 1
762.299999999549 2
763.349999999548 1
764.399999999547 1
765.449999999546 1
766.499999999545 1
767.549999999544 1
768.599999999543 2
769.649999999542 2
770.699999999541 2
771.74999999954 2
772.799999999539 2
773.849999999538 2
774.899999999537 2
775.949999999536 2
776.999999999535 2
778.049999999534 1
779.099999999533 1
780.149999999532 1
781.199999999531 2
782.24999999953 2
783.299999999529 2
784.349999999528 2
785.399999999527 2
786.449999999527 2
787.499999999526 2
788.549999999525 2
789.599999999524 2
790.649999999523 2
791.699999999522 2
792.749999999521 1
793.79999999952 2
794.849999999519 2
795.899999999518 2
796.949999999517 1
797.999999999516 1
799.049999999515 1
800.099999999514 1
801.149999999513 1
802.199999999512 1
803.249999999511 1
804.29999999951 1
805.349999999509 1
806.399999999508 1
807.449999999507 1
808.499999999506 2
809.549999999506 2
810.599999999505 2
811.649999999504 2
812.699999999503 2
813.749999999502 1
814.799999999501 1
815.8499999995 2
816.899999999499 2
817.949999999498 2
818.999999999497 2
820.049999999496 2
821.099999999495 2
822.149999999494 2
823.199999999493 2
824.249999999492 2
825.299999999491 2
826.34999999949 2
827.399999999489 2
828.449999999488 2
829.499999999487 2
830.549999999486 2
831.599999999485 2
832.649999999485 1
833.699999999484 1
834.749999999483 1
835.799999999482 2
836.849999999481 1
837.89999999948 1
838.949999999479 1
839.999999999478 1
841.049999999477 1
842.099999999476 1
843.149999999475 1
844.199999999474 1
845.249999999473 1
846.299999999472 1
847.349999999471 1
848.39999999947 1
849.449999999469 1
850.499999999468 1
851.549999999467 1
852.599999999466 2
853.649999999465 2
854.699999999464 2
855.749999999464 2
856.799999999463 2
857.849999999462 2
858.899999999461 2
859.94999999946 2
860.999999999459 2
862.049999999458 2
863.099999999457 2
864.149999999456 2
865.199999999455 2
866.249999999454 2
867.299999999453 2
868.349999999452 2
869.399999999451 2
870.44999999945 2
871.499999999449 2
872.549999999448 2
873.599999999447 2
874.649999999446 2
875.699999999445 2
876.749999999444 2
877.799999999443 2
878.849999999443 1
879.899999999442 2
880.949999999441 1
881.99999999944 1
883.049999999439 1
884.099999999438 1
885.149999999437 1
886.199999999436 1
887.249999999435 1
888.299999999434 2
889.349999999433 1
890.399999999432 1
891.449999999431 1
892.49999999943 1
893.549999999429 2
894.599999999428 2
895.649999999427 2
896.699999999426 2
897.749999999425 1
898.799999999424 2
899.849999999423 1
900.899999999422 2
901.949999999421 2
902.999999999421 2
904.04999999942 2
905.099999999419 2
906.149999999418 2
907.199999999417 2
908.249999999416 2
909.299999999415 2
910.349999999414 2
911.399999999413 2
912.449999999412 2
913.499999999411 2
914.54999999941 2
915.599999999409 2
916.649999999408 2
917.699999999407 2
918.749999999406 2
919.799999999405 2
920.849999999404 2
921.899999999403 2
922.949999999402 2
923.999999999401 2
925.0499999994 2
926.0999999994 2
927.149999999399 2
928.199999999398 2
929.249999999397 2
930.299999999396 2
931.349999999395 1
932.399999999394 1
933.449999999393 1
934.499999999392 1
935.549999999391 2
936.59999999939 1
937.649999999389 2
938.699999999388 2
939.749999999387 1
940.799999999386 1
941.849999999385 1
942.899999999384 1
943.949999999383 1
944.999999999382 1
946.049999999381 2
947.09999999938 2
948.149999999379 2
949.199999999379 2
950.249999999378 1
951.299999999377 1
952.349999999376 1
953.399999999375 2
954.449999999374 2
955.499999999373 2
956.549999999372 2
957.599999999371 2
958.64999999937 2
959.699999999369 2
960.749999999368 2
961.799999999367 2
962.849999999366 2
963.899999999365 2
964.949999999364 2
965.999999999363 2
967.049999999362 2
968.099999999361 1
969.14999999936 2
970.199999999359 1
971.249999999358 1
972.299999999358 2
973.349999999357 2
974.399999999356 2
975.449999999355 2
976.499999999354 2
977.549999999353 2
978.599999999352 2
979.649999999351 2
980.69999999935 2
981.749999999349 2
982.799999999348 2
983.849999999347 2
984.899999999346 2
985.949999999345 2
986.999999999344 2
988.049999999343 2
989.099999999342 2
990.149999999341 2
991.19999999934 2
992.249999999339 2
993.299999999338 1
994.349999999337 2
995.399999999337 2
996.449999999336 2
997.499999999335 2
998.549999999334 2
999.599999999333 2
