0.0 361.05
1.2 3932.71
2.4 4096.22
3.6 4240.76
4.8 4369.84
6.0 4489.04
7.2 4598.76
8.4 4696.6
9.6 4783.71
10.8 4856.98
12.0 4911.93
13.2 4962.28
14.4 5008.63
15.6 5057.04
16.8 5086.15
18.0 5110.63
19.2 5135.28
20.4 5158.51
21.6 5178.94
22.8 5198.35
24.0 5210.32
25.2 5218.44
26.4 5224.83
27.6 5224.04
28.8 5222.3
30.0 5220.34
31.2 5218.17
32.4 5215.82
33.6 5213.35
34.8 5206.83
36.0 5187.26
37.2 5174.3
38.4 5167.41
39.6 5161.03
40.8 5150.61
42.0 5137.75
43.2 5122.63
44.4 5104.18
45.6 5087.01
46.8 5064.06
48.0 5040.93
49.2 5022.92
50.4 5007.76
51.6 4994.22
52.8 4978.3
54.0 4967.59
55.2 4959.23
56.4 4964.1
57.6 4974.08
58.8 4982.34
60.0 4985.53
61.2 4988.69
62.4 4990.75
63.6 4993.32
64.8 4996.32
66.0 4994.87
67.2 5000.79
68.4 5014.44
69.6 5028.34
70.8 5039.82
72.0 5045.81
73.2 5054.02
74.4 5063.4
75.6 5069.88
76.8 5067.64
78.0 5062.94
79.2 5058.57
80.4 5059.79
81.6 5062.51
82.8 5070.38
84.0 5081.71
85.2 5090.48
86.4 5103.66
87.6 5116.86
88.8 5117.76
90.0 5112.21
91.2 5101.87
92.4 5095.28
93.6 5086.7
94.8 5074.06
96.0 5063.65
97.2 5055.53
98.4 5055.57
99.6 5045.54
100.8 5026.17
102.0 5009.9
103.2 4994.83
104.4 4976.29
105.6 4961.04
106.8 4950.81
108.0 4933.99
109.2 4929.21
110.4 4929.05
111.6 4932.08
112.8 4930.34
114.0 4932.1
115.2 4943.78
116.4 4955.1
117.6 4968.62
118.8 4984.45
120.0 4999.92
121.2 5027.04
122.4 5050.08
123.6 5065.49
124.8 5084.53
126.0 5101.7
127.2 5116.78
128.4 5134.27
129.6 5149.01
130.8 5154.94
132.0 5165.18
133.2 5179.7
134.4 5194.98
135.6 5208.32
136.8 5219.93
138.0 5229.76
139.2 5229.13
140.4 5228.22
141.6 5230.41
142.8 5229.61
144.0 5223.43
145.2 5218.6
146.4 5206.29
147.6 5191.54
148.8 5175.1
150.0 5165.18
151.2 5167.98
152.4 5170.49
153.6 5171.47
154.8 5167.48
156.0 5164.1
157.2 5157.27
158.4 5142.85
159.6 5133.68
160.8 5123.48
162.0 5108.17
163.2 5093.09
164.4 5091.14
165.6 5085.62
166.8 5086.65
168.0 5088.96
169.2 5095.46
170.4 5101.8
171.6 5099.39
172.8 5089.43
174.0 5080.38
175.2 5078.23
176.4 5078.2
177.6 5074.87
178.8 5082.63
180.0 5089.2
181.2 5097.59
182.4 5115.47
183.6 5128.7
184.8 5132.76
186.0 5133.47
187.2 5131.26
188.4 5133.48
189.6 5138.36
190.8 5140.49
192.0 5144.81
193.2 5154.87
194.4 5159.35
195.6 5161.1
196.8 5162.85
198.0 5165.99
199.2 5171.3
200.4 5172.47
201.6 5176.41
202.8 5184.45
204.0 5194.65
205.2 5211.9
206.4 5232.06
207.6 5256.73
208.8 5274.14
210.0 5287.92
211.2 5296.09
212.4 5309.19
213.6 5320.71
214.8 5330.61
216.0 5339.67
217.2 5347.43
218.4 5347.53
219.6 5343.58
220.8 5343.78
222.0 5343.72
223.2 5343.43
224.4 5340.33
225.6 5333.71
226.8 5325.61
228.0 5313.43
229.2 5308.92
230.4 5304.77
231.6 5306.01
232.8 5301.82
234.0 5293.38
235.2 5280.7
236.4 5272.18
237.6 5264.21
238.8 5261.6
240.0 5262.98
241.2 5268.87
242.4 5267.75
243.6 5264.54
244.8 5257.81
246.0 5258.73
247.2 5259.3
248.4 5259.59
249.6 5259.68
250.8 5259.67
252.0 5253.69
253.2 5252.92
254.4 5243.32
255.6 5236.36
256.8 5229.02
258.0 5226.43
259.2 5224.2
260.4 5216.06
261.6 5209.17
262.8 5205.32
264.0 5206.3
265.2 5212.94
266.4 5219.27
267.6 5224.67
268.8 5229.26
270.0 5233.23
271.2 5226.38
272.4 5221.99
273.6 5220.74
274.8 5222.31
276.0 5232.39
277.2 5244.88
278.4 5255.57
279.6 5262.58
280.8 5271.49
282.0 5276.84
283.2 5280.05
284.4 5283.61
285.6 5286.85
286.8 5289.58
288.0 5291.92
289.2 5290.56
290.4 5291.84
291.6 5299.75
292.8 5307.79
294.0 5310.87
295.2 5305.13
296.4 5292.13
297.6 5279.76
298.8 5263.75
300.0 5254.13
301.2 5245.43
302.4 5236.33
303.6 5223.52
304.8 5211.27
306.0 5195.47
307.2 5180.44
308.4 5167.3
309.6 5146.82
310.8 5126.55
312.0 5108.61
313.2 5090.43
314.4 5070.26
315.6 5054.55
316.8 5053.22
318.0 5058.45
319.2 5062.53
320.4 5059.1
321.6 5046.13
322.8 5028.57
324.0 5011.47
325.2 4993.02
326.4 4981.99
327.6 4974.23
328.8 4963.04
330.0 4957.84
331.2 4967.13
332.4 4974.75
333.6 4984.14
334.8 4997.55
336.0 5014.87
337.2 5034.27
338.4 5051.78
339.6 5067.93
340.8 5086.88
342.0 5117.65
343.2 5142.61
344.4 5173.96
345.6 5202.16
346.8 5228.6
348.0 5251.4
349.2 5272.64
350.4 5293.9
351.6 5308.91
352.8 5315.77
354.0 5321.69
355.2 5326.77
356.4 5315.08
357.6 5296.49
358.8 5279.18
360.0 5262.61
361.2 5249.18
362.4 5237.14
363.6 5226.26
364.8 5215.36
366.0 5208.61
367.2 5198.95
368.4 5180.49
369.6 5164.47
370.8 5146.87
372.0 5129.07
373.2 5101.69
374.4 5076.9
375.6 5056.66
376.8 5049.8
378.0 5056.33
379.2 5065.3
380.4 5072.86
381.6 5063.78
382.8 5053.38
384.0 5040.68
385.2 5028.84
386.4 5018.4
387.6 5005.5
388.8 5004.06
390.0 5001.01
391.2 5001.11
392.4 5008.81
393.6 5030.53
394.8 5056.01
396.0 5074.92
397.2 5088.18
398.4 5103.22
399.6 5117.31
400.8 5131.83
402.0 5157.11
403.2 5193.65
404.4 5225.76
405.6 5257.6
406.8 5294.21
408.0 5331.27
409.2 5359.78
410.4 5389.53
411.6 5415.96
412.8 5438.64
414.0 5459.25
415.2 5477.7
416.4 5498.75
417.6 5511.69
418.8 5522.49
420.0 5530.86
421.2 5533.33
422.4 5531.13
423.6 5523.74
424.8 5518.63
426.0 5516.08
427.2 5509.47
428.4 5496.61
429.6 5489.38
430.8 5482.9
432.0 5468.3
433.2 5450.95
434.4 5428.88
435.6 5407.85
436.8 5389.48
438.0 5373.53
439.2 5364.4
440.4 5351.25
441.6 5340.9
442.8 5332.72
444.0 5321.32
445.2 5305.8
446.4 5288.1
447.6 5264.21
448.8 5242.43
450.0 5229.06
451.2 5218.12
452.4 5214.7
453.6 5218.58
454.8 5221.9
456.0 5223.42
457.2 5213.52
458.4 5206.49
459.6 5202.82
460.8 5201.11
462.0 5198.92
463.2 5192.76
464.4 5200.15
465.6 5206.64
466.8 5212.4
468.0 5223.91
469.2 5235.93
470.4 5250.06
471.6 5262.67
472.8 5272.51
474.0 5281.5
475.2 5291.6
476.4 5305.03
477.6 5326.96
478.8 5348.83
480.0 5367.68
481.2 5388.57
482.4 5401.04
483.6 5411.08
484.8 5418.33
486.0 5425.07
487.2 5435.63
488.4 5444.67
489.6 5450.32
490.8 5458.72
492.0 5459.86
493.2 5453.23
494.4 5442.01
495.6 5417.57
496.8 5393.4
498.0 5372.71
499.2 5354.45
500.4 5338.22
501.6 5323.61
502.8 5273.81
504.0 5199.52
505.2 5111.41
506.4 4993.51
507.6 4859.53
508.8 4710.92
510.0 4524.46
511.2 4256.09
512.4 3982.18
513.6 3682.57
514.8 3402.15
516.0 3048.49
517.2 2704.84
518.4 1970.58
519.6 -455.23
520.8 -2878.24
522.0 -5374.1
523.2 -7914.84
524.4 -10467.14
525.6 -13032.15
526.8 -15604.41
528.0 -18209.43
529.2 -20872.56
530.4 -23549.85
531.6 -26221.6
532.8 -28866.88
534.0 -26424.63
535.2 -23602.24
536.4 -20999.37
537.6 -18615.33
538.8 -16403.73
540.0 -14322.01
541.2 -12314.73
542.4 -10380.69
543.6 -8558.97
544.8 -6813.36
546.0 -5149.5
547.2 -3564.09
548.4 -2086.2
549.6 -720.37
550.8 528.7
552.0 1706.94
553.2 2824.99
554.4 3851.86
555.6 4771.4
556.8 5592.0
558.0 6323.86
559.2 6976.95
560.4 7537.22
561.6 8031.73
562.8 8488.96
564.0 8923.34
565.2 9333.23
566.4 9690.35
567.6 10018.06
568.8 10293.07
570.0 10440.85
571.2 10521.74
572.4 10580.88
573.6 10609.95
574.8 10643.44
576.0 10624.53
577.2 10623.68
578.4 10599.79
579.6 10589.33
580.8 10649.83
582.0 10710.96
583.2 10806.14
584.4 10927.26
585.6 11048.02
586.8 11130.71
588.0 11202.26
589.2 11246.83
590.4 11268.37
591.6 11263.34
592.8 11276.1
594.0 11336.96
595.2 11388.28
596.4 11360.64
597.6 11325.02
598.8 11341.6
600.0 11358.74
601.2 11326.04
602.4 11286.48
603.6 11232.86
604.8 11127.8
606.0 10999.87
607.2 10880.82
608.4 10759.61
609.6 10648.64
610.8 10436.31
612.0 10185.18
613.2 9961.37
614.4 9793.62
615.6 9654.68
616.8 9542.71
618.0 9445.38
619.2 9368.27
620.4 9353.91
621.6 9341.25
622.8 9347.09
624.0 9386.91
625.2 9456.69
626.4 9492.4
627.6 9486.49
628.8 9433.14
630.0 9406.64
631.2 9415.97
632.4 9418.68
633.6 9476.7
634.8 9525.17
636.0 9529.47
637.2 9548.31
638.4 9572.33
639.6 9599.94
640.8 9628.18
642.0 9634.78
643.2 9589.57
644.4 9535.43
645.6 9503.52
646.8 9464.36
648.0 9419.97
649.2 9371.46
650.4 9276.21
651.6 9146.39
652.8 9010.09
654.0 8885.46
655.2 8796.6
656.4 8707.23
657.6 8603.95
658.8 8504.58
660.0 8394.95
661.2 8273.38
662.4 8183.94
663.6 8106.67
664.8 8022.97
666.0 7971.88
667.2 7995.5
668.4 8033.75
669.6 8046.25
670.8 8053.95
672.0 8030.2
673.2 7994.58
674.4 7963.88
675.6 7931.3
676.8 7991.12
678.0 8089.78
679.2 8252.94
680.4 8387.38
681.6 8456.88
682.8 8515.09
684.0 8609.2
685.2 8713.93
686.4 8804.81
687.6 8724.89
688.8 8680.91
690.0 8661.16
691.2 8635.46
692.4 8597.27
693.6 8612.48
694.8 8636.48
696.0 8674.44
697.2 8684.71
698.4 8697.12
699.6 8684.55
700.8 8636.34
702.0 8559.06
703.2 8422.93
704.4 8230.01
705.6 8046.18
706.8 7808.54
708.0 7643.15
709.2 7480.34
710.4 7317.63
711.6 7170.57
712.8 7146.66
714.0 7173.53
715.2 7163.06
716.4 7087.74
717.6 7033.57
718.8 7010.27
720.0 6919.83
721.2 6816.86
722.4 6736.24
723.6 6703.92
724.8 6749.6
726.0 6876.18
727.2 7014.54
728.4 7118.36
729.6 7274.29
730.8 7429.9
732.0 7560.38
733.2 7653.23
734.4 7691.15
735.6 7704.11
736.8 7700.17
738.0 7663.52
739.2 7667.52
740.4 7658.35
741.6 7598.96
742.8 7497.51
744.0 7392.94
745.2 7279.17
746.4 7154.38
747.6 6993.85
748.8 6821.22
750.0 6630.29
751.2 6451.5
752.4 6228.45
753.6 6007.34
754.8 5778.45
756.0 5529.3
757.2 5308.49
758.4 5096.55
759.6 4960.72
760.8 4877.39
762.0 4770.83
763.2 4643.88
764.4 4513.75
765.6 4351.28
766.8 4202.24
768.0 4042.21
769.2 3876.67
770.4 3748.38
771.6 3676.91
772.8 3626.07
774.0 3565.19
775.2 3519.07
776.4 3518.96
777.6 3499.75
778.8 3538.9
780.0 3613.64
781.2 3739.55
782.4 3882.48
783.6 4020.74
784.8 4153.81
786.0 4287.76
787.2 4407.9
788.4 4523.76
789.6 4638.2
790.8 4766.91
792.0 4848.55
793.2 4988.55
794.4 5152.6
795.6 5300.43
796.8 5419.9
798.0 5537.5
799.2 5629.69
800.4 5666.07
801.6 5690.86
802.8 5676.23
804.0 5613.66
805.2 5519.92
806.4 5398.36
807.6 5279.54
808.8 5163.35
810.0 5043.92
811.2 4940.48
812.4 4832.77
813.6 4718.22
814.8 4607.91
816.0 4504.78
817.2 4404.9
818.4 4274.67
819.6 4223.09
820.8 4177.64
822.0 4112.66
823.2 4078.48
824.4 4075.33
825.6 4105.98
826.8 4082.3
828.0 4051.07
829.2 4022.68
830.4 3943.55
831.6 3891.41
832.8 3929.63
834.0 4016.25
835.2 4095.52
836.4 4140.0
837.6 4163.6
838.8 4124.55
840.0 3942.21
841.2 3743.84
842.4 3578.83
843.6 3495.14
844.8 3440.22
846.0 3349.36
847.2 3250.61
848.4 3167.38
849.6 3070.54
850.8 2956.99
852.0 2859.62
853.2 2794.33
854.4 2844.22
855.6 2930.93
856.8 3007.52
858.0 3028.22
859.2 3035.39
860.4 3048.52
861.6 3068.59
862.8 3057.94
864.0 3053.27
865.2 3051.04
866.4 3078.05
867.6 3114.73
868.8 3137.57
870.0 3089.92
871.2 3069.16
872.4 3061.32
873.6 3093.81
874.8 3138.17
876.0 3165.95
877.2 3142.94
878.4 3158.99
879.6 3178.88
880.8 3172.16
882.0 3139.23
883.2 3112.65
884.4 3093.88
885.6 3096.51
886.8 3139.69
888.0 3153.71
889.2 3160.69
890.4 3114.16
891.6 3107.89
892.8 3151.43
894.0 3262.01
895.2 3342.8
896.4 3467.21
897.6 3591.36
898.8 3674.16
900.0 3714.26
901.2 3783.43
902.4 3915.38
903.6 4069.64
904.8 4181.55
906.0 4215.28
907.2 4322.04
908.4 4420.75
909.6 4468.97
910.8 4522.67
912.0 4568.5
913.2 4592.9
914.4 4620.65
915.6 4739.7
916.8 4941.26
918.0 5175.77
919.2 5386.15
920.4 5594.73
921.6 5815.31
922.8 6001.63
924.0 6176.19
925.2 6357.65
926.4 6514.95
927.6 6645.24
928.8 6724.26
930.0 6763.05
931.2 6829.98
932.4 6924.56
933.6 7006.19
934.8 7065.46
936.0 7142.62
937.2 7223.43
938.4 7308.17
939.6 7390.81
940.8 7471.72
942.0 7534.2
943.2 7519.09
944.4 7472.91
945.6 7425.35
946.8 7296.04
948.0 7132.05
949.2 6900.06
950.4 6669.35
951.6 6449.97
952.8 6265.03
954.0 6067.93
955.2 5886.27
956.4 5678.31
957.6 5478.98
958.8 5276.73
960.0 5081.13
961.2 4886.72
962.4 4709.08
963.6 4549.76
964.8 4401.27
966.0 4238.13
967.2 4044.17
968.4 3879.36
969.6 3736.12
970.8 3561.59
972.0 3404.25
973.2 3244.38
974.4 3082.89
975.6 2973.08
976.8 2964.93
978.0 2987.32
979.2 3038.03
980.4 3057.82
981.6 3055.88
982.8 3011.47
984.0 3006.28
985.2 3037.76
986.4 3104.65
987.6 3153.21
988.8 3197.33
990.0 3195.0
991.2 3192.35
992.4 3189.56
993.6 3217.02
994.8 3244.0
996.0 3209.63
997.2 3209.61
998.4 3271.22
999.6 3344.76
1000.8 3511.19
1002.0 3716.95
1003.2 3916.62
1004.4 4085.2
1005.6 4258.76
1006.8 4442.09
1008.0 4677.13
1009.2 4939.97
1010.4 5177.53
1011.6 5379.66
1012.8 5541.4
1014.0 5682.74
1015.2 5816.89
1016.4 6045.62
1017.6 6230.9
1018.8 6380.06
1020.0 6511.39
1021.2 6613.4
1022.4 6701.11
1023.6 6757.88
1024.8 6763.59
1026.0 6758.89
1027.2 6779.89
1028.4 6806.7
1029.6 6854.54
1030.8 6897.95
1032.0 6907.15
1033.2 6898.07
1034.4 6860.39
1035.6 6822.49
1036.8 6787.27
1038.0 6722.54
1039.2 6644.63
1040.4 6644.2
1041.6 6616.51
1042.8 6618.75
1044.0 6686.61
1045.2 6801.98
1046.4 6938.67
1047.6 7139.52
1048.8 7336.69
1050.0 7538.81
1051.2 7697.29
1052.4 7802.97
1053.6 7921.43
1054.8 7978.16
1056.0 7972.27
1057.2 7919.48
1058.4 7849.4
1059.6 7729.73
1060.8 7654.86
1062.0 7602.07
1063.2 7608.6
1064.4 7718.36
1065.6 7845.27
1066.8 7971.13
1068.0 8081.66
1069.2 8166.15
1070.4 8178.0
1071.6 8161.49
1072.8 7998.68
1074.0 7861.39
1075.2 7725.99
1076.4 7600.43
1077.6 7541.98
1078.8 7501.85
1080.0 7433.36
1081.2 7461.36
1082.4 7544.48
1083.6 7569.69
1084.8 7532.58
1086.0 7459.48
1087.2 7386.52
1088.4 7329.99
1089.6 7266.23
1090.8 7173.54
1092.0 7103.67
1093.2 7011.03
1094.4 6903.32
1095.6 6839.82
1096.8 6821.35
1098.0 6808.17
1099.2 6764.98
1100.4 6695.22
1101.6 6619.86
1102.8 6550.93
1104.0 6444.07
1105.2 6219.9
1106.4 5969.06
1107.6 5755.0
1108.8 5562.55
1110.0 5355.0
1111.2 5197.09
1112.4 5088.38
1113.6 4992.3
1114.8 4942.36
1116.0 4931.63
1117.2 4921.46
1118.4 4853.95
1119.6 4749.87
1120.8 4633.33
1122.0 4563.06
1123.2 4525.13
1124.4 4483.51
1125.6 4420.33
1126.8 4356.66
1128.0 4313.51
1129.2 4323.59
1130.4 4356.64
1131.6 4403.63
1132.8 4450.25
1134.0 4517.81
1135.2 4617.97
1136.4 4698.53
1137.6 4790.53
1138.8 4833.19
1140.0 4860.73
1141.2 4800.37
1142.4 4722.37
1143.6 4626.55
1144.8 4568.25
1146.0 4536.78
1147.2 4533.66
1148.4 4509.81
1149.6 4414.71
1150.8 4336.11
1152.0 4336.77
1153.2 4343.49
1154.4 4359.01
1155.6 4390.97
1156.8 4425.85
1158.0 4419.91
1159.2 4400.07
1160.4 4359.21
1161.6 4293.8
1162.8 4228.55
1164.0 4092.84
1165.2 3956.72
1166.4 3837.49
1167.6 3761.72
1168.8 3720.33
1170.0 3695.1
1171.2 3690.68
1172.4 3745.77
1173.6 3767.7
1174.8 3805.63
1176.0 3771.83
1177.2 3733.29
1178.4 3690.78
1179.6 3650.65
1180.8 3586.5
1182.0 3584.17
1183.2 3600.3
1184.4 3613.69
1185.6 3622.19
1186.8 3670.62
1188.0 3716.8
1189.2 3775.97
1190.4 3802.05
1191.6 3732.19
1192.8 3628.98
1194.0 3482.91
1195.2 3340.01
1196.4 3296.37
1197.6 3313.91
1198.8 3334.96
1200.0 3358.06
1201.2 3371.81
1202.4 3384.99
1203.6 3397.82
1204.8 -71602.18
1206.0 -146602.18
1207.2 -221602.18
1208.4 -257948.85
1209.6 -255631.24
1210.8 -253292.87
1212.0 -250939.79
1213.2 -248560.21
1214.4 -246150.95
1215.6 -243735.04
1216.8 -237525.26
1218.0 -231213.63
1219.2 -224865.14
1220.4 -218427.22
1221.6 -211874.72
1222.8 -205297.36
1224.0 -198704.67
1225.2 -192096.94
1226.4 -185475.9
1227.6 -178842.74
1228.8 -172202.32
1230.0 -165563.76
1231.2 -158925.64
1232.4 -152291.35
1233.6 -145663.92
1234.8 -139040.02
1236.0 -132421.77
1237.2 -125819.86
1238.4 -119233.32
1239.6 -112664.76
1240.8 -106122.28
1242.0 -99608.83
1243.2 -93125.01
1244.4 -86671.12
1245.6 -80249.6
1246.8 -73869.35
1248.0 -67528.15
1249.2 -61225.23
1250.4 -54968.63
1251.6 -48759.04
1252.8 -42602.01
1254.0 -36497.4
1255.2 -30451.18
1256.4 -24465.68
1257.6 -18538.61
1258.8 -12677.62
1260.0 -6882.31
1261.2 -1149.38
1262.4 4512.76
1263.6 10102.23
1264.8 15616.84
1266.0 21055.0
1267.2 26416.03
1268.4 31697.65
1269.6 36898.53
1270.8 42014.16
1272.0 47036.51
1273.2 51981.34
1274.4 56837.75
1275.6 61606.06
1276.8 66283.75
1278.0 70870.34
1279.2 75365.48
1280.4 79766.95
1281.6 84073.14
1282.8 88286.46
1284.0 92404.26
1285.2 96424.11
1286.4 100344.93
1287.6 104166.12
1288.8 107886.12
1290.0 111504.67
1291.2 115020.36
1292.4 118434.78
1293.6 121745.56
1294.8 124951.37
1296.0 128050.55
1297.2 131043.27
1298.4 133928.82
1299.6 136706.03
1300.8 139372.83
1302.0 141931.38
1303.2 144381.82
1304.4 146724.08
1305.6 148959.82
1306.8 151088.52
1308.0 153087.46
1309.2 154991.11
1310.4 156795.56
1311.6 158490.87
1312.8 160078.25
1314.0 161558.25
1315.2 162930.82
1316.4 164197.97
1317.6 165359.8
1318.8 166361.76
1320.0 167172.7
1321.2 167856.08
1322.4 168356.27
1323.6 168744.25
1324.8 168962.3
1326.0 169052.1
1327.2 169017.35
1328.4 168841.88
1329.6 168512.96
1330.8 168070.26
1332.0 167436.09
1333.2 166682.7
1334.4 165794.21
1335.6 164781.04
1336.8 163585.78
1338.0 162277.63
1339.2 160876.21
1340.4 159325.53
1341.6 157662.63
1342.8 155910.59
1344.0 154073.73
1345.2 152104.88
1346.4 150000.47
1347.6 147785.21
1348.8 145498.63
1350.0 143095.92
1351.2 140612.24
1352.4 138062.4
1353.6 135414.46
1354.8 132683.93
1356.0 129893.12
1357.2 127069.79
1358.4 124157.1
1359.6 121138.17
1360.8 118083.33
1362.0 114963.29
1363.2 111777.97
1364.4 108555.79
1365.6 105290.01
1366.8 101955.14
1368.0 98590.64
1369.2 95165.76
1370.4 91704.95
1371.6 88193.89
1372.8 84675.61
1374.0 81127.36
1375.2 77553.42
1376.4 73957.45
1377.6 70333.55
1378.8 66711.89
1380.0 61405.6
1381.2 55998.07
1382.4 50956.96
1383.6 46133.98
1384.8 41611.23
1386.0 37294.77
1387.2 33139.81
1388.4 29170.05
1389.6 25396.89
1390.8 21797.25
1392.0 18399.57
1393.2 15187.39
1394.4 12126.59
1395.6 9274.24
1396.8 6615.61
1398.0 4066.4
1399.2 1449.03
1400.4 -1248.4
1401.6 -4011.28
1402.8 -6856.55
1404.0 -9776.8
1405.2 -12808.4
1406.4 -15927.69
1407.6 -19126.0
1408.8 -22385.41
1410.0 -25765.87
1411.2 -29249.65
1412.4 -32763.13
1413.6 -36283.43
1414.8 -39770.94
1416.0 -43193.46
1417.2 -46576.3
1418.4 -49998.53
1419.6 -53443.18
1420.8 -56814.36
1422.0 -60208.02
1423.2 -63580.61
1424.4 -66992.46
1425.6 -70390.38
1426.8 -73719.52
1428.0 -77063.78
1429.2 -80389.27
1430.4 -83651.82
1431.6 -86728.93
1432.8 -89764.07
1434.0 -92684.14
1435.2 -95420.58
1436.4 -98067.73
1437.6 -100541.24
1438.8 -103011.51
1440.0 -103000.17
1441.2 -104136.77
1442.4 -94765.07
1443.6 -86051.86
1444.8 -78059.16
1446.0 -70739.16
1447.2 -63985.02
1448.4 -57812.31
1449.6 -52114.45
1450.8 -46932.64
1452.0 -42138.03
1453.2 -37715.77
1454.4 -33645.32
1455.6 -29948.54
1456.8 -26609.46
1458.0 -23553.15
1459.2 -20788.68
1460.4 -18287.41
1461.6 -16030.1
1462.8 -13972.57
1464.0 -12099.49
1465.2 -10378.86
1466.4 -8830.16
1467.6 -7467.59
1468.8 -6276.79
1470.0 -5218.81
1471.2 -4269.75
1472.4 -3454.01
1473.6 -2746.12
1474.8 -2148.73
1476.0 -1663.57
1477.2 -1290.08
1478.4 -1021.52
1479.6 -852.61
1480.8 -722.94
1482.0 -610.09
1483.2 -547.94
1484.4 -487.62
1485.6 -471.14
1486.8 -491.05
1488.0 -543.89
1489.2 -641.79
1490.4 -805.54
1491.6 -1015.02
1492.8 -1279.78
1494.0 -1576.86
1495.2 -1850.62
1496.4 -2097.42
1497.6 -2346.08
1498.8 -2593.98
1500.0 -2842.36
1501.2 -3088.69
1502.4 -3345.01
1503.6 -3525.58
1504.8 -3664.47
1506.0 -3808.73
1507.2 -4443.5
1508.4 -6991.77
1509.6 -9554.39
1510.8 -12138.36
1512.0 -14798.58
1513.2 -17501.4
1514.4 -20232.85
1515.6 -22972.61
1516.8 -25748.7
1518.0 -28592.77
1519.2 -31453.03
1520.4 -34229.93
1521.6 -36944.92
1522.8 -39601.78
1524.0 -40255.69
1525.2 -36530.09
1526.4 -33120.18
1527.6 -29998.19
1528.8 -27163.27
1530.0 -24607.06
1531.2 -22257.53
1532.4 -20103.13
1533.6 -18083.49
1534.8 -16210.46
1536.0 -14498.81
1537.2 -12818.82
1538.4 -11304.85
1539.6 -9890.53
1540.8 -8574.76
1542.0 -7306.73
1543.2 -6082.87
1544.4 -4896.0
1545.6 -3772.97
1546.8 -2777.86
1548.0 -1895.74
1549.2 -1098.49
1550.4 -318.26
1551.6 376.06
1552.8 989.44
1554.0 1601.69
1555.2 2147.61
1556.4 2670.89
1557.6 3112.54
1558.8 3479.17
1560.0 3770.74
1561.2 3932.65
1562.4 4038.83
1563.6 4085.66
1564.8 4106.09
1566.0 4058.01
1567.2 4004.07
1568.4 3938.59
1569.6 3824.81
1570.8 3699.49
1572.0 3564.75
1573.2 3433.31
1574.4 3286.75
1575.6 3098.69
1576.8 2943.67
1578.0 2806.98
1579.2 2678.92
1580.4 2544.17
1581.6 2317.12
1582.8 2098.34
1584.0 1912.28
1585.2 1761.97
1586.4 1660.71
1587.6 1645.29
1588.8 1658.81
1590.0 1772.6
1591.2 1936.3
1592.4 2102.69
1593.6 2266.73
1594.8 2414.11
1596.0 2530.76
1597.2 2596.38
1598.4 2636.76
1599.6 2618.5
1600.8 2619.43
1602.0 2627.63
1603.2 2624.64
1604.4 2588.79
1605.6 2536.29
1606.8 2524.78
1608.0 2581.28
1609.2 2643.71
1610.4 2681.83
1611.6 2710.26
1612.8 2724.04
1614.0 2687.93
1615.2 2616.25
1616.4 2547.41
1617.6 2497.8
1618.8 2468.22
1620.0 2415.04
1621.2 2361.7
1622.4 2379.7
1623.6 2399.46
1624.8 2487.18
1626.0 2547.54
1627.2 2547.92
1628.4 2515.65
1629.6 2447.44
1630.8 2400.49
1632.0 2358.81
1633.2 2346.41
1634.4 2376.34
1635.6 2394.88
1636.8 2481.86
1638.0 2568.47
1639.2 2607.82
1640.4 2590.71
1641.6 2498.05
1642.8 2393.55
1644.0 2258.21
1645.2 2154.7
1646.4 2069.55
1647.6 1988.84
1648.8 1898.54
1650.0 1779.52
1651.2 1644.41
1652.4 1549.6
1653.6 1527.23
1654.8 1530.39
1656.0 1514.26
1657.2 1488.93
1658.4 1465.7
1659.6 1456.39
1660.8 1450.99
1662.0 1471.31
1663.2 1484.88
1664.4 1489.53
1665.6 1498.1
1666.8 1549.47
1668.0 1693.72
1669.2 1864.54
1670.4 2032.4
1671.6 2172.53
1672.8 2277.47
1674.0 2392.0
1675.2 2499.53
1676.4 2588.51
1677.6 2654.36
1678.8 2737.16
1680.0 2855.21
1681.2 2939.36
1682.4 3021.4
1683.6 3158.95
1684.8 3241.22
1686.0 3271.53
1687.2 3253.62
1688.4 3217.73
1689.6 3159.72
1690.8 3104.27
1692.0 3027.67
1693.2 2972.25
1694.4 2926.81
1695.6 2885.32
1696.8 2827.38
1698.0 2771.3
1699.2 2688.43
1700.4 2645.77
1701.6 2640.34
1702.8 2638.69
1704.0 2631.0
1705.2 2719.13
1706.4 2867.16
1707.6 2957.95
1708.8 3041.45
1710.0 3123.22
1711.2 3175.19
1712.4 3200.95
1713.6 3239.2
1714.8 3344.82
1716.0 3472.44
1717.2 3544.78
1718.4 3626.52
1719.6 3739.33
1720.8 3878.95
1722.0 4027.53
1723.2 4120.32
1724.4 4204.78
1725.6 4223.63
1726.8 4266.61
1728.0 4292.99
1729.2 4310.97
1730.4 4417.25
1731.6 4577.43
1732.8 4718.85
1734.0 4839.79
1735.2 4931.62
1736.4 5007.28
1737.6 5097.1
1738.8 5180.61
1740.0 5257.08
1741.2 5342.06
1742.4 5444.26
1743.6 5511.28
1744.8 5560.28
1746.0 5614.03
1747.2 5633.79
1748.4 5618.98
1749.6 5578.87
1750.8 5552.39
1752.0 5548.06
1753.2 5518.14
1754.4 5481.49
1755.6 5400.0
1756.8 5296.17
1758.0 5203.47
1759.2 5015.45
1760.4 4844.62
1761.6 4630.9
1762.8 4423.08
1764.0 4198.17
1765.2 3989.12
1766.4 3761.94
1767.6 3541.8
1768.8 3348.03
1770.0 3176.88
1771.2 2945.36
1772.4 2700.96
1773.6 2531.88
1774.8 2387.05
1776.0 2264.16
1777.2 2172.25
1778.4 2106.37
1779.6 2051.97
1780.8 2022.21
1782.0 1998.4
1783.2 1944.99
1784.4 1894.57
1785.6 1857.07
1786.8 1863.18
1788.0 1903.05
1789.2 1949.46
1790.4 2061.69
1791.6 2128.86
1792.8 2186.75
1794.0 2283.32
1795.2 2388.41
1796.4 2509.19
1797.6 2711.54
1798.8 2913.42
1800.0 3087.86
1801.2 3208.06
1802.4 3297.99
1803.6 3370.22
1804.8 3382.13
1806.0 3483.27
1807.2 3576.78
1808.4 3713.71
1809.6 3848.17
1810.8 3977.53
1812.0 4133.27
1813.2 4295.58
1814.4 4425.71
1815.6 4581.2
1816.8 4816.04
1818.0 5038.73
1819.2 5274.5
1820.4 5496.29
1821.6 5694.27
1822.8 5787.59
1824.0 5848.95
1825.2 5916.14
1826.4 5993.39
1827.6 6049.74
1828.8 6091.67
1830.0 6170.67
1831.2 6253.61
1832.4 6316.8
1833.6 6387.36
1834.8 6440.36
1836.0 6447.09
1837.2 6392.59
1838.4 6357.57
1839.6 6356.11
1840.8 6347.58
1842.0 6337.0
1843.2 6310.74
1844.4 6265.3
1845.6 6239.14
1846.8 6260.49
1848.0 6303.82
1849.2 6409.6
1850.4 6537.07
1851.6 6707.57
1852.8 6879.31
1854.0 6984.02
1855.2 7046.73
1856.4 7009.1
1857.6 6886.61
1858.8 6785.67
1860.0 6715.57
1861.2 6654.56
1862.4 6594.06
1863.6 6483.03
1864.8 6337.79
1866.0 6201.68
1867.2 6044.4
1868.4 5879.89
1869.6 5719.11
1870.8 5560.8
1872.0 5396.23
1873.2 5275.97
1874.4 5190.2
1875.6 5108.23
1876.8 5039.02
1878.0 4978.75
1879.2 4866.03
1880.4 4676.69
1881.6 4558.59
1882.8 4474.61
1884.0 4428.77
1885.2 4408.38
1886.4 4393.39
1887.6 4346.87
1888.8 4321.45
1890.0 4323.14
1891.2 4339.28
1892.4 4394.03
1893.6 4444.26
1894.8 4483.74
1896.0 4498.85
1897.2 4471.78
1898.4 4451.9
1899.6 4417.25
1900.8 4404.06
1902.0 4373.01
1903.2 4338.36
1904.4 4276.15
1905.6 4223.24
1906.8 4349.7
1908.0 4456.04
1909.2 4486.66
1910.4 4597.88
1911.6 4728.64
1912.8 4897.49
1914.0 4966.83
1915.2 4959.94
1916.4 4972.41
1917.6 4985.48
1918.8 4959.11
1920.0 5029.31
1921.2 5102.76
1922.4 5152.44
1923.6 5179.67
1924.8 5222.35
1926.0 5275.74
1927.2 5325.93
1928.4 5378.62
1929.6 5434.11
1930.8 5482.06
1932.0 5608.97
1933.2 5744.62
1934.4 5822.33
1935.6 5892.19
1936.8 6014.78
1938.0 6165.48
1939.2 6298.52
1940.4 6379.09
1941.6 6440.83
1942.8 6461.49
1944.0 6494.58
1945.2 6492.2
1946.4 6397.57
1947.6 6367.31
1948.8 6396.5
1950.0 6417.57
1951.2 6403.37
1952.4 6426.43
1953.6 6416.47
1954.8 6382.24
1956.0 6325.93
1957.2 6263.8
1958.4 6176.34
1959.6 6063.73
1960.8 5958.53
1962.0 5875.26
1963.2 5802.38
1964.4 5756.41
1965.6 5733.53
1966.8 5708.41
1968.0 5703.66
1969.2 5687.05
1970.4 5689.01
1971.6 5735.19
1972.8 5735.54
1974.0 5742.42
1975.2 5749.69
1976.4 5758.72
1977.6 5661.03
1978.8 5577.92
1980.0 5500.37
1981.2 5386.25
1982.4 5256.68
1983.6 5097.46
1984.8 4948.19
1986.0 4850.3
1987.2 4756.5
1988.4 4644.0
1989.6 4516.29
1990.8 4410.59
1992.0 4307.88
1993.2 4206.3
1994.4 4114.39
1995.6 4031.31
1996.8 3911.2
1998.0 3814.87
1999.2 3799.59
2000.4 3876.27
2001.6 4005.65
2002.8 4120.48
2004.0 4147.03
2005.2 4180.07
2006.4 4191.24
2007.6 4082.75
2008.8 4005.27
2010.0 3953.76
2011.2 3905.85
2012.4 3839.54
2013.6 3730.95
2014.8 3631.28
2016.0 3501.11
2017.2 3377.25
2018.4 3250.6
2019.6 3104.75
2020.8 2955.76
2022.0 2823.16
2023.2 2807.06
2024.4 2836.54
2025.6 2856.15
2026.8 2838.92
2028.0 2780.95
2029.2 2706.35
2030.4 2724.39
2031.6 2899.11
2032.8 3101.58
2034.0 3343.49
2035.2 3608.92
2036.4 3861.39
2037.6 4126.86
2038.8 4441.82
2040.0 4729.06
2041.2 5023.77
2042.4 5342.2
2043.6 5631.45
2044.8 5921.99
2046.0 6188.08
2047.2 6468.84
2048.4 6756.67
2049.6 6996.28
2050.8 7181.9
2052.0 7370.44
2053.2 7547.38
2054.4 7716.35
2055.6 7907.4
2056.8 8048.95
2058.0 8162.73
2059.2 8213.11
2060.4 8259.99
2061.6 8158.64
2062.8 8053.14
2064.0 7906.59
2065.2 7773.93
2066.4 7634.31
2067.6 7439.71
2068.8 7217.69
2070.0 6990.29
2071.2 6720.42
2072.4 6442.69
2073.6 6194.59
2074.8 5993.82
2076.0 5844.95
2077.2 5673.88
2078.4 5518.8
2079.6 5361.97
2080.8 5183.08
2082.0 4995.24
2083.2 4806.69
2084.4 4638.66
2085.6 4560.11
2086.8 4560.28
2088.0 4629.85
2089.2 4751.22
2090.4 4869.47
2091.6 4975.27
2092.8 5116.23
2094.0 5307.6
2095.2 5498.82
2096.4 5675.27
2097.6 5799.62
2098.8 5915.92
2100.0 5961.76
2101.2 5998.2
2102.4 6044.74
2103.6 6121.86
2104.8 6256.66
2106.0 6453.85
2107.2 6701.86
2108.4 6934.72
2109.6 7153.89
2110.8 7360.45
2112.0 7532.21
2113.2 7634.9
2114.4 7684.0
2115.6 7715.98
2116.8 7736.06
2118.0 7735.29
2119.2 7777.26
2120.4 7806.63
2121.6 7827.47
2122.8 7870.84
2124.0 7926.59
2125.2 7973.18
2126.4 7932.71
2127.6 7866.51
2128.8 7783.47
2130.0 7686.24
2131.2 7553.69
2132.4 7404.61
2133.6 7215.85
2134.8 7029.89
2136.0 6831.55
2137.2 6620.44
2138.4 6445.41
2139.6 6323.2
2140.8 6215.11
2142.0 6064.11
2143.2 5932.15
2144.4 5781.91
2145.6 5644.96
2146.8 5556.87
2148.0 5473.67
2149.2 5407.48
2150.4 5432.53
2151.6 5483.99
2152.8 5541.56
2154.0 5575.14
2155.2 5578.06
2156.4 5595.7
2157.6 5634.67
2158.8 5674.18
2160.0 5715.27
2161.2 5667.43
2162.4 5574.67
2163.6 5478.52
2164.8 5431.73
2166.0 5424.04
2167.2 5520.72
2168.4 5582.5
2169.6 5585.14
2170.8 5581.45
2172.0 5493.57
2173.2 5419.68
2174.4 5338.26
2175.6 5250.73
2176.8 5181.7
2178.0 5121.31
2179.2 5036.0
2180.4 4960.24
2181.6 4855.24
2182.8 4722.69
2184.0 4576.65
2185.2 4408.69
2186.4 4298.93
2187.6 4299.25
2188.8 4341.15
2190.0 4392.82
2191.2 4430.56
2192.4 4444.29
2193.6 4441.19
2194.8 4448.0
2196.0 4459.68
2197.2 4476.84
2198.4 4562.3
2199.6 4629.34
2200.8 4671.39
2202.0 4696.88
2203.2 4702.78
2204.4 4697.43
2205.6 4733.92
2206.8 4776.43
2208.0 4824.67
2209.2 4894.06
2210.4 5023.51
2211.6 5153.13
2212.8 5268.32
2214.0 5296.01
2215.2 5260.21
2216.4 5218.05
2217.6 5151.07
2218.8 5120.28
2220.0 5102.64
2221.2 5098.57
2222.4 5081.02
2223.6 5036.1
2224.8 4961.7
2226.0 4894.06
2227.2 4830.55
2228.4 4776.78
2229.6 4739.71
2230.8 4681.09
2232.0 4622.47
2233.2 4567.11
2234.4 4503.81
2235.6 4427.5
2236.8 4361.95
2238.0 4292.3
2239.2 4257.35
2240.4 4253.56
2241.6 4255.59
2242.8 4305.58
2244.0 4350.7
2245.2 4399.78
2246.4 4432.95
2247.6 4418.09
2248.8 4401.05
2250.0 4424.91
2251.2 4484.36
2252.4 4546.16
2253.6 4585.31
2254.8 4641.24
2256.0 4764.96
2257.2 4882.82
2258.4 4951.78
2259.6 5051.0
2260.8 5167.55
2262.0 5257.26
2263.2 5331.53
2264.4 5415.4
2265.6 5480.21
2266.8 5534.14
2268.0 5587.47
2269.2 5659.14
2270.4 5718.4
2271.6 5740.69
2272.8 5740.79
2274.0 5711.89
2275.2 5619.61
2276.4 5517.01
2277.6 5419.28
2278.8 5324.68
2280.0 5186.57
2281.2 5034.48
2282.4 4848.27
2283.6 4709.41
2284.8 4613.93
2286.0 4524.43
2287.2 4471.06
2288.4 4422.64
2289.6 4371.87
2290.8 4366.89
2292.0 4401.94
2293.2 4388.75
2294.4 4335.97
2295.6 4295.22
2296.8 4262.54
2298.0 4317.42
2299.2 4436.04
2300.4 4568.43
2301.6 4684.63
2302.8 4700.67
2304.0 4767.35
2305.2 4919.2
2306.4 5087.65
2307.6 5205.87
2308.8 5301.79
2310.0 5329.94
2311.2 5349.25
2312.4 5351.89
2313.6 5350.88
2314.8 5302.96
2316.0 5199.13
2317.2 5084.03
2318.4 4975.82
2319.6 4845.92
2320.8 4717.03
2322.0 4576.69
2323.2 4407.82
2324.4 4193.77
2325.6 3979.49
2326.8 3798.44
2328.0 3708.17
2329.2 3686.46
2330.4 3686.47
2331.6 3722.88
2332.8 3815.66
2334.0 3880.58
2335.2 3929.1
2336.4 3982.45
2337.6 4020.0
2338.8 3992.44
2340.0 3894.51
2341.2 3798.05
2342.4 3782.09
2343.6 3783.99
2344.8 3785.8
2346.0 3825.6
2347.2 3853.79
2348.4 3910.45
2349.6 3977.9
2350.8 4108.49
2352.0 4238.78
2353.2 4317.22
2354.4 4344.88
2355.6 4356.26
2356.8 4331.38
2358.0 4293.23
2359.2 4221.81
2360.4 4124.26
2361.6 3994.44
2362.8 3861.9
2364.0 3751.51
2365.2 3651.79
2366.4 3591.55
2367.6 3609.94
2368.8 3669.91
2370.0 3703.89
2371.2 3701.2
2372.4 3745.16
2373.6 3815.19
2374.8 3864.88
2376.0 3880.42
2377.2 3871.59
2378.4 3874.01
2379.6 3914.64
2380.8 3958.67
2382.0 4056.15
2383.2 4152.27
2384.4 4233.48
2385.6 4318.92
2386.8 4375.64
2388.0 4428.19
2389.2 4522.43
2390.4 4598.23
2391.6 4648.24
2392.8 4688.47
2394.0 4789.55
2395.2 4933.46
2396.4 5106.36
2397.6 5280.42
2398.8 5431.34
2400.0 5563.73
2401.2 5638.82
2402.4 5615.99
2403.6 5581.35
2404.8 5547.06
2406.0 5563.95
2407.2 5545.13
2408.4 5537.26
2409.6 5515.91
2410.8 5494.45
2412.0 5452.23
2413.2 5414.88
2414.4 5414.93
2415.6 5489.34
2416.8 5573.08
2418.0 5629.88
2419.2 5734.62
2420.4 5860.55
2421.6 5983.88
2422.8 6062.85
2424.0 6089.97
2425.2 6080.29
2426.4 6058.29
2427.6 6125.16
2428.8 6209.85
2430.0 6334.6
2431.2 6463.41
2432.4 6564.35
2433.6 6653.84
2434.8 6766.52
2436.0 6868.05
2437.2 6908.17
2438.4 6924.29
2439.6 6884.53
2440.8 6853.37
2442.0 6847.02
2443.2 6841.56
2444.4 6738.7
2445.6 6604.74
2446.8 6491.39
2448.0 6383.61
2449.2 6341.42
2450.4 6335.74
2451.6 6347.16
2452.8 6357.04
2454.0 6276.71
2455.2 6186.18
2456.4 6102.41
2457.6 6048.55
2458.8 5963.58
2460.0 5864.86
2461.2 5727.8
2462.4 5610.12
2463.6 5545.7
2464.8 5503.98
2466.0 5462.56
2467.2 5448.01
2468.4 5427.85
2469.6 5409.54
2470.8 5497.58
2472.0 5591.47
2473.2 5713.38
2474.4 5888.7
2475.6 6046.49
2476.8 6103.97
2478.0 6143.25
2479.2 6105.31
2480.4 6063.45
2481.6 5960.91
2482.8 5891.5
2484.0 5833.38
2485.2 5775.31
2486.4 5682.71
2487.6 5639.45
2488.8 5594.91
2490.0 5568.48
2491.2 5532.7
2492.4 5524.15
2493.6 5560.17
2494.8 5600.85
2496.0 5637.84
2497.2 5661.77
2498.4 5647.93
2499.6 5631.33
2500.8 5617.75
2502.0 5585.11
2503.2 5553.87
2504.4 5516.65
2505.6 5443.03
2506.8 5383.94
2508.0 5404.84
2509.2 5503.58
2510.4 5594.19
2511.6 5700.3
2512.8 5805.27
2514.0 5906.21
2515.2 5988.83
2516.4 6075.83
2517.6 6162.16
2518.8 6238.51
2520.0 6302.2
2521.2 6352.33
2522.4 6374.19
2523.6 6374.02
2524.8 6360.61
2526.0 6307.41
2527.2 6277.18
2528.4 6252.38
2529.6 6171.6
2530.8 6152.55
2532.0 6158.6
2533.2 6150.87
2534.4 6163.66
2535.6 6196.27
2536.8 6180.99
2538.0 6171.24
2539.2 6168.21
2540.4 6120.55
2541.6 6055.33
2542.8 5984.34
2544.0 5870.27
2545.2 5761.03
2546.4 5604.65
2547.6 5396.81
2548.8 5201.41
2550.0 4997.79
2551.2 4809.8
2552.4 4658.75
2553.6 4529.55
2554.8 4390.25
2556.0 4192.57
2557.2 4004.23
2558.4 3769.69
2559.6 3548.65
2560.8 3391.23
2562.0 3283.88
2563.2 3178.55
2564.4 3036.72
2565.6 2912.36
2566.8 2806.22
2568.0 2662.92
2569.2 2547.26
2570.4 2453.15
2571.6 2385.3
2572.8 2366.87
2574.0 2392.8
2575.2 2399.05
2576.4 2476.57
2577.6 2609.99
2578.8 2745.33
2580.0 2897.93
2581.2 3051.67
2582.4 3239.84
2583.6 3502.18
2584.8 3844.71
2586.0 4175.17
2587.2 4492.62
2588.4 4808.62
2589.6 5121.87
2590.8 5378.82
2592.0 5590.57
2593.2 5759.79
2594.4 5941.7
2595.6 6122.06
2596.8 6269.39
2598.0 6364.66
2599.2 6491.82
2600.4 6630.17
2601.6 6756.14
2602.8 6856.7
2604.0 6910.06
2605.2 6928.39
2606.4 6958.0
2607.6 6969.91
2608.8 6950.97
2610.0 6864.05
2611.2 6796.22
2612.4 6732.07
2613.6 6652.97
2614.8 6607.13
2616.0 6569.08
2617.2 6543.71
2618.4 6532.2
2619.6 6525.7
2620.8 6565.97
2622.0 6592.84
2623.2 6581.65
2624.4 6532.38
2625.6 6467.88
2626.8 6401.0
2628.0 6341.68
2629.2 6289.2
2630.4 6250.86
2631.6 6202.02
2632.8 5984.92
2634.0 5841.46
2635.2 5682.43
2636.4 5474.77
2637.6 5279.77
2638.8 5086.76
2640.0 4910.69
2641.2 4791.17
2642.4 4680.51
2643.6 4550.03
2644.8 4422.46
2646.0 4249.38
2647.2 4038.51
2648.4 3869.18
2649.6 3733.28
2650.8 3626.88
2652.0 3575.17
2653.2 3535.98
2654.4 3530.09
2655.6 3689.5
2656.8 3858.35
2658.0 4020.37
2659.2 4216.91
2660.4 4383.52
2661.6 4528.18
2662.8 4657.8
2664.0 4760.9
2665.2 4825.71
2666.4 4924.23
2667.6 5039.86
2668.8 5160.26
2670.0 5271.74
2671.2 5353.42
2672.4 5447.42
2673.6 5518.03
2674.8 5561.71
2676.0 5535.45
2677.2 5455.31
2678.4 5374.77
2679.6 5325.56
2680.8 5308.33
2682.0 5309.53
2683.2 5254.36
2684.4 5161.66
2685.6 5079.95
2686.8 4993.44
2688.0 4932.66
2689.2 4969.11
2690.4 5052.51
2691.6 5138.54
2692.8 5239.14
2694.0 5340.31
2695.2 5433.6
2696.4 5543.98
2697.6 5714.1
2698.8 5920.59
2700.0 6157.88
2701.2 6434.61
2702.4 6687.45
2703.6 6854.83
2704.8 6947.32
2706.0 7027.51
2707.2 7028.07
2708.4 7018.04
2709.6 6974.22
2710.8 6945.35
2712.0 6917.36
2713.2 6855.59
2714.4 6784.35
2715.6 6619.6
2716.8 6420.79
2718.0 6221.97
2719.2 6063.84
2720.4 5931.16
2721.6 5815.33
2722.8 5724.87
2724.0 5654.81
2725.2 5593.53
2726.4 5471.72
2727.6 5343.63
2728.8 5227.57
2730.0 5111.7
2731.2 4968.88
2732.4 4855.5
2733.6 4743.88
2734.8 4638.76
2736.0 4567.34
2737.2 4519.67
2738.4 4481.73
2739.6 4391.63
2740.8 4272.43
2742.0 4169.62
2743.2 4126.81
2744.4 4139.42
2745.6 4186.49
2746.8 4215.45
2748.0 4186.64
2749.2 4127.5
2750.4 4004.8
2751.6 3874.96
2752.8 3735.69
2754.0 3499.45
2755.2 3247.34
2756.4 3056.91
2757.6 2888.83
2758.8 2730.48
2760.0 2593.1
2761.2 2509.79
2762.4 2489.69
2763.6 2529.03
2764.8 2577.97
2766.0 2633.27
2767.2 2685.93
2768.4 2716.41
2769.6 2726.71
2770.8 2765.19
2772.0 2863.83
2773.2 2944.05
2774.4 3009.27
2775.6 3009.28
2776.8 2999.94
2778.0 2998.6
2779.2 3058.85
2780.4 3132.36
2781.6 3297.04
2782.8 3442.65
2784.0 3542.6
2785.2 3651.45
2786.4 3820.38
2787.6 4000.46
2788.8 4192.72
2790.0 4396.53
2791.2 4564.27
2792.4 4713.65
2793.6 4906.92
2794.8 5201.35
2796.0 5463.64
2797.2 5680.53
2798.4 5835.22
2799.6 5971.9
2800.8 6099.88
2802.0 6217.91
2803.2 6336.14
2804.4 6457.7
2805.6 6540.34
2806.8 6603.43
2808.0 6727.37
2809.2 6828.93
2810.4 6903.45
2811.6 7024.65
2812.8 7142.56
2814.0 7244.55
2815.2 7288.96
2816.4 7303.71
2817.6 7286.93
2818.8 7186.64
2820.0 7154.16
2821.2 7160.21
2822.4 7154.42
2823.6 7118.98
2824.8 7085.88
2826.0 7092.2
2827.2 7149.66
2828.4 7294.24
2829.6 7455.89
2830.8 7569.89
2832.0 7649.37
2833.2 7730.56
2834.4 7829.01
2835.6 7935.86
2836.8 8060.21
2838.0 8168.29
2839.2 8162.9
2840.4 8149.57
2841.6 8145.93
2842.8 8225.37
2844.0 8314.83
2845.2 8358.54
2846.4 8327.74
2847.6 8297.86
2848.8 8203.71
2850.0 8106.46
2851.2 8014.18
2852.4 7936.14
2853.6 7819.31
2854.8 7713.18
2856.0 7507.83
2857.2 7310.0
2858.4 7118.27
2859.6 6948.08
2860.8 6787.48
2862.0 6638.43
2863.2 6464.63
2864.4 6293.18
2865.6 6117.48
2866.8 5914.48
2868.0 5667.45
2869.2 5462.52
2870.4 5298.64
2871.6 5133.66
2872.8 4969.69
2874.0 4806.38
2875.2 4690.92
2876.4 4658.67
2877.6 4647.14
2878.8 4616.7
2880.0 4548.76
2881.2 4488.68
2882.4 4497.93
2883.6 4481.03
2884.8 4426.55
2886.0 4348.5
2887.2 4266.82
2888.4 4081.9
2889.6 3903.99
2890.8 3725.03
2892.0 3599.37
2893.2 3521.24
2894.4 3459.49
2895.6 3453.22
2896.8 3463.52
2898.0 3492.62
2899.2 3561.06
2900.4 3650.94
2901.6 3744.35
2902.8 3798.98
2904.0 3851.33
2905.2 3953.72
2906.4 4067.65
2907.6 4154.67
2908.8 4259.45
2910.0 4451.92
2911.2 4735.15
2912.4 5086.78
2913.6 5426.88
2914.8 5734.07
2916.0 5971.96
2917.2 6197.12
2918.4 6433.26
2919.6 6644.44
2920.8 6808.83
2922.0 6948.98
2923.2 7092.86
2924.4 7211.15
2925.6 7298.65
2926.8 7376.54
2928.0 7452.86
2929.2 7529.12
2930.4 7557.28
2931.6 7556.32
2932.8 7540.26
2934.0 7520.51
2935.2 7455.86
2936.4 7354.63
2937.6 7233.08
2938.8 7030.58
2940.0 6788.72
2941.2 6596.09
2942.4 6433.16
2943.6 6319.1
2944.8 6215.07
2946.0 6111.96
2947.2 6035.5
2948.4 5948.12
2949.6 5851.64
2950.8 5699.23
2952.0 5513.36
2953.2 5290.5
2954.4 5063.95
2955.6 4845.36
2956.8 4617.67
2958.0 4435.56
2959.2 4273.78
2960.4 4093.4
2961.6 3900.01
2962.8 3679.67
2964.0 3512.23
2965.2 3416.72
2966.4 3377.64
2967.6 3335.64
2968.8 3352.77
2970.0 3386.44
2971.2 3400.32
2972.4 3403.98
2973.6 3405.25
2974.8 3398.4
2976.0 3385.27
2977.2 3366.35
2978.4 3349.08
2979.6 3284.24
2980.8 3303.22
2982.0 3371.16
2983.2 3430.84
2984.4 3478.48
2985.6 3620.04
2986.8 3769.56
2988.0 3910.46
2989.2 4038.76
2990.4 4066.6
2991.6 4017.77
2992.8 3950.17
2994.0 3891.83
2995.2 3881.17
2996.4 3865.76
2997.6 3819.22
2998.8 3726.09
3000.0 3627.96
3001.2 3504.92
3002.4 3394.08
3003.6 3302.92
3004.8 3270.67
3006.0 3294.89
3007.2 3371.04
3008.4 3416.93
3009.6 3450.48
3010.8 3485.79
3012.0 3510.71
3013.2 3520.13
3014.4 3541.18
3015.6 3700.73
3016.8 3853.5
3018.0 3935.95
3019.2 3949.84
3020.4 3974.03
3021.6 3994.59
3022.8 4004.72
3024.0 4078.01
3025.2 4183.43
3026.4 4305.11
3027.6 4432.14
3028.8 4474.21
3030.0 4488.64
3031.2 4493.71
3032.4 4428.62
3033.6 4371.67
3034.8 4292.52
3036.0 4239.18
3037.2 4193.27
3038.4 4112.45
3039.6 4039.99
3040.8 4009.8
3042.0 3985.14
3043.2 3936.63
3044.4 3983.55
3045.6 4081.03
3046.8 4146.78
3048.0 4162.03
3049.2 4154.61
3050.4 4154.94
3051.6 4162.78
3052.8 4147.86
3054.0 4099.19
3055.2 4042.99
3056.4 3986.66
3057.6 3940.22
3058.8 3985.13
3060.0 4055.38
3061.2 4103.67
3062.4 4189.88
3063.6 4321.81
3064.8 4443.35
3066.0 4483.37
3067.2 4477.9
3068.4 4471.83
3069.6 4521.66
3070.8 4567.9
3072.0 4614.21
3073.2 4655.39
3074.4 4723.69
3075.6 4764.36
3076.8 4805.66
3078.0 4890.38
3079.2 4975.29
3080.4 5031.22
3081.6 5071.52
3082.8 5063.85
3084.0 5054.16
3085.2 5047.45
3086.4 5050.24
3087.6 5061.31
3088.8 5068.73
3090.0 5073.67
3091.2 5107.3
3092.4 5133.45
3093.6 5160.67
3094.8 5190.62
3096.0 5236.44
3097.2 5284.08
3098.4 5356.79
3099.6 5434.67
