0.0 1250.0
1.2 1250.0
2.4 1249.99
3.6 1249.97
4.8 1249.95
6.0 1249.92
7.2 1249.89
8.4 1249.86
9.6 1249.82
10.8 1249.78
12.0 1249.74
13.2 1249.7
14.4 1249.66
15.6 1249.62
16.8 1249.57
18.0 1249.53
19.2 1249.49
20.4 1249.44
21.6 1249.4
22.8 1249.35
24.0 1249.3
25.2 1249.26
26.4 1249.21
27.6 1249.16
28.8 1249.12
30.0 1249.07
31.2 1249.03
32.4 1248.98
33.6 1248.93
34.8 1248.89
36.0 1248.84
37.2 1248.79
38.4 1248.75
39.6 1248.7
40.8 1248.65
42.0 1248.61
43.2 1248.56
44.4 1248.52
45.6 1248.47
46.8 1248.43
48.0 1248.39
49.2 1248.34
50.4 1248.3
51.6 1248.26
52.8 1248.22
54.0 1248.18
55.2 1248.14
56.4 1248.1
57.6 1248.06
58.8 1248.02
60.0 1247.99
61.2 1247.95
62.4 1247.92
63.6 1247.88
64.8 1247.85
66.0 1247.82
67.2 1247.78
68.4 1247.75
69.6 1247.72
70.8 1247.69
72.0 1247.66
73.2 1247.63
74.4 1247.6
75.6 1247.57
76.8 1247.54
78.0 1247.52
79.2 1247.49
80.4 1247.46
81.6 1247.44
82.8 1247.41
84.0 1247.39
85.2 1247.36
86.4 1247.34
87.6 1247.31
88.8 1247.29
90.0 1247.27
91.2 1247.24
92.4 1247.22
93.6 1247.2
94.8 1247.18
96.0 1247.16
97.2 1247.14
98.4 1247.11
99.6 1247.09
100.8 1247.08
102.0 1247.06
103.2 1247.04
104.4 1247.02
105.6 1247.0
106.8 1246.99
108.0 1246.97
109.2 1246.96
110.4 1246.95
111.6 1246.93
112.8 1246.92
114.0 1246.91
115.2 1246.9
116.4 1246.89
117.6 1246.88
118.8 1246.88
120.0 1246.87
121.2 1246.86
122.4 1246.86
123.6 1246.85
124.8 1246.85
126.0 1246.84
127.2 1246.84
128.4 1246.83
129.6 1246.83
130.8 1246.83
132.0 1246.82
133.2 1246.82
134.4 1246.82
135.6 1246.82
136.8 1246.81
138.0 1246.81
139.2 1246.81
140.4 1246.81
141.6 1246.8
142.8 1246.8
144.0 1246.8
145.2 1246.79
146.4 1246.79
147.6 1246.79
148.8 1246.79
150.0 1246.78
151.2 1246.78
152.4 1246.78
153.6 1246.78
154.8 1246.78
156.0 1246.77
157.2 1246.77
158.4 1246.77
159.6 1246.77
160.8 1246.77
162.0 1246.77
163.2 1246.77
164.4 1246.77
165.6 1246.77
166.8 1246.77
168.0 1246.77
169.2 1246.78
170.4 1246.78
171.6 1246.78
172.8 1246.78
174.0 1246.79
175.2 1246.79
176.4 1246.79
177.6 1246.8
178.8 1246.8
180.0 1246.81
181.2 1246.82
182.4 1246.82
183.6 1246.83
184.8 1246.83
186.0 1246.84
187.2 1246.85
188.4 1246.86
189.6 1246.86
190.8 1246.87
192.0 1246.88
193.2 1246.89
194.4 1246.9
195.6 1246.91
196.8 1246.92
198.0 1246.93
199.2 1246.93
200.4 1246.94
201.6 1246.95
202.8 1246.96
204.0 1246.97
205.2 1246.98
206.4 1246.99
207.6 1247.0
208.8 1247.01
210.0 1247.02
211.2 1247.03
212.4 1247.04
213.6 1247.05
214.8 1247.06
216.0 1247.07
217.2 1247.08
218.4 1247.08
219.6 1247.09
220.8 1247.1
222.0 1247.1
223.2 1247.11
224.4 1247.12
225.6 1247.12
226.8 1247.13
228.0 1247.13
229.2 1247.14
230.4 1247.14
231.6 1247.14
232.8 1247.15
234.0 1247.15
235.2 1247.15
236.4 1247.16
237.6 1247.16
238.8 1247.16
240.0 1247.17
241.2 1247.17
242.4 1247.17
243.6 1247.17
244.8 1247.18
246.0 1247.18
247.2 1247.18
248.4 1247.18
249.6 1247.19
250.8 1247.19
252.0 1247.19
253.2 1247.19
254.4 1247.19
255.6 1247.19
256.8 1247.2
258.0 1247.2
259.2 1247.2
260.4 1247.2
261.6 1247.2
262.8 1247.2
264.0 1247.2
265.2 1247.21
266.4 1247.21
267.6 1247.21
268.8 1247.21
270.0 1247.21
271.2 1247.21
272.4 1247.21
273.6 1247.22
274.8 1247.22
276.0 1247.22
277.2 1247.22
278.4 1247.22
279.6 1247.22
280.8 1247.22
282.0 1247.23
283.2 1247.23
284.4 1247.23
285.6 1247.23
286.8 1247.23
288.0 1247.23
289.2 1247.23
290.4 1247.23
291.6 1247.23
292.8 1247.23
294.0 1247.22
295.2 1247.22
296.4 1247.22
297.6 1247.22
298.8 1247.22
300.0 1247.22
301.2 1247.21
302.4 1247.21
303.6 1247.21
304.8 1247.21
306.0 1247.21
307.2 1247.2
308.4 1247.2
309.6 1247.2
310.8 1247.2
312.0 1247.2
313.2 1247.2
314.4 1247.19
315.6 1247.19
316.8 1247.2
318.0 1247.2
319.2 1247.2
320.4 1247.2
321.6 1247.2
322.8 1247.2
324.0 1247.21
325.2 1247.21
326.4 1247.22
327.6 1247.22
328.8 1247.23
330.0 1247.23
331.2 1247.24
332.4 1247.25
333.6 1247.26
334.8 1247.27
336.0 1247.28
337.2 1247.29
338.4 1247.3
339.6 1247.32
340.8 1247.33
342.0 1247.34
343.2 1247.35
344.4 1247.37
345.6 1247.38
346.8 1247.39
348.0 1247.41
349.2 1247.42
350.4 1247.44
351.6 1247.45
352.8 1247.46
354.0 1247.47
355.2 1247.49
356.4 1247.5
357.6 1247.51
358.8 1247.52
360.0 1247.53
361.2 1247.54
362.4 1247.56
363.6 1247.57
364.8 1247.58
366.0 1247.59
367.2 1247.6
368.4 1247.61
369.6 1247.62
370.8 1247.63
372.0 1247.65
373.2 1247.66
374.4 1247.67
375.6 1247.68
376.8 1247.7
378.0 1247.71
379.2 1247.72
380.4 1247.74
381.6 1247.75
382.8 1247.77
384.0 1247.79
385.2 1247.8
386.4 1247.82
387.6 1247.84
388.8 1247.86
390.0 1247.87
391.2 1247.89
392.4 1247.91
393.6 1247.93
394.8 1247.96
396.0 1247.98
397.2 1248.0
398.4 1248.02
399.6 1248.05
400.8 1248.07
402.0 1248.09
403.2 1248.12
404.4 1248.14
405.6 1248.16
406.8 1248.19
408.0 1248.21
409.2 1248.23
410.4 1248.26
411.6 1248.28
412.8 1248.3
414.0 1248.32
415.2 1248.34
416.4 1248.36
417.6 1248.38
418.8 1248.4
420.0 1248.41
421.2 1248.43
422.4 1248.44
423.6 1248.46
424.8 1248.47
426.0 1248.48
427.2 1248.49
428.4 1248.51
429.6 1248.52
430.8 1248.52
432.0 1248.53
433.2 1248.54
434.4 1248.55
435.6 1248.55
436.8 1248.56
438.0 1248.56
439.2 1248.57
440.4 1248.57
441.6 1248.58
442.8 1248.58
444.0 1248.58
445.2 1248.59
446.4 1248.59
447.6 1248.59
448.8 1248.6
450.0 1248.6
451.2 1248.6
452.4 1248.6
453.6 1248.61
454.8 1248.61
456.0 1248.61
457.2 1248.61
458.4 1248.62
459.6 1248.62
460.8 1248.62
462.0 1248.62
463.2 1248.63
464.4 1248.63
465.6 1248.63
466.8 1248.63
468.0 1248.64
469.2 1248.64
470.4 1248.64
471.6 1248.65
472.8 1248.65
474.0 1248.65
475.2 1248.65
476.4 1248.66
477.6 1248.66
478.8 1248.66
480.0 1248.66
481.2 1248.66
482.4 1248.66
483.6 1248.66
484.8 1248.66
486.0 1248.66
487.2 1248.66
488.4 1248.65
489.6 1248.65
490.8 1248.65
492.0 1248.64
493.2 1248.64
494.4 1248.63
495.6 1248.62
496.8 1248.62
498.0 1248.61
499.2 1248.6
500.4 1248.59
501.6 1248.58
502.8 1248.58
504.0 1248.57
505.2 1248.56
506.4 1248.55
507.6 1248.54
508.8 1248.53
510.0 1248.53
511.2 1248.52
512.4 1248.52
513.6 1248.53
514.8 1248.54
516.0 1248.55
517.2 1248.57
518.4 1248.6
519.6 1248.63
520.8 1248.69
522.0 1248.77
523.2 1248.88
524.4 1249.03
525.6 1249.23
526.8 1249.48
528.0 1249.8
529.2 1250.18
530.4 1250.64
531.6 1251.19
532.8 1251.82
534.0 1252.56
535.2 1253.39
536.4 1254.3
537.6 1255.29
538.8 1256.35
540.0 1257.47
541.2 1258.64
542.4 1259.87
543.6 1261.14
544.8 1262.45
546.0 1263.79
547.2 1265.17
548.4 1266.56
549.6 1267.98
550.8 1269.42
552.0 1270.87
553.2 1272.32
554.4 1273.79
555.6 1275.25
556.8 1276.72
558.0 1278.18
559.2 1279.64
560.4 1281.1
561.6 1282.55
562.8 1283.98
564.0 1285.41
565.2 1286.83
566.4 1288.23
567.6 1289.62
568.8 1290.99
570.0 1292.35
571.2 1293.69
572.4 1295.02
573.6 1296.33
574.8 1297.62
576.0 1298.9
577.2 1300.16
578.4 1301.4
579.6 1302.63
580.8 1303.84
582.0 1305.04
583.2 1306.22
584.4 1307.38
585.6 1308.52
586.8 1309.65
588.0 1310.75
589.2 1311.84
590.4 1312.92
591.6 1313.97
592.8 1315.0
594.0 1316.02
595.2 1317.02
596.4 1318.0
597.6 1318.96
598.8 1319.9
600.0 1320.83
601.2 1321.73
602.4 1322.62
603.6 1323.49
604.8 1324.34
606.0 1325.17
607.2 1325.99
608.4 1326.79
609.6 1327.57
610.8 1328.34
612.0 1329.09
613.2 1329.82
614.4 1330.55
615.6 1331.25
616.8 1331.95
618.0 1332.63
619.2 1333.3
620.4 1333.95
621.6 1334.6
622.8 1335.23
624.0 1335.85
625.2 1336.45
626.4 1337.05
627.6 1337.63
628.8 1338.2
630.0 1338.75
631.2 1339.29
632.4 1339.82
633.6 1340.34
634.8 1340.85
636.0 1341.34
637.2 1341.82
638.4 1342.28
639.6 1342.74
640.8 1343.18
642.0 1343.6
643.2 1344.02
644.4 1344.42
645.6 1344.81
646.8 1345.18
648.0 1345.54
649.2 1345.89
650.4 1346.23
651.6 1346.56
652.8 1346.87
654.0 1347.17
655.2 1347.46
656.4 1347.74
657.6 1348.02
658.8 1348.28
660.0 1348.53
661.2 1348.77
662.4 1349.0
663.6 1349.22
664.8 1349.44
666.0 1349.65
667.2 1349.84
668.4 1350.04
669.6 1350.22
670.8 1350.39
672.0 1350.56
673.2 1350.71
674.4 1350.86
675.6 1351.0
676.8 1351.13
678.0 1351.26
679.2 1351.37
680.4 1351.48
681.6 1351.58
682.8 1351.67
684.0 1351.74
685.2 1351.81
686.4 1351.87
687.6 1351.92
688.8 1351.95
690.0 1351.98
691.2 1352.0
692.4 1352.0
693.6 1352.0
694.8 1351.99
696.0 1351.96
697.2 1351.93
698.4 1351.89
699.6 1351.83
700.8 1351.77
702.0 1351.7
703.2 1351.61
704.4 1351.52
705.6 1351.42
706.8 1351.31
708.0 1351.19
709.2 1351.07
710.4 1350.94
711.6 1350.8
712.8 1350.66
714.0 1350.51
715.2 1350.35
716.4 1350.2
717.6 1350.03
718.8 1349.86
720.0 1349.69
721.2 1349.51
722.4 1349.32
723.6 1349.13
724.8 1348.94
726.0 1348.74
727.2 1348.54
728.4 1348.33
729.6 1348.12
730.8 1347.9
732.0 1347.67
733.2 1347.44
734.4 1347.2
735.6 1346.95
736.8 1346.7
738.0 1346.44
739.2 1346.17
740.4 1345.9
741.6 1345.61
742.8 1345.33
744.0 1345.03
745.2 1344.73
746.4 1344.42
747.6 1344.11
748.8 1343.79
750.0 1343.47
751.2 1343.14
752.4 1342.81
753.6 1342.48
754.8 1342.15
756.0 1341.81
757.2 1341.47
758.4 1341.14
759.6 1340.8
760.8 1340.47
762.0 1340.13
763.2 1339.8
764.4 1339.47
765.6 1339.14
766.8 1338.82
768.0 1338.49
769.2 1338.18
770.4 1337.86
771.6 1337.55
772.8 1337.25
774.0 1336.95
775.2 1336.65
776.4 1336.36
777.6 1336.08
778.8 1335.8
780.0 1335.52
781.2 1335.25
782.4 1334.99
783.6 1334.73
784.8 1334.47
786.0 1334.21
787.2 1333.96
788.4 1333.71
789.6 1333.47
790.8 1333.22
792.0 1332.98
793.2 1332.73
794.4 1332.49
795.6 1332.25
796.8 1332.01
798.0 1331.77
799.2 1331.52
800.4 1331.28
801.6 1331.03
802.8 1330.79
804.0 1330.54
805.2 1330.29
806.4 1330.04
807.6 1329.79
808.8 1329.54
810.0 1329.29
811.2 1329.04
812.4 1328.8
813.6 1328.55
814.8 1328.3
816.0 1328.06
817.2 1327.82
818.4 1327.58
819.6 1327.35
820.8 1327.11
822.0 1326.89
823.2 1326.66
824.4 1326.44
825.6 1326.22
826.8 1326.0
828.0 1325.79
829.2 1325.58
830.4 1325.38
831.6 1325.18
832.8 1324.98
834.0 1324.79
835.2 1324.6
836.4 1324.41
837.6 1324.23
838.8 1324.05
840.0 1323.87
841.2 1323.7
842.4 1323.53
843.6 1323.37
844.8 1323.21
846.0 1323.06
847.2 1322.92
848.4 1322.77
849.6 1322.64
850.8 1322.51
852.0 1322.39
853.2 1322.28
854.4 1322.17
855.6 1322.07
856.8 1321.97
858.0 1321.89
859.2 1321.81
860.4 1321.73
861.6 1321.66
862.8 1321.6
864.0 1321.55
865.2 1321.5
866.4 1321.46
867.6 1321.42
868.8 1321.39
870.0 1321.37
871.2 1321.35
872.4 1321.34
873.6 1321.34
874.8 1321.34
876.0 1321.35
877.2 1321.36
878.4 1321.38
879.6 1321.41
880.8 1321.44
882.0 1321.48
883.2 1321.52
884.4 1321.57
885.6 1321.63
886.8 1321.69
888.0 1321.76
889.2 1321.83
890.4 1321.92
891.6 1322.0
892.8 1322.1
894.0 1322.2
895.2 1322.3
896.4 1322.41
897.6 1322.53
898.8 1322.65
900.0 1322.77
901.2 1322.9
902.4 1323.03
903.6 1323.17
904.8 1323.31
906.0 1323.45
907.2 1323.6
908.4 1323.75
909.6 1323.9
910.8 1324.05
912.0 1324.21
913.2 1324.36
914.4 1324.52
915.6 1324.68
916.8 1324.84
918.0 1325.01
919.2 1325.17
920.4 1325.33
921.6 1325.49
922.8 1325.65
924.0 1325.8
925.2 1325.96
926.4 1326.11
927.6 1326.25
928.8 1326.39
930.0 1326.53
931.2 1326.66
932.4 1326.79
933.6 1326.91
934.8 1327.03
936.0 1327.14
937.2 1327.25
938.4 1327.35
939.6 1327.44
940.8 1327.53
942.0 1327.61
943.2 1327.68
944.4 1327.75
945.6 1327.81
946.8 1327.86
948.0 1327.91
949.2 1327.95
950.4 1327.99
951.6 1328.02
952.8 1328.05
954.0 1328.08
955.2 1328.1
956.4 1328.13
957.6 1328.15
958.8 1328.17
960.0 1328.19
961.2 1328.21
962.4 1328.23
963.6 1328.25
964.8 1328.28
966.0 1328.3
967.2 1328.33
968.4 1328.37
969.6 1328.41
970.8 1328.45
972.0 1328.5
973.2 1328.55
974.4 1328.61
975.6 1328.67
976.8 1328.74
978.0 1328.82
979.2 1328.91
980.4 1329.0
981.6 1329.09
982.8 1329.2
984.0 1329.31
985.2 1329.42
986.4 1329.55
987.6 1329.67
988.8 1329.81
990.0 1329.95
991.2 1330.1
992.4 1330.25
993.6 1330.41
994.8 1330.57
996.0 1330.74
997.2 1330.92
998.4 1331.1
999.6 1331.29
1000.8 1331.48
1002.0 1331.68
1003.2 1331.88
1004.4 1332.08
1005.6 1332.29
1006.8 1332.5
1008.0 1332.72
1009.2 1332.93
1010.4 1333.15
1011.6 1333.36
1012.8 1333.58
1014.0 1333.79
1015.2 1334.0
1016.4 1334.21
1017.6 1334.42
1018.8 1334.62
1020.0 1334.83
1021.2 1335.02
1022.4 1335.22
1023.6 1335.4
1024.8 1335.59
1026.0 1335.77
1027.2 1335.94
1028.4 1336.11
1029.6 1336.28
1030.8 1336.44
1032.0 1336.59
1033.2 1336.74
1034.4 1336.89
1035.6 1337.03
1036.8 1337.16
1038.0 1337.29
1039.2 1337.42
1040.4 1337.54
1041.6 1337.66
1042.8 1337.78
1044.0 1337.89
1045.2 1337.99
1046.4 1338.09
1047.6 1338.19
1048.8 1338.28
1050.0 1338.36
1051.2 1338.44
1052.4 1338.51
1053.6 1338.57
1054.8 1338.62
1056.0 1338.67
1057.2 1338.7
1058.4 1338.73
1059.6 1338.76
1060.8 1338.77
1062.0 1338.78
1063.2 1338.78
1064.4 1338.77
1065.6 1338.76
1066.8 1338.73
1068.0 1338.7
1069.2 1338.67
1070.4 1338.62
1071.6 1338.56
1072.8 1338.5
1074.0 1338.43
1075.2 1338.35
1076.4 1338.26
1077.6 1338.17
1078.8 1338.06
1080.0 1337.96
1081.2 1337.84
1082.4 1337.72
1083.6 1337.59
1084.8 1337.46
1086.0 1337.32
1087.2 1337.17
1088.4 1337.02
1089.6 1336.86
1090.8 1336.69
1092.0 1336.52
1093.2 1336.35
1094.4 1336.16
1095.6 1335.98
1096.8 1335.79
1098.0 1335.59
1099.2 1335.39
1100.4 1335.18
1101.6 1334.98
1102.8 1334.76
1104.0 1334.55
1105.2 1334.33
1106.4 1334.1
1107.6 1333.88
1108.8 1333.65
1110.0 1333.42
1111.2 1333.2
1112.4 1332.97
1113.6 1332.74
1114.8 1332.52
1116.0 1332.29
1117.2 1332.07
1118.4 1331.84
1119.6 1331.62
1120.8 1331.4
1122.0 1331.18
1123.2 1330.97
1124.4 1330.75
1125.6 1330.54
1126.8 1330.33
1128.0 1330.12
1129.2 1329.92
1130.4 1329.72
1131.6 1329.52
1132.8 1329.32
1134.0 1329.13
1135.2 1328.94
1136.4 1328.75
1137.6 1328.56
1138.8 1328.37
1140.0 1328.19
1141.2 1328.0
1142.4 1327.82
1143.6 1327.64
1144.8 1327.46
1146.0 1327.28
1147.2 1327.11
1148.4 1326.93
1149.6 1326.76
1150.8 1326.59
1152.0 1326.43
1153.2 1326.26
1154.4 1326.1
1155.6 1325.94
1156.8 1325.79
1158.0 1325.64
1159.2 1325.48
1160.4 1325.34
1161.6 1325.19
1162.8 1325.05
1164.0 1324.91
1165.2 1324.77
1166.4 1324.64
1167.6 1324.51
1168.8 1324.39
1170.0 1324.27
1171.2 1324.15
1172.4 1324.04
1173.6 1323.94
1174.8 1323.83
1176.0 1323.74
1177.2 1323.64
1178.4 1323.56
1179.6 1323.47
1180.8 1323.39
1182.0 1323.32
1183.2 1323.25
1184.4 1323.18
1185.6 1323.12
1186.8 1323.07
1188.0 1323.02
1189.2 1322.97
1190.4 1322.93
1191.6 1322.89
1192.8 1322.86
1194.0 1322.83
1195.2 1322.8
1196.4 1322.78
1197.6 1322.77
1198.8 1322.76
1200.0 1322.76
1201.2 1322.77
1202.4 1322.78
1203.6 1322.79
1204.8 1322.86
1206.0 1323.18
1207.2 1323.96
1208.4 1325.43
1209.6 1327.66
1210.8 1330.66
1212.0 1334.42
1213.2 1338.92
1214.4 1344.17
1215.6 1350.16
1216.8 1356.87
1218.0 1364.28
1219.2 1372.39
1220.4 1381.17
1221.6 1390.6
1222.8 1400.66
1224.0 1411.33
1225.2 1422.6
1226.4 1434.44
1227.6 1446.83
1228.8 1459.76
1230.0 1473.2
1231.2 1487.13
1232.4 1501.54
1233.6 1516.4
1234.8 1531.69
1236.0 1547.41
1237.2 1563.51
1238.4 1580.0
1239.6 1596.84
1240.8 1614.02
1242.0 1631.51
1243.2 1649.31
1244.4 1667.38
1245.6 1685.72
1246.8 1704.3
1248.0 1723.1
1249.2 1742.1
1250.4 1761.29
1251.6 1780.65
1252.8 1800.15
1254.0 1819.79
1255.2 1839.54
1256.4 1859.38
1257.6 1879.3
1258.8 1899.28
1260.0 1919.31
1261.2 1939.36
1262.4 1959.41
1263.6 1979.47
1264.8 1999.49
1266.0 2019.48
1267.2 2039.41
1268.4 2059.27
1269.6 2079.04
1270.8 2098.7
1272.0 2118.25
1273.2 2137.67
1274.4 2156.94
1275.6 2176.05
1276.8 2194.99
1278.0 2213.73
1279.2 2232.28
1280.4 2250.6
1281.6 2268.71
1282.8 2286.57
1284.0 2304.17
1285.2 2321.52
1286.4 2338.58
1287.6 2355.36
1288.8 2371.84
1290.0 2388.01
1291.2 2403.86
1292.4 2419.38
1293.6 2434.56
1294.8 2449.39
1296.0 2463.86
1297.2 2477.96
1298.4 2491.69
1299.6 2505.03
1300.8 2517.98
1302.0 2530.53
1303.2 2542.67
1304.4 2554.39
1305.6 2565.69
1306.8 2576.57
1308.0 2587.01
1309.2 2597.01
1310.4 2606.57
1311.6 2615.67
1312.8 2624.32
1314.0 2632.52
1315.2 2640.24
1316.4 2647.5
1317.6 2654.29
1318.8 2660.61
1320.0 2666.45
1321.2 2671.81
1322.4 2676.69
1323.6 2681.09
1324.8 2685.01
1326.0 2688.44
1327.2 2691.39
1328.4 2693.86
1329.6 2695.84
1330.8 2697.35
1332.0 2698.38
1333.2 2698.93
1334.4 2699.0
1335.6 2698.6
1336.8 2697.74
1338.0 2696.41
1339.2 2694.62
1340.4 2692.38
1341.6 2689.68
1342.8 2686.54
1344.0 2682.95
1345.2 2678.93
1346.4 2674.49
1347.6 2669.62
1348.8 2664.33
1350.0 2658.64
1351.2 2652.54
1352.4 2646.05
1353.6 2639.18
1354.8 2631.92
1356.0 2624.3
1357.2 2616.31
1358.4 2607.98
1359.6 2599.29
1360.8 2590.28
1362.0 2580.93
1363.2 2571.27
1364.4 2561.31
1365.6 2551.04
1366.8 2540.49
1368.0 2529.66
1369.2 2518.56
1370.4 2507.21
1371.6 2495.61
1372.8 2483.77
1374.0 2471.71
1375.2 2459.43
1376.4 2446.94
1377.6 2434.26
1378.8 2421.4
1380.0 2408.37
1381.2 2395.18
1382.4 2381.84
1383.6 2368.39
1384.8 2354.82
1386.0 2341.15
1387.2 2327.4
1388.4 2313.57
1389.6 2299.69
1390.8 2285.75
1392.0 2271.77
1393.2 2257.76
1394.4 2243.73
1395.6 2229.69
1396.8 2215.65
1398.0 2201.61
1399.2 2187.58
1400.4 2173.57
1401.6 2159.59
1402.8 2145.64
1404.0 2131.74
1405.2 2117.89
1406.4 2104.1
1407.6 2090.38
1408.8 2076.74
1410.0 2063.2
1411.2 2049.75
1412.4 2036.41
1413.6 2023.19
1414.8 2010.1
1416.0 1997.15
1417.2 1984.35
1418.4 1971.71
1419.6 1959.24
1420.8 1946.95
1422.0 1934.86
1423.2 1922.96
1424.4 1911.27
1425.6 1899.8
1426.8 1888.56
1428.0 1877.55
1429.2 1866.8
1430.4 1856.3
1431.6 1846.08
1432.8 1836.13
1434.0 1826.46
1435.2 1817.09
1436.4 1808.02
1437.6 1799.25
1438.8 1790.81
1440.0 1782.68
1441.2 1774.88
1442.4 1767.41
1443.6 1760.22
1444.8 1753.31
1446.0 1746.64
1447.2 1740.19
1448.4 1733.96
1449.6 1727.9
1450.8 1722.02
1452.0 1716.29
1453.2 1710.71
1454.4 1705.25
1455.6 1699.91
1456.8 1694.67
1458.0 1689.53
1459.2 1684.47
1460.4 1679.49
1461.6 1674.59
1462.8 1669.75
1464.0 1664.96
1465.2 1660.23
1466.4 1655.55
1467.6 1650.91
1468.8 1646.31
1470.0 1641.74
1471.2 1637.21
1472.4 1632.71
1473.6 1628.23
1474.8 1623.78
1476.0 1619.36
1477.2 1614.96
1478.4 1610.58
1479.6 1606.21
1480.8 1601.87
1482.0 1597.55
1483.2 1593.25
1484.4 1588.97
1485.6 1584.7
1486.8 1580.46
1488.0 1576.23
1489.2 1572.02
1490.4 1567.84
1491.6 1563.67
1492.8 1559.52
1494.0 1555.4
1495.2 1551.29
1496.4 1547.21
1497.6 1543.15
1498.8 1539.12
1500.0 1535.11
1501.2 1531.13
1502.4 1527.17
1503.6 1523.25
1504.8 1519.35
1506.0 1515.47
1507.2 1511.63
1508.4 1507.82
1509.6 1504.04
1510.8 1500.32
1512.0 1496.64
1513.2 1493.03
1514.4 1489.48
1515.6 1486.02
1516.8 1482.64
1518.0 1479.35
1519.2 1476.17
1520.4 1473.09
1521.6 1470.13
1522.8 1467.3
1524.0 1464.61
1525.2 1462.04
1526.4 1459.6
1527.6 1457.27
1528.8 1455.05
1530.0 1452.92
1531.2 1450.88
1532.4 1448.92
1533.6 1447.04
1534.8 1445.22
1536.0 1443.47
1537.2 1441.78
1538.4 1440.14
1539.6 1438.54
1540.8 1437.0
1542.0 1435.49
1543.2 1434.02
1544.4 1432.59
1545.6 1431.18
1546.8 1429.81
1548.0 1428.45
1549.2 1427.12
1550.4 1425.81
1551.6 1424.51
1552.8 1423.23
1554.0 1421.96
1555.2 1420.7
1556.4 1419.45
1557.6 1418.21
1558.8 1416.98
1560.0 1415.75
1561.2 1414.52
1562.4 1413.3
1563.6 1412.09
1564.8 1410.88
1566.0 1409.67
1567.2 1408.47
1568.4 1407.27
1569.6 1406.07
1570.8 1404.88
1572.0 1403.7
1573.2 1402.52
1574.4 1401.35
1575.6 1400.18
1576.8 1399.02
1578.0 1397.87
1579.2 1396.72
1580.4 1395.58
1581.6 1394.46
1582.8 1393.34
1584.0 1392.23
1585.2 1391.13
1586.4 1390.04
1587.6 1388.96
1588.8 1387.89
1590.0 1386.84
1591.2 1385.79
1592.4 1384.76
1593.6 1383.73
1594.8 1382.72
1596.0 1381.71
1597.2 1380.71
1598.4 1379.72
1599.6 1378.74
1600.8 1377.76
1602.0 1376.8
1603.2 1375.84
1604.4 1374.89
1605.6 1373.95
1606.8 1373.01
1608.0 1372.09
1609.2 1371.17
1610.4 1370.26
1611.6 1369.36
1612.8 1368.47
1614.0 1367.58
1615.2 1366.7
1616.4 1365.83
1617.6 1364.97
1618.8 1364.12
1620.0 1363.27
1621.2 1362.44
1622.4 1361.61
1623.6 1360.79
1624.8 1359.98
1626.0 1359.18
1627.2 1358.39
1628.4 1357.61
1629.6 1356.83
1630.8 1356.06
1632.0 1355.3
1633.2 1354.55
1634.4 1353.81
1635.6 1353.08
1636.8 1352.36
1638.0 1351.64
1639.2 1350.93
1640.4 1350.23
1641.6 1349.54
1642.8 1348.86
1644.0 1348.18
1645.2 1347.52
1646.4 1346.86
1647.6 1346.22
1648.8 1345.58
1650.0 1344.95
1651.2 1344.34
1652.4 1343.73
1653.6 1343.14
1654.8 1342.56
1656.0 1341.99
1657.2 1341.43
1658.4 1340.88
1659.6 1340.34
1660.8 1339.81
1662.0 1339.3
1663.2 1338.79
1664.4 1338.3
1665.6 1337.82
1666.8 1337.35
1668.0 1336.89
1669.2 1336.44
1670.4 1336.0
1671.6 1335.57
1672.8 1335.15
1674.0 1334.74
1675.2 1334.34
1676.4 1333.94
1677.6 1333.56
1678.8 1333.18
1680.0 1332.81
1681.2 1332.44
1682.4 1332.09
1683.6 1331.73
1684.8 1331.39
1686.0 1331.05
1687.2 1330.72
1688.4 1330.39
1689.6 1330.07
1690.8 1329.76
1692.0 1329.45
1693.2 1329.15
1694.4 1328.85
1695.6 1328.56
1696.8 1328.28
1698.0 1328.01
1699.2 1327.74
1700.4 1327.48
1701.6 1327.23
1702.8 1326.99
1704.0 1326.75
1705.2 1326.53
1706.4 1326.31
1707.6 1326.09
1708.8 1325.89
1710.0 1325.69
1711.2 1325.49
1712.4 1325.3
1713.6 1325.12
1714.8 1324.95
1716.0 1324.78
1717.2 1324.61
1718.4 1324.45
1719.6 1324.29
1720.8 1324.14
1722.0 1324.0
1723.2 1323.85
1724.4 1323.71
1725.6 1323.57
1726.8 1323.44
1728.0 1323.31
1729.2 1323.18
1730.4 1323.05
1731.6 1322.93
1732.8 1322.81
1734.0 1322.69
1735.2 1322.57
1736.4 1322.45
1737.6 1322.33
1738.8 1322.22
1740.0 1322.1
1741.2 1321.98
1742.4 1321.87
1743.6 1321.75
1744.8 1321.63
1746.0 1321.51
1747.2 1321.39
1748.4 1321.27
1749.6 1321.14
1750.8 1321.02
1752.0 1320.9
1753.2 1320.77
1754.4 1320.64
1755.6 1320.52
1756.8 1320.39
1758.0 1320.26
1759.2 1320.13
1760.4 1320.01
1761.6 1319.88
1762.8 1319.76
1764.0 1319.64
1765.2 1319.52
1766.4 1319.4
1767.6 1319.29
1768.8 1319.19
1770.0 1319.09
1771.2 1319.0
1772.4 1318.91
1773.6 1318.83
1774.8 1318.76
1776.0 1318.7
1777.2 1318.64
1778.4 1318.6
1779.6 1318.56
1780.8 1318.54
1782.0 1318.52
1783.2 1318.51
1784.4 1318.51
1785.6 1318.53
1786.8 1318.55
1788.0 1318.58
1789.2 1318.62
1790.4 1318.67
1791.6 1318.73
1792.8 1318.8
1794.0 1318.88
1795.2 1318.97
1796.4 1319.06
1797.6 1319.17
1798.8 1319.28
1800.0 1319.39
1801.2 1319.52
1802.4 1319.64
1803.6 1319.78
1804.8 1319.92
1806.0 1320.06
1807.2 1320.21
1808.4 1320.37
1809.6 1320.53
1810.8 1320.69
1812.0 1320.86
1813.2 1321.03
1814.4 1321.2
1815.6 1321.37
1816.8 1321.55
1818.0 1321.73
1819.2 1321.91
1820.4 1322.08
1821.6 1322.26
1822.8 1322.43
1824.0 1322.61
1825.2 1322.78
1826.4 1322.95
1827.6 1323.11
1828.8 1323.28
1830.0 1323.44
1831.2 1323.6
1832.4 1323.75
1833.6 1323.91
1834.8 1324.06
1836.0 1324.2
1837.2 1324.34
1838.4 1324.48
1839.6 1324.61
1840.8 1324.74
1842.0 1324.87
1843.2 1325.0
1844.4 1325.12
1845.6 1325.24
1846.8 1325.35
1848.0 1325.46
1849.2 1325.57
1850.4 1325.68
1851.6 1325.78
1852.8 1325.87
1854.0 1325.97
1855.2 1326.05
1856.4 1326.13
1857.6 1326.21
1858.8 1326.28
1860.0 1326.35
1861.2 1326.41
1862.4 1326.47
1863.6 1326.52
1864.8 1326.57
1866.0 1326.62
1867.2 1326.66
1868.4 1326.7
1869.6 1326.74
1870.8 1326.78
1872.0 1326.82
1873.2 1326.85
1874.4 1326.89
1875.6 1326.93
1876.8 1326.96
1878.0 1327.0
1879.2 1327.04
1880.4 1327.08
1881.6 1327.12
1882.8 1327.16
1884.0 1327.21
1885.2 1327.25
1886.4 1327.3
1887.6 1327.36
1888.8 1327.41
1890.0 1327.47
1891.2 1327.53
1892.4 1327.59
1893.6 1327.65
1894.8 1327.72
1896.0 1327.79
1897.2 1327.86
1898.4 1327.94
1899.6 1328.01
1900.8 1328.09
1902.0 1328.17
1903.2 1328.25
1904.4 1328.34
1905.6 1328.43
1906.8 1328.52
1908.0 1328.61
1909.2 1328.71
1910.4 1328.8
1911.6 1328.9
1912.8 1329.0
1914.0 1329.11
1915.2 1329.21
1916.4 1329.31
1917.6 1329.42
1918.8 1329.52
1920.0 1329.63
1921.2 1329.73
1922.4 1329.84
1923.6 1329.94
1924.8 1330.05
1926.0 1330.16
1927.2 1330.26
1928.4 1330.37
1929.6 1330.47
1930.8 1330.58
1932.0 1330.68
1933.2 1330.78
1934.4 1330.88
1935.6 1330.98
1936.8 1331.08
1938.0 1331.17
1939.2 1331.26
1940.4 1331.35
1941.6 1331.44
1942.8 1331.52
1944.0 1331.6
1945.2 1331.67
1946.4 1331.74
1947.6 1331.81
1948.8 1331.87
1950.0 1331.93
1951.2 1331.98
1952.4 1332.04
1953.6 1332.09
1954.8 1332.13
1956.0 1332.17
1957.2 1332.21
1958.4 1332.25
1959.6 1332.28
1960.8 1332.31
1962.0 1332.34
1963.2 1332.37
1964.4 1332.39
1965.6 1332.41
1966.8 1332.44
1968.0 1332.46
1969.2 1332.48
1970.4 1332.49
1971.6 1332.51
1972.8 1332.52
1974.0 1332.54
1975.2 1332.55
1976.4 1332.56
1977.6 1332.57
1978.8 1332.57
1980.0 1332.58
1981.2 1332.59
1982.4 1332.59
1983.6 1332.6
1984.8 1332.6
1986.0 1332.61
1987.2 1332.61
1988.4 1332.62
1989.6 1332.63
1990.8 1332.65
1992.0 1332.66
1993.2 1332.68
1994.4 1332.7
1995.6 1332.72
1996.8 1332.75
1998.0 1332.78
1999.2 1332.82
2000.4 1332.86
2001.6 1332.9
2002.8 1332.95
2004.0 1333.0
2005.2 1333.05
2006.4 1333.11
2007.6 1333.16
2008.8 1333.23
2010.0 1333.29
2011.2 1333.36
2012.4 1333.44
2013.6 1333.52
2014.8 1333.6
2016.0 1333.68
2017.2 1333.78
2018.4 1333.87
2019.6 1333.98
2020.8 1334.09
2022.0 1334.2
2023.2 1334.32
2024.4 1334.45
2025.6 1334.59
2026.8 1334.74
2028.0 1334.89
2029.2 1335.04
2030.4 1335.21
2031.6 1335.38
2032.8 1335.56
2034.0 1335.75
2035.2 1335.94
2036.4 1336.13
2037.6 1336.33
2038.8 1336.53
2040.0 1336.74
2041.2 1336.94
2042.4 1337.15
2043.6 1337.35
2044.8 1337.56
2046.0 1337.76
2047.2 1337.96
2048.4 1338.15
2049.6 1338.34
2050.8 1338.53
2052.0 1338.71
2053.2 1338.88
2054.4 1339.04
2055.6 1339.2
2056.8 1339.35
2058.0 1339.49
2059.2 1339.62
2060.4 1339.75
2061.6 1339.86
2062.8 1339.97
2064.0 1340.07
2065.2 1340.16
2066.4 1340.24
2067.6 1340.32
2068.8 1340.39
2070.0 1340.45
2071.2 1340.51
2072.4 1340.56
2073.6 1340.61
2074.8 1340.66
2076.0 1340.7
2077.2 1340.75
2078.4 1340.79
2079.6 1340.83
2080.8 1340.87
2082.0 1340.91
2083.2 1340.95
2084.4 1341.0
2085.6 1341.04
2086.8 1341.09
2088.0 1341.14
2089.2 1341.19
2090.4 1341.24
2091.6 1341.29
2092.8 1341.34
2094.0 1341.4
2095.2 1341.45
2096.4 1341.5
2097.6 1341.55
2098.8 1341.6
2100.0 1341.65
2101.2 1341.69
2102.4 1341.73
2103.6 1341.77
2104.8 1341.81
2106.0 1341.84
2107.2 1341.87
2108.4 1341.9
2109.6 1341.92
2110.8 1341.94
2112.0 1341.95
2113.2 1341.95
2114.4 1341.94
2115.6 1341.93
2116.8 1341.91
2118.0 1341.88
2119.2 1341.85
2120.4 1341.81
2121.6 1341.76
2122.8 1341.7
2124.0 1341.63
2125.2 1341.56
2126.4 1341.48
2127.6 1341.39
2128.8 1341.3
2130.0 1341.19
2131.2 1341.08
2132.4 1340.96
2133.6 1340.84
2134.8 1340.71
2136.0 1340.57
2137.2 1340.43
2138.4 1340.29
2139.6 1340.14
2140.8 1339.99
2142.0 1339.84
2143.2 1339.68
2144.4 1339.53
2145.6 1339.37
2146.8 1339.21
2148.0 1339.05
2149.2 1338.88
2150.4 1338.72
2151.6 1338.56
2152.8 1338.4
2154.0 1338.23
2155.2 1338.07
2156.4 1337.9
2157.6 1337.73
2158.8 1337.56
2160.0 1337.39
2161.2 1337.22
2162.4 1337.05
2163.6 1336.88
2164.8 1336.7
2166.0 1336.53
2167.2 1336.36
2168.4 1336.18
2169.6 1336.0
2170.8 1335.83
2172.0 1335.65
2173.2 1335.47
2174.4 1335.29
2175.6 1335.11
2176.8 1334.93
2178.0 1334.75
2179.2 1334.57
2180.4 1334.39
2181.6 1334.21
2182.8 1334.04
2184.0 1333.86
2185.2 1333.69
2186.4 1333.52
2187.6 1333.35
2188.8 1333.19
2190.0 1333.02
2191.2 1332.86
2192.4 1332.71
2193.6 1332.55
2194.8 1332.4
2196.0 1332.25
2197.2 1332.1
2198.4 1331.96
2199.6 1331.81
2200.8 1331.67
2202.0 1331.53
2203.2 1331.39
2204.4 1331.25
2205.6 1331.12
2206.8 1330.99
2208.0 1330.85
2209.2 1330.72
2210.4 1330.59
2211.6 1330.46
2212.8 1330.33
2214.0 1330.2
2215.2 1330.07
2216.4 1329.94
2217.6 1329.81
2218.8 1329.68
2220.0 1329.56
2221.2 1329.43
2222.4 1329.3
2223.6 1329.17
2224.8 1329.04
2226.0 1328.92
2227.2 1328.79
2228.4 1328.67
2229.6 1328.55
2230.8 1328.43
2232.0 1328.31
2233.2 1328.19
2234.4 1328.07
2235.6 1327.96
2236.8 1327.85
2238.0 1327.74
2239.2 1327.63
2240.4 1327.53
2241.6 1327.43
2242.8 1327.34
2244.0 1327.24
2245.2 1327.15
2246.4 1327.06
2247.6 1326.97
2248.8 1326.89
2250.0 1326.81
2251.2 1326.73
2252.4 1326.65
2253.6 1326.58
2254.8 1326.5
2256.0 1326.43
2257.2 1326.36
2258.4 1326.29
2259.6 1326.22
2260.8 1326.15
2262.0 1326.09
2263.2 1326.02
2264.4 1325.95
2265.6 1325.88
2266.8 1325.81
2268.0 1325.74
2269.2 1325.67
2270.4 1325.6
2271.6 1325.52
2272.8 1325.45
2274.0 1325.37
2275.2 1325.29
2276.4 1325.21
2277.6 1325.13
2278.8 1325.05
2280.0 1324.97
2281.2 1324.89
2282.4 1324.81
2283.6 1324.73
2284.8 1324.65
2286.0 1324.57
2287.2 1324.5
2288.4 1324.43
2289.6 1324.36
2290.8 1324.29
2292.0 1324.23
2293.2 1324.17
2294.4 1324.11
2295.6 1324.05
2296.8 1324.0
2298.0 1323.95
2299.2 1323.9
2300.4 1323.85
2301.6 1323.81
2302.8 1323.77
2304.0 1323.72
2305.2 1323.69
2306.4 1323.65
2307.6 1323.61
2308.8 1323.57
2310.0 1323.53
2311.2 1323.49
2312.4 1323.45
2313.6 1323.41
2314.8 1323.37
2316.0 1323.33
2317.2 1323.29
2318.4 1323.26
2319.6 1323.22
2320.8 1323.18
2322.0 1323.14
2323.2 1323.11
2324.4 1323.08
2325.6 1323.05
2326.8 1323.02
2328.0 1323.0
2329.2 1322.99
2330.4 1322.98
2331.6 1322.97
2332.8 1322.97
2334.0 1322.97
2335.2 1322.97
2336.4 1322.98
2337.6 1323.0
2338.8 1323.01
2340.0 1323.03
2341.2 1323.06
2342.4 1323.08
2343.6 1323.12
2344.8 1323.15
2346.0 1323.19
2347.2 1323.24
2348.4 1323.29
2349.6 1323.34
2350.8 1323.4
2352.0 1323.46
2353.2 1323.52
2354.4 1323.58
2355.6 1323.65
2356.8 1323.72
2358.0 1323.79
2359.2 1323.87
2360.4 1323.95
2361.6 1324.03
2362.8 1324.11
2364.0 1324.2
2365.2 1324.29
2366.4 1324.39
2367.6 1324.5
2368.8 1324.6
2370.0 1324.71
2371.2 1324.83
2372.4 1324.95
2373.6 1325.08
2374.8 1325.21
2376.0 1325.34
2377.2 1325.47
2378.4 1325.62
2379.6 1325.76
2380.8 1325.91
2382.0 1326.06
2383.2 1326.22
2384.4 1326.37
2385.6 1326.53
2386.8 1326.7
2388.0 1326.86
2389.2 1327.03
2390.4 1327.2
2391.6 1327.37
2392.8 1327.55
2394.0 1327.72
2395.2 1327.9
2396.4 1328.08
2397.6 1328.25
2398.8 1328.43
2400.0 1328.61
2401.2 1328.78
2402.4 1328.95
2403.6 1329.13
2404.8 1329.3
2406.0 1329.47
2407.2 1329.64
2408.4 1329.81
2409.6 1329.97
2410.8 1330.14
2412.0 1330.3
2413.2 1330.47
2414.4 1330.63
2415.6 1330.79
2416.8 1330.96
2418.0 1331.12
2419.2 1331.28
2420.4 1331.44
2421.6 1331.59
2422.8 1331.75
2424.0 1331.9
2425.2 1332.05
2426.4 1332.19
2427.6 1332.34
2428.8 1332.48
2430.0 1332.61
2431.2 1332.75
2432.4 1332.88
2433.6 1333.01
2434.8 1333.13
2436.0 1333.25
2437.2 1333.36
2438.4 1333.47
2439.6 1333.57
2440.8 1333.67
2442.0 1333.76
2443.2 1333.85
2444.4 1333.93
2445.6 1334.01
2446.8 1334.08
2448.0 1334.16
2449.2 1334.22
2450.4 1334.29
2451.6 1334.35
2452.8 1334.41
2454.0 1334.46
2455.2 1334.51
2456.4 1334.56
2457.6 1334.61
2458.8 1334.65
2460.0 1334.69
2461.2 1334.73
2462.4 1334.77
2463.6 1334.81
2464.8 1334.84
2466.0 1334.88
2467.2 1334.91
2468.4 1334.94
2469.6 1334.98
2470.8 1335.01
2472.0 1335.04
2473.2 1335.07
2474.4 1335.1
2475.6 1335.13
2476.8 1335.15
2478.0 1335.17
2479.2 1335.19
2480.4 1335.21
2481.6 1335.22
2482.8 1335.24
2484.0 1335.25
2485.2 1335.25
2486.4 1335.26
2487.6 1335.27
2488.8 1335.27
2490.0 1335.27
2491.2 1335.27
2492.4 1335.28
2493.6 1335.28
2494.8 1335.27
2496.0 1335.27
2497.2 1335.27
2498.4 1335.27
2499.6 1335.26
2500.8 1335.25
2502.0 1335.24
2503.2 1335.24
2504.4 1335.23
2505.6 1335.21
2506.8 1335.2
2508.0 1335.19
2509.2 1335.18
2510.4 1335.17
2511.6 1335.15
2512.8 1335.13
2514.0 1335.12
2515.2 1335.1
2516.4 1335.08
2517.6 1335.05
2518.8 1335.02
2520.0 1334.99
2521.2 1334.96
2522.4 1334.92
2523.6 1334.88
2524.8 1334.84
2526.0 1334.79
2527.2 1334.74
2528.4 1334.69
2529.6 1334.63
2530.8 1334.57
2532.0 1334.51
2533.2 1334.45
2534.4 1334.38
2535.6 1334.31
2536.8 1334.24
2538.0 1334.16
2539.2 1334.09
2540.4 1334.01
2541.6 1333.92
2542.8 1333.84
2544.0 1333.75
2545.2 1333.66
2546.4 1333.57
2547.6 1333.48
2548.8 1333.38
2550.0 1333.29
2551.2 1333.2
2552.4 1333.11
2553.6 1333.02
2554.8 1332.93
2556.0 1332.85
2557.2 1332.77
2558.4 1332.69
2559.6 1332.62
2560.8 1332.55
2562.0 1332.49
2563.2 1332.43
2564.4 1332.38
2565.6 1332.34
2566.8 1332.3
2568.0 1332.27
2569.2 1332.25
2570.4 1332.24
2571.6 1332.23
2572.8 1332.23
2574.0 1332.24
2575.2 1332.26
2576.4 1332.29
2577.6 1332.32
2578.8 1332.36
2580.0 1332.41
2581.2 1332.47
2582.4 1332.53
2583.6 1332.6
2584.8 1332.68
2586.0 1332.75
2587.2 1332.83
2588.4 1332.92
2589.6 1333.0
2590.8 1333.08
2592.0 1333.17
2593.2 1333.25
2594.4 1333.33
2595.6 1333.41
2596.8 1333.48
2598.0 1333.55
2599.2 1333.62
2600.4 1333.69
2601.6 1333.75
2602.8 1333.8
2604.0 1333.86
2605.2 1333.9
2606.4 1333.94
2607.6 1333.98
2608.8 1334.01
2610.0 1334.04
2611.2 1334.06
2612.4 1334.07
2613.6 1334.09
2614.8 1334.09
2616.0 1334.1
2617.2 1334.1
2618.4 1334.09
2619.6 1334.09
2620.8 1334.07
2622.0 1334.06
2623.2 1334.04
2624.4 1334.02
2625.6 1333.99
2626.8 1333.96
2628.0 1333.92
2629.2 1333.88
2630.4 1333.84
2631.6 1333.8
2632.8 1333.75
2634.0 1333.7
2635.2 1333.65
2636.4 1333.6
2637.6 1333.55
2638.8 1333.5
2640.0 1333.45
2641.2 1333.39
2642.4 1333.34
2643.6 1333.3
2644.8 1333.25
2646.0 1333.21
2647.2 1333.17
2648.4 1333.13
2649.6 1333.1
2650.8 1333.07
2652.0 1333.04
2653.2 1333.02
2654.4 1333.01
2655.6 1333.0
2656.8 1333.0
2658.0 1332.99
2659.2 1333.0
2660.4 1333.0
2661.6 1333.01
2662.8 1333.02
2664.0 1333.03
2665.2 1333.04
2666.4 1333.06
2667.6 1333.07
2668.8 1333.09
2670.0 1333.1
2671.2 1333.12
2672.4 1333.14
2673.6 1333.15
2674.8 1333.16
2676.0 1333.18
2677.2 1333.19
2678.4 1333.2
2679.6 1333.21
2680.8 1333.22
2682.0 1333.23
2683.2 1333.24
2684.4 1333.25
2685.6 1333.26
2686.8 1333.27
2688.0 1333.28
2689.2 1333.29
2690.4 1333.3
2691.6 1333.31
2692.8 1333.33
2694.0 1333.34
2695.2 1333.35
2696.4 1333.36
2697.6 1333.38
2698.8 1333.38
2700.0 1333.39
2701.2 1333.4
2702.4 1333.4
2703.6 1333.39
2704.8 1333.39
2706.0 1333.37
2707.2 1333.35
2708.4 1333.33
2709.6 1333.3
2710.8 1333.27
2712.0 1333.23
2713.2 1333.18
2714.4 1333.13
2715.6 1333.08
2716.8 1333.02
2718.0 1332.96
2719.2 1332.9
2720.4 1332.83
2721.6 1332.76
2722.8 1332.69
2724.0 1332.62
2725.2 1332.55
2726.4 1332.47
2727.6 1332.4
2728.8 1332.32
2730.0 1332.25
2731.2 1332.17
2732.4 1332.1
2733.6 1332.03
2734.8 1331.96
2736.0 1331.89
2737.2 1331.82
2738.4 1331.76
2739.6 1331.69
2740.8 1331.63
2742.0 1331.58
2743.2 1331.52
2744.4 1331.47
2745.6 1331.42
2746.8 1331.38
2748.0 1331.34
2749.2 1331.3
2750.4 1331.26
2751.6 1331.23
2752.8 1331.2
2754.0 1331.18
2755.2 1331.16
2756.4 1331.15
2757.6 1331.14
2758.8 1331.14
2760.0 1331.15
2761.2 1331.17
2762.4 1331.19
2763.6 1331.22
2764.8 1331.26
2766.0 1331.31
2767.2 1331.37
2768.4 1331.43
2769.6 1331.5
2770.8 1331.58
2772.0 1331.66
2773.2 1331.75
2774.4 1331.85
2775.6 1331.96
2776.8 1332.07
2778.0 1332.18
2779.2 1332.31
2780.4 1332.44
2781.6 1332.57
2782.8 1332.71
2784.0 1332.86
2785.2 1333.01
2786.4 1333.17
2787.6 1333.33
2788.8 1333.49
2790.0 1333.66
2791.2 1333.83
2792.4 1334.0
2793.6 1334.17
2794.8 1334.34
2796.0 1334.51
2797.2 1334.69
2798.4 1334.86
2799.6 1335.02
2800.8 1335.19
2802.0 1335.35
2803.2 1335.51
2804.4 1335.67
2805.6 1335.82
2806.8 1335.97
2808.0 1336.12
2809.2 1336.26
2810.4 1336.39
2811.6 1336.52
2812.8 1336.65
2814.0 1336.77
2815.2 1336.88
2816.4 1336.99
2817.6 1337.09
2818.8 1337.18
2820.0 1337.27
2821.2 1337.36
2822.4 1337.43
2823.6 1337.51
2824.8 1337.57
2826.0 1337.63
2827.2 1337.69
2828.4 1337.74
2829.6 1337.78
2830.8 1337.82
2832.0 1337.85
2833.2 1337.87
2834.4 1337.89
2835.6 1337.89
2836.8 1337.89
2838.0 1337.89
2839.2 1337.87
2840.4 1337.84
2841.6 1337.81
2842.8 1337.76
2844.0 1337.71
2845.2 1337.65
2846.4 1337.58
2847.6 1337.5
2848.8 1337.41
2850.0 1337.32
2851.2 1337.21
2852.4 1337.1
2853.6 1336.98
2854.8 1336.85
2856.0 1336.71
2857.2 1336.57
2858.4 1336.42
2859.6 1336.26
2860.8 1336.11
2862.0 1335.94
2863.2 1335.77
2864.4 1335.6
2865.6 1335.43
2866.8 1335.25
2868.0 1335.07
2869.2 1334.89
2870.4 1334.71
2871.6 1334.53
2872.8 1334.35
2874.0 1334.17
2875.2 1334.0
2876.4 1333.82
2877.6 1333.65
2878.8 1333.47
2880.0 1333.3
2881.2 1333.13
2882.4 1332.97
2883.6 1332.8
2884.8 1332.64
2886.0 1332.48
2887.2 1332.33
2888.4 1332.17
2889.6 1332.02
2890.8 1331.88
2892.0 1331.73
2893.2 1331.6
2894.4 1331.46
2895.6 1331.34
2896.8 1331.22
2898.0 1331.1
2899.2 1330.99
2900.4 1330.88
2901.6 1330.78
2902.8 1330.68
2904.0 1330.59
2905.2 1330.5
2906.4 1330.42
2907.6 1330.34
2908.8 1330.26
2910.0 1330.18
2911.2 1330.11
2912.4 1330.04
2913.6 1329.96
2914.8 1329.89
2916.0 1329.82
2917.2 1329.74
2918.4 1329.66
2919.6 1329.58
2920.8 1329.49
2922.0 1329.4
2923.2 1329.3
2924.4 1329.2
2925.6 1329.09
2926.8 1328.98
2928.0 1328.86
2929.2 1328.73
2930.4 1328.6
2931.6 1328.46
2932.8 1328.31
2934.0 1328.16
2935.2 1327.99
2936.4 1327.83
2937.6 1327.65
2938.8 1327.48
2940.0 1327.29
2941.2 1327.1
2942.4 1326.91
2943.6 1326.71
2944.8 1326.52
2946.0 1326.31
2947.2 1326.11
2948.4 1325.9
2949.6 1325.69
2950.8 1325.48
2952.0 1325.27
2953.2 1325.06
2954.4 1324.85
2955.6 1324.64
2956.8 1324.43
2958.0 1324.22
2959.2 1324.01
2960.4 1323.81
2961.6 1323.61
2962.8 1323.41
2964.0 1323.22
2965.2 1323.04
2966.4 1322.86
2967.6 1322.68
2968.8 1322.51
2970.0 1322.35
2971.2 1322.19
2972.4 1322.04
2973.6 1321.89
2974.8 1321.75
2976.0 1321.61
2977.2 1321.48
2978.4 1321.36
2979.6 1321.24
2980.8 1321.12
2982.0 1321.01
2983.2 1320.91
2984.4 1320.81
2985.6 1320.72
2986.8 1320.63
2988.0 1320.55
2989.2 1320.47
2990.4 1320.39
2991.6 1320.32
2992.8 1320.25
2994.0 1320.19
2995.2 1320.12
2996.4 1320.07
2997.6 1320.01
2998.8 1319.96
3000.0 1319.92
3001.2 1319.88
3002.4 1319.84
3003.6 1319.81
3004.8 1319.79
3006.0 1319.77
3007.2 1319.76
3008.4 1319.75
3009.6 1319.75
3010.8 1319.75
3012.0 1319.76
3013.2 1319.78
3014.4 1319.79
3015.6 1319.82
3016.8 1319.85
3018.0 1319.88
3019.2 1319.91
3020.4 1319.95
3021.6 1320.0
3022.8 1320.04
3024.0 1320.09
3025.2 1320.15
3026.4 1320.2
3027.6 1320.26
3028.8 1320.32
3030.0 1320.39
3031.2 1320.45
3032.4 1320.52
3033.6 1320.59
3034.8 1320.66
3036.0 1320.74
3037.2 1320.81
3038.4 1320.89
3039.6 1320.98
3040.8 1321.07
3042.0 1321.16
3043.2 1321.25
3044.4 1321.35
3045.6 1321.45
3046.8 1321.56
3048.0 1321.67
3049.2 1321.78
3050.4 1321.89
3051.6 1322.01
3052.8 1322.13
3054.0 1322.26
3055.2 1322.38
3056.4 1322.51
3057.6 1322.65
3058.8 1322.79
3060.0 1322.93
3061.2 1323.07
3062.4 1323.22
3063.6 1323.37
3064.8 1323.52
3066.0 1323.68
3067.2 1323.84
3068.4 1324.0
3069.6 1324.16
3070.8 1324.32
3072.0 1324.49
3073.2 1324.66
3074.4 1324.82
3075.6 1324.99
3076.8 1325.17
3078.0 1325.34
3079.2 1325.51
3080.4 1325.69
3081.6 1325.86
3082.8 1326.04
3084.0 1326.21
3085.2 1326.39
3086.4 1326.56
3087.6 1326.74
3088.8 1326.92
3090.0 1327.09
3091.2 1327.27
3092.4 1327.45
3093.6 1327.63
3094.8 1327.81
3096.0 1327.99
3097.2 1328.16
3098.4 1328.34
3099.6 1328.52
