0.0 6000.0
1.2 5999.91
2.4 5999.66
3.6 5999.24
4.8 5998.63
6.0 5997.81
7.2 5996.76
8.4 5995.47
9.6 5993.93
10.8 5992.12
12.0 5990.0
13.2 5987.55
14.4 5984.74
15.6 5981.56
16.8 5977.98
18.0 5973.98
19.2 5969.55
20.4 5964.67
21.6 5959.32
22.8 5953.5
24.0 5947.19
25.2 5940.38
26.4 5933.07
27.6 5925.24
28.8 5916.89
30.0 5908.01
31.2 5898.61
32.4 5888.66
33.6 5878.18
34.8 5867.16
36.0 5855.6
37.2 5843.5
38.4 5830.85
39.6 5817.67
40.8 5803.94
42.0 5789.67
43.2 5774.87
44.4 5759.53
45.6 5743.66
46.8 5727.27
48.0 5710.35
49.2 5692.92
50.4 5674.97
51.6 5656.51
52.8 5637.55
54.0 5618.09
55.2 5598.13
56.4 5577.69
57.6 5556.77
58.8 5535.38
60.0 5513.52
61.2 5491.2
62.4 5468.42
63.6 5445.2
64.8 5421.54
66.0 5397.45
67.2 5372.94
68.4 5348.01
69.6 5322.67
70.8 5296.93
72.0 5270.8
73.2 5244.28
74.4 5217.39
75.6 5190.13
76.8 5162.52
78.0 5134.55
79.2 5106.24
80.4 5077.59
81.6 5048.62
82.8 5019.33
84.0 4989.73
85.2 4959.84
86.4 4929.65
87.6 4899.18
88.8 4868.43
90.0 4837.42
91.2 4806.14
92.4 4774.62
93.6 4742.86
94.8 4710.87
96.0 4678.65
97.2 4646.22
98.4 4613.58
99.6 4580.73
100.8 4547.7
102.0 4514.49
103.2 4481.09
104.4 4447.54
105.6 4413.82
106.8 4379.95
108.0 4345.94
109.2 4311.79
110.4 4277.52
111.6 4243.12
112.8 4208.61
114.0 4174.0
115.2 4139.29
116.4 4104.49
117.6 4069.61
118.8 4034.65
120.0 3999.63
121.2 3964.54
122.4 3929.4
123.6 3894.23
124.8 3859.04
126.0 3823.86
127.2 3788.69
128.4 3753.54
129.6 3718.41
130.8 3683.33
132.0 3648.28
133.2 3613.3
134.4 3578.37
135.6 3543.53
136.8 3508.77
138.0 3474.1
139.2 3439.55
140.4 3405.12
141.6 3370.83
142.8 3336.68
144.0 3302.69
145.2 3268.88
146.4 3235.25
147.6 3201.83
148.8 3168.62
150.0 3135.64
151.2 3102.91
152.4 3070.44
153.6 3038.24
154.8 3006.34
156.0 2974.74
157.2 2943.45
158.4 2912.5
159.6 2881.9
160.8 2851.67
162.0 2821.81
163.2 2792.35
164.4 2763.3
165.6 2734.66
166.8 2706.47
168.0 2678.72
169.2 2651.44
170.4 2624.64
171.6 2598.32
172.8 2572.51
174.0 2547.22
175.2 2522.46
176.4 2498.24
177.6 2474.57
178.8 2451.46
180.0 2428.93
181.2 2406.98
182.4 2385.63
183.6 2364.88
184.8 2344.74
186.0 2325.22
187.2 2306.33
188.4 2288.07
189.6 2270.46
190.8 2253.52
192.0 2237.28
193.2 2221.73
194.4 2206.85
195.6 2192.62
196.8 2179.0
198.0 2165.98
199.2 2153.54
200.4 2141.65
201.6 2130.3
202.8 2119.48
204.0 2109.17
205.2 2099.34
206.4 2089.98
207.6 2081.08
208.8 2072.62
210.0 2064.59
211.2 2056.97
212.4 2049.75
213.6 2042.9
214.8 2036.43
216.0 2030.31
217.2 2024.5
218.4 2018.99
219.6 2013.76
220.8 2008.76
222.0 2003.99
223.2 1999.43
224.4 1995.04
225.6 1990.83
226.8 1986.76
228.0 1982.83
229.2 1979.02
230.4 1975.32
231.6 1971.71
232.8 1968.18
234.0 1964.73
235.2 1961.33
236.4 1957.99
237.6 1954.7
238.8 1951.44
240.0 1948.2
241.2 1944.99
242.4 1941.8
243.6 1938.61
244.8 1935.43
246.0 1932.25
247.2 1929.06
248.4 1925.86
249.6 1922.65
250.8 1919.43
252.0 1916.18
253.2 1912.91
254.4 1909.61
255.6 1906.29
256.8 1902.93
258.0 1899.54
259.2 1896.12
260.4 1892.66
261.6 1889.16
262.8 1885.62
264.0 1882.05
265.2 1878.43
266.4 1874.77
267.6 1871.07
268.8 1867.32
270.0 1863.53
271.2 1859.7
272.4 1855.83
273.6 1851.91
274.8 1847.94
276.0 1843.94
277.2 1839.89
278.4 1835.79
279.6 1831.66
280.8 1827.48
282.0 1823.25
283.2 1818.99
284.4 1814.69
285.6 1810.34
286.8 1805.96
288.0 1801.54
289.2 1797.08
290.4 1792.58
291.6 1788.05
292.8 1783.48
294.0 1778.88
295.2 1774.24
296.4 1769.57
297.6 1764.87
298.8 1760.13
300.0 1755.37
301.2 1750.57
302.4 1745.75
303.6 1740.9
304.8 1736.02
306.0 1731.11
307.2 1726.18
308.4 1721.23
309.6 1716.25
310.8 1711.25
312.0 1706.23
313.2 1701.19
314.4 1696.13
315.6 1691.05
316.8 1685.95
318.0 1680.84
319.2 1675.71
320.4 1670.57
321.6 1665.41
322.8 1660.24
324.0 1655.06
325.2 1649.86
326.4 1644.66
327.6 1639.45
328.8 1634.23
330.0 1629.0
331.2 1623.77
332.4 1618.53
333.6 1613.28
334.8 1608.03
336.0 1602.78
337.2 1597.53
338.4 1592.28
339.6 1587.03
340.8 1581.77
342.0 1576.52
343.2 1571.27
344.4 1566.03
345.6 1560.79
346.8 1555.55
348.0 1550.31
349.2 1545.08
350.4 1539.86
351.6 1534.65
352.8 1529.44
354.0 1524.25
355.2 1519.06
356.4 1513.89
357.6 1508.73
358.8 1503.58
360.0 1498.45
361.2 1493.33
362.4 1488.23
363.6 1483.15
364.8 1478.09
366.0 1473.04
367.2 1468.02
368.4 1463.03
369.6 1458.05
370.8 1453.1
372.0 1448.18
373.2 1443.28
374.4 1438.41
375.6 1433.57
376.8 1428.77
378.0 1424.04
379.2 1419.41
380.4 1414.89
381.6 1410.5
382.8 1406.26
384.0 1402.16
385.2 1398.17
386.4 1394.3
387.6 1390.53
388.8 1386.86
390.0 1383.28
391.2 1379.78
392.4 1376.35
393.6 1373.0
394.8 1369.71
396.0 1366.48
397.2 1363.31
398.4 1360.19
399.6 1357.12
400.8 1354.1
402.0 1351.11
403.2 1348.17
404.4 1345.27
405.6 1342.4
406.8 1339.57
408.0 1336.77
409.2 1334.0
410.4 1331.26
411.6 1328.55
412.8 1325.86
414.0 1323.2
415.2 1320.57
416.4 1317.96
417.6 1315.38
418.8 1312.82
420.0 1310.28
421.2 1307.77
422.4 1305.28
423.6 1302.81
424.8 1300.36
426.0 1297.94
427.2 1295.54
428.4 1293.17
429.6 1290.81
430.8 1288.48
432.0 1286.18
433.2 1283.89
434.4 1281.63
435.6 1279.39
436.8 1277.18
438.0 1274.98
439.2 1272.81
440.4 1270.67
441.6 1268.54
442.8 1266.44
444.0 1264.37
445.2 1262.31
446.4 1260.28
447.6 1258.28
448.8 1256.29
450.0 1254.34
451.2 1252.43
452.4 1250.59
453.6 1248.82
454.8 1247.11
456.0 1245.47
457.2 1243.88
458.4 1242.34
459.6 1240.85
460.8 1239.4
462.0 1238.0
463.2 1236.63
464.4 1235.31
465.6 1234.02
466.8 1232.76
468.0 1231.53
469.2 1230.33
470.4 1229.16
471.6 1228.02
472.8 1226.9
474.0 1225.81
475.2 1224.73
476.4 1223.69
477.6 1222.66
478.8 1221.65
480.0 1220.66
481.2 1219.69
482.4 1218.73
483.6 1217.79
484.8 1216.87
486.0 1215.97
487.2 1215.08
488.4 1214.21
489.6 1213.35
490.8 1212.51
492.0 1211.68
493.2 1210.86
494.4 1210.06
495.6 1209.28
496.8 1208.5
498.0 1207.75
499.2 1207.0
500.4 1206.27
501.6 1205.55
502.8 1204.85
504.0 1204.15
505.2 1203.47
506.4 1202.8
507.6 1202.15
508.8 1201.51
510.0 1200.87
511.2 1200.25
512.4 1199.65
513.6 1199.05
514.8 1198.47
516.0 1197.89
517.2 1197.33
518.4 1196.78
519.6 1196.24
520.8 1195.71
522.0 1195.2
523.2 1194.69
524.4 1194.2
525.6 1193.71
526.8 1193.24
528.0 1192.77
529.2 1192.32
530.4 1191.88
531.6 1191.44
532.8 1191.02
534.0 1190.61
535.2 1190.21
536.4 1189.81
537.6 1189.43
538.8 1189.06
540.0 1188.69
541.2 1188.34
542.4 1187.99
543.6 1187.66
544.8 1187.33
546.0 1187.01
547.2 1186.71
548.4 1186.41
549.6 1186.12
550.8 1185.84
552.0 1185.56
553.2 1185.3
554.4 1185.05
555.6 1184.8
556.8 1184.56
558.0 1184.34
559.2 1184.12
560.4 1183.9
561.6 1183.7
562.8 1183.51
564.0 1183.32
565.2 1183.14
566.4 1182.97
567.6 1182.8
568.8 1182.65
570.0 1182.5
571.2 1182.36
572.4 1182.22
573.6 1182.09
574.8 1181.97
576.0 1181.86
577.2 1181.75
578.4 1181.65
579.6 1181.56
580.8 1181.47
582.0 1181.39
583.2 1181.31
584.4 1181.24
585.6 1181.18
586.8 1181.12
588.0 1181.06
589.2 1181.02
590.4 1180.98
591.6 1180.94
592.8 1180.91
594.0 1180.88
595.2 1180.86
596.4 1180.85
597.6 1180.84
598.8 1180.84
600.0 1180.84
601.2 1180.84
602.4 1180.85
603.6 1180.86
604.8 1180.88
606.0 1180.9
607.2 1180.93
608.4 1180.96
609.6 1181.0
610.8 1181.03
612.0 1181.08
613.2 1181.12
614.4 1181.17
615.6 1181.22
616.8 1181.28
618.0 1181.33
619.2 1181.39
620.4 1181.46
621.6 1181.52
622.8 1181.59
624.0 1181.66
625.2 1181.73
626.4 1181.81
627.6 1181.88
628.8 1181.96
630.0 1182.04
631.2 1182.12
632.4 1182.21
633.6 1182.29
634.8 1182.38
636.0 1182.47
637.2 1182.56
638.4 1182.66
639.6 1182.75
640.8 1182.85
642.0 1182.95
643.2 1183.05
644.4 1183.15
645.6 1183.25
646.8 1183.35
648.0 1183.45
649.2 1183.56
650.4 1183.66
651.6 1183.77
652.8 1183.88
654.0 1183.99
655.2 1184.1
656.4 1184.21
657.6 1184.33
658.8 1184.44
660.0 1184.55
661.2 1184.67
662.4 1184.79
663.6 1184.9
664.8 1185.02
666.0 1185.14
667.2 1185.27
668.4 1185.39
669.6 1185.51
670.8 1185.64
672.0 1185.76
673.2 1185.89
674.4 1186.02
675.6 1186.15
676.8 1186.28
678.0 1186.41
679.2 1186.54
680.4 1186.67
681.6 1186.8
682.8 1186.93
684.0 1187.06
685.2 1187.19
686.4 1187.33
687.6 1187.46
688.8 1187.59
690.0 1187.72
691.2 1187.85
692.4 1187.98
693.6 1188.11
694.8 1188.24
696.0 1188.37
697.2 1188.49
698.4 1188.62
699.6 1188.75
700.8 1188.87
702.0 1189.0
703.2 1189.13
704.4 1189.25
705.6 1189.38
706.8 1189.5
708.0 1189.62
709.2 1189.75
710.4 1189.87
711.6 1189.99
712.8 1190.11
714.0 1190.23
715.2 1190.35
716.4 1190.47
717.6 1190.59
718.8 1190.7
720.0 1190.82
721.2 1190.94
722.4 1191.05
723.6 1191.17
724.8 1191.28
726.0 1191.39
727.2 1191.5
728.4 1191.61
729.6 1191.72
730.8 1191.83
732.0 1191.94
733.2 1192.04
734.4 1192.14
735.6 1192.25
736.8 1192.35
738.0 1192.45
739.2 1192.55
740.4 1192.64
741.6 1192.74
742.8 1192.83
744.0 1192.92
745.2 1193.01
746.4 1193.1
747.6 1193.19
748.8 1193.27
750.0 1193.36
751.2 1193.44
752.4 1193.52
753.6 1193.6
754.8 1193.68
756.0 1193.76
757.2 1193.84
758.4 1193.91
759.6 1193.99
760.8 1194.06
762.0 1194.13
763.2 1194.2
764.4 1194.27
765.6 1194.33
766.8 1194.4
768.0 1194.46
769.2 1194.52
770.4 1194.58
771.6 1194.64
772.8 1194.69
774.0 1194.75
775.2 1194.8
776.4 1194.85
777.6 1194.9
778.8 1194.95
780.0 1194.99
781.2 1195.04
782.4 1195.08
783.6 1195.13
784.8 1195.17
786.0 1195.21
787.2 1195.25
788.4 1195.28
789.6 1195.32
790.8 1195.35
792.0 1195.39
793.2 1195.42
794.4 1195.45
795.6 1195.48
796.8 1195.51
798.0 1195.54
799.2 1195.57
800.4 1195.6
801.6 1195.63
802.8 1195.69
804.0 1195.78
805.2 1195.91
806.4 1196.11
807.6 1196.36
808.8 1196.68
810.0 1197.07
811.2 1197.54
812.4 1198.08
813.6 1198.7
814.8 1199.41
816.0 1200.19
817.2 1201.06
818.4 1202.0
819.6 1203.03
820.8 1204.13
822.0 1205.33
823.2 1206.6
824.4 1207.96
825.6 1209.41
826.8 1210.95
828.0 1212.57
829.2 1214.27
830.4 1216.07
831.6 1217.94
832.8 1219.91
834.0 1221.95
835.2 1224.08
836.4 1226.3
837.6 1228.59
838.8 1230.97
840.0 1233.42
841.2 1235.95
842.4 1238.56
843.6 1241.25
844.8 1244.0
846.0 1246.84
847.2 1249.74
848.4 1252.71
849.6 1255.75
850.8 1258.86
852.0 1262.03
853.2 1265.26
854.4 1268.56
855.6 1271.92
856.8 1275.33
858.0 1278.81
859.2 1282.34
860.4 1285.92
861.6 1289.55
862.8 1293.24
864.0 1296.98
865.2 1300.76
866.4 1304.59
867.6 1308.47
868.8 1312.4
870.0 1316.36
871.2 1320.37
872.4 1324.42
873.6 1328.5
874.8 1332.63
876.0 1336.79
877.2 1340.99
878.4 1345.22
879.6 1349.48
880.8 1353.78
882.0 1358.11
883.2 1362.46
884.4 1366.85
885.6 1371.26
886.8 1375.7
888.0 1380.16
889.2 1384.64
890.4 1389.15
891.6 1393.68
892.8 1398.23
894.0 1402.8
895.2 1407.38
896.4 1411.98
897.6 1416.6
898.8 1421.23
900.0 1425.87
901.2 1430.52
902.4 1435.19
903.6 1439.86
904.8 1444.55
906.0 1449.24
907.2 1453.93
908.4 1458.64
909.6 1463.34
910.8 1468.05
912.0 1472.76
913.2 1477.47
914.4 1482.17
915.6 1486.88
916.8 1491.58
918.0 1496.28
919.2 1500.98
920.4 1505.67
921.6 1510.35
922.8 1515.02
924.0 1519.69
925.2 1524.34
926.4 1528.98
927.6 1533.61
928.8 1538.22
930.0 1542.82
931.2 1547.41
932.4 1551.97
933.6 1556.52
934.8 1561.05
936.0 1565.56
937.2 1570.05
938.4 1574.52
939.6 1578.96
940.8 1583.38
942.0 1587.78
943.2 1592.15
944.4 1596.49
945.6 1600.8
946.8 1605.09
948.0 1609.35
949.2 1613.57
950.4 1617.76
951.6 1621.92
952.8 1626.05
954.0 1630.14
955.2 1634.19
956.4 1638.21
957.6 1642.19
958.8 1646.14
960.0 1650.04
961.2 1653.91
962.4 1657.73
963.6 1661.51
964.8 1665.25
966.0 1668.95
967.2 1672.6
968.4 1676.2
969.6 1679.76
970.8 1683.28
972.0 1686.74
973.2 1690.16
974.4 1693.53
975.6 1696.85
976.8 1700.11
978.0 1703.33
979.2 1706.49
980.4 1709.61
981.6 1712.66
982.8 1715.67
984.0 1718.62
985.2 1721.52
986.4 1724.36
987.6 1727.14
988.8 1729.87
990.0 1732.54
991.2 1735.16
992.4 1737.72
993.6 1740.22
994.8 1742.67
996.0 1745.05
997.2 1747.38
998.4 1749.65
999.6 1751.87
1000.8 1754.02
1002.0 1756.12
1003.2 1758.16
1004.4 1760.14
1005.6 1762.06
1006.8 1763.93
1008.0 1765.73
1009.2 1767.48
1010.4 1769.17
1011.6 1770.8
1012.8 1772.37
1014.0 1773.88
1015.2 1775.34
1016.4 1776.73
1017.6 1778.07
1018.8 1779.35
1020.0 1780.58
1021.2 1781.74
1022.4 1782.85
1023.6 1783.9
1024.8 1784.9
1026.0 1785.84
1027.2 1786.72
1028.4 1787.54
1029.6 1788.31
1030.8 1789.03
1032.0 1789.68
1033.2 1790.29
1034.4 1790.83
1035.6 1791.33
1036.8 1791.76
1038.0 1792.15
1039.2 1792.48
1040.4 1792.75
1041.6 1792.97
1042.8 1793.14
1044.0 1793.26
1045.2 1793.32
1046.4 1793.34
1047.6 1793.3
1048.8 1793.2
1050.0 1793.06
1051.2 1792.87
1052.4 1792.63
1053.6 1792.34
1054.8 1792.0
1056.0 1791.61
1057.2 1791.17
1058.4 1790.68
1059.6 1790.15
1060.8 1789.57
1062.0 1788.95
1063.2 1788.28
1064.4 1787.56
1065.6 1786.8
1066.8 1785.99
1068.0 1785.14
1069.2 1784.24
1070.4 1783.3
1071.6 1782.32
1072.8 1781.3
1074.0 1780.24
1075.2 1779.13
1076.4 1777.98
1077.6 1776.8
1078.8 1775.57
1080.0 1774.3
1081.2 1773.0
1082.4 1771.65
1083.6 1770.27
1084.8 1768.85
1086.0 1767.4
1087.2 1765.9
1088.4 1764.37
1089.6 1762.81
1090.8 1761.21
1092.0 1759.58
1093.2 1757.91
1094.4 1756.21
1095.6 1754.48
1096.8 1752.71
1098.0 1750.91
1099.2 1749.09
1100.4 1747.23
1101.6 1745.34
1102.8 1743.42
1104.0 1741.48
1105.2 1739.5
1106.4 1737.5
1107.6 1735.47
1108.8 1733.41
1110.0 1731.33
1111.2 1729.22
1112.4 1727.09
1113.6 1724.93
1114.8 1722.75
1116.0 1720.54
1117.2 1718.31
1118.4 1716.06
1119.6 1713.79
1120.8 1711.49
1122.0 1709.18
1123.2 1706.84
1124.4 1704.48
1125.6 1702.11
1126.8 1699.71
1128.0 1697.3
1129.2 1694.87
1130.4 1692.42
1131.6 1689.95
1132.8 1687.47
1134.0 1684.98
1135.2 1682.47
1136.4 1679.94
1137.6 1677.4
1138.8 1674.85
1140.0 1672.28
1141.2 1669.7
1142.4 1667.11
1143.6 1664.5
1144.8 1661.89
1146.0 1659.26
1147.2 1656.62
1148.4 1653.97
1149.6 1651.32
1150.8 1648.65
1152.0 1645.97
1153.2 1643.29
1154.4 1640.6
1155.6 1637.9
1156.8 1635.2
1158.0 1632.49
1159.2 1629.77
1160.4 1627.05
1161.6 1624.32
1162.8 1621.58
1164.0 1618.85
1165.2 1616.11
1166.4 1613.36
1167.6 1610.62
1168.8 1607.87
1170.0 1605.12
1171.2 1602.37
1172.4 1599.61
1173.6 1596.86
1174.8 1594.11
1176.0 1591.35
1177.2 1588.6
1178.4 1585.85
1179.6 1583.1
1180.8 1580.35
1182.0 1577.6
1183.2 1574.85
1184.4 1572.11
1185.6 1569.37
1186.8 1566.63
1188.0 1563.9
1189.2 1561.17
1190.4 1558.44
1191.6 1555.72
1192.8 1553.01
1194.0 1550.3
1195.2 1547.6
1196.4 1544.9
1197.6 1542.21
1198.8 1539.53
1200.0 1536.86
1201.2 1534.19
1202.4 1531.53
1203.6 1528.88
1204.8 1526.24
1206.0 1523.6
1207.2 1520.98
1208.4 1518.37
1209.6 1515.76
1210.8 1513.17
1212.0 1510.59
1213.2 1508.02
1214.4 1505.46
1215.6 1502.91
1216.8 1500.37
1218.0 1497.85
1219.2 1495.34
1220.4 1492.84
1221.6 1490.35
1222.8 1487.87
1224.0 1485.41
1225.2 1482.96
1226.4 1480.53
1227.6 1478.1
1228.8 1475.69
1230.0 1473.29
1231.2 1470.89
1232.4 1468.5
1233.6 1466.11
1234.8 1463.73
1236.0 1461.35
1237.2 1458.98
1238.4 1456.6
1239.6 1454.23
1240.8 1451.87
1242.0 1449.5
1243.2 1447.14
1244.4 1444.78
1245.6 1442.43
1246.8 1440.07
1248.0 1437.72
1249.2 1435.37
1250.4 1433.03
1251.6 1430.69
1252.8 1428.35
1254.0 1426.02
1255.2 1423.7
1256.4 1421.38
1257.6 1419.06
1258.8 1416.75
1260.0 1414.45
1261.2 1412.15
1262.4 1409.86
1263.6 1407.58
1264.8 1405.31
1266.0 1403.04
1267.2 1400.79
1268.4 1398.54
1269.6 1396.31
1270.8 1394.08
1272.0 1391.87
1273.2 1389.67
1274.4 1387.47
1275.6 1385.29
1276.8 1383.12
1278.0 1380.97
1279.2 1378.83
1280.4 1376.7
1281.6 1374.58
1282.8 1372.47
1284.0 1370.38
1285.2 1368.31
1286.4 1366.25
1287.6 1364.2
1288.8 1362.17
1290.0 1360.16
1291.2 1358.16
1292.4 1356.17
1293.6 1354.21
1294.8 1352.26
1296.0 1350.32
1297.2 1348.4
1298.4 1346.51
1299.6 1344.62
1300.8 1342.76
1302.0 1340.91
1303.2 1339.08
1304.4 1337.27
1305.6 1335.47
1306.8 1333.7
1308.0 1331.94
1309.2 1330.2
1310.4 1328.48
1311.6 1326.77
1312.8 1325.09
1314.0 1323.42
1315.2 1321.78
1316.4 1320.15
1317.6 1318.54
1318.8 1316.95
1320.0 1315.38
1321.2 1313.83
1322.4 1312.3
1323.6 1310.79
1324.8 1309.29
1326.0 1307.82
1327.2 1306.37
1328.4 1304.93
1329.6 1303.51
1330.8 1302.12
1332.0 1300.74
1333.2 1299.38
1334.4 1298.03
1335.6 1296.71
1336.8 1295.4
1338.0 1294.12
1339.2 1292.85
1340.4 1291.6
1341.6 1290.36
1342.8 1289.15
1344.0 1287.95
1345.2 1286.77
1346.4 1285.61
1347.6 1284.47
1348.8 1283.34
1350.0 1282.24
1351.2 1281.14
1352.4 1280.07
1353.6 1279.02
1354.8 1277.98
1356.0 1276.95
1357.2 1275.95
1358.4 1274.96
1359.6 1273.99
1360.8 1273.03
1362.0 1272.09
1363.2 1271.17
1364.4 1270.26
1365.6 1269.37
1366.8 1268.49
1368.0 1267.63
1369.2 1266.79
1370.4 1265.96
1371.6 1265.15
1372.8 1264.35
1374.0 1263.57
1375.2 1262.8
1376.4 1262.05
1377.6 1261.32
1378.8 1260.6
1380.0 1259.89
1381.2 1259.2
1382.4 1258.52
1383.6 1257.85
1384.8 1257.2
1386.0 1256.57
1387.2 1255.94
1388.4 1255.33
1389.6 1254.73
1390.8 1254.15
1392.0 1253.58
1393.2 1253.02
1394.4 1252.47
1395.6 1251.93
1396.8 1251.41
1398.0 1250.9
1399.2 1250.4
1400.4 1249.91
1401.6 1249.43
1402.8 1248.97
1404.0 1248.52
1405.2 1248.07
1406.4 1247.64
1407.6 1247.22
1408.8 1246.81
1410.0 1246.42
1411.2 1246.03
1412.4 1245.65
1413.6 1245.29
1414.8 1244.93
1416.0 1244.58
1417.2 1244.24
1418.4 1243.92
1419.6 1243.6
1420.8 1243.29
1422.0 1242.99
1423.2 1242.7
1424.4 1242.41
1425.6 1242.14
1426.8 1241.88
1428.0 1241.62
1429.2 1241.37
1430.4 1241.13
1431.6 1240.9
1432.8 1240.68
1434.0 1240.47
1435.2 1240.26
1436.4 1240.06
1437.6 1239.87
1438.8 1239.68
1440.0 1239.5
1441.2 1239.33
1442.4 1239.17
1443.6 1239.01
1444.8 1238.86
1446.0 1238.72
1447.2 1238.58
1448.4 1238.45
1449.6 1238.32
1450.8 1238.21
1452.0 1238.09
1453.2 1237.99
1454.4 1237.89
1455.6 1237.79
1456.8 1237.7
1458.0 1237.62
1459.2 1237.54
1460.4 1237.47
1461.6 1237.4
1462.8 1237.33
1464.0 1237.27
1465.2 1237.22
1466.4 1237.17
1467.6 1237.13
1468.8 1237.09
1470.0 1237.06
1471.2 1237.03
1472.4 1237.01
1473.6 1236.99
1474.8 1236.97
1476.0 1236.96
1477.2 1236.95
1478.4 1236.94
1479.6 1236.94
1480.8 1236.94
1482.0 1236.95
1483.2 1236.96
1484.4 1236.97
1485.6 1236.99
1486.8 1237.01
1488.0 1237.03
1489.2 1237.05
1490.4 1237.08
1491.6 1237.11
1492.8 1237.15
1494.0 1237.18
1495.2 1237.22
1496.4 1237.27
1497.6 1237.31
1498.8 1237.36
1500.0 1237.41
1501.2 1237.46
1502.4 1237.51
1503.6 1237.56
1504.8 1237.62
1506.0 1237.68
1507.2 1237.74
1508.4 1237.8
1509.6 1237.86
1510.8 1237.93
1512.0 1237.99
1513.2 1238.06
1514.4 1238.13
1515.6 1238.2
1516.8 1238.27
1518.0 1238.34
1519.2 1238.41
1520.4 1238.49
1521.6 1238.56
1522.8 1238.64
1524.0 1238.72
1525.2 1238.79
1526.4 1238.87
1527.6 1238.95
1528.8 1239.03
1530.0 1239.11
1531.2 1239.2
1532.4 1239.28
1533.6 1239.36
1534.8 1239.44
1536.0 1239.53
1537.2 1239.61
1538.4 1239.7
1539.6 1239.78
1540.8 1239.87
1542.0 1239.95
1543.2 1240.03
1544.4 1240.12
1545.6 1240.2
1546.8 1240.29
1548.0 1240.37
1549.2 1240.46
1550.4 1240.54
1551.6 1240.63
1552.8 1240.71
1554.0 1240.8
1555.2 1240.88
1556.4 1240.97
1557.6 1241.05
1558.8 1241.14
1560.0 1241.22
1561.2 1241.31
1562.4 1241.4
1563.6 1241.48
1564.8 1241.57
1566.0 1241.65
1567.2 1241.74
1568.4 1241.82
1569.6 1241.91
1570.8 1241.99
1572.0 1242.08
1573.2 1242.16
1574.4 1242.24
1575.6 1242.32
1576.8 1242.4
1578.0 1242.48
1579.2 1242.56
1580.4 1242.64
1581.6 1242.71
1582.8 1242.79
1584.0 1242.87
1585.2 1242.94
1586.4 1243.02
1587.6 1243.09
1588.8 1243.17
1590.0 1243.24
1591.2 1243.32
1592.4 1243.39
1593.6 1243.46
1594.8 1243.53
1596.0 1243.6
1597.2 1243.67
1598.4 1243.74
1599.6 1243.81
1600.8 1243.88
1602.0 1243.93
1603.2 1243.95
1604.4 1243.94
1605.6 1243.88
1606.8 1243.76
1608.0 1243.58
1609.2 1243.34
1610.4 1243.04
1611.6 1242.69
1612.8 1242.31
1614.0 1241.94
1615.2 1241.6
1616.4 1241.3
1617.6 1241.08
1618.8 1240.95
1620.0 1240.92
1621.2 1240.97
1622.4 1241.09
1623.6 1241.26
1624.8 1241.47
1626.0 1241.72
1627.2 1241.98
1628.4 1242.25
1629.6 1242.52
1630.8 1242.78
1632.0 1243.03
1633.2 1243.26
1634.4 1243.47
1635.6 1243.65
1636.8 1243.79
1638.0 1243.9
1639.2 1243.97
1640.4 1244.0
1641.6 1243.98
1642.8 1243.92
1644.0 1243.81
1645.2 1243.65
1646.4 1243.44
1647.6 1243.19
1648.8 1242.88
1650.0 1242.52
1651.2 1242.11
1652.4 1241.65
1653.6 1241.15
1654.8 1240.62
1656.0 1240.1
1657.2 1239.6
1658.4 1239.14
1659.6 1238.74
1660.8 1238.38
1662.0 1238.05
1663.2 1237.75
1664.4 1237.46
1665.6 1237.19
1666.8 1236.92
1668.0 1236.65
1669.2 1236.37
1670.4 1236.09
1671.6 1235.8
1672.8 1235.49
1674.0 1235.16
1675.2 1234.82
1676.4 1234.45
1677.6 1234.06
1678.8 1233.64
1680.0 1233.2
1681.2 1232.73
1682.4 1232.23
1683.6 1231.7
1684.8 1231.14
1686.0 1230.54
1687.2 1229.92
1688.4 1229.28
1689.6 1228.62
1690.8 1227.96
1692.0 1227.32
1693.2 1226.7
1694.4 1226.1
1695.6 1225.5
1696.8 1224.92
1698.0 1224.33
1699.2 1223.74
1700.4 1223.16
1701.6 1222.56
1702.8 1221.98
1704.0 1221.43
1705.2 1220.9
1706.4 1220.39
1707.6 1219.9
1708.8 1219.42
1710.0 1218.95
1711.2 1218.49
1712.4 1218.03
1713.6 1217.57
1714.8 1217.1
1716.0 1216.64
1717.2 1216.16
1718.4 1215.68
1719.6 1215.19
1720.8 1214.69
1722.0 1214.18
1723.2 1213.65
1724.4 1213.11
1725.6 1212.56
1726.8 1211.99
1728.0 1211.41
1729.2 1210.81
1730.4 1210.22
1731.6 1209.65
1732.8 1209.12
1734.0 1208.63
1735.2 1208.17
1736.4 1207.74
1737.6 1207.33
1738.8 1206.94
1740.0 1206.56
1741.2 1206.2
1742.4 1205.84
1743.6 1205.5
1744.8 1205.15
1746.0 1204.81
1747.2 1204.47
1748.4 1204.13
1749.6 1203.78
1750.8 1203.42
1752.0 1203.06
1753.2 1202.7
1754.4 1202.32
1755.6 1201.94
1756.8 1201.55
1758.0 1201.15
1759.2 1200.74
1760.4 1200.31
1761.6 1199.88
1762.8 1199.43
1764.0 1198.98
1765.2 1198.51
1766.4 1198.03
1767.6 1197.55
1768.8 1197.05
1770.0 1196.54
1771.2 1196.02
1772.4 1195.49
1773.6 1194.96
1774.8 1194.41
1776.0 1193.87
1777.2 1193.34
1778.4 1192.83
1779.6 1192.35
1780.8 1191.89
1782.0 1191.45
1783.2 1191.02
1784.4 1190.61
1785.6 1190.2
1786.8 1189.81
1788.0 1189.42
1789.2 1189.04
1790.4 1188.67
1791.6 1188.3
1792.8 1187.93
1794.0 1187.56
1795.2 1187.2
1796.4 1186.83
1797.6 1186.46
1798.8 1186.1
1800.0 1185.73
1801.2 1185.36
1802.4 1184.99
1803.6 1184.62
1804.8 1184.24
1806.0 1183.86
1807.2 1183.48
1808.4 1183.1
1809.6 1182.71
1810.8 1182.33
1812.0 1181.94
1813.2 1181.54
1814.4 1181.15
1815.6 1180.75
1816.8 1180.36
1818.0 1179.96
1819.2 1179.56
1820.4 1179.16
1821.6 1178.75
1822.8 1178.35
1824.0 1177.94
1825.2 1177.54
1826.4 1177.13
1827.6 1176.73
1828.8 1176.32
1830.0 1175.91
1831.2 1175.51
1832.4 1175.1
1833.6 1174.7
1834.8 1174.29
1836.0 1173.89
1837.2 1173.48
1838.4 1173.08
1839.6 1172.68
1840.8 1172.28
1842.0 1171.88
1843.2 1171.49
1844.4 1171.1
1845.6 1170.71
1846.8 1170.32
1848.0 1169.94
1849.2 1169.56
1850.4 1169.19
1851.6 1168.85
1852.8 1168.54
1854.0 1168.26
1855.2 1168.0
1856.4 1167.77
1857.6 1167.55
1858.8 1167.35
1860.0 1167.17
1861.2 1167.0
1862.4 1166.85
1863.6 1166.7
1864.8 1166.57
1866.0 1166.45
1867.2 1166.34
1868.4 1166.24
1869.6 1166.14
1870.8 1166.05
1872.0 1165.96
1873.2 1165.88
1874.4 1165.81
1875.6 1165.74
1876.8 1165.67
1878.0 1165.6
1879.2 1165.54
1880.4 1165.48
1881.6 1165.43
1882.8 1165.38
1884.0 1165.33
1885.2 1165.28
1886.4 1165.24
1887.6 1165.19
1888.8 1165.15
1890.0 1165.11
1891.2 1165.08
1892.4 1165.04
1893.6 1165.01
1894.8 1164.98
1896.0 1164.95
1897.2 1164.92
1898.4 1164.89
1899.6 1164.87
1900.8 1164.84
1902.0 1164.82
1903.2 1164.8
1904.4 1164.78
1905.6 1164.76
1906.8 1164.75
1908.0 1164.73
1909.2 1164.72
1910.4 1164.71
1911.6 1164.7
1912.8 1164.69
1914.0 1164.69
1915.2 1164.69
1916.4 1164.69
1917.6 1164.69
1918.8 1164.7
1920.0 1164.71
1921.2 1164.72
1922.4 1164.74
1923.6 1164.75
1924.8 1164.77
1926.0 1164.8
1927.2 1164.82
1928.4 1164.85
1929.6 1164.88
1930.8 1164.92
1932.0 1164.95
1933.2 1164.99
1934.4 1165.03
1935.6 1165.08
1936.8 1165.12
1938.0 1165.17
1939.2 1165.23
1940.4 1165.28
1941.6 1165.34
1942.8 1165.4
1944.0 1165.47
1945.2 1165.53
1946.4 1165.6
1947.6 1165.68
1948.8 1165.75
1950.0 1165.83
1951.2 1165.92
1952.4 1166.0
1953.6 1166.09
1954.8 1166.18
1956.0 1166.27
1957.2 1166.37
1958.4 1166.46
1959.6 1166.56
1960.8 1166.66
1962.0 1166.76
1963.2 1166.87
1964.4 1166.97
1965.6 1167.08
1966.8 1167.19
1968.0 1167.3
1969.2 1167.42
1970.4 1167.53
1971.6 1167.65
1972.8 1167.77
1974.0 1167.89
1975.2 1168.01
1976.4 1168.13
1977.6 1168.26
1978.8 1168.39
1980.0 1168.51
1981.2 1168.64
1982.4 1168.78
1983.6 1168.91
1984.8 1169.04
1986.0 1169.18
1987.2 1169.32
1988.4 1169.46
1989.6 1169.6
1990.8 1169.74
1992.0 1169.88
1993.2 1170.03
1994.4 1170.18
1995.6 1170.32
1996.8 1170.47
1998.0 1170.62
1999.2 1170.77
2000.4 1170.93
2001.6 1171.08
2002.8 1171.23
2004.0 1171.39
2005.2 1171.54
2006.4 1171.7
2007.6 1171.85
2008.8 1172.01
2010.0 1172.17
2011.2 1172.33
2012.4 1172.48
2013.6 1172.64
2014.8 1172.8
2016.0 1172.96
2017.2 1173.13
2018.4 1173.29
2019.6 1173.45
2020.8 1173.61
2022.0 1173.77
2023.2 1173.93
2024.4 1174.09
2025.6 1174.26
2026.8 1174.42
2028.0 1174.58
2029.2 1174.74
2030.4 1174.91
2031.6 1175.07
2032.8 1175.23
2034.0 1175.39
2035.2 1175.55
2036.4 1175.72
2037.6 1175.88
2038.8 1176.04
2040.0 1176.2
2041.2 1176.36
2042.4 1176.52
2043.6 1176.68
2044.8 1176.84
2046.0 1177.0
2047.2 1177.16
2048.4 1177.32
2049.6 1177.48
2050.8 1177.63
2052.0 1177.79
2053.2 1177.95
2054.4 1178.1
2055.6 1178.26
2056.8 1178.41
2058.0 1178.57
2059.2 1178.72
2060.4 1178.88
2061.6 1179.03
2062.8 1179.18
2064.0 1179.33
2065.2 1179.48
2066.4 1179.63
2067.6 1179.78
2068.8 1179.93
2070.0 1180.08
2071.2 1180.23
2072.4 1180.38
2073.6 1180.52
2074.8 1180.67
2076.0 1180.82
2077.2 1180.96
2078.4 1181.11
2079.6 1181.25
2080.8 1181.39
2082.0 1181.54
2083.2 1181.68
2084.4 1181.82
2085.6 1181.97
2086.8 1182.11
2088.0 1182.25
2089.2 1182.39
2090.4 1182.53
2091.6 1182.67
2092.8 1182.8
2094.0 1182.94
2095.2 1183.08
2096.4 1183.21
2097.6 1183.34
2098.8 1183.48
2100.0 1183.61
2101.2 1183.74
2102.4 1183.87
2103.6 1183.99
2104.8 1184.12
2106.0 1184.25
2107.2 1184.37
2108.4 1184.49
2109.6 1184.61
2110.8 1184.73
2112.0 1184.85
2113.2 1184.97
2114.4 1185.09
2115.6 1185.21
2116.8 1185.32
2118.0 1185.44
2119.2 1185.55
2120.4 1185.67
2121.6 1185.78
2122.8 1185.89
2124.0 1186.0
2125.2 1186.11
2126.4 1186.22
2127.6 1186.33
2128.8 1186.43
2130.0 1186.54
2131.2 1186.65
2132.4 1186.75
2133.6 1186.86
2134.8 1186.97
2136.0 1187.07
2137.2 1187.18
2138.4 1187.28
2139.6 1187.38
2140.8 1187.48
2142.0 1187.59
2143.2 1187.69
2144.4 1187.79
2145.6 1187.89
2146.8 1187.99
2148.0 1188.08
2149.2 1188.18
2150.4 1188.28
2151.6 1188.37
2152.8 1188.47
2154.0 1188.56
2155.2 1188.66
2156.4 1188.75
2157.6 1188.84
2158.8 1188.93
2160.0 1189.02
2161.2 1189.11
2162.4 1189.2
2163.6 1189.28
2164.8 1189.37
2166.0 1189.46
2167.2 1189.54
2168.4 1189.63
2169.6 1189.71
2170.8 1189.79
2172.0 1189.87
2173.2 1189.96
2174.4 1190.04
2175.6 1190.12
2176.8 1190.2
2178.0 1190.28
2179.2 1190.36
2180.4 1190.43
2181.6 1190.51
2182.8 1190.59
2184.0 1190.66
2185.2 1190.74
2186.4 1190.81
2187.6 1190.89
2188.8 1190.96
2190.0 1191.04
2191.2 1191.11
2192.4 1191.18
2193.6 1191.26
2194.8 1191.33
2196.0 1191.4
2197.2 1191.48
2198.4 1191.55
2199.6 1191.62
2200.8 1191.69
2202.0 1191.76
2203.2 1191.83
2204.4 1191.9
2205.6 1191.96
2206.8 1192.03
2208.0 1192.1
2209.2 1192.16
2210.4 1192.23
2211.6 1192.29
2212.8 1192.36
2214.0 1192.42
2215.2 1192.48
2216.4 1192.54
2217.6 1192.6
2218.8 1192.66
2220.0 1192.72
2221.2 1192.77
2222.4 1192.83
2223.6 1192.88
2224.8 1192.93
2226.0 1192.98
2227.2 1193.03
2228.4 1193.08
2229.6 1193.13
2230.8 1193.18
2232.0 1193.22
2233.2 1193.27
2234.4 1193.31
2235.6 1193.35
2236.8 1193.39
2238.0 1193.43
2239.2 1193.46
2240.4 1193.5
2241.6 1193.53
2242.8 1193.57
2244.0 1193.6
2245.2 1193.63
2246.4 1193.66
2247.6 1193.69
2248.8 1193.72
2250.0 1193.74
2251.2 1193.76
2252.4 1193.7
2253.6 1193.51
2254.8 1193.14
2256.0 1192.54
2257.2 1191.69
2258.4 1190.55
2259.6 1189.11
2260.8 1187.35
2262.0 1185.28
2263.2 1182.88
2264.4 1180.15
2265.6 1177.09
2266.8 1173.72
2268.0 1170.03
2269.2 1166.04
2270.4 1161.76
2271.6 1157.19
2272.8 1152.35
2274.0 1147.31
2275.2 1142.39
2276.4 1137.87
2277.6 1133.83
2278.8 1130.28
2280.0 1127.23
2281.2 1124.71
2282.4 1122.71
2283.6 1121.26
2284.8 1120.36
2286.0 1120.03
2287.2 1120.27
2288.4 1121.1
2289.6 1122.55
2290.8 1124.65
2292.0 1127.41
2293.2 1130.84
2294.4 1134.96
2295.6 1139.75
2296.8 1145.2
2298.0 1151.29
2299.2 1157.98
2300.4 1165.26
2301.6 1173.09
2302.8 1181.46
2304.0 1190.33
2305.2 1199.69
2306.4 1209.51
2307.6 1219.76
2308.8 1230.44
2310.0 1241.5
2311.2 1252.94
2312.4 1264.73
2313.6 1276.84
2314.8 1289.26
2316.0 1301.97
2317.2 1314.95
2318.4 1328.18
2319.6 1341.63
2320.8 1355.3
2322.0 1369.15
2323.2 1383.18
2324.4 1397.37
2325.6 1411.7
2326.8 1426.15
2328.0 1440.7
2329.2 1455.34
2330.4 1470.06
2331.6 1484.84
2332.8 1499.66
2334.0 1514.52
2335.2 1529.38
2336.4 1544.25
2337.6 1559.11
2338.8 1573.95
2340.0 1588.75
2341.2 1603.5
2342.4 1618.18
2343.6 1632.8
2344.8 1647.33
2346.0 1661.77
2347.2 1676.11
2348.4 1690.33
2349.6 1704.42
2350.8 1718.38
2352.0 1732.2
2353.2 1745.87
2354.4 1759.38
2355.6 1772.72
2356.8 1785.88
2358.0 1798.86
2359.2 1811.65
2360.4 1824.25
2361.6 1836.64
2362.8 1848.82
2364.0 1860.78
2365.2 1872.53
2366.4 1884.05
2367.6 1895.33
2368.8 1906.39
2370.0 1917.2
2371.2 1927.76
2372.4 1938.08
2373.6 1948.15
2374.8 1957.96
2376.0 1967.51
2377.2 1976.8
2378.4 1985.82
2379.6 1994.58
2380.8 2003.07
2382.0 2011.29
2383.2 2019.23
2384.4 2026.91
2385.6 2034.3
2386.8 2041.42
2388.0 2048.27
2389.2 2054.83
2390.4 2061.12
2391.6 2067.12
2392.8 2072.85
2394.0 2078.3
2395.2 2083.47
2396.4 2088.36
2397.6 2092.98
2398.8 2097.31
2400.0 2101.37
2401.2 2105.16
2402.4 2108.67
2403.6 2111.91
2404.8 2114.88
2406.0 2117.59
2407.2 2120.02
2408.4 2122.19
2409.6 2124.1
2410.8 2125.74
2412.0 2127.13
2413.2 2128.26
2414.4 2129.14
2415.6 2129.77
2416.8 2130.16
2418.0 2130.29
2419.2 2130.19
2420.4 2129.85
2421.6 2129.27
2422.8 2128.47
2424.0 2127.43
2425.2 2126.17
2426.4 2124.69
2427.6 2122.99
2428.8 2121.08
2430.0 2118.95
2431.2 2116.62
2432.4 2114.08
2433.6 2111.35
2434.8 2108.42
2436.0 2105.3
2437.2 2101.99
2438.4 2098.5
2439.6 2094.83
2440.8 2090.98
2442.0 2086.96
2443.2 2082.77
2444.4 2078.42
2445.6 2073.9
2446.8 2069.24
2448.0 2064.42
2449.2 2059.45
2450.4 2054.34
2451.6 2049.09
2452.8 2043.7
2454.0 2038.19
2455.2 2032.54
2456.4 2026.78
2457.6 2020.89
2458.8 2014.89
2460.0 2008.78
2461.2 2002.56
2462.4 1996.24
2463.6 1989.81
2464.8 1983.3
2466.0 1976.69
2467.2 1969.99
2468.4 1963.21
2469.6 1956.36
2470.8 1949.42
2472.0 1942.41
2473.2 1935.34
2474.4 1928.2
2475.6 1920.99
2476.8 1913.73
2478.0 1906.42
2479.2 1899.05
2480.4 1891.64
2481.6 1884.19
2482.8 1876.69
2484.0 1869.16
2485.2 1861.59
2486.4 1853.99
2487.6 1846.37
2488.8 1838.72
2490.0 1831.05
2491.2 1823.36
2492.4 1815.66
2493.6 1807.94
2494.8 1800.22
2496.0 1792.49
2497.2 1784.76
2498.4 1777.02
2499.6 1769.29
2500.8 1761.56
2502.0 1753.84
2503.2 1746.13
2504.4 1738.43
2505.6 1730.75
2506.8 1723.08
2508.0 1715.43
2509.2 1707.81
2510.4 1700.21
2511.6 1692.63
2512.8 1685.08
2514.0 1677.57
2515.2 1670.08
2516.4 1662.63
2517.6 1655.21
2518.8 1647.84
2520.0 1640.5
2521.2 1633.2
2522.4 1625.95
2523.6 1618.74
2524.8 1611.57
2526.0 1604.46
2527.2 1597.39
2528.4 1590.38
2529.6 1583.41
2530.8 1576.5
2532.0 1569.64
2533.2 1562.84
2534.4 1556.1
2535.6 1549.41
2536.8 1542.78
2538.0 1536.21
2539.2 1529.71
2540.4 1523.26
2541.6 1516.88
2542.8 1510.55
2544.0 1504.3
2545.2 1498.1
2546.4 1491.97
2547.6 1485.91
2548.8 1479.92
2550.0 1473.99
2551.2 1468.12
2552.4 1462.33
2553.6 1456.6
2554.8 1450.94
2556.0 1445.35
2557.2 1439.83
2558.4 1434.38
2559.6 1429.0
2560.8 1423.68
2562.0 1418.44
2563.2 1413.27
2564.4 1408.16
2565.6 1403.12
2566.8 1398.16
2568.0 1393.26
2569.2 1388.44
2570.4 1383.68
2571.6 1378.99
2572.8 1374.37
2574.0 1369.82
2575.2 1365.34
2576.4 1360.92
2577.6 1356.58
2578.8 1352.3
2580.0 1348.09
2581.2 1343.95
2582.4 1339.87
2583.6 1335.86
2584.8 1331.92
2586.0 1328.04
2587.2 1324.22
2588.4 1320.47
2589.6 1316.79
2590.8 1313.17
2592.0 1309.61
2593.2 1306.11
2594.4 1302.68
2595.6 1299.3
2596.8 1295.99
2598.0 1292.74
2599.2 1289.54
2600.4 1286.41
2601.6 1283.34
2602.8 1280.32
2604.0 1277.36
2605.2 1274.45
2606.4 1271.6
2607.6 1268.81
2608.8 1266.07
2610.0 1263.39
2611.2 1260.76
2612.4 1258.18
2613.6 1255.65
2614.8 1253.17
2616.0 1250.74
2617.2 1248.37
2618.4 1246.04
2619.6 1243.76
2620.8 1241.52
2622.0 1239.34
2623.2 1237.2
2624.4 1235.1
2625.6 1233.05
2626.8 1231.04
2628.0 1229.08
2629.2 1227.16
2630.4 1225.28
2631.6 1223.44
2632.8 1221.64
2634.0 1219.88
2635.2 1218.16
2636.4 1216.47
2637.6 1214.83
2638.8 1213.22
2640.0 1211.64
2641.2 1210.1
2642.4 1208.6
2643.6 1207.13
2644.8 1205.69
2646.0 1204.28
2647.2 1202.91
2648.4 1201.56
2649.6 1200.25
2650.8 1198.97
2652.0 1197.71
2653.2 1196.48
2654.4 1195.28
2655.6 1194.11
2656.8 1192.96
2658.0 1191.84
2659.2 1190.74
2660.4 1189.67
2661.6 1188.62
2662.8 1187.59
2664.0 1186.59
2665.2 1185.6
2666.4 1184.64
2667.6 1183.7
2668.8 1182.78
2670.0 1181.88
2671.2 1180.99
2672.4 1180.13
2673.6 1179.28
2674.8 1178.45
2676.0 1177.63
2677.2 1176.84
2678.4 1176.05
2679.6 1175.29
2680.8 1174.53
2682.0 1173.8
2683.2 1173.07
2684.4 1172.36
2685.6 1171.66
2686.8 1170.97
2688.0 1170.3
2689.2 1169.63
2690.4 1168.98
2691.6 1168.34
2692.8 1167.7
2694.0 1167.08
2695.2 1166.47
2696.4 1165.86
2697.6 1165.26
2698.8 1164.67
2700.0 1164.09
2701.2 1163.52
2702.4 1162.95
2703.6 1162.39
2704.8 1161.84
2706.0 1161.29
2707.2 1160.75
2708.4 1160.21
2709.6 1159.68
2710.8 1159.16
2712.0 1158.64
2713.2 1158.12
2714.4 1157.61
2715.6 1157.1
2716.8 1156.6
2718.0 1156.09
2719.2 1155.6
2720.4 1155.1
2721.6 1154.61
2722.8 1154.12
2724.0 1153.64
2725.2 1153.15
2726.4 1152.67
2727.6 1152.19
2728.8 1151.71
2730.0 1151.24
2731.2 1150.76
2732.4 1150.29
2733.6 1149.81
2734.8 1149.34
2736.0 1148.87
2737.2 1148.4
2738.4 1147.93
2739.6 1147.46
2740.8 1146.99
2742.0 1146.52
2743.2 1146.06
2744.4 1145.59
2745.6 1145.12
2746.8 1144.65
2748.0 1144.18
2749.2 1143.71
2750.4 1143.24
2751.6 1142.77
2752.8 1142.3
2754.0 1141.83
2755.2 1141.35
2756.4 1140.88
2757.6 1140.41
2758.8 1139.93
2760.0 1139.45
2761.2 1138.98
2762.4 1138.5
2763.6 1138.02
2764.8 1137.54
2766.0 1137.06
2767.2 1136.58
2768.4 1136.09
2769.6 1135.61
2770.8 1135.12
2772.0 1134.63
2773.2 1134.14
2774.4 1133.65
2775.6 1133.16
2776.8 1132.67
2778.0 1132.18
2779.2 1131.68
2780.4 1131.18
2781.6 1130.69
2782.8 1130.19
2784.0 1129.69
2785.2 1129.19
2786.4 1128.69
2787.6 1128.18
2788.8 1127.68
2790.0 1127.17
2791.2 1126.67
2792.4 1126.16
2793.6 1125.65
2794.8 1125.14
2796.0 1124.63
2797.2 1124.12
2798.4 1123.61
2799.6 1123.1
2800.8 1122.59
2802.0 1122.07
2803.2 1121.56
2804.4 1121.04
2805.6 1120.53
2806.8 1120.01
2808.0 1119.5
2809.2 1118.98
2810.4 1118.46
2811.6 1117.94
2812.8 1117.43
2814.0 1116.91
2815.2 1116.39
2816.4 1115.87
2817.6 1115.36
2818.8 1114.84
2820.0 1114.32
2821.2 1113.8
2822.4 1113.29
2823.6 1112.77
2824.8 1112.25
2826.0 1111.73
2827.2 1111.22
2828.4 1110.7
2829.6 1110.19
2830.8 1109.67
2832.0 1109.16
2833.2 1108.65
2834.4 1108.14
2835.6 1107.62
2836.8 1107.11
2838.0 1106.6
2839.2 1106.1
2840.4 1105.59
2841.6 1105.08
2842.8 1104.58
2844.0 1104.07
2845.2 1103.57
2846.4 1103.07
2847.6 1102.57
2848.8 1102.07
2850.0 1101.58
2851.2 1101.08
2852.4 1100.59
2853.6 1100.09
2854.8 1099.6
2856.0 1099.12
2857.2 1098.63
2858.4 1098.14
2859.6 1097.66
2860.8 1097.18
2862.0 1096.7
2863.2 1096.22
2864.4 1095.75
2865.6 1095.27
2866.8 1094.8
2868.0 1094.33
2869.2 1093.86
2870.4 1093.4
2871.6 1092.93
2872.8 1092.47
2874.0 1092.01
2875.2 1091.56
2876.4 1091.1
2877.6 1090.65
2878.8 1090.2
2880.0 1089.75
2881.2 1089.31
2882.4 1088.87
2883.6 1088.43
2884.8 1087.99
2886.0 1087.55
2887.2 1087.12
2888.4 1086.69
2889.6 1086.26
2890.8 1085.84
2892.0 1085.42
2893.2 1085.0
2894.4 1084.58
2895.6 1084.16
2896.8 1083.75
2898.0 1083.34
2899.2 1082.94
2900.4 1082.53
2901.6 1082.13
2902.8 1081.73
2904.0 1081.33
2905.2 1080.94
2906.4 1080.55
2907.6 1080.16
2908.8 1079.77
2910.0 1079.39
2911.2 1079.01
2912.4 1078.63
2913.6 1078.26
2914.8 1077.88
2916.0 1077.51
2917.2 1077.15
2918.4 1076.78
2919.6 1076.42
2920.8 1076.06
2922.0 1075.7
2923.2 1075.35
2924.4 1074.99
2925.6 1074.65
2926.8 1074.3
2928.0 1073.96
2929.2 1073.61
2930.4 1073.28
2931.6 1072.94
2932.8 1072.61
2934.0 1072.28
2935.2 1071.95
2936.4 1071.62
2937.6 1071.3
2938.8 1070.98
2940.0 1070.66
2941.2 1070.35
2942.4 1070.03
2943.6 1069.72
2944.8 1069.42
2946.0 1069.11
2947.2 1068.81
2948.4 1068.51
2949.6 1068.21
2950.8 1067.92
2952.0 1067.62
2953.2 1067.33
2954.4 1067.05
2955.6 1066.76
2956.8 1066.48
2958.0 1066.2
2959.2 1065.92
2960.4 1065.65
2961.6 1065.38
2962.8 1065.11
2964.0 1064.84
2965.2 1064.57
2966.4 1064.31
2967.6 1064.05
2968.8 1063.79
2970.0 1063.54
2971.2 1063.29
2972.4 1063.04
2973.6 1062.79
2974.8 1062.54
2976.0 1062.3
2977.2 1062.06
2978.4 1061.82
2979.6 1061.58
2980.8 1061.35
2982.0 1061.12
2983.2 1060.89
2984.4 1060.66
2985.6 1060.43
2986.8 1060.21
2988.0 1059.99
2989.2 1059.77
2990.4 1059.55
2991.6 1059.34
2992.8 1059.13
2994.0 1058.92
2995.2 1058.71
2996.4 1058.5
2997.6 1058.3
2998.8 1058.09
3000.0 1057.89
3001.2 1057.69
3002.4 1057.5
3003.6 1057.3
3004.8 1057.11
3006.0 1056.91
3007.2 1056.72
3008.4 1056.53
3009.6 1056.35
3010.8 1056.16
3012.0 1055.98
3013.2 1055.79
3014.4 1055.61
3015.6 1055.43
3016.8 1055.25
3018.0 1055.08
3019.2 1054.9
3020.4 1054.73
3021.6 1054.55
3022.8 1054.38
3024.0 1054.21
3025.2 1054.04
3026.4 1053.88
3027.6 1053.71
3028.8 1053.54
3030.0 1053.38
3031.2 1053.22
3032.4 1053.06
3033.6 1052.9
3034.8 1052.74
3036.0 1052.58
3037.2 1052.42
3038.4 1052.26
3039.6 1052.11
3040.8 1051.95
3042.0 1051.8
3043.2 1051.65
3044.4 1051.5
3045.6 1051.35
3046.8 1051.2
3048.0 1051.05
3049.2 1050.9
3050.4 1050.75
3051.6 1050.61
3052.8 1050.46
3054.0 1050.32
3055.2 1050.17
3056.4 1050.03
3057.6 1049.89
3058.8 1049.75
3060.0 1049.61
3061.2 1049.47
3062.4 1049.33
3063.6 1049.19
3064.8 1049.05
3066.0 1048.91
3067.2 1048.77
3068.4 1048.64
3069.6 1048.5
3070.8 1048.36
3072.0 1048.23
3073.2 1048.1
3074.4 1047.96
3075.6 1047.83
3076.8 1047.69
3078.0 1047.56
3079.2 1047.43
3080.4 1047.3
3081.6 1047.17
3082.8 1047.04
3084.0 1046.91
3085.2 1046.78
3086.4 1046.65
3087.6 1046.52
3088.8 1046.39
3090.0 1046.27
3091.2 1046.14
3092.4 1046.01
3093.6 1045.89
3094.8 1045.76
3096.0 1045.64
3097.2 1045.51
3098.4 1045.39
3099.6 1045.26
