0.0 4750.0
1.2 4750.0
2.4 112.03
3.6 172.14
4.8 232.35
6.0 292.4
7.2 353.22
8.4 413.23
9.6 473.24
10.8 531.0
12.0 591.15
13.2 651.44
14.4 711.52
15.6 771.57
16.8 828.81
18.0 888.97
19.2 949.29
20.4 1009.4
21.6 1069.62
22.8 1129.55
24.0 1188.37
25.2 1248.29
26.4 1308.22
27.6 1367.03
28.8 1426.95
30.0 1486.89
31.2 1546.81
32.4 1606.73
33.6 1666.65
34.8 1725.47
36.0 1783.19
37.2 1845.32
38.4 1905.26
39.6 1965.19
40.8 2024.02
42.0 2082.85
43.2 2142.78
44.4 2202.73
45.6 2261.56
46.8 2319.31
48.0 2380.36
49.2 2440.32
50.4 2500.27
51.6 2560.22
52.8 2620.2
54.0 2680.15
55.2 2741.24
56.4 2803.4
57.6 2863.39
58.8 2922.24
60.0 2982.19
61.2 3042.17
62.4 3102.12
63.6 3162.1
64.8 3222.05
66.0 3282.02
67.2 3343.08
68.4 3404.13
69.6 3464.11
70.8 3524.06
72.0 3582.92
73.2 3643.97
74.4 3703.93
75.6 3762.77
76.8 3821.61
78.0 3881.56
79.2 3941.5
80.4 4002.57
81.6 4062.51
82.8 4123.57
84.0 4184.62
85.2 4243.45
86.4 4305.61
87.6 4364.45
88.8 4422.18
90.0 4481.02
91.2 4540.96
92.4 4602.0
93.6 4659.74
94.8 4719.69
96.0 4779.63
97.2 4840.69
98.4 4900.63
99.6 4957.29
100.8 5017.23
102.0 5077.18
103.2 5136.06
104.4 5196.01
105.6 5257.09
106.8 5315.95
108.0 5375.93
109.2 5438.1
110.4 5496.96
111.6 5556.95
112.8 5616.9
114.0 5679.1
115.2 5739.06
116.4 5799.05
117.6 5860.11
118.8 5920.06
120.0 5982.24
121.2 6042.19
122.4 6101.06
123.6 6161.0
124.8 6222.06
126.0 6282.0
127.2 6341.93
128.4 6402.98
129.6 6460.71
130.8 6521.75
132.0 6581.68
133.2 6642.71
134.4 6702.64
135.6 6762.56
136.8 6822.48
138.0 6882.4
139.2 6940.12
140.4 7001.14
141.6 7061.07
142.8 7118.78
144.0 7179.8
145.2 7238.62
146.4 7297.44
147.6 7356.26
148.8 7417.29
150.0 7479.42
151.2 7539.35
152.4 7599.28
153.6 7658.11
154.8 7718.04
156.0 7777.97
157.2 7835.69
158.4 7895.63
159.6 7956.66
160.8 8014.39
162.0 8074.33
163.2 8134.27
164.4 8195.32
165.6 8255.26
166.8 8316.3
168.0 8376.25
169.2 8437.29
170.4 8496.14
171.6 8554.98
172.8 8613.82
174.0 8673.76
175.2 8734.83
176.4 8794.76
177.6 8853.6
178.8 8915.76
180.0 8975.7
181.2 9037.86
182.4 9097.79
183.6 9156.63
184.8 9215.46
186.0 9274.3
187.2 9334.24
188.4 9395.27
189.6 9455.21
190.8 9514.04
192.0 9576.18
193.2 9636.11
194.4 9694.94
195.6 9754.87
196.8 9814.8
198.0 9875.84
199.2 9934.66
200.4 9994.6
201.6 10055.62
202.8 10115.55
204.0 10176.58
205.2 10237.61
206.4 10299.75
207.6 10358.56
208.8 10418.47
210.0 10477.28
211.2 10537.19
212.4 10598.19
213.6 10658.1
214.8 10718.0
216.0 10777.9
217.2 10837.81
218.4 10896.59
219.6 10955.39
220.8 11016.39
222.0 11076.29
223.2 11136.18
224.4 11194.98
225.6 11254.87
226.8 11313.67
228.0 11373.58
229.2 11434.58
230.4 11494.49
231.6 11554.39
232.8 11614.3
234.0 11673.11
235.2 11733.01
236.4 11792.92
237.6 11852.83
238.8 11913.85
240.0 11974.87
241.2 12034.78
242.4 12093.59
243.6 12152.4
244.8 12212.32
246.0 12273.33
247.2 12333.24
248.4 12393.15
249.6 12453.07
250.8 12512.99
252.0 12571.79
253.2 12632.81
254.4 12690.52
255.6 12751.54
256.8 12811.46
258.0 12871.37
259.2 12931.29
260.4 12990.11
261.6 13050.03
262.8 13111.06
264.0 13170.98
265.2 13232.02
266.4 13291.94
267.6 13351.86
268.8 13411.78
270.0 13471.7
271.2 13529.41
272.4 13590.43
273.6 13650.35
274.8 13711.37
276.0 13772.4
277.2 13833.42
278.4 13892.23
279.6 13952.14
280.8 14013.16
282.0 14071.96
283.2 14131.88
284.4 14191.78
285.6 14251.7
286.8 14311.61
288.0 14371.51
289.2 14430.32
290.4 14491.32
291.6 14553.44
292.8 14612.25
294.0 14671.05
295.2 14729.86
296.4 14788.66
297.6 14848.57
298.8 14908.47
300.0 14968.39
301.2 15028.3
302.4 15087.12
303.6 15147.03
304.8 15205.85
306.0 15265.77
307.2 15325.7
308.4 15385.63
309.6 15443.35
310.8 15503.28
312.0 15563.22
313.2 15622.07
314.4 15682.0
315.6 15743.06
316.8 15805.21
318.0 15865.17
319.2 15925.11
320.4 15981.75
321.6 16041.7
322.8 16098.35
324.0 16159.41
325.2 16219.36
326.4 16280.45
327.6 16340.4
328.8 16399.25
330.0 16462.54
331.2 16522.49
332.4 16582.48
333.6 16642.43
334.8 16703.51
336.0 16764.56
337.2 16824.51
338.4 16884.47
339.6 16944.41
340.8 17007.68
342.0 17067.62
343.2 17126.45
344.4 17187.49
345.6 17248.52
346.8 17308.44
348.0 17368.36
349.2 17429.37
350.4 17488.18
351.6 17548.1
352.8 17606.89
354.0 17666.8
355.2 17726.71
356.4 17783.3
357.6 17842.09
358.8 17902.0
360.0 17961.91
361.2 18021.83
362.4 18081.74
363.6 18140.56
364.8 18201.58
366.0 18261.5
367.2 18319.22
368.4 18379.14
369.6 18439.07
370.8 18497.89
372.0 18555.63
373.2 18615.56
374.4 18676.19
375.6 18735.45
376.8 18798.72
378.0 18859.76
379.2 18919.7
380.4 18977.46
381.6 19035.87
382.8 19095.16
384.0 19155.1
385.2 19215.06
386.4 19273.91
387.6 19333.85
388.8 19394.93
390.0 19454.87
391.2 19515.95
392.4 19577.68
393.6 19640.28
394.8 19699.12
396.0 19759.06
397.2 19819.02
398.4 19878.95
399.6 19938.9
400.8 19998.83
402.0 20063.19
403.2 20123.11
404.4 20183.04
405.6 20245.16
406.8 20305.08
408.0 20364.97
409.2 20424.88
410.4 20485.87
411.6 20545.76
412.8 20605.66
414.0 20665.53
415.2 20725.42
416.4 20785.27
417.6 20845.15
418.8 20905.01
420.0 20964.89
421.2 21023.66
422.4 21082.4
423.6 21142.28
424.8 21203.23
426.0 21262.0
427.2 21321.89
428.4 21380.63
429.6 21441.62
430.8 21500.37
432.0 21559.15
433.2 21617.91
434.4 21677.81
435.6 21737.67
436.8 21797.57
438.0 21857.47
439.2 21917.35
440.4 21977.25
441.6 22038.25
442.8 22095.95
444.0 22156.95
445.2 22215.75
446.4 22274.56
447.6 22334.04
448.8 22393.28
450.0 22454.29
451.2 22514.21
452.4 22576.34
453.6 22636.26
454.8 22696.18
456.0 22753.9
457.2 22813.82
458.4 22874.84
459.6 22933.66
460.8 22994.69
462.0 23053.51
463.2 23113.43
464.4 23175.56
465.6 23235.49
466.8 23295.42
468.0 23357.55
469.2 23417.47
470.4 23477.38
471.6 23537.3
472.8 23597.21
474.0 23657.12
475.2 23718.13
476.4 23778.04
477.6 23840.14
478.8 23900.05
480.0 23959.95
481.2 24019.83
482.4 24079.74
483.6 24139.61
484.8 24199.51
486.0 24260.48
487.2 24319.27
488.4 24380.27
489.6 24440.13
490.8 24500.02
492.0 24557.68
493.2 24617.58
494.4 24676.36
495.6 24734.02
496.8 24793.92
498.0 24853.8
499.2 24913.7
500.4 24973.59
501.6 25033.51
502.8 25084.57
504.0 25138.54
505.2 25198.46
506.4 25250.68
507.6 25305.12
508.8 25350.79
510.0 25410.71
511.2 25445.45
512.4 25505.37
513.6 25554.56
514.8 25598.42
516.0 25644.2
517.2 25704.12
518.4 25746.33
519.6 25805.46
520.8 25865.37
522.0 25909.82
523.2 25962.51
524.4 26017.07
525.6 26077.21
526.8 26132.39
528.0 26178.51
529.2 26235.46
530.4 26291.8
531.6 26352.89
532.8 26420.64
534.0 26487.98
535.2 26565.21
536.4 26625.13
537.6 26684.69
538.8 26758.35
540.0 26818.27
541.2 26904.37
542.4 26980.94
543.6 27053.0
544.8 27126.14
546.0 27204.22
547.2 27273.28
548.4 27338.29
549.6 27396.01
550.8 27458.2
552.0 27525.2
553.2 27592.29
554.4 27649.52
555.6 27702.92
556.8 27761.77
558.0 27812.74
559.2 27872.66
560.4 27923.31
561.6 27979.11
562.8 28041.83
564.0 28105.45
565.2 28162.67
566.4 28218.66
567.6 28278.58
568.8 28322.09
570.0 28372.62
571.2 28423.47
572.4 28477.45
573.6 28536.68
574.8 28596.6
576.0 28648.84
577.2 28708.75
578.4 28759.08
579.6 28832.72
580.8 28898.67
582.0 28958.2
583.2 29027.44
584.4 29090.44
585.6 29149.63
586.8 29205.07
588.0 29261.6
589.2 29319.76
590.4 29371.64
591.6 29431.56
592.8 29502.3
594.0 29562.22
595.2 29615.5
596.4 29664.26
597.6 29734.21
598.8 29794.13
600.0 29854.05
601.2 29903.58
602.4 29963.27
603.6 30017.68
604.8 30063.71
606.0 30122.77
607.2 30179.02
608.4 30238.94
609.6 30282.38
610.8 30324.98
612.0 30384.9
613.2 30448.59
614.4 30510.88
615.6 30572.02
616.8 30631.94
618.0 30689.17
619.2 30761.72
620.4 30822.94
621.6 30881.68
622.8 30946.07
624.0 31016.5
625.2 31076.42
626.4 31125.59
627.6 31185.51
628.8 31234.26
630.0 31306.35
631.2 31366.26
632.4 31426.87
633.6 31494.67
634.8 31546.04
636.0 31610.12
637.2 31670.04
638.4 31732.01
639.6 31793.43
640.8 31853.35
642.0 31910.82
643.2 31957.73
644.4 32024.17
645.6 32081.1
646.8 32141.51
648.0 32198.3
649.2 32258.22
650.4 32301.82
651.6 32361.3
652.8 32408.98
654.0 32480.77
655.2 32540.69
656.4 32600.45
657.6 32655.39
658.8 32711.02
660.0 32768.02
661.2 32827.82
662.4 32892.44
663.6 32947.41
664.8 33007.32
666.0 33083.72
667.2 33148.01
668.4 33207.92
669.6 33265.28
670.8 33320.37
672.0 33376.52
673.2 33434.68
674.4 33499.86
675.6 33556.53
676.8 33633.66
678.0 33711.53
679.2 33775.61
680.4 33825.82
681.6 33886.27
682.8 33946.02
684.0 34018.28
685.2 34078.2
686.4 34138.12
687.6 34176.12
688.8 34242.09
690.0 34300.41
691.2 34360.32
692.4 34425.64
693.6 34488.51
694.8 34554.19
696.0 34614.1
697.2 34672.67
698.4 34732.59
699.6 34789.56
700.8 34838.61
702.0 34898.53
703.2 34936.11
704.4 34996.03
705.6 35036.7
706.8 35107.76
708.0 35171.77
709.2 35225.61
710.4 35285.53
711.6 35355.72
712.8 35428.63
714.0 35493.83
715.2 35543.3
716.4 35599.48
717.6 35665.69
718.8 35725.6
720.0 35772.95
721.2 35830.29
722.4 35895.37
723.6 35962.85
724.8 36036.87
726.0 36115.23
727.2 36175.15
728.4 36244.29
729.6 36309.31
730.8 36368.86
732.0 36428.78
733.2 36482.48
734.4 36533.1
735.6 36597.21
736.8 36655.68
738.0 36718.07
739.2 36777.99
740.4 36836.16
741.6 36889.2
742.8 36940.93
744.0 36999.18
745.2 37053.12
746.4 37114.04
747.6 37165.86
748.8 37218.66
750.0 37275.11
751.2 37335.02
752.4 37377.91
753.6 37441.03
754.8 37489.24
756.0 37550.18
757.2 37604.54
758.4 37666.02
759.6 37742.52
760.8 37800.32
762.0 37851.49
763.2 37911.41
764.4 37960.08
765.6 38020.0
766.8 38079.01
768.0 38130.36
769.2 38190.28
770.4 38260.72
771.6 38323.13
772.8 38383.04
774.0 38440.1
775.2 38509.74
776.4 38569.66
777.6 38624.6
778.8 38698.18
780.0 38767.14
781.2 38838.42
782.4 38899.64
783.6 38962.13
784.8 39026.66
786.0 39086.68
787.2 39147.94
788.4 39208.04
789.6 39276.9
790.8 39336.82
792.0 39387.0
793.2 39470.16
794.4 39533.45
795.6 39591.17
796.8 39653.29
798.0 39713.2
799.2 39766.42
800.4 39824.1
801.6 39884.01
802.8 39938.29
804.0 39983.75
805.2 40043.67
806.4 40095.79
807.6 40156.78
808.8 40211.18
810.0 40272.23
811.2 40332.17
812.4 40387.75
813.6 40445.54
814.8 40504.48
816.0 40564.4
817.2 40613.58
818.4 40675.72
819.6 40749.09
820.8 40802.67
822.0 40862.69
823.2 40927.2
824.4 40998.52
825.6 41048.74
826.8 41108.66
828.0 41166.64
829.2 41226.55
830.4 41275.44
831.6 41349.42
832.8 41418.33
834.0 41486.19
835.2 41541.99
836.4 41597.71
837.6 41657.62
838.8 41690.4
840.0 41734.59
841.2 41793.64
842.4 41857.12
843.6 41929.51
844.8 41989.43
846.0 42034.55
847.2 42101.4
848.4 42153.99
849.6 42213.91
850.8 42267.9
852.0 42331.67
853.2 42391.59
854.4 42477.85
855.6 42537.29
856.8 42597.21
858.0 42644.27
859.2 42706.72
860.4 42767.22
861.6 42827.14
862.8 42882.34
864.0 42939.45
865.2 43006.31
866.4 43066.23
867.6 43127.76
868.8 43170.75
870.0 43234.13
871.2 43297.82
872.4 43357.74
873.6 43423.76
874.8 43486.35
876.0 43531.46
877.2 43598.26
878.4 43660.65
879.6 43720.57
880.8 43773.5
882.0 43827.39
883.2 43890.77
884.4 43948.97
885.6 44020.31
886.8 44074.06
888.0 44133.98
889.2 44181.44
890.4 44242.61
891.6 44309.54
892.8 44387.64
894.0 44443.58
895.2 44503.81
896.4 44578.27
897.6 44632.93
898.8 44684.4
900.0 44744.62
901.2 44808.04
902.4 44885.32
903.6 44945.24
904.8 44990.78
906.0 45053.11
907.2 45125.25
908.4 45176.56
909.6 45233.26
910.8 45296.67
912.0 45351.2
913.2 45411.12
914.4 45488.92
915.6 45548.84
916.8 45629.2
918.0 45693.61
919.2 45755.73
920.4 45824.42
921.6 45884.33
922.8 45941.9
924.0 46008.26
925.2 46069.11
926.4 46128.88
927.6 46181.82
928.8 46235.93
930.0 46295.85
931.2 46364.21
932.4 46429.36
933.6 46486.73
934.8 46541.78
936.0 46610.22
937.2 46675.24
938.4 46735.16
939.6 46802.08
940.8 46857.39
942.0 46917.31
943.2 46964.32
944.4 47019.41
945.6 47079.33
946.8 47118.54
948.0 47166.87
949.2 47221.17
950.4 47272.48
951.6 47335.45
952.8 47395.24
954.0 47449.42
955.2 47509.34
956.4 47556.81
957.6 47616.72
958.8 47668.8
960.0 47728.71
961.2 47784.23
962.4 47843.11
963.6 47900.97
964.8 47960.89
966.0 48011.09
967.2 48064.58
968.4 48126.9
969.6 48180.57
970.8 48236.16
972.0 48296.07
973.2 48351.05
974.4 48390.65
975.6 48478.43
976.8 48547.37
978.0 48615.62
979.2 48675.54
980.4 48728.41
981.6 48770.19
982.8 48837.87
984.0 48906.06
985.2 48968.47
986.4 49034.26
987.6 49091.29
988.8 49151.21
990.0 49197.76
991.2 49263.38
992.4 49319.28
993.6 49385.13
994.8 49445.04
996.0 49495.88
997.2 49566.06
998.4 49630.67
999.6 49690.58
1000.8 49775.46
1002.0 49839.01
1003.2 49898.93
1004.4 49957.14
1005.6 50024.94
1006.8 50084.99
1008.0 50157.13
1009.2 50227.61
1010.4 50286.45
1011.6 50343.05
1012.8 50402.49
1014.0 50461.23
1015.2 50529.21
1016.4 50602.35
1017.6 50656.54
1018.8 50716.46
1020.0 50777.17
1021.2 50833.52
1022.4 50893.44
1023.6 50943.88
1024.8 51000.19
1026.0 51065.32
1027.2 51125.11
1028.4 51186.98
1029.6 51250.86
1030.8 51310.78
1032.0 51365.81
1033.2 51418.74
1034.4 51477.31
1035.6 51536.9
1036.8 51596.81
1038.0 51644.59
1039.2 51718.56
1040.4 51778.48
1041.6 51834.65
1042.8 51902.55
1044.0 51975.38
1045.2 52043.93
1046.4 52119.97
1047.6 52185.11
1048.8 52244.82
1050.0 52310.03
1051.2 52360.42
1052.4 52426.46
1053.6 52486.38
1054.8 52537.96
1056.0 52581.75
1057.2 52641.66
1058.4 52689.48
1059.6 52749.02
1060.8 52815.29
1062.0 52878.03
1063.2 52951.82
1064.4 53032.14
1065.6 53090.46
1066.8 53156.57
1068.0 53213.79
1069.2 53273.71
1070.4 53321.76
1071.6 53364.23
1072.8 53418.17
1074.0 53475.54
1075.2 53534.85
1076.4 53594.5
1077.6 53667.03
1078.8 53726.95
1080.0 53782.9
1081.2 53868.83
1082.4 53928.75
1083.6 53976.94
1084.8 54029.86
1086.0 54083.85
1087.2 54145.51
1088.4 54207.36
1089.6 54256.75
1090.8 54320.9
1092.0 54382.75
1093.2 54431.13
1094.4 54494.24
1095.6 54561.51
1096.8 54628.87
1098.0 54688.36
1099.2 54739.12
1100.4 54799.04
1101.6 54857.47
1102.8 54917.39
1104.0 54960.23
1105.2 55003.45
1106.4 55059.91
1107.6 55121.89
1108.8 55173.48
1110.0 55236.04
1111.2 55300.35
1112.4 55365.79
1113.6 55425.78
1114.8 55496.76
1116.0 55557.83
1117.2 55617.74
1118.4 55667.84
1119.6 55715.77
1120.8 55779.1
1122.0 55844.61
1123.2 55906.83
1124.4 55961.42
1125.6 56019.28
1126.8 56079.2
1128.0 56143.82
1129.2 56213.82
1130.4 56276.18
1131.6 56338.48
1132.8 56398.45
1134.0 56465.15
1135.2 56529.67
1136.4 56588.58
1137.6 56652.96
1138.8 56705.26
1140.0 56765.18
1141.2 56807.62
1142.4 56856.63
1143.6 56926.54
1144.8 56986.46
1146.0 57054.36
1147.2 57114.27
1148.4 57157.93
1149.6 57217.97
1150.8 57279.1
1152.0 57353.55
1153.2 57411.4
1154.4 57475.93
1155.6 57538.23
1156.8 57598.14
1158.0 57650.64
1159.2 57706.32
1160.4 57760.9
1161.6 57818.74
1162.8 57878.66
1164.0 57922.98
1165.2 57977.72
1166.4 58043.25
1167.6 58110.2
1168.8 58170.12
1170.0 58234.95
1171.2 58305.59
1172.4 58365.51
1173.6 58424.81
1174.8 58475.77
1176.0 58531.38
1177.2 58587.26
1178.4 58647.35
1179.6 58704.37
1180.8 58762.17
1182.0 58832.53
1183.2 58893.88
1184.4 58950.07
1185.6 59019.79
1186.8 59079.38
1188.0 59139.3
1189.2 59202.88
1190.4 59241.8
1191.6 59298.59
1192.8 59347.83
1194.0 59399.1
1195.2 59469.43
1196.4 59541.76
1197.6 59604.24
1198.8 59663.46
1200.0 59721.48
1201.2 59781.4
1202.4 59841.31
1203.6 59901.23
1204.8 59961.13
1206.0 60021.04
1207.2 60080.94
1208.4 60169.95
1209.6 60261.88
1210.8 60358.02
1212.0 60482.89
1213.2 60583.31
1214.4 60673.91
1215.6 60772.03
1216.8 60905.18
1218.0 60965.1
1219.2 61025.01
1220.4 61168.02
1221.6 61229.36
1222.8 61289.28
1224.0 61348.14
1225.2 61408.3
1226.4 61468.22
1227.6 61526.68
1228.8 61585.85
1230.0 61645.9
1231.2 61705.82
1232.4 61763.83
1233.6 61824.52
1234.8 61891.41
1236.0 61951.22
1237.2 62010.6
1238.4 62072.14
1239.6 62132.78
1240.8 62191.87
1242.0 62251.79
1243.2 62311.92
1244.4 62373.37
1245.6 62433.98
1246.8 62492.71
1248.0 62555.24
1249.2 62615.16
1250.4 62676.33
1251.6 62736.25
1252.8 62795.37
1254.0 62855.92
1255.2 62915.84
1256.4 62975.76
1257.6 63033.95
1258.8 63093.87
1260.0 63153.7
1261.2 63213.61
1262.4 63273.72
1263.6 63332.3
1264.8 63392.21
1266.0 63451.44
1267.2 63511.35
1268.4 63570.77
1269.6 63630.68
1270.8 63688.26
1272.0 63748.29
1273.2 63808.21
1274.4 63867.58
1275.6 63927.72
1276.8 63987.53
1278.0 64047.89
1279.2 64108.79
1280.4 64168.28
1281.6 64230.4
1282.8 64291.22
1284.0 64352.2
1285.2 64412.78
1286.4 64472.69
1287.6 64533.52
1288.8 64594.05
1290.0 64654.23
1291.2 64714.57
1292.4 64775.94
1293.6 64836.46
1294.8 64896.37
1296.0 64955.46
1297.2 65015.62
1298.4 65074.67
1299.6 65133.25
1300.8 65192.28
1302.0 65251.57
1303.2 65311.49
1304.4 65371.13
1305.6 65432.14
1306.8 65492.24
1308.0 65551.98
1309.2 65611.9
1310.4 65669.97
1311.6 65729.41
1312.8 65789.33
1314.0 65848.65
1315.2 65908.38
1316.4 65968.6
1317.6 66028.51
1318.8 66021.07
1320.0 66049.99
1321.2 66109.9
1322.4 66113.01
1323.6 66172.93
1324.8 66187.88
1326.0 66238.82
1327.2 66267.67
1328.4 66327.59
1329.6 66348.33
1330.8 66341.53
1332.0 66399.45
1333.2 66429.25
1334.4 66451.42
1335.6 66445.85
1336.8 66494.18
1338.0 66521.15
1339.2 66581.07
1340.4 66589.0
1341.6 66619.06
1342.8 66669.54
1344.0 66676.85
1345.2 66736.76
1346.4 66739.57
1347.6 66769.89
1348.8 66829.81
1350.0 66830.7
1351.2 66882.22
1352.4 66931.21
1353.6 66940.35
1354.8 66992.88
1356.0 67042.27
1357.2 67102.19
1358.4 67095.1
1359.6 67139.95
1360.8 67199.2
1362.0 67219.96
1363.2 67264.22
1364.4 67319.8
1365.6 67343.33
1366.8 67387.12
1368.0 67414.66
1369.2 67474.58
1370.4 67493.67
1371.6 67556.01
1372.8 67596.6
1374.0 67646.13
1375.2 67683.49
1376.4 67724.2
1377.6 67778.62
1378.8 67838.54
1380.0 67868.73
1381.2 67923.92
1382.4 67983.84
1383.6 68031.13
1384.8 68091.05
1386.0 68122.54
1387.2 68169.67
1388.4 68219.9
1389.6 68279.82
1390.8 68331.4
1392.0 68391.32
1393.2 68449.03
1394.4 68506.28
1395.6 68583.34
1396.8 68648.46
1398.0 68708.37
1399.2 68765.38
1400.4 68825.29
1401.6 68885.99
1402.8 68945.91
1404.0 69006.33
1405.2 69057.88
1406.4 69115.79
1407.6 69178.36
1408.8 69238.27
1410.0 69284.35
1411.2 69344.27
1412.4 69409.04
1413.6 69483.76
1414.8 69573.3
1416.0 69645.46
1417.2 69726.36
1418.4 69786.28
1419.6 69867.66
1420.8 69941.92
1422.0 70016.1
1423.2 70082.92
1424.4 70142.84
1425.6 70215.56
1426.8 70300.02
1428.0 70377.72
1429.2 70437.63
1430.4 70534.74
1431.6 70629.79
1432.8 70717.32
1434.0 70809.74
1435.2 70889.96
1436.4 70997.2
1437.6 71073.36
1438.8 71133.28
1440.0 71225.63
1441.2 71305.85
1442.4 71365.77
1443.6 71466.24
1444.8 71540.63
1446.0 71613.76
1447.2 71699.35
1448.4 71770.51
1449.6 71849.93
1450.8 71931.43
1452.0 71999.49
1453.2 72085.75
1454.4 72152.62
1455.6 72214.69
1456.8 72281.59
1458.0 72350.67
1459.2 72410.59
1460.4 72476.4
1461.6 72537.77
1462.8 72612.44
1464.0 72672.08
1465.2 72745.83
1466.4 72808.34
1467.6 72863.75
1468.8 72923.67
1470.0 72990.67
1471.2 73050.59
1472.4 73106.47
1473.6 73168.04
1474.8 73220.36
1476.0 73280.28
1477.2 73332.25
1478.4 73379.94
1479.6 73442.04
1480.8 73511.39
1482.0 73571.49
1483.2 73638.45
1484.4 73700.35
1485.6 73759.67
1486.8 73821.56
1488.0 73881.47
1489.2 73937.99
1490.4 73987.43
1491.6 74047.34
1492.8 74098.85
1494.0 74153.01
1495.2 74220.02
1496.4 74283.48
1497.6 74343.4
1498.8 74404.05
1500.0 74464.32
1501.2 74524.34
1502.4 74586.43
1503.6 74665.88
1504.8 74725.8
1506.0 74790.28
1507.2 74839.74
1508.4 74901.02
1509.6 74961.68
1510.8 75010.17
1512.0 75070.09
1513.2 75122.46
1514.4 75184.43
1515.6 75244.34
1516.8 75294.97
1518.0 75345.52
1519.2 75415.76
1520.4 75500.05
1521.6 75559.97
1522.8 75639.22
1524.0 75713.81
1525.2 75783.85
1526.4 75847.61
1527.6 75909.11
1528.8 75969.03
1530.0 76023.24
1531.2 76088.13
1532.4 76154.31
1533.6 76230.65
1534.8 76293.18
1536.0 76365.97
1537.2 76442.09
1538.4 76499.91
1539.6 76570.09
1540.8 76641.5
1542.0 76718.12
1543.2 76802.52
1544.4 76876.67
1545.6 76939.58
1546.8 76994.22
1548.0 77050.71
1549.2 77118.3
1550.4 77188.76
1551.6 77242.76
1552.8 77319.1
1554.0 77379.02
1555.2 77446.98
1556.4 77507.19
1557.6 77562.11
1558.8 77611.61
1560.0 77671.53
1561.2 77712.16
1562.4 77772.08
1563.6 77824.73
1564.8 77884.65
1566.0 77935.77
1567.2 77993.76
1568.4 78046.34
1569.6 78104.22
1570.8 78160.08
1572.0 78220.22
1573.2 78280.13
1574.4 78334.26
1575.6 78385.67
1576.8 78452.5
1578.0 78512.91
1579.2 78572.82
1580.4 78615.28
1581.6 78667.9
1582.8 78733.8
1584.0 78793.72
1585.2 78862.68
1586.4 78925.55
1587.6 79003.74
1588.8 79063.66
1590.0 79155.26
1591.2 79211.55
1592.4 79281.59
1593.6 79345.78
1594.8 79405.7
1596.0 79460.16
1597.2 79519.02
1598.4 79576.35
1599.6 79622.03
1600.8 79696.11
1602.0 79755.48
1603.2 79815.39
1604.4 79869.15
1605.6 79930.94
1606.8 80005.03
1608.0 80070.93
1609.2 80130.85
1610.4 80188.62
1611.6 80248.93
1612.8 80300.6
1614.0 80360.52
1615.2 80408.63
1616.4 80475.67
1617.6 80541.13
1618.8 80601.05
1620.0 80657.19
1621.2 80716.14
1622.4 80790.57
1623.6 80850.49
1624.8 80924.46
1626.0 80973.14
1627.2 81033.06
1628.4 81085.02
1629.6 81140.89
1630.8 81206.97
1632.0 81262.72
1633.2 81336.94
1634.4 81398.29
1635.6 81455.54
1636.8 81533.49
1638.0 81586.52
1639.2 81646.44
1640.4 81689.15
1641.6 81741.7
1642.8 81801.61
1644.0 81855.03
1645.2 81918.65
1646.4 81980.08
1647.6 82040.0
1648.8 82094.55
1650.0 82143.14
1651.2 82208.32
1652.4 82268.24
1653.6 82342.49
1654.8 82404.2
1656.0 82458.12
1657.2 82518.04
1658.4 82578.32
1659.6 82640.04
1660.8 82704.18
1662.0 82765.83
1663.2 82821.9
1664.4 82882.65
1665.6 82945.67
1666.8 83013.8
1668.0 83094.84
1669.2 83156.38
1670.4 83218.88
1671.6 83272.02
1672.8 83337.96
1674.0 83397.88
1675.2 83459.81
1676.4 83516.88
1677.6 83574.13
1678.8 83647.9
1680.0 83707.82
1681.2 83758.65
1682.4 83837.75
1683.6 83897.67
1684.8 83949.31
1686.0 83996.52
1687.2 84056.43
1688.4 84108.91
1689.6 84167.46
1690.8 84227.37
1692.0 84283.01
1693.2 84344.51
1694.4 84406.04
1695.6 84463.16
1696.8 84520.2
1698.0 84580.12
1699.2 84631.88
1700.4 84698.79
1701.6 84763.64
1702.8 84823.56
1704.0 84880.25
1705.2 84970.89
1706.4 85030.81
1707.6 85083.68
1708.8 85146.51
1710.0 85204.5
1711.2 85256.07
1712.4 85320.74
1713.6 85380.65
1714.8 85458.89
1716.0 85518.8
1717.2 85567.26
1718.4 85639.77
1719.6 85706.57
1720.8 85774.47
1722.0 85824.7
1723.2 85887.0
1724.4 85940.56
1725.6 85993.95
1726.8 86061.72
1728.0 86115.29
1729.2 86178.62
1730.4 86265.26
1731.6 86325.32
1732.8 86385.29
1734.0 86444.26
1735.2 86499.84
1736.4 86563.12
1737.6 86626.38
1738.8 86686.33
1740.0 86747.37
1741.2 86810.6
1742.4 86877.12
1743.6 86925.98
1744.8 86993.56
1746.0 87049.01
1747.2 87102.23
1748.4 87162.14
1749.6 87217.55
1750.8 87282.92
1752.0 87342.77
1753.2 87397.14
1754.4 87457.05
1755.6 87508.07
1756.8 87563.55
1758.0 87623.46
1759.2 87664.62
1760.4 87724.54
1761.6 87770.87
1762.8 87830.79
1764.0 87879.97
1765.2 87939.89
1766.4 87991.29
1767.6 88048.32
1768.8 88108.24
1770.0 88168.16
1771.2 88202.61
1772.4 88266.08
1773.6 88334.51
1774.8 88389.31
1776.0 88455.11
1777.2 88516.94
1778.4 88576.86
1779.6 88640.11
1780.8 88698.11
1782.0 88758.49
1783.2 88811.2
1784.4 88871.11
1785.6 88931.12
1786.8 89001.82
1788.0 89061.74
1789.2 89134.01
1790.4 89193.93
1791.6 89244.84
1792.8 89313.26
1794.0 89373.18
1795.2 89439.58
1796.4 89498.95
1797.6 89580.13
1798.8 89638.59
1800.0 89698.51
1801.2 89749.01
1802.4 89805.13
1803.6 89865.05
1804.8 89915.61
1806.0 89990.0
1807.2 90051.52
1808.4 90119.32
1809.6 90182.97
1810.8 90240.83
1812.0 90313.67
1813.2 90368.25
1814.4 90431.6
1815.6 90502.69
1816.8 90572.59
1818.0 90640.35
1819.2 90702.49
1820.4 90763.51
1821.6 90823.43
1822.8 90865.53
1824.0 90925.45
1825.2 90988.49
1826.4 91050.53
1827.6 91106.88
1828.8 91166.8
1830.0 91237.5
1831.2 91295.02
1832.4 91354.78
1833.6 91416.76
1834.8 91464.16
1836.0 91528.47
1837.2 91577.08
1838.4 91641.22
1839.6 91705.34
1840.8 91762.8
1842.0 91822.54
1843.2 91877.82
1844.4 91938.57
1845.6 91998.49
1846.8 92068.07
1848.0 92131.1
1849.2 92206.24
1850.4 92271.42
1851.6 92342.18
1852.8 92402.1
1854.0 92449.32
1855.2 92509.24
1856.4 92539.69
1857.6 92596.02
1858.8 92663.42
1860.0 92723.12
1861.2 92783.81
1862.4 92839.01
1863.6 92891.08
1864.8 92943.05
1866.0 93002.8
1867.2 93054.33
1868.4 93108.53
1869.6 93168.44
1870.8 93223.73
1872.0 93281.41
1873.2 93349.01
1874.4 93403.41
1875.6 93468.85
1876.8 93528.76
1878.0 93588.68
1879.2 93622.23
1880.4 93679.99
1881.6 93751.02
1882.8 93816.65
1884.0 93876.57
1885.2 93939.98
1886.4 93999.9
1887.6 94054.67
1888.8 94116.93
1890.0 94180.28
1891.2 94241.56
1892.4 94310.35
1893.6 94367.21
1894.8 94427.12
1896.0 94475.18
1897.2 94536.27
1898.4 94596.18
1899.6 94655.36
1900.8 94715.27
1902.0 94771.03
1903.2 94826.71
1904.4 94883.38
1905.6 94943.5
1906.8 95034.43
1908.0 95082.51
1909.2 95150.27
1910.4 95221.32
1911.6 95281.24
1912.8 95349.49
1914.0 95386.98
1915.2 95446.95
1916.4 95506.92
1917.6 95566.84
1918.8 95629.05
1920.0 95697.17
1921.2 95754.47
1922.4 95814.39
1923.6 95869.92
1924.8 95935.83
1926.0 95998.58
1927.2 96056.75
1928.4 96117.76
1929.6 96177.63
1930.8 96238.64
1932.0 96317.23
1933.2 96377.15
1934.4 96426.95
1935.6 96494.5
1936.8 96566.45
1938.0 96629.53
1939.2 96681.48
1940.4 96741.4
1941.6 96792.07
1942.8 96857.38
1944.0 96917.3
1945.2 96971.34
1946.4 97014.41
1947.6 97093.95
1948.8 97155.89
1950.0 97202.25
1951.2 97275.24
1952.4 97335.16
1953.6 97388.12
1954.8 97441.1
1956.0 97500.87
1957.2 97558.46
1958.4 97611.06
1959.6 97665.25
1960.8 97727.27
1962.0 97788.63
1963.2 97847.94
1964.4 97914.84
1965.6 97973.54
1966.8 98033.46
1968.0 98094.3
1969.2 98156.33
1970.4 98224.99
1971.6 98284.91
1972.8 98333.62
1974.0 98397.94
1975.2 98459.91
1976.4 98519.82
1977.6 98560.4
1978.8 98621.33
1980.0 98672.32
1981.2 98732.24
1982.4 98779.96
1983.6 98837.67
1984.8 98897.59
1986.0 98964.18
1987.2 99020.88
1988.4 99072.1
1989.6 99128.81
1990.8 99193.22
1992.0 99247.78
1993.2 99306.85
1994.4 99366.77
1995.6 99420.46
1996.8 99473.89
1998.0 99539.49
1999.2 99619.62
2000.4 99687.45
2001.6 99755.26
2002.8 99815.18
2004.0 99860.22
2005.2 99924.69
2006.4 99968.3
2007.6 100016.23
2008.8 100081.81
2010.0 100144.22
2011.2 100197.79
2012.4 100257.71
2013.6 100308.08
2014.8 100358.51
2016.0 100418.42
2017.2 100476.49
2018.4 100528.08
2019.6 100581.77
2020.8 100641.68
2022.0 100710.21
2023.2 100782.53
2024.4 100843.98
2025.6 100895.67
2026.8 100946.08
2028.0 101005.99
2029.2 101059.94
2030.4 101143.53
2031.6 101224.73
2032.8 101294.05
2034.0 101365.38
2035.2 101427.77
2036.4 101491.33
2037.6 101571.41
2038.8 101631.33
2040.0 101691.5
2041.2 101768.5
2042.4 101828.42
2043.6 101894.94
2044.8 101954.85
2046.0 102016.83
2047.2 102091.95
2048.4 102150.5
2049.6 102203.48
2050.8 102266.44
2052.0 102329.46
2053.2 102391.24
2054.4 102461.43
2055.6 102521.35
2056.8 102575.09
2058.0 102635.01
2059.2 102687.44
2060.4 102747.35
2061.6 102780.71
2062.8 102841.3
2064.0 102888.86
2065.2 102952.4
2066.4 103007.3
2067.6 103053.08
2068.8 103104.83
2070.0 103155.46
2071.2 103202.96
2072.4 103264.79
2073.6 103319.0
2074.8 103390.91
2076.0 103450.82
2077.2 103499.48
2078.4 103563.76
2079.6 103614.77
2080.8 103669.15
2082.0 103725.76
2083.2 103780.22
2084.4 103846.87
2085.6 103924.54
2086.8 103986.79
2088.0 104065.59
2089.2 104129.99
2090.4 104189.91
2091.6 104248.86
2092.8 104324.73
2094.0 104391.29
2095.2 104454.49
2096.4 104508.82
2097.6 104568.74
2098.8 104628.55
2100.0 104676.83
2101.2 104739.91
2102.4 104803.03
2103.6 104874.24
2104.8 104947.18
2106.0 105020.22
2107.2 105088.81
2108.4 105150.63
2109.6 105214.59
2110.8 105275.47
2112.0 105333.84
2113.2 105383.38
2114.4 105438.33
2115.6 105498.25
2116.8 105552.77
2118.0 105623.27
2119.2 105683.01
2120.4 105733.32
2121.6 105803.08
2122.8 105871.17
2124.0 105930.86
2125.2 105990.78
2126.4 106035.19
2127.6 106092.41
2128.8 106148.51
2130.0 106203.52
2131.2 106254.09
2132.4 106314.0
2133.6 106364.62
2134.8 106420.72
2136.0 106475.93
2137.2 106527.68
2138.4 106599.5
2139.6 106659.42
2140.8 106719.33
2142.0 106771.06
2143.2 106830.98
2144.4 106885.08
2145.6 106944.47
2146.8 107011.42
2148.0 107067.49
2149.2 107142.17
2150.4 107207.59
2151.6 107269.66
2152.8 107335.08
2154.0 107387.2
2155.2 107449.27
2156.4 107514.65
2157.6 107574.56
2158.8 107637.69
2160.0 107697.6
2161.2 107743.04
2162.4 107790.71
2163.6 107859.41
2164.8 107919.33
2166.0 107986.91
2167.2 108065.57
2168.4 108118.82
2169.6 108170.97
2170.8 108230.89
2172.0 108277.41
2173.2 108337.33
2174.4 108393.88
2175.6 108449.37
2176.8 108515.92
2178.0 108569.24
2179.2 108629.16
2180.4 108689.13
2181.6 108735.45
2182.8 108795.36
2184.0 108843.3
2185.2 108906.71
2186.4 108981.57
2187.6 109051.52
2188.8 109118.25
2190.0 109177.2
2191.2 109236.14
2192.4 109288.56
2193.6 109351.92
2194.8 109411.94
2196.0 109474.24
2197.2 109534.38
2198.4 109606.45
2199.6 109663.26
2200.8 109722.12
2202.0 109773.4
2203.2 109838.89
2204.4 109893.38
2205.6 109964.43
2206.8 110026.71
2208.0 110086.71
2209.2 110162.15
2210.4 110225.43
2211.6 110286.47
2212.8 110346.39
2214.0 110390.88
2215.2 110441.97
2216.4 110501.88
2217.6 110555.2
2218.8 110622.86
2220.0 110683.89
2221.2 110743.85
2222.4 110803.77
2223.6 110852.72
2224.8 110912.64
2226.0 110972.63
2227.2 111031.52
2228.4 111095.95
2229.6 111147.13
2230.8 111210.4
2232.0 111268.2
2233.2 111327.2
2234.4 111385.61
2235.6 111439.09
2236.8 111501.74
2238.0 111555.94
2239.2 111628.59
2240.4 111689.89
2241.6 111757.71
2242.8 111817.63
2244.0 111877.79
2245.2 111940.09
2246.4 111995.75
2247.6 112045.89
2248.8 112109.29
2250.0 112179.26
2251.2 112243.74
2252.4 112303.65
2253.6 112361.69
2254.8 112428.32
2256.0 112499.33
2257.2 112558.27
2258.4 112609.42
2259.6 112680.4
2260.8 112744.78
2262.0 112800.31
2263.2 112865.74
2264.4 112923.43
2265.6 112983.3
2266.8 113042.09
2268.0 113108.57
2269.2 113168.42
2270.4 113228.34
2271.6 113281.51
2272.8 113338.0
2274.0 113390.1
2275.2 113441.13
2276.4 113498.77
2277.6 113559.74
2278.8 113616.32
2280.0 113662.99
2281.2 113722.91
2282.4 113772.48
2283.6 113840.67
2284.8 113901.83
2286.0 113961.75
2287.2 114027.34
2288.4 114083.06
2289.6 114144.79
2290.8 114217.54
2292.0 114277.46
2293.2 114322.24
2294.4 114382.9
2295.6 114443.43
2296.8 114505.38
2298.0 114579.03
2299.2 114654.63
2300.4 114714.54
2301.6 114774.46
2302.8 114819.27
2304.0 114903.62
2305.2 114970.24
2306.4 115030.15
2307.6 115083.52
2308.8 115143.44
2310.0 115191.21
2311.2 115248.9
2312.4 115312.11
2313.6 115368.7
2314.8 115418.67
2316.0 115470.86
2317.2 115526.36
2318.4 115580.36
2319.6 115640.28
2320.8 115693.69
2322.0 115743.81
2323.2 115801.64
2324.4 115850.57
2325.6 115905.18
2326.8 115978.66
2328.0 116041.05
2329.2 116111.01
2330.4 116172.4
2331.6 116248.61
2332.8 116308.52
2334.0 116362.27
2335.2 116424.66
2336.4 116484.57
2337.6 116536.78
2338.8 116588.01
2340.0 116631.67
2341.2 116700.66
2342.4 116769.59
2343.6 116829.51
2344.8 116895.59
2346.0 116954.64
2347.2 117014.56
2348.4 117079.26
2349.6 117144.4
2350.8 117215.53
2352.0 117275.45
2353.2 117328.6
2354.4 117380.96
2355.6 117437.77
2356.8 117489.0
2358.0 117546.91
2359.2 117597.04
2360.4 117650.56
2361.6 117699.64
2362.8 117763.09
2364.0 117823.01
2365.2 117881.15
2366.4 117956.98
2367.6 118022.71
2368.8 118084.95
2370.0 118136.37
2371.2 118192.15
2372.4 118266.76
2373.6 118323.65
2374.8 118383.57
2376.0 118432.84
2377.2 118494.13
2378.4 118557.67
2379.6 118620.97
2380.8 118681.08
2382.0 118752.37
2383.2 118810.32
2384.4 118872.67
2385.6 118929.44
2386.8 118986.19
2388.0 119056.19
2389.2 119116.1
2390.4 119171.85
2391.6 119228.57
2392.8 119298.54
2394.0 119367.36
2395.2 119431.73
2396.4 119500.99
2397.6 119560.91
2398.8 119619.72
2400.0 119679.64
2401.2 119715.79
2402.4 119775.71
2403.6 119831.1
2404.8 119899.75
2406.0 119959.67
2407.2 120016.15
2408.4 120076.07
2409.6 120131.48
2410.8 120186.91
2412.0 120245.68
2413.2 120308.88
2414.4 120377.58
2415.6 120447.86
2416.8 120507.72
2418.0 120574.16
2419.2 120634.08
2420.4 120702.69
2421.6 120761.4
2422.8 120808.99
2424.0 120868.91
2425.2 120913.73
2426.4 120989.36
2427.6 121059.12
2428.8 121122.11
2430.0 121189.68
2431.2 121255.92
2432.4 121310.11
2433.6 121375.22
2434.8 121436.06
2436.0 121495.98
2437.2 121544.28
2438.4 121604.2
2439.6 121656.87
2440.8 121719.77
2442.0 121779.68
2443.2 121839.6
2444.4 121875.03
2445.6 121935.89
2446.8 121995.8
2448.0 122058.99
2449.2 122129.67
2450.4 122189.59
2451.6 122252.58
2452.8 122312.49
2454.0 122353.72
2455.2 122413.64
2456.4 122476.54
2457.6 122536.46
2458.8 122590.66
2460.0 122643.78
2461.2 122691.4
2462.4 122763.4
2463.6 122826.54
2464.8 122886.46
2466.0 122946.29
2467.2 123011.7
2468.4 123069.37
2469.6 123139.63
2470.8 123209.45
2472.0 123268.19
2473.2 123341.31
2474.4 123408.89
2475.6 123468.8
2476.8 123512.96
2478.0 123572.87
2479.2 123620.44
2480.4 123668.57
2481.6 123728.48
2482.8 123791.46
2484.0 123851.38
2485.2 123900.03
2486.4 123969.81
2487.6 124029.73
2488.8 124088.38
2490.0 124151.58
2491.2 124211.43
2492.4 124278.36
2493.6 124341.55
2494.8 124402.52
2496.0 124462.36
2497.2 124519.54
2498.4 124574.32
2499.6 124635.25
2500.8 124691.79
2502.0 124750.57
2503.2 124810.48
2504.4 124868.72
2505.6 124905.39
2506.8 124990.02
2508.0 125069.76
2509.2 125126.33
2510.4 125195.04
2511.6 125253.77
2512.8 125319.15
2514.0 125376.72
2515.2 125438.75
2516.4 125501.8
2517.6 125562.72
2518.8 125622.45
2520.0 125681.04
2521.2 125740.96
2522.4 125797.32
2523.6 125853.66
2524.8 125905.55
2526.0 125965.47
2527.2 126029.52
2528.4 126089.44
2529.6 126142.32
2530.8 126213.14
2532.0 126273.06
2533.2 126329.32
2534.4 126399.0
2535.6 126458.91
2536.8 126510.74
2538.0 126573.87
2539.2 126633.78
2540.4 126684.48
2541.6 126740.98
2542.8 126797.39
2544.0 126850.6
2545.2 126910.51
2546.4 126955.46
2547.6 127005.38
2548.8 127065.29
2550.0 127118.57
2551.2 127178.54
2552.4 127242.97
2553.6 127302.89
2554.8 127350.9
2556.0 127402.08
2557.2 127453.49
2558.4 127505.81
2559.6 127565.93
2560.8 127636.14
2562.0 127697.46
2563.2 127745.77
2564.4 127805.0
2565.6 127865.21
2566.8 127925.13
2568.0 127974.69
2569.2 128037.33
2570.4 128099.13
2571.6 128159.45
2572.8 128232.07
2574.0 128291.99
2575.2 128343.99
2576.4 128430.91
2577.6 128489.16
2578.8 128553.78
2580.0 128619.71
2581.2 128689.07
2582.4 128748.99
2583.6 128846.49
2584.8 128906.41
2586.0 128971.09
2587.2 129035.66
2588.4 129105.66
2589.6 129165.58
2590.8 129220.06
2592.0 129275.52
2593.2 129337.57
2594.4 129405.13
2595.6 129464.94
2596.8 129515.8
2598.0 129576.78
2599.2 129649.55
2600.4 129710.35
2601.6 129770.27
2602.8 129828.73
2604.0 129881.6
2605.2 129935.64
2606.4 130002.06
2607.6 130053.81
2608.8 130113.72
2610.0 130162.03
2611.2 130224.99
2612.4 130280.13
2613.6 130338.68
2614.8 130406.17
2616.0 130461.33
2617.2 130529.88
2618.4 130588.55
2619.6 130650.42
2620.8 130716.56
2622.0 130776.48
2623.2 130827.13
2624.4 130881.32
2625.6 130939.85
2626.8 130999.61
2628.0 131059.52
2629.2 131121.26
2630.4 131181.18
2631.6 131220.79
2632.8 131269.18
2634.0 131339.98
2635.2 131384.32
2636.4 131437.55
2637.6 131496.3
2638.8 131551.81
2640.0 131612.85
2641.2 131679.43
2642.4 131730.67
2643.6 131791.7
2644.8 131848.46
2646.0 131890.91
2647.2 131949.98
2648.4 132011.16
2649.6 132070.3
2650.8 132135.85
2652.0 132201.51
2653.2 132261.43
2654.4 132340.86
2655.6 132419.75
2656.8 132475.69
2658.0 132550.63
2659.2 132610.54
2660.4 132668.64
2661.6 132728.55
2662.8 132788.65
2664.0 132846.47
2665.2 132898.34
2666.4 132974.23
2667.6 133033.1
2668.8 133097.46
2670.0 133157.37
2671.2 133218.4
2672.4 133278.32
2673.6 133331.55
2674.8 133391.47
2676.0 133433.16
2677.2 133489.73
2678.4 133552.91
2679.6 133612.83
2680.8 133680.89
2682.0 133740.81
2683.2 133782.59
2684.4 133842.51
2685.6 133902.43
2686.8 133959.08
2688.0 134022.32
2689.2 134098.87
2690.4 134169.24
2691.6 134229.16
2692.8 134294.63
2694.0 134356.75
2695.2 134414.43
2696.4 134487.55
2697.6 134559.55
2698.8 134624.93
2700.0 134695.77
2701.2 134768.75
2702.4 134818.38
2703.6 134878.3
2704.8 134929.09
2706.0 134989.01
2707.2 135036.07
2708.4 135095.99
2709.6 135152.87
2710.8 135212.57
2712.0 135272.49
2713.2 135324.17
2714.4 135384.09
2715.6 135418.61
2716.8 135478.52
2718.0 135535.11
2719.2 135599.34
2720.4 135659.06
2721.6 135718.98
2722.8 135783.13
2724.0 135843.01
2725.2 135902.92
2726.4 135948.99
2727.6 136006.65
2728.8 136066.57
2730.0 136125.36
2731.2 136180.9
2732.4 136240.82
2733.6 136294.26
2734.8 136356.42
2736.0 136423.13
2737.2 136484.27
2738.4 136544.19
2739.6 136585.64
2740.8 136645.55
2742.0 136705.68
2743.2 136781.4
2744.4 136849.25
2745.6 136907.07
2746.8 136956.22
2748.0 137016.14
2749.2 137067.49
2750.4 137113.26
2751.6 137173.17
2752.8 137212.72
2754.0 137256.37
2755.2 137325.38
2756.4 137384.56
2757.6 137444.48
2758.8 137501.65
2760.0 137564.63
2761.2 137626.8
2762.4 137703.04
2763.6 137765.51
2764.8 137827.11
2766.0 137888.7
2767.2 137943.47
2768.4 138003.39
2769.6 138056.4
2770.8 138134.61
2772.0 138192.75
2773.2 138252.66
2774.4 138300.16
2775.6 138360.08
2776.8 138410.86
2778.0 138478.59
2779.2 138547.69
2780.4 138627.1
2781.6 138687.02
2782.8 138746.23
2784.0 138796.73
2785.2 138865.68
2786.4 138940.38
2787.6 138999.34
2788.8 139070.55
2790.0 139130.47
2791.2 139187.32
2792.4 139248.52
2793.6 139339.88
2794.8 139399.79
2796.0 139459.74
2797.2 139510.77
2798.4 139570.61
2799.6 139630.52
2800.8 139692.42
2802.0 139752.33
2803.2 139815.27
2804.4 139873.73
2805.6 139933.65
2806.8 139988.78
2808.0 140065.1
2809.2 140116.86
2810.4 140189.69
2811.6 140249.61
2812.8 140312.36
2814.0 140364.0
2815.2 140423.92
2816.4 140480.12
2817.6 140523.95
2818.8 140587.85
2820.0 140656.31
2821.2 140716.23
2822.4 140774.56
2823.6 140823.92
2824.8 140891.3
2826.0 140959.81
2827.2 141038.01
2828.4 141108.68
2829.6 141168.59
2830.8 141220.99
2832.0 141283.79
2833.2 141343.62
2834.4 141411.69
2835.6 141478.77
2836.8 141538.69
2838.0 141598.6
2839.2 141640.81
2840.4 141702.24
2841.6 141764.95
2842.8 141842.99
2844.0 141902.91
2845.2 141946.23
2846.4 142006.97
2847.6 142066.89
2848.8 142113.56
2850.0 142172.63
2851.2 142236.55
2852.4 142288.11
2853.6 142348.02
2854.8 142407.94
2856.0 142448.95
2857.2 142506.34
2858.4 142565.82
2859.6 142625.73
2860.8 142684.03
2862.0 142742.5
2863.2 142794.38
2864.4 142854.3
2865.6 142909.55
2866.8 142956.02
2868.0 143009.87
2869.2 143077.87
2870.4 143132.89
2871.6 143189.5
2872.8 143249.42
2874.0 143313.85
2875.2 143370.49
2876.4 143447.54
2877.6 143507.46
2878.8 143560.97
2880.0 143616.55
2881.2 143688.83
2882.4 143744.46
2883.6 143796.82
2884.8 143856.73
2886.0 143908.68
2887.2 143968.6
2888.4 144006.74
2889.6 144065.78
2890.8 144120.56
2892.0 144192.9
2893.2 144252.82
2894.4 144315.53
2895.6 144383.36
2896.8 144447.11
2898.0 144508.36
2899.2 144577.42
2900.4 144643.22
2901.6 144703.14
2902.8 144754.67
2904.0 144820.95
2905.2 144889.82
2906.4 144951.03
2907.6 145006.84
2908.8 145082.44
2910.0 145162.37
2911.2 145232.3
2912.4 145315.53
2913.6 145374.35
2914.8 145435.37
2916.0 145486.36
2917.2 145558.21
2918.4 145621.33
2919.6 145677.62
2920.8 145737.54
2922.0 145798.12
2923.2 145862.08
2924.4 145919.49
2925.6 145978.13
2926.8 146039.78
2928.0 146103.53
2929.2 146163.45
2930.4 146216.22
2931.6 146272.33
2932.8 146331.79
2934.0 146391.71
2935.2 146439.82
2936.4 146492.6
2937.6 146552.52
2938.8 146587.45
2940.0 146647.09
2941.2 146712.33
2942.4 146778.51
2943.6 146838.25
2944.8 146898.05
2946.0 146956.74
2947.2 147019.81
2948.4 147074.0
2949.6 147133.92
2950.8 147178.19
2952.0 147230.28
2953.2 147281.35
2954.4 147336.84
2955.6 147390.21
2956.8 147450.13
2958.0 147513.46
2959.2 147573.37
2960.4 147620.0
2961.6 147679.92
2962.8 147730.26
2964.0 147806.14
2965.2 147866.06
2966.4 147934.58
2967.6 147990.04
2968.8 148060.55
2970.0 148121.08
2971.2 148179.1
2972.4 148237.05
2973.6 148297.01
2974.8 148356.51
2976.0 148413.56
2977.2 148473.48
2978.4 148533.4
2979.6 148583.75
2980.8 148658.83
2982.0 148725.6
2983.2 148784.9
2984.4 148843.01
2985.6 148922.95
2986.8 148985.4
2988.0 149046.72
2989.2 149106.63
2990.4 149151.5
2991.6 149194.08
2992.8 149254.0
2994.0 149315.49
2995.2 149382.2
2996.4 149438.0
2997.6 149483.49
2998.8 149543.41
3000.0 149598.21
3001.2 149653.06
3002.4 149711.06
3003.6 149781.24
3004.8 149841.16
3006.0 149916.02
3007.2 149980.6
3008.4 150032.13
3009.6 150095.69
3010.8 150153.72
3012.0 150211.59
3013.2 150263.2
3014.4 150336.59
3015.6 150417.02
3016.8 150476.94
3018.0 150515.08
3019.2 150578.52
3020.4 150636.46
3021.6 150696.38
3022.8 150753.34
3024.0 150830.52
3025.2 150896.16
3026.4 150960.69
3027.6 151020.6
3028.8 151059.4
3030.0 151124.25
3031.2 151174.01
3032.4 151228.55
3033.6 151288.47
3034.8 151345.39
3036.0 151405.31
3037.2 151465.23
3038.4 151516.83
3039.6 151576.75
3040.8 151641.48
3042.0 151701.4
3043.2 151767.33
3044.4 151841.13
3045.6 151901.04
3046.8 151948.79
3048.0 152008.7
3049.2 152064.46
3050.4 152127.95
3051.6 152181.5
3052.8 152241.42
3054.0 152293.88
3055.2 152349.66
3056.4 152409.58
3057.6 152483.26
3058.8 152548.92
3060.0 152605.72
3061.2 152665.64
3062.4 152734.67
3063.6 152804.05
3064.8 152852.75
3066.0 152907.23
3067.2 152961.74
3068.4 153032.9
3069.6 153091.74
3070.8 153150.76
3072.0 153210.68
3073.2 153275.25
3074.4 153335.16
3075.6 153389.69
3076.8 153451.88
3078.0 153522.91
3079.2 153578.5
3080.4 153635.15
3081.6 153695.07
3082.8 153746.2
3084.0 153806.15
3085.2 153863.9
3086.4 153927.13
3087.6 153988.19
3088.8 154039.32
3090.0 154109.18
3091.2 154172.43
3092.4 154230.16
3093.6 154290.08
3094.8 154352.22
3096.0 154415.46
3097.2 154473.16
3098.4 154540.79
3099.6 154604.44
