1190.04 -90.69
1190.16 -126.65
1190.28 -162.61
1190.4 -156.63
1190.52 -150.65
1190.64 -144.66
1190.76 -138.68
1190.88 -132.7
1191.0 -126.72
1191.12 -162.68
1191.24 -156.7
1191.36 -150.72
1191.48 -144.74
1191.6 -138.76
1191.72 -132.78
1191.84 -126.8
1191.96 -120.81
1192.08 -114.83
1192.2 -150.79
1192.32 -144.81
1192.44 -138.83
1192.56 -132.85
1192.68 -168.82
1192.8 -162.84
1192.92 -156.86
1193.04 -150.88
1193.16 -144.9
1193.28 -138.92
1193.4 -174.88
1193.52 -168.9
1193.64 -162.92
1193.76 -156.95
1193.88 -150.97
1194.0 -144.99
1194.12 -139.01
1194.24 -174.97
1194.36 -169.0
1194.48 -163.02
1194.6 -157.04
1194.72 -151.06
1194.84 -187.04
1194.96 -181.06
1195.08 -175.08
1195.2 -211.05
1195.32 -205.07
1195.44 -199.1
1195.56 -193.12
1195.68 -187.14
1195.8 -181.17
1195.92 -175.19
1196.04 -169.22
1196.16 -205.19
1196.28 -199.22
1196.4 -193.24
1196.52 -187.27
1196.64 -181.29
1196.76 -175.32
1196.88 -169.34
1197.0 -163.37
1197.12 -157.39
1197.24 -151.42
1197.36 -187.38
1197.48 -181.41
1197.6 -175.43
1197.72 -169.46
1197.84 -163.48
1197.96 -157.51
1198.08 -151.53
1198.2 -145.56
1198.32 -181.53
1198.44 -175.56
1198.56 -169.58
1198.68 -163.61
1198.8 -199.58
1198.92 -193.6
1199.04 -187.63
1199.16 -181.65
1199.28 -175.68
1199.4 -169.7
1199.52 -163.73
1199.64 -157.76
1199.76 -151.78
1199.88 -187.75
1200.0 -181.77
1200.12 -175.8
1200.24 -169.82
1200.36 -163.85
1200.48 -157.88
1200.6 -151.9
1200.72 -145.93
1200.84 -139.95
1200.96 -133.98
1201.08 -128.01
1201.2 -122.03
1201.32 -116.06
1201.44 -110.09
1201.56 -104.11
1201.68 -98.14
1201.8 -92.16
1201.92 -86.19
1202.04 -80.22
1202.16 -74.24
1202.28 -68.27
1202.4 -62.3
1202.52 -56.32
1202.64 -50.35
1202.76 -44.38
1202.88 -38.4
1203.0 -32.43
1203.12 -26.46
1203.24 -20.49
1203.36 -14.51
1203.48 -8.54
1203.6 -2.57
1203.72 3.41
1203.84 9.31
1203.96 15.14
1204.08 20.89
1204.2 26.58
1204.32 32.19
1204.44 37.73
1204.56 43.19
1204.68 48.58
1204.8 53.9
1204.92 59.15
1205.04 64.32
1205.16 69.42
1205.28 74.44
1205.4 79.39
1205.52 84.27
1205.64 89.07
1205.76 93.8
1205.88 98.45
1206.0 103.03
1206.12 107.54
1206.24 111.97
1206.36 116.32
1206.48 120.6
1206.6 124.81
1206.72 128.94
1206.84 133.0
1206.96 136.98
1207.08 140.89
1207.2 144.72
1207.32 148.48
1207.44 152.16
1207.56 155.77
1207.68 159.3
1207.8 162.76
1207.92 -211.35
1208.04 -249.92
1208.16 -246.54
1208.28 -243.16
1208.4 -239.79
1208.52 -236.41
1208.64 -233.04
1208.76 -271.61
1208.88 -268.24
1209.0 -264.88
1209.12 -261.52
1209.24 -258.16
1209.36 -254.8
1209.48 -251.44
1209.6 -248.09
1209.72 -286.69
1209.84 -283.34
1209.96 -279.99
1210.08 -274.54
1210.2 -268.84
1210.32 -263.14
1210.44 -257.46
1210.56 -251.78
1210.68 -246.1
1210.8 -240.44
1210.92 -234.78
1211.04 -229.13
1211.16 -223.49
1211.28 -217.85
1211.4 -212.22
1211.52 -248.54
1211.64 -242.93
1211.76 -279.26
1211.88 -273.67
1212.0 -268.08
1212.12 -262.49
1212.24 -256.92
1212.36 -251.35
1212.48 -245.79
1212.6 -240.24
1212.72 -234.69
1212.84 -229.16
1212.96 -307.52
1213.08 -301.99
1213.2 -296.48
1213.32 -290.97
1213.44 -285.47
1213.56 -279.98
1213.68 -316.44
1213.8 -310.96
1213.92 -305.49
1214.04 -300.03
1214.16 -294.57
1214.28 -289.12
1214.4 -283.68
1214.52 -278.25
1214.64 -272.82
1214.76 -309.34
1214.88 -303.93
1215.0 -298.53
1215.12 -293.13
1215.24 -287.74
1215.36 -282.36
1215.48 -276.98
1215.6 -271.61
1215.72 -308.2
1215.84 -302.85
1215.96 -297.5
1216.08 -292.17
1216.2 -286.83
1216.32 -281.51
1216.44 -276.19
1216.56 -270.88
1216.68 -265.58
1216.8 -344.16
1216.92 -338.87
1217.04 -333.59
1217.16 -328.32
1217.28 -323.05
1217.4 -317.79
1217.52 -312.54
1217.64 -307.29
1217.76 -302.05
1217.88 -296.82
1218.0 -291.59
1218.12 -286.37
1218.24 -281.16
1218.36 -275.95
1218.48 -270.76
1218.6 -265.56
1218.72 -260.38
1218.84 -255.2
1218.96 -250.03
1219.08 -244.87
1219.2 -239.71
1219.32 -234.56
1219.44 -229.42
1219.56 -224.28
1219.68 -219.15
1219.8 -214.02
1219.92 -208.91
