2260.08 2
2260.2 2
2260.32 2
2260.44 2
2260.56 2
2260.68 2
2260.8 2
2260.92 2
2261.04 2
2261.16 2
2261.28 2
2261.4 2
2261.52 2
2261.64 2
2261.76 2
2261.88 2
2262.0 2
2262.12 2
2262.24 2
2262.36 2
2262.48 2
2262.6 2
2262.72 2
2262.84 2
2262.96 2
2263.08 2
2263.2 2
2263.32 2
2263.44 2
2263.56 2
2263.68 2
2263.8 2
2263.92 2
2264.04 2
2264.16 2
2264.28 2
2264.4 2
2264.52 2
2264.64 2
2264.76 2
2264.88 2
2265.0 2
2265.12 2
2265.24 2
2265.36 2
2265.48 2
2265.6 2
2265.72 2
2265.84 2
2265.96 2
2266.08 2
2266.2 2
2266.32 2
2266.44 2
2266.56 2
2266.68 2
2266.8 2
2266.92 2
2267.04 2
2267.16 2
2267.28 2
2267.4 2
2267.52 2
2267.64 2
2267.76 2
2267.88 2
2268.0 2
2268.12 2
2268.24 2
2268.36 2
2268.48 2
2268.6 2
2268.72 2
2268.84 2
2268.96 2
2269.08 2
2269.2 2
2269.32 2
2269.44 2
2269.56 2
2269.68 2
2269.8 2
2269.92 2
2270.04 2
2270.16 2
2270.28 2
2270.4 2
2270.52 2
2270.64 2
2270.76 2
2270.88 2
2271.0 2
2271.12 2
2271.24 2
2271.36 2
2271.48 2
2271.6 2
2271.72 2
2271.84 2
2271.96 2
2272.08 2
2272.2 2
2272.32 2
2272.44 2
2272.56 2
2272.68 2
2272.8 2
2272.92 2
2273.04 2
2273.16 2
2273.28 2
2273.4 2
2273.52 2
2273.64 2
2273.76 2
2273.88 2
2274.0 2
2274.12 2
2274.24 2
2274.36 2
2274.48 2
2274.6 2
2274.72 2
2274.84 2
2274.96 2
2275.08 2
2275.2 2
2275.32 2
2275.44 2
2275.56 2
2275.68 2
2275.8 2
2275.92 2
2276.04 2
2276.16 2
2276.28 2
2276.4 2
2276.52 2
2276.64 2
2276.76 2
2276.88 2
2277.0 2
2277.12 2
2277.24 2
2277.36 2
2277.48 2
2277.6 2
2277.72 2
2277.84 2
2277.96 2
2278.08 2
2278.2 2
2278.32 2
2278.44 2
2278.56 2
2278.68 2
2278.8 2
2278.92 2
2279.04 2
2279.16 2
2279.28 2
2279.4 2
2279.52 2
2279.64 2
2279.76 2
2279.88 2
2280.0 2
