115.08 5755.84
115.2 5761.83
115.32 5767.82
115.44 5773.82
115.56 5779.81
115.68 5785.8
115.8 5791.8
115.92 5797.79
116.04 5803.78
116.16 5809.77
116.28 5815.77
116.4 5821.76
116.52 5827.75
116.64 5833.75
116.76 5839.74
116.88 5845.73
117.0 5851.72
117.12 5857.72
117.24 5863.71
117.36 5869.7
117.48 5875.7
117.6 5881.69
117.72 5887.68
117.84 5893.67
117.96 5899.67
118.08 5905.66
118.2 5911.65
118.32 5917.65
118.44 5923.64
118.56 5929.63
118.68 5935.62
118.8 5941.62
118.92 5947.61
119.04 5953.6
119.16 5959.6
119.28 5965.59
119.4 5971.58
119.52 5977.57
119.64 5983.57
119.76 5989.56
119.88 5995.55
120.0 6001.54
120.12 6007.54
120.24 6013.53
120.36 6019.52
120.48 6025.51
120.6 6031.51
120.72 6037.5
120.84 6043.49
120.96 6049.49
121.08 6055.48
121.2 6061.47
121.32 6067.46
121.44 6073.46
121.56 6079.45
121.68 6085.44
121.8 6091.43
121.92 6097.43
122.04 6103.42
122.16 6109.41
122.28 6115.4
122.4 6121.4
122.52 6127.39
122.64 6133.38
122.76 6139.37
122.88 6145.37
123.0 6151.36
123.12 6157.35
123.24 6163.34
123.36 6169.34
123.48 6175.33
123.6 6181.32
123.72 6187.31
123.84 6193.31
123.96 6199.3
124.08 6205.29
124.2 6211.29
124.32 6217.28
124.44 6223.27
124.56 6229.26
124.68 6235.26
124.8 6241.25
124.92 6247.24
125.04 6253.23
125.16 6259.22
125.28 6265.22
125.4 6271.21
125.52 6277.2
125.64 6283.19
125.76 6289.19
125.88 6295.18
126.0 6301.17
126.12 6307.16
126.24 6313.16
126.36 6319.15
126.48 6325.14
126.6 6331.13
126.72 6337.13
126.84 6343.12
126.96 6349.11
127.08 6355.1
127.2 6361.1
127.32 6367.09
127.44 6373.08
127.56 6379.07
127.68 6385.07
127.8 6391.06
127.92 6397.05
128.04 6403.04
128.16 6409.04
128.28 6415.03
128.4 6421.02
128.52 6427.01
128.64 6433.01
128.76 6439.0
128.88 6444.99
129.0 6450.98
129.12 6456.97
129.24 6462.97
129.36 6468.96
129.48 6474.95
129.6 6480.94
129.72 6486.94
129.84 6492.93
129.96 6498.92
