16.7999999999999 -4971.95774008057
17.5499999999999 -4981.71657215264
18.2999999999999 -4981.18600925698
19.05 -4973.81891972237
19.8 -4975.1812514038
20.55 -4981.81236191891
21.3000000000001 -4980.73103986418
22.0500000000001 -4980.89063015398
22.8000000000001 -4971.86041927561
23.5500000000001 -4977.93974736071
24.3000000000002 -4976.19094868449
25.0500000000002 -4968.49497933683
25.8000000000002 -4966.17277329502
26.5500000000002 -4971.30885717109
27.3000000000003 -4968.75278498979
28.0500000000003 -4959.28159394392
28.8000000000003 -4961.35215978713
29.5500000000004 -4957.9995240789
30.3000000000004 -4957.41059458279
31.0500000000004 -4953.83635213424
31.8000000000004 -4946.68884705557
32.5500000000005 -4945.72959277854
33.3000000000005 -4941.21540019786
34.0500000000005 -4936.0948729445
34.8000000000006 -4917.37777277614
35.5500000000006 -4912.09962957029
36.3000000000006 -4923.41645829474
37.0500000000006 -4917.58189201061
37.8000000000007 -4905.21590922029
38.5500000000007 -4898.55736848255
39.3000000000007 -4887.53092085768
40.0500000000008 -4874.09796629694
40.8000000000008 -4881.55275377247
41.5500000000008 -4866.37633089199
42.3000000000008 -4871.39061246272
43.0500000000009 -4862.95761716354
43.8000000000009 -4853.72291259299
44.5500000000009 -4845.09640890913
45.300000000001 -4837.06197904863
46.050000000001 -4827.26415247495
46.800000000001 -4813.7176317431
47.550000000001 -4802.98612950677
48.3000000000011 -4791.26262746025
49.0500000000011 -4780.17057454564
49.8000000000011 -4768.27747342288
50.5500000000012 -4762.75557725604
51.3000000000012 -4747.94839358055
52.0500000000012 -4739.84833935549
52.8000000000012 -4727.07113905181
53.5500000000013 -4713.50430587504
54.3000000000013 -4698.149766582
55.0500000000013 -4684.24438822301
55.8000000000014 -4665.45008636078
56.5500000000014 -4658.46996858848
57.3000000000014 -4643.38571182415
58.0500000000014 -4631.26220490274
58.8000000000015 -4615.78877949119
59.5500000000015 -4590.15821773418
60.3000000000015 -4581.64192475227
61.0500000000016 -4565.13157226095
61.8000000000016 -4547.88633984327
62.5500000000016 -4501.93591693668
63.3000000000016 -4516.4701247149
64.0500000000017 -4498.76982029222
64.8000000000017 -4466.91429018929
65.5500000000017 -4460.62930960765
66.3000000000017 -4442.02088856942
67.0500000000018 -4429.60828557676
67.8000000000018 -4410.69967863267
68.5500000000018 -4388.92436617326
69.3000000000019 -4359.4418395826
70.0500000000019 -4349.72028861808
70.8000000000019 -4329.95765480729
71.5500000000019 -4309.37104991501
72.300000000002 -4289.58777272759
73.050000000002 -4267.44479735846
73.800000000002 -4246.94803978553
74.5500000000021 -4231.93741342874
75.3000000000021 -4197.65635182861
76.0500000000021 -4176.65127681483
76.8000000000021 -4144.22527262983
77.5500000000022 -4139.24399691412
78.3000000000022 -4126.71636456125
79.0500000000022 -4105.54738952119
79.8000000000023 -4083.84874769482
80.5500000000023 -4056.1852707577
81.3000000000023 -4042.2202706644
82.0500000000023 -4016.3875006097
82.8000000000024 -3994.38235659273
83.5500000000024 -3964.22467172606
84.3000000000024 -3956.45008689536
85.0500000000025 -3928.22558398792
85.8000000000025 -3906.02535337818
86.5500000000025 -3877.82446118125
87.3000000000025 -3868.899788
88.0500000000026 -3846.39974628707
88.8000000000026 -3821.91789410383
89.5500000000026 -3799.73823989561
90.3000000000027 -3770.37903740034
91.0500000000027 -3748.06355244607
91.8000000000027 -3722.07266580596
92.5500000000027 -3701.43369693152
93.3000000000028 -3693.81052035981
94.0500000000028 -3667.81509068953
94.8000000000028 -3645.70531107589
95.5500000000029 -3599.21622351471
96.3000000000029 -3599.4577962521
97.0500000000029 -3569.19329232706
97.8000000000029 -3556.4797864773
98.550000000003 -3534.80306124252
99.300000000003 -3498.22546934249
100.050000000003 -3491.21289148276
100.800000000003 -3477.70618205812
101.550000000003 -3456.21311087092
102.300000000003 -3420.01320021535
103.050000000003 -3398.63583642384
103.800000000003 -3367.01140376608
104.550000000003 -3345.69316787455
105.300000000003 -3327.78813374259
106.050000000003 -3329.201810546
106.800000000003 -3306.53533671246
107.550000000003 -3290.54220554463
108.300000000003 -3269.96754250619
109.050000000003 -3245.46811912664
109.800000000003 -3230.89873828046
110.550000000003 -3210.47263916302
111.300000000003 -3185.26751499651
112.050000000003 -3172.12992038812
112.800000000004 -3148.12436819913
113.550000000004 -3132.99070974067
114.300000000004 -3113.22725683644
115.050000000004 -3093.19381812578
115.800000000004 -3039.45635370553
116.550000000004 -3032.50824138355
117.300000000004 -3023.49340215291
118.050000000004 -3012.41893712562
118.800000000004 -2988.29807410239
119.550000000004 -2979.68787040645
120.300000000004 -2960.96203648824
121.050000000004 -2938.46493352728
121.800000000004 -2919.83274142959
122.550000000004 -2903.58721276683
123.300000000004 -2885.48309369167
124.050000000004 -2871.19602305103
124.800000000004 -2848.30096109899
125.550000000004 -2830.54186411583
126.300000000004 -2808.05072781325
127.050000000004 -2797.60482468439
127.800000000004 -2774.20557173602
128.550000000004 -2765.13317474944
129.300000000004 -2748.21299185486
130.050000000004 -2724.29020887224
130.800000000004 -2710.23140663354
131.550000000004 -2697.39604161834
132.300000000004 -2681.11733490715
133.050000000004 -2667.56826216798
133.800000000004 -2656.31114195372
134.550000000004 -2640.27926095621
135.300000000004 -2607.94284754323
136.050000000004 -2603.61642248472
136.800000000004 -2588.66343453231
137.550000000004 -2580.31400110081
138.300000000004 -2561.2868758629
139.050000000005 -2546.48731167444
139.800000000005 -2531.4813998247
140.550000000005 -2486.52916407041
141.300000000005 -2504.95459192371
142.050000000005 -2434.76427140773
142.800000000005 -2479.16933712953
143.550000000005 -2465.58840167006
144.300000000005 -2451.67001266236
145.050000000005 -2425.76582236193
145.800000000005 -2425.37037160518
146.550000000005 -2404.94527352498
147.300000000005 -2391.71230308712
148.050000000005 -2378.27098722387
148.800000000005 -2367.5942117405
149.550000000005 -2350.93439585792
150.300000000005 -2342.83897679144
151.050000000005 -2330.39017043217
151.800000000005 -2323.62987521281
152.550000000005 -2299.16663362603
153.300000000005 -2302.08553068245
154.050000000005 -2290.04530897894
154.800000000005 -2272.39202509398
155.550000000005 -2255.8179872481
156.300000000005 -2244.20000109677
157.050000000005 -2242.71764950965
157.800000000005 -2231.41004262538
158.550000000005 -2202.94718879426
159.300000000005 -2202.4806631079
160.050000000005 -2201.03550423955
160.800000000005 -2190.12244844869
161.550000000005 -2161.2499948955
162.300000000005 -2169.29085393953
163.050000000005 -2158.56651451865
163.800000000005 -2140.39433787049
164.550000000005 -2137.41727882549
165.300000000005 -2128.44766803517
166.050000000006 -2118.09939088673
166.800000000006 -2088.31679807319
167.550000000006 -2092.72190446227
168.300000000006 -2082.62007001699
169.050000000006 -2052.28139105626
169.800000000006 -2039.85423389128
170.550000000006 -2055.55547008852
171.300000000006 -2045.32790162201
172.050000000006 -2035.15360217704
172.800000000006 -2025.82722890642
173.550000000006 -2004.00277439084
174.300000000006 -2011.0519444185
175.050000000006 -2001.82815673041
175.800000000006 -1965.59827187493
176.550000000006 -1978.8589440875
177.300000000006 -1977.31953316739
178.050000000006 -1968.44458674665
178.800000000006 -1963.62833103335
179.550000000006 -1955.15046916653
180.300000000006 -1938.27308657934
181.050000000006 -1932.28381268488
181.800000000006 -1924.08660114122
182.550000000006 -1916.43424431798
183.300000000006 -1895.94189319741
184.050000000006 -1898.3828165652
184.800000000006 -1890.68183730619
185.550000000006 -1878.56056291005
186.300000000006 -1873.44522978039
187.050000000006 -1875.46512487755
187.800000000006 -1868.59779197451
188.550000000006 -1861.5496839579
189.300000000006 -1853.02336212114
190.050000000006 -1843.52546078004
190.800000000006 -1843.22045411725
191.550000000006 -1836.6120025821
192.300000000007 -1814.34370619486
193.050000000007 -1821.52257044828
193.800000000007 -1819.662486129
194.550000000007 -1813.42959129807
195.300000000007 -1802.69178558031
196.050000000007 -1800.11274510941
196.800000000007 -1792.44563226848
197.550000000007 -1786.57791667216
198.300000000007 -1775.03293515867
199.050000000007 -1773.75305239982
199.800000000007 -1773.56518968016
200.550000000007 -1767.86584874415
201.300000000007 -1761.67896037815
202.050000000007 -1757.53936681183
202.800000000007 -1751.80521031464
203.550000000007 -1716.80960458487
204.300000000007 -1718.91560301976
205.050000000007 -1729.40381130033
205.800000000007 -1730.53455109882
206.550000000007 -1726.44244595449
207.300000000007 -1721.05295012104
208.050000000007 -1719.12204584235
208.800000000007 -1710.91632976959
209.550000000007 -1705.77323705979
210.300000000007 -1700.34250396931
211.050000000007 -1694.49425454574
211.800000000007 -1681.73112762811
212.550000000007 -1676.22563096224
213.300000000007 -1672.11451452482
214.050000000007 -1670.02911770689
214.800000000007 -1664.23390168824
215.550000000007 -1642.46593673701
216.300000000007 -1646.52374601309
217.050000000007 -1641.15085465891
217.800000000007 -1645.13270565197
218.550000000008 -1639.22529190833
219.300000000008 -1628.63137769131
220.050000000008 -1627.27526768123
220.800000000008 -1624.81776770584
221.550000000008 -1618.67715197132
222.300000000008 -1604.8063800275
223.050000000008 -1609.48211494871
223.800000000008 -1603.01757536821
224.550000000008 -1596.82003052133
225.300000000008 -1590.51713078715
226.050000000008 -1583.60144545141
226.800000000008 -1577.62361462798
227.550000000008 -1571.55195640783
228.300000000008 -1565.03494767211
229.050000000008 -1558.94023733732
229.800000000008 -1552.04859481264
230.550000000008 -1545.42164231819
231.300000000008 -1538.68724761865
232.050000000008 -1514.68480525191
232.800000000008 -1528.04664776323
233.550000000008 -1520.5107697246
234.300000000008 -1513.52726244925
235.050000000008 -1503.90372448607
235.800000000008 -1488.93197643071
236.550000000008 -1481.81922952715
237.300000000008 -1475.12948789484
238.050000000008 -1458.96611142501
238.800000000008 -1463.55903733336
239.550000000008 -1468.09169147355
240.300000000008 -1460.62193385131
241.050000000008 -1428.79477833014
241.800000000008 -1444.62049070415
242.550000000008 -1438.5529087051
243.300000000008 -1432.40654750369
244.050000000008 -1424.80236722922
244.800000000009 -1412.42968533116
245.550000000009 -1397.8155839034
246.300000000009 -1390.12569161224
247.050000000009 -1381.75132407495
247.800000000009 -1379.52562692842
248.550000000009 -1379.33209551891
249.300000000009 -1368.67517752859
250.050000000009 -1360.77062443488
250.800000000009 -1352.21009821955
251.550000000009 -1345.64534951289
252.300000000009 -1337.49788494258
253.050000000009 -1328.92821197904
253.800000000009 -1278.3476686242
254.550000000009 -1310.39948748719
255.300000000009 -1307.8209081451
256.050000000009 -1299.62902126887
256.800000000008 -1266.94194702318
257.550000000008 -1275.77650429232
258.300000000007 -1267.50625957407
259.050000000006 -1244.1779842485
259.800000000005 -1251.86946498858
260.550000000005 -1247.08898988007
261.300000000004 -1247.48303649041
262.050000000003 -1236.39899223606
262.800000000003 -1228.15826647824
263.550000000002 -1224.39932216806
264.300000000001 -1213.3645013544
265.050000000001 -1204.34223871564
265.8 -1196.06946909295
266.549999999999 -1190.23893017924
267.299999999999 -1173.98912181829
268.049999999998 -1172.26420003798
268.799999999997 -1163.98891924319
269.549999999997 -1154.04906311323
270.299999999996 -1152.36454790007
271.049999999995 -1141.32889969091
271.799999999995 -1133.06621618384
272.549999999994 -1108.66179986443
273.299999999993 -1100.41782504415
274.049999999993 -1092.65445306591
274.799999999992 -1078.64957143858
275.549999999991 -1091.6200669299
276.29999999999 -1088.05754986354
277.04999999999 -1076.20449138115
277.799999999989 -1072.68295824118
278.549999999988 -1064.76923409649
279.299999999988 -1056.50506698287
280.049999999987 -1046.62826560354
280.799999999986 -1041.22764402829
281.549999999986 -1033.54387181244
282.299999999985 -1025.2471166787
283.049999999984 -1016.96701838619
283.799999999984 -1009.37595377694
284.549999999983 -1000.29218080081
285.299999999982 -998.459834493719
286.049999999982 -985.267794194733
286.799999999981 -977.979976710842
287.54999999998 -971.218231220297
288.29999999998 -966.554533109469
289.049999999979 -960.896406893646
289.799999999978 -953.185798171198
290.549999999978 -946.312312379847
291.299999999977 -935.717688762796
292.049999999976 -928.7709832287
292.799999999975 -911.194658575083
293.549999999975 -911.139618056017
294.299999999974 -918.392645318732
295.049999999973 -899.810903862091
295.799999999973 -906.224627526739
296.549999999972 -899.842725318558
297.299999999971 -879.529091779437
298.049999999971 -885.122239043136
298.79999999997 -878.880291398
299.549999999969 -861.988148519942
300.299999999969 -864.70012302485
301.049999999968 -852.955760030169
301.799999999967 -854.778405814493
302.549999999967 -849.062205032729
303.299999999966 -838.666509842042
304.049999999965 -840.716473886383
304.799999999965 -835.562237065069
305.549999999964 -830.082509988446
306.299999999963 -814.812324935127
307.049999999962 -805.682352039961
307.799999999962 -800.481806824097
308.549999999961 -812.60116031008
309.29999999996 -807.534077217912
310.04999999996 -799.802956001024
310.799999999959 -794.642305863852
311.549999999958 -789.150719612324
312.299999999958 -736.787609021892
313.049999999957 -729.234748911244
313.799999999956 -773.011557621336
314.549999999956 -768.443957476873
315.299999999955 -764.412028440798
316.049999999954 -762.507205720445
316.799999999954 -758.049083082189
317.549999999953 -757.858405595671
318.299999999952 -753.786292769466
319.049999999952 -747.096259692877
319.799999999951 -735.195460845312
320.54999999995 -731.410206241875
321.29999999995 -734.25578131455
322.049999999949 -739.237002504997
322.799999999948 -733.946891933309
323.549999999947 -724.481134233773
324.299999999947 -721.066856187201
325.049999999946 -717.318912981904
325.799999999945 -686.719060239142
326.549999999945 -720.410791236216
327.299999999944 -717.089404477107
328.049999999943 -708.150799876472
328.799999999943 -704.757536649027
329.549999999942 -701.575247474981
330.299999999941 -707.186817126334
331.049999999941 -704.189590031126
331.79999999994 -698.520381206632
332.549999999939 -695.369883913227
333.299999999939 -675.416875006511
334.049999999938 -672.319574311565
334.799999999937 -649.303759353266
335.549999999937 -646.300123998881
336.299999999936 -662.009577830471
337.049999999935 -675.13516134378
337.799999999935 -681.042337315206
338.549999999934 -677.650775975688
339.299999999933 -674.793020538154
340.049999999932 -671.557895573162
340.799999999932 -647.419631673542
341.549999999931 -659.697200359678
342.29999999993 -663.635049980805
343.04999999993 -661.00726867734
343.799999999929 -659.842468316434
344.549999999928 -647.203714622505
345.299999999928 -653.271419325143
346.049999999927 -650.6737362969
346.799999999926 -648.494585214346
347.549999999926 -645.627478693057
348.299999999925 -647.136802980482
349.049999999924 -644.46419664086
349.799999999924 -638.152663270164
350.549999999923 -635.900663747405
351.299999999922 -632.550523615082
352.049999999922 -629.892548549786
352.799999999921 -629.702249343612
353.54999999992 -611.754091174924
354.29999999992 -625.026732834318
355.049999999919 -622.240708366302
355.799999999918 -612.667881571004
356.549999999917 -609.672832772238
357.299999999917 -573.135853984473
358.049999999916 -602.892661113165
358.799999999915 -608.721517996026
359.549999999915 -608.327246175915
360.299999999914 -601.639428675735
361.049999999913 -602.185855328047
361.799999999913 -599.312095450841
362.549999999912 -595.733726337516
363.299999999911 -596.24582210384
364.049999999911 -593.124972291644
364.79999999991 -572.968608979889
365.549999999909 -567.119433771379
366.299999999909 -585.258566401186
367.049999999908 -582.04253775032
367.799999999907 -563.90967691012
368.549999999907 -576.738818581922
369.299999999906 -573.340933210726
370.049999999905 -571.227762983381
370.799999999905 -568.069999411418
371.549999999904 -556.038611746972
372.299999999903 -551.157007396101
373.049999999902 -556.701446501964
373.799999999902 -553.571276895156
374.549999999901 -549.825970685863
375.2999999999 -551.230967944168
376.0499999999 -547.918945507052
376.799999999899 -526.683960928378
377.549999999898 -539.512698677561
378.299999999898 -538.877201260355
379.049999999897 -538.228657423719
379.799999999896 -533.377966870088
380.549999999896 -530.372951611524
381.299999999895 -523.556118707016
382.049999999894 -520.367177245105
382.799999999894 -508.507649450545
383.549999999893 -516.244941922374
384.299999999892 -514.681467231949
385.049999999892 -511.023034417456
385.799999999891 -508.033444363151
386.54999999989 -496.224604001622
387.29999999989 -493.167274528241
388.049999999889 -493.245415628364
388.799999999888 -490.488208214945
389.549999999887 -482.93632398983
390.299999999887 -488.904909437781
391.049999999886 -486.100894246338
391.799999999885 -466.358088195197
392.549999999885 -463.665977999095
393.299999999884 -481.802456272784
394.049999999883 -487.023539849855
394.799999999883 -484.49104810596
395.549999999882 -481.626740975418
396.299999999881 -472.579595452651
397.049999999881 -479.094604945014
397.79999999988 -470.019287518051
398.549999999879 -468.018735537822
399.299999999879 -470.572704195343
400.049999999878 -466.93244224025
400.799999999877 -461.181469720337
401.549999999877 -459.398653228011
402.299999999876 -452.795963190132
403.049999999875 -466.993240769727
403.799999999875 -457.28626740149
404.549999999874 -455.620668367588
405.299999999873 -445.033814862843
406.049999999872 -454.183964130683
406.799999999872 -449.795272224863
407.549999999871 -448.267613751283
408.29999999987 -450.24593403218
409.04999999987 -437.631071176413
409.799999999869 -446.906110490454
410.549999999868 -453.057055367204
411.299999999868 -451.582971373457
412.049999999867 -448.461520007979
412.799999999866 -444.237887607535
413.549999999866 -446.232536611151
414.299999999865 -444.785657011831
415.049999999864 -430.205038283832
415.799999999864 -442.630196236252
416.549999999863 -438.3400759264
417.299999999862 -436.897871226454
418.049999999862 -439.943065971467
418.799999999861 -437.766974666494
419.54999999986 -436.089827809097
420.299999999859 -427.772291136258
421.049999999859 -434.880201892021
421.799999999858 -424.289255192474
422.549999999857 -433.441809883057
423.299999999857 -431.736061642117
424.049999999856 -425.331755886891
424.799999999855 -413.565653158359
425.549999999855 -411.882739157332
426.299999999854 -392.838427102954
427.049999999853 -415.422938518288
427.799999999853 -411.943204602765
428.549999999852 -420.959716815847
429.299999999851 -419.122179338068
430.049999999851 -413.665043933062
430.79999999985 -411.612782097101
431.549999999849 -377.251435123035
432.299999999849 -413.58420863605
433.049999999848 -411.858662650509
433.799999999847 -412.584830795193
434.549999999847 -410.567053361934
435.299999999846 -385.58639651574
436.049999999845 -401.863749220996
436.799999999844 -405.717869449894
437.549999999844 -397.080587361474
438.299999999843 -395.345542206607
439.049999999842 -390.974567122252
439.799999999842 -400.046423626201
440.549999999841 -392.506338552434
441.29999999984 -393.252996183815
442.04999999984 -391.633012192724
442.799999999839 -393.504131188358
443.549999999838 -388.086026441393
444.299999999838 -386.365168762288
445.049999999837 -378.993852473544
445.799999999836 -383.996945666164
446.549999999836 -379.641853288445
447.299999999835 -377.998560483775
448.049999999834 -360.262002312575
448.799999999834 -364.260780585166
449.549999999833 -362.698388236509
450.299999999832 -350.202102270494
451.049999999832 -348.590929209167
451.799999999831 -341.395994067243
452.54999999983 -378.100488811375
453.299999999829 -376.010616463584
454.049999999829 -374.545350778579
454.799999999828 -372.708804339054
455.549999999827 -372.682110884605
456.299999999827 -371.137468113568
457.049999999826 -369.218498713944
457.799999999825 -362.245812652294
458.549999999825 -357.183377931568
459.299999999824 -355.875365749616
460.049999999823 -337.441364909151
460.799999999823 -338.648575141804
461.549999999822 -355.551795631287
462.299999999821 -357.864954978566
463.049999999821 -362.28021384593
463.79999999982 -361.191315554814
464.549999999819 -357.406824043705
465.299999999819 -361.898776504946
466.049999999818 -360.68453042004
466.799999999817 -346.67913707015
467.549999999817 -358.46580138088
468.299999999816 -358.861368534985
469.049999999815 -357.668949809791
469.799999999814 -344.743755340005
470.549999999814 -350.337749764323
471.299999999813 -349.110088880767
472.049999999812 -321.700270901099
472.799999999812 -340.807781290961
473.549999999811 -342.264298551272
474.29999999981 -353.065047973178
475.04999999981 -351.872503289716
475.799999999809 -339.003092992207
476.549999999808 -339.440904912401
477.299999999808 -341.935266260487
478.049999999807 -348.590482992531
478.799999999806 -348.975604730495
479.549999999806 -348.027389662133
480.299999999805 -344.339686270079
481.049999999804 -336.38664829484
481.799999999804 -343.021572653241
482.549999999803 -342.087321260504
483.299999999802 -343.553813889739
484.049999999802 -334.560980248534
484.799999999801 -333.559366878286
485.5499999998 -331.911917347872
486.299999999799 -335.408210820471
487.049999999799 -336.805369321111
487.799999999798 -338.173757426845
488.549999999797 -337.142067345369
489.299999999797 -332.353288273876
490.049999999796 -325.375452560605
490.799999999795 -324.34116647824
491.549999999795 -322.911029372743
492.299999999794 -320.896535273147
493.049999999793 -334.74751589938
493.799999999793 -334.031657836578
494.549999999792 -332.923081019784
495.299999999791 -314.648322117057
496.049999999791 -330.589997541829
496.79999999979 -329.361301186498
497.549999999789 -316.405023258005
498.299999999789 -315.106340857914
499.049999999788 -317.110148027419
499.799999999787 -327.879755918144
500.549999999787 -326.776190670989
501.299999999786 -325.285749196686
502.049999999785 -316.238093454998
502.799999999784 -315.15615655993
503.549999999784 -313.690094005924
504.299999999783 -266.937243326396
505.049999999782 -318.613662491589
505.799999999782 -312.792299251956
506.549999999781 -321.588762434614
507.29999999978 -320.70439417936
508.04999999978 -317.127382101
508.799999999779 -317.661662118284
509.549999999778 -316.719176832394
510.299999999778 -308.068450933984
511.049999999777 -306.574887958541
511.799999999776 -313.39904027382
512.549999999776 -312.922130298877
513.299999999775 -312.187260628711
514.049999999774 -311.816241474571
514.799999999774 -309.329117699985
515.549999999773 -308.507986485427
516.299999999772 -293.687652444551
517.049999999772 -305.772593748778
517.799999999771 -307.468544914456
518.54999999977 -306.661155870799
519.29999999977 -289.803682981012
520.049999999769 -299.844060293901
520.799999999768 -299.017400652829
521.549999999767 -287.427124960137
522.299999999767 -286.534241263842
523.049999999766 -285.749213459974
523.799999999765 -310.488123898336
524.549999999765 -304.023864060757
525.299999999764 -303.51790508872
526.049999999763 -288.893423506343
526.799999999763 -302.318757144665
527.549999999762 -301.782783300452
528.299999999761 -308.398221975822
529.049999999761 -308.070602528704
529.79999999976 -308.117934117374
530.549999999759 -305.015595175533
531.299999999759 -304.643926244396
532.049999999758 -279.806838707023
532.799999999757 -308.99462996591
533.549999999757 -308.44592485061
534.299999999756 -308.064671503562
535.049999999755 -255.60831691539
535.799999999755 -288.170285757482
536.549999999754 -306.001755036745
537.299999999753 -305.706698156886
538.049999999752 -300.822680078243
538.799999999752 -300.392613101019
539.549999999751 -309.6036267245
540.29999999975 -309.340901552132
541.04999999975 -296.303373990468
541.799999999749 -311.099560861348
542.549999999748 -306.225942537443
543.299999999748 -305.438621323043
544.049999999747 -305.401906392795
544.799999999746 -309.873004645779
545.549999999746 -302.898727268894
546.299999999745 -302.744479327899
547.049999999744 -287.532462339041
547.799999999744 -308.53108057128
548.549999999743 -299.404467940552
549.299999999742 -299.233398318647
550.049999999742 -298.648187903193
550.799999999741 -251.519331288644
551.54999999974 -310.202360442585
552.299999999739 -310.325852746748
553.049999999739 -310.015100764624
553.799999999738 -303.981528328222
554.549999999737 -306.134145695993
555.299999999737 -312.405041186888
556.049999999736 -313.428433808236
556.799999999735 -313.049015384655
557.549999999735 -312.018672720951
558.299999999734 -306.734895477424
559.049999999733 -308.651002761715
559.799999999733 -308.176135113608
560.549999999732 -309.053670756988
561.299999999731 -309.861449940749
562.049999999731 -305.369679621312
562.79999999973 -304.754748815012
563.549999999729 -308.576422962
564.299999999729 -304.035062737705
565.049999999728 -306.694719371953
565.799999999727 -305.863429086519
566.549999999727 -304.6033248409
567.299999999726 -300.741773137408
568.049999999725 -299.763235765076
568.799999999724 -296.199141771431
569.549999999724 -294.628189651652
570.299999999723 -301.333033874726
571.049999999722 -303.865684492917
571.799999999722 -303.236024586909
572.549999999721 -302.350985389436
573.29999999972 -301.065364198304
574.04999999972 -279.056402188271
574.799999999719 -282.646664780383
575.549999999718 -292.470513294578
576.299999999718 -298.168574075578
577.049999999717 -295.557022726895
577.799999999716 -298.138160042439
578.549999999716 -297.318307348571
579.299999999715 -296.119139117687
580.049999999714 -295.399647508828
580.799999999714 -294.514803426438
581.549999999713 -291.100590424358
582.299999999712 -287.631668018377
583.049999999712 -287.242944420432
583.799999999711 -286.521278477376
584.54999999971 -287.289251768634
585.299999999709 -293.222466502924
586.049999999709 -288.780007755129
586.799999999708 -288.057355850251
587.549999999707 -274.409617739388
588.299999999707 -285.580111591302
589.049999999706 -284.787327872291
589.799999999705 -267.130864685361
590.549999999705 -281.451628506169
591.299999999704 -280.623590839983
592.049999999703 -244.424658972926
592.799999999703 -243.955117454909
593.549999999702 -265.073287154864
594.299999999701 -264.691256617425
595.049999999701 -286.026722401395
595.7999999997 -285.739733230574
596.549999999699 -278.886392986333
597.299999999699 -280.282829837834
598.049999999698 -279.621889780265
598.799999999697 -286.296189629364
599.549999999697 -286.436008469889
600.299999999696 -286.225828490751
601.049999999695 -283.473389264731
601.799999999694 -294.485816408713
602.549999999694 -294.051470540871
603.299999999693 -294.392015611982
604.049999999692 -292.016820391436
604.799999999692 -294.794487573403
605.549999999691 -295.051035516593
606.29999999969 -288.623579908402
607.04999999969 -295.581368302075
607.799999999689 -293.167535622561
608.549999999688 -298.00545292272
609.299999999688 -298.351157008448
610.049999999687 -295.967549912217
610.799999999686 -300.778970590276
611.549999999686 -301.381188083964
612.299999999685 -301.601614523006
613.049999999684 -301.395291929115
613.799999999684 -294.447185247205
614.549999999683 -294.555483926015
615.299999999682 -206.12326452705
616.049999999682 -288.274867902663
616.799999999681 -299.10267444696
617.54999999968 -299.063127029556
618.299999999679 -296.452556397348
619.049999999679 -304.110065858695
619.799999999678 -293.028053132439
620.549999999677 -301.667752878202
621.299999999677 -301.604139770454
622.049999999676 -288.422519446613
622.799999999675 -304.254652456802
623.549999999675 -301.306585123002
624.299999999674 -301.108656905373
625.049999999673 -303.35744227438
625.799999999673 -304.505399501115
626.549999999672 -304.537457508944
627.299999999671 -304.110731371609
628.049999999671 -301.039904582682
628.79999999967 -307.19033778887
629.549999999669 -303.935642536555
630.299999999669 -303.306263307244
631.049999999668 -296.949821012782
631.799999999667 -295.636896466109
632.549999999667 -294.838531049099
633.299999999666 -304.269363300602
634.049999999665 -303.51107397371
634.799999999664 -295.880487585855
635.549999999664 -302.69777298511
636.299999999663 -301.141789342342
637.049999999662 -300.266178984461
637.799999999662 -296.673511065663
638.549999999661 -295.524832772546
639.29999999966 -281.676250400589
640.04999999966 -279.025366629277
640.799999999659 -291.944708607458
641.549999999658 -290.793423714007
642.299999999658 -258.207340626024
643.049999999657 -281.568711706357
643.799999999656 -280.422406371756
644.549999999656 -265.565327942764
645.299999999655 -290.2589552227
646.049999999654 -289.347213610454
646.799999999654 -291.95801121568
647.549999999653 -281.034439110463
648.299999999652 -280.102524819136
649.049999999652 -277.566789291966
649.799999999651 -280.173880121183
650.54999999965 -290.047744519234
651.299999999649 -282.234566986564
652.049999999649 -281.39302364146
652.799999999648 -273.694332910305
653.549999999647 -272.716570964483
654.299999999647 -287.302147073951
655.049999999646 -286.373528365151
655.799999999645 -285.059799024017
656.549999999645 -275.24376505291
657.299999999644 -273.7325043214
658.049999999643 -273.007045316939
658.799999999643 -272.648694741871
659.549999999642 -280.575808451216
660.299999999641 -274.983057102541
661.049999999641 -282.932416899195
661.79999999964 -282.200341985812
662.549999999639 -281.914698980196
663.299999999639 -280.556345364745
664.049999999638 -279.720427524542
664.799999999637 -268.136643361726
665.549999999636 -270.9453147647
666.299999999636 -266.434186932969
667.049999999635 -280.718931314856
667.799999999634 -280.004131095684
668.549999999634 -267.364015401345
669.299999999633 -272.281039206388
670.049999999632 -279.285472974057
670.799999999632 -278.583254172601
671.549999999631 -261.819180800154
672.29999999963 -261.111840149457
673.04999999963 -271.688303013478
673.799999999629 -276.62267717435
674.549999999628 -276.072295893391
675.299999999628 -275.879192178611
676.049999999627 -275.064867532576
676.799999999626 -244.940349285695
677.549999999626 -269.654012402338
678.299999999625 -268.780754704789
679.049999999624 -267.516080344791
679.799999999624 -217.435880670142
680.549999999623 -231.790040356744
681.299999999622 -259.007329467953
682.049999999621 -267.277215951177
682.799999999621 -266.913807531695
683.54999999962 -257.749975467683
684.299999999619 -257.39326328563
685.049999999619 -267.478632985163
685.799999999618 -270.87302527871
686.549999999617 -270.923523498259
687.299999999617 -257.89494598396
688.049999999616 -258.012585115946
688.799999999615 -271.418240715459
689.549999999615 -271.705090707681
690.299999999614 -256.799711938187
691.049999999613 -277.277547938764
691.799999999613 -277.477531884659
692.549999999612 -264.935909896052
693.299999999611 -266.769006432995
694.049999999611 -273.806667088444
694.79999999961 -274.17048899952
695.549999999609 -263.705784998521
696.299999999609 -274.928716154183
697.049999999608 -280.964449312833
697.799999999607 -281.780046474469
698.549999999606 -282.193272562963
699.299999999606 -264.378364805849
700.049999999605 -264.778814836147
700.799999999604 -284.661898510876
701.549999999604 -284.991426605124
702.299999999603 -284.902751363043
703.049999999602 -284.396223249827
703.799999999602 -283.489696078228
704.549999999601 -282.21241791295
705.2999999996 -280.593304234131
