0 9951.25891164538
0.75 8978.93368500137
1.5 8120.0122299919
2.25 7256.10334331135
3 6540.71510634923
3.74999999999999 5843.07774260934
4.49999999999999 5146.95087415269
5.25 4513.68795189673
6.00000000000001 3957.47313139953
6.75000000000001 3432.24689639694
7.50000000000002 2924.73545297208
8.25000000000002 2501.25189567067
9 2118.8090965177
9.74999999999998 1836.51482373829
10.5 1671.66215279313
11.25 1556.62585849429
11.9999999999999 1452.96800218219
12.7499999999999 1366.10759038972
13.4999999999999 1298.77621110041
14.2499999999999 1239.64200492466
14.9999999999999 2522.05747270232
15.7499999999999 37290.6658446803
16.4999999999999 73291.1048728314
17.2499999999999 93578.2323964862
17.9999999999999 106199.989999985
18.75 118809.102637427
19.5 131387.946030852
20.25 143962.858836103
21 156370.000355572
21.7500000000001 168696.710968675
22.5000000000001 180798.770647033
23.2500000000001 192593.672168845
24.0000000000002 203994.726886201
24.7500000000002 214923.389993423
25.5000000000002 225538.346728686
26.2500000000002 235657.202006285
27.0000000000003 245499.583774383
27.7500000000003 254924.180033175
28.5000000000003 263918.727425892
29.2500000000004 272534.959344347
30.0000000000004 280719.486741418
30.7500000000004 288569.302468054
31.5000000000004 296093.272645169
32.2500000000005 303249.503620036
33.0000000000005 309904.990252481
33.7500000000005 316045.865235092
34.5000000000005 321801.420957412
35.2500000000006 327005.626524542
36.0000000000006 331867.295434537
36.7500000000006 336372.837529256
37.5000000000007 340598.136915697
38.2500000000007 344411.089900457
39.0000000000007 347882.492409412
39.7500000000007 350915.092533575
40.5000000000008 353538.899781714
41.2500000000008 355698.525233283
42.0000000000008 357499.664884758
42.7500000000009 359049.949075169
43.5000000000009 360201.290732841
44.2500000000009 360887.080775419
45.0000000000009 361359.628392771
45.750000000001 361587.31599314
46.500000000001 361625.981402963
47.250000000001 361430.165353187
48.0000000000011 360888.383670791
48.7500000000011 360158.231274009
49.5000000000011 358905.092444218
50.2500000000011 357419.657135193
51.0000000000012 355717.228041619
51.7500000000012 353707.284512171
52.5000000000012 351325.28695883
53.2500000000013 348456.56068769
54.0000000000013 345323.101947472
54.7500000000013 341918.0064848
55.5000000000013 338227.587053159
56.2500000000014 334319.324088139
57.0000000000014 330199.998045191
57.7500000000014 325762.529224903
58.5000000000015 321199.627112182
59.2500000000015 316297.941144687
60.0000000000015 311137.331555765
60.7500000000015 305837.339486171
61.5000000000016 300105.089069274
62.2500000000016 294235.339028725
63.0000000000016 288190.176223148
63.7500000000017 281994.803606709
64.5000000000017 275532.828836583
65.2500000000017 268980.527216478
66.0000000000017 262139.476866474
66.7500000000018 255061.828056723
67.5000000000018 247911.765044991
68.2500000000018 240555.691016282
69.0000000000018 233043.982263068
69.7500000000019 225411.897436055
70.5000000000019 217681.710423284
71.2500000000019 209858.676458351
72.000000000002 201958.932711943
72.750000000002 194008.766821033
73.500000000002 186092.283028741
74.250000000002 178159.332324937
75.0000000000021 170202.164136852
75.7500000000021 162136.008030275
76.5000000000021 153989.831078778
77.2500000000022 145919.740809271
78.0000000000022 137808.000309302
78.7500000000022 129729.818257453
79.5000000000022 121616.121348359
80.2500000000023 113510.849936691
81.0000000000023 105443.374304183
81.7500000000023 97386.2430876033
82.5000000000024 89303.3571977571
83.2500000000024 81294.2011125118
84.0000000000024 73338.6388052107
84.7500000000024 65364.2206207179
85.5000000000025 57495.8068895101
86.2500000000025 49688.1232663903
87.0000000000025 41969.8097790303
87.7500000000026 34445.4422310399
88.5000000000026 26822.2033601237
89.2500000000026 19338.0813580837
90.0000000000026 12035.4686350785
90.7500000000027 4733.24102396739
91.5000000000027 -2171.18645094354
92.2500000000027 -3242.71128152663
93.0000000000028 -5867.70257370971
93.7500000000028 -7740.68646791557
94.5000000000028 -8982.05275629128
95.2500000000028 -13547.4084325334
96.0000000000029 -19919.3211095921
96.7500000000029 -24610.2063533046
97.5000000000029 -29610.3766640686
98.250000000003 -32918.8820398136
99.000000000003 -37068.8754126446
99.750000000003 -42578.1363559582
100.500000000003 -45857.8381059149
101.250000000003 -50050.0769078735
102.000000000003 -55707.020182126
102.750000000003 -57306.8611159592
103.500000000003 -55988.7077388514
104.250000000003 -59304.2815550618
105.000000000003 -63852.4146768922
105.750000000003 -65363.9924300602
106.500000000003 -66959.3020158261
107.250000000003 -70871.0197865903
108.000000000003 -71621.3652214825
108.750000000003 -76189.8815125286
109.500000000003 -78005.2740319503
110.250000000003 -81408.6467515293
111.000000000003 -85647.4609052162
111.750000000003 -91014.0883726942
112.500000000003 -93797.2465133041
113.250000000004 -96860.035678406
114.000000000004 -100110.836711149
114.750000000004 -100008.535190513
115.500000000004 -107216.342464572
116.250000000004 -108267.512893125
117.000000000004 -111634.615923415
117.750000000004 -116972.282160078
118.500000000004 -120609.592141636
119.250000000004 -122429.088162777
120.000000000004 -124545.93604985
120.750000000004 -128528.49701282
121.500000000004 -130034.63037182
122.250000000004 -130557.977231532
123.000000000004 -131411.469853151
123.750000000004 -133425.628588444
124.500000000004 -136526.175239074
125.250000000004 -137146.964816259
126.000000000004 -136264.963424371
126.750000000004 -139412.202543851
127.500000000004 -144257.66913081
128.250000000004 -144173.384559847
129.000000000004 -146396.924808774
129.750000000004 -148079.084600257
130.500000000004 -147592.399843003
131.250000000004 -145748.481694704
132.000000000004 -148146.299657571
132.750000000004 -151575.881010099
133.500000000004 -151590.073817146
134.250000000004 -153957.38920766
135.000000000004 -152332.166468241
135.750000000004 -155080.326921812
136.500000000004 -154779.605377764
137.250000000004 -156349.425472311
138.000000000004 -156284.730303758
138.750000000004 -156581.389282485
139.500000000005 -157088.31502096
140.250000000005 -157336.422785987
141.000000000005 -157784.587125437
141.750000000005 -157567.261420808
142.500000000005 -157837.789366134
143.250000000005 -158114.725164881
144.000000000005 -158126.927573318
144.750000000005 -157186.470959579
145.500000000005 -156929.132963964
146.250000000005 -156858.074729946
147.000000000005 -156077.671851299
147.750000000005 -155188.927531316
148.500000000005 -154279.193490658
149.250000000005 -153377.29915479
150.000000000005 -152611.687298085
150.750000000005 -151926.63444152
151.500000000005 -150704.40008614
152.250000000005 -150029.615468894
153.000000000005 -148858.692645786
153.750000000005 -147637.299951161
154.500000000005 -146192.091060665
155.250000000005 -145149.927130822
156.000000000005 -144063.220469514
156.750000000005 -142707.935927341
157.500000000005 -141701.666537003
158.250000000005 -140284.29649863
159.000000000005 -138693.885215745
159.750000000005 -137116.485310815
160.500000000005 -135676.152178171
161.250000000005 -133915.602536864
162.000000000005 -132414.80642906
162.750000000005 -130978.833965391
163.500000000005 -129228.445027218
164.250000000005 -127337.917753859
165.000000000005 -125568.024272741
165.750000000006 -123720.831571731
166.500000000006 -121318.565475362
167.250000000006 -119488.117316628
168.000000000006 -117648.681827968
168.750000000006 -116150.22519477
169.500000000006 -114215.006106931
170.250000000006 -112285.345709278
171.000000000006 -110132.225219199
171.750000000006 -108465.888932529
172.500000000006 -105947.919804983
173.250000000006 -103680.80592627
174.000000000006 -101522.593943822
174.750000000006 -99617.205079906
175.500000000006 -97558.533786029
176.250000000006 -95510.8801777609
177.000000000006 -93330.4747480029
177.750000000006 -91231.2821269015
178.500000000006 -88583.0927626212
179.250000000006 -86543.0327062009
180.000000000006 -84584.0381400084
180.750000000006 -82176.1827927792
181.500000000006 -79836.2317777833
182.250000000006 -77521.1497333664
183.000000000006 -75343.5951831168
183.750000000006 -72781.6830845427
184.500000000006 -70405.5284697912
185.250000000006 -67412.3048658333
186.000000000006 -64551.8380030905
186.750000000006 -61757.9867510525
187.500000000006 -59212.3166536677
188.250000000006 -56439.1554795944
189.000000000006 -53757.5500982614
189.750000000006 -51284.0549494772
190.500000000006 -48426.3424091785
191.250000000006 -45551.085278411
192.000000000007 -42542.4804068263
192.750000000007 -38974.5657067996
193.500000000007 -34997.6227826765
194.250000000007 -31640.6364016313
195.000000000007 -27822.5419637756
195.750000000007 -24876.6600904447
196.500000000007 -21855.6963289253
197.250000000007 -18578.3695993209
198.000000000007 -16231.2548201611
198.750000000007 -14083.8468412866
199.500000000007 -11114.2195885321
200.250000000007 -8248.46285438221
201.000000000007 -4997.20449351287
201.750000000007 -2191.50958380662
202.500000000007 510.700361105405
203.250000000007 3066.85844914761
204.000000000007 5562.32161050537
204.750000000007 7997.71688806699
205.500000000007 10433.8984636073
206.250000000007 12814.8264255102
207.000000000007 15079.230453658
207.750000000007 17300.831304336
208.500000000007 19510.5575993857
209.250000000007 21638.5970421072
210.000000000007 23740.2049385723
210.750000000007 25719.9916130215
211.500000000007 27553.4961309091
212.250000000007 29310.3806736321
213.000000000007 31012.9826651036
213.750000000007 32703.2450223054
214.500000000007 34374.7164277065
215.250000000007 35918.8732063361
216.000000000007 37318.7027975961
216.750000000007 38632.2003184994
217.500000000007 39894.8866264224
218.250000000008 41055.720465036
219.000000000008 42162.1783230799
219.750000000008 43218.3949622671
220.500000000008 44194.9966298895
221.250000000008 45084.7662259263
222.000000000008 45859.6220674647
222.750000000008 46527.9768868978
223.500000000008 47099.4357540809
224.250000000008 47632.4171486637
225.000000000008 48019.6644184281
225.750000000008 48356.687789184
226.500000000008 48600.8018761158
227.250000000008 48855.9317846561
228.000000000008 49045.4271372233
228.750000000008 49189.5068372149
229.500000000008 49287.489473528
230.250000000008 49351.4416168238
231.000000000008 49372.9545429794
231.750000000008 49354.9600100837
232.500000000008 49297.3493217639
233.250000000008 49204.4723613109
234.000000000008 49076.0753788551
234.750000000008 48901.6151124058
235.500000000008 48682.4532580814
236.250000000008 48441.6481306575
237.000000000008 48122.7343639652
237.750000000008 47748.5367844357
238.500000000008 47336.1626125773
239.250000000008 46783.5448917386
240.000000000008 46228.500287677
240.750000000008 45562.2059497814
241.500000000008 44856.3249324568
242.250000000008 44052.5887496146
243.000000000008 43205.6251533898
243.750000000008 42280.2060141916
244.500000000008 41316.5275435904
245.250000000009 40314.2566644054
246.000000000009 39259.2928192447
246.750000000009 38215.3974620173
247.500000000009 37138.8252049594
248.250000000009 36008.5243341305
249.000000000009 34872.1512640498
249.750000000009 33716.2375590487
250.500000000009 32366.7496400121
251.250000000009 31013.6975806194
252.000000000009 29615.8846779332
252.750000000009 28246.0516939606
253.500000000009 26925.3193398984
254.250000000009 25623.574547649
255.000000000009 24234.7157479257
255.750000000009 22809.6052859713
256.500000000008 21390.5208613384
257.250000000008 19974.7151444645
258.000000000007 18522.5640014079
258.750000000006 17075.0731747333
259.500000000006 15604.872292385
260.250000000005 14139.7805787085
261.000000000004 12596.0371397533
261.750000000004 11098.8962364705
262.500000000003 9601.08576616763
263.250000000002 8128.7940710769
264.000000000002 6598.32873786094
264.750000000001 5055.8640743329
265.5 3562.68986460978
266.25 2078.66132222067
266.999999999999 559.124468898134
267.749999999998 -1271.39345299926
268.499999999998 -3156.781813683
269.249999999997 -4567.14117661853
269.999999999996 -5969.41845209202
270.749999999996 -7734.75499433365
271.499999999995 -9371.24309492403
272.249999999994 -10374.9612867683
272.999999999993 -14023.3241415066
273.749999999993 -18810.7197057348
274.499999999992 -30100.7477347996
275.249999999991 -30281.6366579462
275.999999999991 -31521.0587277119
276.74999999999 -31620.114485559
277.499999999989 -32423.6848740895
278.249999999989 -33007.2960207638
278.999999999988 -33294.427000683
279.749999999987 -54785.208800134
280.499999999987 -54256.8233003741
281.249999999986 -54390.2313633095
281.999999999985 -54830.5532058092
282.749999999985 -55087.301499416
283.499999999984 -55486.35367721
284.249999999983 -55088.4211903939
284.999999999983 -55080.166526039
285.749999999982 -54900.3111578801
286.499999999981 -55050.5603383031
287.249999999981 -54569.6659221362
287.99999999998 -54552.3811741214
288.749999999979 -54343.9502704988
289.499999999978 -54270.601501171
290.249999999978 -53568.7678037205
290.999999999977 -53167.4681046658
291.749999999976 -52448.3292770981
292.499999999976 -60664.9995565492
293.249999999975 -63555.3466028253
293.999999999974 -62929.8442163947
294.749999999974 -62017.2269250492
295.499999999973 -63618.9211189888
296.249999999972 -63064.5600290374
296.999999999972 -65513.7193921005
297.749999999971 -64557.5655053144
298.49999999997 -63134.5643982581
299.24999999997 -64473.7155460664
299.999999999969 -63296.7147681659
300.749999999968 -62385.8004228665
301.499999999968 -61766.33962647
302.249999999967 -60453.9800996701
302.999999999966 -59000.1445438671
303.749999999965 -57452.5511858184
304.499999999965 -55786.3962021985
305.249999999964 -55067.0548497885
305.999999999963 -54283.3878049674
306.749999999963 -52590.1374061256
307.499999999962 -54113.0039227229
308.249999999961 -54427.1041919651
308.999999999961 -52617.0500771752
309.74999999996 -51015.8377794195
310.499999999959 -49470.5507103853
311.249999999959 -57155.2466414811
311.999999999958 -70263.6684855181
312.749999999957 -75501.1706656063
313.499999999957 -82302.922381232
314.249999999956 -81674.5489572113
314.999999999955 -78933.5667976933
315.749999999955 -76688.5798563828
316.499999999954 -73867.0215437504
317.249999999953 -76880.2129505254
317.999999999953 -74069.7817376397
318.749999999952 -71392.5283237112
319.499999999951 -68708.0882112137
320.24999999995 -65107.802098628
320.99999999995 -61982.1763481121
321.749999999949 -58904.5085269285
322.499999999948 -56203.4799404754
323.249999999948 -53027.7294506999
323.999999999947 -49995.9755812647
324.749999999946 -47099.3168920228
325.499999999946 -47864.3015750847
326.249999999945 -47142.4488357956
326.999999999944 -43049.5940791454
327.749999999944 -40048.6741712694
328.499999999943 -37384.6333903823
329.249999999942 -34032.8248422853
329.999999999942 -31190.1978826371
330.749999999941 -28581.5202030818
331.49999999994 -25394.2442790539
332.24999999994 -21982.444779633
332.999999999939 -19137.0359408157
333.749999999938 -16607.786409124
334.499999999938 -16406.2187493573
335.249999999937 -18555.6229411838
335.999999999936 -23764.5285632932
336.749999999935 -20502.9075092586
337.499999999935 -17464.2777241836
338.249999999934 -14738.0772005639
338.999999999933 -11733.3095409746
339.749999999933 -9766.84970637138
340.499999999932 -16208.2002084572
341.249999999931 -12921.5123519546
341.999999999931 -9806.67956797086
342.74999999993 -6787.05584823527
343.499999999929 -5319.32012507921
344.249999999929 -2675.25201452041
344.999999999928 199.917555065732
345.749999999927 2438.34265763509
346.499999999927 4602.45038555324
347.249999999926 6710.2179859853
347.999999999925 8761.00064220624
348.749999999925 10780.73471413
349.499999999924 12706.373459586
350.249999999923 14602.7951800411
350.999999999923 16455.8952527615
351.749999999922 18264.6411668253
352.499999999921 19978.8621137239
353.24999999992 21661.8827429679
353.99999999992 23268.1253736803
354.749999999919 24782.8803044742
355.499999999918 26234.3901395396
356.249999999918 27642.935014019
356.999999999917 18410.5741307434
357.749999999916 16381.0368566354
358.499999999916 17912.1759660792
359.249999999915 19406.8299306771
359.999999999914 20840.2782291182
360.749999999914 22189.6286660125
361.499999999913 23501.3286252283
362.249999999912 24751.1649740768
362.999999999912 25960.0797469168
363.749999999911 27043.2162502718
364.49999999991 22538.331649689
365.24999999991 19817.6714903912
365.999999999909 17264.1161511426
366.749999999908 18486.73001158
367.499999999908 13765.7889537166
368.249999999907 15023.7342080102
368.999999999906 14025.042977245
369.749999999905 7340.44465624734
370.499999999905 8680.15092788406
371.249999999904 5784.22942842984
371.999999999903 3471.25217342673
372.749999999903 2827.45943025082
373.499999999902 2203.7840988274
374.249999999901 1095.51970182563
374.999999999901 1505.528387577
375.7499999999 1880.79043371591
376.499999999899 -5036.48571614876
377.249999999899 -5433.98970277228
377.999999999898 -4675.34347868271
378.749999999897 -4983.41772756372
379.499999999897 -3119.18826156569
380.249999999896 -3872.60857149296
380.999999999895 -6979.09181913106
381.749999999895 -7726.94756449212
382.499999999894 -11889.1287342297
383.249999999893 -14128.2386756181
383.999999999893 -16565.9483222087
384.749999999892 -18411.2762508998
385.499999999891 -16890.5166506824
386.24999999989 -22651.5241833874
386.99999999989 -27830.5084713071
387.749999999889 -31584.1969831148
388.499999999888 -32641.6884652666
389.249999999888 -37900.085326895
389.999999999887 -40324.7479542725
390.749999999886 -40935.3363863244
391.499999999886 -45816.0062695195
392.249999999885 -51045.7550598116
392.999999999884 -53760.9618823054
393.749999999884 -51367.2072251568
394.499999999883 -49177.7782970138
395.249999999882 -53221.3382338264
395.999999999882 -54177.7182208001
396.749999999881 -50935.3288524885
397.49999999988 -47074.3970096615
398.24999999988 -45319.4895911159
398.999999999879 -43053.436404013
399.749999999878 -40301.5118711907
400.499999999878 -37635.6612045197
401.249999999877 -36101.7931282125
401.999999999876 -35510.0149341404
402.749999999875 -32786.2392943622
403.499999999875 -29519.4362042181
404.249999999874 -27223.5584311509
404.999999999873 -26847.3381039938
405.749999999873 -23506.447014002
406.499999999872 -20294.2350897192
407.249999999871 -17357.6466624558
407.999999999871 -14782.788621379
408.74999999987 -12877.4444287939
409.499999999869 -10697.7706894032
410.249999999869 -7737.6792402178
410.999999999868 -5331.77514466348
411.749999999867 -2164.53818285025
412.499999999867 1119.80671655838
413.249999999866 3813.47942444896
413.999999999865 6441.43050466829
414.749999999865 6193.81821019206
415.499999999864 8463.64098790709
416.249999999863 10947.9691318331
416.999999999862 13052.5029390765
417.749999999862 15454.344415025
418.499999999861 17758.4115509678
419.24999999986 20005.0552200388
419.99999999986 19778.3718286022
420.749999999859 21950.6030711722
421.499999999858 21524.5923272723
422.249999999858 22910.0826648435
422.999999999857 24954.8719692137
423.749999999856 24700.7842248586
424.499999999856 22494.8355378786
425.249999999855 21133.7342082054
425.999999999854 14011.7982137702
426.749999999854 9037.77829954261
427.499999999853 6394.74785089056
428.249999999852 6593.31296141495
428.999999999852 8822.75996828742
429.749999999851 7587.86954007437
430.49999999985 4281.58468382113
431.24999999985 77.1021939296604
431.999999999849 -3607.35867234513
432.749999999848 -418.235424537879
433.499999999847 -79.3409559161123
434.249999999847 -1011.72469669726
434.999999999846 -5393.47344699334
435.749999999845 -5667.78217678639
436.499999999845 -5656.66541083272
437.249999999844 -6951.02376968306
437.999999999843 -6053.4603760697
438.749999999843 -7030.06817819418
439.499999999842 -6541.83361770228
440.249999999841 -7297.64958768641
440.999999999841 -5247.68434249023
441.74999999984 -4075.02429879082
442.499999999839 -4406.42082520438
443.249999999839 -5953.00693344782
443.999999999838 -4734.2757048069
444.749999999837 -6072.50241286165
445.499999999837 -7447.94594135477
446.249999999836 -9594.78182734702
446.999999999835 -8763.98113987895
447.749999999835 -9299.10409706815
448.499999999834 -13473.4814344544
449.249999999833 -15447.0943421234
449.999999999832 -16626.7096841313
450.749999999832 -21209.7647970999
451.499999999831 -22058.3293928969
452.24999999983 -19046.9684022729
452.99999999983 -17565.2300380995
453.749999999829 -15412.454664165
454.499999999828 -18427.2281008031
455.249999999828 -13783.7902275934
455.999999999827 -13024.6623531675
456.749999999826 -15843.4909177207
457.499999999826 -14052.759747236
458.249999999825 -15493.1179887944
458.999999999824 -15255.6415950354
459.749999999824 -17239.4835967269
460.499999999823 -19576.0735699919
461.249999999822 -19858.6479851521
461.999999999822 -19096.982291789
462.749999999821 -16818.0508711521
463.49999999982 -14302.246309652
464.24999999982 -12436.186842875
464.999999999819 -10055.437400599
465.749999999818 -7465.68719224629
466.499999999817 -7797.7169257461
467.249999999817 -5914.06616124876
467.999999999816 -3704.78622537993
468.749999999815 -1092.07552383434
469.499999999815 -1313.97425975379
470.249999999814 -425.146078515372
470.999999999813 -494.661029966242
471.749999999813 -671.449943750653
472.499999999812 -605.630188818058
473.249999999811 -1721.2671772813
473.999999999811 -722.629017872782
474.74999999981 592.058258294271
475.499999999809 967.066550931511
476.249999999809 8.05549760340107
476.999999999808 -235.123513642577
477.749999999807 1070.19490038327
478.499999999807 3927.77488766522
479.249999999806 5366.30106384778
479.999999999805 5998.38725441321
480.749999999805 6335.87654516991
481.499999999804 6933.71754790405
482.249999999803 7754.59919937793
482.999999999802 8513.95753429874
483.749999999802 8188.20220221184
484.499999999801 8640.95385782356
485.2499999998 7860.3456334625
485.9999999998 7099.95173514088
486.749999999799 6806.71932741595
487.499999999798 7956.63715878733
488.249999999798 9382.52321966778
488.999999999797 8212.19035535971
489.749999999796 7018.21611933299
490.499999999796 6174.41627142874
491.249999999795 289.627621960439
491.999999999794 -199.850942624961
492.749999999794 280.637065299394
493.499999999793 930.242487572311
494.249999999792 3206.85965102917
494.999999999792 14.469829206972
495.749999999791 5.90671082456943
496.49999999979 231.207799633139
497.24999999979 -723.629691272152
497.999999999789 -3679.80564848305
498.749999999788 -5081.82962394976
499.499999999787 -4592.92459714994
500.249999999787 -2366.59051757657
500.999999999786 -3003.51020199497
501.749999999785 -4735.95950048278
502.499999999785 -4821.32733897077
503.249999999784 -8914.20066177766
503.999999999783 -5893.38461949988
504.749999999783 -18438.6089678995
505.499999999782 -17712.3999932228
506.249999999781 -16416.4767813493
506.999999999781 -14075.1453500606
507.74999999978 -13192.5891572463
508.499999999779 -12158.8374842062
509.249999999779 -10070.5043262536
509.999999999778 -9426.02851786956
510.749999999777 -10043.8822304038
511.499999999777 -9379.61710138124
512.249999999776 -7310.49953749989
512.999999999775 -5432.84915540571
513.749999999775 -4707.45121022636
514.499999999774 -4403.77322798261
515.249999999773 -2646.84992065122
515.999999999773 -4608.6172235344
516.749999999772 -4553.8272858795
517.499999999771 -4174.16900345557
518.24999999977 -2552.18841778698
518.99999999977 -6526.02226659318
519.749999999769 -6956.42700244309
520.499999999768 -6701.39517878788
521.249999999768 -10398.8778030468
521.999999999767 -16047.6382001269
522.749999999766 -33056.2644545326
523.499999999766 -33936.5061003027
524.249999999765 -30903.4702501812
524.999999999764 -27588.1118267385
525.749999999764 -26455.6546917839
526.499999999763 -24244.2124898459
527.249999999762 -21349.6112315484
527.999999999762 -19232.5140881725
528.749999999761 -16188.795297752
529.49999999976 -13165.3633370499
530.24999999976 -10354.8687498589
530.999999999759 -6852.60724448757
531.749999999758 -6512.02342048417
532.499999999758 -4554.00080777032
533.249999999757 -2110.00198357911
533.999999999756 -3088.05751508929
534.749999999755 -5679.18073742286
535.499999999755 -22957.6860777769
536.249999999754 -27614.0408348723
536.999999999753 -23532.9089907388
537.749999999753 -20302.2004845333
538.499999999752 -17704.8834722992
539.249999999751 -15253.0664479849
539.999999999751 -11328.1175284045
540.74999999975 -8815.76123445012
541.499999999749 -4980.44742856425
542.249999999749 -1647.61492534054
542.999999999748 2030.20091181026
543.749999999747 5050.45166863922
544.499999999747 8454.75152663007
545.249999999746 10798.5508562687
545.999999999745 14218.6416633529
546.749999999745 14177.6096033632
547.499999999744 16909.2336056536
548.249999999743 18549.5860381055
548.999999999742 20920.2329649675
549.749999999742 19837.1252481098
550.499999999741 18551.1537962018
551.24999999974 16103.0836865641
551.99999999974 18585.5375370513
552.749999999739 21706.4965967512
553.499999999738 22953.4797426651
554.249999999738 24230.6717947449
554.999999999737 26554.3080670575
555.749999999736 29413.8924348258
556.499999999736 31544.4430786918
557.249999999735 33079.0937639123
557.999999999734 33566.5348084433
558.749999999734 35381.3532021862
559.499999999733 36186.4968218404
560.249999999732 36381.1727436267
560.999999999732 36450.486003497
561.749999999731 37476.5910105095
562.49999999973 37673.5850582358
563.24999999973 37237.2344328843
563.999999999729 35293.8355846925
564.749999999728 34987.8212295744
565.499999999727 35521.6344179603
566.249999999727 29794.949444329
566.999999999726 13027.3504496838
567.749999999725 12691.9984281246
568.499999999725 11925.6185421302
569.249999999724 10041.6887158101
569.999999999723 8685.9074262229
570.749999999723 8019.75380885468
571.499999999722 9221.48168106968
572.249999999721 9955.47178101694
572.999999999721 7117.23702135603
573.74999999972 -5394.60771199586
574.499999999719 -13694.848227374
575.249999999719 -13116.8371666937
575.999999999718 -12699.2609782091
576.749999999717 -12478.760406429
577.499999999717 -10989.2609900533
578.249999999716 -8960.77226077557
578.999999999715 -10373.4744330593
579.749999999715 -19643.2333748028
580.499999999714 -17574.5975840669
581.249999999713 -15651.6539066934
581.999999999712 -15435.0393613337
582.749999999712 -14763.4696985662
583.499999999711 -13310.6156035249
584.24999999971 -11548.682873884
584.99999999971 -10136.5239531593
585.749999999709 -9417.76351684593
586.499999999708 -7619.04803174261
587.249999999708 -9692.99870643526
587.999999999707 -8981.98422625368
588.749999999706 -8477.47921371836
589.499999999706 -16853.9014480978
590.249999999705 -15016.0794172676
590.999999999704 -14988.3968754987
591.749999999704 -33688.8781463765
592.499999999703 -46960.4905936288
593.249999999702 -72551.573669065
593.999999999702 -67444.7083506105
594.749999999701 -66027.0416547102
595.4999999997 -61126.0673559824
596.2499999997 -56177.2446948111
596.999999999699 -51273.1055411453
597.749999999698 -46484.3805147559
598.499999999697 -41795.1688240132
599.249999999697 -37144.6443246892
599.999999999696 -32710.1584798323
600.749999999695 -28426.0364431338
601.499999999695 -23938.0712413893
602.249999999694 -19507.543595983
602.999999999693 -15181.0624268278
603.749999999693 -10984.039484142
604.499999999692 -6852.47795123152
605.249999999691 -2775.67150721264
605.999999999691 1060.3302066507
606.74999999969 5041.04506624744
607.499999999689 8977.66072838753
608.249999999689 12677.9139117955
608.999999999688 16446.7434888221
609.749999999687 20097.4767383839
610.499999999687 23679.8190349091
611.249999999686 27175.1064920428
611.999999999685 30514.461770554
612.749999999685 31951.442344683
613.499999999684 29338.4287228917
614.249999999683 30266.335415194
614.999999999682 32351.4347720416
615.749999999682 11004.6230043237
616.499999999681 13989.6887922399
617.24999999968 17461.9539519275
617.99999999968 19898.8007469005
618.749999999679 23087.406825092
619.499999999678 25025.9110365227
620.249999999678 27398.9864197814
620.999999999677 29815.4135919017
621.749999999676 29560.0452934515
622.499999999676 31793.8802611948
623.249999999675 34102.0327416742
623.999999999674 36136.822882397
624.749999999674 37648.3018351704
625.499999999673 38967.226966961
626.249999999672 40141.9311000298
626.999999999672 42660.2960696815
627.749999999671 42683.997614462
628.49999999967 43835.4701572746
629.24999999967 43794.318950463
629.999999999669 45267.3983835977
630.749999999668 43954.658387581
631.499999999667 41174.4749322965
632.249999999667 39458.2664317517
632.999999999666 29879.6705479881
633.749999999665 31228.5514098059
634.499999999665 28532.3517932168
635.249999999664 27690.5367257078
635.999999999663 27303.5989043602
636.749999999663 27727.8002344159
637.499999999662 25975.40278546
638.249999999661 22861.1563815036
638.999999999661 13018.037209159
639.74999999966 721.788971985215
640.499999999659 111.49927680814
641.249999999659 -1768.39521955986
641.999999999658 1223.7377841956
642.749999999657 -4992.00509906788
643.499999999657 -4710.66985197266
644.249999999656 -2132.05404267677
644.999999999655 -1021.95369900292
645.749999999655 -377.961247629138
646.499999999654 622.290211201277
647.249999999653 -2100.75266277225
647.999999999652 -1182.69937134264
648.749999999652 -3213.3039855215
649.499999999651 -5429.98869766635
650.24999999965 -5467.32468567741
650.99999999965 -5949.46515834706
651.749999999649 -5709.51330960181
652.499999999648 -6284.00538338646
653.249999999648 -6490.96051148801
653.999999999647 -5158.35323989726
654.749999999646 -4104.45544038005
655.499999999646 -6550.58193073913
656.249999999645 -8764.43887625146
656.999999999644 -8972.09087121254
657.749999999644 -8114.98502849652
658.499999999643 -7092.93066992325
659.249999999642 -6564.94817369391
659.999999999642 -7402.61670158961
660.749999999641 -7018.7666052639
661.49999999964 -4774.90851474396
662.249999999639 -3532.47767935379
662.999999999639 -3293.75024331191
663.749999999638 -2886.25560949588
664.499999999637 -4098.90483100357
665.249999999637 -4399.87371455699
665.999999999636 -5032.9644820888
666.749999999635 -6347.44223893414
667.499999999635 -3959.00508801781
668.249999999634 -3708.07506298832
668.999999999633 -3979.56556610248
669.749999999633 -3403.60675400282
670.499999999632 -1456.03985018349
671.249999999631 -1672.5805676758
671.999999999631 -2582.78304922587
672.74999999963 -2949.75830240672
673.499999999629 -1551.88944735164
674.249999999629 631.625842072738
674.999999999628 1291.40342813198
675.749999999627 1526.59483707503
676.499999999627 125.508683916001
677.249999999626 2821.97396487375
677.999999999625 516.956852155294
678.749999999624 710.349298487149
679.499999999624 -20601.1566687615
680.249999999623 -39706.3579015962
680.999999999622 -65513.7108039401
681.749999999622 -63385.9688006415
682.499999999621 -58888.6509733162
683.24999999962 -54513.0858113796
683.99999999962 -50251.060484439
684.749999999619 -67678.8767146167
685.499999999618 -63825.293814563
686.249999999618 -58708.1951722061
686.999999999617 -53243.9437881483
687.749999999616 -48109.6082652564
688.499999999616 -43010.866501934
689.249999999615 -38174.8204370276
689.999999999614 -33332.9720397328
690.749999999614 -28680.796406667
691.499999999613 -24121.9023332419
692.249999999612 -19693.3924145145
692.999999999612 -15417.3310260573
693.749999999611 -11149.4839709424
694.49999999961 -6950.17681478239
695.249999999609 -3322.78532964647
695.999999999609 557.232034357486
696.749999999608 4610.58832873271
697.499999999607 8624.52848078972
698.249999999607 12521.106625289
698.999999999606 15044.6087716808
699.749999999605 17961.1936158213
700.499999999605 19464.039422895
701.249999999604 23127.328657629
701.999999999603 24591.3276799247
702.749999999603 17361.0494964857
703.499999999602 -8279.0957014919
704.249999999601 -33683.6504578895
704.999999999601 -58683.6504578895
705.7499999996 -83683.6504578895
706.499999999599 -108683.65045789
707.249999999599 -133683.65045789
707.999999999598 -158683.65045789
708.749999999597 -183683.65045789
709.499999999597 -208683.65045789
710.249999999596 -233683.65045789
710.999999999595 -258683.65045789
711.749999999594 -283683.65045789
712.499999999594 -308683.65045789
713.249999999593 -333683.65045789
713.999999999592 -358683.65045789
714.749999999592 -370000
715.499999999591 -370000
716.24999999959 -370000
716.99999999959 -370000
717.749999999589 -370000
718.499999999588 -370000
719.249999999588 -370000
719.999999999587 -370000
720.749999999586 -370000
721.499999999586 -370000
722.249999999585 -370000
722.999999999584 -370000
723.749999999584 -370000
724.499999999583 -370000
725.249999999582 -370000
725.999999999582 -370000
726.749999999581 -370000
727.49999999958 -370000
728.249999999579 -370000
728.999999999579 -370000
729.749999999578 -370000
730.499999999577 -370000
731.249999999577 -370000
731.999999999576 -370000
732.749999999575 -370000
733.499999999575 -370000
734.249999999574 -370000
734.999999999573 -370000
735.749999999573 -370000
736.499999999572 -370000
737.249999999571 -370000
737.999999999571 -370000
738.74999999957 -370000
739.499999999569 -370000
740.249999999569 -370000
740.999999999568 -370000
741.749999999567 -370000
742.499999999567 -370000
743.249999999566 -370000
743.999999999565 -370000
744.749999999564 -370000
745.499999999564 -370000
746.249999999563 -370000
746.999999999562 -370000
747.749999999562 -370000
748.499999999561 -370000
749.24999999956 -370000
749.99999999956 -370000
750.749999999559 -370000
751.499999999558 -370000
752.249999999558 -370000
752.999999999557 -370000
753.749999999556 -370000
754.499999999556 -351500
755.249999999555 -351500
755.999999999554 -351500
756.749999999554 -351500
757.499999999553 -351500
758.249999999552 -351500
758.999999999552 -351500
759.749999999551 -351500
760.49999999955 -351500
761.249999999549 -351500
761.999999999549 -351500
762.749999999548 -351500
763.499999999547 -351500
764.249999999547 -351500
764.999999999546 -351500
765.749999999545 -351500
766.499999999545 -351500
767.249999999544 -351500
767.999999999543 -351500
768.749999999543 -351500
769.499999999542 -351500
770.249999999541 -351500
770.999999999541 -351500
771.74999999954 -351500
772.499999999539 -351500
773.249999999539 -351500
773.999999999538 -351500
774.749999999537 -351500
775.499999999536 -351500
776.249999999536 -351500
776.999999999535 -351500
777.749999999534 -351500
778.499999999534 -351500
779.249999999533 -351500
779.999999999532 -351500
780.749999999532 -351500
781.499999999531 -351500
782.24999999953 -351500
782.99999999953 -351500
783.749999999529 -351500
784.499999999528 -351500
785.249999999528 -351500
785.999999999527 -351500
786.749999999526 -351500
787.499999999526 -351500
788.249999999525 -351500
788.999999999524 -351500
789.749999999524 -351500
790.499999999523 -351500
791.249999999522 -351500
791.999999999521 -351500
792.749999999521 -351500
793.49999999952 -351500
794.249999999519 -351500
794.999999999519 -351500
795.749999999518 -351500
796.499999999517 -351500
797.249999999517 -351500
797.999999999516 -351500
798.749999999515 -351500
799.499999999515 -351500
