16.7699999999999 40.5422739851147
17.5199999999999 40.3697068073686
18.2699999999999 39.9173574227516
19.02 39.6895183942297
19.77 39.431261826064
20.52 39.1505167089401
21.27 38.5854721651124
22.0200000000001 38.254363820245
22.7700000000001 37.901130195614
23.5200000000001 37.5276532339386
24.2700000000002 36.87319430909
25.0200000000002 36.4665765443251
25.7700000000002 35.7805721315414
26.5200000000002 35.601116855333
27.2700000000003 34.888423122666
28.0200000000003 34.4289356685189
28.7700000000003 33.9582532885001
29.5200000000004 33.2209538354802
30.2700000000004 32.9959533948084
31.0200000000004 32.2478015777732
31.7700000000004 31.7522019210843
32.5200000000005 31.2550979185497
33.2700000000005 30.5029110506619
34.0200000000005 30.0027026855615
34.7700000000006 29.5016238350671
35.5200000000006 28.7561335077767
36.2700000000006 28.5036019548619
37.0200000000006 27.7647963903985
37.7700000000007 27.2707498194829
38.5200000000007 26.5441038231353
39.2700000000007 26.0581929658044
40.0200000000008 25.5762852113893
40.7700000000008 25.0988390908716
41.5200000000008 24.6237018566422
42.2700000000008 24.1568068902031
43.0200000000009 23.4726967393727
43.7700000000009 22.7991180166721
44.5200000000009 22.5667892669598
45.270000000001 22.1208234339649
46.020000000001 21.4719607853285
46.770000000001 21.0409441537957
47.520000000001 20.4110928723426
48.2700000000011 20.1963311406154
49.0200000000011 19.5832666251291
49.7700000000011 18.9810796234208
50.5200000000012 18.780985785444
51.2700000000012 18.3880223764665
52.0200000000012 18.0023019823053
52.7700000000012 17.4347507154423
53.5200000000013 16.8780915312888
54.2700000000013 16.7010401813261
55.0200000000013 16.1622286994084
55.7700000000014 15.8168452190014
56.5200000000014 15.4744104543142
57.2700000000014 14.9637850420929
58.0200000000014 14.8144937277357
58.7700000000015 14.3212470191075
59.5200000000015 14.0100724592126
60.2700000000015 13.7064883686918
61.0200000000016 13.240432204866
61.7700000000016 12.7842976929606
62.5200000000016 12.5030048249212
63.2700000000016 12.3958498321744
64.0200000000017 11.9647901471638
64.7700000000017 11.7056370087111
65.5200000000017 11.4538170080387
66.2700000000017 11.0483443590353
67.0200000000018 10.9701271524815
67.7700000000018 10.5807664791338
68.5200000000018 10.3568440981505
69.2700000000019 10.1401507706926
70.0200000000019 9.9306167426755
70.7700000000019 9.57347050560381
71.5200000000019 9.37872358302193
72.270000000002 9.19093091905923
73.020000000002 9.00806711610166
73.770000000002 8.68137852667439
74.5200000000021 8.51435648396661
75.2700000000021 8.35192634954871
76.0200000000021 8.04680824065208
76.7700000000021 7.89983264950271
77.5200000000022 7.75726072164126
78.2700000000022 7.62103167725073
79.0200000000022 7.49107119240437
79.7700000000023 7.21953581692252
80.5200000000023 7.10414271030442
81.2700000000023 6.99283473849695
82.0200000000023 6.88558299514025
82.7700000000024 6.63918258470843
83.5200000000024 6.54587951601596
84.2700000000024 6.45841822334843
85.0200000000025 6.37672582004748
85.7700000000025 6.15392256466552
86.5200000000025 6.0815917103689
87.2700000000025 6.01677273994452
88.0200000000026 5.81054433407357
88.7700000000026 5.89949532420235
89.5200000000026 5.7038486228916
90.2700000000027 5.66039221388846
91.0200000000027 5.4749089325072
91.7700000000027 5.43933165064018
92.5200000000027 5.40596598368499
93.2700000000028 5.37206320520504
94.0200000000028 5.3414173901104
94.7700000000028 5.16584373240765
95.5200000000029 5.13934469465046
96.2700000000029 5.11526764452499
97.0200000000029 5.09725550099636
97.7700000000029 5.08007535880248
98.520000000003 4.92052041585089
99.270000000003 4.90868983564713
100.020000000003 4.90076188858279
100.770000000003 4.89366200021695
101.520000000003 4.7454969320613
102.270000000003 4.74680777151293
103.020000000003 4.60294313877543
103.770000000003 4.6041781647969
104.520000000003 4.46193243556314
105.270000000003 4.61282452414035
106.020000000003 4.62081076487597
106.770000000003 4.63022848491868
107.520000000003 4.63927453861748
108.270000000003 4.50510837549882
109.020000000003 4.51889031691014
109.770000000003 4.53247523995465
110.520000000003 4.40445240630414
111.270000000003 4.42536424940363
112.020000000003 4.44726852507814
112.770000000004 4.47209721126631
113.520000000004 4.49700517145393
114.270000000004 4.38119044134897
115.020000000004 4.2657355611393
115.770000000004 4.29983250238084
116.520000000004 4.33421800962859
117.270000000004 4.37075590645853
118.020000000004 4.41114382454502
118.770000000004 4.45449445701487
119.520000000004 4.49772298896503
120.270000000004 4.39871734224371
121.020000000004 4.44891139192372
121.770000000004 4.35379472321503
122.520000000004 4.55039180025653
123.270000000004 4.45625549971572
124.020000000004 4.50976246037623
124.770000000004 4.56621956743318
125.520000000004 4.47625741686199
126.270000000004 4.53161621102382
127.020000000004 4.58948928270215
127.770000000004 4.65091316764482
128.520000000004 4.71378261601858
129.270000000004 4.63056478851258
130.020000000004 4.6942326374532
130.770000000004 4.75905092596265
131.520000000004 4.82600321498272
132.270000000004 4.74534371865454
133.020000000004 4.81422385974955
133.770000000004 4.88441562819397
134.520000000004 4.80729461477468
135.270000000004 4.87728351424435
136.020000000004 4.95211810797066
136.770000000004 5.02518749895587
137.520000000004 5.09977621971724
138.270000000004 5.17525680279973
139.020000000005 5.10231167297032
139.770000000005 5.02948976910156
140.520000000005 5.10524551836995
141.270000000005 5.3310150202622
142.020000000005 5.11023953138781
142.770000000005 5.33856455913846
143.520000000005 5.41595835146556
144.270000000005 5.34570774900688
145.020000000005 5.42387787040142
145.770000000005 5.50275503258046
146.520000000005 5.58243486884255
147.270000000005 5.51198876949368
148.020000000005 5.44076239943338
148.770000000005 5.66949792808998
149.520000000005 5.74979021572615
150.270000000005 5.827905831643
151.020000000005 5.75612591420469
151.770000000005 5.83412769972259
152.520000000005 5.91236539836397
153.270000000005 5.99067632074697
154.020000000005 5.91697522993225
154.770000000005 5.99214193218308
155.520000000005 6.06730023820522
156.270000000005 5.99151906039492
157.020000000005 6.2170117291893
157.770000000005 6.14037087527214
158.520000000005 6.21195273063294
159.270000000005 6.28558611019342
160.020000000005 6.35617159652997
160.770000000005 6.27603227159694
161.520000000005 6.34520757864706
162.270000000005 6.41391864825468
163.020000000005 6.33078389421768
163.770000000005 6.40052275941953
164.520000000005 6.46686457305988
165.270000000005 6.53244410798027
166.020000000006 6.44464977144182
166.770000000006 6.51060947657507
167.520000000006 6.57569124278403
168.270000000006 6.48364763492731
169.020000000006 6.54695593975079
169.770000000006 6.61193646218607
170.520000000006 6.67603604681618
171.270000000006 6.7416825003763
172.020000000006 6.80915861991945
172.770000000006 6.70930781294284
173.520000000006 6.77670846990604
174.270000000006 6.8431026418169
175.020000000006 6.73855939969961
175.770000000006 6.80536427345732
176.520000000006 6.87121837185588
177.270000000006 6.93872919344921
178.020000000006 6.82814296023573
178.770000000006 7.07878161464421
179.520000000006 6.96492894632004
180.270000000006 7.03605259618917
181.020000000006 7.11161451955748
181.770000000006 6.99255890488737
182.520000000006 7.06820693953514
183.270000000006 7.14586028635843
184.020000000006 7.22821846954789
184.770000000006 7.10188921336531
185.520000000006 7.18386979407139
186.270000000006 7.26762894570275
187.020000000006 7.35309136077846
187.770000000006 7.43772675246037
188.520000000006 7.30068009183357
189.270000000006 7.38528649140178
190.020000000006 7.46624854709086
190.770000000006 7.54893802762539
191.520000000006 7.40307806327945
192.270000000007 7.4822232550592
193.020000000007 7.55661720281051
193.770000000007 7.62894247544611
194.520000000007 7.47166226339643
195.270000000007 7.53905028399144
196.020000000007 7.60153816499889
196.770000000007 7.66255509316684
197.520000000007 7.4943947231968
198.270000000007 7.54830710137704
199.020000000007 7.59801850235827
199.770000000007 7.64892680247141
200.520000000007 7.47185523620555
201.270000000007 7.51242824645026
202.020000000007 7.55096124420939
202.770000000007 7.36652740825773
203.520000000007 7.4007898288232
204.270000000007 7.43029842085282
205.020000000007 7.45500903926389
205.770000000007 7.47781228431376
206.520000000007 7.49873538347435
207.270000000007 7.30205393932276
208.020000000007 7.31923117689511
208.770000000007 7.33165554340727
209.520000000007 7.33924920903276
210.270000000007 7.13543789899286
211.020000000007 6.93012912606016
211.770000000007 7.14508960950894
212.520000000007 6.93681811001443
213.270000000007 6.93635709407581
214.020000000007 6.93140951170341
214.770000000007 6.71924234065304
215.520000000007 6.71444731878936
216.270000000007 6.70537070134257
217.020000000007 6.69493552560315
217.770000000007 6.68330745892888
218.520000000008 6.46606730480835
219.270000000008 6.44945639241412
220.020000000008 6.43464604661444
220.770000000008 6.41880268082861
221.520000000008 6.19877987169877
222.270000000008 6.17840094455599
223.020000000008 6.16015564893678
223.770000000008 5.9389624650942
224.520000000008 6.11864220158418
225.270000000008 5.89682155048045
226.020000000008 5.87634410642857
226.770000000008 5.85243959689495
227.520000000008 5.83098268026718
228.270000000008 5.60890455054679
229.020000000008 5.58697951958094
229.770000000008 5.3651425234719
230.520000000008 5.53915230204475
231.270000000008 5.31736639241759
232.020000000008 5.29166611891584
232.770000000008 5.26856378342061
233.520000000008 5.24236007036677
234.270000000008 5.02134326036945
235.020000000008 4.99808111573785
235.770000000008 4.97460826698537
236.520000000008 4.75453107990627
237.270000000008 4.72850215146228
238.020000000008 4.70521690808015
238.770000000008 4.67922937156054
239.520000000008 4.65615646464357
240.270000000008 4.43823751368549
241.020000000008 4.41298154080399
241.770000000008 4.39081933318567
242.520000000008 4.3661974008026
243.270000000008 4.34470831833773
244.020000000008 4.13008139091631
244.770000000009 4.10696348710387
245.520000000009 4.08708344689399
246.270000000009 3.87493663430836
247.020000000009 3.8563647087059
247.770000000009 3.83552093048593
248.520000000009 3.81805266022188
249.270000000009 3.79842702759443
250.020000000009 3.59050181557913
250.770000000009 3.57515578143878
251.520000000009 3.56059102876595
252.270000000009 3.35569341835373
253.020000000009 3.151909789773
253.770000000009 3.13720719909625
254.520000000009 3.31388283675496
255.270000000009 3.30329917646921
256.020000000009 3.10323195790111
256.770000000008 3.0944075211256
257.520000000008 3.08374907086603
258.270000000007 2.88667908282854
259.020000000006 2.88055785442961
259.770000000005 2.8725920538835
260.520000000005 2.86820958137551
261.270000000004 2.86478945308891
262.020000000003 2.85958191422978
262.770000000003 2.6684971406113
263.520000000002 2.66789480033006
264.270000000001 2.66826942955588
265.020000000001 2.66963909889107
265.77 2.482522614268
266.519999999999 2.485843997389
267.269999999999 2.48737283908868
268.019999999998 2.49286300146908
268.769999999997 2.31002070292799
269.519999999997 2.31775324764151
270.269999999996 2.32652978625114
271.019999999995 2.33636255605289
271.769999999995 2.1573569428398
272.519999999994 2.16939084595822
273.269999999993 1.99346719719648
274.019999999993 2.00776300799508
274.769999999992 2.02946751805587
275.519999999991 2.05446353819439
276.26999999999 2.08020537189981
277.01999999999 2.10639538239811
277.769999999989 2.13331701950293
278.519999999988 1.96945034498945
279.269999999988 1.80655087270496
280.019999999987 2.03809894975613
280.769999999986 2.08013534599006
281.519999999986 1.92976596499045
282.269999999985 1.97254703362666
283.019999999984 2.01602987249899
283.769999999984 1.86622035552331
284.519999999983 1.90769903606374
285.269999999982 1.95218364518005
286.019999999982 1.99715046977185
286.769999999981 1.84701915936661
287.51999999998 1.89231578532015
288.26999999998 1.93813296349144
289.019999999979 1.98426642657093
289.769999999978 2.03083782737737
290.519999999978 1.87991215136547
291.269999999977 1.92648985948228
292.019999999976 1.77496263749181
292.769999999975 1.82664398989362
293.519999999975 1.88058230669229
294.269999999974 1.93505607383887
295.019999999973 1.98999500779564
295.769999999973 2.04899097865539
296.519999999972 1.90417811155328
297.269999999971 1.96136908584225
298.019999999971 2.01956517797033
298.76999999997 1.87477431831545
299.519999999969 1.93331441243546
300.269999999969 1.99217573286569
301.019999999968 2.05114274726734
301.769999999967 2.11030474473639
302.519999999967 1.96403742035643
303.269999999966 2.02215475689505
304.019999999965 2.07992958846584
304.769999999965 2.13740582699834
305.519999999964 1.9877868771477
306.269999999963 2.0447233980717
307.019999999963 2.10160437356206
307.769999999962 1.95128260088282
308.519999999961 2.21834910334403
309.26999999996 2.06733447496477
310.01999999996 2.12477135028404
310.769999999959 1.97159943818876
311.519999999958 1.8213822804177
312.269999999958 1.89034842055571
313.019999999957 1.96797034502253
313.769999999956 2.25876645139095
314.519999999956 2.12685413049873
315.269999999955 2.20664461184536
316.019999999954 2.2858263496807
316.769999999954 2.1490398746455
317.519999999953 2.44385143262298
318.269999999952 2.30768937317062
319.019999999952 2.38654010611977
319.769999999951 2.46418510010174
320.51999999995 2.32212773166083
321.26999999995 2.39652677533053
322.019999999949 2.47277268686904
322.769999999948 2.54476208022522
323.519999999948 2.61538250535736
324.269999999947 2.46381819320057
325.019999999946 2.31000203306263
325.769999999945 2.37766206225523
326.519999999945 2.66715058052424
327.269999999944 2.51110965233402
328.019999999943 2.57557954928917
328.769999999943 2.41547117093556
329.519999999942 2.70354046859669
330.269999999941 2.76354165047302
331.019999999941 2.59772397102096
331.76999999994 2.65407770421573
332.519999999939 2.48370403506452
333.269999999939 2.53626816097451
334.019999999938 2.36225917622872
334.769999999937 2.41319503542255
335.519999999937 2.23937166864711
336.269999999936 2.52091470384566
337.019999999935 2.57557468209531
337.769999999935 2.63164696015083
338.519999999934 2.6827950803
339.269999999933 2.5056236302558
340.019999999933 2.32706623030105
340.769999999932 2.60453960846692
341.519999999931 2.65512820340184
342.26999999993 2.70368219528584
343.01999999993 2.52319808883634
343.769999999929 2.56867093448208
344.519999999928 2.61595599009641
345.269999999928 2.65804664552788
346.019999999927 2.47123753166071
346.769999999926 2.5104091472448
347.519999999926 2.32074586125243
348.269999999925 2.58444718202548
349.019999999924 2.39204367164377
349.769999999924 2.42560568181322
350.519999999923 2.45786711292056
351.269999999922 2.48870015417907
352.019999999922 2.29133850792719
352.769999999921 2.32299070720329
353.51999999992 2.35001245027514
354.26999999992 2.37584035004505
355.019999999919 2.17423695816271
355.769999999918 2.19786659054323
356.519999999918 1.99463697785928
357.269999999917 2.02171943851296
358.019999999916 2.05138144728552
358.769999999915 2.07996523894246
359.519999999915 2.1073600058168
360.269999999914 2.13696044067973
361.019999999913 2.16224808629952
361.769999999913 1.96167965027025
362.519999999912 1.98501474940062
363.269999999911 2.0074170086225
364.019999999911 1.80467826998268
364.76999999991 1.82795934722412
365.519999999909 1.85313186733677
366.269999999909 1.88054443378708
367.019999999908 1.68343493777684
367.769999999907 1.71231340957877
368.519999999907 1.74417783125762
369.269999999906 1.54964781721112
370.019999999905 1.80603332127333
370.769999999905 1.61520893244103
371.519999999904 1.64880949173928
372.269999999903 1.68367337460151
373.019999999902 1.72015742843221
373.769999999902 1.53345442237993
374.519999999901 1.57066122767126
375.2699999999 1.60749055989713
376.0199999999 1.4210330059138
376.769999999899 1.4618889351556
377.519999999898 1.50684463571495
378.269999999898 1.5477556058348
379.019999999897 1.58883078425787
379.769999999896 1.6293733519254
380.519999999896 1.44652809362297
381.269999999895 1.48871289575581
382.019999999894 1.30756322065087
382.769999999894 1.35384499489116
383.519999999893 1.40156149165816
384.269999999892 1.45052892519635
385.019999999892 1.50017161274692
385.769999999891 1.32571236991697
386.51999999989 1.37890304371307
387.26999999989 1.2097813720824
388.019999999889 1.49479896311476
388.769999999888 1.3299941007287
389.519999999887 1.39701661406661
390.269999999887 1.46286698877018
391.019999999886 1.30242593435576
391.769999999885 1.37247175844741
392.519999999885 1.21805439815804
393.269999999884 1.52276171209176
394.019999999883 1.59870664473466
394.769999999883 1.44446035151821
395.519999999882 1.29169616057105
396.269999999881 1.60111369075172
397.019999999881 1.67910524390915
397.76999999988 1.7557111326696
398.519999999879 1.59944677549778
399.269999999879 1.67374062906647
400.019999999878 1.74693826030778
400.769999999877 1.81903063644773
401.519999999877 1.65674240054943
402.269999999876 1.72769292622988
403.019999999875 1.79768944612257
403.769999999875 1.86623369304283
404.519999999874 1.698502847869
405.269999999873 1.76499142446875
406.019999999872 1.83033933705258
406.769999999872 1.89416288996634
407.519999999871 1.72020481037147
408.26999999987 1.7805030889791
409.01999999987 1.83942410625978
409.769999999869 1.90116365644858
410.519999999868 1.95753198185979
411.269999999868 1.7755777527479
412.019999999867 1.8284660428687
412.769999999866 1.87923979626328
413.519999999866 1.92832917830425
414.269999999865 1.73881193572042
415.019999999864 1.78543289504752
415.769999999864 1.83141871176038
416.519999999863 1.87573222957825
417.269999999862 1.68194792350572
418.019999999862 1.72313909287403
418.769999999861 1.76275611973989
419.51999999986 1.56470570937372
420.26999999986 1.60274517097267
421.019999999859 1.6392744285036
421.769999999858 1.67514987645978
422.519999999857 1.71056605613617
423.269999999857 1.50927632387739
424.019999999856 1.54325513336746
424.769999999855 1.57756898365295
425.519999999855 1.37871841792009
426.269999999854 1.41829779965907
427.019999999853 1.46138555695061
427.769999999853 1.50191516708886
428.519999999852 1.54611953585979
429.269999999851 1.35539770092559
430.019999999851 1.39951803806038
430.76999999985 1.21055079085802
431.519999999849 1.25893441336252
432.269999999849 1.54401988950915
433.019999999848 1.35897341471094
433.769999999847 1.40790619108806
434.519999999847 1.22245375557954
435.269999999846 1.27445743801703
436.019999999845 1.32710509321013
436.769999999845 1.37967048054965
437.519999999844 1.43250915286661
438.269999999843 1.25073875617938
439.019999999842 1.30471570684168
439.769999999842 1.35831344364494
440.519999999841 1.41151920095321
441.26999999984 1.46438677320676
442.01999999984 1.28168847630013
442.769999999839 1.33415293092754
443.519999999838 1.38694261950014
444.269999999838 1.20407460047259
445.019999999837 1.25804068349221
445.769999999836 1.31272169639231
446.519999999836 1.36810269616564
447.269999999835 1.1877552992921
448.019999999834 1.24470678439877
448.769999999834 1.30295477012065
449.519999999833 1.12645479980465
450.269999999832 1.18766999793693
451.019999999832 1.01406311948532
451.769999999831 1.07829340966161
452.51999999983 1.37536615886093
453.26999999983 1.43779531439209
454.019999999829 1.26203205802887
454.769999999828 1.08749572650117
455.519999999827 1.38652313109775
456.269999999827 1.20876892615527
457.019999999826 1.03251048682026
457.769999999825 1.33273347025223
458.519999999825 1.39483419186269
459.269999999824 1.21845287757772
460.019999999823 1.2824761239757
460.769999999823 1.34782698926769
461.519999999822 1.41381093640467
462.269999999821 1.47947128314801
463.019999999821 1.54448496238254
463.76999999982 1.36813785911821
464.519999999819 1.43071011543724
465.269999999819 1.49173930511415
466.019999999818 1.31093829708811
466.769999999817 1.37083229591024
467.519999999817 1.42972698372561
468.269999999816 1.48367191624618
469.019999999815 1.29880722764674
469.769999999815 1.35487507987345
470.519999999814 1.41049616958215
471.269999999813 1.2248058683969
472.019999999812 1.28072343582961
472.769999999812 1.33659300255524
473.519999999811 1.39283792200463
474.26999999981 1.44863284150225
475.01999999981 1.26249077275452
475.769999999809 1.31761865624216
476.519999999808 1.37298066517774
477.269999999808 1.42818805356652
478.019999999807 1.48264234861555
478.769999999806 1.53603923099066
479.519999999806 1.34720468381491
480.269999999805 1.39884989109235
481.019999999804 1.44995932321142
481.769999999804 1.50109905723077
482.519999999803 1.310779348635
483.269999999802 1.3573315580917
484.019999999802 1.40690383875293
484.769999999801 1.21588433101974
485.5199999998 1.26616279794737
486.269999999799 1.31668184345988
487.019999999799 1.36682627282866
487.769999999798 1.41656812687921
488.519999999797 1.2253559146537
489.269999999797 1.27495674930202
490.019999999796 1.324810103227
490.769999999795 1.13508355428959
491.519999999795 0.947779075970335
492.269999999794 1.24251724240677
493.019999999793 1.29697102273049
493.769999999793 1.35070538559375
494.519999999792 1.16335097558502
495.269999999791 1.2175091527072
496.019999999791 1.27211850616167
496.76999999979 1.08599760236225
497.519999999789 1.14132596037735
498.269999999789 0.957471299797537
499.019999999788 1.25205265738541
499.769999999787 1.30964084813752
500.519999999787 1.12549566801666
501.269999999786 0.941782276428324
502.019999999785 1.24034078128607
502.769999999784 1.05732329590675
503.519999999784 0.875498059474128
504.269999999783 0.934040439906282
505.019999999782 1.24188257317147
505.769999999782 1.30852651853487
506.519999999781 1.37481898396242
507.26999999978 1.19824099996031
508.01999999978 1.26284832475087
508.769999999779 1.32667833975106
509.519999999778 1.14728706740959
510.269999999778 1.21010782162108
511.019999999777 1.27297737743165
511.769999999776 1.3355285886964
512.519999999776 1.39724680299334
513.269999999775 1.2152883124171
514.019999999774 1.2756268889288
514.769999999774 1.33533392386207
515.519999999773 1.15124334149284
516.269999999772 1.21112018791301
517.019999999772 1.27153471798782
517.769999999771 1.33145515537118
518.51999999977 1.14727005307752
519.26999999977 1.20803299128968
520.019999999769 1.2700409375253
520.769999999768 1.08828903869995
521.519999999767 1.15225209559039
522.269999999767 0.975412860378387
523.019999999766 1.29776240590123
523.769999999765 1.37817404799767
524.519999999765 1.45705376329185
525.269999999764 1.28911208124406
526.019999999763 1.36197076481855
526.769999999763 1.43752448150317
527.519999999762 1.26534722674703
528.269999999761 1.5849212071264
529.019999999761 1.40978988075092
529.76999999976 1.47942884284199
530.519999999759 1.54735232427197
531.269999999759 1.36635043570639
532.019999999758 1.43184462821744
532.769999999757 1.49660204478061
533.519999999757 1.31225369532365
534.269999999756 1.62354890195923
535.019999999755 1.19417619039505
535.769999999755 1.51555530619871
536.519999999754 1.59560823673435
537.269999999753 1.42525188781861
538.019999999752 1.50131685460844
538.769999999752 1.32686745491259
539.519999999751 1.64902531774328
540.26999999975 1.47091815166959
541.01999999975 1.54042905402421
541.769999999749 1.60760826924408
542.519999999748 1.67267320074379
543.269999999748 1.7355332993764
544.019999999747 1.54684899055727
544.769999999746 1.60545171409187
545.519999999746 1.66217122947638
546.269999999745 1.46774178909483
547.019999999744 1.52201830917503
547.769999999744 1.57484074785195
548.519999999743 1.62595527850995
549.269999999742 1.42714570629367
550.019999999742 1.22879504952341
550.769999999741 1.2799932261672
551.51999999974 1.57988853163041
552.26999999974 1.63031196747285
553.019999999739 1.43103373171081
553.769999999738 1.47851059807021
554.519999999737 1.52474068973226
555.269999999737 1.56924759574388
556.019999999736 1.61196371588435
556.769999999735 1.40638823161074
557.519999999735 1.4461331204564
558.269999999734 1.48472081563654
559.019999999733 1.52231499489308
559.769999999733 1.31396238639607
560.519999999732 1.35043688277889
561.269999999731 1.3860077161613
562.019999999731 1.42435089890719
562.76999999973 1.21533144235223
563.519999999729 1.24997185952501
564.269999999729 1.28469182072934
565.019999999728 1.31939697286607
565.769999999727 1.11178063226546
566.519999999727 0.907663255806961
567.269999999726 1.19686792520675
568.019999999725 1.0029679934349
568.769999999725 1.05164564588015
569.519999999724 1.10136752654137
570.269999999723 1.15169519968418
571.019999999722 1.20196098696192
571.769999999722 1.25184231057631
572.519999999721 1.06028685393236
573.26999999972 0.870425621369504
574.01999999972 0.92890643139966
574.769999999719 0.992176875908598
575.519999999718 1.05644046952358
576.269999999718 1.12047771721976
577.019999999717 1.18405787638447
577.769999999716 1.24723871595055
578.519999999716 1.06747517582628
579.269999999715 0.888539403325996
580.019999999714 1.19987891017426
580.769999999714 1.02501785910273
581.519999999713 1.09231703135999
582.269999999712 1.15934406855002
583.019999999712 1.22600031538515
583.769999999711 1.04848552090275
584.51999999971 1.11398546807114
585.26999999971 1.17864142894549
586.019999999709 1.24263990884425
586.769999999708 1.06158799734711
587.519999999707 1.12562540022755
588.269999999707 1.18995706125703
589.019999999706 1.00931760329419
589.769999999705 1.07759927640739
590.519999999705 1.14631137528049
591.269999999704 0.970420924421775
592.019999999703 1.04914221376319
592.769999999703 0.889597254934717
593.519999999702 1.2375964311771
594.269999999701 1.09425554261984
595.019999999701 1.44611246257047
595.7699999997 1.29933770140222
596.519999999699 1.39873188684853
597.269999999699 1.49584342951171
598.019999999698 1.59078571666167
598.769999999697 1.68335449123307
599.519999999697 1.52183879833908
600.269999999696 1.35718650493326
601.019999999695 1.69827705251969
601.769999999695 1.78115492982828
602.519999999694 1.86151805687336
603.269999999693 1.68599912635183
604.019999999692 1.76105768143246
604.769999999692 1.83367702035978
605.519999999691 1.65005653194841
606.26999999969 1.71762212522836
607.01999999969 1.78254298783765
607.769999999689 1.84493522599054
608.519999999688 1.90476036620643
609.269999999688 1.70859539303194
610.019999999687 1.76336134473151
610.769999999686 1.81554256471529
611.519999999686 1.86513771852077
612.269999999685 1.65983196751589
613.019999999684 1.45350755572946
613.769999999684 1.75200642904016
614.519999999683 1.54707241647311
615.269999999682 1.09019810772806
616.019999999682 1.64676757366138
616.769999999681 1.70298821082445
617.51999999968 1.50638252079869
618.269999999679 1.55874961711472
619.019999999679 1.60882400930317
619.769999999678 1.65706242700427
620.519999999677 1.70382354432489
621.269999999677 1.49920857242743
622.019999999676 1.54350249974841
622.769999999675 1.58657179763613
623.519999999675 1.6277526349672
624.269999999674 1.41925413468554
625.019999999673 1.45779752303849
625.769999999673 1.49488005163339
626.519999999672 1.53053206195328
627.269999999671 1.31817864635219
628.019999999671 1.35208696157278
628.76999999967 1.38474091364133
629.519999999669 1.41639517241012
630.269999999669 1.20238984944369
631.019999999668 1.23399234844084
631.769999999667 1.2662231413314
632.519999999667 1.05549822112438
633.269999999666 1.33650249651764
634.019999999665 1.13174562915297
634.769999999664 1.17102258933192
635.519999999664 1.21037114410996
636.269999999663 1.24955845075882
637.019999999662 1.04678261490708
637.769999999662 1.09038770873948
638.519999999661 0.890379409200609
639.26999999966 0.937683069997049
640.01999999966 0.990798621984104
640.769999999659 1.04654173514047
641.519999999658 0.861623543902839
642.269999999658 0.91800400069247
643.019999999657 0.976337363706184
643.769999999656 0.79360314660373
644.519999999656 0.850101397169573
645.269999999655 1.1478288136056
646.019999999654 0.962269740433831
646.769999999654 1.01832393115038
647.519999999653 1.07478049117755
648.269999999652 0.889507466303048
649.019999999652 0.947468472169723
649.769999999651 1.00688229217506
650.51999999965 1.06666395123613
651.269999999649 1.12639894443339
652.019999999649 0.944048863704277
652.769999999648 1.00451069311098
653.519999999647 0.822638126284349
654.269999999647 1.12484539125601
655.019999999646 0.941495183078272
655.769999999645 0.759169653893733
656.519999999645 1.06370655638161
657.269999999644 1.12608488148205
658.019999999643 0.945202846901935
658.769999999643 1.00714593538795
659.519999999642 1.06890069023722
660.269999999641 1.13075777378314
661.019999999641 1.1924692578606
661.76999999964 1.00984553681341
662.519999999639 1.07007254224845
663.269999999639 1.12994722111515
664.019999999638 0.945798298191447
664.769999999637 1.00626140558733
665.519999999637 1.06710176738653
666.269999999636 1.12813942399998
667.019999999635 1.19000645038479
667.769999999634 1.00677715790786
668.519999999634 1.06763587140149
669.269999999633 1.12839775853237
670.019999999632 1.18874258782182
670.769999999632 1.00393127527744
671.519999999631 1.06371197096364
672.26999999963 0.879111217293939
673.01999999963 1.18360483103289
673.769999999629 1.24338169829091
674.519999999628 1.05760941569739
675.269999999628 1.1158092416608
676.019999999627 0.92890951361424
676.769999999626 0.987191323584174
677.519999999626 1.04472009912332
678.269999999625 0.858072928606511
679.019999999624 0.672096741462635
679.769999999624 0.74086487193856
680.519999999623 0.822299770012423
681.269999999622 1.16475252634812
682.019999999622 1.26521296829832
682.769999999621 1.11646788721179
683.51999999962 1.21255539771345
684.269999999619 1.0583174879231
685.019999999619 1.40917999926385
685.769999999618 1.51407613235363
686.519999999617 1.36596685990685
687.269999999617 1.4654746361533
688.019999999616 1.31057877321864
688.769999999615 1.65692820924266
689.519999999615 1.49603692214024
690.269999999614 1.58514272312585
691.019999999613 1.67175618688461
691.769999999613 1.50185056357497
692.519999999612 1.5831227919749
693.269999999611 1.66200078142709
694.019999999611 1.73836076360949
694.76999999961 1.55742768414558
695.519999999609 1.62889526303155
696.269999999609 1.6978623888669
697.019999999608 1.76429697894085
697.769999999607 1.82807394242054
698.519999999607 1.63449125700191
699.269999999606 1.69358714797895
700.019999999605 1.49642306100653
700.769999999604 1.80671428359922
701.519999999604 1.60626200113008
702.269999999603 1.40472816613455
703.019999999602 1.20638934550726
703.769999999602 1.02303662371397
704.519999999601 0.855270098795687
705.2699999996 0.702423073260752
706.0199999996 0.564191008789598
706.769999999599 0.440323709285816
707.519999999598 0.330618430194352
708.269999999598 0.234918724505685
709.019999999597 0.153114055387963
709.769999999596 0.0851401987598225
710.519999999596 0.0309804865693227
711.269999999595 0.025
712.019999999594 0.025
712.769999999594 0.025
713.519999999593 0.025
714.269999999592 0.025
715.019999999592 0.025
715.769999999591 0.025
716.51999999959 0.025
717.269999999589 0.025
718.019999999589 0.025
718.769999999588 0.025
719.519999999587 0.025
720.269999999587 0.025
721.019999999586 0.025
721.769999999585 0.025
722.519999999585 0.025
723.269999999584 0.025
724.019999999583 0.025
724.769999999583 0.025
725.519999999582 0.025
726.269999999581 0.025
727.019999999581 0.025
727.76999999958 0.025
728.519999999579 0.025
729.269999999579 0.025
730.019999999578 0.025
730.769999999577 0.025
731.519999999576 0.025
732.269999999576 0.025
733.019999999575 0.025
733.769999999574 0.025
734.519999999574 0.025
735.269999999573 0.025
736.019999999572 0.025
736.769999999572 0.025
737.519999999571 0.025
738.26999999957 0.025
739.01999999957 0.025
739.769999999569 0.025
740.519999999568 0.025
741.269999999568 0.025
742.019999999567 0.025
742.769999999566 0.025
743.519999999566 0.025
744.269999999565 0.025
745.019999999564 0.025
745.769999999564 0.025
746.519999999563 0.025
747.269999999562 0.025
748.019999999561 0.025
748.769999999561 0.025
749.51999999956 0.025
750.269999999559 0.025
751.019999999559 0.025
751.769999999558 0.025
752.519999999557 0.025
753.269999999557 0.025
754.019999999556 0.025
754.769999999555 0.025
755.519999999555 0.025
756.269999999554 0.025
757.019999999553 0.025
757.769999999553 0.025
758.519999999552 0.025
759.269999999551 0.025
760.019999999551 0.025
760.76999999955 0.025
761.519999999549 0.025
762.269999999549 0.025
763.019999999548 0.025
763.769999999547 0.025
764.519999999546 0.025
765.269999999546 0.025
766.019999999545 0.025
766.769999999544 0.025
767.519999999544 0.025
768.269999999543 0.025
769.019999999542 0.025
769.769999999542 0.025
770.519999999541 0.025
771.26999999954 0.025
772.01999999954 0.025
772.769999999539 0.025
773.519999999538 0.025
774.269999999538 0.025
775.019999999537 0.025
775.769999999536 0.025
776.519999999536 0.025
777.269999999535 0.025
778.019999999534 0.025
778.769999999534 0.025
779.519999999533 0.025
780.269999999532 0.025
781.019999999531 0.025
781.769999999531 0.025
782.51999999953 0.025
783.269999999529 0.025
784.019999999529 0.025
784.769999999528 0.025
785.519999999527 0.025
786.269999999527 0.025
787.019999999526 0.025
787.769999999525 0.025
788.519999999525 0.025
789.269999999524 0.025
790.019999999523 0.025
790.769999999523 0.025
791.519999999522 0.025
792.269999999521 0.025
793.019999999521 0.025
793.76999999952 0.025
794.519999999519 0.025
795.269999999519 0.025
796.019999999518 0.025
796.769999999517 0.025
797.519999999516 0.025
798.269999999516 0.025
799.019999999515 0.025
799.769999999514 0.025
