16.7699999999999 162.169095940459
17.5199999999999 161.478827229475
18.2699999999999 159.669429691006
19.02 158.758073576919
19.77 157.725047304256
20.52 156.60206683576
21.27 154.34188866045
22.0200000000001 153.01745528098
22.7700000000001 151.604520782456
23.5200000000001 150.110612935754
24.2700000000002 147.49277723636
25.0200000000002 145.866306177301
25.7700000000002 143.122288526166
26.5200000000002 142.404467421332
27.2700000000003 139.553692490664
28.0200000000003 137.715742674076
28.7700000000003 135.833013154
29.5200000000004 132.883815341921
30.2700000000004 131.983813579233
31.0200000000004 128.991206311093
31.7700000000004 127.008807684337
32.5200000000005 125.020391674199
33.2700000000005 122.011644202648
34.0200000000005 120.010810742246
34.7700000000006 118.006495340269
35.5200000000006 115.024534031107
36.2700000000006 114.014407819448
37.0200000000006 111.059185561594
37.7700000000007 109.082999277931
38.5200000000007 106.176415292541
39.2700000000007 104.232771863218
40.0200000000008 102.305140845557
40.7700000000008 100.395356363487
41.5200000000008 98.4948074265686
42.2700000000008 96.6272275608126
43.0200000000009 93.8907869574909
43.7700000000009 91.1964720666886
44.5200000000009 90.2671570678393
45.270000000001 88.4832937358596
46.020000000001 85.8878431413141
46.770000000001 84.1637766151828
47.520000000001 81.6443714893706
48.2700000000011 80.7853245624615
49.0200000000011 78.3330665005166
49.7700000000011 75.9243184936831
50.5200000000012 75.123943141776
51.2700000000012 73.552089505866
52.0200000000012 72.0092079292213
52.7700000000012 69.7390028617693
53.5200000000013 67.512366125155
54.2700000000013 66.8041607253045
55.0200000000013 64.6489147976337
55.7700000000014 63.2673808760058
56.5200000000014 61.8976418172568
57.2700000000014 59.8551401683714
58.0200000000014 59.2579749109427
58.7700000000015 57.2849880764299
59.5200000000015 56.0402898368506
60.2700000000015 54.8259534747673
61.0200000000016 52.9617288194642
61.7700000000016 51.1371907718423
62.5200000000016 50.012019299685
63.2700000000016 49.5833993286977
64.0200000000017 47.8591605886553
64.7700000000017 46.8225480348444
65.5200000000017 45.8152680321547
66.2700000000017 44.1933774361413
67.0200000000018 43.8805086099258
67.7700000000018 42.3230659165354
68.5200000000018 41.4273763926019
69.2700000000019 40.5606030827706
70.0200000000019 39.722466970702
70.7700000000019 38.2938820224152
71.5200000000019 37.5148943320877
72.270000000002 36.7637236762369
73.020000000002 36.0322684644066
73.770000000002 34.7255141066975
74.5200000000021 34.0574259358664
75.2700000000021 33.4077053981948
76.0200000000021 32.1872329626083
76.7700000000021 31.5993305980108
77.5200000000022 31.029042886565
78.2700000000022 30.4841267090029
79.0200000000022 29.9642847696175
79.7700000000023 28.8781432676901
80.5200000000023 28.4165708412177
81.2700000000023 27.9713389539878
82.0200000000023 27.542331980561
82.7700000000024 26.5567303388337
83.5200000000024 26.1835180640639
84.2700000000024 25.8336728933937
85.0200000000025 25.5069032801899
85.7700000000025 24.6156902586621
86.5200000000025 24.3263668414756
87.2700000000025 24.0670909597781
88.0200000000026 23.2421773362943
88.7700000000026 23.5979812968094
89.5200000000026 22.8153944915664
90.2700000000027 22.6415688555539
91.0200000000027 21.8996357300288
91.7700000000027 21.7573266025607
92.5200000000027 21.62386393474
93.2700000000028 21.4882528208202
94.0200000000028 21.3656695604416
94.7700000000028 20.6633749296306
95.5200000000029 20.5573787786018
96.2700000000029 20.4610705780999
97.0200000000029 20.3890220039854
97.7700000000029 20.3203014352099
98.520000000003 19.6820816634035
99.270000000003 19.6347593425885
100.020000000003 19.6030475543312
100.770000000003 19.5746480008678
101.520000000003 18.9819877282452
102.270000000003 18.9872310860517
103.020000000003 18.4117725551017
103.770000000003 18.4167126591876
104.520000000003 17.8477297422526
105.270000000003 18.4512980965614
106.020000000003 18.4832430595039
106.770000000003 18.5209139396747
107.520000000003 18.5570981544699
108.270000000003 18.0204335019953
109.020000000003 18.0755612676406
109.770000000003 18.1299009598186
110.520000000003 17.6178096252165
111.270000000003 17.7014569976145
112.020000000003 17.7890741003126
112.770000000004 17.8883888450652
113.520000000004 17.9880206858157
114.270000000004 17.5247617653959
115.020000000004 17.0629422445572
115.770000000004 17.1993300095234
116.520000000004 17.3368720385144
117.270000000004 17.4830236258341
118.020000000004 17.6445752981801
118.770000000004 17.8179778280595
119.520000000004 17.9908919558601
120.270000000004 17.5948693689748
121.020000000004 17.7956455676949
121.770000000004 17.4151788928601
122.520000000004 18.2015672010261
123.270000000004 17.8250219988629
124.020000000004 18.0390498415049
124.770000000004 18.2648782697327
125.520000000004 17.905029667448
126.270000000004 18.1264648440953
127.020000000004 18.3579571308086
127.770000000004 18.6036526705793
128.520000000004 18.8551304640743
129.270000000004 18.5222591540503
130.020000000004 18.7769305498128
130.770000000004 19.0362037038506
131.520000000004 19.3040128599309
132.270000000004 18.9813748746182
133.020000000004 19.2568954389982
133.770000000004 19.5376625127759
134.520000000004 19.2291784590987
135.270000000004 19.5091340569774
136.020000000004 19.8084724318827
136.770000000004 20.1007499958235
137.520000000004 20.399104878869
138.270000000004 20.7010272111989
139.020000000005 20.4092466918813
139.770000000005 20.1179590764062
140.520000000005 20.4209820734798
141.270000000005 21.3240600810488
142.020000000005 20.4409581255512
142.770000000005 21.3542582365539
143.520000000005 21.6638334058622
144.270000000005 21.3828309960275
145.020000000005 21.6955114816057
145.770000000005 22.0110201303218
146.520000000005 22.3297394753702
147.270000000005 22.0479550779747
148.020000000005 21.7630495977335
148.770000000005 22.6779917123599
149.520000000005 22.9991608629046
150.270000000005 23.311623326572
151.020000000005 23.0245036568188
151.770000000005 23.3365107988904
152.520000000005 23.6494615934559
153.270000000005 23.9627052829879
154.020000000005 23.667900919729
154.770000000005 23.9685677287323
155.520000000005 24.2692009528209
156.270000000005 23.9660762415797
157.020000000005 24.8680469167572
157.770000000005 24.5614835010885
158.520000000005 24.8478109225318
159.270000000005 25.1423444407737
160.020000000005 25.4246863861199
160.770000000005 25.1041290863877
161.520000000005 25.3808303145882
162.270000000005 25.6556745930187
163.020000000005 25.3231355768707
163.770000000005 25.6020910376781
164.520000000005 25.8674582922395
165.270000000005 26.1297764319211
166.020000000006 25.7785990857673
166.770000000006 26.0424379063003
167.520000000006 26.3027649711361
168.270000000006 25.9345905397092
169.020000000006 26.1878237590032
169.770000000006 26.4477458487443
170.520000000006 26.7041441872647
171.270000000006 26.9667300015052
172.020000000006 27.2366344796778
172.770000000006 26.8372312517714
173.520000000006 27.1068338796242
174.270000000006 27.3724105672676
175.020000000006 26.9542375987984
175.770000000006 27.2214570938293
176.520000000006 27.4848734874235
177.270000000006 27.7549167737968
178.020000000006 27.3125718409429
178.770000000006 28.3151264585768
179.520000000006 27.8597157852802
180.270000000006 28.1442103847567
181.020000000006 28.4464580782299
181.770000000006 27.9702356195495
182.520000000006 28.2728277581406
183.270000000006 28.5834411454337
184.020000000006 28.9128738781915
184.770000000006 28.4075568534612
185.520000000006 28.7354791762855
186.270000000006 29.070515782811
187.020000000006 29.4123654431138
187.770000000006 29.7509070098415
188.520000000006 29.2027203673343
189.270000000006 29.5411459656071
190.020000000006 29.8649941883634
190.770000000006 30.1957521105015
191.520000000006 29.6123122531178
192.270000000007 29.9288930202368
193.020000000007 30.226468811242
193.770000000007 30.5157699017844
194.520000000007 29.8866490535857
195.270000000007 30.1562011359657
196.020000000007 30.4061526599956
196.770000000007 30.6502203726673
197.520000000007 29.9775788927872
198.270000000007 30.1932284055082
199.020000000007 30.3920740094331
199.770000000007 30.5957072098856
200.520000000007 29.8874209448222
201.270000000007 30.0497129858011
202.020000000007 30.2038449768376
202.770000000007 29.4661096330309
203.520000000007 29.6031593152928
204.270000000007 29.7211936834113
205.020000000007 29.8200361570556
205.770000000007 29.911249137255
206.520000000007 29.9949415338974
207.270000000007 29.208215757291
208.020000000007 29.2769247075805
208.770000000007 29.3266221736291
209.520000000007 29.356996836131
210.270000000007 28.5417515959715
211.020000000007 27.7205165042407
211.770000000007 28.5803584380358
212.520000000007 27.7472724400577
213.270000000007 27.7454283763033
214.020000000007 27.7256380468136
214.770000000007 26.8769693626122
215.520000000007 26.8577892751575
216.270000000007 26.8214828053703
217.020000000007 26.7797421024126
217.770000000007 26.7332298357155
218.520000000008 25.8642692192334
219.270000000008 25.7978255696565
220.020000000008 25.7385841864577
220.770000000008 25.6752107233144
221.520000000008 24.7951194867951
222.270000000008 24.7136037782239
223.020000000008 24.6406225957471
223.770000000008 23.7558498603768
224.520000000008 24.4745688063367
225.270000000008 23.5872862019218
226.020000000008 23.5053764257143
226.770000000008 23.4097583875798
227.520000000008 23.3239307210687
228.270000000008 22.4356182021871
229.020000000008 22.3479180783238
229.770000000008 21.4605700938876
230.520000000008 22.156609208179
231.270000000008 21.2694655696704
232.020000000008 21.1666644756634
232.770000000008 21.0742551336825
233.520000000008 20.9694402814671
234.270000000008 20.0853730414778
235.020000000008 19.9923244629514
235.770000000008 19.8984330679415
236.520000000008 19.0181243196251
237.270000000008 18.9140086058491
238.020000000008 18.8208676323206
238.770000000008 18.7169174862421
239.520000000008 18.6246258585743
240.270000000008 17.752950054742
241.020000000008 17.6519261632159
241.770000000008 17.5632773327427
242.520000000008 17.4647896032104
243.270000000008 17.3788332733509
244.020000000008 16.5203255636652
244.770000000009 16.4278539484155
245.520000000009 16.348333787576
246.270000000009 15.4997465372334
247.020000000009 15.4254588348236
247.770000000009 15.3420837219437
248.520000000009 15.2722106408875
249.270000000009 15.1937081103777
250.020000000009 14.3620072623165
250.770000000009 14.3006231257551
251.520000000009 14.2423641150638
252.270000000009 13.4227736734149
253.020000000009 12.607639159092
253.770000000009 12.548828796385
254.520000000009 13.2555313470198
255.270000000009 13.2131967058769
256.020000000009 12.4129278316044
256.770000000008 12.3776300845024
257.520000000008 12.3349962834641
258.270000000007 11.5467163313142
259.020000000006 11.5222314177185
259.770000000005 11.490368215534
260.520000000005 11.472838325502
261.270000000004 11.4591578123556
262.020000000003 11.4383276569191
262.770000000003 10.6739885624452
263.520000000002 10.6715792013202
264.270000000001 10.6730777182235
265.020000000001 10.6785563955643
265.77 9.93009045707202
266.519999999999 9.94337598955599
267.269999999999 9.94949135635473
268.019999999998 9.9714520058763
268.769999999997 9.24008281171195
269.519999999997 9.27101299056603
270.269999999996 9.30611914500457
271.019999999995 9.34545022421156
271.769999999995 8.62942777135918
272.519999999994 8.67756338383287
273.269999999993 7.97386878878593
274.019999999993 8.03105203198033
274.769999999992 8.11787007222349
275.519999999991 8.21785415277757
276.26999999999 8.32082148759925
277.01999999999 8.42558152959242
277.769999999989 8.53326807801172
278.519999999988 7.87780137995778
279.269999999988 7.22620349081985
280.019999999987 8.15239579902451
280.769999999986 8.32054138396023
281.519999999986 7.71906385996178
282.269999999985 7.89018813450665
283.019999999984 8.06411948999595
283.769999999984 7.46488142209324
284.519999999983 7.63079614425497
285.269999999982 7.80873458072019
286.019999999982 7.98860187908739
286.769999999981 7.38807663746644
287.51999999998 7.5692631412806
288.26999999998 7.75253185396578
289.019999999979 7.93706570628371
289.769999999978 8.12335130950949
290.519999999978 7.51964860546188
291.269999999977 7.70595943792913
292.019999999976 7.09985054996724
292.769999999975 7.30657595957448
293.519999999975 7.52232922676915
294.269999999974 7.74022429535548
295.019999999973 7.95998003118256
295.769999999973 8.19596391462154
296.519999999972 7.61671244621312
297.269999999971 7.84547634336898
298.019999999971 8.07826071188132
298.76999999997 7.4990972732618
299.519999999969 7.73325764974185
300.269999999969 7.96870293146277
301.019999999968 8.20457098906935
301.769999999967 8.44121897894555
302.519999999967 7.85614968142573
303.269999999966 8.08861902758018
304.019999999965 8.31971835386335
304.769999999965 8.54962330799335
305.519999999964 7.95114750859081
306.269999999963 8.1788935922868
307.019999999963 8.40641749424826
307.769999999962 7.80513040353129
308.519999999961 8.87339641337612
309.26999999996 8.26933789985908
310.01999999996 8.49908540113616
310.769999999959 7.88639775275504
311.519999999958 7.28552912167079
312.269999999958 7.56139368222285
313.019999999957 7.87188138009014
313.769999999956 9.03506580556378
314.519999999956 8.50741652199493
315.269999999955 8.82657844738145
316.019999999954 9.14330539872279
316.769999999954 8.59615949858201
317.519999999953 9.77540573049192
318.269999999952 9.23075749268248
319.019999999952 9.54616042447909
319.769999999951 9.85674040040696
320.51999999995 9.28851092664331
321.26999999995 9.58610710132212
322.019999999949 9.89109074747616
322.769999999948 10.1790483209009
323.519999999948 10.4615300214294
324.269999999947 9.85527277280227
325.019999999946 9.24000813225053
325.769999999945 9.51064824902091
326.519999999945 10.668602322097
327.269999999944 10.0444386093361
328.019999999943 10.3023181971567
328.769999999943 9.66188468374226
329.519999999942 10.8141618743867
330.269999999941 11.0541666018921
331.019999999941 10.3908958840838
331.76999999994 10.6163108168629
332.519999999939 9.9348161402581
333.269999999939 10.1450726438981
334.019999999938 9.44903670491489
334.769999999937 9.6527801416902
335.519999999937 8.95748667458843
336.269999999936 10.0836588153827
337.019999999935 10.3022987283812
337.769999999935 10.5265878406033
338.519999999934 10.7311803212
339.269999999933 10.0224945210232
340.019999999933 9.30826492120419
340.769999999932 10.4181584338677
341.519999999931 10.6205128136074
342.26999999993 10.8147287811434
343.01999999993 10.0927923553453
343.769999999929 10.2746837379283
344.519999999928 10.4638239603857
345.269999999928 10.6321865821115
346.019999999927 9.88495012664283
346.769999999926 10.0416365889792
347.519999999926 9.28298344500973
348.269999999925 10.3377887281019
349.019999999924 9.56817468657509
349.769999999924 9.70242272725289
350.519999999923 9.83146845168223
351.269999999922 9.95480061671626
352.019999999922 9.16535403170875
352.769999999921 9.29196282881314
353.51999999992 9.40004980110056
354.26999999992 9.50336140018021
355.019999999919 8.69694783265082
355.769999999918 8.79146636217293
356.519999999918 7.97854791143712
357.269999999917 8.08687775405186
358.019999999916 8.20552578914209
358.769999999915 8.31986095576984
359.519999999915 8.42944002326719
360.269999999914 8.54784176271891
361.019999999913 8.64899234519809
361.769999999913 7.846718601081
362.519999999912 7.94005899760246
363.269999999911 8.02966803449001
364.019999999911 7.21871307993071
364.76999999991 7.31183738889648
365.519999999909 7.41252746934708
366.269999999909 7.52217773514834
367.019999999908 6.73373975110736
367.769999999907 6.8492536383151
368.519999999907 6.9767113250305
369.269999999906 6.19859126884448
370.019999999905 7.2241332850933
370.769999999905 6.46083572976412
371.519999999904 6.59523796695711
372.269999999903 6.73469349840606
373.019999999902 6.88062971372884
373.769999999902 6.13381768951973
374.519999999901 6.28264491068504
375.2699999999 6.42996223958854
376.0199999999 5.6841320236552
376.769999999899 5.84755574062239
377.519999999898 6.0273785428598
378.269999999898 6.19102242333919
379.019999999897 6.35532313703148
379.769999999896 6.5174934077016
380.519999999896 5.78611237449187
381.269999999895 5.95485158302322
382.019999999894 5.23025288260346
382.769999999894 5.41537997956465
383.519999999893 5.60624596663265
384.269999999892 5.80211570078542
385.019999999892 6.00068645098768
385.769999999891 5.30284947966789
386.51999999989 5.51561217485229
387.26999999989 4.8391254883296
388.019999999889 5.97919585245904
388.769999999888 5.31997640291478
389.519999999887 5.58806645626645
390.269999999887 5.85146795508072
391.019999999886 5.20970373742305
391.769999999885 5.48988703378966
392.519999999885 4.87221759263215
393.269999999884 6.09104684836703
394.019999999883 6.39482657893864
394.769999999883 5.77784140607286
395.519999999882 5.16678464228418
396.269999999881 6.40445476300687
397.019999999881 6.7164209756366
397.76999999988 7.02284453067842
398.519999999879 6.39778710199113
399.269999999879 6.69496251626589
400.019999999878 6.98775304123111
400.769999999877 7.2761225457909
401.519999999877 6.6269696021977
402.269999999876 6.91077170491952
403.019999999875 7.19075778449026
403.769999999875 7.46493477217131
404.519999999874 6.79401139147599
405.269999999873 7.05996569787499
406.019999999872 7.32135734821031
406.769999999872 7.57665155986536
407.519999999871 6.88081924148588
408.26999999987 7.12201235591639
409.01999999987 7.35769642503912
409.769999999869 7.60465462579432
410.519999999868 7.83012792743917
411.269999999868 7.10231101099159
412.019999999867 7.31386417147478
412.769999999866 7.51695918505313
413.519999999866 7.713316713217
414.269999999865 6.95524774288167
415.019999999864 7.14173158019006
415.769999999864 7.32567484704153
416.519999999863 7.50292891831301
417.269999999862 6.72779169402289
418.019999999862 6.89255637149611
418.769999999861 7.05102447895957
419.51999999986 6.25882283749488
420.26999999986 6.41098068389068
421.019999999859 6.5570977140144
421.769999999858 6.70059950583912
422.519999999857 6.84226422454467
423.269999999857 6.03710529550955
424.019999999856 6.17302053346983
424.769999999855 6.31027593461182
425.519999999855 5.51487367168036
426.269999999854 5.67319119863629
427.019999999853 5.84554222780243
427.769999999853 6.00766066835545
428.519999999852 6.18447814343915
429.269999999851 5.42159080370234
430.019999999851 5.5980721522415
430.76999999985 4.84220316343209
431.519999999849 5.03573765345009
432.269999999849 6.17607955803661
433.019999999848 5.43589365884375
433.769999999847 5.63162476435224
434.519999999847 4.88981502231817
435.269999999846 5.09782975206811
436.019999999845 5.30842037284053
436.769999999845 5.5186819221986
437.519999999844 5.73003661146643
438.269999999843 5.00295502471753
439.019999999842 5.21886282736673
439.769999999842 5.43325377457977
440.519999999841 5.64607680381286
441.26999999984 5.85754709282705
442.01999999984 5.12675390520052
442.769999999839 5.33661172371017
443.519999999838 5.54777047800058
444.269999999838 4.81629840189037
445.019999999837 5.03216273396886
445.769999999836 5.25088678556923
446.519999999836 5.47241078466257
447.269999999835 4.75102119716838
448.019999999834 4.97882713759507
448.769999999834 5.21181908048262
449.519999999833 4.50581919921858
450.269999999832 4.75067999174774
451.019999999832 4.05625247794126
451.769999999831 4.31317363864645
452.51999999983 5.50146463544371
453.26999999983 5.75118125756836
454.019999999829 5.04812823211548
454.769999999828 4.34998290600468
455.519999999827 5.546092524391
456.269999999827 4.83507570462107
457.019999999826 4.13004194728103
457.769999999825 5.33093388100892
458.519999999825 5.57933676745077
459.269999999824 4.87381151031086
460.019999999823 5.12990449590281
460.769999999823 5.39130795707076
461.519999999822 5.65524374561869
462.269999999821 5.91788513259204
463.019999999821 6.17793984953016
463.76999999982 5.47255143647283
464.519999999819 5.72284046174896
465.269999999819 5.9669572204566
466.019999999818 5.24375318835244
466.769999999817 5.48332918364097
467.519999999817 5.71890793490246
468.269999999816 5.93468766498473
469.019999999815 5.19522891058695
469.769999999815 5.4195003194938
470.519999999814 5.64198467832859
471.269999999813 4.89922347358762
472.019999999812 5.12289374331846
472.769999999812 5.34637201022095
473.519999999811 5.57135168801854
474.26999999981 5.79453136600898
475.01999999981 5.04996309101808
475.769999999809 5.27047462496865
476.519999999808 5.49192266071096
477.269999999808 5.71275221426608
478.019999999807 5.93056939446221
478.769999999806 6.14415692396263
479.519999999806 5.38881873525964
480.269999999805 5.59539956436939
481.019999999804 5.79983729284566
481.769999999804 6.00439622892307
482.519999999803 5.24311739453999
483.269999999802 5.42932623236679
484.019999999802 5.62761535501172
484.769999999801 4.86353732407895
485.5199999998 5.06465119178949
486.269999999799 5.2667273738395
487.019999999799 5.46730509131462
487.769999999798 5.66627250751682
488.519999999797 4.90142365861482
489.269999999797 5.09982699720808
490.019999999796 5.29924041290801
490.769999999795 4.54033421715838
491.519999999795 3.79111630388134
492.269999999794 4.9700689696271
493.019999999793 5.18788409092198
493.769999999793 5.40282154237501
494.519999999792 4.65340390234009
495.269999999791 4.87003661082879
496.019999999791 5.08847402464669
496.76999999979 4.34399040944899
497.519999999789 4.56530384150942
498.269999999789 3.82988519919015
499.019999999788 5.00821062954163
499.769999999787 5.23856339255009
500.519999999787 4.50198267206664
501.269999999786 3.76712910571329
502.019999999785 4.96136312514429
502.769999999784 4.22929318362702
503.519999999784 3.50199223789651
504.269999999783 3.73616175962513
505.019999999782 4.96753029268588
505.769999999782 5.23410607413949
506.519999999781 5.49927593584967
507.26999999978 4.79296399984122
508.01999999978 5.05139329900347
508.769999999779 5.30671335900422
509.519999999778 4.58914826963836
510.269999999778 4.8404312864843
511.019999999777 5.0919095097266
511.769999999776 5.34211435478558
512.519999999776 5.58898721197338
513.269999999775 4.86115324966841
514.019999999774 5.10250755571521
514.769999999774 5.3413356954483
515.519999999773 4.60497336597134
516.269999999772 4.84448075165205
517.019999999772 5.08613887195128
517.769999999771 5.3258206214847
518.51999999977 4.58908021231006
519.26999999977 4.83213196515871
520.019999999769 5.08016375010118
520.769999999768 4.35315615479981
521.519999999767 4.60900838236158
522.269999999767 3.90165144151355
523.019999999766 5.19104962360491
523.769999999765 5.51269619199069
524.519999999765 5.82821505316739
525.269999999764 5.15644832497623
526.019999999763 5.44788305927421
526.769999999763 5.75009792601269
527.519999999762 5.06138890698812
528.269999999761 6.33968482850562
529.019999999761 5.63915952300367
529.76999999976 5.91771537136796
530.519999999759 6.18940929708788
531.269999999759 5.46540174282557
532.019999999758 5.72737851286974
532.769999999757 5.98640817912244
533.519999999757 5.2490147812946
534.269999999756 6.49419560783693
535.019999999755 4.77670476158021
535.769999999755 6.06222122479485
536.519999999754 6.38243294693741
537.269999999753 5.70100755127445
538.019999999752 6.00526741843376
538.769999999752 5.30746981965037
539.519999999751 6.5961012709731
540.26999999975 5.88367260667837
541.01999999975 6.16171621609685
541.769999999749 6.43043307697634
542.519999999748 6.69069280297515
543.269999999748 6.9421331975056
544.019999999747 6.18739596222909
544.769999999746 6.42180685636749
545.519999999746 6.64868491790551
546.269999999745 5.87096715637932
547.019999999744 6.08807323670013
547.769999999744 6.29936299140779
548.519999999743 6.50382111403982
549.269999999742 5.70858282517467
550.019999999742 4.91518019809363
550.769999999741 5.11997290466879
551.51999999974 6.31955412652164
552.26999999974 6.52124786989141
553.019999999739 5.72413492684324
553.769999999738 5.91404239228085
554.519999999737 6.09896275892904
555.269999999737 6.27699038297551
556.019999999736 6.4478548635374
556.769999999735 5.62555292644296
557.519999999735 5.78453248182558
558.269999999734 5.93888326254618
559.019999999733 6.08925997957232
559.769999999733 5.25584954558428
560.519999999732 5.40174753111556
561.269999999731 5.5440308646452
562.019999999731 5.69740359562878
562.76999999973 4.8613257694089
563.519999999729 4.99988743810004
564.269999999729 5.13876728291737
565.019999999728 5.27758789146427
565.769999999727 4.44712252906183
566.519999999727 3.63065302322784
567.269999999726 4.78747170082701
568.019999999725 4.01187197373962
568.769999999725 4.20658258352062
569.519999999724 4.40547010616549
570.269999999723 4.60678079873672
571.019999999722 4.80784394784769
571.769999999722 5.00736924230524
572.519999999721 4.24114741572946
573.26999999972 3.48170248547801
574.01999999972 3.71562572559864
574.769999999719 3.96870750363439
575.519999999718 4.22576187809432
576.269999999718 4.48191086887904
577.019999999717 4.73623150553789
577.769999999716 4.98895486380221
578.519999999716 4.26990070330511
579.269999999715 3.55415761330398
580.019999999714 4.79951564069704
580.769999999714 4.10007143641091
581.519999999713 4.36926812543995
582.269999999712 4.63737627420009
583.019999999712 4.90400126154062
583.769999999711 4.193942083611
584.51999999971 4.45594187228458
585.26999999971 4.71456571578197
586.019999999709 4.97055963537699
586.769999999708 4.24635198938842
587.519999999707 4.50250160091022
588.269999999707 4.7598282450281
589.019999999706 4.03727041317674
589.769999999705 4.31039710562955
590.519999999705 4.58524550112194
591.269999999704 3.8816836976871
592.019999999703 4.19656885505276
592.769999999703 3.55838901973887
593.519999999702 4.95038572470839
594.269999999701 4.37702217047938
595.019999999701 5.78444985028186
595.7699999997 5.19735080560889
596.519999999699 5.59492754739414
597.269999999699 5.98337371804682
598.019999999698 6.36314286664667
598.769999999697 6.73341796493227
599.519999999697 6.08735519335633
600.269999999696 5.42874601973304
601.019999999695 6.79310821007876
601.769999999695 7.12461971931312
602.519999999694 7.44607222749343
603.269999999693 6.74399650540733
604.019999999692 7.04423072572983
604.769999999692 7.33470808143913
605.519999999691 6.60022612779366
606.26999999969 6.87048850091346
607.01999999969 7.13017195135059
607.769999999689 7.37974090396217
608.519999999688 7.61904146482571
609.269999999688 6.83438157212774
610.019999999687 7.05344537892603
610.769999999686 7.26217025886117
611.519999999686 7.46055087408307
612.269999999685 6.63932787006356
613.019999999684 5.81403022291785
613.769999999684 7.00802571616063
614.519999999683 6.18828966589245
615.269999999682 4.36079243091223
616.019999999682 6.58707029464551
616.769999999681 6.81195284329782
617.51999999968 6.02553008319477
618.269999999679 6.23499846845886
619.019999999679 6.43529603721267
619.769999999678 6.62824970801708
620.519999999677 6.81529417729956
621.269999999677 5.99683428970974
622.019999999676 6.17400999899362
622.769999999675 6.34628719054452
623.519999999675 6.51101053986882
624.269999999674 5.67701653874217
625.019999999673 5.83119009215396
625.769999999673 5.97952020653358
626.519999999672 6.1221282478131
627.269999999671 5.27271458540878
628.019999999671 5.40834784629113
628.76999999967 5.53896365456533
629.519999999669 5.66558068964048
630.269999999669 4.80955939777476
631.019999999668 4.93596939376337
631.769999999667 5.06489256532562
632.519999999667 4.22199288449753
633.269999999666 5.34600998607055
634.019999999665 4.52698251661187
634.769999999664 4.68409035732768
635.519999999664 4.84148457643984
636.269999999663 4.9982338030353
637.019999999662 4.18713045962834
637.769999999662 4.36155083495792
638.519999999661 3.56151763680244
639.26999999966 3.7507322799882
640.01999999966 3.96319448793641
640.769999999659 4.18616694056189
641.519999999658 3.44649417561136
642.269999999658 3.67201600276988
643.019999999657 3.90534945482473
643.769999999656 3.17441258641492
644.519999999656 3.40040558867829
645.269999999655 4.5913152544224
646.019999999654 3.84907896173532
646.769999999654 4.07329572460151
647.519999999653 4.29912196471019
648.269999999652 3.55802986521219
649.019999999652 3.78987388867889
649.769999999651 4.02752916870026
650.51999999965 4.26665580494453
651.269999999649 4.50559577773357
652.019999999649 3.77619545481711
652.769999999648 4.01804277244392
653.519999999647 3.2905525051374
654.269999999647 4.49938156502403
655.019999999646 3.76598073231309
655.769999999645 3.03667861557493
656.519999999645 4.25482622552645
657.269999999644 4.50433952592818
658.019999999643 3.78081138760774
658.769999999643 4.02858374155178
659.519999999642 4.27560276094888
660.269999999641 4.52303109513254
661.019999999641 4.76987703144241
661.76999999964 4.03938214725365
662.519999999639 4.28029016899379
663.269999999639 4.5197888844606
664.019999999638 3.78319319276579
664.769999999637 4.02504562234933
665.519999999637 4.26840706954611
666.269999999636 4.51255769599993
667.019999999635 4.76002580153916
667.769999999634 4.02710863163144
668.519999999634 4.27054348560597
669.269999999633 4.51359103412949
670.019999999632 4.7549703512873
670.769999999632 4.01572510110974
671.519999999631 4.25484788385456
672.26999999963 3.51644486917576
673.01999999963 4.73441932413158
673.769999999629 4.97352679316363
674.519999999628 4.23043766278957
675.269999999628 4.46323696664321
676.019999999627 3.71563805445696
676.769999999626 3.9487652943367
677.519999999626 4.17888039649329
678.269999999625 3.43229171442604
679.019999999624 2.68838696585054
679.769999999624 2.96345948775424
680.519999999623 3.28919908004969
681.269999999622 4.65901010539246
682.019999999622 5.06085187319327
682.769999999621 4.46587154884714
683.51999999962 4.85022159085381
684.269999999619 4.2332699516924
685.019999999619 5.63671999705539
685.769999999618 6.05630452941451
686.519999999617 5.4638674396274
687.269999999617 5.8618985446132
688.019999999616 5.24231509287457
688.769999999615 6.62771283697066
689.519999999615 5.98414768856096
690.269999999614 6.34057089250338
691.019999999613 6.68702474753846
691.769999999613 6.00740225429986
692.519999999612 6.3324911678996
693.269999999611 6.64800312570835
694.019999999611 6.95344305443795
694.76999999961 6.22971073658231
695.519999999609 6.5155810521262
696.269999999609 6.7914495554676
697.019999999608 7.05718791576339
697.769999999607 7.31229576968216
698.519999999607 6.53796502800763
699.269999999606 6.77434859191579
700.019999999605 5.9856922440261
700.769999999604 7.22685713439687
701.519999999604 6.4250480045203
702.269999999603 5.61891266453819
703.019999999602 4.82555738202904
703.769999999602 4.09214649485586
704.519999999601 3.42108039518275
705.2699999996 2.80969229304301
706.0199999996 2.25676403515839
706.769999999599 1.76129483714327
707.519999999598 1.32247372077741
708.269999999598 0.939674898022739
709.019999999597 0.612456221551853
709.769999999596 0.34056079503929
710.519999999596 0.123921946277291
711.269999999595 0.1
712.019999999594 0.1
712.769999999594 0.1
713.519999999593 0.1
714.269999999592 0.1
715.019999999592 0.1
715.769999999591 0.1
716.51999999959 0.1
717.269999999589 0.1
718.019999999589 0.1
718.769999999588 0.1
719.519999999587 0.1
720.269999999587 0.1
721.019999999586 0.1
721.769999999585 0.1
722.519999999585 0.1
723.269999999584 0.1
724.019999999583 0.1
724.769999999583 0.1
725.519999999582 0.1
726.269999999581 0.1
727.019999999581 0.1
727.76999999958 0.1
728.519999999579 0.1
729.269999999579 0.1
730.019999999578 0.1
730.769999999577 0.1
731.519999999576 0.1
732.269999999576 0.1
733.019999999575 0.1
733.769999999574 0.1
734.519999999574 0.1
735.269999999573 0.1
736.019999999572 0.1
736.769999999572 0.1
737.519999999571 0.1
738.26999999957 0.1
739.01999999957 0.1
739.769999999569 0.1
740.519999999568 0.1
741.269999999568 0.1
742.019999999567 0.1
742.769999999566 0.1
743.519999999566 0.1
744.269999999565 0.1
745.019999999564 0.1
745.769999999564 0.1
746.519999999563 0.1
747.269999999562 0.1
748.019999999561 0.1
748.769999999561 0.1
749.51999999956 0.1
750.269999999559 0.1
751.019999999559 0.1
751.769999999558 0.1
752.519999999557 0.1
753.269999999557 0.1
754.019999999556 0.1
754.769999999555 0.1
755.519999999555 0.1
756.269999999554 0.1
757.019999999553 0.1
757.769999999553 0.1
758.519999999552 0.1
759.269999999551 0.1
760.019999999551 0.1
760.76999999955 0.1
761.519999999549 0.1
762.269999999549 0.1
763.019999999548 0.1
763.769999999547 0.1
764.519999999546 0.1
765.269999999546 0.1
766.019999999545 0.1
766.769999999544 0.1
767.519999999544 0.1
768.269999999543 0.1
769.019999999542 0.1
769.769999999542 0.1
770.519999999541 0.1
771.26999999954 0.1
772.01999999954 0.1
772.769999999539 0.1
773.519999999538 0.1
774.269999999538 0.1
775.019999999537 0.1
775.769999999536 0.1
776.519999999536 0.1
777.269999999535 0.1
778.019999999534 0.1
778.769999999534 0.1
779.519999999533 0.1
780.269999999532 0.1
781.019999999531 0.1
781.769999999531 0.1
782.51999999953 0.1
783.269999999529 0.1
784.019999999529 0.1
784.769999999528 0.1
785.519999999527 0.1
786.269999999527 0.1
787.019999999526 0.1
787.769999999525 0.1
788.519999999525 0.1
789.269999999524 0.1
790.019999999523 0.1
790.769999999523 0.1
791.519999999522 0.1
792.269999999521 0.1
793.019999999521 0.1
793.76999999952 0.1
794.519999999519 0.1
795.269999999519 0.1
796.019999999518 0.1
796.769999999517 0.1
797.519999999516 0.1
798.269999999516 0.1
799.019999999515 0.1
799.769999999514 0.1
