16.7999999999999 1.948
17.5499999999999 1.8795
18.2999999999999 1.8795
19.05 1.823
19.8 1.76350000000001
20.55 1.69200000000001
21.3000000000001 1.69200000000001
22.0500000000001 1.61900000000001
22.8000000000001 1.55950000000001
23.5500000000001 1.48800000000001
24.3000000000002 1.48800000000001
25.0500000000002 1.42700000000001
25.8000000000002 1.42700000000001
26.5500000000002 1.31850000000002
27.3000000000003 1.31850000000002
28.0500000000003 1.25900000000002
28.8000000000003 1.19200000000002
29.5500000000004 1.19200000000002
30.3000000000004 1.06550000000002
31.0500000000004 1.06550000000002
31.8000000000004 1.00150000000002
32.5500000000005 0.933000000000023
33.3000000000005 0.933000000000023
34.0500000000005 0.866000000000025
34.8000000000006 0.821500000000027
35.5500000000006 0.821500000000027
36.3000000000006 0.754500000000028
37.0500000000006 0.754500000000028
37.8000000000007 0.763500000000029
38.5500000000007 0.763500000000029
39.3000000000007 0.768000000000029
40.0500000000008 0.78600000000003
40.8000000000008 0.79350000000003
41.5500000000008 0.814500000000031
42.3000000000008 0.80250000000003
43.0500000000009 0.80250000000003
43.8000000000009 0.80250000000003
44.5500000000009 0.837000000000031
45.300000000001 0.80250000000003
46.050000000001 0.80250000000003
46.800000000001 0.80850000000003
47.550000000001 0.80850000000003
48.3000000000011 0.831000000000031
49.0500000000011 0.831000000000031
49.8000000000011 0.831000000000031
50.5500000000012 0.861000000000032
51.3000000000012 0.859500000000032
52.0500000000012 0.856500000000032
52.8000000000012 0.856500000000032
53.5500000000013 0.856500000000032
54.3000000000013 0.856500000000032
55.0500000000013 0.856500000000032
55.8000000000014 0.846000000000032
56.5500000000014 0.846000000000032
57.3000000000014 0.846000000000032
58.0500000000014 0.838500000000032
58.8000000000015 0.838500000000032
59.5500000000015 0.822000000000031
60.3000000000015 0.817500000000031
61.0500000000016 0.817500000000031
61.8000000000016 0.817500000000031
62.5500000000016 0.844500000000032
63.3000000000016 0.847500000000032
64.0500000000017 0.847500000000032
64.8000000000017 0.868500000000033
65.5500000000017 0.874500000000033
66.3000000000017 0.874500000000033
67.0500000000018 0.862500000000032
67.8000000000018 0.862500000000032
68.5500000000018 0.856500000000032
69.3000000000019 0.829500000000031
70.0500000000019 0.832500000000031
70.8000000000019 0.832500000000031
71.5500000000019 0.832500000000031
72.300000000002 0.838500000000031
73.050000000002 0.820500000000031
73.800000000002 0.820500000000031
74.5500000000021 0.817500000000031
75.3000000000021 0.826500000000031
76.0500000000021 0.826500000000031
76.8000000000021 0.862500000000032
77.5500000000022 0.852000000000032
78.3000000000022 0.856500000000032
79.0500000000022 0.846000000000032
79.8000000000023 0.846000000000032
80.5500000000023 0.855000000000032
81.3000000000023 0.81000000000003
82.0500000000023 0.772500000000029
82.8000000000024 0.772500000000029
83.5500000000024 0.79050000000003
84.3000000000024 0.768000000000029
85.0500000000025 0.771000000000029
85.8000000000025 0.771000000000029
86.5500000000025 0.763500000000029
87.3000000000025 0.765000000000029
88.0500000000026 0.765000000000029
88.8000000000026 0.78900000000003
89.5500000000026 0.78900000000003
90.3000000000027 0.79950000000003
91.0500000000027 0.79950000000003
91.8000000000027 0.814500000000031
92.5500000000027 0.828000000000031
93.3000000000028 0.819000000000031
94.0500000000028 0.823500000000031
94.8000000000028 0.823500000000031
95.5500000000029 0.843000000000032
96.3000000000029 0.816000000000031
97.0500000000029 0.823500000000031
97.8000000000029 0.831000000000031
98.550000000003 0.831000000000031
99.300000000003 0.859500000000033
100.050000000003 0.859500000000033
100.800000000003 0.859500000000033
101.550000000003 0.859500000000033
102.300000000003 0.874500000000033
103.050000000003 0.874500000000033
103.800000000003 0.892500000000034
104.550000000003 0.892500000000034
105.300000000003 0.973500000000037
106.050000000003 0.960000000000036
106.800000000003 0.967500000000037
107.550000000003 0.928500000000035
108.300000000003 0.928500000000035
109.050000000003 0.931500000000035
109.800000000003 0.916500000000035
110.550000000003 0.916500000000035
111.300000000003 0.903000000000034
112.050000000003 0.882000000000033
112.800000000004 0.886500000000034
113.550000000004 0.879000000000033
114.300000000004 0.879000000000033
115.050000000004 0.879000000000033
115.800000000004 0.885000000000034
116.550000000004 0.904500000000034
117.300000000004 0.898500000000034
118.050000000004 0.894000000000034
118.800000000004 0.876000000000033
119.550000000004 0.864000000000033
120.300000000004 0.864000000000033
121.050000000004 0.868500000000033
121.800000000004 0.868500000000033
122.550000000004 0.855000000000032
123.300000000004 0.855000000000032
124.050000000004 0.79950000000003
124.800000000004 0.772500000000029
125.550000000004 0.772500000000029
126.300000000004 0.78300000000003
127.050000000004 0.78150000000003
127.800000000004 0.79500000000003
128.550000000004 0.79200000000003
129.300000000004 0.79200000000003
130.050000000004 0.807000000000031
130.800000000004 0.811500000000031
131.550000000004 0.820500000000031
132.300000000004 0.820500000000031
133.050000000004 0.820500000000031
133.800000000004 0.820500000000031
134.550000000004 0.820500000000031
135.300000000004 0.79650000000003
136.050000000004 0.774000000000029
136.800000000004 0.765000000000029
137.550000000004 0.757500000000029
138.300000000004 0.748500000000028
139.050000000005 0.748500000000028
139.800000000005 0.748500000000028
140.550000000005 0.79650000000003
141.300000000005 0.79350000000003
142.050000000005 0.832500000000032
142.800000000005 0.828000000000031
143.550000000005 0.828000000000031
144.300000000005 0.828000000000031
145.050000000005 0.838500000000032
145.800000000005 0.823500000000031
146.550000000005 0.828000000000031
147.300000000005 0.828000000000031
148.050000000005 0.828000000000031
148.800000000005 0.873000000000033
149.550000000005 0.873000000000033
150.300000000005 0.870000000000033
151.050000000005 0.870000000000033
151.800000000005 0.864000000000033
152.550000000005 0.879000000000033
153.300000000005 0.879000000000033
154.050000000005 0.879000000000033
154.800000000005 0.864000000000033
155.550000000005 0.871500000000033
156.300000000005 0.871500000000033
157.050000000005 0.897000000000034
157.800000000005 0.897000000000034
158.550000000005 0.919500000000035
159.300000000005 0.883500000000033
160.050000000005 0.879000000000033
160.800000000005 0.879000000000033
161.550000000005 0.823500000000031
162.300000000005 0.822000000000031
163.050000000005 0.822000000000031
163.800000000005 0.832500000000032
164.550000000005 0.814500000000031
165.300000000005 0.813000000000031
166.050000000006 0.813000000000031
166.800000000006 0.831000000000031
167.550000000006 0.78300000000003
168.300000000006 0.78300000000003
169.050000000006 0.813000000000031
169.800000000006 0.841500000000032
170.550000000006 0.838500000000032
171.300000000006 0.844500000000032
172.050000000006 0.834000000000032
172.800000000006 0.834000000000032
173.550000000006 0.864000000000033
174.300000000006 0.861000000000033
175.050000000006 0.861000000000033
175.800000000006 0.892500000000034
176.550000000006 0.876000000000033
177.300000000006 0.877500000000033
178.050000000006 0.877500000000033
178.800000000006 0.880500000000033
179.550000000006 0.880500000000033
180.300000000006 0.894000000000034
181.050000000006 0.877500000000033
181.800000000006 0.877500000000033
182.550000000006 0.888000000000034
183.300000000006 0.906000000000034
184.050000000006 0.919500000000035
184.800000000006 0.919500000000035
185.550000000006 0.942000000000036
186.300000000006 0.931500000000035
187.050000000006 0.928500000000035
187.800000000006 0.894000000000034
188.550000000006 0.894000000000034
189.300000000006 0.858000000000033
190.050000000006 0.864000000000033
190.800000000006 0.859500000000033
191.550000000006 0.859500000000033
192.300000000007 0.877500000000033
193.050000000007 0.856500000000032
193.800000000007 0.853500000000032
194.550000000007 0.853500000000032
195.300000000007 0.816000000000031
196.050000000007 0.807000000000031
196.800000000007 0.811500000000031
197.550000000007 0.811500000000031
198.300000000007 0.78450000000003
199.050000000007 0.79650000000003
199.800000000007 0.78750000000003
200.550000000007 0.78750000000003
201.300000000007 0.78300000000003
202.050000000007 0.777000000000029
202.800000000007 0.777000000000029
203.550000000007 0.79500000000003
204.300000000007 0.817500000000031
205.050000000007 0.810000000000031
205.800000000007 0.79650000000003
206.550000000007 0.79500000000003
207.300000000007 0.79500000000003
208.050000000007 0.78900000000003
208.800000000007 0.78450000000003
209.550000000007 0.775500000000029
210.300000000007 0.775500000000029
211.050000000007 0.775500000000029
211.800000000007 0.79650000000003
212.550000000007 0.79650000000003
213.300000000007 0.80250000000003
214.050000000007 0.810000000000031
214.800000000007 0.810000000000031
215.550000000007 0.834000000000032
216.300000000007 0.849000000000032
217.050000000007 0.861000000000033
217.800000000007 0.850500000000032
218.550000000008 0.850500000000032
219.300000000008 0.853500000000032
220.050000000008 0.858000000000033
220.800000000008 0.856500000000032
221.550000000008 0.856500000000032
222.300000000008 0.868500000000033
223.050000000008 0.822000000000031
223.800000000008 0.822000000000031
224.550000000008 0.79950000000003
225.300000000008 0.79950000000003
226.050000000008 0.79800000000003
226.800000000008 0.79800000000003
227.550000000008 0.80250000000003
228.300000000008 0.80250000000003
229.050000000008 0.80250000000003
229.800000000008 0.80250000000003
230.550000000008 0.79800000000003
231.300000000008 0.79800000000003
232.050000000008 0.813000000000031
232.800000000008 0.80100000000003
233.550000000008 0.79500000000003
234.300000000008 0.79500000000003
235.050000000008 0.769500000000029
235.800000000008 0.769500000000029
236.550000000008 0.769500000000029
237.300000000008 0.769500000000029
238.050000000008 0.79650000000003
238.800000000008 0.79950000000003
239.550000000008 0.79200000000003
240.300000000008 0.79200000000003
241.050000000008 0.825000000000031
241.800000000008 0.813000000000031
242.550000000008 0.814500000000031
243.300000000008 0.78900000000003
244.050000000008 0.78900000000003
244.800000000009 0.79500000000003
245.550000000009 0.810000000000031
246.300000000009 0.810000000000031
247.050000000009 0.826500000000031
247.800000000009 0.835500000000032
248.550000000009 0.834000000000032
249.300000000009 0.810000000000031
250.050000000009 0.810000000000031
250.800000000009 0.813000000000031
251.550000000009 0.78900000000003
252.300000000009 0.78900000000003
253.050000000009 0.78900000000003
253.800000000009 0.862500000000033
254.550000000009 0.867000000000033
255.300000000009 0.852000000000032
256.050000000009 0.852000000000032
256.800000000008 0.872999999999995
257.550000000008 0.856499999999951
258.300000000007 0.856499999999951
259.050000000006 0.878999999999888
259.800000000005 0.895499999999846
260.550000000005 0.871499999999807
261.300000000004 0.86849999999978
262.050000000003 0.871499999999749
262.800000000003 0.871499999999749
263.550000000002 0.869999999999723
264.300000000001 0.865499999999693
265.050000000001 0.851999999999661
265.8 0.851999999999661
266.549999999999 0.833999999999632
267.299999999999 0.835499999999593
268.049999999998 0.838499999999561
268.799999999997 0.838499999999561
269.549999999997 0.839999999999527
270.299999999996 0.830999999999501
271.049999999995 0.827999999999471
271.799999999995 0.827999999999471
272.549999999994 0.84599999999942
273.299999999993 0.84599999999942
274.049999999993 0.803999999999365
274.799999999992 0.827999999999305
275.549999999991 0.829499999999273
276.29999999999 0.788999999999282
277.04999999999 0.778499999999292
277.799999999989 0.739499999999327
278.549999999988 0.739499999999327
279.299999999988 0.739499999999327
280.049999999987 0.761999999999307
280.799999999986 0.763499999999306
281.549999999986 0.763499999999306
282.299999999985 0.761999999999307
283.049999999984 0.767999999999301
283.799999999984 0.767999999999301
284.549999999983 0.772499999999297
285.299999999982 0.767999999999301
286.049999999982 0.775499999999295
286.799999999981 0.775499999999295
287.54999999998 0.770999999999299
288.29999999998 0.772499999999297
289.049999999979 0.7694999999993
289.799999999978 0.776999999999293
290.549999999978 0.776999999999293
291.299999999977 0.785999999999285
292.049999999976 0.785999999999285
292.799999999975 0.787499999999284
293.549999999975 0.779999999999291
294.299999999974 0.743999999999323
295.049999999973 0.755999999999312
295.799999999973 0.755999999999312
296.549999999972 0.755999999999312
297.299999999971 0.770999999999299
298.049999999971 0.775499999999295
298.79999999997 0.775499999999295
299.549999999969 0.749999999999318
300.299999999969 0.754499999999314
301.049999999968 0.770999999999299
301.799999999967 0.775499999999295
302.549999999967 0.775499999999295
303.299999999966 0.785999999999285
304.049999999965 0.782999999999288
304.799999999965 0.787499999999284
305.549999999964 0.787499999999284
306.299999999963 0.797999999999274
307.049999999962 0.814499999999259
307.799999999962 0.814499999999259
308.549999999961 0.829499999999246
309.29999999996 0.829499999999246
310.04999999996 0.829499999999246
310.799999999959 0.829499999999246
311.549999999958 0.829499999999246
312.299999999958 0.893999999999187
313.049999999957 0.928499999999156
313.799999999956 0.940499999999145
314.549999999956 0.940499999999145
315.299999999955 0.93449999999915
316.049999999954 0.943499999999142
316.799999999954 0.943499999999142
317.549999999953 0.96749999999912
318.299999999952 0.96749999999912
319.049999999952 0.955499999999131
319.799999999951 0.96749999999912
320.54999999995 0.96749999999912
321.29999999995 0.961499999999125
322.049999999949 0.953999999999132
322.799999999948 0.941999999999143
323.549999999947 0.949499999999136
324.299999999947 0.949499999999136
325.049999999946 0.949499999999136
325.799999999945 0.997499999999093
326.549999999945 1.00049999999909
327.299999999944 1.00049999999909
328.049999999943 0.985499999999104
328.799999999943 0.985499999999104
329.549999999942 1.02149999999907
330.299999999941 0.943499999999142
331.049999999941 0.943499999999142
331.79999999994 0.944999999999141
332.549999999939 0.944999999999141
333.299999999939 0.892499999999188
334.049999999938 0.892499999999188
334.799999999937 0.925499999999158
335.549999999937 0.925499999999158
336.299999999936 0.949499999999136
337.049999999935 0.914999999999168
337.799999999935 0.908999999999173
338.549999999934 0.899999999999181
339.299999999933 0.899999999999181
340.049999999932 0.899999999999181
340.799999999932 0.970499999999117
341.549999999931 0.982499999999106
342.29999999993 0.982499999999106
343.04999999993 0.982499999999106
343.799999999929 0.971999999999116
344.549999999928 0.935999999999149
345.299999999928 0.892499999999188
346.049999999927 0.892499999999188
346.799999999926 0.896999999999184
347.549999999926 0.896999999999184
348.299999999925 0.880499999999199
349.049999999924 0.880499999999199
349.799999999924 0.875999999999203
350.549999999923 0.883499999999196
351.299999999922 0.887999999999192
352.049999999922 0.887999999999192
352.799999999921 0.863999999999214
353.54999999992 0.892499999999188
354.29999999992 0.838499999999237
355.049999999919 0.838499999999237
355.799999999918 0.820499999999254
356.549999999917 0.820499999999254
357.299999999917 0.874499999999205
358.049999999916 0.893999999999187
358.799999999915 0.899999999999181
359.549999999915 0.832499999999243
360.299999999914 0.808499999999265
361.049999999913 0.800999999999272
361.799999999913 0.800999999999272
362.549999999912 0.803999999999269
363.299999999911 0.803999999999269
364.049999999911 0.803999999999269
364.79999999991 0.814499999999259
365.549999999909 0.841499999999235
366.299999999909 0.838499999999237
367.049999999908 0.838499999999237
367.799999999907 0.836999999999239
368.549999999907 0.838499999999237
369.299999999906 0.838499999999237
370.049999999905 0.860999999999217
370.799999999905 0.860999999999217
371.549999999904 0.86849999999921
372.299999999903 0.881999999999198
373.049999999902 0.860999999999217
373.799999999902 0.860999999999217
374.549999999901 0.863999999999214
375.2999999999 0.850499999999226
376.0499999999 0.850499999999226
376.799999999899 0.814499999999259
377.549999999898 0.80249999999927
378.299999999898 0.799499999999273
379.049999999897 0.796499999999276
379.799999999896 0.790499999999281
380.549999999896 0.790499999999281
381.299999999895 0.794999999999277
382.049999999894 0.794999999999277
382.799999999894 0.811499999999262
383.549999999893 0.817499999999256
384.299999999892 0.796499999999276
385.049999999892 0.772499999999297
385.799999999891 0.772499999999297
386.54999999989 0.79199999999928
387.29999999989 0.79199999999928
388.049999999889 0.836999999999239
388.799999999888 0.836999999999239
389.549999999887 0.829499999999246
390.299999999887 0.841499999999235
391.049999999886 0.841499999999235
391.799999999885 0.865499999999213
392.549999999885 0.865499999999213
393.299999999884 0.902999999999179
394.049999999883 0.895499999999186
394.799999999883 0.895499999999186
395.549999999882 0.895499999999186
396.299999999881 0.928499999999156
397.049999999881 0.922499999999161
397.79999999988 0.929999999999154
398.549999999879 0.929999999999154
399.299999999879 0.93449999999915
400.049999999878 0.938999999999146
400.799999999877 0.943499999999142
401.549999999877 0.943499999999142
402.299999999876 0.941999999999143
403.049999999875 0.932999999999151
403.799999999875 0.937499999999147
404.549999999874 0.937499999999147
405.299999999873 0.953999999999132
406.049999999872 0.941999999999143
406.799999999872 0.902999999999179
407.549999999871 0.902999999999179
408.29999999987 0.893999999999187
409.04999999987 0.893999999999187
409.799999999869 0.89099999999919
410.549999999868 0.851999999999225
411.299999999868 0.851999999999225
412.049999999867 0.803999999999269
412.799999999866 0.800999999999272
413.549999999866 0.803999999999269
414.299999999865 0.803999999999269
415.049999999864 0.775499999999295
415.799999999864 0.766499999999303
416.549999999863 0.773999999999296
417.299999999862 0.773999999999296
418.049999999862 0.764999999999304
418.799999999861 0.763499999999306
419.54999999986 0.763499999999306
420.299999999859 0.7694999999993
421.049999999859 0.757499999999311
421.799999999858 0.751499999999316
422.549999999857 0.752999999999315
423.299999999857 0.752999999999315
424.049999999856 0.749999999999318
424.799999999855 0.748499999999319
425.549999999855 0.748499999999319
426.299999999854 0.787499999999284
427.049999999853 0.787499999999284
427.799999999853 0.794999999999277
428.549999999852 0.770999999999299
429.299999999851 0.770999999999299
430.049999999851 0.767999999999301
430.79999999985 0.767999999999301
431.549999999849 0.820499999999254
432.299999999849 0.814499999999259
433.049999999848 0.814499999999259
433.799999999847 0.809999999999263
434.549999999847 0.809999999999263
435.299999999846 0.820499999999254
436.049999999845 0.82499999999925
436.799999999844 0.817499999999256
437.549999999844 0.826499999999248
438.299999999843 0.826499999999248
439.049999999842 0.838499999999237
439.799999999842 0.82499999999925
440.549999999841 0.832499999999243
441.29999999984 0.823499999999251
442.04999999984 0.823499999999251
442.799999999839 0.82499999999925
443.549999999838 0.82499999999925
444.299999999838 0.82499999999925
445.049999999837 0.818999999999255
445.799999999836 0.778499999999292
446.549999999836 0.776999999999293
447.299999999835 0.776999999999293
448.049999999834 0.796499999999276
448.799999999834 0.823499999999251
449.549999999833 0.823499999999251
450.299999999832 0.860999999999217
451.049999999832 0.860999999999217
451.799999999831 0.914999999999168
452.54999999983 0.905999999999176
453.299999999829 0.908999999999173
454.049999999829 0.908999999999173
454.799999999828 0.908999999999173
455.549999999827 0.917999999999165
456.299999999827 0.917999999999165
457.049999999826 0.917999999999165
457.799999999825 0.976499999999112
458.549999999825 0.979499999999109
459.299999999824 0.979499999999109
460.049999999823 1.02299999999907
460.799999999823 1.05449999999904
461.549999999822 1.06349999999903
462.299999999821 1.07249999999902
463.049999999821 1.06799999999903
463.79999999982 1.06799999999903
464.549999999819 1.05899999999904
465.299999999819 1.05149999999904
466.049999999818 1.05149999999904
466.799999999817 1.05899999999904
467.549999999817 1.02449999999907
468.299999999816 0.995999999999094
469.049999999815 0.995999999999094
469.799999999814 0.968999999999119
470.549999999814 0.92399999999916
471.299999999813 0.92399999999916
472.049999999812 0.92399999999916
472.799999999812 0.943499999999142
473.549999999811 0.958499999999128
474.29999999981 0.910499999999172
475.04999999981 0.910499999999172
475.799999999809 0.926999999999157
476.549999999808 0.886499999999194
477.299999999808 0.886499999999194
478.049999999807 0.869999999999209
478.799999999806 0.826499999999248
479.549999999806 0.826499999999248
480.299999999805 0.790499999999281
481.049999999804 0.790499999999281
481.799999999804 0.784499999999287
482.549999999803 0.784499999999287
483.299999999802 0.782999999999288
484.049999999802 0.788999999999282
484.799999999801 0.788999999999282
485.5499999998 0.803999999999269
486.299999999799 0.793499999999278
487.049999999799 0.797999999999274
487.799999999798 0.800999999999272
488.549999999797 0.800999999999272
489.299999999797 0.79199999999928
490.049999999796 0.800999999999272
490.799999999795 0.800999999999272
491.549999999795 0.800999999999272
492.299999999794 0.815999999999258
493.049999999793 0.799499999999273
493.799999999793 0.799499999999273
494.549999999792 0.799499999999273
495.299999999791 0.806999999999266
496.049999999791 0.79199999999928
496.79999999979 0.79199999999928
497.549999999789 0.799499999999273
498.299999999789 0.799499999999273
499.049999999788 0.85799999999922
499.799999999787 0.853499999999224
500.549999999787 0.853499999999224
501.299999999786 0.853499999999224
502.049999999785 0.893999999999187
502.799999999784 0.893999999999187
503.549999999784 0.893999999999187
504.299999999783 0.973499999999115
505.049999999782 0.998999999999091
505.799999999782 1.00349999999909
506.549999999781 0.997499999999093
507.29999999978 0.997499999999093
508.04999999978 0.998999999999091
508.799999999779 0.992999999999097
509.549999999778 0.992999999999097
510.299999999778 0.9899999999991
511.049999999777 0.944999999999141
511.799999999776 0.929999999999154
512.549999999776 0.935999999999152
513.299999999775 0.935999999999152
514.049999999774 0.941999999999146
514.799999999774 0.925499999999161
515.549999999773 0.925499999999161
516.299999999772 0.953999999999135
517.049999999772 0.946499999999142
517.799999999771 0.911999999999173
518.54999999977 0.911999999999173
519.29999999977 0.928499999999158
520.049999999769 0.946499999999142
520.799999999768 0.946499999999142
521.549999999767 0.934499999999153
522.299999999767 0.934499999999153
523.049999999766 0.938999999999149
523.799999999765 0.890999999999192
524.549999999765 0.89399999999919
525.299999999764 0.89399999999919
526.049999999763 0.910499999999175
526.799999999763 0.920999999999165
527.549999999762 0.920999999999165
528.299999999761 0.940499999999147
529.049999999761 0.940499999999147
529.79999999976 0.92699999999916
530.549999999759 0.916499999999169
531.299999999759 0.916499999999169
532.049999999758 0.952499999999137
532.799999999757 0.946499999999139
533.549999999757 0.946499999999139
534.299999999756 0.941999999999143
535.049999999755 1.00949999999908
535.799999999755 1.00949999999908
536.549999999754 1.00199999999909
537.299999999753 1.00199999999909
538.049999999752 1.00499999999909
538.799999999752 1.00499999999909
539.549999999751 0.998999999999091
540.29999999975 0.998999999999091
541.04999999975 0.983999999999105
541.799999999749 0.919499999999164
542.549999999748 0.889499999999191
543.299999999748 0.896999999999184
544.049999999747 0.896999999999184
544.799999999746 0.889499999999191
545.549999999746 0.871499999999207
546.299999999745 0.871499999999207
547.049999999744 0.895499999999186
547.799999999744 0.874499999999205
548.549999999743 0.89099999999919
549.299999999742 0.89099999999919
550.049999999742 0.89099999999919
550.799999999741 0.973499999999115
551.54999999974 0.93449999999915
552.299999999739 0.937499999999147
553.049999999739 0.937499999999147
553.799999999738 0.947999999999138
554.549999999737 0.880499999999199
555.299999999737 0.850499999999226
556.049999999736 0.844499999999232
556.799999999735 0.844499999999232
557.549999999735 0.832499999999243
558.299999999734 0.794999999999277
559.049999999733 0.799499999999273
559.799999999733 0.799499999999273
560.549999999732 0.782999999999288
561.299999999731 0.785999999999285
562.049999999731 0.787499999999284
562.79999999973 0.787499999999284
563.549999999729 0.781499999999289
564.299999999729 0.787499999999284
565.049999999728 0.778499999999292
565.799999999727 0.778499999999292
566.549999999727 0.778499999999292
567.299999999726 0.793499999999278
568.049999999725 0.793499999999278
568.799999999724 0.788999999999282
569.549999999724 0.800999999999272
570.299999999723 0.718499999999347
571.049999999722 0.715499999999349
571.799999999722 0.712499999999352
572.549999999721 0.712499999999352
573.29999999972 0.712499999999352
574.04999999972 0.731999999999334
574.799999999719 0.748499999999319
575.549999999718 0.75899999999931
576.299999999718 0.761999999999307
577.049999999717 0.766499999999303
577.799999999716 0.75899999999931
578.549999999716 0.75899999999931
579.299999999715 0.75899999999931
580.049999999714 0.784499999999287
580.799999999714 0.784499999999287
581.549999999713 0.788999999999282
582.299999999712 0.79199999999928
583.049999999712 0.800999999999272
583.799999999711 0.800999999999272
584.54999999971 0.80249999999927
585.299999999709 0.799499999999273
586.049999999709 0.760499999999308
586.799999999708 0.760499999999308
587.549999999707 0.776999999999293
588.299999999707 0.772499999999297
589.049999999706 0.772499999999297
589.799999999705 0.79199999999928
590.549999999705 0.800999999999272
591.299999999704 0.800999999999272
592.049999999703 0.869999999999209
592.799999999703 0.869999999999209
593.549999999702 0.874499999999205
594.299999999701 0.874499999999205
595.049999999701 0.881999999999198
595.7999999997 0.881999999999198
596.549999999699 0.896999999999184
597.299999999699 0.907499999999175
598.049999999698 0.92399999999916
598.799999999697 0.899999999999181
599.549999999697 0.899999999999181
600.299999999696 0.899999999999181
601.049999999695 0.950999999999135
601.799999999694 0.938999999999146
602.549999999694 0.928499999999156
603.299999999693 0.928499999999156
604.049999999692 0.92399999999916
604.799999999692 0.925499999999158
605.549999999691 0.925499999999158
606.29999999969 0.931499999999153
607.04999999969 0.908999999999173
607.799999999689 0.907499999999175
608.549999999688 0.874499999999205
609.299999999688 0.874499999999205
610.049999999687 0.866999999999212
610.799999999686 0.863999999999214
611.549999999686 0.797999999999274
612.299999999685 0.797999999999274
613.049999999684 0.797999999999274
613.799999999684 0.773999999999296
614.549999999683 0.773999999999296
615.299999999682 0.881999999999198
616.049999999682 0.887999999999192
616.799999999681 0.880499999999199
617.54999999968 0.880499999999199
618.299999999679 0.875999999999203
619.049999999679 0.869999999999209
619.799999999678 0.842999999999233
620.549999999677 0.83549999999924
621.299999999677 0.83549999999924
622.049999999676 0.862499999999216
622.799999999675 0.865499999999213
623.549999999675 0.86849999999921
624.299999999674 0.86849999999921
625.049999999673 0.871499999999207
625.799999999673 0.862499999999216
626.549999999672 0.862499999999216
627.299999999671 0.862499999999216
628.049999999671 0.862499999999216
628.79999999967 0.859499999999218
629.549999999669 0.856499999999221
630.299999999669 0.856499999999221
631.049999999668 0.86849999999921
631.799999999667 0.881999999999198
632.549999999667 0.881999999999198
633.299999999666 0.892499999999188
634.049999999665 0.892499999999188
634.799999999664 0.763499999999306
635.549999999664 0.740999999999326
636.299999999663 0.734999999999332
637.049999999662 0.734999999999332
637.799999999662 0.728999999999337
638.549999999661 0.728999999999337
639.29999999966 0.752999999999315
640.04999999966 0.763499999999306
640.799999999659 0.766499999999303
641.549999999658 0.766499999999303
642.299999999658 0.796499999999276
643.049999999657 0.814499999999259
643.799999999656 0.814499999999259
644.549999999656 0.848999999999228
645.299999999655 0.884999999999195
646.049999999654 0.884999999999195
646.799999999654 0.883499999999196
647.549999999653 0.892499999999188
648.299999999652 0.892499999999188
649.049999999652 0.913499999999169
649.799999999651 0.925499999999158
650.54999999965 0.913499999999169
651.299999999649 0.910499999999172
652.049999999649 0.910499999999172
652.799999999648 0.896999999999184
653.549999999647 0.896999999999184
654.299999999647 0.928499999999156
655.049999999646 0.928499999999156
655.799999999645 0.928499999999156
656.549999999645 0.985499999999104
657.299999999644 0.995999999999094
658.049999999643 0.995999999999094
658.799999999643 0.986999999999102
659.549999999642 0.962999999999124
660.299999999641 0.965999999999121
661.049999999641 0.910499999999172
661.79999999964 0.910499999999172
662.549999999639 0.889499999999191
663.299999999639 0.848999999999228
664.049999999638 0.848999999999228
664.799999999637 0.829499999999246
665.549999999636 0.836999999999239
666.299999999636 0.854999999999222
667.049999999635 0.836999999999239
667.799999999634 0.836999999999239
668.549999999634 0.833999999999241
669.299999999633 0.827999999999247
670.049999999632 0.826499999999248
670.799999999632 0.826499999999248
671.549999999631 0.838499999999237
672.29999999963 0.838499999999237
673.04999999963 0.817499999999256
673.799999999629 0.817499999999256
674.549999999628 0.817499999999256
675.299999999628 0.773999999999296
676.049999999627 0.773999999999296
676.799999999626 0.80249999999927
677.549999999626 0.793499999999278
678.299999999625 0.793499999999278
679.049999999624 0.793499999999278
679.799999999624 0.85799999999922
680.549999999623 0.908999999999173
681.299999999622 0.929999999999154
682.049999999621 0.938999999999146
682.799999999621 0.938999999999146
683.54999999962 0.959999999999127
684.299999999619 0.959999999999127
685.049999999619 0.950999999999135
685.799999999618 0.941999999999143
686.549999999617 0.941999999999143
687.299999999617 0.946499999999139
688.049999999616 0.946499999999139
688.799999999615 0.965999999999121
689.549999999615 0.965999999999121
690.299999999614 0.985499999999104
691.049999999613 0.986999999999102
691.799999999613 0.986999999999102
692.549999999612 0.983999999999105
693.299999999611 0.96749999999912
694.049999999611 0.968999999999119
694.79999999961 0.968999999999119
695.549999999609 0.994499999999096
696.299999999609 1.00499999999909
697.049999999608 0.964499999999123
697.799999999607 0.959999999999127
698.549999999606 0.959999999999127
699.299999999606 0.908999999999173
700.049999999605 0.908999999999173
700.799999999604 0.892499999999188
701.549999999604 0.892499999999188
702.299999999603 0.892499999999188
703.049999999602 0.892499999999188
703.799999999602 0.892499999999188
704.549999999601 0.892499999999188
705.2999999996 0.892499999999188
