16.7699999999999 0.960000000000001
17.5199999999999 0.720000000000002
18.2699999999999 1.47
19.02 1.23
19.77 0.990000000000002
20.52 0.75
21.27 1.5
22.0200000000001 1.26
22.7700000000001 1.02
23.5200000000001 0.780000000000001
24.2700000000002 1.53
25.0200000000002 1.29
25.7700000000002 2.04
26.5200000000002 0.810000000000002
27.2700000000003 1.56
28.0200000000003 1.32
28.7700000000003 1.08
29.5200000000004 1.83
30.2700000000004 0.600000000000001
31.0200000000004 1.35
31.7700000000004 1.11
32.5200000000005 0.869999999999997
33.2700000000005 1.62
34.0200000000005 1.38
34.7700000000006 1.14
35.5200000000006 1.89
36.2700000000006 0.659999999999997
37.0200000000006 1.41
37.7700000000007 1.16999999999999
38.5200000000007 1.91999999999999
39.2700000000007 1.68
40.0200000000008 1.44
40.7700000000008 1.2
41.5200000000008 0.959999999999994
42.2700000000008 0.719999999999999
43.0200000000009 1.47
43.7700000000009 2.22
44.5200000000009 0.989999999999995
45.270000000001 0.75
46.020000000001 1.5
46.770000000001 1.26
47.520000000001 2.01
48.2700000000011 0.779999999999994
49.0200000000011 1.52999999999999
49.7700000000011 2.27999999999999
50.5200000000012 1.05
51.2700000000012 0.809999999999995
52.0200000000012 0.57
52.7700000000012 1.32
53.5200000000013 2.07
54.2700000000013 0.839999999999996
55.0200000000013 1.59
55.7700000000014 1.34999999999999
56.5200000000014 1.11
57.2700000000014 1.86
58.0200000000014 0.629999999999995
58.7700000000015 1.38
59.5200000000015 1.14
60.2700000000015 0.899999999999999
61.0200000000016 1.65
61.7700000000016 2.4
62.5200000000016 2.16
63.2700000000016 0.93
64.0200000000017 1.68
64.7700000000017 1.44
65.5200000000017 1.2
66.2700000000017 1.95
67.0200000000018 0.719999999999999
67.7700000000018 1.47
68.5200000000018 1.23
69.2700000000019 0.989999999999995
70.0200000000019 0.75
70.7700000000019 1.5
71.5200000000019 1.25999999999999
72.270000000002 1.02
73.020000000002 0.780000000000001
73.770000000002 1.53
74.5200000000021 1.28999999999999
75.2700000000021 1.05
76.0200000000021 1.8
76.7700000000021 1.56
77.5200000000022 1.31999999999999
78.2700000000022 1.08
79.0200000000022 0.840000000000003
79.7700000000023 1.59
80.5200000000023 1.34999999999999
81.2700000000023 1.11
82.0200000000023 0.86999999999999
82.7700000000024 1.61999999999999
83.5200000000024 1.38
84.2700000000024 1.14
85.0200000000025 0.899999999999991
85.7700000000025 1.64999999999999
86.5200000000025 1.41
87.2700000000025 1.17
88.0200000000026 1.92
88.7700000000026 0.689999999999998
89.5200000000026 1.44
90.2700000000027 1.2
91.0200000000027 1.95
91.7700000000027 1.70999999999999
92.5200000000027 1.47
93.2700000000028 1.23
94.0200000000028 0.989999999999995
94.7700000000028 1.73999999999999
95.5200000000029 1.5
96.2700000000029 1.25999999999999
97.0200000000029 1.02
97.7700000000029 0.780000000000001
98.520000000003 1.53
99.270000000003 1.28999999999999
100.020000000003 1.05
100.770000000003 0.810000000000002
101.520000000003 1.56
102.270000000003 1.31999999999999
103.020000000003 2.06999999999999
103.770000000003 1.83
104.520000000003 2.58
105.270000000003 1.34999999999999
106.020000000003 1.11
106.770000000003 0.86999999999999
107.520000000003 0.629999999999995
108.270000000003 1.38
109.020000000003 1.14
109.770000000003 0.899999999999991
110.520000000003 1.64999999999999
111.270000000003 1.41
112.020000000003 1.17
112.770000000004 0.929999999999993
113.520000000004 0.689999999999998
114.270000000004 1.44
115.020000000004 2.19
115.770000000004 1.95
116.520000000004 1.70999999999999
117.270000000004 1.47
118.020000000004 1.23
118.770000000004 0.989999999999995
119.520000000004 0.75
120.270000000004 1.5
121.020000000004 1.25999999999999
121.770000000004 2.00999999999999
122.520000000004 0.780000000000001
123.270000000004 1.53
124.020000000004 1.28999999999999
124.770000000004 1.05
125.520000000004 1.8
126.270000000004 1.56
127.020000000004 1.31999999999999
127.770000000004 1.08
128.520000000004 0.840000000000018
129.270000000004 1.59000000000002
130.020000000004 1.35000000000002
130.770000000004 1.11000000000001
131.520000000004 0.870000000000005
132.270000000004 1.62
133.020000000004 1.38000000000002
133.770000000004 1.14000000000001
134.520000000004 1.89000000000001
135.270000000004 1.65000000000001
136.020000000004 1.41000000000003
136.770000000004 1.17000000000002
137.520000000004 0.930000000000007
138.270000000004 0.689999999999998
139.020000000005 1.44
139.770000000005 2.19
140.520000000005 1.95000000000002
141.270000000005 0.719999999999999
142.020000000005 2.46000000000001
142.770000000005 1.23000000000002
143.520000000005 0.990000000000009
144.270000000005 1.74000000000001
145.020000000005 1.5
145.770000000005 1.26000000000002
146.520000000005 1.02000000000001
147.270000000005 1.77000000000001
148.020000000005 2.52000000000001
148.770000000005 1.29000000000002
149.520000000005 1.05000000000001
150.270000000005 0.810000000000002
151.020000000005 1.56
151.770000000005 1.32000000000002
152.520000000005 1.08000000000001
153.270000000005 0.840000000000003
154.020000000005 1.59
154.770000000005 1.35000000000002
155.520000000005 1.11000000000001
156.270000000005 1.86000000000001
157.020000000005 0.630000000000024
157.770000000005 1.38000000000002
158.520000000005 1.14000000000001
159.270000000005 0.900000000000006
160.020000000005 0.660000000000025
160.770000000005 1.41000000000003
161.520000000005 1.17000000000002
162.270000000005 0.930000000000007
163.020000000005 1.68000000000001
163.770000000005 1.44
164.520000000005 1.20000000000002
165.270000000005 0.960000000000008
166.020000000006 1.71000000000001
166.770000000006 1.47
167.520000000006 1.23000000000002
168.270000000006 1.98000000000002
169.020000000006 1.74000000000001
169.770000000006 1.5
170.520000000006 1.26000000000002
171.270000000006 1.02000000000001
172.020000000006 0.780000000000001
172.770000000006 1.53
173.520000000006 1.29000000000002
174.270000000006 1.05000000000001
175.020000000006 1.80000000000001
175.770000000006 1.56
176.520000000006 1.32000000000002
177.270000000006 1.08000000000001
178.020000000006 1.83000000000001
178.770000000006 0.600000000000023
179.520000000006 1.35000000000002
180.270000000006 1.11000000000001
181.020000000006 0.870000000000005
181.770000000006 1.62
182.520000000006 1.38000000000002
183.270000000006 1.14000000000001
184.020000000006 0.900000000000006
184.770000000006 1.65000000000001
185.520000000006 1.41000000000003
186.270000000006 1.17000000000002
187.020000000006 0.930000000000007
187.770000000006 0.689999999999998
188.520000000006 1.44
189.270000000006 1.20000000000002
190.020000000006 0.960000000000008
190.770000000006 0.719999999999999
191.520000000006 1.47
192.270000000007 1.23000000000002
193.020000000007 0.990000000000009
193.770000000007 0.75
194.520000000007 1.5
195.270000000007 1.26000000000002
196.020000000007 1.02000000000001
196.770000000007 0.780000000000001
197.520000000007 1.53
198.270000000007 1.29000000000002
199.020000000007 1.05000000000001
199.770000000007 0.810000000000002
200.520000000007 1.56
201.270000000007 1.32000000000002
202.020000000007 1.08000000000001
202.770000000007 1.83000000000001
203.520000000007 1.59
204.270000000007 1.35000000000002
205.020000000007 1.11000000000001
205.770000000007 0.870000000000005
206.520000000007 0.630000000000024
207.270000000007 1.38000000000002
208.020000000007 1.14000000000001
208.770000000007 0.900000000000006
209.520000000007 0.660000000000025
210.270000000007 1.41000000000003
211.020000000007 2.16000000000003
211.770000000007 0.930000000000007
212.520000000007 1.68000000000001
213.270000000007 1.44
214.020000000007 1.20000000000002
214.770000000007 1.95000000000002
215.520000000007 1.71000000000001
216.270000000007 1.47
217.020000000007 1.23000000000002
217.770000000007 0.990000000000009
218.520000000008 1.74000000000001
219.270000000008 1.5
220.020000000008 1.26000000000002
220.770000000008 1.02000000000001
221.520000000008 1.77000000000001
222.270000000008 1.53
223.020000000008 1.29000000000002
223.770000000008 2.04000000000002
224.520000000008 0.810000000000002
225.270000000008 1.56
226.020000000008 1.32000000000002
226.770000000008 1.08000000000001
227.520000000008 0.840000000000003
228.270000000008 1.59
229.020000000008 1.35000000000002
229.770000000008 2.10000000000002
230.520000000008 0.870000000000005
231.270000000008 1.62
232.020000000008 1.38000000000002
232.770000000008 1.14000000000001
233.520000000008 0.900000000000006
234.270000000008 1.65000000000001
235.020000000008 1.41000000000003
235.770000000008 1.17000000000002
236.520000000008 1.92000000000002
237.270000000008 1.68000000000001
238.020000000008 1.44
238.770000000008 1.20000000000002
239.520000000008 0.960000000000008
240.270000000008 1.71000000000001
241.020000000008 1.47
241.770000000008 1.23000000000002
242.520000000008 0.990000000000009
243.270000000008 0.75
244.020000000008 1.5
244.770000000009 1.26000000000002
245.520000000009 1.02000000000001
246.270000000009 1.77000000000001
247.020000000009 1.53
247.770000000009 1.29000000000002
248.520000000009 1.05000000000001
249.270000000009 0.810000000000002
250.020000000009 1.56
250.770000000009 1.32000000000002
251.520000000009 1.08000000000001
252.270000000009 1.83000000000001
253.020000000009 2.58000000000001
253.770000000009 2.34
254.520000000009 1.11000000000001
255.270000000009 0.870000000000005
256.020000000009 1.62
256.770000000008 1.38000000000002
257.520000000008 1.13999999999999
258.270000000007 1.88999999999999
259.020000000006 1.65000000000003
259.770000000005 1.41000000000003
260.520000000005 1.17000000000002
261.270000000004 0.930000000000007
262.020000000003 0.689999999999998
262.770000000003 1.44
263.520000000002 1.19999999999999
264.270000000001 0.960000000000036
265.020000000001 0.720000000000027
265.77 1.47000000000003
266.519999999999 1.23000000000002
267.269999999999 0.990000000000009
268.019999999998 0.75
268.769999999997 1.5
269.519999999997 1.25999999999999
270.269999999996 1.02000000000004
271.019999999995 0.78000000000003
271.769999999995 1.53000000000003
272.519999999994 1.29000000000002
273.269999999993 2.04000000000002
274.019999999993 1.80000000000001
274.769999999992 1.56
275.519999999991 1.31999999999999
276.26999999999 1.07999999999998
277.01999999999 0.840000000000032
277.769999999989 0.600000000000023
278.519999999988 1.35000000000002
279.269999999988 2.10000000000002
280.019999999987 0.870000000000005
280.769999999986 0.629999999999995
281.519999999986 1.38
282.269999999985 1.13999999999999
283.019999999984 0.900000000000034
283.769999999984 1.65000000000003
284.519999999983 1.41000000000003
285.269999999982 1.17000000000002
286.019999999982 0.930000000000007
286.769999999981 1.68000000000001
287.51999999998 1.44
288.26999999998 1.19999999999999
289.019999999979 0.960000000000036
289.769999999978 0.720000000000027
290.519999999978 1.47000000000003
291.269999999977 1.23000000000002
292.019999999976 1.98000000000002
292.769999999975 1.74000000000001
293.519999999975 1.5
294.269999999974 1.25999999999999
295.019999999973 1.02000000000004
295.769999999973 0.78000000000003
296.519999999972 1.53000000000003
297.269999999971 1.29000000000002
298.019999999971 1.05000000000001
298.76999999997 1.80000000000001
299.519999999969 1.56
300.269999999969 1.31999999999999
301.019999999968 1.07999999999998
301.769999999967 0.840000000000032
302.519999999967 1.59000000000003
303.269999999966 1.35000000000002
304.019999999965 1.11000000000001
304.769999999965 0.870000000000005
305.519999999964 1.62
306.269999999963 1.38
307.019999999963 1.13999999999999
307.769999999962 1.88999999999999
308.519999999961 0.660000000000025
309.26999999996 1.41000000000003
310.01999999996 1.17000000000002
310.769999999959 1.92000000000002
311.519999999958 2.67000000000002
312.269999999958 2.43000000000001
313.019999999957 2.19
313.769999999956 0.960000000000036
314.519999999956 1.71000000000004
315.269999999955 1.47000000000003
316.019999999954 1.23000000000002
316.769999999954 1.98000000000002
317.519999999953 0.75
318.269999999952 1.5
319.019999999952 1.25999999999999
319.769999999951 1.02000000000004
320.51999999995 1.77000000000004
321.26999999995 1.53000000000003
322.019999999949 1.29000000000002
322.769999999948 1.05000000000001
323.519999999948 0.810000000000002
324.269999999947 1.56
325.019999999946 2.31
325.769999999945 2.06999999999999
326.519999999945 0.840000000000032
327.269999999944 1.59000000000003
328.019999999943 1.35000000000002
328.769999999943 2.10000000000002
329.519999999942 0.870000000000005
330.269999999941 0.629999999999995
331.019999999941 1.38
331.76999999994 1.13999999999999
332.519999999939 1.88999999999999
333.269999999939 1.65000000000003
334.019999999938 2.40000000000003
334.769999999937 2.16000000000003
335.519999999937 2.91000000000003
336.269999999936 1.68000000000001
337.019999999935 1.44
337.769999999935 1.19999999999999
338.519999999934 0.960000000000036
339.269999999933 1.71000000000004
340.019999999933 2.46000000000004
340.769999999932 1.23000000000002
341.519999999931 0.990000000000009
342.26999999993 0.75
343.01999999993 1.5
343.769999999929 1.25999999999999
344.519999999928 1.02000000000004
345.269999999928 0.78000000000003
346.019999999927 1.53000000000003
346.769999999926 1.29000000000002
347.519999999926 2.04000000000002
348.269999999925 0.810000000000002
349.019999999924 1.56
349.769999999924 1.31999999999999
350.519999999923 1.07999999999998
351.269999999922 0.840000000000032
352.019999999922 1.59000000000003
352.769999999921 1.35000000000002
353.51999999992 1.11000000000001
354.26999999992 0.870000000000005
355.019999999919 1.62
355.769999999918 1.38
356.519999999918 2.13
357.269999999917 1.88999999999999
358.019999999916 1.65000000000003
358.769999999915 1.41000000000003
359.519999999915 1.17000000000002
360.269999999914 0.930000000000007
361.019999999913 0.689999999999998
361.769999999913 1.44
362.519999999912 1.19999999999999
363.269999999911 0.960000000000036
364.019999999911 1.71000000000004
364.76999999991 1.47000000000003
365.519999999909 1.23000000000002
366.269999999909 0.990000000000009
367.019999999908 1.74000000000001
367.769999999907 1.5
368.519999999907 1.25999999999999
369.269999999906 2.00999999999999
370.019999999905 0.78000000000003
370.769999999905 1.53000000000003
371.519999999904 1.29000000000002
372.269999999903 1.05000000000001
373.019999999902 0.810000000000002
373.769999999902 1.56
374.519999999901 1.31999999999999
375.2699999999 1.07999999999998
376.0199999999 1.82999999999998
376.769999999899 1.59000000000003
377.519999999898 1.35000000000002
378.269999999898 1.11000000000001
379.019999999897 0.870000000000005
379.769999999896 0.629999999999995
380.519999999896 1.38
381.269999999895 1.13999999999999
382.019999999894 1.88999999999999
382.769999999894 1.65000000000003
383.519999999893 1.41000000000003
384.269999999892 1.17000000000002
385.019999999892 0.930000000000007
385.769999999891 1.68000000000001
386.51999999989 1.44
387.26999999989 2.19
388.019999999889 0.960000000000036
388.769999999888 1.71000000000004
389.519999999887 1.47000000000003
390.269999999887 1.23000000000002
391.019999999886 1.98000000000002
391.769999999885 1.74000000000001
392.519999999885 2.49000000000001
393.269999999884 1.25999999999999
394.019999999883 1.02000000000004
394.769999999883 1.77000000000004
395.519999999882 2.52000000000004
396.269999999881 1.29000000000002
397.019999999881 1.05000000000001
397.76999999988 0.810000000000002
398.519999999879 1.56
399.269999999879 1.31999999999999
400.019999999878 1.07999999999998
400.769999999877 0.840000000000032
401.519999999877 1.59000000000003
402.269999999876 1.35000000000002
403.019999999875 1.11000000000001
403.769999999875 0.870000000000005
404.519999999874 1.62
405.269999999873 1.38
406.019999999872 1.13999999999999
406.769999999872 0.900000000000034
407.519999999871 1.65000000000003
408.26999999987 1.41000000000003
409.01999999987 1.17000000000002
409.769999999869 0.930000000000007
410.519999999868 0.689999999999998
411.269999999868 1.44
412.019999999867 1.19999999999999
412.769999999866 0.960000000000036
413.519999999866 0.720000000000027
414.269999999865 1.47000000000003
415.019999999864 1.23000000000002
415.769999999864 0.990000000000009
416.519999999863 0.75
417.269999999862 1.5
418.019999999862 1.25999999999999
418.769999999861 1.02000000000004
419.51999999986 1.77000000000004
420.26999999986 1.53000000000003
421.019999999859 1.29000000000002
421.769999999858 1.05000000000001
422.519999999857 0.810000000000002
423.269999999857 1.56
424.019999999856 1.31999999999999
424.769999999855 1.07999999999998
425.519999999855 1.82999999999998
426.269999999854 1.59000000000003
427.019999999853 1.35000000000002
427.769999999853 1.11000000000001
428.519999999852 0.870000000000005
429.269999999851 1.62
430.019999999851 1.38
430.76999999985 2.13
431.519999999849 1.88999999999999
432.269999999849 0.660000000000025
433.019999999848 1.41000000000003
433.769999999847 1.17000000000002
434.519999999847 1.92000000000002
435.269999999846 1.68000000000001
436.019999999845 1.44
436.769999999845 1.19999999999999
437.519999999844 0.960000000000036
438.269999999843 1.71000000000004
439.019999999842 1.47000000000003
439.769999999842 1.23000000000002
440.519999999841 0.990000000000009
441.26999999984 0.75
442.01999999984 1.5
442.769999999839 1.25999999999999
443.519999999838 1.02000000000004
444.269999999838 1.77000000000004
445.019999999837 1.53000000000003
445.769999999836 1.29000000000002
446.519999999836 1.05000000000001
447.269999999835 1.80000000000001
448.019999999834 1.56
448.769999999834 1.31999999999999
449.519999999833 2.06999999999999
450.269999999832 1.82999999999998
451.019999999832 2.57999999999998
451.769999999831 2.34000000000003
452.51999999983 1.11000000000001
453.26999999983 0.870000000000005
454.019999999829 1.62
454.769999999828 2.37
455.519999999827 1.13999999999999
456.269999999827 1.88999999999999
457.019999999826 2.63999999999999
457.769999999825 1.41000000000003
458.519999999825 1.17000000000002
459.269999999824 1.92000000000002
460.019999999823 1.68000000000001
460.769999999823 1.44
461.519999999822 1.19999999999999
462.269999999821 0.960000000000036
463.019999999821 0.720000000000027
463.76999999982 1.47000000000003
464.519999999819 1.23000000000002
465.269999999819 0.990000000000009
466.019999999818 1.74000000000001
466.769999999817 1.5
467.519999999817 1.25999999999999
468.269999999816 1.02000000000004
469.019999999815 1.77000000000004
469.769999999815 1.53000000000003
470.519999999814 1.29000000000002
471.269999999813 2.04000000000002
472.019999999812 1.80000000000001
472.769999999812 1.56
473.519999999811 1.31999999999999
474.26999999981 1.07999999999998
475.01999999981 1.82999999999998
475.769999999809 1.59000000000003
476.519999999808 1.35000000000002
477.269999999808 1.11000000000001
478.019999999807 0.870000000000005
478.769999999806 0.629999999999995
479.519999999806 1.38
480.269999999805 1.13999999999999
481.019999999804 0.900000000000034
481.769999999804 0.660000000000025
482.519999999803 1.41000000000003
483.269999999802 1.17000000000002
484.019999999802 0.930000000000007
484.769999999801 1.68000000000001
485.5199999998 1.44
486.269999999799 1.19999999999999
487.019999999799 0.960000000000036
487.769999999798 0.720000000000027
488.519999999797 1.47000000000003
489.269999999797 1.23000000000002
490.019999999796 0.990000000000009
490.769999999795 1.74000000000001
491.519999999795 2.49000000000001
492.269999999794 1.25999999999999
493.019999999793 1.02000000000004
493.769999999793 0.78000000000003
494.519999999792 1.53000000000003
495.269999999791 1.29000000000002
496.019999999791 1.05000000000001
496.76999999979 1.80000000000001
497.519999999789 1.56
498.269999999789 2.31
499.019999999788 1.07999999999998
499.769999999787 0.840000000000032
500.519999999787 1.59000000000003
501.269999999786 2.34000000000003
502.019999999785 1.11000000000001
502.769999999784 1.86000000000001
503.519999999784 2.61000000000001
504.269999999783 2.37
505.019999999782 1.13999999999999
505.769999999782 0.900000000000034
506.519999999781 0.660000000000025
507.26999999978 1.41000000000003
508.01999999978 1.17000000000002
508.769999999779 0.930000000000007
509.519999999778 1.68000000000001
510.269999999778 1.44
511.019999999777 1.19999999999999
511.769999999776 0.960000000000036
512.519999999776 0.71999999999997
513.269999999775 1.46999999999997
514.019999999774 1.2299999999999
514.769999999774 0.990000000000009
515.519999999773 1.74000000000001
516.269999999772 1.5
517.019999999772 1.25999999999999
517.769999999771 1.01999999999998
518.51999999977 1.76999999999998
519.26999999977 1.52999999999997
520.019999999769 1.28999999999996
520.769999999768 2.03999999999996
521.519999999767 1.79999999999995
522.269999999767 2.54999999999995
523.019999999766 1.31999999999994
523.769999999765 1.07999999999993
524.519999999765 0.839999999999918
525.269999999764 1.58999999999992
526.019999999763 1.34999999999991
526.769999999763 1.1099999999999
527.519999999762 1.8599999999999
528.269999999761 0.629999999999995
529.019999999761 1.38
529.76999999976 1.13999999999999
530.519999999759 0.899999999999977
531.269999999759 1.64999999999998
532.019999999758 1.40999999999997
532.769999999757 1.16999999999996
533.519999999757 1.91999999999996
534.269999999756 0.689999999999941
535.019999999755 2.42999999999995
535.769999999755 1.19999999999993
536.519999999754 0.959999999999923
537.269999999753 1.70999999999992
538.019999999752 1.46999999999991
538.769999999752 2.21999999999991
539.519999999751 0.990000000000009
540.26999999975 1.74000000000001
541.01999999975 1.5
541.769999999749 1.25999999999999
542.519999999748 1.01999999999998
543.269999999748 0.779999999999973
544.019999999747 1.52999999999997
544.769999999746 1.28999999999996
545.519999999746 1.04999999999995
546.269999999745 1.79999999999995
547.019999999744 1.55999999999995
547.769999999744 1.31999999999994
548.519999999743 1.07999999999993
549.269999999742 1.82999999999993
550.019999999742 2.57999999999993
550.769999999741 2.33999999999992
551.51999999974 1.1099999999999
552.26999999974 0.870000000000005
553.019999999739 1.62
553.769999999738 1.38
554.519999999737 1.13999999999999
555.269999999737 0.899999999999977
556.019999999736 0.659999999999968
556.769999999735 1.40999999999997
557.519999999735 1.16999999999996
558.269999999734 0.92999999999995
559.019999999733 0.689999999999941
559.769999999733 1.43999999999994
560.519999999732 1.19999999999993
561.269999999731 0.959999999999923
562.019999999731 0.719999999999914
562.76999999973 1.46999999999991
563.519999999729 1.2299999999999
564.269999999729 0.990000000000009
565.019999999728 0.75
565.769999999727 1.5
566.519999999727 2.25
567.269999999726 1.01999999999998
568.019999999725 1.76999999999998
568.769999999725 1.52999999999997
569.519999999724 1.28999999999996
570.269999999723 1.04999999999995
571.019999999722 0.809999999999945
571.769999999722 0.569999999999936
572.519999999721 1.31999999999994
573.26999999972 2.06999999999994
574.01999999972 1.82999999999993
574.769999999719 1.58999999999992
575.519999999718 1.34999999999991
576.269999999718 1.1099999999999
577.019999999717 0.870000000000005
577.769999999716 0.629999999999995
578.519999999716 1.38
579.269999999715 2.13
580.019999999714 0.899999999999977
580.769999999714 1.64999999999998
581.519999999713 1.40999999999997
582.269999999712 1.16999999999996
583.019999999712 0.92999999999995
583.769999999711 1.67999999999995
584.51999999971 1.43999999999994
585.26999999971 1.19999999999993
586.019999999709 0.959999999999923
586.769999999708 1.70999999999992
587.519999999707 1.46999999999991
588.269999999707 1.2299999999999
589.019999999706 1.9799999999999
589.769999999705 1.74000000000001
590.519999999705 1.5
591.269999999704 2.25
592.019999999703 2.00999999999999
592.769999999703 2.75999999999999
593.519999999702 1.52999999999997
594.269999999701 2.27999999999997
595.019999999701 1.04999999999995
595.7699999997 1.79999999999995
596.519999999699 1.55999999999995
597.269999999699 1.31999999999994
598.019999999698 1.07999999999993
598.769999999697 0.839999999999918
599.519999999697 1.58999999999992
600.269999999696 2.33999999999992
601.019999999695 1.1099999999999
601.769999999695 0.870000000000005
602.519999999694 0.629999999999995
603.269999999693 1.38
604.019999999692 1.13999999999999
604.769999999692 0.899999999999977
605.519999999691 1.64999999999998
606.26999999969 1.40999999999997
607.01999999969 1.16999999999996
607.769999999689 0.92999999999995
608.519999999688 0.689999999999941
609.269999999688 1.43999999999994
610.019999999687 1.19999999999993
610.769999999686 0.959999999999923
611.519999999686 0.719999999999914
612.269999999685 1.46999999999991
613.019999999684 2.21999999999991
613.769999999684 0.990000000000009
614.519999999683 1.74000000000001
615.269999999682 3.4799999999999
616.019999999682 1.25999999999999
616.769999999681 1.01999999999998
617.51999999968 1.76999999999998
618.269999999679 1.52999999999997
619.019999999679 1.28999999999996
619.769999999678 1.04999999999995
620.519999999677 0.809999999999945
621.269999999677 1.55999999999995
622.019999999676 1.31999999999994
622.769999999675 1.07999999999993
623.519999999675 0.839999999999918
624.269999999674 1.58999999999992
625.019999999673 1.34999999999991
625.769999999673 1.1099999999999
626.519999999672 0.870000000000005
627.269999999671 1.62
628.019999999671 1.38
628.76999999967 1.13999999999999
629.519999999669 0.899999999999977
630.269999999669 1.64999999999998
631.019999999668 1.40999999999997
631.769999999667 1.16999999999996
632.519999999667 1.91999999999996
633.269999999666 0.689999999999941
634.019999999665 1.43999999999994
634.769999999664 1.19999999999993
635.519999999664 0.959999999999923
636.269999999663 0.719999999999914
637.019999999662 1.46999999999991
637.769999999662 1.2299999999999
638.519999999661 1.9799999999999
639.26999999966 1.74000000000001
640.01999999966 1.5
640.769999999659 1.25999999999999
641.519999999658 2.00999999999999
642.269999999658 1.76999999999998
643.019999999657 1.52999999999997
643.769999999656 2.27999999999997
644.519999999656 2.03999999999996
645.269999999655 0.809999999999945
646.019999999654 1.55999999999995
646.769999999654 1.31999999999994
647.519999999653 1.07999999999993
648.269999999652 1.82999999999993
649.019999999652 1.58999999999992
649.769999999651 1.34999999999991
650.51999999965 1.1099999999999
651.269999999649 0.870000000000005
652.019999999649 1.62
652.769999999648 1.38
653.519999999647 2.13
654.269999999647 0.899999999999977
655.019999999646 1.64999999999998
655.769999999645 2.39999999999998
656.519999999645 1.16999999999996
657.269999999644 0.92999999999995
658.019999999643 1.67999999999995
658.769999999643 1.43999999999994
659.519999999642 1.19999999999993
660.269999999641 0.959999999999923
661.019999999641 0.719999999999914
661.76999999964 1.46999999999991
662.519999999639 1.2299999999999
663.269999999639 0.990000000000009
664.019999999638 1.74000000000001
664.769999999637 1.5
665.519999999637 1.25999999999999
666.269999999636 1.01999999999998
667.019999999635 0.779999999999973
667.769999999634 1.52999999999997
668.519999999634 1.28999999999996
669.269999999633 1.04999999999995
670.019999999632 0.809999999999945
670.769999999632 1.55999999999995
671.519999999631 1.31999999999994
672.26999999963 2.06999999999994
673.01999999963 0.839999999999918
673.769999999629 0.599999999999909
674.519999999628 1.34999999999991
675.269999999628 1.1099999999999
676.019999999627 1.8599999999999
676.769999999626 1.62
677.519999999626 1.38
678.269999999625 2.13
679.019999999624 2.88
679.769999999624 2.63999999999999
680.519999999623 2.39999999999998
681.269999999622 1.16999999999996
682.019999999622 0.92999999999995
682.769999999621 1.67999999999995
683.51999999962 1.43999999999994
684.269999999619 2.18999999999994
685.019999999619 0.959999999999923
685.769999999618 0.719999999999914
686.519999999617 1.46999999999991
687.269999999617 1.2299999999999
688.019999999616 1.9799999999999
688.769999999615 0.75
689.519999999615 1.5
690.269999999614 1.25999999999999
691.019999999613 1.01999999999998
691.769999999613 1.76999999999998
692.519999999612 1.52999999999997
693.269999999611 1.28999999999996
694.019999999611 1.04999999999995
694.76999999961 1.79999999999995
695.519999999609 1.55999999999995
696.269999999609 1.31999999999994
697.019999999608 1.07999999999993
697.769999999607 0.839999999999918
698.519999999607 1.58999999999992
699.269999999606 1.34999999999991
700.019999999605 2.09999999999991
700.769999999604 0.870000000000005
701.519999999604 1.62
702.269999999603 2.37
703.019999999602 3.12
703.769999999602 3.87
704.519999999601 4.62
705.2699999996 5.37
706.0199999996 6.12
706.769999999599 6.87
707.519999999598 7.62
708.269999999598 8.37
709.019999999597 9.12
709.769999999596 9.87
710.519999999596 10.62
711.269999999595 11.37
712.019999999594 12.12
712.769999999594 12.87
713.519999999593 13.62
714.269999999592 14.37
715.019999999592 15.12
715.769999999591 15.87
716.51999999959 16.62
717.269999999589 17.37
718.019999999589 18.12
718.769999999588 18.87
719.519999999587 19.62
720.269999999587 20.37
721.019999999586 21.12
721.769999999585 21.87
722.519999999585 22.62
723.269999999584 23.37
724.019999999583 24.12
724.769999999583 24.87
725.519999999582 25.62
726.269999999581 26.37
727.019999999581 27.12
727.76999999958 27.87
728.519999999579 28.62
729.269999999579 29.37
730.019999999578 30.12
730.769999999577 30.87
731.519999999576 31.62
732.269999999576 32.37
733.019999999575 33.12
733.769999999574 33.87
734.519999999574 34.62
735.269999999573 35.37
736.019999999572 36.12
736.769999999572 36.87
737.519999999571 37.62
738.26999999957 38.37
739.01999999957 39.12
739.769999999569 39.87
740.519999999568 40.62
741.269999999568 41.37
742.019999999567 42.12
742.769999999566 42.87
743.519999999566 43.62
744.269999999565 44.37
745.019999999564 45.12
745.769999999564 45.87
746.519999999563 46.62
747.269999999562 47.37
748.019999999561 48.12
748.769999999561 48.87
749.51999999956 49.62
750.269999999559 50.37
751.019999999559 51.12
751.769999999558 51.87
752.519999999557 52.62
753.269999999557 53.37
754.019999999556 54.12
754.769999999555 54.87
755.519999999555 55.62
756.269999999554 56.37
757.019999999553 57.12
757.769999999553 57.87
758.519999999552 58.62
759.269999999551 59.37
760.019999999551 60.12
760.76999999955 60.87
761.519999999549 61.62
762.269999999549 62.37
763.019999999548 63.12
763.769999999547 63.87
764.519999999546 64.62
765.269999999546 65.37
766.019999999545 66.12
766.769999999544 66.87
767.519999999544 67.62
768.269999999543 68.37
769.019999999542 69.12
769.769999999542 69.87
770.519999999541 70.62
771.26999999954 71.37
772.01999999954 72.12
772.769999999539 72.87
773.519999999538 73.62
774.269999999538 74.37
775.019999999537 75.12
775.769999999536 75.87
776.519999999536 76.62
777.269999999535 77.37
778.019999999534 78.12
778.769999999534 78.87
779.519999999533 79.62
780.269999999532 80.37
781.019999999531 81.12
781.769999999531 81.87
782.51999999953 82.62
783.269999999529 83.37
784.019999999529 84.12
784.769999999528 84.87
785.519999999527 85.62
786.269999999527 86.37
787.019999999526 87.12
787.769999999525 87.87
788.519999999525 88.62
789.269999999524 89.37
790.019999999523 90.12
790.769999999523 90.87
791.519999999522 91.62
792.269999999521 92.37
793.019999999521 93.12
793.76999999952 93.87
794.519999999519 94.62
795.269999999519 95.37
796.019999999518 96.12
796.769999999517 96.87
797.519999999516 97.62
798.269999999516 98.37
799.019999999515 99.12
799.769999999514 99.87
