0 30.0004864626681
0.75 30.0118499593125
1.5 30.0218238882342
2.25 30.0304811956963
3 30.0379291968579
3.74999999999999 30.0443274056751
4.49999999999999 30.0496082998394
5.25 30.0538817117244
6.00000000000001 30.0572546180553
6.75000000000001 30.0598024222979
7.50000000000002 30.0615559590114
8.25000000000002 30.0626026088126
9 30.063039036787
9.74999999999998 30.0629566851122
10.5 30.0625428851232
11.25 30.0619254862897
11.9999999999999 30.0611451944445
12.7499999999999 30.0602150073316
13.4999999999999 30.0591704449653
14.2499999999999 30.0580290170777
14.9999999999999 30.0568749478197
15.7499999999999 30.0851353901809
16.4999999999999 30.167661220366
17.2499999999999 30.296845103482
17.9999999999999 30.4469793957768
18.75 30.6163979075336
19.5 30.805058040096
20.25 31.0129341694148
21 31.2399123547809
21.7500000000001 31.4857634831349
22.5000000000001 31.750305662355
23.2500000000001 32.0329931303831
24.0000000000002 32.3334208414953
24.7500000000002 32.6508212144394
25.5000000000002 32.9846690206989
26.2500000000002 33.334280646759
27.0000000000003 33.6991070993249
27.7500000000003 34.0785703980017
28.5000000000003 34.4720365776035
29.2500000000004 34.8788994542691
30.0000000000004 35.2985152838549
30.7500000000004 35.7302783288801
31.5000000000004 36.1736894399594
32.2500000000005 36.6282733283124
33.0000000000005 37.0933147809779
33.7500000000005 37.5680474012388
34.5000000000005 38.051708078472
35.2500000000006 38.5436183430815
36.0000000000006 39.0431097979918
36.7500000000006 39.5496479302739
37.5000000000007 40.0626679668679
38.2500000000007 40.5818047629187
39.0000000000007 41.1062992823054
39.7500000000007 41.6356696454751
40.5000000000008 42.1692177117143
41.2500000000008 42.7062791901837
42.0000000000008 43.2461891864258
42.7500000000009 43.7885141427071
43.5000000000009 44.3327494952969
44.2500000000009 44.8782036959329
45.0000000000009 45.4244135072788
45.750000000001 45.9709769910057
46.500000000001 46.5175739728507
47.250000000001 47.0639061716602
48.0000000000011 47.6095147463539
48.7500000000011 48.1539897244952
49.5000000000011 48.6967568877605
50.2500000000011 49.2372135958404
51.0000000000012 49.7751001909716
51.7500000000012 50.3099824877224
52.5000000000012 50.8413377346828
53.2500000000013 51.3684864031837
54.0000000000013 51.8908575062155
54.7500000000013 52.4080699024089
55.5000000000013 52.9196515122663
56.2500000000014 53.4252608639158
57.0000000000014 53.9245619527344
57.7500000000014 54.4171490548611
58.5000000000015 54.9026609570301
59.2500000000015 55.3807516557728
60.0000000000015 55.8509838396845
60.7500000000015 56.3130721319643
61.5000000000016 56.7665042043534
62.2500000000016 57.2108817208385
63.0000000000016 57.6460220237975
63.7500000000017 58.0716213322426
64.5000000000017 58.4873977280749
65.2500000000017 58.8930547792992
66.0000000000017 59.2883386753848
66.7500000000018 59.6727552626629
67.5000000000018 60.0461670060016
68.2500000000018 60.4083304035116
69.0000000000018 60.758987890492
69.7500000000019 61.0979212070717
70.5000000000019 61.4249685272675
71.2500000000019 61.739989139824
72.000000000002 62.0428574236277
72.750000000002 62.3334886143752
73.500000000002 62.6118464016466
74.250000000002 62.8779989048173
75.0000000000021 63.1318986128387
75.7500000000021 63.373432825769
76.5000000000021 63.6024674492045
77.2500000000022 63.8189984126727
78.0000000000022 64.0230747782226
78.7500000000022 64.2146817993765
79.5000000000022 64.3938183567438
80.2500000000023 64.5604490547587
81.0000000000023 64.714659679822
81.7500000000023 64.8564407233854
82.5000000000024 64.9858393005979
83.2500000000024 65.1028805141314
84.0000000000024 65.2076355489115
84.7500000000024 65.3001716731273
85.5000000000025 65.3805584139331
86.2500000000025 65.4489234514049
87.0000000000025 65.5053877108234
87.7500000000026 65.5501663988329
88.5000000000026 65.5833642236997
89.2500000000026 65.6049748525834
90.0000000000026 65.6152282935036
90.7500000000027 65.6143074489158
91.5000000000027 65.6023989895198
92.2500000000027 65.5842850490084
93.0000000000028 65.5627462216358
93.7500000000028 65.5385811315232
94.5000000000028 65.5135082045658
95.2500000000028 65.4823804137657
96.0000000000029 65.4427228280184
96.7500000000029 65.3925511157625
97.5000000000029 65.3377840080094
98.250000000003 65.2757380597952
99.000000000003 65.2096091618543
99.750000000003 65.1347457612858
100.500000000003 65.053793816651
101.250000000003 64.9660033877438
102.000000000003 64.8714723440692
102.750000000003 64.7723637546826
103.500000000003 64.6722918263094
104.250000000003 64.5692108602098
105.000000000003 64.4628036967369
105.750000000003 64.3496470460814
106.500000000003 64.234501839866
107.250000000003 64.1167396892059
108.000000000003 63.9962110527341
108.750000000003 63.8690525067614
109.500000000003 63.7376211070857
110.250000000003 63.602860787806
111.000000000003 63.4614630798821
111.750000000003 63.3140178667186
112.500000000003 63.1600364297
113.250000000004 63.0028157213891
114.000000000004 62.8396514582925
114.750000000004 62.6744817940225
115.500000000004 62.5037764956113
116.250000000004 62.3261453485474
117.000000000004 62.1459503323488
117.750000000004 61.958980932861
118.500000000004 61.7651106161743
119.250000000004 61.5681881909503
120.000000000004 61.3675700954168
120.750000000004 61.1619498259639
121.500000000004 60.9518916079596
122.250000000004 60.74080813678
123.000000000004 60.5291258009333
123.750000000004 60.3158248735899
124.500000000004 60.0972821231085
125.250000000004 59.8762711780329
126.000000000004 59.6564762137617
126.750000000004 59.4342224367903
127.500000000004 59.2056553243316
128.250000000004 58.9738275013467
129.000000000004 58.7413044305485
129.750000000004 58.5056288967653
130.500000000004 58.2685270646797
131.250000000004 58.0332071401047
132.000000000004 57.7965350798403
132.750000000004 57.5564566176427
133.500000000004 57.3137855452792
134.250000000004 57.0703229840288
135.000000000004 56.8257071413736
135.750000000004 56.5784629573022
136.500000000004 56.331048069156
137.250000000004 56.0827340478234
138.000000000004 55.8342948775517
138.750000000004 55.5849734291296
139.500000000005 55.3349713413162
140.250000000005 55.0845664943602
141.000000000005 54.8338049506902
141.750000000005 54.5830954215242
142.500000000005 54.3322803878131
143.250000000005 54.0810077234132
144.000000000005 53.82989889557
144.750000000005 53.5794559283549
145.500000000005 53.3299471897173
146.250000000005 53.0805745546986
147.000000000005 52.8322092896492
147.750000000005 52.585211240738
148.500000000005 52.3395187475936
149.250000000005 52.095304877496
150.000000000005 51.8524667648846
150.750000000005 51.6108628749774
151.500000000005 51.3708748814969
152.250000000005 51.132299346169
153.000000000005 50.8953905384946
153.750000000005 50.6601312690413
154.500000000005 50.4271276738306
155.250000000005 50.1959100012005
156.000000000005 49.9666304609312
156.750000000005 49.7392762545715
157.500000000005 49.5137409557947
158.250000000005 49.2902389264512
159.000000000005 49.0688934748722
159.750000000005 48.8501271947474
160.500000000005 48.6337413834815
161.250000000005 48.4200332216666
162.000000000005 48.2085957367854
162.750000000005 47.9994621968081
163.500000000005 47.7930996105618
164.250000000005 47.5898382250515
165.000000000005 47.3891645116055
165.750000000006 47.1912335912116
166.500000000006 46.9965567169752
167.250000000006 46.8052627590488
168.000000000006 46.6166740204907
168.750000000006 46.4306685255354
169.500000000006 46.2475816126451
170.250000000006 46.0672911971126
171.000000000006 45.8903331335719
171.750000000006 45.7162976967913
172.500000000006 45.5456480980277
173.250000000006 45.3786397880242
174.000000000006 45.2149160862282
174.750000000006 45.0544116180808
175.500000000006 44.8969534609485
176.250000000006 44.7428425314293
177.000000000006 44.5918128141034
177.750000000006 44.4440220034185
178.500000000006 44.2999863865525
179.250000000006 44.1595436395047
180.000000000006 44.022324298759
180.750000000006 43.888356347769
181.500000000006 43.7581427847642
182.250000000006 43.6316168073578
183.000000000006 43.5085283131307
183.750000000006 43.3888000212112
184.500000000006 43.2731819211049
185.250000000006 43.1619740759108
186.000000000006 43.0550248190966
186.750000000006 42.9525182567582
187.500000000006 42.8541776561788
188.250000000006 42.7597995200658
189.000000000006 42.6694698343329
189.750000000006 42.5829534496774
190.500000000006 42.5008043659561
191.250000000006 42.4231183772633
192.000000000007 42.3499067680302
192.750000000007 42.281801556556
193.500000000007 42.2195069636401
194.250000000007 42.162808590201
195.000000000007 42.1114502952708
195.750000000007 42.0656695233769
196.500000000007 42.0241023985607
197.250000000007 41.9875039572133
198.000000000007 41.9551832905732
198.750000000007 41.9264500801992
199.500000000007 41.9015027871822
200.250000000007 41.8812130900267
201.000000000007 41.8652541320255
201.750000000007 41.8539271401016
202.500000000007 41.8469605163953
203.250000000007 41.8440802690539
204.000000000007 41.8450445612374
204.750000000007 41.8497790998556
205.500000000007 41.8582524600671
206.250000000007 41.8704155097886
207.000000000007 41.8861050242196
207.750000000007 41.9052364887239
208.500000000007 41.9277527071231
209.250000000007 41.9535629344034
210.000000000007 41.9826165671048
210.750000000007 42.0148021013106
211.500000000007 42.0498755091805
212.250000000007 42.087685307803
213.000000000007 42.1281320767013
213.750000000007 42.171160196653
214.500000000007 42.2167563753032
215.250000000007 42.2647856155739
216.000000000007 42.315061263622
216.750000000007 42.3673981809347
217.500000000007 42.4216975783046
218.250000000008 42.4778252355912
219.000000000008 42.5356678180668
219.750000000008 42.5951499172187
220.500000000008 42.656167653132
221.250000000008 42.7185913950236
222.000000000008 42.7822754371644
222.750000000008 42.8470543343434
223.500000000008 42.9127506230393
224.250000000008 42.9792665979607
225.000000000008 43.04649037838
225.750000000008 43.11420738176
226.500000000008 43.1823681141752
227.250000000008 43.2508960897696
228.000000000008 43.3197384727372
228.750000000008 43.3888194377572
229.500000000008 43.4580639440584
230.250000000008 43.5274126117246
231.000000000008 43.5968064277759
231.750000000008 43.6661840557751
232.500000000008 43.7354794703459
233.250000000008 43.8046431318681
234.000000000008 43.8736181855466
234.750000000008 43.9423400474535
235.500000000008 44.0107518407593
236.250000000008 44.0787798384321
237.000000000008 44.1463515980423
237.750000000008 44.2133874674308
238.500000000008 44.2797970391663
239.250000000008 44.3454396459842
240.000000000008 44.4102110765006
240.750000000008 44.4740455117601
241.500000000008 44.5368153631754
242.250000000008 44.5984025216713
243.000000000008 44.6587090926483
243.750000000008 44.7176374554084
244.500000000008 44.7751034413545
245.250000000009 44.8310512711867
246.000000000009 44.8853970248679
246.750000000009 44.9381270544775
247.500000000009 44.989221298305
248.250000000009 45.0386093379966
249.000000000009 45.0862575075825
249.750000000009 45.1321274555962
250.500000000009 45.1760854156601
251.250000000009 45.2179285693184
252.000000000009 45.2576695264957
252.750000000009 45.2952748195928
253.500000000009 45.3307967196004
254.250000000009 45.3643447988519
255.000000000009 45.3958070433152
255.750000000009 45.4250946881433
256.500000000008 45.4522048403061
257.250000000008 45.4771182532881
258.000000000007 45.4998490021039
258.750000000006 45.5203435147521
259.500000000006 45.5385989996957
260.250000000005 45.554630683132
261.000000000004 45.5683296607883
261.750000000004 45.5797008938903
262.500000000003 45.5887711056011
263.250000000002 45.5955815415423
264.000000000002 45.6000810370598
264.750000000001 45.6022232131031
265.5 45.6020506871295
266.25 45.5995950015452
266.999999999999 45.5948530098345
267.749999999998 45.5875726261873
268.499999999998 45.5774432482906
269.249999999997 45.5647279308575
269.999999999996 45.5494015782696
270.749999999996 45.5321273888563
271.499999999995 45.5124079395283
272.249999999994 45.4907469706283
272.999999999993 45.4638290124217
273.749999999993 45.431108910499
274.499999999992 45.3906141297787
275.249999999991 45.3375298259084
275.999999999991 45.2835312258139
276.74999999999 45.2287775328636
277.499999999989 45.1730405280766
278.249999999989 45.1164043025657
278.999999999988 45.0588390514898
279.749999999987 44.9815699198755
280.499999999987 44.8915188563682
281.249999999986 44.8018829182924
281.999999999985 44.7117703718032
282.749999999985 44.6212750974206
283.499999999984 44.5300604166498
284.249999999983 44.438693982146
284.999999999983 44.3480400580884
285.749999999982 44.2575539080266
286.499999999981 44.1669811350743
287.249999999981 44.0769832608879
287.99999999998 43.9871402566385
288.749999999979 43.8975352603059
289.499999999978 43.8081917204943
290.249999999978 43.7196586239747
290.999999999977 43.6314959257266
291.749999999976 43.5446923237308
292.499999999976 43.4493156069832
293.249999999975 43.3480438817026
293.999999999974 43.245145499882
294.749999999974 43.1432745774587
295.499999999973 43.039855996356
296.249999999972 42.9369476381534
296.999999999972 42.833948716648
297.749999999971 42.7284045602762
298.49999999997 42.6249638263204
299.24999999997 42.5215884196174
299.999999999969 42.4180513811745
300.749999999968 42.3160066101293
301.499999999968 42.2148039336576
302.249999999967 42.1155316216554
302.999999999966 42.0185213295533
303.749999999965 41.9237886764815
304.499999999965 41.8311627244282
305.249999999964 41.7404258521496
305.999999999963 41.6510632022268
306.749999999963 41.563677037792
307.499999999962 41.4748321890952
308.249999999961 41.3860645739562
308.999999999961 41.2988336251104
309.74999999996 41.2137066150189
310.499999999959 41.1310937795097
311.249999999959 41.046744884976
311.999999999958 40.9431687120644
312.749999999957 40.823216900923
313.499999999957 40.6990786075707
314.249999999956 40.5671022967378
314.999999999955 40.4388716526383
315.749999999955 40.3144309800357
316.499999999954 40.1940268803115
317.249999999953 40.0750468401732
317.999999999953 39.9543368642795
318.749999999952 39.8376171095994
319.499999999951 39.7251874678078
320.24999999995 39.6181988072714
320.99999999995 39.5159957218204
321.749999999949 39.4184369718471
322.499999999948 39.3253232225552
323.249999999948 39.2367528734328
323.999999999947 39.1527902784684
324.749999999946 39.0733957000568
325.499999999946 38.9956330836619
326.249999999945 38.9191130754551
326.999999999944 38.8451977091157
327.749999999944 38.77698100098
328.499999999943 38.7127511141473
329.249999999942 38.6531002057367
329.999999999942 38.5981868760955
330.749999999941 38.5476490075124
331.49999999994 38.5016515436194
332.24999999994 38.4609252384224
332.999999999939 38.4248003256733
333.749999999938 38.3925863166072
334.499999999938 38.3621036127081
335.249999999937 38.3324294834144
335.999999999936 38.2931858104393
336.749999999935 38.2543236209962
337.499999999935 38.2206574805249
338.249999999934 38.1914069447148
338.999999999933 38.1664549624945
339.749999999933 38.1451117635402
340.499999999932 38.1214694840894
341.249999999931 38.0946352815178
341.999999999931 38.0727125987329
342.74999999993 38.0554697542287
343.499999999929 38.0415255886602
344.249999999929 38.0307476510747
344.999999999928 38.0243724016218
345.749999999927 38.0217164461449
346.499999999927 38.0224057635449
347.249999999926 38.0263581751055
347.999999999925 38.0334865976566
348.749999999925 38.043734785377
349.499999999924 38.0570115429812
350.249999999923 38.0731991896137
350.999999999923 38.0922429831985
351.749999999922 38.1140930907996
352.499999999921 38.13861874384
353.24999999992 38.1657463812728
353.99999999992 38.1953765542063
354.749999999919 38.2273883675956
355.499999999918 38.2616532080851
356.249999999918 38.2981078535271
356.999999999917 38.3297769708682
357.749999999916 38.3494873838402
358.499999999916 38.3709481689824
359.249999999915 38.394699053565
359.999999999914 38.4206994415309
360.749999999914 38.4488012002002
361.499999999913 38.4789309069585
362.249999999912 38.5110226230114
362.999999999912 38.5449811109695
363.749999999911 38.5807099423611
364.49999999991 38.6147679241195
365.24999999991 38.6443133933496
365.999999999909 38.6655839161808
366.749999999908 38.6880684408509
367.499999999908 38.7076251800913
368.249999999907 38.7247642110893
368.999999999906 38.743431416925
369.749999999905 38.7521406106757
370.499999999905 38.7594971305705
371.249999999904 38.766165661137
371.999999999903 38.7702310367855
372.749999999903 38.7687630285521
373.499999999902 38.7663270662018
374.249999999901 38.7635320181243
374.999999999901 38.7608085781426
375.7499999999 38.7592030716798
376.499999999899 38.7492654006432
377.249999999899 38.7352580012328
377.999999999898 38.7231304567217
378.749999999897 38.7111692672244
379.499999999897 38.7000813377256
380.249999999896 38.6887576785414
380.999999999895 38.6758893968823
381.749999999895 38.6617574478478
382.499999999894 38.6395120575111
383.249999999893 38.6127210970233
383.999999999893 38.5841354284628
384.749999999892 38.5544118727584
385.499999999891 38.5224716958815
386.24999999989 38.485369235915
386.99999999989 38.4434805031707
387.749999999889 38.392201788319
388.499999999888 38.337123418304
389.249999999888 38.2769378291157
389.999999999887 38.2126256305953
390.749999999886 38.1472646131301
391.499999999886 38.0753444584619
392.249999999885 37.9961951565358
392.999999999884 37.9095378853415
393.749999999884 37.824594885678
394.499999999883 37.743341225147
395.249999999882 37.6600713451178
395.999999999882 37.5717955772932
396.749999999881 37.4869060874776
397.49999999988 37.4071753377534
398.24999999988 37.3309590523881
398.999999999879 37.2589166703914
399.749999999878 37.1906796587675
400.499999999878 37.126756123912
401.249999999877 37.0654291535061
401.999999999876 37.0066458184912
402.749999999875 36.9499529787272
403.499999999875 36.8979454837183
404.249999999874 36.8493984211125
404.999999999873 36.8045326991494
405.749999999873 36.7619188178885
406.499999999872 36.7237206469355
407.249999999871 36.6898271528576
407.999999999871 36.6608618067108
408.74999999987 36.6367668747837
409.499999999869 36.6134087447478
410.249999999869 36.5947030925817
410.999999999868 36.5804194475608
411.749999999867 36.5705340345463
412.499999999867 36.565568183766
413.249999999866 36.5650043954756
413.999999999865 36.568508980592
414.749999999865 36.5751174610221
415.499999999864 36.581739471304
416.249999999863 36.5922342616002
416.999999999862 36.6061247757387
417.749999999862 36.6235689469549
418.499999999861 36.6446223908402
419.24999999986 36.6691379889093
419.99999999986 36.6942134243503
420.749999999859 36.7217604797237
421.499999999858 36.7519566694428
422.249999999858 36.7810222650097
422.999999999857 36.8132427305755
423.749999999856 36.8463952109254
424.499999999856 36.8797282095923
425.249999999855 36.9080223084008
425.999999999854 36.9301237000369
426.749999999854 36.9408170042004
427.499999999853 36.9496525234101
428.249999999852 36.9557751120981
428.999999999852 36.9631282242214
429.749999999851 36.9697343522368
430.49999999985 36.9756885281013
431.24999999985 36.9734435477864
431.999999999849 36.9651489462616
432.749999999848 36.9574424381094
433.499999999847 36.952157804636
434.249999999847 36.948298498889
434.999999999846 36.9380617949756
435.749999999845 36.9237848190122
436.499999999845 36.9103154079336
437.249999999844 36.8975708283343
437.999999999843 36.8835268685941
438.749999999843 36.867283878245
439.499999999842 36.8517088520736
440.249999999841 36.8382998336035
440.999999999841 36.8253372083075
441.74999999984 36.812586738225
442.499999999839 36.8011897829935
443.249999999839 36.7896999756956
443.999999999838 36.7785625691247
444.749999999837 36.7644413534434
445.499999999837 36.7485409786241
446.249999999836 36.7321512812892
446.999999999835 36.7146812842006
447.749999999835 36.6940186390044
448.499999999834 36.671947430706
449.249999999833 36.6461487990849
449.999999999832 36.6161783964227
450.749999999832 36.5835253093735
451.499999999831 36.54667266472
452.24999999983 36.511114785126
452.99999999983 36.4798441831781
453.749999999829 36.4505243488687
454.499999999828 36.4200829643793
455.249999999828 36.3906724169147
455.999999999827 36.3669584170101
456.749999999826 36.340446316007
457.499999999826 36.312158563899
458.249999999825 36.2859026765978
458.999999999824 36.2589976536571
459.749999999824 36.2289453223474
460.499999999823 36.1962887902366
461.249999999822 36.1617144904244
461.999999999822 36.1286587821584
462.749999999821 36.0969834529944
463.49999999982 36.068292302276
464.24999999982 36.0433268182793
464.999999999819 36.0219617329056
465.749999999818 36.0050390318848
466.499999999817 35.9879905289741
467.249999999817 35.9730307416428
467.999999999816 35.9616745898773
468.749999999815 35.9544906977744
469.499999999815 35.9472467565384
470.249999999814 35.9413024030007
470.999999999813 35.9374240914509
471.749999999813 35.9312102421284
472.499999999812 35.9248941194925
473.249999999811 35.9186802171532
473.999999999811 35.9125168987302
474.74999999981 35.9090660142842
475.499999999809 35.9049014169682
476.249999999809 35.900611691433
476.999999999808 35.8968322631208
477.749999999807 35.8940132971272
478.499999999807 35.8936507620664
479.249999999806 35.8957234498142
479.999999999805 35.900152094932
480.749999999805 35.9064307421916
481.499999999804 35.9117389950334
482.249999999803 35.9177128690473
482.999999999802 35.9255927187466
483.749999999802 35.9352665910253
484.499999999801 35.9437585566445
485.2499999998 35.9508814028628
485.9999999998 35.9576865243982
486.749999999799 35.9650241475387
487.499999999798 35.9729464563052
488.249999999798 35.9812044090231
488.999999999797 35.9896227701444
489.749999999796 35.9980984755175
490.499999999796 36.0040306628269
491.249999999795 36.0058360119161
491.999999999794 36.0021596533988
492.749999999794 35.9980023730994
493.499999999793 35.9957008723715
494.249999999792 35.9946468203556
494.999999999792 35.9926800027331
495.749999999791 35.9882198569643
496.49999999979 35.9852286590593
497.24999999979 35.9798719380894
497.999999999789 35.9720539131337
498.749999999788 35.9615210120421
499.499999999787 35.9502161756953
500.249999999787 35.9414241918325
500.999999999786 35.9315338143464
501.749999999785 35.9216411356224
502.499999999785 35.9110970088994
503.249999999784 35.8977837931615
503.999999999783 35.8867978070782
504.749999999783 35.8582131682105
505.499999999782 35.8271270892837
506.249999999781 35.7967135611226
506.999999999781 35.768656115449
507.74999999978 35.7431355527558
508.499999999779 35.7201098381101
509.249999999779 35.6995629577174
509.999999999778 35.6795635578256
510.749999999777 35.66039695624
511.499999999777 35.6420156267064
512.249999999776 35.6257219228778
512.999999999775 35.6111073912811
513.749999999775 35.5985630114601
514.499999999774 35.5882359230137
515.249999999773 35.5794197428831
515.999999999773 35.5697320943311
516.749999999772 35.5579360242007
517.499999999771 35.5477272729775
518.24999999977 35.5391985084896
518.99999999977 35.5292433751068
519.749999999769 35.5142495908077
520.499999999768 35.5003256636275
521.249999999768 35.4830207802866
521.999999999767 35.4614536110614
522.749999999766 35.4147378251438
523.499999999766 35.357443433018
524.249999999765 35.3041995823293
524.999999999764 35.2550826528927
525.749999999764 35.20961950695
526.499999999763 35.1668708248216
527.249999999762 35.12841225315
527.999999999762 35.0928053341097
528.749999999761 35.0613440685679
529.49999999976 35.0348597221789
530.24999999976 35.013338232366
530.999999999759 34.9961069571419
531.749999999758 34.9819285219385
532.499999999758 34.9688153738949
533.249999999757 34.9602935434317
533.999999999756 34.9529650803426
534.749999999755 34.9387944533664
535.499999999755 34.9165849044956
536.249999999754 34.8693025133385
536.999999999753 34.8262324653214
537.749999999753 34.7884226009831
538.499999999752 34.755781786298
539.249999999751 34.7262304319311
539.999999999751 34.7019862249861
540.74999999975 34.6822602242619
541.499999999749 34.6678077160441
542.249999999749 34.6590330937082
542.999999999748 34.6554452620421
543.749999999747 34.6566091480445
544.499999999747 34.6630326447964
545.249999999746 34.6744142816289
545.999999999745 34.6896651182685
546.749999999745 34.7071704062509
547.499999999744 34.7268966064323
548.249999999743 34.7508124967735
548.999999999742 34.7769749421249
549.749999999742 34.8040970763043
550.499999999741 34.8277378858562
551.24999999974 34.8506612162065
551.99999999974 34.8736837983478
552.749999999739 34.9005651254089
553.499999999738 34.9303238978262
554.249999999738 34.9627163492958
554.999999999737 34.997876315612
555.749999999736 35.0367194863636
556.499999999736 35.0789597655566
557.249999999735 35.1242263914178
557.999999999734 35.1721761137623
558.749999999734 35.2210559379071
559.499999999733 35.2707751337076
560.249999999732 35.3217453825194
560.999999999732 35.3739039553296
561.749999999731 35.4271826752117
562.49999999973 35.479397674613
563.24999999973 35.5315885803006
563.999999999729 35.5838539524442
564.749999999728 35.6346717789803
565.499999999727 35.6841112165935
566.249999999727 35.7302588515502
566.999999999726 35.7538778909124
567.749999999725 35.7704457618937
568.499999999725 35.7845258251701
569.249999999724 35.7961699058894
569.999999999723 35.8059321126023
570.749999999723 35.8155400192305
571.499999999722 35.8253488605534
572.249999999721 35.8348091960758
572.999999999721 35.8438271693458
573.74999999972 35.8367101397957
574.499999999719 35.8174136003637
575.249999999719 35.7917938303019
575.999999999718 35.7671217136544
576.749999999717 35.7443952854549
577.499999999717 35.7228607757169
578.249999999716 35.7027926901798
578.999999999715 35.6836959389694
579.749999999715 35.652089196524
580.499999999714 35.62009234438
581.249999999713 35.5898310589021
581.999999999712 35.5613548268412
582.749999999712 35.5346956671383
583.499999999711 35.5094330702716
584.24999999971 35.4855655838104
584.99999999971 35.4640868920623
585.749999999709 35.4454922756688
586.499999999708 35.4290392901952
587.249999999708 35.4119520446671
587.999999999707 35.3928702015378
588.749999999706 35.3759423303179
589.499999999706 35.3522871897254
590.249999999705 35.323241773148
590.999999999704 35.2961272931862
591.749999999704 35.2512905876283
592.499999999703 35.1904088616272
593.249999999702 35.0940053713826
593.999999999702 34.9829400793318
594.749999999701 34.8756267502763
595.4999999997 34.7743775429513
596.2499999997 34.6807963248628
596.999999999699 34.594730099828
597.749999999698 34.5160523418559
598.499999999697 34.4446729711014
599.249999999697 34.3804562868013
599.999999999696 34.3232333863263
600.749999999695 34.2726335886821
601.499999999695 34.2287784982707
602.249999999694 34.1917575329002
602.999999999693 34.161458220593
603.749999999693 34.13766874749
604.499999999692 34.1202538946314
605.249999999691 34.1091092599815
605.999999999691 34.1040119709351
606.74999999969 34.1049185913296
607.499999999689 34.1118835562773
608.249999999689 34.1246387873575
608.999999999688 34.1431549442728
609.749999999687 34.1673485553921
610.499999999687 34.1970620840203
611.249999999686 34.2321867384676
611.999999999685 34.2725323244108
612.749999999685 34.3171794174222
613.499999999684 34.3614846965093
614.249999999683 34.4015533625699
614.999999999682 34.4451813240958
615.749999999682 34.4766216236872
616.499999999681 34.4921421240332
617.24999999968 34.5123506777034
617.99999999968 34.5366240810726
618.749999999679 34.5656169203867
619.499999999678 34.5991887741967
620.249999999678 34.6350940178815
620.999999999677 34.6745218908535
621.749999999676 34.7166372739072
622.499999999676 34.7597980985487
623.249999999675 34.8066737612098
623.999999999674 34.85593489529
624.749999999674 34.9079787011868
625.499999999673 34.9627003639276
626.249999999672 35.0200160335278
626.999999999672 35.079374357867
627.749999999671 35.1396022883532
628.49999999967 35.2015778423101
629.24999999967 35.2655357091664
629.999999999669 35.330161937305
630.749999999668 35.3929156994583
631.499999999667 35.4539484062777
632.249999999667 35.5127434671994
632.999999999666 35.5623014406621
633.749999999665 35.6042288972194
634.499999999665 35.6447114296875
635.249999999664 35.6837723546299
635.999999999663 35.7228601160097
636.749999999663 35.7606092660726
637.499999999662 35.7961389712479
638.249999999661 35.8299692274957
638.999999999661 35.8508692653687
639.74999999966 35.8585233096618
640.499999999659 35.8539124663059
641.249999999659 35.848759769247
641.999999999658 35.8420141453781
642.749999999657 35.8331222456481
643.499999999657 35.8200973389389
644.249999999656 35.8125823516865
644.999999999655 35.8083917140349
645.749999999655 35.8034032635391
646.499999999654 35.7984331383625
647.249999999653 35.7931805014121
647.999999999652 35.788419407628
648.749999999652 35.7801613460482
649.499999999651 35.7688233195935
650.24999999965 35.7553522841243
650.99999999965 35.7430997449311
651.749999999649 35.7301958399929
652.499999999648 35.7163437289083
653.249999999648 35.7011260934804
653.999999999647 35.6894022258069
654.749999999646 35.6789765006797
655.499999999646 35.6671306168033
656.249999999645 35.6511124385
656.999999999644 35.6340382291474
657.749999999644 35.6173161838921
658.499999999643 35.6009271652519
659.249999999642 35.5854336549344
659.999999999642 35.5707970446265
660.749999999641 35.5560467056161
661.49999999964 35.5430502391454
662.249999999639 35.5318094199158
662.999999999639 35.5223619274614
663.749999999638 35.5141908825364
664.499999999637 35.5042666557389
665.249999999637 35.492923445453
665.999999999636 35.481895403794
666.749999999635 35.4687936335331
667.499999999635 35.4574376903035
668.249999999634 35.4466851837847
668.999999999633 35.4366568141603
669.749999999633 35.4276383041913
670.499999999632 35.4203260982032
671.249999999631 35.4130700458862
671.999999999631 35.4058826840751
672.74999999963 35.3988295477498
673.499999999629 35.3915081071697
674.249999999629 35.3861193815049
674.999999999628 35.3827848956394
675.749999999627 35.3815502222463
676.499999999627 35.3786572287077
677.249999999626 35.377106673283
677.999999999625 35.3761204686535
678.749999999624 35.3725772035693
679.499999999624 35.3552522824794
680.249999999623 35.3041767992846
680.999999999622 35.2187144566905
681.749999999622 35.1143676574369
682.499999999621 35.0168479739649
683.24999999962 34.9260893265299
683.99999999962 34.8420083625416
684.749999999619 34.7517993604488
685.499999999618 34.6462535905048
686.249999999618 34.548766113214
686.999999999617 34.4591828577988
687.749999999616 34.3777397871139
688.499999999616 34.3043177102659
689.249999999615 34.2384767359184
689.999999999614 34.1799568975538
690.749999999614 34.1287601655623
691.499999999613 34.0846032321629
692.249999999612 34.0473106765036
692.999999999612 34.01673013991
693.749999999611 33.9927202131207
694.49999999961 33.975137841546
695.249999999609 33.9634390900291
695.999999999609 33.9575779362459
696.749999999608 33.9578176652516
697.499999999607 33.9642162161946
698.249999999607 33.9766779218192
698.999999999606 33.9943778810038
699.749999999605 34.0161093954436
700.499999999605 34.04073770386
701.249999999604 34.0695745142996
701.999999999603 34.10279065615
702.749999999603 34.1349303550802
703.499999999602 34.1372621347582
704.249999999601 34.1003116589018
704.999999999601 34.0249716601973
705.7499999996 33.9113862304268
706.499999999599 33.759563394069
707.249999999599 33.5695110852369
707.999999999598 33.3412371220319
708.749999999597 33.0747491809217
709.499999999597 32.7700547711387
710.249999999596 32.4271612091002
710.999999999595 32.0460755928492
711.749999999594 31.6268047765135
712.499999999594 31.169355344784
713.249999999593 30.6737335874097
713.999999999592 30.1399454737076
714.749999999592 29.574153847002
715.499999999591 29.0048876896734
716.24999999959 28.4357255937992
716.99999999959 27.866665642623
717.749999999589 27.2977059207544
718.499999999588 26.7288445141434
719.249999999588 26.160079510054
719.999999999587 25.5914089970386
720.749999999586 25.0228310649121
721.499999999586 24.4543438047259
722.249999999585 23.8859453087425
722.999999999584 23.3176336704092
723.749999999584 22.7494069843329
724.499999999583 22.1812633462544
725.249999999582 21.613200853022
725.999999999582 21.0452176025671
726.749999999581 20.4773116938776
727.49999999958 19.9094812269726
728.249999999579 19.3417243028773
728.999999999579 18.774039023597
729.749999999578 18.2064234920917
730.499999999577 17.6388758122509
731.249999999577 17.0713940888681
731.999999999576 16.503976427615
732.749999999575 15.936620935017
733.499999999575 15.3693257184269
734.249999999574 14.8020888860002
734.999999999573 14.2349085466695
735.749999999573 13.6677828101194
736.499999999572 13.1007097867612
737.249999999571 12.5336875877077
737.999999999571 11.9667143247477
738.74999999957 11.3997881103214
739.499999999569 10.8329070574945
740.249999999569 10.2660692799336
740.999999999568 9.69927289188078
741.749999999567 9.13251600812861
742.499999999567 8.56579674399497
743.249999999566 7.99911321529794
743.999999999565 7.43246353833075
744.749999999564 6.86584582983672
745.499999999564 6.29925820698418
746.249999999563 5.73269878734145
746.999999999562 5.16616568885179
747.749999999562 4.5996570298084
748.499999999561 4.03317092882936
749.24999999956 3.4667055048327
749.99999999956 2.90025887701134
750.749999999559 2.33382916480815
751.499999999558 1.76741448789095
752.249999999558 1.20101296612753
752.999999999557 0.634622719560709
753.749999999556 0.0682418683833411
754.499999999556 -0.0224194201381756
755.249999999555 -0.0224683465093273
755.999999999554 -0.0225172722604912
756.749999999554 -0.0225661973916892
757.499999999553 -0.022615121902943
758.249999999552 -0.0226640457942747
758.999999999552 -0.0227129690657061
759.749999999551 -0.0227618917172591
760.49999999955 -0.0228108137489555
761.249999999549 -0.0228597351608173
761.999999999549 -0.0229086559528662
762.749999999548 -0.0229575761251242
763.499999999547 -0.0230064956776132
764.249999999547 -0.023055414610355
764.999999999546 -0.0231043329233715
765.749999999545 -0.0231532506166846
766.499999999545 -0.0232021676903161
767.249999999544 -0.0232510841442879
767.999999999543 -0.0232999999786219
768.749999999543 -0.0233489151933399
769.499999999542 -0.0233978297884638
770.249999999541 -0.0234467437640156
770.999999999541 -0.023495657120017
771.74999999954 -0.0235445698564899
772.499999999539 -0.0235934819734561
773.249999999539 -0.0236423934709377
773.999999999538 -0.0236913043489563
774.749999999537 -0.0237402146075339
775.499999999536 -0.0237891242466923
776.249999999536 -0.0238380332664534
776.999999999535 -0.023886941666839
777.749999999534 -0.0239358494478711
778.499999999534 -0.0239847566095714
779.249999999533 -0.0240336631519619
779.999999999532 -0.0240825690750643
780.749999999532 -0.0241314743789006
781.499999999531 -0.0241803790634926
782.24999999953 -0.0242292831288621
782.99999999953 -0.024278186575031
783.749999999529 -0.0243270894020211
784.499999999528 -0.0243759916098544
785.249999999528 -0.0244248931985526
785.999999999527 -0.0244737941681376
786.749999999526 -0.0245226945186312
787.499999999526 -0.0245715942500554
788.249999999525 -0.0246204933624318
788.999999999524 -0.0246693918557825
789.749999999524 -0.0247182897301293
790.499999999523 -0.0247671869854939
791.249999999522 -0.0248160836218982
791.999999999521 -0.0248649796393641
792.749999999521 -0.0249138750379135
793.49999999952 -0.0249627698175681
794.249999999519 -0.0250116639783498
794.999999999519 -0.0250605575202804
795.749999999518 -0.0251094504433818
796.499999999517 -0.0251583427476758
797.249999999517 -0.0252072344331842
797.999999999516 -0.025256125499929
798.749999999515 -0.0253050159479319
799.499999999515 -0.0253539057772147
