0 0.016215
0.75 0.014228
1.5 0.012473
2.25 0.010708
3 0.009246
3.74999999999999 0.00782
4.49999999999999 0.006398
5.25 0.005105
6.00000000000001 0.003969
6.75000000000001 0.002896
7.50000000000002 0.00186
8.25000000000002 0.000996
9 0.000215
9.74999999999998 -0.000361
10.5 -0.000697
11.25 -0.000932
11.9999999999999 -0.001143
12.7499999999999 -0.00132
13.4999999999999 -0.001458
14.2499999999999 -0.001578
14.9999999999999 -0.001385
15.7499999999999 0.006812
16.4999999999999 0.015465
17.2499999999999 0.024291
17.9999999999999 0.033505
18.75 0.042699
19.5 0.05178
20.25 0.060661
21 0.069234
21.7500000000001 0.077445
22.5000000000001 0.085245
23.2500000000001 0.092633
24.0000000000002 0.099532
24.7500000000002 0.105939
25.5000000000002 0.111799
26.2500000000002 0.117147
27.0000000000003 0.121749
27.7500000000003 0.125939
28.5000000000003 0.129643
29.2500000000004 0.132927
30.0000000000004 0.135742
30.7500000000004 0.138039
31.5000000000004 0.13992
32.2500000000005 0.141272
33.0000000000005 0.142179
33.7500000000005 0.142639
34.5000000000005 0.142856
35.2500000000006 0.14294
36.0000000000006 0.142974
36.7500000000006 0.142946
37.5000000000007 0.142598
38.2500000000007 0.14143
39.0000000000007 0.140003
39.7500000000007 0.138363
40.5000000000008 0.136512
41.2500000000008 0.134472
42.0000000000008 0.132257
42.7500000000009 0.129914
43.5000000000009 0.127448
44.2500000000009 0.124913
45.0000000000009 0.122309
45.750000000001 0.119634
46.500000000001 0.116959
47.250000000001 0.114248
48.0000000000011 0.111572
48.7500000000011 0.10891
49.5000000000011 0.10631
50.2500000000011 0.103688
51.0000000000012 0.101112
51.7500000000012 0.098572
52.5000000000012 0.096105
53.2500000000013 0.093682
54.0000000000013 0.091384
54.7500000000013 0.089143
55.5000000000013 0.086932
56.2500000000014 0.084907
57.0000000000014 0.08292
57.7500000000014 0.081108
58.5000000000015 0.079276
59.2500000000015 0.077494
60.0000000000015 0.075765
60.7500000000015 0.074178
61.5000000000016 0.072635
62.2500000000016 0.07108
63.0000000000016 0.069618
63.7500000000017 0.06829
64.5000000000017 0.066972
65.2500000000017 0.065748
66.0000000000017 0.064631
66.7500000000018 0.063491
67.5000000000018 0.06245
68.2500000000018 0.061476
69.0000000000018 0.060564
69.7500000000019 0.059647
70.5000000000019 0.058775
71.2500000000019 0.057937
72.000000000002 0.057179
72.750000000002 0.056375
73.500000000002 0.05564
74.250000000002 0.054892
75.0000000000021 0.05422
75.7500000000021 0.053563
76.5000000000021 0.052921
77.2500000000022 0.05223
78.0000000000022 0.051606
78.7500000000022 0.05096
79.5000000000022 0.050357
80.2500000000023 0.049817
81.0000000000023 0.049255
81.7500000000023 0.048674
82.5000000000024 0.048084
83.2500000000024 0.047447
84.0000000000024 0.046754
84.7500000000024 0.04604
85.5000000000025 0.045361
86.2500000000025 0.044609
87.0000000000025 0.043901
87.7500000000026 0.043085
88.5000000000026 0.042304
89.2500000000026 0.041487
90.0000000000026 0.040645
90.7500000000027 0.039766
91.5000000000027 0.038872
92.2500000000027 0.037921
93.0000000000028 0.036969
93.7500000000028 0.035976
94.5000000000028 0.035036
95.2500000000028 0.034065
96.0000000000029 0.032932
96.7500000000029 0.031792
97.5000000000029 0.030637
98.250000000003 0.029412
99.000000000003 0.028115
99.750000000003 0.026806
100.500000000003 0.025476
101.250000000003 0.023991
102.000000000003 0.022513
102.750000000003 0.020936
103.500000000003 0.019307
104.250000000003 0.017624
105.000000000003 0.015908
105.750000000003 0.01416
106.500000000003 0.012237
107.250000000003 0.010344
108.000000000003 0.008259
108.750000000003 0.006037
109.500000000003 0.003768
110.250000000003 0.001495
111.000000000003 -0.000729
111.750000000003 -0.002976
112.500000000003 -0.005305
113.250000000004 -0.005988
114.000000000004 -0.005743
114.750000000004 -0.007504
115.500000000004 -0.007911
116.250000000004 -0.011374
117.000000000004 -0.012841
117.750000000004 -0.014904
118.500000000004 -0.018272
119.250000000004 -0.015122
120.000000000004 -0.018228
120.750000000004 -0.017336
121.500000000004 -0.017795
122.250000000004 -0.021704
123.000000000004 -0.023244
123.750000000004 -0.022984
124.500000000004 -0.026699
125.250000000004 -0.030399
126.000000000004 -0.033155
126.750000000004 -0.031041
127.500000000004 -0.034173
128.250000000004 -0.03724
129.000000000004 -0.037605
129.750000000004 -0.037392
130.500000000004 -0.035839
131.250000000004 -0.040017
132.000000000004 -0.043483
132.750000000004 -0.044029
133.500000000004 -0.045949
134.250000000004 -0.047943
135.000000000004 -0.04823
135.750000000004 -0.048066
136.500000000004 -0.051728
137.250000000004 -0.054589
138.000000000004 -0.059515
138.750000000004 -0.058917
139.500000000005 -0.059378
140.250000000005 -0.061356
141.000000000005 -0.064499
141.750000000005 -0.065963
142.500000000005 -0.066398
143.250000000005 -0.068967
144.000000000005 -0.069955
144.750000000005 -0.075133
145.500000000005 -0.069768
146.250000000005 -0.072041
147.000000000005 -0.074982
147.750000000005 -0.076547
148.500000000005 -0.080238
149.250000000005 -0.083572
150.000000000005 -0.082862
150.750000000005 -0.075884
151.500000000005 -0.079086
152.250000000005 -0.086485
153.000000000005 -0.086661
153.750000000005 -0.087127
154.500000000005 -0.091799
155.250000000005 -0.094147
156.000000000005 -0.094377
156.750000000005 -0.094952
157.500000000005 -0.099292
158.250000000005 -0.099353
159.000000000005 -0.10103
159.750000000005 -0.098968
160.500000000005 -0.097442
161.250000000005 -0.096102
162.000000000005 -0.095869
162.750000000005 -0.09579
163.500000000005 -0.098553
164.250000000005 -0.094889
165.000000000005 -0.093511
165.750000000006 -0.09353
166.500000000006 -0.090267
167.250000000006 -0.087541
168.000000000006 -0.081101
168.750000000006 -0.075947
169.500000000006 -0.070735
170.250000000006 -0.065276
171.000000000006 -0.056141
171.750000000006 -0.055845
172.500000000006 -0.051306
173.250000000006 -0.042296
174.000000000006 -0.039198
174.750000000006 -0.034969
175.500000000006 -0.032972
176.250000000006 -0.022477
177.000000000006 -0.016229
177.750000000006 -0.010237
178.500000000006 -0.002233
179.250000000006 0.007661
180.000000000006 0.019084
180.750000000006 0.031084
181.500000000006 0.043143
182.250000000006 0.054553
183.000000000006 0.064854
183.750000000006 0.073744
184.500000000006 0.081081
185.250000000006 0.086874
186.000000000006 0.091156
186.750000000006 0.09418
187.500000000006 0.096233
188.250000000006 0.097385
189.000000000006 0.097892
189.750000000006 0.097847
190.500000000006 0.096769
191.250000000006 0.095064
192.000000000007 0.092828
192.750000000007 0.090009
193.500000000007 0.087174
194.250000000007 0.083909
195.000000000007 0.080366
195.750000000007 0.076592
196.500000000007 0.072548
197.250000000007 0.068384
198.000000000007 0.064206
198.750000000007 0.060056
199.500000000007 0.055968
200.250000000007 0.051916
201.000000000007 0.047927
201.750000000007 0.04409
202.500000000007 0.04034
203.250000000007 0.036706
204.000000000007 0.033416
204.750000000007 0.030187
205.500000000007 0.027138
206.250000000007 0.02427
207.000000000007 0.021455
207.750000000007 0.0189
208.500000000007 0.016509
209.250000000007 0.014273
210.000000000007 0.012145
210.750000000007 0.010047
211.500000000007 0.008065
212.250000000007 0.006307
213.000000000007 0.004523
213.750000000007 0.002938
214.500000000007 0.00159
215.250000000007 0.000296
216.000000000007 -0.000895
216.750000000007 -0.001836
217.500000000007 -0.002381
218.250000000008 -0.002787
219.000000000008 -0.003174
219.750000000008 -0.003401
220.500000000008 -0.003601
221.250000000008 -0.003802
222.000000000008 -0.003942
222.750000000008 -0.004047
223.500000000008 -0.004109
224.250000000008 -0.004156
225.000000000008 -0.004197
225.750000000008 -0.004232
226.500000000008 -0.004265
227.250000000008 -0.004293
228.000000000008 -0.004324
228.750000000008 -0.004355
229.500000000008 -0.004392
230.250000000008 -0.004431
231.000000000008 -0.004461
231.750000000008 -0.004491
232.500000000008 -0.004524
233.250000000008 -0.004542
234.000000000008 -0.004553
234.750000000008 -0.004558
235.500000000008 -0.004561
236.250000000008 -0.004562
237.000000000008 -0.00456
237.750000000008 -0.004553
238.500000000008 -0.004548
239.250000000008 -0.004535
240.000000000008 -0.004521
240.750000000008 -0.004501
241.500000000008 -0.004488
242.250000000008 -0.004473
243.000000000008 -0.004458
243.750000000008 -0.004429
244.500000000008 -0.0044
245.250000000009 -0.004371
246.000000000009 -0.004338
246.750000000009 -0.004311
247.500000000009 -0.004284
248.250000000009 -0.004266
249.000000000009 -0.004235
249.750000000009 -0.004202
250.500000000009 -0.004173
251.250000000009 -0.004138
252.000000000009 -0.004099
252.750000000009 -0.004057
253.500000000009 -0.004013
254.250000000009 -0.003965
255.000000000009 -0.00391
255.750000000009 -0.003851
256.500000000008 -0.00375
257.250000000008 -0.00364
258.000000000007 -0.003527
258.750000000006 -0.003395
259.500000000006 -0.003267
260.250000000005 -0.003029
261.000000000004 -0.002857
261.750000000004 -0.002607
262.500000000003 -0.002402
263.250000000002 -0.002221
264.000000000002 -0.002075
264.750000000001 -0.00188
265.5 -0.001813
266.25 -0.00176
266.999999999999 -0.001709
267.749999999998 -0.001659
268.499999999998 -0.001609
269.249999999997 -0.00156
269.999999999996 -0.001511
270.749999999996 -0.001463
271.499999999995 -0.001416
272.249999999994 -0.001369
272.999999999993 -0.001322
273.749999999993 -0.001274
274.499999999992 -0.001224
275.249999999991 -0.001174
275.999999999991 -0.001124
276.74999999999 -0.001073
277.499999999989 -0.001012
278.249999999989 -0.000961
278.999999999988 -0.000908
279.749999999987 -0.000698
280.499999999987 -0.000544
281.249999999986 -0.000469
281.999999999985 -0.0004
282.749999999985 -0.000339
283.499999999984 -0.000279
284.249999999983 -0.000223
284.999999999983 -0.000179
285.749999999982 -0.000137
286.499999999981 -9.7e-05
287.249999999981 -5.8e-05
287.99999999998 -2e-05
288.749999999979 1.6e-05
289.499999999978 5.3e-05
290.249999999978 9e-05
290.999999999977 0.000127
291.749999999976 0.000164
292.499999999976 0.000199
293.249999999975 0.000231
293.999999999974 0.000265
294.749999999974 0.000298
295.499999999973 0.000331
296.249999999972 0.000364
296.999999999972 0.000396
297.749999999971 0.000428
298.49999999997 0.00046
299.24999999997 0.000491
299.999999999969 0.000523
300.749999999968 0.000555
301.499999999968 0.000586
302.249999999967 0.000616
302.999999999966 0.000646
303.749999999965 0.000675
304.499999999965 0.000703
305.249999999964 0.000731
305.999999999963 0.000759
306.749999999963 0.000785
307.499999999962 0.00081
308.249999999961 0.000834
308.999999999961 0.000857
309.74999999996 0.000879
310.499999999959 0.000901
311.249999999959 0.000922
311.999999999958 0.000943
312.749999999957 0.000963
313.499999999957 0.000983
314.249999999956 0.001002
314.999999999955 0.00102
315.749999999955 0.001039
316.499999999954 0.001057
317.249999999953 0.001075
317.999999999953 0.001092
318.749999999952 0.001108
319.499999999951 0.001124
320.24999999995 0.001139
320.99999999995 0.001154
321.749999999949 0.001169
322.499999999948 0.001183
323.249999999948 0.001196
323.999999999947 0.001209
324.749999999946 0.001221
325.499999999946 0.001233
326.249999999945 0.001244
326.999999999944 0.001256
327.749999999944 0.001269
328.499999999943 0.001281
329.249999999942 0.001292
329.999999999942 0.001302
330.749999999941 0.001312
331.49999999994 0.001321
332.24999999994 0.001329
332.999999999939 0.001336
333.749999999938 0.001343
334.499999999938 0.001349
335.249999999937 0.001355
335.999999999936 0.001359
336.749999999935 0.001363
337.499999999935 0.001367
338.249999999934 0.001369
338.999999999933 0.001372
339.749999999933 0.001375
340.499999999932 0.001378
341.249999999931 0.001379
341.999999999931 0.001379
342.74999999993 0.001378
343.499999999929 0.001377
344.249999999929 0.001375
344.999999999928 0.001372
345.749999999927 0.001369
346.499999999927 0.001366
347.249999999926 0.001363
347.999999999925 0.001359
348.749999999925 0.001354
349.499999999924 0.001349
350.249999999923 0.001344
350.999999999923 0.001337
351.749999999922 0.001332
352.499999999921 0.001325
353.24999999992 0.001318
353.99999999992 0.001311
354.749999999919 0.001302
355.499999999918 0.001294
356.249999999918 0.001288
356.999999999917 0.00128
357.749999999916 0.001271
358.499999999916 0.001262
359.249999999915 0.001253
359.999999999914 0.001246
360.749999999914 0.001238
361.499999999913 0.00123
362.249999999912 0.001221
362.999999999912 0.001211
363.749999999911 0.001201
364.49999999991 0.00119
365.24999999991 0.001178
365.999999999909 0.001166
366.749999999908 0.001154
367.499999999908 0.001141
368.249999999907 0.001128
368.999999999906 0.001114
369.749999999905 0.0011
370.499999999905 0.001086
371.249999999904 0.001072
371.999999999903 0.001058
372.749999999903 0.001043
373.499999999902 0.001028
374.249999999901 0.001013
374.999999999901 0.000998
375.7499999999 0.000983
376.499999999899 0.000968
377.249999999899 0.000952
377.999999999898 0.000937
378.749999999897 0.000921
379.499999999897 0.000905
380.249999999896 0.000889
380.999999999895 0.000873
381.749999999895 0.000857
382.499999999894 0.00084
383.249999999893 0.000824
383.999999999893 0.000807
384.749999999892 0.00079
385.499999999891 0.000773
386.24999999989 0.000756
386.99999999989 0.000739
387.749999999889 0.000722
388.499999999888 0.000705
389.249999999888 0.000688
389.999999999887 0.00067
390.749999999886 0.000653
391.499999999886 0.000636
392.249999999885 0.000618
392.999999999884 0.0006
393.749999999884 0.000583
394.499999999883 0.000565
395.249999999882 0.000548
395.999999999882 0.00053
396.749999999881 0.000513
397.49999999988 0.000495
398.24999999988 0.000477
398.999999999879 0.00046
399.749999999878 0.000442
400.499999999878 0.000424
401.249999999877 0.000407
401.999999999876 0.000389
402.749999999875 0.000372
403.499999999875 0.000354
404.249999999874 0.000336
404.999999999873 0.000319
405.749999999873 0.000299
406.499999999872 0.000279
407.249999999871 0.000258
407.999999999871 0.000238
408.74999999987 0.000218
409.499999999869 0.000197
410.249999999869 0.000177
410.999999999868 0.000157
411.749999999867 0.000137
412.499999999867 0.000118
413.249999999866 9.8e-05
413.999999999865 7.8e-05
414.749999999865 5.9e-05
415.499999999864 4e-05
416.249999999863 2.1e-05
416.999999999862 2e-06
417.749999999862 -1.6e-05
418.499999999861 -3.2e-05
419.24999999986 -4.8e-05
419.99999999986 -6.3e-05
420.749999999859 -7.9e-05
421.499999999858 -9.5e-05
422.249999999858 -0.00011
422.999999999857 -0.000125
423.749999999856 -0.00014
424.499999999856 -0.000154
425.249999999855 -0.000169
425.999999999854 -0.000183
426.749999999854 -0.000197
427.499999999853 -0.000211
428.249999999852 -0.000225
428.999999999852 -0.000238
429.749999999851 -0.000251
430.49999999985 -0.000264
431.24999999985 -0.000277
431.999999999849 -0.00029
432.749999999848 -0.000302
433.499999999847 -0.000315
434.249999999847 -0.000327
434.999999999846 -0.000339
435.749999999845 -0.000351
436.499999999845 -0.000363
437.249999999844 -0.000377
437.999999999843 -0.000391
438.749999999843 -0.000405
439.499999999842 -0.000419
440.249999999841 -0.000432
440.999999999841 -0.000445
441.74999999984 -0.000457
442.499999999839 -0.00047
443.249999999839 -0.000483
443.999999999838 -0.000494
444.749999999837 -0.000505
445.499999999837 -0.000517
446.249999999836 -0.000527
446.999999999835 -0.000537
447.749999999835 -0.000546
448.499999999834 -0.000556
449.249999999833 -0.000564
449.999999999832 -0.000574
450.749999999832 -0.000584
451.499999999831 -0.000591
452.24999999983 -0.000601
452.99999999983 -0.00061
453.749999999829 -0.000617
454.499999999828 -0.000625
455.249999999828 -0.000633
455.999999999827 -0.000641
456.749999999826 -0.000647
457.499999999826 -0.000653
458.249999999825 -0.000658
458.999999999824 -0.000663
459.749999999824 -0.000667
460.499999999823 -0.000671
461.249999999822 -0.000674
461.999999999822 -0.000679
462.749999999821 -0.000682
463.49999999982 -0.000686
464.24999999982 -0.000688
464.999999999819 -0.00069
465.749999999818 -0.000692
466.499999999817 -0.000693
467.249999999817 -0.000693
467.999999999816 -0.000693
468.749999999815 -0.000693
469.499999999815 -0.000693
470.249999999814 -0.000693
470.999999999813 -0.000691
471.749999999813 -0.00069
472.499999999812 -0.000688
473.249999999811 -0.000687
473.999999999811 -0.000685
474.74999999981 -0.000684
475.499999999809 -0.000681
476.249999999809 -0.000679
476.999999999808 -0.000676
477.749999999807 -0.000673
478.499999999807 -0.000671
479.249999999806 -0.000669
479.999999999805 -0.000666
480.749999999805 -0.000664
481.499999999804 -0.000661
482.249999999803 -0.000658
482.999999999802 -0.000655
483.749999999802 -0.000652
484.499999999801 -0.000649
485.2499999998 -0.000645
485.9999999998 -0.000642
486.749999999799 -0.000638
487.499999999798 -0.000634
488.249999999798 -0.00063
488.999999999797 -0.000625
489.749999999796 -0.00062
490.499999999796 -0.000614
491.249999999795 -0.000607
491.999999999794 -0.0006
492.749999999794 -0.000593
493.499999999793 -0.000585
494.249999999792 -0.000578
494.999999999792 -0.00057
495.749999999791 -0.000562
496.49999999979 -0.000554
497.24999999979 -0.000545
497.999999999789 -0.000536
498.749999999788 -0.000526
499.499999999787 -0.000517
500.249999999787 -0.000508
500.999999999786 -0.0005
501.749999999785 -0.00049
502.499999999785 -0.00048
503.249999999784 -0.00047
503.999999999783 -0.00046
504.749999999783 -0.00045
505.499999999782 -0.00044
506.249999999781 -0.00043
506.999999999781 -0.000421
507.74999999978 -0.000411
508.499999999779 -0.000401
509.249999999779 -0.000391
509.999999999778 -0.000381
510.749999999777 -0.000371
511.499999999777 -0.00036
512.249999999776 -0.000351
512.999999999775 -0.000342
513.749999999775 -0.000332
514.499999999774 -0.000323
515.249999999773 -0.000314
515.999999999773 -0.000302
516.749999999772 -0.000293
517.499999999771 -0.000284
518.24999999977 -0.000275
518.99999999977 -0.000266
519.749999999769 -0.000257
520.499999999768 -0.000247
521.249999999768 -0.000238
521.999999999767 -0.000229
522.749999999766 -0.000219
523.499999999766 -0.00021
524.249999999765 -0.000201
524.999999999764 -0.000192
525.749999999764 -0.000183
526.499999999763 -0.000173
527.249999999762 -0.000164
527.999999999762 -0.000155
528.749999999761 -0.000146
529.49999999976 -0.000137
530.24999999976 -0.000128
530.999999999759 -0.000119
531.749999999758 -0.00011
532.499999999758 -0.000102
533.249999999757 -9.3e-05
533.999999999756 -8.4e-05
534.749999999755 -7.5e-05
535.499999999755 -6.6e-05
536.249999999754 -5.8e-05
536.999999999753 -5e-05
537.749999999753 -4.1e-05
538.499999999752 -3.3e-05
539.249999999751 -2.5e-05
539.999999999751 -1.7e-05
540.74999999975 -9e-06
541.499999999749 -0
542.249999999749 7e-06
542.999999999748 1.4e-05
543.749999999747 2.2e-05
544.499999999747 2.9e-05
545.249999999746 3.7e-05
545.999999999745 4.4e-05
546.749999999745 5e-05
547.499999999744 5.6e-05
548.249999999743 6.3e-05
548.999999999742 6.9e-05
549.749999999742 7.5e-05
550.499999999741 8.1e-05
551.24999999974 8.7e-05
551.99999999974 9.3e-05
552.749999999739 0.000101
553.499999999738 0.000107
554.249999999738 0.000113
554.999999999737 0.000119
555.749999999736 0.000125
556.499999999736 0.000131
557.249999999735 0.000136
557.999999999734 0.000142
558.749999999734 0.000148
559.499999999733 0.000154
560.249999999732 0.000163
560.999999999732 0.00017
561.749999999731 0.000178
562.49999999973 0.000185
563.24999999973 0.00019
563.999999999729 0.000195
564.749999999728 0.000202
565.499999999727 0.000207
566.249999999727 0.000211
566.999999999726 0.000217
567.749999999725 0.000222
568.499999999725 0.000228
569.249999999724 0.000233
569.999999999723 0.000237
570.749999999723 0.000242
571.499999999722 0.000247
572.249999999721 0.000251
572.999999999721 0.000255
573.74999999972 0.000259
574.499999999719 0.000263
575.249999999719 0.000266
575.999999999718 0.00027
576.749999999717 0.000273
577.499999999717 0.000276
578.249999999716 0.000279
578.999999999715 0.000282
579.749999999715 0.000284
580.499999999714 0.000287
581.249999999713 0.000289
581.999999999712 0.000291
582.749999999712 0.000294
583.499999999711 0.000296
584.24999999971 0.000298
584.99999999971 0.0003
585.749999999709 0.000302
586.499999999708 0.000303
587.249999999708 0.000305
587.999999999707 0.000306
588.749999999706 0.000307
589.499999999706 0.000308
590.249999999705 0.00031
590.999999999704 0.000311
591.749999999704 0.000311
592.499999999703 0.000311
593.249999999702 0.000312
593.999999999702 0.000312
594.749999999701 0.000312
595.4999999997 0.000312
596.2499999997 0.000312
596.999999999699 0.000311
597.749999999698 0.000311
598.499999999697 0.00031
599.249999999697 0.000309
599.999999999696 0.000308
600.749999999695 0.000307
601.499999999695 0.000306
602.249999999694 0.000305
602.999999999693 0.000304
603.749999999693 0.000303
604.499999999692 0.000302
605.249999999691 0.000301
605.999999999691 0.000299
606.74999999969 0.000297
607.499999999689 0.000295
608.249999999689 0.000293
608.999999999688 0.000292
609.749999999687 0.00029
610.499999999687 0.000288
611.249999999686 0.000286
611.999999999685 0.000283
612.749999999685 0.000281
613.499999999684 0.000279
614.249999999683 0.000277
614.999999999682 0.000274
615.749999999682 0.000272
616.499999999681 0.000269
617.24999999968 0.000267
617.99999999968 0.000265
618.749999999679 0.000262
619.499999999678 0.00026
620.249999999678 0.000258
620.999999999677 0.000255
621.749999999676 0.000252
622.499999999676 0.000249
623.249999999675 0.000246
623.999999999674 0.000243
624.749999999674 0.000241
625.499999999673 0.000239
626.249999999672 0.000236
626.999999999672 0.000232
627.749999999671 0.00023
628.49999999967 0.000226
629.24999999967 0.000223
629.999999999669 0.00022
630.749999999668 0.000217
631.499999999667 0.000213
632.249999999667 0.00021
632.999999999666 0.000206
633.749999999665 0.000202
634.499999999665 0.000199
635.249999999664 0.000194
635.999999999663 0.00019
636.749999999663 0.000187
637.499999999662 0.000182
638.249999999661 0.000177
638.999999999661 0.000173
639.74999999966 0.00017
640.499999999659 0.000164
641.249999999659 0.000159
641.999999999658 0.000155
642.749999999657 0.00015
643.499999999657 0.000145
644.249999999656 0.00014
644.999999999655 0.000135
645.749999999655 0.000131
646.499999999654 0.000126
647.249999999653 0.000121
647.999999999652 0.000116
648.749999999652 0.000111
649.499999999651 0.000107
650.24999999965 0.000101
650.99999999965 9.7e-05
651.749999999649 9.2e-05
652.499999999648 8.8e-05
653.249999999648 8.4e-05
653.999999999647 8e-05
654.749999999646 7.6e-05
655.499999999646 7.1e-05
656.249999999645 6.8e-05
656.999999999644 6.3e-05
657.749999999644 6e-05
658.499999999643 5.5e-05
659.249999999642 5.2e-05
659.999999999642 4.7e-05
660.749999999641 4.3e-05
661.49999999964 3.9e-05
662.249999999639 3.5e-05
662.999999999639 3.2e-05
663.749999999638 2.9e-05
664.499999999637 2.5e-05
665.249999999637 2e-05
665.999999999636 1.7e-05
666.749999999635 1.4e-05
667.499999999635 1e-05
668.249999999634 6e-06
668.999999999633 2e-06
669.749999999633 -2e-06
670.499999999632 -6e-06
671.249999999631 -9e-06
671.999999999631 -1.2e-05
672.74999999963 -1.6e-05
673.499999999629 -2e-05
674.249999999629 -2.2e-05
674.999999999628 -2.6e-05
675.749999999627 -2.9e-05
676.499999999627 -3.3e-05
677.249999999626 -3.4e-05
677.999999999625 -3.9e-05
678.749999999624 -4.1e-05
679.499999999624 -4.3e-05
680.249999999623 -4.5e-05
680.999999999622 -4.9e-05
681.749999999622 -5.2e-05
682.499999999621 -5.5e-05
683.24999999962 -5.9e-05
683.99999999962 -6.1e-05
684.749999999619 -6.4e-05
685.499999999618 -6.6e-05
686.249999999618 -6.9e-05
686.999999999617 -7.2e-05
687.749999999616 -7.5e-05
688.499999999616 -7.7e-05
689.249999999615 -8e-05
689.999999999614 -8.1e-05
690.749999999614 -8.4e-05
691.499999999613 -8.7e-05
692.249999999612 -8.9e-05
692.999999999612 -9.1e-05
693.749999999611 -9.3e-05
694.49999999961 -9.5e-05
695.249999999609 -9.7e-05
695.999999999609 -9.8e-05
696.749999999608 -0.0001
697.499999999607 -0.000103
698.249999999607 -0.000104
698.999999999606 -0.000106
699.749999999605 -0.000107
700.499999999605 -0.000109
701.249999999604 -0.00011
701.999999999603 -0.000111
702.749999999603 -0.000113
703.499999999602 -0.000115
704.249999999601 -0.000116
704.999999999601 -0.000118
705.7499999996 -0.00012
706.499999999599 -0.000121
707.249999999599 -0.000122
707.999999999598 -0.000124
708.749999999597 -0.000125
709.499999999597 -0.000126
710.249999999596 -0.000127
710.999999999595 -0.000128
711.749999999594 -0.000129
712.499999999594 -0.00013
713.249999999593 -0.000131
713.999999999592 -0.000131
714.749999999592 -0.000132
715.499999999591 -0.000133
716.24999999959 -0.000133
716.99999999959 -0.000134
717.749999999589 -0.000134
718.499999999588 -0.000134
719.249999999588 -0.000135
719.999999999587 -0.000135
720.749999999586 -0.000135
721.499999999586 -0.000135
722.249999999585 -0.000135
722.999999999584 -0.000135
723.749999999584 -0.000135
724.499999999583 -0.000135
725.249999999582 -0.000134
725.999999999582 -0.000134
726.749999999581 -0.000134
727.49999999958 -0.000133
728.249999999579 -0.000133
728.999999999579 -0.000133
729.749999999578 -0.000132
730.499999999577 -0.000131
731.249999999577 -0.000131
731.999999999576 -0.00013
732.749999999575 -0.00013
733.499999999575 -0.000129
734.249999999574 -0.000128
734.999999999573 -0.000128
735.749999999573 -0.000127
736.499999999572 -0.000126
737.249999999571 -0.000125
737.999999999571 -0.000125
738.74999999957 -0.000124
739.499999999569 -0.000123
740.249999999569 -0.000122
740.999999999568 -0.000121
741.749999999567 -0.00012
742.499999999567 -0.000119
743.249999999566 -0.000117
743.999999999565 -0.000116
744.749999999564 -0.000115
745.499999999564 -0.000113
746.249999999563 -0.000112
746.999999999562 -0.000111
747.749999999562 -0.00011
748.499999999561 -0.000108
749.24999999956 -0.000107
749.99999999956 -0.000105
750.749999999559 -0.000104
751.499999999558 -0.000102
752.249999999558 -0.000101
752.999999999557 -9.9e-05
753.749999999556 -9.8e-05
754.499999999556 -9.6e-05
755.249999999555 -9.5e-05
755.999999999554 -9.3e-05
756.749999999554 -9.2e-05
757.499999999553 -9e-05
758.249999999552 -8.9e-05
758.999999999552 -8.7e-05
759.749999999551 -8.5e-05
760.49999999955 -8.4e-05
761.249999999549 -8.2e-05
761.999999999549 -8e-05
762.749999999548 -7.8e-05
763.499999999547 -7.7e-05
764.249999999547 -7.5e-05
764.999999999546 -7.3e-05
765.749999999545 -7.1e-05
766.499999999545 -6.9e-05
767.249999999544 -6.8e-05
767.999999999543 -6.6e-05
768.749999999543 -6.4e-05
769.499999999542 -6.2e-05
770.249999999541 -6e-05
770.999999999541 -5.8e-05
771.74999999954 -5.6e-05
772.499999999539 -5.4e-05
773.249999999539 -5.3e-05
773.999999999538 -5.1e-05
774.749999999537 -4.9e-05
775.499999999536 -4.7e-05
776.249999999536 -4.5e-05
776.999999999535 -4.4e-05
777.749999999534 -4.2e-05
778.499999999534 -4e-05
779.249999999533 -3.8e-05
779.999999999532 -3.6e-05
780.749999999532 -3.4e-05
781.499999999531 -3.2e-05
782.24999999953 -3.1e-05
782.99999999953 -2.9e-05
783.749999999529 -2.7e-05
784.499999999528 -2.6e-05
785.249999999528 -2.4e-05
785.999999999527 -2.2e-05
786.749999999526 -2.1e-05
787.499999999526 -1.9e-05
788.249999999525 -1.7e-05
788.999999999524 -1.6e-05
789.749999999524 -1.4e-05
790.499999999523 -1.2e-05
791.249999999522 -1.1e-05
791.999999999521 -9e-06
792.749999999521 -7e-06
793.49999999952 -6e-06
794.249999999519 -4e-06
794.999999999519 -2e-06
795.749999999518 -1e-06
796.499999999517 1e-06
797.249999999517 2e-06
797.999999999516 4e-06
798.749999999515 5e-06
799.499999999515 7e-06
