0 0.900014593880042
0.75 23.4049028458437
1.5 45.9177623499246
2.25 68.4375871485194
3 90.96342032883
3.74999999999999 113.494427473369
4.49999999999999 136.029796989217
5.25 158.568730549933
6.00000000000001 181.11051121702
6.75000000000001 203.654494938017
7.50000000000002 226.200078217607
8.25000000000002 248.746693283675
9 271.293851336868
9.74999999999998 293.841125157344
10.5 316.388196705445
11.25 338.934874060425
11.9999999999999 361.481023553037
12.7499999999999 384.026527818272
13.4999999999999 406.571288124586
14.2499999999999 429.11522646815
14.9999999999999 451.658274591445
15.7499999999999 474.208627591755
16.4999999999999 496.801224252183
17.2499999999999 519.475353635476
17.9999999999999 542.253985840713
18.75 565.151665187717
19.5 588.182846156242
20.25 611.361949536601
21 634.703361931364
21.7500000000001 658.221341566497
22.5000000000001 681.930030866229
23.2500000000001 705.843299053986
24.0000000000002 729.974585305844
24.7500000000002 754.336831112383
25.5000000000002 778.942495942146
26.2500000000002 803.803701490303
27.0000000000003 828.932033768623
27.7500000000003 854.338640378274
28.5000000000003 880.034225368958
29.2500000000004 906.029068902244
30.0000000000004 932.3329849222
30.7500000000004 958.955369844282
31.5000000000004 985.905172793267
32.2500000000005 1013.19097612366
33.0000000000005 1040.82090204757
33.7500000000005 1068.80246928397
34.5000000000005 1097.14271343131
35.2500000000006 1125.84814571856
36.0000000000006 1154.92471052907
36.7500000000006 1184.37792558871
37.5000000000007 1214.21288931313
38.2500000000007 1244.43427131532
39.0000000000007 1275.04641040601
39.7500000000007 1306.05320609463
40.5000000000008 1337.45815533484
41.2500000000008 1369.26416198918
42.0000000000008 1401.4736521879
42.7500000000009 1434.08860815895
43.5000000000009 1467.11066204716
44.2500000000009 1500.54109243957
45.0000000000009 1534.38076648865
45.750000000001 1568.63014188383
46.500000000001 1603.28938273878
47.250000000001 1638.35844061535
48.0000000000011 1673.83696172224
48.7500000000011 1709.72424500407
49.5000000000011 1746.01933785902
50.2500000000011 1782.72090540974
51.0000000000012 1819.82718172415
51.7500000000012 1857.33613092602
52.5000000000012 1895.245321139
53.2500000000013 1933.55187934058
54.0000000000013 1972.25241874078
54.7500000000013 2011.34325214478
55.5000000000013 2050.82039290704
56.2500000000014 2090.67951214141
57.0000000000014 2130.91600456704
57.7500000000014 2171.52498090792
58.5000000000015 2212.50125432515
59.2500000000015 2253.83937553505
60.0000000000015 2295.53362184127
60.7500000000015 2337.57800203471
61.5000000000016 2379.96626168185
62.2500000000016 2422.69184871751
63.0000000000016 2465.74794383962
63.7500000000017 2509.12745166614
64.5000000000017 2552.82312625581
65.2500000000017 2596.82755362102
66.0000000000017 2641.13307675491
66.7500000000018 2685.73180970596
67.5000000000018 2730.61559121152
68.2500000000018 2775.7760352576
69.0000000000018 2821.20455809461
69.7500000000019 2866.89247144826
70.5000000000019 2912.83093410066
71.2500000000019 2959.01096829809
72.000000000002 3005.42350854381
72.750000000002 3052.0593865046
73.500000000002 3098.90941783357
74.250000000002 3145.96439856435
75.0000000000021 3193.21513700043
75.7500000000021 3240.65239379065
76.5000000000021 3288.26685249163
77.2500000000022 3336.04919822395
78.0000000000022 3383.99007720979
78.7500000000022 3432.08009981884
79.5000000000022 3480.3098510132
80.2500000000023 3528.66996158475
81.0000000000023 3577.15111276035
81.7500000000023 3625.74401254706
82.5000000000024 3674.43934002231
83.2500000000024 3723.22775549751
84.0000000000024 3772.0999932865
84.7500000000024 3821.04687627644
85.5000000000025 3870.05926744048
86.2500000000025 3919.12812257642
87.0000000000025 3968.2444927818
87.7500000000026 4017.3995306964
88.5000000000026 4066.58452831288
89.2500000000026 4115.79073555684
90.0000000000026 4165.00947564729
90.7500000000027 4214.23227912323
91.5000000000027 4263.45086791559
92.2500000000027 4312.65852961792
93.0000000000028 4361.8506165349
93.7500000000028 4411.02315524956
94.5000000000028 4460.17259370788
95.2500000000028 4509.29341880284
96.0000000000029 4558.38079851755
96.7500000000029 4607.43072890279
97.5000000000029 4656.43974846866
98.250000000003 4705.40548577674
99.000000000003 4754.32515791403
99.750000000003 4803.1941650497
100.500000000003 4852.00858689799
101.250000000003 4900.76574704992
102.000000000003 4949.46173637748
102.750000000003 4998.09547392613
103.500000000003 5046.664097013
104.250000000003 5095.16272460298
105.000000000003 5143.58817997427
105.750000000003 5191.93622055903
106.500000000003 5240.20192166992
107.250000000003 5288.38125931037
108.000000000003 5336.47092045611
108.750000000003 5384.46695352309
109.500000000003 5432.36645011609
110.250000000003 5480.16522242959
111.000000000003 5527.85983409515
111.750000000003 5575.44505003899
112.500000000003 5622.91612634393
113.250000000004 5670.26946929196
114.000000000004 5717.50162797121
114.750000000004 5764.6085469591
115.500000000004 5811.58561410489
116.250000000004 5858.42796245132
117.000000000004 5905.12986503002
117.750000000004 5951.68717800044
118.500000000004 5998.09666012584
119.250000000004 6044.35624911094
120.000000000004 6090.46297712825
120.750000000004 6136.4142767744
121.500000000004 6182.207903991
122.250000000004 6227.84306242555
123.000000000004 6273.32000917084
123.750000000004 6318.63805258998
124.500000000004 6363.79573072823
125.250000000004 6408.79021205388
126.000000000004 6453.61977550626
126.750000000004 6498.28183746894
127.500000000004 6542.77327055633
128.250000000004 6587.09445235813
129.000000000004 6631.24404921351
129.750000000004 6675.21802601526
130.500000000004 6719.01259838332
131.250000000004 6762.6261265798
132.000000000004 6806.0579887543
132.750000000004 6849.30615496742
133.500000000004 6892.36868763889
134.250000000004 6935.24341852797
135.000000000004 6977.92871985832
135.750000000004 7020.42186961466
136.500000000004 7062.72109140537
137.250000000004 7104.8256949058
138.000000000004 7146.73557561791
138.750000000004 7188.45035484615
139.500000000005 7229.97008896063
140.250000000005 7271.29521568996
141.000000000005 7312.42551639721
141.750000000005 7353.36078390877
142.500000000005 7394.10087597972
143.250000000005 7434.64582191649
144.000000000005 7474.9960584347
144.750000000005 7515.15216991021
145.500000000005 7555.11486395877
146.250000000005 7594.88513521746
147.000000000005 7634.46367955761
147.750000000005 7673.85129401113
148.500000000005 7713.0486547772
149.250000000005 7752.05660578014
150.000000000005 7790.87628629795
150.750000000005 7829.50910150135
151.500000000005 7867.95686527776
152.250000000005 7906.22092295988
153.000000000005 7944.30266885091
153.750000000005 7982.20372029355
154.500000000005 8019.92568805505
155.250000000005 8057.47031196886
156.000000000005 8094.83921672469
156.750000000005 8132.03431319052
157.500000000005 8169.05749287764
158.250000000005 8205.91058822293
159.000000000005 8242.59547067103
159.750000000005 8279.11418362502
160.500000000005 8315.4689345095
161.250000000005 8351.66210126436
162.000000000005 8387.69560509602
162.750000000005 8423.57175506767
163.500000000005 8459.29340752178
164.250000000005 8494.86306895984
165.000000000005 8530.28301327303
165.750000000006 8565.55544524667
166.500000000006 8600.68261679505
167.250000000006 8635.66689198916
168.000000000006 8670.51064085397
168.750000000006 8705.21635217404
169.500000000006 8739.78610285924
170.250000000006 8774.22255320461
171.000000000006 8808.52842914266
171.750000000006 8842.70616578925
172.500000000006 8876.75789891605
173.250000000006 8910.68615049063
174.000000000006 8944.4935637628
174.750000000006 8978.18256571804
175.500000000006 9011.75509385561
176.250000000006 9045.21311890623
177.000000000006 9078.55920615034
177.750000000006 9111.7959618964
178.500000000006 9144.92606982196
179.250000000006 9177.95220227943
180.000000000006 9210.87676449975
180.750000000006 9243.70224161615
181.500000000006 9276.43143970148
182.250000000006 9309.06730693648
183.000000000006 9341.61270038873
183.750000000006 9374.07024432321
184.500000000006 9406.44277855932
185.250000000006 9438.73340193824
186.000000000006 9470.94544403415
186.750000000006 9503.08217186132
187.500000000006 9535.14696510368
188.250000000006 9567.14353892543
189.000000000006 9599.07527373267
189.750000000006 9630.94565809259
190.500000000006 9662.75820253046
191.250000000006 9694.51635746329
192.000000000007 9726.22393313985
192.750000000007 9757.88535683707
193.500000000007 9789.50479934812
194.250000000007 9821.08633642706
195.000000000007 9852.63332936194
195.750000000007 9884.14889866104
196.500000000007 9915.63617743112
197.250000000007 9947.09789973478
198.000000000007 9978.53701232066
198.750000000007 10009.9568571487
199.500000000007 10041.3605806401
200.250000000007 10072.7514241165
201.000000000007 10104.1330389513
201.750000000007 10135.5093541881
202.500000000007 10166.8834936309
203.250000000007 10198.2583970598
204.000000000007 10229.6369751137
204.750000000007 10261.0220738814
205.500000000007 10292.4164886842
206.250000000007 10323.8228921701
207.000000000007 10355.2438933743
207.750000000007 10386.6820789974
208.500000000007 10418.1399668048
209.250000000007 10449.6200261964
210.000000000007 10481.1246124236
210.750000000007 10512.6559050555
211.500000000007 10544.2160098034
212.250000000007 10575.8069694807
213.000000000007 10607.430764403
213.750000000007 10639.0893219758
214.500000000007 10670.7845184224
215.250000000007 10702.5181408286
216.000000000007 10734.2918192155
216.750000000007 10766.1070709185
217.500000000007 10797.9653258273
218.250000000008 10829.8679398133
219.000000000008 10861.8161919319
219.750000000008 10893.8112742016
220.500000000008 10925.8542807446
221.250000000008 10957.9461926562
222.000000000008 10990.0878665002
222.750000000008 11022.2800303083
223.500000000008 11054.5233407817
224.250000000008 11086.8183353271
225.000000000008 11119.1653803254
225.750000000008 11151.5648151711
226.500000000008 11184.0169184489
227.250000000008 11216.5219457361
228.000000000008 11249.0800980068
228.750000000008 11281.6915069347
229.500000000008 11314.356261584
230.250000000008 11347.074407784
231.000000000008 11379.8459419361
231.750000000008 11412.6708168191
232.500000000008 11445.5489389011
233.250000000008 11478.4801745949
234.000000000008 11511.4643471048
234.750000000008 11544.5012252214
235.500000000008 11577.5904986065
236.250000000008 11610.7318018418
237.000000000008 11643.9247553339
237.750000000008 11677.1689065058
238.500000000008 11710.4636964286
239.250000000008 11743.8084521766
240.000000000008 11777.2024614954
240.750000000008 11810.644935452
241.500000000008 11844.1349905504
242.250000000008 11877.6716586897
243.000000000008 11911.2539072585
243.750000000008 11944.8806238755
244.500000000008 11978.5506391526
245.250000000009 12012.2627477956
246.000000000009 12046.0157017036
246.750000000009 12079.8082368152
247.500000000009 12113.6390759
248.250000000009 12147.5069052375
249.000000000009 12181.4103634164
249.750000000009 12215.3480423665
250.500000000009 12249.3184608477
251.250000000009 12283.3199915719
252.000000000009 12317.3509968662
252.750000000009 12351.4098332055
253.500000000009 12385.4949063992
254.250000000009 12419.6046788341
255.000000000009 12453.7375381173
255.750000000009 12487.8918203963
256.500000000008 12522.0658498798
257.250000000008 12556.2579437294
258.000000000007 12590.4664025835
258.750000000006 12624.6895066384
259.500000000006 12658.9255735798
260.250000000005 12693.1728813158
261.000000000004 12727.4296388276
261.750000000004 12761.6940822349
262.500000000003 12795.9644669384
263.250000000002 12830.2390496149
264.000000000002 12864.5160708189
264.750000000001 12898.7937663037
265.5 12933.0703797699
266.25 12967.344138209
266.999999999999 13001.613212988
267.749999999998 13035.8764168818
268.499999999998 13070.1322916911
269.249999999997 13104.3785353344
269.999999999996 13138.6132800118
270.749999999996 13172.8344745831
271.499999999995 13207.0278715898
272.249999999994 13241.1848320153
272.999999999993 13275.3041857429
273.749999999993 13309.3849801012
274.499999999992 13343.4255232782
275.249999999991 13377.4190113711
275.999999999991 13411.3628457395
276.74999999999 13445.2557988093
277.499999999989 13479.0954220243
278.249999999989 13512.8670522344
278.999999999988 13546.5610392209
279.749999999987 13580.176923556
280.499999999987 13613.7146193172
281.249999999986 13647.1744577188
281.999999999985 13680.5567552773
282.749999999985 13713.8621564892
283.499999999984 13747.090869732
284.249999999983 13780.2432197891
284.999999999983 13813.3198475844
285.749999999982 13846.3211832779
286.499999999981 13879.247943096
287.249999999981 13912.1004548095
287.99999999998 13944.8789854413
288.749999999979 13977.5842335108
289.499999999978 14010.2168349297
290.249999999978 14042.7774646592
290.999999999977 14075.2668191166
291.749999999976 14107.6814278611
292.499999999976 14140.0148284998
293.249999999975 14172.2678810455
293.999999999974 14204.4417365977
294.749999999974 14236.5377597298
295.499999999973 14268.5574319541
296.249999999972 14300.5020072338
296.999999999972 14332.3725960249
297.749999999971 14364.1705363118
298.49999999997 14395.8972707564
299.24999999997 14427.5545063068
299.999999999969 14459.1423795877
300.749999999968 14490.6621493895
301.499999999968 14522.11554642
302.249999999967 14553.5041501215
302.999999999966 14584.8292633793
303.749999999965 14616.0921144798
304.499999999965 14647.2942857144
305.249999999964 14678.4372997607
305.999999999963 14709.5229364785
306.749999999963 14740.5527965494
307.499999999962 14771.5284118084
308.249999999961 14802.4519335087
308.999999999961 14833.3246885429
309.74999999996 14864.1484452825
310.499999999959 14894.9247223011
311.249999999959 14925.6545837993
311.999999999958 14956.3397225094
312.749999999957 14986.9814551119
313.499999999957 15017.5816761487
314.249999999956 15048.1419520865
314.999999999955 15078.6589057233
315.749999999955 15109.13286536
316.499999999954 15139.5651148893
317.249999999953 15169.9567395242
317.999999999953 15200.309820651
318.749999999952 15230.6257551447
319.499999999951 15260.9058347125
320.24999999995 15291.1514644984
320.99999999995 15321.3639559701
321.749999999949 15351.544902207
322.499999999948 15381.6955778747
323.249999999948 15411.8174622905
323.999999999947 15441.9134866304
324.749999999946 15471.9857563704
325.499999999946 15502.0359065485
326.249999999945 15532.0651286872
326.999999999944 15562.0758236121
327.749999999944 15592.0702012842
328.499999999943 15622.0503706149
329.249999999942 15652.018598394
329.999999999942 15681.9755296923
330.749999999941 15711.9215423758
331.49999999994 15741.8582179988
332.24999999994 15771.7873267951
332.999999999939 15801.7098871894
333.749999999938 15831.6263956535
334.499999999938 15861.5343730618
335.249999999937 15891.4320845023
335.999999999936 15921.3188928952
336.749999999935 15951.1952422334
337.499999999935 15981.0623533438
338.249999999934 16010.9178200916
338.999999999933 16040.7592552942
339.749999999933 16070.5869199429
340.499999999932 16100.3998178929
341.249999999931 16130.1960032234
341.999999999931 16159.9753234786
342.74999999993 16189.7398358602
343.499999999929 16219.49083959
344.249999999929 16249.2239955154
344.999999999928 16278.9381396296
345.749999999927 16308.6335974075
346.499999999927 16338.3001904951
347.249999999926 16367.9242107101
347.999999999925 16397.5034587004
348.749999999925 16427.0400209954
349.499999999924 16456.5363315714
350.249999999923 16485.9951670602
350.999999999923 16515.4180254929
351.749999999922 16544.8063475997
352.499999999921 16574.1610778288
353.24999999992 16603.4802013941
353.99999999992 16632.7634911296
354.749999999919 16662.0108182104
355.499999999918 16691.2203494782
356.249999999918 16720.3940640606
356.999999999917 16749.5321135752
357.749999999916 16778.6353989821
358.499999999916 16807.7055122134
359.249999999915 16836.7443244058
359.999999999914 16865.7543658656
360.749999999914 16894.7385045955
361.499999999913 16923.6990582846
362.249999999912 16952.638316901
362.999999999912 16981.55520999
363.749999999911 17010.4502813457
364.49999999991 17039.3243914052
365.24999999991 17068.1717538396
365.999999999909 17096.9880748019
366.749999999908 17125.7733694668
367.499999999908 17154.5281607014
368.249999999907 17183.2501166786
368.999999999906 17211.9391237003
369.749999999905 17240.5977665226
370.499999999905 17269.2289180774
371.249999999904 17297.8357272022
371.999999999903 17326.4210617632
372.749999999903 17354.9850263925
373.499999999902 17383.5284294728
374.249999999901 17412.054230739
374.999999999901 17440.56518636
375.7499999999 17469.0642183381
376.499999999899 17497.5531733158
377.249999999899 17526.0325991906
377.999999999898 17554.5041830823
378.749999999897 17582.9651393102
379.499999999897 17611.4087841355
380.249999999896 17639.8278950628
380.999999999895 17668.2175922292
381.749999999895 17696.5704483461
382.499999999894 17724.8863193945
383.249999999893 17753.1676391205
383.999999999893 17781.4175093485
384.749999999892 17809.6390531524
385.499999999891 17837.835026079
386.24999999989 17866.008659721
386.99999999989 17894.1628914124
387.749999999889 17922.3006718991
388.499999999888 17950.4242736885
389.249999999888 17978.5352396183
389.999999999887 18006.634200969
390.749999999886 18034.7239586417
391.499999999886 18062.8061139352
392.249999999885 18090.8815004766
392.999999999884 18118.9479569673
393.749999999884 18147.0023565996
394.499999999883 18175.0432832615
395.249999999882 18203.0726132913
395.999999999882 18231.0928069547
396.749999999881 18259.1055483749
397.49999999988 18287.1123535729
398.24999999988 18315.1139760826
398.999999999879 18343.1109611572
399.749999999878 18371.104847254
400.499999999878 18399.0960782303
401.249999999877 18427.0863010143
401.999999999876 18455.0769576203
402.749999999875 18483.0674362035
403.499999999875 18511.0555704337
404.249999999874 18539.0408627711
404.999999999873 18567.0246550714
405.749999999873 18595.0079122379
406.499999999872 18622.9899052596
407.249999999871 18650.9697603195
407.999999999871 18678.9468143309
408.74999999987 18706.9210313178
409.499999999869 18734.8912137804
410.249999999869 18762.8550309203
410.999999999868 18790.8076476506
411.749999999867 18818.7487001734
412.499999999867 18846.6760705734
413.249999999866 18874.590262434
413.999999999865 18902.4924240773
414.749999999865 18930.3821448029
415.499999999864 18958.2554752034
416.249999999863 18986.1093840667
416.999999999862 19013.9402693895
417.749999999862 19041.7487824771
418.499999999861 19069.5327431765
419.24999999986 19097.2897787817
419.99999999986 19125.017467321
420.749999999859 19152.7178698059
421.499999999858 19180.3914903488
422.249999999858 19208.0379807703
422.999999999857 19235.6584779655
423.749999999856 19263.2543963107
424.499999999856 19290.8230656091
425.249999999855 19318.362204848
425.999999999854 19345.8719112198
426.749999999854 19373.3514901593
427.499999999853 19400.8024191971
428.249999999852 19428.226853559
428.999999999852 19455.6257911944
429.749999999851 19482.9953115766
430.49999999985 19510.3342706332
431.24999999985 19537.646546015
431.999999999849 19564.9345463327
432.749999999848 19592.2002607263
433.499999999847 19619.4429491218
434.249999999847 19646.6642093887
434.999999999846 19673.8662560527
435.749999999845 19701.0519703102
436.499999999845 19728.2244195976
437.249999999844 19755.3839389091
437.999999999843 19782.5325627124
438.749999999843 19809.6729750422
439.499999999842 19836.8084147123
440.249999999841 19863.9375025299
440.999999999841 19891.0579665135
441.74999999984 19918.1711799749
442.499999999839 19945.2813659408
443.249999999839 19972.3903763457
443.999999999838 19999.5000217596
444.749999999837 20026.6123794293
445.499999999837 20053.729629116
446.249999999836 20080.8538611246
446.999999999835 20107.9870663678
447.749999999835 20135.1310285253
448.499999999834 20162.2873433022
449.249999999833 20189.4572717807
449.999999999832 20216.6389122597
450.749999999832 20243.8281451288
451.499999999831 20271.022689119
452.24999999983 20298.2202514511
452.99999999983 20325.4209904731
453.749999999829 20352.6242434416
454.499999999828 20379.825901493
455.249999999828 20407.0236361708
455.999999999827 20434.2179242687
456.749999999826 20461.4089678836
457.499999999826 20488.5958122881
458.249999999825 20515.7779501147
458.999999999824 20542.956198379
459.749999999824 20570.1311625086
460.499999999823 20597.303470309
461.249999999822 20624.4733600214
461.999999999822 20651.6409251644
462.749999999821 20678.8049744529
463.49999999982 20705.9624751943
464.24999999982 20733.1129941593
464.999999999819 20760.255131697
465.749999999818 20787.3894566618
466.499999999817 20814.517017993
467.249999999817 20841.6380964604
467.999999999816 20868.7516443136
468.749999999815 20895.8579805371
469.499999999815 20922.9573527413
470.249999999814 20950.0493981579
470.999999999813 20977.1338949001
471.749999999813 21004.2112467586
472.499999999812 21031.2827729508
473.249999999811 21058.350131161
473.999999999811 21085.4133528157
474.74999999981 21112.4734084535
475.499999999809 21139.5301445656
476.249999999809 21166.5827979091
476.999999999808 21193.6324846707
477.749999999807 21220.677736391
478.499999999807 21247.7168803287
479.249999999806 21274.7489609033
479.999999999805 21301.7733142788
480.749999999805 21328.7898457191
481.499999999804 21355.7991717266
482.249999999803 21382.8017374772
482.999999999802 21409.7935681484
483.749999999802 21436.7739930033
484.499999999801 21463.7446886464
485.2499999998 21490.7075544522
485.9999999998 21517.6634979366
486.749999999799 21544.6113422325
487.499999999798 21571.5504021872
488.249999999798 21598.4804181092
488.999999999797 21625.4021085395
489.749999999796 21652.3176090752
490.499999999796 21679.2269699797
491.249999999795 21706.1299169154
491.999999999794 21733.0253214549
492.749999999794 21759.9125100248
493.499999999793 21786.7908373789
494.249999999792 21813.6601879792
494.999999999792 21840.5222230916
495.749999999791 21867.3785955846
496.49999999979 21894.2292207384
497.24999999979 21921.0762048611
497.999999999789 21947.9192819174
498.749999999788 21974.7594916441
499.499999999787 22001.5969682272
500.249999999787 22028.4321323578
500.999999999786 22055.2654781857
501.749999999785 22082.0954641894
502.499999999785 22108.921064742
503.249999999784 22135.7437239836
503.999999999783 22162.5502935214
504.749999999783 22189.3128373115
505.499999999782 22216.0025371653
506.249999999781 22242.590490553
506.999999999781 22269.0477356237
507.74999999978 22295.3454829927
508.499999999779 22321.4546750282
509.249999999779 22347.3461020711
509.999999999778 22372.991672953
510.749999999777 22398.3691424736
511.499999999777 22423.4728958613
512.249999999776 22448.30692484
512.999999999775 22472.8872024635
513.749999999775 22497.2052084574
514.499999999774 22521.2732797655
515.249999999773 22545.119370528
515.999999999773 22568.770179862
516.749999999772 22592.2509894315
517.499999999771 22615.5859633667
518.24999999977 22638.7983891845
518.99999999977 22661.9104150245
519.749999999769 22684.9429353679
520.499999999768 22707.9155812302
521.249999999768 22730.8461777843
521.999999999767 22753.7514361291
522.749999999766 22776.6474108542
523.499999999766 22799.5489821963
524.249999999765 22822.4698725706
524.999999999764 22845.4222339541
525.749999999764 22868.4166130583
526.499999999763 22891.4635085129
527.249999999762 22914.5722811894
527.999999999762 22937.7512051826
528.749999999761 22961.0075637775
529.49999999976 22984.3479264084
530.24999999976 23007.77809831
530.999999999759 23031.3031242435
531.749999999758 23054.9273204037
532.499999999758 23078.6540816162
533.249999999757 23102.4864487847
533.999999999756 23126.4266774341
534.749999999755 23150.4762586777
535.499999999755 23174.6369398969
536.249999999754 23198.9091358829
536.999999999753 23223.293288419
537.749999999753 23247.7896091464
538.499999999752 23272.3975525697
539.249999999751 23297.1154429702
539.999999999751 23321.9411887245
540.74999999975 23346.872382231
541.499999999749 23371.9063395752
542.249999999749 23397.0401330918
542.999999999748 23422.2706213674
543.749999999747 23447.5944807
544.499999999747 23473.0082345272
545.249999999746 23498.508280894
545.999999999745 23524.0887851357
546.749999999745 23549.7359553912
547.499999999744 23575.4450199258
548.249999999743 23601.2075405323
548.999999999742 23627.0147006229
549.749999999742 23652.8603652375
550.499999999741 23678.7429017724
551.24999999974 23704.6606615938
551.99999999974 23730.6054676322
552.749999999739 23756.5656948696
553.499999999738 23782.5337874788
554.249999999738 23808.4946578764
554.999999999737 23834.4302393199
555.749999999736 23860.3194654776
556.499999999736 23886.1616066393
557.249999999735 23911.9566103337
557.999999999734 23937.7084391397
558.749999999734 23963.4219815473
559.499999999733 23989.1019438217
560.249999999732 24014.7528401344
560.999999999732 24040.3789722975
561.749999999731 24065.9844202614
562.49999999973 24091.5730332035
563.24999999973 24117.1484258416
563.999999999729 24142.7139934983
564.749999999728 24168.2719303693
565.499999999727 24193.8187384245
566.249999999727 24219.3565067069
566.999999999726 24244.8884759936
567.749999999725 24270.4176669988
568.499999999725 24295.9468778315
569.249999999724 24321.4786906612
569.999999999723 24347.0154950287
570.749999999723 24372.5594802731
571.499999999722 24398.1126471213
572.249999999721 24423.6767932107
572.999999999721 24449.2535220369
573.74999999972 24474.8442625786
574.499999999719 24500.4502666493
575.249999999719 24526.0726130475
575.999999999718 24551.7122238854
576.749999999717 24577.3698743622
577.499999999717 24603.0461846155
578.249999999716 24628.7416031397
578.999999999715 24654.4521917958
579.749999999715 24680.172656159
580.499999999714 24705.9033420521
581.249999999713 24731.6317456034
581.999999999712 24757.3477783154
582.749999999712 24783.0538622229
583.499999999711 24808.7525938218
584.24999999971 24834.4463959387
584.99999999971 24860.1348746263
585.749999999709 24885.8181247583
586.499999999708 24911.4984711383
587.249999999708 24937.1780466284
587.999999999707 24962.8516095048
588.749999999706 24988.5028324655
589.499999999706 25014.1328593725
590.249999999705 25039.7454819872
590.999999999704 25065.3442681695
591.749999999704 25090.9325798595
592.499999999703 25116.5135739622
593.249999999702 25142.0901988488
593.999999999702 25167.6651979701
594.749999999701 25193.2408291922
595.4999999997 25218.8185805683
596.2499999997 25244.4006450769
596.999999999699 25269.9890918193
597.749999999698 25295.5858055775
598.499999999697 25321.1924677052
599.249999999697 25346.8105865046
599.999999999696 25372.4415036514
600.749999999695 25398.0864042275
601.499999999695 25423.7463122537
602.249999999694 25449.4221032045
602.999999999693 25475.1145118939
603.749999999693 25500.8223039472
604.499999999692 25526.541356426
605.249999999691 25552.2723088795
605.999999999691 25578.0159725001
606.74999999969 25603.7692420884
607.499999999689 25629.5196406343
608.249999999689 25655.2672458066
608.999999999688 25681.0139097757
609.749999999687 25706.7613549857
610.499999999687 25732.5111928746
611.249999999686 25758.2648961544
611.999999999685 25784.0238153621
612.749999999685 25809.7847082233
613.499999999684 25835.5315038852
614.249999999683 25861.2634264738
614.999999999682 25886.9745115505
615.749999999682 25912.6595148402
616.499999999681 25938.322283251
617.24999999968 25963.966572223
617.99999999968 25989.5959241313
618.749999999679 26015.2136786895
619.499999999678 26040.8229651105
620.249999999678 26066.4266879569
620.999999999677 26092.0247005197
621.749999999676 26117.6149443328
622.499999999676 26143.1815522079
623.249999999675 26168.7221786222
623.999999999674 26194.2414336556
624.749999999674 26219.7436598552
625.499999999673 26245.2329346385
626.249999999672 26270.7130648331
626.999999999672 26296.1876940501
627.749999999671 26321.6602780471
628.49999999967 26347.1338514257
629.24999999967 26372.6112138481
629.999999999669 26398.0949536641
630.749999999668 26423.5874466689
631.499999999667 26449.0907581719
632.249999999667 26474.6061216329
632.999999999666 26500.1351763622
633.749999999665 26525.6795213082
634.499999999665 26551.240560508
635.249999999664 26576.8195057877
635.999999999663 26602.4176339103
636.749999999663 26628.0360220869
637.499999999662 26653.6753482823
638.249999999661 26679.3361081075
638.999999999661 26705.0186541492
639.74999999966 26730.7232479279
640.499999999659 26756.4500674854
641.249999999659 26782.1993406774
641.999999999658 26807.9711395246
642.749999999657 26833.7655113666
643.499999999657 26859.5825337383
644.249999999656 26885.4222050273
644.999999999655 26911.2842965295
645.749999999655 26937.1685270372
646.499999999654 26963.074532156
647.249999999653 26989.0018505156
647.999999999652 27014.9499611303
648.749999999652 27040.9182914102
649.499999999651 27066.9062284291
650.24999999965 27092.9131156896
650.99999999965 27118.9382573833
651.749999999649 27144.9809317506
652.499999999648 27171.0404035432
653.249999999648 27197.1159117885
653.999999999647 27223.2066692853
654.749999999646 27249.3118904318
655.499999999646 27275.430789036
656.249999999645 27301.5625760489
656.999999999644 27327.706475529
657.749999999644 27353.8617236632
658.499999999643 27380.0275697809
659.249999999642 27406.2032807423
659.999999999642 27432.3881347262
660.749999999641 27458.5812623737
661.49999999964 27484.7718030183
662.249999999639 27510.9448542639
662.999999999639 27537.1005172203
663.749999999638 27563.2398243314
664.499999999637 27589.3592127365
665.249999999637 27615.4578851906
665.999999999636 27641.5374605614
666.749999999635 27667.5995413872
667.499999999635 27693.6456960255
668.249999999634 27719.6774558572
668.999999999633 27745.6963031905
669.749999999633 27771.7036764131
670.499999999632 27797.7009367162
671.249999999631 27823.6893855748
671.999999999631 27849.6702934993
672.74999999963 27875.6448788596
673.499999999629 27901.614304042
674.249999999629 27927.579678963
674.999999999628 27953.5420208625
675.749999999627 27979.5022548853
676.499999999627 28005.461254821
677.249999999626 28031.4198756119
677.999999999625 28057.3789098795
678.749999999624 28083.3390855132
679.499999999624 28109.3010645541
680.249999999623 28135.2636315122
680.999999999622 28161.2247277548
681.749999999622 28187.1851764825
682.499999999621 28213.1457841979
683.24999999962 28239.1072896614
683.99999999962 28265.0703736895
684.749999999619 28291.0356554952
685.499999999618 28317.0037027963
686.249999999618 28342.9750236405
686.999999999617 28368.950048858
687.749999999616 28394.9289190716
688.499999999616 28420.9024267824
689.249999999615 28446.8638430643
689.999999999614 28472.8147223936
690.749999999614 28498.7566304595
691.499999999613 28524.6910773768
692.249999999612 28550.6195033048
692.999999999612 28576.5432806787
693.749999999611 28602.4636834493
694.49999999961 28628.3819620666
695.249999999609 28654.2993673677
695.999999999609 28680.2171559337
696.749999999608 28706.1364778752
697.499999999607 28732.0581819829
698.249999999607 28757.9830058874
698.999999999606 28783.9116169884
699.749999999605 28809.8446133075
700.499999999605 28835.7825140975
701.249999999604 28861.7257696528
701.999999999603 28887.674771256
702.749999999603 28913.629823326
703.499999999602 28939.5911307918
704.249999999601 28965.5590751077
704.999999999601 28991.5340495787
705.7499999996 29017.5162028173
706.499999999599 29043.5056171732
707.249999999599 29069.502331332
707.999999999598 29095.5063725744
708.749999999597 29121.5177581468
709.499999999597 29147.5364995172
710.249999999596 29173.5628239197
710.999999999595 29199.5969079906
711.749999999594 29225.6387431263
712.499999999594 29251.6883073575
713.249999999593 29277.7456679121
713.999999999592 29303.8108360911
714.749999999592 29329.8837373567
715.499999999591 29355.9642721877
716.24999999959 29382.0523225818
716.99999999959 29408.1477581352
717.749999999589 29434.25045329
718.499999999588 29460.3603625355
719.249999999588 29486.4773139659
719.999999999587 29512.601112093
720.749999999586 29538.7315461545
721.499999999586 29564.8684030633
722.249999999585 29591.0114674359
722.999999999584 29617.1605051508
723.749999999584 29643.3152272357
724.499999999583 29669.4753322036
725.249999999582 29695.6405389674
725.999999999582 29721.810600649
726.749999999581 29747.9852063436
727.49999999958 29774.164034987
728.249999999579 29800.3467754974
728.999999999579 29826.5331346309
729.749999999578 29852.7229185522
730.499999999577 29878.9159902459
731.249999999577 29905.1121430037
731.999999999576 29931.3111874512
732.749999999575 29957.5129732542
733.499999999575 29983.717357502
734.249999999574 30009.9241319226
734.999999999573 30036.1331157225
735.749999999573 30062.3441783769
736.499999999572 30088.5571744875
737.249999999571 30114.7719542
737.999999999571 30140.9883730575
738.74999999957 30167.2062806228
739.499999999569 30193.4255196178
740.249999999569 30219.6459118102
740.999999999568 30245.8672816396
741.749999999567 30272.0894619044
742.499999999567 30298.3122856839
743.249999999566 30324.5356018008
743.999999999565 30350.7592745908
744.749999999564 30376.9831952725
745.499999999564 30403.2072394915
746.249999999563 30429.4312888004
746.999999999562 30455.6552395933
747.749999999562 30481.8789569881
748.499999999561 30508.1023026142
749.24999999956 30534.3251411272
749.99999999956 30560.5473425474
750.749999999559 30586.7687844045
751.499999999558 30612.9893647533
752.249999999558 30639.2089914841
752.999999999557 30665.4275781727
753.749999999556 30691.6450526267
754.499999999556 30717.8613534156
755.249999999555 30744.076425374
755.999999999554 30770.2902172178
756.749999999554 30796.5026837195
757.499999999553 30822.7137940032
758.249999999552 30848.9235234216
758.999999999552 30875.1318487035
759.749999999551 30901.3387471687
760.49999999955 30927.5441967017
761.249999999549 30953.7481766362
761.999999999549 30979.9506683178
762.749999999548 31006.1516537258
763.499999999547 31032.3511152112
764.249999999547 31058.5490368675
764.999999999546 31084.7454035801
765.749999999545 31110.9402011017
766.499999999545 31137.1334166088
767.249999999544 31163.3250389928
767.999999999543 31189.5150592821
768.749999999543 31215.7034686496
769.499999999542 31241.890259642
770.249999999541 31268.0754284612
770.999999999541 31294.2589721476
771.74999999954 31320.4408883282
772.499999999539 31346.6211749728
773.249999999539 31372.7998305827
773.999999999538 31398.9768540184
774.749999999537 31425.1522452741
775.499999999536 31451.3260053034
776.249999999536 31477.4981357118
776.999999999535 31503.6686389935
777.749999999534 31529.8375182544
778.499999999534 31556.0047768398
779.249999999533 31582.1704184773
779.999999999532 31608.3344489009
780.749999999532 31634.4968766303
781.499999999531 31660.657712112
782.24999999953 31686.8169661282
782.99999999953 31712.9746483305
783.749999999529 31739.1307702298
784.499999999528 31765.2853448114
785.249999999528 31791.4383858844
785.999999999527 31817.5899081213
786.749999999526 31843.7399263106
787.499999999526 31869.8884560641
788.249999999525 31896.0355137772
788.999999999524 31922.1811155396
789.749999999524 31948.325276172
790.499999999523 31974.4680122149
791.249999999522 32000.6093390825
791.999999999521 32026.7492747318
792.749999999521 32052.8878352937
793.49999999952 32079.0250398542
794.249999999519 32105.1609098332
794.999999999519 32131.2954642023
795.749999999518 32157.4287253485
796.499999999517 32183.560716855
797.249999999517 32209.6914628053
797.999999999516 32235.8209878217
798.749999999515 32261.9493176964
799.499999999515 32288.0764861894
