16.7399999999999 81.1169921454922
17.4899999999999 80.2815918363397
18.2399999999999 79.8818012495274
18.99 79.4332223401051
19.74 78.9236204080732
20.49 77.8536613914865
21.24 77.2449094426367
21.9900000000001 76.5886435384251
22.7400000000001 75.8876769530683
23.4900000000001 74.6238332160361
24.2400000000002 73.8417869965944
24.9900000000002 73.033686582905
25.7400000000002 71.6659313992609
26.4900000000002 70.7925880784043
27.2400000000003 69.8902992807431
27.9900000000003 68.452744725982
28.7400000000003 67.519277294136
29.4900000000004 67.087384245511
30.2400000000004 66.1199348787074
30.9900000000004 64.6256624163917
31.7400000000004 63.6368304681073
32.4900000000005 62.6447239457895
33.2400000000005 61.1416506011333
33.9900000000005 60.1428870945758
34.7400000000006 59.1419361308032
35.4900000000006 58.1409132240264
36.2400000000006 56.6559928279474
36.9900000000006 55.6697223523862
37.7400000000007 54.6821717314042
38.4900000000007 53.6998572361916
39.2400000000007 52.7243275006871
39.9900000000008 51.2927346810659
40.7400000000008 50.3374014710733
41.4900000000008 48.9381817272586
42.2400000000008 48.4520303716205
42.9900000000009 47.0824242699352
43.7400000000009 46.1691858726292
44.4900000000009 45.2683288867066
45.240000000001 44.3749245781971
45.990000000001 43.0750911978102
46.740000000001 42.2114968529639
47.490000000001 41.3611149392995
48.2400000000011 40.1160156340908
48.9900000000011 39.2908014454324
49.7400000000011 38.4793538878445
50.4900000000012 37.681955975959
51.2400000000012 36.893759335498
51.9900000000012 35.7384086100702
52.7400000000012 34.9822128225641
53.4900000000013 34.2409902713726
54.2400000000013 33.1428433290669
54.9900000000013 32.429907252659
55.7400000000014 31.7367969749775
56.4900000000014 31.0496070904888
57.2400000000014 30.382130134394
57.9900000000014 29.3757763239148
58.7400000000015 28.7363960029494
59.4900000000015 28.111964082323
60.2400000000015 27.1604904947002
60.9900000000016 26.5682228767146
61.7400000000016 25.9865122681996
62.4900000000016 25.088621573865
63.2400000000016 24.8724400127301
63.9900000000017 24.3355701537772
64.7400000000017 23.4875006499029
65.4900000000017 22.9816813393433
66.2400000000017 22.1682891938893
66.9900000000018 22.0097363285808
67.7400000000018 21.2285801698672
68.4900000000018 20.7786109968241
69.2400000000019 20.3431089994676
69.9900000000019 19.611151971605
70.7400000000019 19.2054042307382
71.4900000000019 18.8138528119638
72.240000000002 18.4362682394583
72.990000000002 18.0685551439199
73.740000000002 17.4131366806042
74.4900000000021 17.0772377128653
75.2400000000021 16.7505597407335
75.9900000000021 16.4411262961769
76.7400000000021 15.842619857787
77.4900000000022 15.5556046089053
78.2400000000022 14.9848118144405
78.9900000000022 14.7236440487393
79.7400000000023 14.4749265530877
80.4900000000023 14.242443503595
81.2400000000023 14.0181277628587
81.9900000000023 13.5114747362127
82.7400000000024 13.6017389602484
83.4900000000024 13.1193428809502
84.2400000000024 12.942883139108
84.9900000000025 12.4843407057493
85.7400000000025 12.6205038720051
86.4900000000025 12.1845684510302
87.2400000000025 12.0533516299417
87.9900000000026 11.9290994886634
88.7400000000026 11.5258321050822
89.4900000000026 11.4230457714926
90.2400000000027 11.3347953361424
90.9900000000027 10.9625248594186
91.7400000000027 10.8895185499491
92.4900000000027 10.8227027533984
93.2400000000028 10.7575897189704
93.9900000000028 10.4086070126343
94.7400000000028 10.3580820305327
95.4900000000029 10.3135287054688
96.2400000000029 10.2706712434397
96.9900000000029 10.2366387060653
97.7400000000029 9.91217547400918
98.490000000003 9.88014001833138
99.240000000003 9.85405688629878
99.990000000003 9.83353531374184
100.740000000003 9.81285015061811
101.490000000003 9.50859046714973
102.240000000003 9.49907508961071
102.990000000003 9.48764583212205
103.740000000003 9.19330283695261
104.490000000003 9.19268636789792
105.240000000003 9.1972570169981
105.990000000003 8.91682070113252
106.740000000003 9.2247296049891
107.490000000003 8.95327636748201
108.240000000003 8.9749257271466
108.990000000003 9.00109668477902
109.740000000003 8.74175012527614
110.490000000003 9.06465877793944
111.240000000003 8.81503930412546
111.990000000003 8.85971444051479
112.740000000004 8.62027494186261
113.490000000004 8.95992955988178
114.240000000004 8.72942558072815
114.990000000004 8.50341858320761
115.740000000004 8.86296073549095
116.490000000004 8.93846189930011
117.240000000004 8.73100352014651
117.990000000004 8.81751242764026
118.740000000004 8.90773492605138
119.490000000004 8.99810173854441
120.240000000004 8.80392906034558
120.990000000004 8.90679969416437
121.740000000004 9.0075746373498
122.490000000004 8.81763896762477
123.240000000004 8.92095102747745
123.990000000004 9.02663839641059
124.740000000004 9.13670606911367
125.490000000004 9.24630341063034
126.240000000004 9.0679786377245
126.990000000004 9.18660111971898
127.740000000004 9.30672735370861
128.490000000004 9.13391523982187
129.240000000004 9.26113201446312
129.990000000004 9.39021391196363
130.740000000004 9.52369332536846
131.490000000004 9.66372509062602
132.240000000004 9.50828940320595
132.990000000004 9.35466192517678
133.740000000004 9.50080450366538
134.490000000004 9.94416859881873
135.240000000004 9.80075762351211
135.990000000004 9.96003175449285
136.740000000004 10.1178785891835
137.490000000004 10.2776468461208
138.240000000004 10.4398800195739
138.990000000004 10.304334483456
139.740000000005 10.4642921932678
140.490000000005 10.328898929828
141.240000000005 10.7907171532538
141.990000000005 10.657923621725
142.740000000005 10.8256017828321
143.490000000005 10.693117646057
144.240000000005 10.8578334107197
144.990000000005 11.0237024074843
145.740000000005 10.8902219932976
146.490000000005 11.0570063608508
147.240000000005 11.5265234632103
147.990000000005 11.3935974748324
148.740000000005 11.5584534217233
149.490000000005 11.7287971898261
150.240000000005 11.8945579799412
150.990000000005 11.7582198546854
151.740000000005 11.9225590261012
152.490000000005 12.0871581792703
153.240000000005 12.2514520919176
153.990000000005 12.4105763553248
154.740000000005 12.2681431347943
155.490000000005 12.4256520013684
156.240000000005 12.5823811613507
156.990000000005 12.4345608230628
157.740000000005 12.2839322298096
158.490000000005 12.7374299520479
159.240000000005 12.583608906142
159.990000000005 12.7340965567963
160.740000000005 12.8776214807158
161.490000000005 13.0199053232892
162.240000000005 13.1607612411969
162.990000000005 12.9948079645729
163.740000000005 13.1356645543018
164.490000000005 13.2695823631327
165.240000000005 13.4017286683302
165.990000000006 13.2251305865603
166.740000000006 13.3581321881009
167.490000000006 13.4893025197087
168.240000000006 13.617968009289
168.990000000006 13.7503123353348
169.740000000006 13.5600758308816
170.490000000006 13.6869723555411
171.240000000006 13.4895653394493
171.990000000006 13.617246564086
172.740000000006 13.7480716967431
173.490000000006 13.8817823471985
174.240000000006 13.6723764016168
174.990000000006 13.8016834648861
175.740000000006 13.5869626614472
176.490000000006 14.0665187667949
177.240000000006 13.8458098723931
177.990000000006 13.9771210442357
178.740000000006 14.1115127641211
179.490000000006 14.2493225222702
180.240000000006 14.3907672314068
180.990000000006 14.5409756600622
181.740000000006 14.6943604306067
182.490000000006 14.4498717422036
183.240000000006 14.6033427987743
183.990000000006 14.7661963202229
184.740000000006 14.5101603707501
185.490000000006 14.6722661436827
186.240000000006 14.8377999323303
186.990000000006 15.0066070017533
187.740000000006 14.7317637941549
188.490000000006 14.8932384380854
189.240000000006 15.0578990276584
189.990000000006 15.2141466895148
190.740000000006 15.3736494655851
191.490000000006 15.0743479939169
192.240000000007 15.2245156942847
192.990000000007 15.3648430886009
193.740000000007 15.5012949462501
194.490000000007 15.1782176309442
195.240000000007 14.8502885536808
195.990000000007 15.4265140264389
196.740000000007 15.0899045300703
197.490000000007 15.2031454927905
198.240000000007 15.306953693242
198.990000000007 14.9566800220996
199.740000000007 15.4979119522242
200.490000000007 15.1378617859946
201.240000000007 15.2124713590381
201.990000000007 15.2830515523844
202.740000000007 15.3498243507277
203.490000000007 14.9704364408817
204.240000000007 15.0233410328002
204.990000000007 15.0665483393331
205.740000000007 14.6749635046215
206.490000000007 14.7105997533134
207.240000000007 14.7426152771344
207.990000000007 14.7709368300498
208.740000000007 14.7897623197333
209.490000000007 14.7989427718554
210.240000000007 14.3859653237418
210.990000000007 14.3947313607379
211.740000000007 13.9761189982137
212.490000000007 13.9728550186131
213.240000000007 13.9665215267959
213.990000000007 13.9512385071033
214.740000000007 13.9388440475795
215.490000000007 13.5075473049442
216.240000000007 13.4843780948142
216.990000000007 13.4585619207151
217.740000000007 13.4304374225973
218.490000000008 12.9919517898445
219.240000000008 12.9539937776657
219.990000000008 12.5130157293479
220.740000000008 12.8835257104475
221.490000000008 12.4400964276864
222.240000000008 12.3952278652901
222.990000000008 12.3547548527883
223.740000000008 11.9094997286751
224.490000000008 12.2642198589731
225.240000000008 11.818190345344
225.990000000008 11.7738804428609
226.740000000008 11.7227794331818
227.490000000008 11.6766270823544
228.240000000008 11.2304490841691
228.990000000008 11.1835393817788
229.740000000008 11.1301532283603
230.490000000008 11.0819707219374
231.240000000008 11.027578600754
231.990000000008 10.5825604242741
232.740000000008 10.1384550021782
233.490000000008 10.0898525260044
234.240000000008 10.03520745265
234.990000000008 9.98621628460649
235.740000000008 9.93694817767606
236.490000000008 9.49581630684271
237.240000000008 9.83275367796664
237.990000000008 9.39304428155268
238.740000000008 9.33928392393751
239.490000000008 9.29144394685823
240.240000000008 9.23836585496809
240.990000000008 8.80340738546302
241.740000000008 8.75783963247902
242.490000000008 8.70750300359922
243.240000000008 8.66355884539561
243.990000000008 8.23470495686086
244.740000000009 8.18775388259839
245.490000000009 8.14737126154591
246.240000000009 8.10813390279483
246.990000000009 7.68610269843065
247.740000000009 7.64402879336453
248.490000000009 7.60875701732697
249.240000000009 7.56930871413358
249.990000000009 7.15452836775802
250.740000000009 7.12387172375874
251.490000000009 7.09485307417253
252.240000000009 7.06189947361256
252.990000000009 6.65535626369775
253.740000000009 6.63138936835329
254.490000000009 6.60355796470779
255.240000000009 6.58282745137228
255.990000000009 6.18423259712488
256.740000000008 6.16712364784819
257.490000000008 6.14643515085488
258.240000000007 5.75400668526696
258.990000000006 5.7424864924231
259.740000000006 5.72731625003054
260.490000000005 5.71945297991307
261.240000000004 5.71352778352193
261.990000000003 5.33124788018644
262.740000000003 5.3237934426178
263.490000000002 5.32364359161837
264.240000000001 5.32549256260219
264.990000000001 5.32932515425629
265.74 4.95708323197504
266.489999999999 4.96498662823359
267.239999999999 4.96908103050097
267.989999999998 4.98003253489762
268.739999999997 4.61523602343421
269.489999999997 4.63105645448356
270.239999999996 4.27002698699286
270.989999999995 4.29924955452351
271.739999999995 4.34352135371724
272.489999999994 4.38948732798266
273.239999999993 4.43149544651619
273.989999999993 4.100360100326
274.739999999992 4.15607214364397
275.489999999991 4.21717912103008
276.239999999991 4.2797902245799
276.98999999999 3.96258821820717
277.739999999989 3.6565098654742
278.489999999988 4.13443357343528
279.239999999988 4.23059710226347
279.989999999987 4.32812401135896
280.739999999986 4.03957177314443
281.489999999986 4.13788007178853
282.239999999985 4.2365385251252
282.989999999984 4.33603214755366
283.739999999984 4.04609695289527
284.489999999983 4.14045451090489
285.239999999982 4.2410493492112
285.989999999982 4.34206605363666
286.739999999981 4.44364565546258
287.48999999998 4.15137664305984
288.23999999998 4.25355069056198
288.989999999979 4.35601423673862
289.739999999978 4.06143060383296
290.489999999978 4.16380783972052
291.239999999977 3.86887611876687
291.989999999976 4.38409990672736
292.739999999976 4.09918477038487
293.489999999975 4.21463214808278
294.239999999974 4.3298768757775
294.989999999973 4.4447061608638
295.739999999973 4.56515813403384
296.489999999972 4.27366436075446
297.239999999971 4.38724481330436
297.989999999971 4.50048650767279
298.73999999997 4.20386138808055
299.489999999969 4.31593689660446
300.239999999969 4.42834690293276
300.989999999968 4.53985422938774
301.739999999967 4.6506473823262
302.489999999967 4.34776157308889
303.239999999966 4.45696799734275
303.989999999965 4.56569092177553
304.739999999965 4.6735121051236
305.489999999964 4.78050892744746
306.239999999963 4.46918998756767
306.989999999963 4.57383597073698
307.739999999962 4.67688575962988
308.489999999961 4.35976366464037
309.239999999961 4.46055573003473
309.98999999996 4.55995602501088
310.739999999959 4.23796626159565
311.489999999958 4.33542806496732
312.239999999958 4.43827362537744
312.989999999957 4.53401206923471
313.739999999956 4.20408906216682
314.489999999956 4.72539535860623
315.239999999955 4.39979844422912
315.989999999954 4.49747192590278
316.739999999954 4.59521317068376
317.489999999953 4.26435291976586
318.239999999952 4.35867148044161
318.989999999952 4.45234333696911
319.739999999951 4.54471662611283
320.48999999995 4.20784121752623
321.23999999995 4.2978751211149
321.989999999949 4.39305189603816
322.739999999948 4.48131180036579
323.489999999948 4.13635501856418
324.239999999947 4.21933193026904
324.989999999946 4.30060587389921
325.739999999945 4.38120545865017
326.489999999945 4.45971464357963
327.239999999944 4.10354631073488
327.989999999943 4.17742590160074
328.739999999943 4.24864948874554
329.489999999942 3.88632283914806
330.239999999941 3.96284862077976
330.989999999941 4.03177765184136
331.73999999994 4.09864237849367
332.489999999939 3.7310660366844
333.239999999939 3.79617998478281
333.989999999938 3.86328905618788
334.739999999937 3.93282777331386
335.489999999937 4.00377969563979
336.239999999936 3.64067201471219
336.989999999935 3.71028357949539
337.739999999935 3.78718875863426
338.489999999934 3.86231129278502
339.239999999933 3.50251610821543
339.989999999933 3.57844418571863
340.739999999932 3.65625724096798
341.489999999931 3.73594678971631
342.23999999993 3.37780771605207
342.98999999993 3.45353958183583
343.739999999929 3.53253936111867
344.489999999928 3.62179265567371
345.239999999928 3.26622389973969
345.989999999927 2.91900195517373
346.739999999926 3.46290579743027
347.489999999926 3.57616465057787
348.239999999925 3.68793530292978
348.989999999924 3.35825840213822
349.739999999924 3.46523580786414
350.489999999923 3.57097046460248
351.239999999922 3.67573666188948
351.989999999922 3.33772733175652
352.739999999921 3.45039375875783
353.48999999992 3.55763762844569
354.23999999992 3.22155405701168
354.989999999919 3.33249319975658
355.739999999918 3.44194950807847
356.489999999918 3.55120270831822
357.239999999917 3.66079510544851
357.989999999916 3.76935109343282
358.739999999915 3.42985783452591
359.489999999915 3.53444818000077
360.239999999914 3.64290932525321
360.989999999913 3.74278999951428
361.739999999913 3.39181179095564
362.489999999912 3.48966210821234
363.239999999911 3.58819746129393
363.989999999911 3.23585715824416
364.73999999991 3.33829402261997
365.489999999909 3.4473752602851
366.239999999909 3.55760387601702
366.989999999908 3.21582781893232
367.739999999907 3.32844767268278
368.489999999907 3.44887264453728
369.239999999906 3.5611587782299
369.989999999905 3.6705852161736
370.739999999905 3.32361010189953
371.489999999904 3.42685277282438
372.239999999903 3.52951453675871
372.989999999903 3.63277399319735
373.739999999902 3.2781295252295
374.489999999901 3.37555773027811
375.2399999999 3.47009637376922
375.9899999999 3.10606093670551
376.739999999899 3.19789456741777
377.489999999898 3.29454728777344
378.239999999898 2.92906271216219
378.989999999897 3.02766951468449
379.739999999896 2.67766909567966
380.489999999896 2.79030389894191
381.239999999895 3.36979839725414
381.989999999894 3.49453366401564
382.739999999894 3.61761781012165
383.489999999893 3.27857837864647
384.239999999892 3.39552436987347
384.989999999892 3.51002966102279
385.739999999891 3.6215415004227
386.48999999989 3.26888969184805
387.23999999989 3.37436003433885
387.989999999889 3.47720120962595
388.739999999888 3.11613381429387
389.489999999888 3.22375362540004
390.239999999887 3.32213617675685
390.989999999886 3.41826063495905
391.739999999885 3.05023514033638
392.489999999885 3.14748018801017
393.239999999884 3.24759539146123
393.989999999883 3.35080359409143
394.739999999883 3.45270383061376
395.489999999882 3.08825101153164
396.239999999881 3.18571659811002
396.989999999881 3.28134597954304
397.73999999988 2.91183287939476
398.489999999879 3.00626288930229
399.239999999879 3.09918086558351
399.989999999878 3.1912638728555
400.739999999877 3.28201073056825
401.489999999877 2.90628986823992
402.239999999876 2.99587871915844
402.989999999875 3.08676688348307
403.739999999875 3.17930866046538
404.489999999874 3.27046627354382
405.239999999873 2.89624641464772
405.989999999873 2.98679657627695
406.739999999872 3.07788893029592
407.489999999871 2.70571939026996
408.23999999987 2.79828561653628
408.98999999987 2.89205447195767
409.739999999869 2.52226943955649
410.489999999868 3.09506820224037
411.239999999868 2.73243324302932
411.989999999867 2.83724686489211
412.739999999866 2.94242363742538
413.489999999866 2.5801535374342
414.239999999865 2.68419812465533
414.989999999864 2.32545986853802
415.739999999864 2.43711276156837
416.489999999863 3.01986305663418
417.239999999862 2.66912727609492
417.989999999862 2.78781293350327
418.739999999861 2.44075735336962
419.48999999986 3.03443736073593
420.23999999986 2.68946735839887
420.989999999859 2.81325106468301
421.739999999858 2.93755873834573
422.489999999858 3.06153870827468
423.239999999857 2.71331400624698
423.989999999856 2.36692747558837
424.739999999855 2.96688146283652
425.489999999855 2.62355237659282
426.239999999854 2.75401342199921
426.989999999853 2.88393011793164
427.739999999853 3.00538882150767
428.489999999852 2.65768535352498
429.239999999851 2.31311330304958
429.989999999851 2.44679581155437
430.73999999985 3.05272107945678
431.489999999849 3.18080333464852
432.239999999849 2.83052190079669
432.989999999848 2.95736566006728
433.739999999847 3.08361404738322
434.489999999847 3.20785992781573
435.239999999846 3.32959977085781
435.989999999845 2.96974432922885
436.739999999845 3.08729573993655
437.489999999844 3.20351009909803
438.239999999843 3.31706924642371
438.989999999842 2.94799488092974
439.739999999842 2.57892773976307
440.489999999841 3.17125940871844
441.23999999984 2.32626473321746
441.98999999984 2.91313862864456
442.739999999839 3.01927893615869
443.489999999838 3.12322831309672
444.239999999838 3.22488089308851
444.989999999837 2.84494781562614
445.739999999836 2.94195891505546
446.489999999836 3.0365090741481
447.239999999835 3.12867002370374
447.989999999834 2.74028305991371
448.739999999834 2.82911278732716
449.489999999833 2.44003392927804
450.239999999832 2.53356911922726
450.989999999832 2.63007418025812
451.739999999831 2.7290289086633
452.48999999983 2.82168141544372
453.23999999983 2.44285649463293
453.989999999829 2.06888378514692
454.739999999828 2.17474975473287
455.489999999827 2.75951557852567
456.239999999827 2.38745558378553
456.989999999826 2.49441626015682
457.739999999825 2.60240741353036
458.489999999825 2.70986578258646
459.239999999824 2.81646256402595
459.989999999823 2.4441404187439
460.739999999823 2.54975683978887
461.489999999822 2.65560673453144
462.239999999821 2.28339177136716
462.989999999821 2.39297520421558
463.73999999982 2.50376062926317
464.489999999819 2.61600210478447
465.239999999819 2.72845044811448
465.989999999818 2.83930153273437
466.739999999817 2.47127465361274
467.489999999817 2.58329448487728
468.239999999816 2.68846711945538
468.989999999815 2.32049535061269
469.739999999815 2.43244683525575
470.489999999814 2.54534636240231
471.239999999813 2.65763286337721
471.989999999812 2.76903995965187
472.739999999812 2.39838871984582
473.489999999811 2.50791518144232
474.23999999981 2.61658419969902
474.98999999981 2.24457504944347
475.739999999809 2.83385734145957
476.489999999808 2.46222316543082
477.239999999808 2.57154536235332
477.989999999807 2.20266967732017
478.739999999806 2.31494059731694
479.489999999806 2.42864161871324
480.239999999805 2.54273094779684
480.989999999804 2.65648209185783
481.739999999804 2.2882438194491
482.489999999803 2.40442833608301
483.239999999802 2.51646671264627
483.989999999802 2.63379387760736
484.739999999801 2.74862662556981
485.4899999998 2.38121331359538
486.2399999998 2.01464857667992
486.989999999799 2.61263943481357
487.739999999798 2.24687894531854
488.489999999797 1.88170630810373
489.239999999797 2.4778396034447
489.989999999796 2.59181365159093
490.739999999795 2.22325966444527
491.489999999795 2.33857694619925
492.239999999794 2.45516034444982
492.989999999793 2.57229047750867
493.739999999793 2.69033794995558
494.489999999792 2.32342364998567
495.239999999791 2.43827728337365
495.989999999791 2.06943614279538
496.73999999979 1.69884998222395
497.489999999789 1.81110261055309
498.239999999789 2.40646023240214
498.989999999788 2.51111431192753
499.739999999787 2.62235533716779
500.489999999787 2.24898153539885
501.239999999786 2.36084689891325
501.989999999785 1.99077750534439
502.739999999785 1.61866570975075
503.489999999784 1.25367086166572
504.239999999783 0.917008318657079
504.989999999782 1.58091216893942
505.739999999782 1.79262437618907
506.489999999781 1.54830084892804
507.23999999978 1.8257132630986
507.98999999978 2.1392048540622
508.739999999779 2.49036374073435
509.489999999778 2.37650629842566
510.239999999778 2.79665730042454
510.989999999777 3.24266287603698
511.739999999776 3.69399457509264
512.489999999776 3.61108634893425
513.239999999775 4.06522354988955
513.989999999774 4.52679475303158
514.739999999774 4.96535620205962
515.489999999773 5.38041559606768
516.239999999772 5.12908750239655
516.989999999772 5.28584226662868
517.739999999771 5.44350592576023
518.48999999977 5.09255086164575
519.23999999977 5.27422760575857
519.989999999769 5.41304713813957
520.739999999768 5.55954868984016
521.489999999768 5.1914566430809
522.239999999767 5.31783381195166
522.989999999766 5.45150850373764
523.739999999765 5.65053981185063
524.489999999765 5.83646778697384
525.239999999764 5.4517941287881
525.989999999763 5.6213047354046
526.739999999763 5.80468318305322
527.489999999762 5.96954926840789
528.239999999761 5.57568700343029
528.989999999761 5.73477432698813
529.73999999976 5.88487640333734
530.489999999759 6.0344174036235
531.239999999759 5.63504336720125
531.989999999758 5.76480969778068
532.739999999757 5.92604129093076
533.489999999757 5.52521717186591
534.239999999756 5.61872208998021
534.989999999755 5.64608563352422
535.739999999755 5.67009219812704
536.489999999754 5.69134508964142
537.239999999753 5.7098015486317
537.989999999753 5.19832836755307
538.739999999752 5.21650164763664
539.489999999751 5.23496997587882
540.23999999975 5.25388175685336
540.98999999975 4.75514805627496
541.739999999749 4.77851495685849
542.489999999748 4.80365604287508
543.239999999748 4.31791197878564
543.989999999747 4.34884686249964
544.739999999746 4.38226230524004
545.489999999746 3.91070199353778
546.239999999745 3.96350699034911
546.989999999744 4.02183887951655
547.739999999744 4.08653881728635
548.489999999743 4.1605659039754
549.239999999742 4.24322953632091
549.989999999742 3.82537768089884
550.739999999741 3.91059305781722
551.48999999974 3.50030934723171
552.23999999974 3.60524970820412
552.989999999739 3.71989887417483
553.739999999738 3.84705023842557
554.489999999738 3.49437245993416
555.239999999737 4.17070402187244
555.989999999736 3.85046514902741
556.739999999735 4.0320896936907
557.489999999735 4.21138552248063
558.239999999734 4.38623147060918
558.989999999733 4.05141687178944
559.739999999733 4.21648925698037
560.489999999732 4.37739476935373
561.239999999731 4.5339566634264
561.989999999731 4.17960590892746
562.73999999973 4.32806173606702
563.489999999729 4.47267323138288
564.239999999729 4.10625687497937
564.989999999728 4.76647863446327
565.739999999727 4.40304026422618
566.489999999727 4.54380386409487
567.239999999726 4.68094605664321
567.989999999725 4.30667422305231
568.739999999725 4.43756846811561
569.489999999724 4.56552967075504
570.239999999723 4.69058351781079
570.989999999722 4.81318239424696
571.739999999722 4.42575459399476
572.489999999721 4.54394012587182
573.23999999972 4.66008640270613
573.98999999972 4.77421440509456
574.739999999719 4.38032138227206
575.489999999718 4.49170608619536
576.239999999718 4.601723664962
576.989999999717 4.71053452444174
577.739999999716 4.31327752717343
578.489999999716 3.91785412351753
579.239999999715 4.54089400302163
579.989999999714 4.15362529774506
580.739999999714 3.77484796119177
581.489999999713 4.42367918363985
582.239999999712 4.56566443803333
582.989999999712 4.19993189028052
583.739999999711 4.33621196012345
584.48999999971 4.47168687085639
585.23999999971 4.60860904112989
585.989999999709 4.23762153474421
586.739999999708 4.36933251545875
587.489999999707 3.99603326274663
588.239999999707 4.65693240172336
588.989999999706 4.81396645742361
589.739999999705 4.46046098681008
590.489999999705 4.60930460909751
591.239999999704 4.75447511535939
591.989999999703 4.89610686673664
592.739999999703 4.52706086531421
593.489999999702 4.66216889771665
594.239999999701 4.2867949826254
594.989999999701 4.92455389089125
595.7399999997 4.54507743557225
596.489999999699 4.6704432978852
597.239999999699 4.79322004606744
597.989999999698 4.91388776403559
598.739999999697 4.52578399991702
599.489999999697 4.64253280884167
600.239999999696 4.75767421921609
600.989999999695 4.36534628945224
601.739999999695 4.4776105142369
602.489999999694 4.5960289240719
603.239999999693 4.20127887454231
603.989999999692 4.82284777644356
604.739999999692 4.93857886835956
605.489999999691 4.54880686599922
606.23999999969 4.1589515632671
606.98999999969 4.79410266538631
607.739999999689 4.92699718286549
608.489999999688 4.55360075434718
609.239999999688 4.68210771682713
609.989999999687 4.80878862303354
610.739999999686 4.42964866728384
611.489999999686 4.55284513546986
612.239999999685 4.17152260710175
612.989999999684 4.81863872881726
613.739999999684 4.46180450235661
614.489999999683 4.10682194825875
615.239999999682 4.77339251767773
615.989999999682 4.93122395616171
616.739999999681 5.08508759560239
617.48999999968 5.23512127919697
618.23999999968 4.87486792357824
618.989999999679 4.51069606015966
619.739999999678 4.64982497487806
620.489999999677 4.78786597454484
621.239999999677 4.41962366064227
621.989999999676 5.08330383570368
622.739999999675 5.24854242393148
623.489999999675 4.90032925862211
624.239999999674 5.05546765035307
624.989999999673 5.20623141501912
625.739999999673 5.35251535238853
626.489999999672 5.49462577324205
627.239999999671 5.12299787448388
627.989999999671 4.74764955401006
628.73999999967 4.87841026754923
629.489999999669 5.51540822536009
630.239999999669 5.13052543172528
630.989999999668 4.74315288504678
631.739999999667 5.37197065743211
632.489999999667 5.48952140857742
633.239999999666 5.09657591429382
633.989999999665 4.70214102320735
634.739999999665 4.81397891282525
635.489999999664 5.43121130661585
636.239999999663 5.03214029582338
636.989999999662 5.13898709673572
637.739999999662 5.24454387948445
638.489999999661 5.34928394968083
639.23999999966 4.94800523959217
639.98999999966 5.05871715353423
640.739999999659 5.16150379548967
641.489999999658 5.26347793036376
642.239999999658 5.36505865518291
642.989999999657 4.96300650718938
643.739999999656 5.06380593482884
644.489999999656 4.66222093638201
645.239999999655 5.26448682656074
645.989999999654 4.86345909080429
646.739999999654 4.96412264511538
647.489999999653 5.06475276767831
648.239999999652 5.16572408142794
648.989999999652 4.76730440572214
649.739999999651 4.86922940188343
650.48999999965 4.97138923562913
651.23999999965 5.07412939126202
651.989999999649 4.67907906495751
652.739999999648 4.78311774768051
653.489999999647 4.88757464636724
654.239999999647 4.9927571843054
654.989999999646 4.6014283245336
655.739999999645 4.7080942553233
656.489999999645 4.81538229116493
657.239999999644 4.92329844522922
657.989999999643 4.53564380636875
658.739999999643 4.64487528537786
659.489999999642 4.75487753247538
660.239999999641 4.36983392344
660.989999999641 3.99122969421005
661.73999999964 4.62759559064049
662.489999999639 4.76945036617164
663.239999999639 4.41371477312876
663.989999999638 4.55707779340473
664.739999999637 4.70394517721834
665.489999999637 4.84941207451467
666.239999999636 4.99343776519808
666.989999999635 4.63765115960645
667.739999999635 4.77849848630075
668.489999999634 4.91778997790554
669.239999999633 5.05581496535897
669.989999999632 5.19247526743572
670.739999999632 4.82829861675216
671.489999999631 4.96215418021771
672.23999999963 5.09472706516941
672.98999999963 5.22604988139538
673.739999999629 4.85616718644649
674.489999999628 4.98489689035015
675.239999999628 5.11271360487346
675.989999999627 4.73942271114661
676.739999999626 4.86522278194714
677.489999999626 4.99006970749512
678.239999999625 5.1140209133703
678.989999999624 4.73706328975055
679.739999999624 4.86022899182825
680.489999999623 4.98717688449406
681.239999999622 5.11326359031442
681.989999999622 4.73829491814658
682.739999999621 4.86251761139394
683.48999999962 4.98589324206175
684.239999999619 5.10847651662682
684.989999999619 5.23016834774409
685.739999999618 4.85141306188394
686.489999999617 4.97200274928711
687.239999999617 4.59229779172616
687.989999999616 4.71868190289654
688.739999999615 4.85837911992699
689.489999999615 4.99642745135856
690.239999999614 5.13270936942697
690.989999999613 5.26752783347678
691.739999999613 4.90009516235097
692.489999999612 5.03171467916973
693.239999999611 5.16189114032907
693.989999999611 5.29051725963203
694.73999999961 5.41787421191936
695.489999999609 5.0427385842319
696.239999999609 5.167099849278
696.989999999608 5.29034167852882
697.739999999607 5.41247387325951
698.489999999607 5.03312719062044
699.239999999606 5.15374776580389
699.989999999605 4.77306935027084
700.739999999604 5.39266446064665
701.489999999604 5.01090240909318
702.239999999603 5.12905239477663
702.989999999602 5.24680185933314
703.739999999602 5.3639104390405
704.489999999601 4.98057184442638
705.2399999996 5.09685012069893
705.9899999996 4.71327543744662
706.739999999599 4.82918284005605
707.489999999598 4.94473878642409
708.239999999598 5.06024313254567
708.989999999597 5.17541632963938
709.739999999596 5.29039777182905
710.489999999596 4.90616678300916
711.239999999595 5.02061517808702
711.989999999594 5.13476237686221
712.739999999594 5.24883283717065
713.489999999593 4.86453983863875
714.239999999592 4.97108281612075
714.989999999592 4.5870642598048
715.739999999591 5.19850390344223
716.48999999959 4.8147062217294
717.239999999589 4.9285868234677
717.989999999589 5.04218827206129
718.739999999588 5.15595067289718
719.489999999587 4.77278732124414
720.239999999587 4.88668977972544
720.989999999586 5.00083460108174
721.739999999585 5.11494138401915
722.489999999585 4.73280428900289
723.239999999584 4.84733797622959
723.989999999583 4.96224151657784
724.739999999583 5.07722870919983
725.489999999582 4.69641415137984
726.239999999581 4.8120425976471
726.989999999581 4.92780427346535
727.73999999958 4.54812090654938
728.489999999579 5.16028735926288
729.239999999579 4.78119662140705
729.989999999578 4.89782752162156
730.739999999577 5.01460361045062
731.489999999577 5.13169791159423
732.239999999576 5.24876997701423
732.989999999575 4.87064170612687
733.739999999574 4.98802581268958
734.489999999574 4.61038903995272
735.239999999573 4.72810960652396
735.989999999572 4.84608576717471
736.739999999572 4.46895632079744
737.489999999571 4.58708843190315
738.23999999957 4.70535667586871
738.98999999957 4.82377078441838
739.739999999569 4.94236187186204
740.489999999568 5.06128098276896
741.239999999568 4.68527735806791
741.989999999567 4.80442534363747
742.739999999566 4.4288105655062
743.489999999566 5.04321700311776
744.239999999565 4.66789514138577
744.989999999564 4.78762965877872
745.739999999564 4.90751472556394
746.489999999563 5.02751436560659
747.239999999562 5.14781565233757
747.989999999562 4.77321582330707
748.739999999561 4.8937092904947
749.48999999956 4.51942062768519
750.239999999559 5.13519599484153
750.989999999559 4.76118787458482
751.739999999558 4.88227285928028
752.489999999557 5.00348628067474
753.239999999557 5.12481402157698
753.989999999556 4.75118466918398
754.739999999555 4.87268636009264
755.489999999555 4.9942788275495
756.239999999554 5.11595835005573
756.989999999553 4.74255356498482
757.739999999553 4.86434070078834
758.489999999552 4.98618840674929
759.239999999551 4.61286084709212
759.989999999551 4.73480171427334
760.73999999955 4.85680151084075
761.489999999549 4.97885864523762
762.239999999549 4.60562553701405
762.989999999548 4.72776737883829
763.739999999547 4.84996435446059
764.489999999547 4.9722156145789
765.239999999546 4.59905753676347
765.989999999545 4.72138579536059
766.739999999544 4.84362174729345
767.489999999544 4.96604974315581
768.239999999543 4.59294171068717
768.989999999542 5.21104998891091
769.739999999542 4.83797208785919
770.489999999541 4.96055083409543
771.23999999954 5.08317091452843
771.98999999954 4.71009429181074
772.739999999539 4.83276495377394
773.489999999538 4.95547565114339
774.239999999538 5.07822541208716
774.989999999537 4.7051513798632
775.739999999536 4.82780146864874
776.489999999536 4.95063062780019
777.239999999535 5.07349474803172
777.989999999534 4.70040863974569
778.739999999534 4.82331085005171
779.489999999533 4.94624501200557
780.239999999532 5.0692082788873
780.989999999532 5.19205375027941
781.739999999531 4.81893078149855
782.48999999953 4.94193997163385
783.239999999529 5.06497378463592
783.989999999529 5.18802913383369
784.739999999528 5.31110489947527
785.489999999527 4.93791586265887
786.239999999527 5.0610000529865
786.989999999526 5.1839581565657
787.739999999525 4.81070694154022
788.489999999525 4.93381142014824
789.239999999524 5.05693342722449
789.989999999523 4.68361847342344
790.739999999523 4.80674384137034
791.489999999522 4.92988086293486
792.239999999521 5.05288826214992
792.989999999521 5.17605045984295
793.73999999952 4.80263712554416
794.489999999519 4.92578905357123
795.239999999519 5.04894672637195
795.989999999518 4.67545116898328
796.739999999517 4.79858905866034
797.489999999516 4.92158404950396
798.239999999516 5.04472247355435
798.989999999515 5.1678499408154
799.739999999514 4.79419269246252
