16.7699999999999 1.9465
17.5199999999999 1.9465
18.2699999999999 1.899
19.02 1.8455
19.77 1.78450000000001
20.52 1.78450000000001
21.27 1.73100000000001
22.0200000000001 1.65950000000001
22.7700000000001 1.59100000000001
23.5200000000001 1.59100000000001
24.2700000000002 1.53000000000001
25.0200000000002 1.47650000000001
25.7700000000002 1.47650000000001
26.5200000000002 1.44400000000002
27.2700000000003 1.39800000000002
28.0200000000003 1.39800000000002
28.7700000000003 1.36700000000002
29.5200000000004 1.25850000000002
30.2700000000004 1.18700000000003
31.0200000000004 1.18700000000003
31.7700000000004 1.12450000000003
32.5200000000005 1.05900000000003
33.2700000000005 1.05900000000003
34.0200000000005 1.00100000000003
34.7700000000006 0.934000000000031
35.5200000000006 0.873000000000032
36.2700000000006 0.873000000000032
37.0200000000006 0.867000000000033
37.7700000000007 0.852000000000032
38.5200000000007 0.832500000000031
39.2700000000007 0.823500000000031
40.0200000000008 0.823500000000031
40.7700000000008 0.813000000000031
41.5200000000008 0.813000000000031
42.2700000000008 0.840000000000032
43.0200000000009 0.840000000000032
43.7700000000009 0.831000000000031
44.5200000000009 0.819000000000031
45.270000000001 0.78750000000003
46.020000000001 0.78750000000003
46.770000000001 0.760500000000029
47.520000000001 0.727500000000027
48.2700000000011 0.727500000000027
49.0200000000011 0.709500000000027
49.7700000000011 0.712500000000027
50.5200000000012 0.712500000000027
51.2700000000012 0.708000000000027
52.0200000000012 0.708000000000027
52.7700000000012 0.702000000000027
53.5200000000013 0.708000000000027
54.2700000000013 0.708000000000027
55.0200000000013 0.717000000000027
55.7700000000014 0.727500000000028
56.5200000000014 0.727500000000028
57.2700000000014 0.732000000000028
58.0200000000014 0.732000000000028
58.7700000000015 0.736500000000028
59.5200000000015 0.739500000000028
60.2700000000015 0.739500000000028
61.0200000000016 0.748500000000028
61.7700000000016 0.732000000000028
62.5200000000016 0.732000000000028
63.2700000000016 0.80250000000003
64.0200000000017 0.79950000000003
64.7700000000017 0.79950000000003
65.5200000000017 0.808500000000031
66.2700000000017 0.808500000000031
67.0200000000018 0.825000000000031
67.7700000000018 0.825000000000031
68.5200000000018 0.844500000000032
69.2700000000019 0.841500000000032
70.0200000000019 0.841500000000032
70.7700000000019 0.876000000000033
71.5200000000019 0.900000000000034
72.270000000002 0.900000000000034
73.020000000002 0.883500000000033
73.770000000002 0.883500000000033
74.5200000000021 0.871500000000033
75.2700000000021 0.873000000000033
76.0200000000021 0.862500000000033
76.7700000000021 0.862500000000033
77.5200000000022 0.849000000000032
78.2700000000022 0.849000000000032
79.0200000000022 0.885000000000034
79.7700000000023 0.895500000000034
80.5200000000023 0.880500000000033
81.2700000000023 0.868500000000033
82.0200000000023 0.868500000000033
82.7700000000024 0.831000000000031
83.5200000000024 0.831000000000031
84.2700000000024 0.834000000000032
85.0200000000025 0.834000000000032
85.7700000000025 0.817500000000031
86.5200000000025 0.817500000000031
87.2700000000025 0.823500000000031
88.0200000000026 0.79500000000003
88.7700000000026 0.79500000000003
89.5200000000026 0.807000000000031
90.2700000000027 0.78300000000003
91.0200000000027 0.78300000000003
91.7700000000027 0.78150000000003
92.5200000000027 0.808500000000031
93.2700000000028 0.814500000000031
94.0200000000028 0.814500000000031
94.7700000000028 0.861000000000033
95.5200000000029 0.849000000000032
96.2700000000029 0.858000000000033
97.0200000000029 0.858000000000033
97.7700000000029 0.858000000000033
98.520000000003 0.832500000000032
99.270000000003 0.838500000000032
100.020000000003 0.843000000000032
100.770000000003 0.852000000000032
101.520000000003 0.852000000000032
102.270000000003 0.822000000000031
103.020000000003 0.834000000000032
103.770000000003 0.834000000000032
104.520000000003 0.853500000000032
105.270000000003 0.858000000000033
106.020000000003 0.858000000000033
106.770000000003 0.886500000000034
107.520000000003 0.886500000000034
108.270000000003 0.892500000000034
109.020000000003 0.876000000000033
109.770000000003 0.876000000000033
110.520000000003 0.867000000000033
111.270000000003 0.867000000000033
112.020000000003 0.852000000000032
112.770000000004 0.852000000000032
113.520000000004 0.853500000000032
114.270000000004 0.853500000000032
115.020000000004 0.853500000000032
115.770000000004 0.843000000000032
116.520000000004 0.831000000000031
117.270000000004 0.831000000000031
118.020000000004 0.837000000000032
118.770000000004 0.840000000000032
119.520000000004 0.819000000000031
120.270000000004 0.819000000000031
121.020000000004 0.843000000000032
121.770000000004 0.844500000000032
122.520000000004 0.844500000000032
123.270000000004 0.850500000000032
124.020000000004 0.861000000000033
124.770000000004 0.835500000000032
125.520000000004 0.814500000000031
126.270000000004 0.814500000000031
127.020000000004 0.80250000000003
127.770000000004 0.805500000000031
128.520000000004 0.805500000000031
129.270000000004 0.835500000000032
130.020000000004 0.846000000000032
130.770000000004 0.853500000000032
131.520000000004 0.853500000000032
132.270000000004 0.853500000000032
133.020000000004 0.853500000000032
133.770000000004 0.870000000000033
134.520000000004 0.886500000000034
135.270000000004 0.886500000000034
136.020000000004 0.903000000000034
136.770000000004 0.904500000000034
137.520000000004 0.904500000000034
138.270000000004 0.891000000000034
139.020000000005 0.891000000000034
139.770000000005 0.898500000000034
140.520000000005 0.898500000000034
141.270000000005 0.882000000000033
142.020000000005 0.882000000000033
142.770000000005 0.898500000000034
143.520000000005 0.898500000000034
144.270000000005 0.898500000000034
145.020000000005 0.927000000000035
145.770000000005 0.927000000000035
146.520000000005 0.987000000000037
147.270000000005 0.982500000000037
148.020000000005 0.982500000000037
148.770000000005 0.949500000000036
149.520000000005 0.943500000000036
150.270000000005 0.936000000000035
151.020000000005 0.936000000000035
151.770000000005 0.925500000000035
152.520000000005 0.874500000000033
153.270000000005 0.829500000000031
154.020000000005 0.814500000000031
154.770000000005 0.814500000000031
155.520000000005 0.811500000000031
156.270000000005 0.813000000000031
157.020000000005 0.813000000000031
157.770000000005 0.813000000000031
158.520000000005 0.850500000000032
159.270000000005 0.850500000000032
160.020000000005 0.876000000000033
160.770000000005 0.864000000000033
161.520000000005 0.865500000000033
162.270000000005 0.844500000000032
163.020000000005 0.844500000000032
163.770000000005 0.859500000000033
164.520000000005 0.832500000000032
165.270000000005 0.828000000000031
166.020000000006 0.828000000000031
166.770000000006 0.79050000000003
167.520000000006 0.78150000000003
168.270000000006 0.777000000000029
169.020000000006 0.78000000000003
169.770000000006 0.78000000000003
170.520000000006 0.79650000000003
171.270000000006 0.79650000000003
172.020000000006 0.829500000000031
172.770000000006 0.844500000000032
173.520000000006 0.856500000000032
174.270000000006 0.856500000000032
175.020000000006 0.888000000000034
175.770000000006 0.888000000000034
176.520000000006 0.888000000000034
177.270000000006 0.888000000000034
178.020000000006 0.886500000000034
178.770000000006 0.903000000000034
179.520000000006 0.873000000000033
180.270000000006 0.879000000000033
181.020000000006 0.882000000000033
181.770000000006 0.874500000000033
182.520000000006 0.874500000000033
183.270000000006 0.843000000000032
184.020000000006 0.840000000000032
184.770000000006 0.840000000000032
185.520000000006 0.843000000000032
186.270000000006 0.826500000000031
187.020000000006 0.825000000000031
187.770000000006 0.825000000000031
188.520000000006 0.832500000000032
189.270000000006 0.828000000000031
190.020000000006 0.826500000000031
190.770000000006 0.79200000000003
191.520000000006 0.79200000000003
192.270000000007 0.77850000000003
193.020000000007 0.77850000000003
193.770000000007 0.77850000000003
194.520000000007 0.77850000000003
195.270000000007 0.77850000000003
196.020000000007 0.775500000000029
196.770000000007 0.775500000000029
197.520000000007 0.750000000000028
198.270000000007 0.736500000000028
199.020000000007 0.736500000000028
199.770000000007 0.745500000000028
200.520000000007 0.745500000000028
201.270000000007 0.768000000000029
202.020000000007 0.78750000000003
202.770000000007 0.78300000000003
203.520000000007 0.78300000000003
204.270000000007 0.805500000000031
205.020000000007 0.79800000000003
205.770000000007 0.79800000000003
206.520000000007 0.808500000000031
207.270000000007 0.814500000000031
208.020000000007 0.816000000000031
208.770000000007 0.828000000000031
209.520000000007 0.813000000000031
210.270000000007 0.813000000000031
211.020000000007 0.837000000000032
211.770000000007 0.837000000000032
212.520000000007 0.877500000000033
213.270000000007 0.882000000000033
214.020000000007 0.880500000000033
214.770000000007 0.847500000000032
215.520000000007 0.847500000000032
216.270000000007 0.849000000000032
217.020000000007 0.829500000000031
217.770000000007 0.844500000000032
218.520000000008 0.844500000000032
219.270000000008 0.850500000000032
220.020000000008 0.850500000000032
220.770000000008 0.859500000000033
221.520000000008 0.859500000000033
222.270000000008 0.852000000000032
223.020000000008 0.853500000000032
223.770000000008 0.853500000000032
224.520000000008 0.880500000000033
225.270000000008 0.880500000000033
226.020000000008 0.867000000000033
226.770000000008 0.873000000000033
227.520000000008 0.871500000000033
228.270000000008 0.871500000000033
229.020000000008 0.880500000000033
229.770000000008 0.904500000000034
230.520000000008 0.894000000000034
231.270000000008 0.855000000000032
232.020000000008 0.855000000000032
232.770000000008 0.855000000000032
233.520000000008 0.876000000000033
234.270000000008 0.904500000000034
235.020000000008 0.928500000000035
235.770000000008 0.915000000000035
236.520000000008 0.915000000000035
237.270000000008 0.924000000000035
238.020000000008 0.924000000000035
238.770000000008 0.903000000000034
239.520000000008 0.874500000000033
240.270000000008 0.876000000000033
241.020000000008 0.876000000000033
241.770000000008 0.871500000000033
242.520000000008 0.870000000000033
243.270000000008 0.828000000000031
244.020000000008 0.828000000000031
244.770000000009 0.826500000000031
245.520000000009 0.825000000000031
246.270000000009 0.814500000000031
247.020000000009 0.814500000000031
247.770000000009 0.80400000000003
248.520000000009 0.78450000000003
249.270000000009 0.759000000000029
250.020000000009 0.759000000000029
250.770000000009 0.762000000000029
251.520000000009 0.759000000000029
252.270000000009 0.726000000000028
253.020000000009 0.726000000000028
253.770000000009 0.733500000000028
254.520000000009 0.715500000000027
255.270000000009 0.718500000000027
256.020000000009 0.718500000000027
256.770000000008 0.696000000000023
257.520000000008 0.707999999999984
258.270000000007 0.707999999999984
259.020000000006 0.712499999999938
259.770000000005 0.730499999999886
260.520000000005 0.734999999999854
261.270000000004 0.731999999999823
262.020000000003 0.731999999999823
262.770000000003 0.745499999999784
263.520000000002 0.745499999999754
264.270000000001 0.743999999999727
265.020000000001 0.736499999999697
265.77 0.736499999999697
266.519999999999 0.743999999999663
267.269999999999 0.746999999999635
268.019999999998 0.748499999999602
268.769999999997 0.748499999999602
269.519999999997 0.751499999999572
270.269999999996 0.751499999999572
271.019999999995 0.791999999999493
271.769999999995 0.809999999999451
272.519999999994 0.817499999999414
273.269999999993 0.790499999999378
274.019999999993 0.790499999999378
274.769999999992 0.81449999999932
275.519999999991 0.808499999999292
276.26999999999 0.827999999999247
277.01999999999 0.827999999999247
277.769999999989 0.827999999999247
278.519999999988 0.848999999999228
279.269999999988 0.823499999999251
280.019999999987 0.821999999999252
280.769999999986 0.821999999999252
281.519999999986 0.823499999999251
282.269999999985 0.826499999999248
283.019999999984 0.82499999999925
283.769999999984 0.82499999999925
284.519999999983 0.83549999999924
285.269999999982 0.839999999999236
286.019999999982 0.847499999999229
286.769999999981 0.848999999999228
287.51999999998 0.848999999999228
288.26999999998 0.845999999999231
289.019999999979 0.841499999999235
289.769999999978 0.841499999999235
290.519999999978 0.793499999999278
291.269999999977 0.793499999999278
292.019999999976 0.805499999999267
292.769999999975 0.805499999999267
293.519999999975 0.814499999999259
294.269999999974 0.782999999999288
295.019999999973 0.79199999999928
295.769999999973 0.770999999999299
296.519999999972 0.770999999999299
297.269999999971 0.721499999999344
298.019999999971 0.72599999999934
298.76999999997 0.72599999999934
299.519999999969 0.752999999999315
300.269999999969 0.752999999999315
301.019999999968 0.764999999999304
301.769999999967 0.760499999999308
302.519999999967 0.760499999999308
303.269999999966 0.781499999999289
304.019999999965 0.781499999999289
304.769999999965 0.773999999999296
305.519999999964 0.75899999999931
306.269999999963 0.75899999999931
307.019999999963 0.75899999999931
307.769999999962 0.767999999999301
308.519999999961 0.767999999999301
309.26999999996 0.794999999999277
310.01999999996 0.806999999999266
310.769999999959 0.806999999999266
311.519999999958 0.788999999999282
312.269999999958 0.803999999999269
313.019999999957 0.796499999999276
313.769999999956 0.796499999999276
314.519999999956 0.830999999999244
315.269999999955 0.830999999999244
316.019999999954 0.85799999999922
316.769999999954 0.856499999999221
317.519999999953 0.856499999999221
318.269999999952 0.85799999999922
319.019999999952 0.833999999999241
319.769999999951 0.83549999999924
320.51999999995 0.83549999999924
321.26999999995 0.842999999999233
322.019999999949 0.844499999999232
322.769999999948 0.833999999999241
323.519999999948 0.833999999999241
324.269999999947 0.848999999999228
325.019999999946 0.850499999999226
325.769999999945 0.850499999999226
326.519999999945 0.847499999999229
327.269999999944 0.847499999999229
328.019999999943 0.838499999999237
328.769999999943 0.814499999999259
329.519999999942 0.814499999999259
330.269999999941 0.809999999999263
331.019999999941 0.796499999999276
331.76999999994 0.785999999999285
332.519999999939 0.785999999999285
333.269999999939 0.793499999999278
334.019999999938 0.779999999999291
334.769999999937 0.797999999999274
335.519999999937 0.784499999999287
336.269999999936 0.784499999999287
337.019999999935 0.79199999999928
337.769999999935 0.808499999999265
338.519999999934 0.817499999999256
339.269999999933 0.817499999999256
340.019999999933 0.829499999999246
340.769999999932 0.821999999999252
341.519999999931 0.808499999999265
342.26999999993 0.808499999999265
343.01999999993 0.805499999999267
343.769999999929 0.806999999999266
344.519999999928 0.811499999999262
345.269999999928 0.811499999999262
346.019999999927 0.811499999999262
346.769999999926 0.910499999999172
347.519999999926 0.911999999999171
348.269999999925 0.911999999999171
349.019999999924 0.911999999999171
349.769999999924 0.898499999999183
350.519999999923 0.90149999999918
351.269999999922 0.905999999999176
352.019999999922 0.905999999999176
352.769999999921 0.905999999999176
353.51999999992 0.889499999999191
354.26999999992 0.889499999999191
355.019999999919 0.889499999999191
355.769999999918 0.877499999999202
356.519999999918 0.886499999999194
357.269999999917 0.86849999999921
358.019999999916 0.85799999999922
358.769999999915 0.85799999999922
359.519999999915 0.848999999999228
360.269999999914 0.832499999999243
361.019999999913 0.832499999999243
361.769999999913 0.832499999999243
362.519999999912 0.839999999999236
363.269999999911 0.817499999999256
364.019999999911 0.817499999999256
364.76999999991 0.851999999999225
365.519999999909 0.803999999999269
366.269999999909 0.782999999999288
367.019999999908 0.782999999999288
367.769999999907 0.80249999999927
368.519999999907 0.814499999999259
369.269999999906 0.812999999999261
370.019999999905 0.803999999999269
370.769999999905 0.803999999999269
371.519999999904 0.794999999999277
372.269999999903 0.793499999999278
373.019999999902 0.784499999999287
373.769999999902 0.784499999999287
374.519999999901 0.760499999999308
375.2699999999 0.757499999999311
376.0199999999 0.757499999999311
376.769999999899 0.754499999999314
377.519999999898 0.746999999999321
378.269999999898 0.746999999999321
379.019999999897 0.785999999999285
379.769999999896 0.785999999999285
380.519999999896 0.854999999999222
381.269999999895 0.871499999999207
382.019999999894 0.862499999999216
382.769999999894 0.860999999999217
383.519999999893 0.860999999999217
384.269999999892 0.821999999999252
385.019999999892 0.80249999999927
385.769999999891 0.796499999999276
386.51999999989 0.796499999999276
387.26999999989 0.773999999999296
388.019999999889 0.766499999999303
388.769999999888 0.766499999999303
389.519999999887 0.776999999999293
390.269999999887 0.773999999999296
391.019999999886 0.784499999999287
391.769999999885 0.784499999999287
392.519999999885 0.79199999999928
393.269999999884 0.820499999999254
394.019999999883 0.829499999999246
394.769999999883 0.829499999999246
395.519999999882 0.829499999999246
396.269999999881 0.821999999999252
397.019999999881 0.82499999999925
397.76999999988 0.82499999999925
398.519999999879 0.794999999999277
399.269999999879 0.793499999999278
400.019999999878 0.728999999999337
400.769999999877 0.710999999999353
401.519999999877 0.710999999999353
402.269999999876 0.713999999999351
403.019999999875 0.730499999999336
403.769999999875 0.730499999999336
404.519999999874 0.731999999999334
405.269999999873 0.731999999999334
406.019999999872 0.73649999999933
406.769999999872 0.745499999999322
407.519999999871 0.745499999999322
408.26999999987 0.743999999999323
409.01999999987 0.742499999999325
409.769999999869 0.742499999999325
410.519999999868 0.770999999999299
411.269999999868 0.770999999999299
412.019999999867 0.761999999999307
412.769999999866 0.731999999999334
413.519999999866 0.731999999999334
414.269999999865 0.730499999999336
415.019999999864 0.730499999999336
415.769999999864 0.790499999999281
416.519999999863 0.790499999999281
417.269999999862 0.790499999999281
418.019999999862 0.80249999999927
418.769999999861 0.80249999999927
419.51999999986 0.82499999999925
420.26999999986 0.82499999999925
421.019999999859 0.83549999999924
421.769999999858 0.839999999999236
422.519999999857 0.821999999999252
423.269999999857 0.821999999999252
424.019999999856 0.821999999999252
424.769999999855 0.874499999999205
425.519999999855 0.874499999999205
426.269999999854 0.89099999999919
427.019999999853 0.887999999999192
427.769999999853 0.887999999999192
428.519999999852 0.887999999999192
429.269999999851 0.887999999999192
430.019999999851 0.93449999999915
430.76999999985 0.931499999999153
431.519999999849 0.922499999999161
432.269999999849 0.922499999999161
433.019999999848 0.955499999999131
433.769999999847 0.949499999999136
434.519999999847 0.95699999999913
435.269999999846 0.89099999999919
436.019999999845 0.89099999999919
436.769999999845 0.905999999999176
437.519999999844 0.881999999999198
438.269999999843 0.845999999999231
439.019999999842 0.845999999999231
439.769999999842 0.845999999999231
440.519999999841 0.854999999999222
441.26999999984 0.92399999999916
442.01999999984 0.938999999999146
442.769999999839 0.941999999999143
443.519999999838 0.905999999999176
444.269999999838 0.892499999999188
445.019999999837 0.892499999999188
445.769999999836 0.866999999999212
446.519999999836 0.859499999999218
447.269999999835 0.856499999999221
448.019999999834 0.856499999999221
448.769999999834 0.850499999999226
449.519999999833 0.850499999999226
450.269999999832 0.800999999999272
451.019999999832 0.823499999999251
451.769999999831 0.841499999999235
452.51999999983 0.811499999999262
453.26999999983 0.811499999999262
454.019999999829 0.811499999999262
454.769999999828 0.871499999999207
455.519999999827 0.871499999999207
456.269999999827 0.871499999999207
457.019999999826 0.871499999999207
457.769999999825 0.887999999999192
458.519999999825 0.89099999999919
459.269999999824 0.887999999999192
460.019999999823 0.887999999999192
460.769999999823 0.817499999999256
461.519999999822 0.794999999999277
462.269999999821 0.794999999999277
463.019999999821 0.821999999999252
463.76999999982 0.829499999999246
464.519999999819 0.847499999999229
465.269999999819 0.845999999999231
466.019999999818 0.853499999999224
466.769999999817 0.853499999999224
467.519999999817 0.872999999999206
468.269999999816 0.877499999999202
469.019999999815 0.877499999999202
469.769999999815 0.860999999999217
470.519999999814 0.853499999999224
471.269999999813 0.838499999999237
472.019999999812 0.83549999999924
472.769999999812 0.83549999999924
473.519999999811 0.839999999999236
474.26999999981 0.776999999999293
475.01999999981 0.776999999999293
475.769999999809 0.770999999999299
476.519999999808 0.770999999999299
477.269999999808 0.776999999999293
478.019999999807 0.776999999999293
478.769999999806 0.788999999999282
479.519999999806 0.800999999999272
480.269999999805 0.797999999999274
481.019999999804 0.79199999999928
481.769999999804 0.79199999999928
482.519999999803 0.796499999999276
483.269999999802 0.788999999999282
484.019999999802 0.772499999999297
484.769999999801 0.778499999999292
485.5199999998 0.778499999999292
486.269999999799 0.778499999999292
487.019999999799 0.79199999999928
487.769999999798 0.79199999999928
488.519999999797 0.79199999999928
489.269999999797 0.818999999999255
490.019999999796 0.812999999999261
490.769999999795 0.812999999999261
491.519999999795 0.820499999999254
492.269999999794 0.833999999999241
493.019999999793 0.841499999999235
493.769999999793 0.841499999999235
494.519999999792 0.841499999999235
495.269999999791 0.827999999999247
496.019999999791 0.827999999999247
496.76999999979 0.827999999999247
497.519999999789 0.889499999999191
498.269999999789 0.875999999999203
499.019999999788 0.86849999999921
499.769999999787 0.86849999999921
500.519999999787 0.86849999999921
501.269999999786 0.89099999999919
502.019999999785 0.89099999999919
502.769999999784 0.89099999999919
503.519999999784 0.89099999999919
504.269999999783 0.89099999999919
505.019999999782 1.103999999999
505.769999999782 1.2104999999989
506.519999999781 1.2104999999989
507.26999999978 1.33949999999878
508.01999999978 1.40999999999872
508.769999999779 1.50899999999863
509.519999999778 1.50899999999863
510.269999999778 1.57349999999857
511.019999999777 1.67099999999848
511.769999999776 1.76549999999839
512.519999999776 1.76549999999839
513.269999999775 1.88999999999828
514.019999999774 1.99199999999819
514.769999999774 2.08049999999812
515.519999999773 2.18549999999802
516.269999999772 2.18549999999802
517.019999999772 2.29049999999793
517.769999999771 2.39099999999783
518.51999999977 2.39099999999783
519.26999999977 2.43599999999779
520.019999999769 2.55599999999768
520.769999999768 2.65649999999759
521.519999999767 2.65649999999759
522.269999999767 2.78099999999748
523.019999999766 2.88599999999738
523.769999999765 2.8649999999974
524.519999999765 2.86049999999741
525.269999999764 2.86049999999741
526.019999999763 2.87399999999739
526.769999999763 2.85449999999741
527.519999999762 2.86049999999741
528.269999999761 2.86049999999741
529.019999999761 2.8664999999974
529.76999999976 2.88149999999739
530.519999999759 2.89049999999738
531.269999999759 2.89049999999738
532.019999999758 2.92649999999735
532.769999999757 2.89649999999737
533.519999999757 2.89649999999737
534.269999999756 2.90849999999736
535.019999999755 2.90849999999735
535.769999999755 2.92049999999734
536.519999999754 2.91749999999735
537.269999999753 2.90849999999735
538.019999999752 2.90849999999735
538.769999999752 2.90999999999735
539.519999999751 2.89949999999736
540.26999999975 2.89649999999737
541.01999999975 2.89649999999737
541.769999999749 2.87699999999738
542.519999999748 2.86499999999739
543.269999999748 2.86499999999739
544.019999999747 2.8574999999974
544.769999999746 2.8604999999974
545.519999999746 2.8604999999974
546.269999999745 2.87849999999738
547.019999999744 2.87699999999738
547.769999999744 2.89349999999737
548.519999999743 2.90399999999736
549.269999999742 2.88749999999737
550.019999999742 2.88749999999737
550.769999999741 2.88449999999738
551.51999999974 2.88449999999738
552.26999999974 2.87249999999739
553.019999999739 2.87999999999738
553.769999999738 2.89049999999737
554.519999999737 2.89049999999737
555.269999999737 2.92799999999734
556.019999999736 2.92799999999734
556.769999999735 2.94149999999732
557.519999999735 2.94149999999732
558.269999999734 2.93099999999733
559.019999999733 2.93099999999733
559.769999999733 2.93399999999733
560.519999999732 2.94599999999732
561.269999999731 2.94299999999732
562.019999999731 2.94299999999732
562.76999999973 2.93999999999733
563.519999999729 2.94299999999732
564.269999999729 2.94299999999732
565.019999999728 2.93249999999733
565.769999999727 2.93249999999733
566.519999999727 2.94749999999732
567.269999999726 2.92499999999734
568.019999999725 2.92499999999734
568.769999999725 2.93099999999733
569.519999999724 2.95049999999732
570.269999999723 2.95649999999731
571.019999999722 2.93699999999733
571.769999999722 2.93699999999733
572.519999999721 2.92199999999734
573.26999999972 2.89049999999737
574.01999999972 2.84849999999741
574.769999999719 2.84849999999741
575.519999999718 2.84999999999741
576.269999999718 2.83649999999742
577.019999999717 2.83799999999742
577.769999999716 2.83799999999742
578.519999999716 2.83799999999742
579.269999999715 2.86649999999739
580.019999999714 2.86649999999739
580.769999999714 2.86649999999739
581.519999999713 2.90999999999735
582.269999999712 2.89949999999736
583.019999999712 2.89949999999736
583.769999999711 2.90549999999736
584.51999999971 2.90399999999736
585.26999999971 2.91749999999735
586.019999999709 2.91749999999735
586.769999999708 2.91149999999735
587.519999999707 2.91149999999735
588.269999999707 2.9654999999973
589.019999999706 2.94299999999732
589.769999999705 2.94299999999732
590.519999999705 2.94599999999732
591.269999999704 2.95049999999732
592.019999999703 2.95349999999731
592.769999999703 2.95349999999731
593.519999999702 2.96099999999731
594.269999999701 2.96099999999731
595.019999999701 2.98649999999728
595.7699999997 2.98649999999728
596.519999999699 2.99999999999727
597.269999999699 3.00149999999727
598.019999999698 2.98199999999729
598.769999999697 2.98199999999729
599.519999999697 3.00149999999727
600.269999999696 2.94899999999732
601.019999999695 2.94899999999732
601.769999999695 2.9639999999973
602.519999999694 2.98199999999729
603.269999999693 2.98199999999729
604.019999999692 2.9729999999973
604.769999999692 2.9699999999973
605.519999999691 2.9699999999973
606.26999999969 2.9699999999973
607.01999999969 2.95649999999731
607.769999999689 2.94749999999732
608.519999999688 2.94749999999732
609.269999999688 2.95649999999731
610.019999999687 2.95949999999731
610.769999999686 2.95949999999731
611.519999999686 2.9669999999973
612.269999999685 2.9669999999973
613.019999999684 3.03149999999724
613.769999999684 3.03149999999724
614.519999999683 3.03149999999724
615.269999999682 3.05399999999722
616.019999999682 3.04049999999723
616.769999999681 3.04949999999723
617.51999999968 3.03449999999724
618.269999999679 3.03449999999724
619.019999999679 3.03449999999724
619.769999999678 3.04799999999723
620.519999999677 3.09299999999719
621.269999999677 3.09299999999719
622.019999999676 3.15749999999713
622.769999999675 3.12449999999716
623.519999999675 3.12449999999716
624.269999999674 3.14849999999714
625.019999999673 3.15299999999713
625.769999999673 3.11999999999716
626.519999999672 3.11249999999717
627.269999999671 3.11249999999717
628.019999999671 3.11249999999717
628.76999999967 3.14099999999714
629.519999999669 3.14849999999714
630.269999999669 3.14849999999714
631.019999999668 3.14849999999714
631.769999999667 3.12449999999716
632.519999999667 3.12149999999716
633.269999999666 3.12149999999716
634.019999999665 3.12149999999716
634.769999999664 3.11249999999717
635.519999999664 3.13499999999715
636.269999999663 3.13499999999715
637.019999999662 3.14249999999714
637.769999999662 3.14999999999714
638.519999999661 3.11849999999716
639.26999999966 3.11849999999716
640.01999999966 3.0824999999972
640.769999999659 3.01049999999726
641.519999999658 2.99699999999727
642.269999999658 2.99099999999728
643.019999999657 2.99099999999728
643.769999999656 2.9669999999973
644.519999999656 2.9669999999973
645.269999999655 2.95799999999731
646.019999999654 2.95799999999731
646.769999999654 2.9714999999973
647.519999999653 2.94749999999732
648.269999999652 2.91899999999735
649.019999999652 2.91899999999735
649.769999999651 2.91749999999735
650.51999999965 2.88449999999738
651.269999999649 2.88599999999738
652.019999999649 2.88599999999738
652.769999999648 2.87999999999738
653.519999999647 2.84999999999741
654.269999999647 2.82449999999743
655.019999999646 2.82449999999743
655.769999999645 2.84399999999741
656.519999999645 2.82599999999743
657.269999999644 2.82149999999743
658.019999999643 2.82149999999743
658.769999999643 2.81699999999744
659.519999999642 2.80799999999745
660.269999999641 2.80799999999745
661.019999999641 2.80799999999745
661.76999999964 2.86949999999739
662.519999999639 2.87399999999739
663.269999999639 2.87399999999739
664.019999999638 2.91299999999735
664.769999999637 2.89499999999737
665.519999999637 2.89799999999736
666.269999999636 2.88149999999738
667.019999999635 2.88149999999738
667.769999999634 2.87099999999739
668.519999999634 2.88749999999737
669.269999999633 2.89499999999737
670.019999999632 2.87699999999738
670.769999999632 2.87699999999738
671.519999999631 2.87699999999738
672.26999999963 2.87849999999738
673.01999999963 2.86799999999739
673.769999999629 2.86799999999739
674.519999999628 2.89049999999737
675.269999999628 2.88449999999738
676.019999999627 2.88449999999738
676.769999999626 2.89349999999737
677.519999999626 2.90699999999736
678.269999999625 2.91599999999735
679.019999999624 2.91599999999735
679.769999999624 2.96099999999731
680.519999999623 2.90099999999736
681.269999999622 2.89049999999737
682.019999999622 2.89049999999737
682.769999999621 2.91299999999735
683.51999999962 2.87549999999738
684.269999999619 2.87999999999738
685.019999999619 2.88449999999738
685.769999999618 2.88449999999738
686.519999999617 2.91599999999735
687.269999999617 2.91599999999735
688.019999999616 2.97449999999729
688.769999999615 2.97899999999729
689.519999999615 2.98349999999729
690.269999999614 2.98799999999728
691.019999999613 2.98499999999729
691.769999999613 2.98499999999729
692.519999999612 2.98649999999728
693.269999999611 2.99399999999728
694.019999999611 2.9714999999973
694.76999999961 2.95799999999731
695.519999999609 2.95799999999731
696.269999999609 2.94749999999732
697.019999999608 2.94449999999732
697.769999999607 2.93999999999733
698.519999999607 2.93999999999733
699.269999999606 2.89949999999736
700.019999999605 2.89949999999736
700.769999999604 2.92049999999734
701.519999999604 2.92049999999734
702.269999999603 2.92199999999734
703.019999999602 2.93699999999733
703.769999999602 2.92799999999734
704.519999999601 2.92799999999734
705.2699999996 2.92199999999734
706.0199999996 2.92199999999734
706.769999999599 2.92949999999734
707.519999999598 2.88449999999738
708.269999999598 2.87849999999738
709.019999999597 2.86649999999739
709.769999999596 2.8619999999974
710.519999999596 2.8619999999974
711.269999999595 2.88749999999737
712.019999999594 2.88299999999738
712.769999999594 2.87249999999739
713.519999999593 2.87249999999739
714.269999999592 2.89049999999737
715.019999999592 2.89049999999737
715.769999999591 2.93399999999733
716.51999999959 2.93399999999733
717.269999999589 2.93099999999733
718.019999999589 2.92499999999734
718.769999999588 2.92649999999734
719.519999999587 2.92649999999734
720.269999999587 2.93999999999733
721.019999999586 2.93999999999733
721.769999999585 2.91149999999735
722.519999999585 2.91149999999735
723.269999999584 2.90399999999736
724.019999999583 2.90999999999735
724.769999999583 2.91149999999735
725.519999999582 2.91149999999735
726.269999999581 2.89349999999737
727.019999999581 2.90399999999736
727.76999999958 2.90399999999736
728.519999999579 2.90999999999735
729.269999999579 2.90999999999735
730.019999999578 2.92199999999734
730.769999999577 2.89649999999737
731.519999999576 2.89349999999737
732.269999999576 2.89199999999737
733.019999999575 2.89199999999737
733.769999999574 2.88749999999737
734.519999999574 2.88749999999737
735.269999999573 2.8634999999974
736.019999999572 2.87399999999739
736.769999999572 2.87399999999739
737.519999999571 2.89799999999736
738.26999999957 2.92199999999734
739.01999999957 2.93249999999733
739.769999999569 2.91299999999735
740.519999999568 2.90699999999736
741.269999999568 2.90699999999736
742.019999999567 2.93549999999733
742.769999999566 2.93549999999733
743.519999999566 2.9669999999973
744.269999999565 2.9669999999973
745.019999999564 2.9699999999973
745.769999999564 2.95049999999732
746.519999999563 2.92349999999734
747.269999999562 2.89949999999736
748.019999999561 2.89949999999736
748.769999999561 2.91299999999735
749.51999999956 2.91299999999735
750.269999999559 2.92649999999734
751.019999999559 2.92649999999734
751.769999999558 2.93249999999733
752.519999999557 2.93999999999733
753.269999999557 2.92649999999734
754.019999999556 2.92649999999734
754.769999999555 2.90999999999735
755.519999999555 2.90399999999736
756.269999999554 2.87249999999739
757.019999999553 2.87249999999739
757.769999999553 2.85299999999741
758.519999999552 2.83649999999742
759.269999999551 2.83649999999742
760.019999999551 2.84099999999742
760.76999999955 2.8589999999974
761.519999999549 2.83049999999743
762.269999999549 2.83049999999743
763.019999999548 2.81999999999744
763.769999999547 2.82149999999743
764.519999999546 2.83649999999742
765.269999999546 2.83649999999742
766.019999999545 2.8544999999974
766.769999999544 2.8619999999974
767.519999999544 2.8634999999974
768.269999999543 2.8634999999974
769.019999999542 2.8559999999974
769.769999999542 2.8559999999974
770.519999999541 2.86499999999739
771.26999999954 2.86799999999739
772.01999999954 2.86799999999739
772.769999999539 2.86949999999739
773.519999999538 2.88299999999738
774.269999999538 2.88749999999737
775.019999999537 2.88749999999737
775.769999999536 2.89049999999737
776.519999999536 2.88899999999737
777.269999999535 2.89199999999737
778.019999999534 2.89199999999737
778.769999999534 2.91449999999735
779.519999999533 2.89349999999737
780.269999999532 2.87699999999738
781.019999999531 2.88599999999738
781.769999999531 2.88599999999738
782.51999999953 2.89349999999737
783.269999999529 2.87999999999738
784.019999999529 2.86799999999739
784.769999999528 2.84999999999741
785.519999999527 2.84999999999741
786.269999999527 2.84699999999741
787.019999999526 2.84699999999741
787.769999999525 2.84699999999741
788.519999999525 2.82749999999743
789.269999999524 2.83499999999742
790.019999999523 2.83499999999742
790.769999999523 2.8559999999974
791.519999999522 2.8574999999974
792.269999999521 2.8574999999974
793.019999999521 2.8559999999974
793.76999999952 2.8559999999974
794.519999999519 2.88149999999738
795.269999999519 2.87699999999738
796.019999999518 2.87699999999738
796.769999999517 2.89499999999737
797.519999999516 2.90549999999736
798.269999999516 2.90999999999735
799.019999999515 2.91299999999735
799.769999999514 2.91299999999735
