1.32 2
4.68 2
8.04 2
11.52 2
14.88 2
18.12 2
21.48 2
24.84 2
28.32 2
31.68 2
34.92 2
38.28 2
41.64 2
45.0 2
48.48 2
51.72 2
55.08 2
58.44 2
61.8 2
65.28 2
68.52 2
72.0 2
75.36 2
78.6 2
81.96 2
85.32 2
88.68 2
92.04 2
95.52 2
98.76 2
102.24 2
105.48 2
108.84 2
112.32 2
115.56 2
118.92 2
122.4 2
125.64 2
129.0 2
132.36 2
135.84 2
139.44 2
142.44 2
145.92 2
149.28 2
152.64 2
156.0 2
159.36 2
162.6 2
166.08 2
169.32 2
172.8 2
176.16 2
179.4 2
182.76 2
186.12 2
189.6 2
192.96 2
196.2 2
199.56 2
203.04 2
206.28 2
209.64 2
213.12 2
216.36 2
219.72 2
223.08 2
226.44 2
229.8 2
233.16 2
236.52 2
239.88 2
243.24 2
246.6 2
250.08 2
253.32 2
256.68 2
260.04 2
263.4 2
266.88 2
270.12 2
273.48 2
277.08 2
280.32 2
283.56 2
287.04 2
290.28 2
293.64 2
297.0 2
300.48 2
303.72 2
307.2 2
310.44 2
313.8 2
317.28 2
320.64 2
324.0 2
327.24 2
330.6 2
334.2 2
337.32 2
340.68 2
344.04 2
347.4 2
350.88 2
354.12 2
357.48 2
360.96 2
364.2 2
367.68 2
371.04 2
374.28 2
377.64 2
381.12 2
384.36 2
387.96 2
391.2 2
394.44 2
397.8 2
401.16 2
404.64 2
407.88 2
411.24 2
414.6 2
417.96 2
421.32 2
424.68 2
428.16 2
431.52 2
434.76 2
438.24 2
441.48 2
444.84 2
448.2 2
451.56 2
454.92 2
458.28 2
461.64 2
465.12 2
468.36 2
471.72 2
475.2 2
478.56 2
481.8 2
485.16 2
488.52 2
492.0 2
495.24 2
498.6 2
503.16 2
505.8 2
509.52 2
513.96 2
517.2 2
521.76 2
526.08 2
529.32 2
532.32 2
536.28 2
539.76 2
544.08 2
547.68 2
552.96 2
555.84 2
561.36 2
565.8 2
569.52 2
573.36 2
577.92 2
581.4 2
584.88 2
589.56 2
592.68 2
596.28 2
600.36 2
604.56 2
607.2 2
611.28 2
616.8 2
621.24 2
627.24 2
632.28 2
633.96 2
638.16 2
642.72 2
646.56 2
650.76 2
654.96 2
661.08 2
665.88 2
670.92 2
674.04 2
677.52 2
681.24 2
684.84 2
689.76 2
693.36 2
698.04 2
706.44 2
711.84 2
715.32 2
719.04 2
722.28 2
726.6 2
729.96 2
734.28 2
736.92 2
740.88 2
745.56 2
749.28 2
754.08 2
757.8 2
762.48 2
766.68 2
772.56 2
777.12 2
781.8 2
787.56 2
792.0 2
795.84 2
799.68 2
802.08 2
806.88 2
813.48 2
817.2 2
821.64 2
826.44 2
830.04 2
835.92 2
838.2 2
842.76 2
847.32 2
850.68 2
855.6 2
858.84 2
862.2 2
865.92 2
869.88 2
873.36 2
878.4 2
881.76 2
885.12 2
889.2 2
894.0 2
899.64 2
902.64 2
907.92 2
912.84 2
917.04 2
921.48 2
923.76 2
928.68 2
934.68 2
938.88 2
942.6 2
946.56 2
950.88 2
954.24 2
957.36 2
962.52 2
966.0 2
971.76 2
974.88 2
979.56 2
983.52 2
986.04 2
991.68 2
996.84 2
1000.8 2
1005.12 2
1008.72 2
1012.68 2
1017.72 2
1020.84 2
1025.04 2
1030.68 2
1033.8 2
1037.64 2
1041.12 2
1046.64 2
1051.44 2
1056.96 2
1061.04 2
1065.0 2
1072.08 2
1078.44 2
1081.32 2
1084.92 3
1088.16 3
1091.28 3
1095.72 3
1099.56 3
1104.36 3
1109.28 3
1112.04 3
1116.24 3
1120.8 3
1125.36 3
1128.96 3
1134.24 3
1137.96 3
1143.0 3
1147.2 3
1154.88 3
1158.36 3
1162.56 3
1165.68 3
1170.96 3
1175.64 3
1179.84 3
1183.92 3
1189.32 3
1190.88 3
1196.88 3
1207.68 3
1211.04 3
1215.48 3
1219.44 3
1223.52 3
1229.16 3
1233.12 3
1237.08 3
1241.52 3
1244.76 3
1249.2 3
1251.36 3
1255.56 3
1259.28 3
1263.0 3
1266.72 3
1270.08 3
1273.92 3
1277.28 3
1281.0 3
1284.96 3
1289.16 3
1292.88 3
1297.56 3
1300.2 3
1304.16 3
1307.16 3
1311.84 3
1316.52 3
1320.24 3
1323.72 3
1328.88 3
1331.28 3
1336.08 3
1339.68 3
1343.16 3
1348.32 3
1352.04 3
1355.04 3
1358.76 3
1362.36 3
1367.4 3
1370.64 3
1374.84 3
1379.16 3
1383.96 2
1389.24 2
1394.28 2
1398.6 2
1401.72 1
1406.04 1
1409.4 2
1414.44 2
1417.68 2
1423.2 2
1428.12 2
1431.12 2
1435.2 2
1440.36 2
1445.04 2
1449.48 2
1453.8 2
1458.0 2
1462.08 2
1465.56 2
1469.76 2
1473.72 2
1477.56 2
1482.6 2
1485.6 2
1489.8 2
1493.28 2
1496.52 2
1500.0 2
1504.32 2
1509.12 2
1512.48 2
1516.44 2
1519.68 2
1523.28 2
1527.12 2
1531.92 2
1535.16 2
1540.08 2
1543.56 2
1546.92 2
1553.64 2
1558.44 2
1562.16 2
1565.04 2
1569.12 2
1571.88 2
1576.68 2
1581.36 2
1584.24 2
1588.56 2
1591.68 2
1595.64 2
1600.8 2
1604.28 2
1609.32 2
1612.56 2
1617.96 2
1622.16 2
1627.08 2
1630.68 2
1633.8 2
1638.96 2
1642.44 2
1646.16 2
1650.36 2
1656.72 2
1660.92 2
1664.88 2
1669.8 2
1673.64 2
1676.64 2
1681.2 2
1685.04 2
1690.32 2
1692.36 2
1697.88 2
1702.68 2
1705.68 2
1709.16 2
1712.64 2
1716.0 2
1720.8 2
1724.52 2
1731.6 2
1732.68 2
1736.04 2
1739.64 2
1743.84 2
1747.68 2
1751.4 2
1756.44 2
1759.8 2
1763.16 2
1766.88 2
1770.72 2
1774.2 2
1778.64 2
1782.36 2
1788.0 2
1793.88 2
1801.08 2
1804.2 2
1808.88 2
1812.6 2
1818.0 2
1821.96 2
1826.76 2
1831.56 2
1835.88 2
1842.48 2
1846.32 2
1851.36 2
1854.72 2
1858.2 2
1861.8 2
1865.04 2
1868.64 2
1875.96 2
1880.52 2
1884.36 2
1889.64 2
1894.2 2
1898.64 2
1904.16 2
1909.08 2
1914.36 2
1920.96 2
1925.04 2
1930.44 2
1935.24 2
1940.04 2
1943.4 2
1948.2 2
1951.2 2
1956.48 2
1958.88 2
1963.56 2
1966.68 2
1969.56 2
1973.4 2
1977.6 2
1981.56 2
1987.08 2
1991.16 2
1994.52 2
1998.0 2
2001.6 2
2006.04 2
2008.92 2
2014.44 2
2017.32 2
2022.36 2
2025.72 2
2029.92 2
2031.96 2
2035.32 2
2038.44 2
2043.84 2
2049.24 2
2052.12 2
2055.36 2
2060.16 2
2065.68 2
2070.48 2
2073.84 2
2078.76 2
2083.08 2
2086.68 2
2091.0 2
2095.44 2
2099.04 2
2102.16 2
2107.8 2
2111.88 2
2115.12 2
2119.32 2
2122.44 2
2125.56 2
2128.8 2
2134.2 2
2138.04 2
2143.32 2
2148.72 2
2152.8 2
2157.96 2
2163.36 2
2166.6 2
2171.04 2
2174.16 2
2178.6 2
2183.76 2
2189.64 2
2193.12 2
2196.48 2
2201.64 2
2204.64 2
2208.24 2
2212.8 2
2217.12 2
2221.08 2
2224.92 2
2228.4 2
2232.24 2
2237.04 2
2240.4 2
2244.6 2
2249.04 2
2252.88 2
2256.96 2
2261.04 2
2265.72 2
2269.56 2
2273.76 2
2276.16 2
2279.52 2
2283.72 2
2287.92 2
2291.52 2
2295.84 2
2300.76 2
2306.64 2
2308.92 2
2313.48 2
2316.96 2
2320.92 2
2324.52 2
2328.72 2
2332.92 2
2336.4 2
2339.76 2
2342.52 2
2347.32 2
2350.92 2
2356.2 2
2361.96 2
2364.48 2
2369.04 2
2374.08 2
2378.04 2
2381.04 2
2384.52 2
2388.0 2
2391.36 2
2396.52 2
2401.08 2
2405.76 2
2409.84 2
2413.56 2
2416.32 2
2420.52 2
2425.2 2
2428.08 2
2432.28 2
2436.12 2
2439.84 2
2444.88 2
2447.4 2
2451.6 2
2455.8 2
2460.36 2
2464.2 2
2468.88 2
2472.0 2
2476.08 2
2482.8 2
2486.52 2
2491.32 2
2495.52 2
2497.92 2
2503.44 2
2506.92 2
2511.36 2
2514.36 2
2517.12 2
2520.6 2
2524.92 2
2528.76 2
2534.28 2
2538.48 2
2542.32 2
2545.68 2
2550.48 2
2555.4 2
2559.36 2
2564.88 2
2569.92 2
2573.52 2
2578.44 2
2583.12 2
2586.36 2
2589.72 2
2593.56 2
2598.0 2
2602.68 2
2606.16 2
2611.32 2
2615.88 2
2619.48 2
2625.12 2
2627.88 2
2630.64 2
2634.12 2
2638.92 2
2644.08 2
2646.48 2
2650.92 2
2655.12 2
2660.28 2
2664.6 2
2669.16 2
2672.52 2
2675.88 2
2683.44 2
2689.08 2
2693.88 2
2697.24 2
2703.36 2
2707.08 2
2710.56 2
2717.4 2
2720.52 2
2724.36 2
2729.28 2
2732.64 3
2737.8 3
2741.88 3
2745.6 3
2749.56 3
2753.16 3
2757.48 3
2760.72 3
2764.32 3
2769.12 3
2773.68 3
2777.64 3
2781.84 3
2788.08 3
2790.36 3
2795.4 3
2799.84 3
2803.2 3
2807.16 3
2813.16 3
2816.88 3
2819.52 3
2823.84 3
2826.48 3
2833.2 3
2835.96 3
2841.96 2
2845.32 2
2849.04 2
2852.76 2
2856.84 2
2862.0 2
2865.96 2
2868.6 2
2872.44 2
2877.96 2
2881.08 2
2884.68 2
2887.92 2
2893.56 2
2897.88 2
2900.16 2
2905.44 2
2910.36 2
2915.04 2
2917.92 2
2921.52 2
2925.72 2
2929.08 2
2935.8 2
2938.92 2
2943.24 2
2947.08 2
2952.48 2
2957.4 2
2961.12 2
2965.2 2
2970.12 2
2973.6 2
2978.4 2
2981.4 2
2985.12 2
2989.56 2
2993.88 2
2996.88 2
3002.16 2
3005.52 2
3009.36 2
3012.96 2
3017.4 2
3023.52 2
3027.96 2
3030.96 2
3034.68 2
3040.68 2
3045.6 2
3048.6 2
3054.0 2
3058.32 2
3062.88 2
3066.24 2
3071.28 2
3075.84 2
3080.4 2
3084.36 2
3088.08 2
3091.08 2
3094.92 2
3099.48 2
