1.32 1.42
9.72 1.45
18.12 1.49
26.52 1.5
34.92 1.49
43.32 1.47
51.72 1.48
60.12 1.49
68.52 1.5
76.92 1.56
85.32 1.52
93.84 1.5
102.24 1.52
110.52 1.55
118.92 1.51
127.32 1.51
135.84 1.56
144.12 1.56
152.64 1.57
161.04 1.52
169.32 1.51
177.72 1.52
186.12 1.5
194.52 1.5
203.04 1.49
211.44 1.49
219.72 1.52
228.12 1.58
236.52 1.52
244.92 1.48
253.32 1.48
261.84 1.49
270.12 1.49
278.52 1.49
287.04 1.51
295.32 1.51
303.72 1.47
312.24 1.5
320.64 1.55
328.92 1.53
337.32 1.52
345.72 1.51
354.12 1.53
362.64 1.51
371.04 1.53
379.32 1.53
387.96 1.58
396.24 1.61
404.64 1.56
413.04 1.52
421.32 1.52
429.72 1.53
438.24 1.57
446.52 1.57
454.92 1.51
463.44 1.49
471.72 1.51
480.12 1.51
488.52 1.51
496.92 1.53
505.8 2.01
515.4 2.41
526.08 2.92
534.36 2.66
544.08 2.7
554.64 3.0
565.8 3.2
575.88 3.04
584.88 3.14
594.48 2.96
604.56 2.84
613.68 2.86
627.24 3.21
635.52 3.41
646.56 3.05
659.52 2.83
670.92 3.56
679.56 3.61
689.76 3.23
703.32 3.68
715.32 4.1
723.84 3.77
734.28 3.0
742.32 2.98
754.08 3.03
765.48 3.12
777.12 3.51
789.48 3.78
799.68 3.54
810.36 3.3
821.64 3.37
832.92 3.73
842.76 3.54
852.36 3.17
862.2 2.85
870.72 2.81
881.76 2.79
891.48 2.67
902.64 2.82
914.52 3.03
923.76 2.96
937.92 3.44
946.56 3.44
955.92 3.42
966.0 2.81
977.04 2.92
986.04 3.09
999.48 3.28
1008.72 3.44
1018.92 3.52
1030.68 3.15
1038.84 3.29
1051.44 3.58
1062.72 3.54
1078.44 3.89
1086.0 3.91
1095.72 3.63
1106.4 3.19
1116.24 3.28
1126.92 3.54
1137.96 3.17
1150.56 3.04
1162.56 3.38
1173.24 3.61
1183.92 3.25
1194.36 3.3
1211.04 4.01
1221.24 3.8
1233.12 3.7
1242.48 3.0
1251.36 2.92
1260.48 2.79
1270.08 2.42
1279.44 2.53
1289.16 2.84
1299.12 3.26
1307.16 3.02
1317.6 2.86
1328.88 2.81
1337.76 2.78
1348.32 2.84
1357.2 3.0
1367.4 3.27
1376.4 3.38
1389.24 3.46
1400.64 3.19
1409.4 3.13
1419.72 2.82
1431.12 3.17
1442.16 3.05
1453.8 3.35
1463.16 3.2
1473.72 2.97
1484.16 3.12
1493.28 3.1
1503.12 2.75
1512.48 2.73
1521.12 2.97
1531.92 3.29
1541.04 3.27
1553.64 3.05
1563.12 3.07
1571.88 2.96
1582.8 2.96
1591.68 2.98
1602.96 3.36
1612.56 3.57
1623.36 3.54
1633.8 3.1
1644.36 3.41
1656.72 3.38
1668.24 3.6
1676.64 3.21
1687.44 2.76
1697.88 2.77
1707.72 3.3
1716.0 3.1
1727.76 3.05
1736.04 3.23
1745.52 3.28
1756.44 3.04
1766.04 3.18
1774.2 2.95
1785.6 2.99
1801.08 3.35
1811.16 3.56
1821.96 3.6
1833.36 3.27
1846.32 3.35
1856.16 3.17
1865.04 3.37
1877.76 3.34
1889.64 3.39
1900.32 3.34
1914.36 3.42
1927.32 3.59
1940.04 3.83
1949.16 3.25
1958.88 2.95
1967.88 3.0
1977.6 2.83
1989.24 2.86
1998.0 3.05
2007.72 3.08
2017.32 3.06
2027.16 3.04
2035.32 3.1
2046.0 3.02
2055.36 2.67
2068.44 3.19
2078.76 3.17
2088.24 3.16
2099.04 2.82
2109.6 2.95
2119.32 3.5
2127.12 3.57
2138.04 3.26
2150.28 2.94
2163.36 3.51
2173.32 3.45
2183.76 3.33
2194.8 3.4
2204.64 2.97
2214.72 3.09
2224.92 3.16
2236.2 3.14
2244.6 2.97
2255.16 3.2
2265.72 2.92
2275.2 2.83
2283.72 2.64
2293.44 2.92
2306.64 3.45
2314.92 3.14
2324.52 3.0
2334.48 2.72
2342.52 2.79
2353.32 2.56
2364.48 2.76
2376.0 3.26
2384.52 3.25
2393.76 3.35
2405.76 3.31
2414.88 3.2
2425.2 3.13
2433.48 2.56
2444.88 2.96
2454.24 2.93
2464.2 3.02
2474.52 2.99
2486.52 2.83
2496.72 2.97
2506.92 3.16
2515.56 3.52
2524.92 2.97
2537.64 3.03
2545.68 3.12
2557.92 3.42
2569.92 3.37
2581.08 3.49
2589.72 3.28
2601.0 3.1
2611.32 3.07
2621.52 3.24
2630.64 3.9
2641.8 3.82
2650.92 3.25
2663.04 3.41
2672.52 3.52
2687.88 3.7
2697.24 3.09
2709.36 3.39
2720.52 3.38
2731.08 3.58
2741.88 3.31
2751.72 3.09
2760.72 2.99
2772.0 2.71
2781.84 2.56
2793.0 2.94
2803.2 2.95
2815.8 3.33
2823.84 3.65
2833.92 4.11
2845.32 3.56
2854.8 3.23
2865.96 3.03
2875.44 2.99
2884.68 3.02
2895.48 3.13
2905.44 3.07
2916.6 3.23
2925.72 3.07
2938.2 2.93
2947.08 2.99
2959.68 3.23
2970.12 3.2
2979.36 3.28
2989.56 3.15
2999.52 3.03
3009.36 2.96
3019.68 2.77
3030.96 2.71
3042.96 3.13
3054.0 3.07
3064.92 3.1
3075.84 3.19
3087.0 3.15
3094.92 2.96
