115.08 5755.47
115.2 5761.47
115.32 5767.46
115.44 5773.46
115.56 5779.45
115.68 5785.44
115.8 5791.44
115.92 5797.43
116.04 5803.43
116.16 5809.42
116.28 5815.41
116.4 5821.41
116.52 5827.4
116.64 5833.39
116.76 5839.39
116.88 5845.38
117.0 5851.38
117.12 5857.37
117.24 5863.36
117.36 5869.36
117.48 5875.35
117.6 5881.35
117.72 5887.34
117.84 5893.33
117.96 5899.33
118.08 5905.32
118.2 5911.32
118.32 5917.31
118.44 5923.3
118.56 5929.3
118.68 5935.29
118.8 5941.28
118.92 5947.28
119.04 5953.27
119.16 5959.27
119.28 5965.26
119.4 5971.25
119.52 5977.25
119.64 5983.24
119.76 5989.24
119.88 5995.23
120.0 6001.22
120.12 6007.22
120.24 6013.21
120.36 6019.2
120.48 6025.2
120.6 6031.19
120.72 6037.19
120.84 6043.18
120.96 6049.17
121.08 6055.17
121.2 6061.16
121.32 6067.16
121.44 6073.15
121.56 6079.14
121.68 6085.14
121.8 6091.13
121.92 6097.12
122.04 6103.12
122.16 6109.11
122.28 6115.11
122.4 6121.1
122.52 6127.09
122.64 6133.09
122.76 6139.08
122.88 6145.07
123.0 6151.07
123.12 6157.06
123.24 6163.06
123.36 6169.05
123.48 6175.04
123.6 6181.04
123.72 6187.03
123.84 6193.02
123.96 6199.02
124.08 6205.01
124.2 6211.01
124.32 6217.0
124.44 6222.99
124.56 6228.99
124.68 6234.98
124.8 6240.97
124.92 6246.97
125.04 6252.96
125.16 6258.96
125.28 6264.95
125.4 6270.94
125.52 6276.94
125.64 6282.93
125.76 6288.92
125.88 6294.92
126.0 6300.91
126.12 6306.91
126.24 6312.9
126.36 6318.89
126.48 6324.89
126.6 6330.88
126.72 6336.87
126.84 6342.87
126.96 6348.86
127.08 6354.86
127.2 6360.85
127.32 6366.84
127.44 6372.84
127.56 6378.83
127.68 6384.82
127.8 6390.82
127.92 6396.81
128.04 6402.8
128.16 6408.8
128.28 6414.79
128.4 6420.79
128.52 6426.78
128.64 6432.77
128.76 6438.77
128.88 6444.76
129.0 6450.75
129.12 6456.75
129.24 6462.74
129.36 6468.73
129.48 6474.73
129.6 6480.72
129.72 6486.72
129.84 6492.71
129.96 6498.7
