1190.04 -243.35
1190.16 -237.21
1190.28 -231.06
1190.4 -224.92
1190.52 -260.72
1190.64 -254.57
1190.76 -248.43
1190.88 -284.22
1191.0 -278.07
1191.12 -271.92
1191.24 -265.78
1191.36 -259.63
1191.48 -253.48
1191.6 -247.33
1191.72 -241.18
1191.84 -235.03
1191.96 -228.88
1192.08 -264.68
1192.2 -258.53
1192.32 -252.38
1192.44 -246.23
1192.56 -240.08
1192.68 -233.93
1192.8 -227.78
1192.92 -221.63
1193.04 -215.48
1193.16 -209.33
1193.28 -203.17
1193.4 -197.02
1193.52 -190.87
1193.64 -184.72
1193.76 -178.56
1193.88 -172.41
1194.0 -166.26
1194.12 -160.1
1194.24 -153.95
1194.36 -273.63
1194.48 -267.47
1194.6 -261.32
1194.72 -255.16
1194.84 -249.01
1194.96 -242.85
1195.08 -236.7
1195.2 -230.54
1195.32 -224.39
1195.44 -260.17
1195.56 -254.01
1195.68 -247.86
1195.8 -241.7
1195.92 -235.55
1196.04 -229.39
1196.16 -223.23
1196.28 -217.07
1196.4 -210.92
1196.52 -204.76
1196.64 -198.6
1196.76 -192.44
1196.88 -228.24
1197.0 -222.08
1197.12 -215.92
1197.24 -209.76
1197.36 -203.6
1197.48 -239.38
1197.6 -233.23
1197.72 -227.07
1197.84 -220.91
1197.96 -214.75
1198.08 -208.59
1198.2 -202.43
1198.32 -196.27
1198.44 -190.11
1198.56 -183.95
1198.68 -261.68
1198.8 -255.52
1198.92 -249.36
1199.04 -243.2
1199.16 -278.97
1199.28 -272.81
1199.4 -266.65
1199.52 -260.49
1199.64 -254.33
1199.76 -248.17
1199.88 -242.01
1200.0 -235.84
1200.12 -229.68
1200.24 -223.52
1200.36 -217.36
1200.48 -211.2
1200.6 -205.03
1200.72 -198.87
1200.84 -192.71
1200.96 -186.55
1201.08 -180.38
1201.2 -174.22
1201.32 -168.06
1201.44 -161.89
1201.56 -155.73
1201.68 -149.57
1201.8 -143.4
1201.92 -137.24
1202.04 -131.07
1202.16 -124.91
1202.28 -118.75
1202.4 -112.58
1202.52 -106.42
1202.64 -100.25
1202.76 -94.09
1202.88 -87.92
1203.0 -81.76
1203.12 -75.6
1203.24 -69.43
1203.36 -63.27
1203.48 -57.1
1203.6 -50.94
1203.72 -44.77
1203.84 -38.6
1203.96 -32.44
1204.08 -26.27
1204.2 -20.11
1204.32 -13.94
1204.44 -7.78
1204.56 -1.61
1204.68 4.56
1204.8 10.65
1204.92 16.67
1205.04 22.62
1205.16 28.5
1205.28 34.3
1205.4 40.03
1205.52 45.68
1205.64 51.27
1205.76 56.78
1205.88 62.21
1206.0 67.57
1206.12 72.86
1206.24 78.07
1206.36 83.21
1206.48 88.27
1206.6 93.26
1206.72 98.18
1206.84 103.02
1206.96 107.78
1207.08 112.47
1207.2 117.09
1207.32 121.63
1207.44 126.09
1207.56 130.48
1207.68 -242.71
1207.8 -238.39
1207.92 -234.08
1208.04 -229.77
1208.16 -225.46
1208.28 -221.15
1208.4 -216.83
1208.52 -212.52
1208.64 -208.21
1208.76 -203.9
1208.88 -199.59
1209.0 -195.28
1209.12 -190.97
1209.24 -186.66
1209.36 -182.35
1209.48 -178.05
1209.6 -257.63
1209.72 -253.32
1209.84 -249.01
1209.96 -244.7
1210.08 -240.39
1210.2 -278.04
1210.32 -315.67
1210.44 -311.36
1210.56 -307.06
1210.68 -302.75
1210.8 -298.44
1210.92 -294.13
1211.04 -331.77
1211.16 -327.46
1211.28 -323.15
1211.4 -318.85
1211.52 -314.54
1211.64 -310.23
1211.76 -305.93
1211.88 -301.62
1212.0 -297.32
1212.12 -334.96
1212.24 -330.65
1212.36 -326.35
1212.48 -322.04
1212.6 -317.73
1212.72 -313.43
1212.84 -309.12
1212.96 -304.81
1213.08 -300.51
1213.2 -296.2
1213.32 -333.83
1213.44 -329.53
1213.56 -325.22
1213.68 -320.91
1213.8 -316.61
1213.92 -312.3
1214.04 -307.99
1214.16 -303.68
1214.28 -299.24
1214.4 -293.53
1214.52 -287.82
1214.64 -282.12
1214.76 -276.42
1214.88 -270.72
1215.0 -265.03
1215.12 -301.3
1215.24 -295.61
1215.36 -289.94
1215.48 -368.15
1215.6 -362.49
1215.72 -356.82
1215.84 -351.16
1215.96 -345.51
1216.08 -339.86
1216.2 -334.21
1216.32 -370.51
1216.44 -364.87
1216.56 -359.24
1216.68 -353.61
1216.8 -347.98
1216.92 -342.36
1217.04 -336.75
1217.16 -331.13
1217.28 -367.47
1217.4 -361.86
1217.52 -356.26
1217.64 -350.67
1217.76 -345.08
1217.88 -339.49
1218.0 -333.91
1218.12 -328.33
1218.24 -322.76
1218.36 -317.19
1218.48 -311.62
1218.6 -389.95
1218.72 -384.39
1218.84 -378.84
1218.96 -373.29
1219.08 -367.74
1219.2 -362.2
1219.32 -356.66
1219.44 -393.08
1219.56 -387.55
1219.68 -382.03
1219.8 -376.5
1219.92 -370.99
