115.08 5734.87
115.2 5740.86
115.32 5746.85
115.44 5752.84
115.56 5758.85
115.68 5764.84
115.8 5770.83
115.92 5776.82
116.04 5782.81
116.16 5788.8
116.28 5794.8
116.4 5800.79
116.52 5806.79
116.64 5812.78
116.76 5818.78
116.88 5824.77
117.0 5830.76
117.12 5836.75
117.24 5842.75
117.36 5848.75
117.48 5854.74
117.6 5860.73
117.72 5866.72
117.84 5872.71
117.96 5878.7
118.08 5884.71
118.2 5890.7
118.32 5896.69
118.44 5902.68
118.56 5908.68
118.68 5914.67
118.8 5920.66
118.92 5926.66
119.04 5932.65
119.16 5938.65
119.28 5944.64
119.4 5950.63
119.52 5956.62
119.64 5962.61
119.76 5968.6
119.88 5974.62
120.0 5980.61
120.12 5986.6
120.24 5992.59
120.36 5998.59
120.48 6004.58
120.6 6010.58
120.72 6016.57
120.84 6022.56
120.96 6028.56
121.08 6034.55
121.2 6040.54
121.32 6046.53
121.44 6052.52
121.56 6058.53
121.68 6064.52
121.8 6070.51
121.92 6076.5
122.04 6082.49
122.16 6088.49
122.28 6094.48
122.4 6100.48
122.52 6106.47
122.64 6112.46
122.76 6118.46
122.88 6124.45
123.0 6130.44
123.12 6136.44
123.24 6142.43
123.36 6148.43
123.48 6154.42
123.6 6160.41
123.72 6166.4
123.84 6172.39
123.96 6178.4
124.08 6184.39
124.2 6190.38
124.32 6196.37
124.44 6202.36
124.56 6208.36
124.68 6214.35
124.8 6220.34
124.92 6226.35
125.04 6232.34
125.16 6238.34
125.28 6244.33
125.4 6250.32
125.52 6256.31
125.64 6262.31
125.76 6268.3
125.88 6274.29
126.0 6280.28
126.12 6286.27
126.24 6292.26
126.36 6298.26
126.48 6304.27
126.6 6310.26
126.72 6316.25
126.84 6322.25
126.96 6328.24
127.08 6334.23
127.2 6340.22
127.32 6346.22
127.44 6352.22
127.56 6358.21
127.68 6364.2
127.8 6370.19
127.92 6376.18
128.04 6382.18
128.16 6388.17
128.28 6394.16
128.4 6400.15
128.52 6406.15
128.64 6412.15
128.76 6418.14
128.88 6424.13
129.0 6430.13
129.12 6436.12
129.24 6442.12
129.36 6448.11
129.48 6454.1
129.6 6460.09
129.72 6466.08
129.84 6472.09
129.96 6478.08
