0.0 6000.0
1.2 5999.99
2.4 5999.94
3.6 5999.83
4.8 5999.61
6.0 5999.27
7.2 5998.8
8.4 5998.16
9.6 5997.34
10.8 5996.33
12.0 5995.09
13.2 5993.62
14.4 5991.89
15.6 5989.9
16.8 5987.61
18.0 5985.02
19.2 5982.11
20.4 5978.86
21.6 5975.24
22.8 5971.22
24.0 5966.77
25.2 5961.89
26.4 5956.53
27.6 5950.69
28.8 5944.35
30.0 5937.49
31.2 5930.1
32.4 5922.16
33.6 5913.67
34.8 5904.62
36.0 5895.0
37.2 5884.8
38.4 5874.02
39.6 5862.65
40.8 5850.69
42.0 5838.14
43.2 5824.99
44.4 5811.26
45.6 5796.92
46.8 5782.0
48.0 5766.48
49.2 5750.38
50.4 5733.69
51.6 5716.43
52.8 5698.58
54.0 5680.17
55.2 5661.19
56.4 5641.65
57.6 5621.56
58.8 5600.92
60.0 5579.74
61.2 5558.03
62.4 5535.8
63.6 5513.05
64.8 5489.79
66.0 5466.03
67.2 5441.78
68.4 5417.05
69.6 5391.85
70.8 5366.18
72.0 5340.06
73.2 5313.5
74.4 5286.5
75.6 5259.08
76.8 5231.25
78.0 5203.01
79.2 5174.38
80.4 5145.37
81.6 5115.98
82.8 5086.23
84.0 5056.13
85.2 5025.69
86.4 4994.92
87.6 4963.83
88.8 4932.43
90.0 4900.73
91.2 4868.75
92.4 4836.48
93.6 4803.96
94.8 4771.17
96.0 4738.14
97.2 4704.87
98.4 4671.38
99.6 4637.68
100.8 4603.77
102.0 4569.66
103.2 4535.37
104.4 4500.91
105.6 4466.29
106.8 4431.51
108.0 4396.58
109.2 4361.52
110.4 4326.34
111.6 4291.04
112.8 4255.63
114.0 4220.13
115.2 4184.54
116.4 4148.87
117.6 4113.13
118.8 4077.34
120.0 4041.51
121.2 4005.66
122.4 3969.82
123.6 3934.04
124.8 3898.36
126.0 3862.81
127.2 3827.41
128.4 3792.21
129.6 3757.22
130.8 3722.49
132.0 3688.05
133.2 3653.92
134.4 3620.14
135.6 3586.75
136.8 3553.76
138.0 3521.22
139.2 3489.16
140.4 3457.6
141.6 3426.59
142.8 3396.14
144.0 3366.3
145.2 3337.09
146.4 3308.55
147.6 3280.74
148.8 3253.67
150.0 3227.31
151.2 3201.62
152.4 3176.57
153.6 3152.13
154.8 3128.27
156.0 3104.98
157.2 3082.23
158.4 3060.01
159.6 3038.31
160.8 3017.1
162.0 2996.38
163.2 2976.12
164.4 2956.3
165.6 2936.93
166.8 2917.95
168.0 2899.36
169.2 2881.12
170.4 2863.19
171.6 2845.57
172.8 2828.21
174.0 2811.11
175.2 2794.24
176.4 2777.58
177.6 2761.12
178.8 2744.83
180.0 2728.71
181.2 2712.73
182.4 2696.89
183.6 2681.18
184.8 2665.58
186.0 2650.09
187.2 2634.69
188.4 2619.37
189.6 2604.13
190.8 2588.97
192.0 2573.87
193.2 2558.83
194.4 2543.84
195.6 2528.9
196.8 2514.0
198.0 2499.15
199.2 2484.33
200.4 2469.55
201.6 2454.79
202.8 2440.07
204.0 2425.37
205.2 2410.7
206.4 2396.05
207.6 2381.43
208.8 2366.82
210.0 2352.24
211.2 2337.68
212.4 2323.14
213.6 2308.62
214.8 2294.12
216.0 2279.65
217.2 2265.21
218.4 2250.8
219.6 2236.42
220.8 2222.08
222.0 2207.77
223.2 2193.5
224.4 2179.27
225.6 2165.08
226.8 2150.95
228.0 2136.87
229.2 2122.88
230.4 2109.04
231.6 2095.39
232.8 2081.97
234.0 2068.83
235.2 2056.01
236.4 2043.51
237.6 2031.34
238.8 2019.47
240.0 2007.89
241.2 1996.58
242.4 1985.53
243.6 1974.73
244.8 1964.16
246.0 1953.81
247.2 1943.68
248.4 1933.74
249.6 1924.0
250.8 1914.43
252.0 1905.03
253.2 1895.8
254.4 1886.71
255.6 1877.78
256.8 1868.98
258.0 1860.31
259.2 1851.77
260.4 1843.34
261.6 1835.03
262.8 1826.82
264.0 1818.72
265.2 1810.71
266.4 1802.79
267.6 1794.96
268.8 1787.21
270.0 1779.55
271.2 1771.96
272.4 1764.44
273.6 1756.99
274.8 1749.61
276.0 1742.3
277.2 1735.05
278.4 1727.85
279.6 1720.72
280.8 1713.64
282.0 1706.62
283.2 1699.65
284.4 1692.73
285.6 1685.86
286.8 1679.05
288.0 1672.28
289.2 1665.56
290.4 1658.88
291.6 1652.25
292.8 1645.67
294.0 1639.14
295.2 1632.65
296.4 1626.2
297.6 1619.8
298.8 1613.45
300.0 1607.13
301.2 1600.87
302.4 1594.65
303.6 1588.47
304.8 1582.34
306.0 1576.27
307.2 1570.3
308.4 1564.46
309.6 1558.76
310.8 1553.2
312.0 1547.78
313.2 1542.47
314.4 1537.29
315.6 1532.23
316.8 1527.27
318.0 1522.42
319.2 1517.67
320.4 1513.01
321.6 1508.45
322.8 1503.97
324.0 1499.58
325.2 1495.27
326.4 1491.04
327.6 1486.88
328.8 1482.79
330.0 1478.77
331.2 1474.82
332.4 1470.93
333.6 1467.1
334.8 1463.33
336.0 1459.61
337.2 1455.95
338.4 1452.34
339.6 1448.78
340.8 1445.28
342.0 1441.81
343.2 1438.4
344.4 1435.03
345.6 1431.7
346.8 1428.41
348.0 1425.17
349.2 1421.96
350.4 1418.79
351.6 1415.67
352.8 1412.57
354.0 1409.52
355.2 1406.5
356.4 1403.51
357.6 1400.56
358.8 1397.64
360.0 1394.75
361.2 1391.9
362.4 1389.08
363.6 1386.29
364.8 1383.53
366.0 1380.8
367.2 1378.1
368.4 1375.44
369.6 1372.8
370.8 1370.19
372.0 1367.61
373.2 1365.06
374.4 1362.54
375.6 1360.05
376.8 1357.58
378.0 1355.15
379.2 1352.74
380.4 1350.36
381.6 1348.01
382.8 1345.68
384.0 1343.39
385.2 1341.12
386.4 1338.88
387.6 1336.67
388.8 1334.48
390.0 1332.33
391.2 1330.2
392.4 1328.09
393.6 1326.02
394.8 1323.97
396.0 1321.95
397.2 1319.96
398.4 1317.99
399.6 1316.06
400.8 1314.14
402.0 1312.26
403.2 1310.4
404.4 1308.57
405.6 1306.77
406.8 1305.0
408.0 1303.25
409.2 1301.53
410.4 1299.83
411.6 1298.17
412.8 1296.53
414.0 1294.91
415.2 1293.33
416.4 1291.77
417.6 1290.23
418.8 1288.73
420.0 1287.24
421.2 1285.79
422.4 1284.36
423.6 1282.96
424.8 1281.58
426.0 1280.22
427.2 1278.9
428.4 1277.59
429.6 1276.32
430.8 1275.06
432.0 1273.84
433.2 1272.63
434.4 1271.45
435.6 1270.3
436.8 1269.16
438.0 1268.06
439.2 1266.97
440.4 1265.91
441.6 1264.87
442.8 1263.85
444.0 1262.86
445.2 1261.88
446.4 1260.93
447.6 1260.01
448.8 1259.1
450.0 1258.21
451.2 1257.35
452.4 1256.51
453.6 1255.69
454.8 1254.88
456.0 1254.1
457.2 1253.34
458.4 1252.6
459.6 1251.89
460.8 1251.19
462.0 1250.51
463.2 1249.85
464.4 1249.21
465.6 1248.59
466.8 1247.99
468.0 1247.4
469.2 1246.84
470.4 1246.3
471.6 1245.77
472.8 1245.26
474.0 1244.77
475.2 1244.3
476.4 1243.85
477.6 1243.41
478.8 1243.0
480.0 1242.59
481.2 1242.21
482.4 1241.84
483.6 1241.49
484.8 1241.15
486.0 1240.83
487.2 1240.52
488.4 1240.23
489.6 1239.95
490.8 1239.69
492.0 1239.44
493.2 1239.21
494.4 1238.98
495.6 1238.77
496.8 1238.58
498.0 1238.39
499.2 1238.22
500.4 1238.06
501.6 1237.91
502.8 1237.77
504.0 1237.64
505.2 1237.53
506.4 1237.42
507.6 1237.33
508.8 1237.24
510.0 1237.16
511.2 1237.1
512.4 1237.04
513.6 1236.99
514.8 1236.95
516.0 1236.92
517.2 1236.9
518.4 1236.88
519.6 1236.87
520.8 1236.87
522.0 1236.88
523.2 1236.89
524.4 1236.92
525.6 1236.94
526.8 1236.98
528.0 1237.02
529.2 1237.07
530.4 1237.12
531.6 1237.18
532.8 1237.24
534.0 1237.31
535.2 1237.38
536.4 1237.46
537.6 1237.54
538.8 1237.62
540.0 1237.71
541.2 1237.81
542.4 1237.91
543.6 1238.01
544.8 1238.11
546.0 1238.22
547.2 1238.33
548.4 1238.44
549.6 1238.56
550.8 1238.68
552.0 1238.8
553.2 1238.92
554.4 1239.05
555.6 1239.17
556.8 1239.3
558.0 1239.43
559.2 1239.57
560.4 1239.7
561.6 1239.83
562.8 1239.97
564.0 1240.11
565.2 1240.24
566.4 1240.38
567.6 1240.52
568.8 1240.66
570.0 1240.8
571.2 1240.94
572.4 1241.08
573.6 1241.22
574.8 1241.36
576.0 1241.5
577.2 1241.64
578.4 1241.78
579.6 1241.92
580.8 1242.05
582.0 1242.19
583.2 1242.33
584.4 1242.46
585.6 1242.6
586.8 1242.73
588.0 1242.87
589.2 1243.0
590.4 1243.13
591.6 1243.26
592.8 1243.38
594.0 1243.51
595.2 1243.63
596.4 1243.75
597.6 1243.87
598.8 1243.99
600.0 1244.11
601.2 1244.22
602.4 1244.33
603.6 1244.44
604.8 1244.55
606.0 1244.65
607.2 1244.76
608.4 1244.86
609.6 1244.96
610.8 1245.05
612.0 1245.15
613.2 1245.24
614.4 1245.33
615.6 1245.41
616.8 1245.5
618.0 1245.58
619.2 1245.66
620.4 1245.74
621.6 1245.81
622.8 1245.89
624.0 1245.96
625.2 1246.03
626.4 1246.09
627.6 1246.16
628.8 1246.22
630.0 1246.28
631.2 1246.34
632.4 1246.4
633.6 1246.45
634.8 1246.5
636.0 1246.55
637.2 1246.6
638.4 1246.65
639.6 1246.7
640.8 1246.74
642.0 1246.78
643.2 1246.82
644.4 1246.86
645.6 1246.9
646.8 1246.93
648.0 1246.97
649.2 1247.0
650.4 1247.03
651.6 1247.06
652.8 1247.08
654.0 1247.11
655.2 1247.13
656.4 1247.16
657.6 1247.18
658.8 1247.2
660.0 1247.21
661.2 1247.23
662.4 1247.25
663.6 1247.26
664.8 1247.27
666.0 1247.28
667.2 1247.29
668.4 1247.3
669.6 1247.31
670.8 1247.31
672.0 1247.32
673.2 1247.32
674.4 1247.32
675.6 1247.32
676.8 1247.32
678.0 1247.32
679.2 1247.32
680.4 1247.31
681.6 1247.31
682.8 1247.3
684.0 1247.3
685.2 1247.29
686.4 1247.28
687.6 1247.27
688.8 1247.26
690.0 1247.25
691.2 1247.24
692.4 1247.23
693.6 1247.22
694.8 1247.21
696.0 1247.19
697.2 1247.18
698.4 1247.17
699.6 1247.16
700.8 1247.15
702.0 1247.13
703.2 1247.12
704.4 1247.11
705.6 1247.1
706.8 1247.09
708.0 1247.08
709.2 1247.07
710.4 1247.06
711.6 1247.05
712.8 1247.04
714.0 1247.04
715.2 1247.03
716.4 1247.02
717.6 1247.01
718.8 1247.01
720.0 1247.0
721.2 1247.0
722.4 1246.99
723.6 1246.99
724.8 1246.98
726.0 1246.98
727.2 1246.97
728.4 1246.97
729.6 1246.96
730.8 1246.96
732.0 1246.96
733.2 1246.95
734.4 1246.95
735.6 1246.95
736.8 1246.94
738.0 1246.94
739.2 1246.94
740.4 1246.94
741.6 1246.93
742.8 1246.93
744.0 1246.93
745.2 1246.92
746.4 1246.92
747.6 1246.92
748.8 1246.91
750.0 1246.91
751.2 1246.91
752.4 1246.91
753.6 1246.9
754.8 1246.9
756.0 1246.9
757.2 1246.9
758.4 1246.89
759.6 1246.89
760.8 1246.89
762.0 1246.89
763.2 1246.89
764.4 1246.89
765.6 1246.89
766.8 1246.89
768.0 1246.89
769.2 1246.89
770.4 1246.89
771.6 1246.89
772.8 1246.89
774.0 1246.89
775.2 1246.9
776.4 1246.9
777.6 1246.9
778.8 1246.91
780.0 1246.91
781.2 1246.92
782.4 1246.92
783.6 1246.93
784.8 1246.93
786.0 1246.94
787.2 1246.94
788.4 1246.95
789.6 1246.96
790.8 1246.96
792.0 1246.97
793.2 1246.97
794.4 1246.98
795.6 1246.99
796.8 1246.99
798.0 1247.0
799.2 1247.0
800.4 1247.01
801.6 1247.03
802.8 1247.08
804.0 1247.2
805.2 1247.41
806.4 1247.73
807.6 1248.19
808.8 1248.8
810.0 1249.59
811.2 1250.57
812.4 1251.77
813.6 1253.19
814.8 1254.86
816.0 1256.78
817.2 1258.97
818.4 1261.45
819.6 1264.22
820.8 1267.3
822.0 1270.7
823.2 1274.43
824.4 1278.48
825.6 1282.87
826.8 1287.6
828.0 1292.67
829.2 1298.09
830.4 1303.85
831.6 1309.96
832.8 1316.41
834.0 1323.2
835.2 1330.34
836.4 1337.81
837.6 1345.61
838.8 1353.75
840.0 1362.2
841.2 1370.97
842.4 1380.05
843.6 1389.44
844.8 1399.11
846.0 1409.07
847.2 1419.31
848.4 1429.81
849.6 1440.57
850.8 1451.58
852.0 1462.82
853.2 1474.28
854.4 1485.95
855.6 1497.83
856.8 1509.89
858.0 1522.13
859.2 1534.53
860.4 1547.08
861.6 1559.76
862.8 1572.57
864.0 1585.49
865.2 1598.51
866.4 1611.62
867.6 1624.79
868.8 1638.03
870.0 1651.3
871.2 1664.62
872.4 1677.95
873.6 1691.29
874.8 1704.62
876.0 1717.93
877.2 1731.22
878.4 1744.46
879.6 1757.65
880.8 1770.78
882.0 1783.82
883.2 1796.78
884.4 1809.65
885.6 1822.4
886.8 1835.03
888.0 1847.54
889.2 1859.91
890.4 1872.13
891.6 1884.2
892.8 1896.1
894.0 1907.83
895.2 1919.38
896.4 1930.74
897.6 1941.91
898.8 1952.87
900.0 1963.63
901.2 1974.18
902.4 1984.51
903.6 1994.61
904.8 2004.48
906.0 2014.12
907.2 2023.53
908.4 2032.69
909.6 2041.6
910.8 2050.27
912.0 2058.69
913.2 2066.85
914.4 2074.76
915.6 2082.41
916.8 2089.8
918.0 2096.93
919.2 2103.8
920.4 2110.41
921.6 2116.75
922.8 2122.83
924.0 2128.65
925.2 2134.2
926.4 2139.5
927.6 2144.53
928.8 2149.3
930.0 2153.81
931.2 2158.07
932.4 2162.07
933.6 2165.82
934.8 2169.32
936.0 2172.58
937.2 2175.6
938.4 2178.38
939.6 2180.92
940.8 2183.24
942.0 2185.33
943.2 2187.2
944.4 2188.85
945.6 2190.29
946.8 2191.53
948.0 2192.56
949.2 2193.39
950.4 2194.04
951.6 2194.49
952.8 2194.76
954.0 2194.85
955.2 2194.77
956.4 2194.52
957.6 2194.11
958.8 2193.53
960.0 2192.8
961.2 2191.93
962.4 2190.91
963.6 2189.74
964.8 2188.44
966.0 2187.01
967.2 2185.46
968.4 2183.77
969.6 2181.98
970.8 2180.06
972.0 2178.04
973.2 2175.91
974.4 2173.67
975.6 2171.34
976.8 2168.91
978.0 2166.4
979.2 2163.79
980.4 2161.1
981.6 2158.32
982.8 2155.47
984.0 2152.55
985.2 2149.55
986.4 2146.48
987.6 2143.34
988.8 2140.14
990.0 2136.88
991.2 2133.56
992.4 2130.18
993.6 2126.75
994.8 2123.27
996.0 2119.73
997.2 2116.15
998.4 2112.51
999.6 2108.83
1000.8 2105.11
1002.0 2101.35
1003.2 2097.54
1004.4 2093.69
1005.6 2089.81
1006.8 2085.88
1008.0 2081.92
1009.2 2077.92
1010.4 2073.89
1011.6 2069.82
1012.8 2065.72
1014.0 2061.59
1015.2 2057.42
1016.4 2053.22
1017.6 2048.99
1018.8 2044.73
1020.0 2040.44
1021.2 2036.12
1022.4 2031.76
1023.6 2027.38
1024.8 2022.97
1026.0 2018.53
1027.2 2014.06
1028.4 2009.56
1029.6 2005.04
1030.8 2000.48
1032.0 1995.9
1033.2 1991.29
1034.4 1986.65
1035.6 1981.99
1036.8 1977.29
1038.0 1972.57
1039.2 1967.83
1040.4 1963.06
1041.6 1958.26
1042.8 1953.44
1044.0 1948.59
1045.2 1943.72
1046.4 1938.82
1047.6 1933.9
1048.8 1928.96
1050.0 1923.99
1051.2 1919.0
1052.4 1913.99
1053.6 1908.96
1054.8 1903.91
1056.0 1898.84
1057.2 1893.75
1058.4 1888.64
1059.6 1883.51
1060.8 1878.37
1062.0 1873.21
1063.2 1868.03
1064.4 1862.84
1065.6 1857.64
1066.8 1852.42
1068.0 1847.19
1069.2 1841.95
1070.4 1836.7
1071.6 1831.44
1072.8 1826.17
1074.0 1820.89
1075.2 1815.6
1076.4 1810.31
1077.6 1805.01
1078.8 1799.7
1080.0 1794.37
1081.2 1789.04
1082.4 1783.7
1083.6 1778.36
1084.8 1773.0
1086.0 1767.64
1087.2 1762.26
1088.4 1756.89
1089.6 1751.5
1090.8 1746.11
1092.0 1740.72
1093.2 1735.33
1094.4 1729.93
1095.6 1724.54
1096.8 1719.14
1098.0 1713.75
1099.2 1708.36
1100.4 1702.98
1101.6 1697.6
1102.8 1692.24
1104.0 1686.88
1105.2 1681.53
1106.4 1676.2
1107.6 1670.88
1108.8 1665.58
1110.0 1660.3
1111.2 1655.03
1112.4 1649.79
1113.6 1644.57
1114.8 1639.37
1116.0 1634.19
1117.2 1629.05
1118.4 1623.93
1119.6 1618.84
1120.8 1613.78
1122.0 1608.77
1123.2 1603.84
1124.4 1599.02
1125.6 1594.3
1126.8 1589.68
1128.0 1585.17
1129.2 1580.75
1130.4 1576.42
1131.6 1572.19
1132.8 1568.04
1134.0 1563.98
1135.2 1560.0
1136.4 1556.1
1137.6 1552.27
1138.8 1548.52
1140.0 1544.84
1141.2 1541.23
1142.4 1537.68
1143.6 1534.2
1144.8 1530.78
1146.0 1527.42
1147.2 1524.12
1148.4 1520.88
1149.6 1517.69
1150.8 1514.56
1152.0 1511.47
1153.2 1508.44
1154.4 1505.46
1155.6 1502.52
1156.8 1499.63
1158.0 1496.78
1159.2 1493.97
1160.4 1491.21
1161.6 1488.49
1162.8 1485.81
1164.0 1483.16
1165.2 1480.55
1166.4 1477.98
1167.6 1475.45
1168.8 1472.95
1170.0 1470.48
1171.2 1468.04
1172.4 1465.64
1173.6 1463.26
1174.8 1460.92
1176.0 1458.61
1177.2 1456.32
1178.4 1454.07
1179.6 1451.84
1180.8 1449.64
1182.0 1447.46
1183.2 1445.31
1184.4 1443.19
1185.6 1441.09
1186.8 1439.01
1188.0 1436.96
1189.2 1434.93
1190.4 1432.93
1191.6 1430.95
1192.8 1428.99
1194.0 1427.05
1195.2 1425.13
1196.4 1423.24
1197.6 1421.36
1198.8 1419.51
1200.0 1417.67
1201.2 1415.86
1202.4 1414.07
1203.6 1412.29
1204.8 1410.54
1206.0 1408.8
1207.2 1407.09
1208.4 1405.39
1209.6 1403.71
1210.8 1402.05
1212.0 1400.41
1213.2 1398.79
1214.4 1397.19
1215.6 1395.6
1216.8 1394.03
1218.0 1392.49
1219.2 1390.95
1220.4 1389.44
1221.6 1387.95
1222.8 1386.47
1224.0 1385.01
1225.2 1383.57
1226.4 1382.14
1227.6 1380.74
1228.8 1379.35
1230.0 1377.97
1231.2 1376.62
1232.4 1375.28
1233.6 1373.96
1234.8 1372.66
1236.0 1371.37
1237.2 1370.1
1238.4 1368.85
1239.6 1367.61
1240.8 1366.39
1242.0 1365.19
1243.2 1364.0
1244.4 1362.83
1245.6 1361.68
1246.8 1360.54
1248.0 1359.42
1249.2 1358.32
1250.4 1357.23
1251.6 1356.16
1252.8 1355.1
1254.0 1354.06
1255.2 1353.04
1256.4 1352.03
1257.6 1351.04
1258.8 1350.06
1260.0 1349.1
1261.2 1348.15
1262.4 1347.22
1263.6 1346.3
1264.8 1345.4
1266.0 1344.51
1267.2 1343.64
1268.4 1342.78
1269.6 1341.94
1270.8 1341.11
1272.0 1340.3
1273.2 1339.5
1274.4 1338.71
1275.6 1337.94
1276.8 1337.18
1278.0 1336.43
1279.2 1335.7
1280.4 1334.98
1281.6 1334.27
1282.8 1333.57
1284.0 1332.89
1285.2 1332.22
1286.4 1331.57
1287.6 1330.92
1288.8 1330.29
1290.0 1329.67
1291.2 1329.06
1292.4 1328.46
1293.6 1327.88
1294.8 1327.31
1296.0 1326.75
1297.2 1326.2
1298.4 1325.66
1299.6 1325.13
1300.8 1324.62
1302.0 1324.11
1303.2 1323.62
1304.4 1323.14
1305.6 1322.66
1306.8 1322.2
1308.0 1321.75
1309.2 1321.31
1310.4 1320.89
1311.6 1320.47
1312.8 1320.06
1314.0 1319.66
1315.2 1319.27
1316.4 1318.89
1317.6 1318.52
1318.8 1318.16
1320.0 1317.81
1321.2 1317.47
1322.4 1317.14
1323.6 1316.81
1324.8 1316.5
1326.0 1316.19
1327.2 1315.89
1328.4 1315.6
1329.6 1315.32
1330.8 1315.04
1332.0 1314.78
1333.2 1314.52
1334.4 1314.27
1335.6 1314.02
1336.8 1313.78
1338.0 1313.55
1339.2 1313.33
1340.4 1313.11
1341.6 1312.9
1342.8 1312.69
1344.0 1312.49
1345.2 1312.3
1346.4 1312.11
1347.6 1311.93
1348.8 1311.75
1350.0 1311.58
1351.2 1311.42
1352.4 1311.26
1353.6 1311.1
1354.8 1310.95
1356.0 1310.81
1357.2 1310.67
1358.4 1310.54
1359.6 1310.41
1360.8 1310.28
1362.0 1310.16
1363.2 1310.04
1364.4 1309.93
1365.6 1309.82
1366.8 1309.72
1368.0 1309.62
1369.2 1309.52
1370.4 1309.43
1371.6 1309.34
1372.8 1309.25
1374.0 1309.17
1375.2 1309.09
1376.4 1309.01
1377.6 1308.94
1378.8 1308.87
1380.0 1308.8
1381.2 1308.74
1382.4 1308.68
1383.6 1308.62
1384.8 1308.56
1386.0 1308.51
1387.2 1308.45
1388.4 1308.41
1389.6 1308.36
1390.8 1308.32
1392.0 1308.27
1393.2 1308.23
1394.4 1308.19
1395.6 1308.16
1396.8 1308.13
1398.0 1308.09
1399.2 1308.06
1400.4 1308.03
1401.6 1308.01
1402.8 1307.98
1404.0 1307.96
1405.2 1307.94
1406.4 1307.92
1407.6 1307.9
1408.8 1307.88
1410.0 1307.86
1411.2 1307.85
1412.4 1307.83
1413.6 1307.82
1414.8 1307.8
1416.0 1307.79
1417.2 1307.78
1418.4 1307.77
1419.6 1307.76
1420.8 1307.75
1422.0 1307.75
1423.2 1307.74
1424.4 1307.73
1425.6 1307.73
1426.8 1307.72
1428.0 1307.72
1429.2 1307.71
1430.4 1307.71
1431.6 1307.71
1432.8 1307.7
1434.0 1307.7
1435.2 1307.7
1436.4 1307.7
1437.6 1307.7
1438.8 1307.7
1440.0 1307.69
1441.2 1307.69
1442.4 1307.69
1443.6 1307.69
1444.8 1307.69
1446.0 1307.69
1447.2 1307.69
1448.4 1307.69
1449.6 1307.69
1450.8 1307.7
1452.0 1307.7
1453.2 1307.7
1454.4 1307.7
1455.6 1307.7
1456.8 1307.7
1458.0 1307.7
1459.2 1307.71
1460.4 1307.71
1461.6 1307.71
1462.8 1307.71
1464.0 1307.72
1465.2 1307.72
1466.4 1307.72
1467.6 1307.72
1468.8 1307.73
1470.0 1307.73
1471.2 1307.73
1472.4 1307.74
1473.6 1307.74
1474.8 1307.75
1476.0 1307.75
1477.2 1307.75
1478.4 1307.76
1479.6 1307.76
1480.8 1307.77
1482.0 1307.77
1483.2 1307.77
1484.4 1307.78
1485.6 1307.78
1486.8 1307.79
1488.0 1307.79
1489.2 1307.79
1490.4 1307.8
1491.6 1307.8
1492.8 1307.8
1494.0 1307.8
1495.2 1307.8
1496.4 1307.81
1497.6 1307.81
1498.8 1307.81
1500.0 1307.81
1501.2 1307.81
1502.4 1307.81
1503.6 1307.81
1504.8 1307.81
1506.0 1307.81
1507.2 1307.8
1508.4 1307.8
1509.6 1307.8
1510.8 1307.8
1512.0 1307.79
1513.2 1307.79
1514.4 1307.79
1515.6 1307.78
1516.8 1307.78
1518.0 1307.77
1519.2 1307.76
1520.4 1307.76
1521.6 1307.75
1522.8 1307.74
1524.0 1307.73
1525.2 1307.72
1526.4 1307.71
1527.6 1307.7
1528.8 1307.69
1530.0 1307.68
1531.2 1307.67
1532.4 1307.65
1533.6 1307.64
1534.8 1307.62
1536.0 1307.61
1537.2 1307.59
1538.4 1307.58
1539.6 1307.56
1540.8 1307.54
1542.0 1307.53
1543.2 1307.51
1544.4 1307.49
1545.6 1307.47
1546.8 1307.45
1548.0 1307.43
1549.2 1307.41
1550.4 1307.39
1551.6 1307.37
1552.8 1307.35
1554.0 1307.33
1555.2 1307.3
1556.4 1307.28
1557.6 1307.26
1558.8 1307.24
1560.0 1307.21
1561.2 1307.19
1562.4 1307.17
1563.6 1307.15
1564.8 1307.12
1566.0 1307.1
1567.2 1307.08
1568.4 1307.06
1569.6 1307.03
1570.8 1307.01
1572.0 1306.99
1573.2 1306.97
1574.4 1306.95
1575.6 1306.93
1576.8 1306.91
1578.0 1306.89
1579.2 1306.87
1580.4 1306.86
1581.6 1306.84
1582.8 1306.82
1584.0 1306.81
1585.2 1306.79
1586.4 1306.78
1587.6 1306.77
1588.8 1306.76
1590.0 1306.75
1591.2 1306.74
1592.4 1306.73
1593.6 1306.73
1594.8 1306.72
1596.0 1306.72
1597.2 1306.71
1598.4 1306.71
1599.6 1306.71
1600.8 1306.71
1602.0 1306.67
1603.2 1306.57
1604.4 1306.4
1605.6 1306.16
1606.8 1305.82
1608.0 1305.37
1609.2 1304.81
1610.4 1304.11
1611.6 1303.29
1612.8 1302.32
1614.0 1301.21
1615.2 1299.97
1616.4 1298.6
1617.6 1297.11
1618.8 1295.51
1620.0 1293.81
1621.2 1292.02
1622.4 1290.17
1623.6 1288.27
1624.8 1286.36
1626.0 1284.44
1627.2 1282.56
1628.4 1280.73
1629.6 1278.98
1630.8 1277.36
1632.0 1275.89
1633.2 1274.6
1634.4 1273.54
1635.6 1272.73
1636.8 1272.22
1638.0 1272.05
1639.2 1272.26
1640.4 1272.88
1641.6 1273.96
1642.8 1275.54
1644.0 1277.65
1645.2 1280.3
1646.4 1283.5
1647.6 1287.27
1648.8 1291.61
1650.0 1296.5
1651.2 1301.92
1652.4 1307.83
1653.6 1314.24
1654.8 1321.11
1656.0 1328.43
1657.2 1336.19
1658.4 1344.37
1659.6 1352.95
1660.8 1361.91
1662.0 1371.24
1663.2 1380.93
1664.4 1390.95
1665.6 1401.3
1666.8 1411.95
1668.0 1422.89
1669.2 1434.11
1670.4 1445.59
1671.6 1457.31
1672.8 1469.26
1674.0 1481.42
1675.2 1493.78
1676.4 1506.32
1677.6 1519.02
1678.8 1531.87
1680.0 1544.85
1681.2 1557.94
1682.4 1571.13
1683.6 1584.39
1684.8 1597.7
1686.0 1611.03
1687.2 1624.32
1688.4 1637.56
1689.6 1650.69
1690.8 1663.69
1692.0 1676.52
1693.2 1689.15
1694.4 1701.55
1695.6 1713.7
1696.8 1725.55
1698.0 1737.1
1699.2 1748.31
1700.4 1759.16
1701.6 1769.62
1702.8 1779.68
1704.0 1789.31
1705.2 1798.5
1706.4 1807.23
1707.6 1815.49
1708.8 1823.26
1710.0 1830.53
1711.2 1837.3
1712.4 1843.56
1713.6 1849.3
1714.8 1854.52
1716.0 1859.22
1717.2 1863.4
1718.4 1867.06
1719.6 1870.2
1720.8 1872.83
1722.0 1874.94
1723.2 1876.57
1724.4 1877.7
1725.6 1878.35
1726.8 1878.54
1728.0 1878.28
1729.2 1877.57
1730.4 1876.45
1731.6 1874.92
1732.8 1873.0
1734.0 1870.72
1735.2 1868.07
1736.4 1865.1
1737.6 1861.81
1738.8 1858.22
1740.0 1854.35
1741.2 1850.23
1742.4 1845.87
1743.6 1841.29
1744.8 1836.5
1746.0 1831.54
1747.2 1826.41
1748.4 1821.13
1749.6 1815.73
1750.8 1810.21
1752.0 1804.6
1753.2 1798.91
1754.4 1793.16
1755.6 1787.35
1756.8 1781.51
1758.0 1775.65
1759.2 1769.78
1760.4 1763.91
1761.6 1758.06
1762.8 1752.22
1764.0 1746.43
1765.2 1740.67
1766.4 1734.97
1767.6 1729.32
1768.8 1723.74
1770.0 1718.23
1771.2 1712.8
1772.4 1707.45
1773.6 1702.19
1774.8 1697.02
1776.0 1691.95
1777.2 1686.97
1778.4 1682.1
1779.6 1677.32
1780.8 1672.66
1782.0 1668.1
1783.2 1663.64
1784.4 1659.29
1785.6 1655.05
1786.8 1650.92
1788.0 1646.89
1789.2 1642.97
1790.4 1639.15
1791.6 1635.43
1792.8 1631.82
1794.0 1628.31
1795.2 1624.89
1796.4 1621.57
1797.6 1618.34
1798.8 1615.21
1800.0 1612.16
1801.2 1609.19
1802.4 1606.31
1803.6 1603.51
1804.8 1600.79
1806.0 1598.14
1807.2 1595.56
1808.4 1593.05
1809.6 1590.6
1810.8 1588.22
1812.0 1585.9
1813.2 1583.64
1814.4 1581.43
1815.6 1579.27
1816.8 1577.16
1818.0 1575.1
1819.2 1573.09
1820.4 1571.11
1821.6 1569.18
1822.8 1567.28
1824.0 1565.42
1825.2 1563.59
1826.4 1561.79
1827.6 1560.02
1828.8 1558.28
1830.0 1556.57
1831.2 1554.87
1832.4 1553.21
1833.6 1551.56
1834.8 1549.93
1836.0 1548.32
1837.2 1546.72
1838.4 1545.14
1839.6 1543.58
1840.8 1542.02
1842.0 1540.48
1843.2 1538.95
1844.4 1537.44
1845.6 1535.93
1846.8 1534.43
1848.0 1532.94
1849.2 1531.45
1850.4 1529.97
1851.6 1528.5
1852.8 1527.04
1854.0 1525.58
1855.2 1524.12
1856.4 1522.67
1857.6 1521.22
1858.8 1519.78
1860.0 1518.34
1861.2 1516.91
1862.4 1515.47
1863.6 1514.04
1864.8 1512.62
1866.0 1511.2
1867.2 1509.78
1868.4 1508.36
1869.6 1506.95
1870.8 1505.54
1872.0 1504.13
1873.2 1502.73
1874.4 1501.33
1875.6 1499.93
1876.8 1498.54
1878.0 1497.14
1879.2 1495.76
1880.4 1494.37
1881.6 1492.99
1882.8 1491.61
1884.0 1490.23
1885.2 1488.86
1886.4 1487.49
1887.6 1486.12
1888.8 1484.76
1890.0 1483.4
1891.2 1482.04
1892.4 1480.68
1893.6 1479.33
1894.8 1477.97
1896.0 1476.62
1897.2 1475.27
1898.4 1473.92
1899.6 1472.58
1900.8 1471.23
1902.0 1469.89
1903.2 1468.55
1904.4 1467.2
1905.6 1465.86
1906.8 1464.52
1908.0 1463.18
1909.2 1461.84
1910.4 1460.5
1911.6 1459.15
1912.8 1457.81
1914.0 1456.47
1915.2 1455.13
1916.4 1453.8
1917.6 1452.46
1918.8 1451.12
1920.0 1449.78
1921.2 1448.44
1922.4 1447.11
1923.6 1445.77
1924.8 1444.44
1926.0 1443.1
1927.2 1441.77
1928.4 1440.44
1929.6 1439.12
1930.8 1437.79
1932.0 1436.47
1933.2 1435.15
1934.4 1433.84
1935.6 1432.53
1936.8 1431.22
1938.0 1429.92
1939.2 1428.62
1940.4 1427.33
1941.6 1426.05
1942.8 1424.77
1944.0 1423.5
1945.2 1422.23
1946.4 1420.98
1947.6 1419.73
1948.8 1418.49
1950.0 1417.25
1951.2 1416.03
1952.4 1414.82
1953.6 1413.61
1954.8 1412.41
1956.0 1411.23
1957.2 1410.05
1958.4 1408.88
1959.6 1407.73
1960.8 1406.58
1962.0 1405.44
1963.2 1404.32
1964.4 1403.2
1965.6 1402.1
1966.8 1401.0
1968.0 1399.92
1969.2 1398.84
1970.4 1397.78
1971.6 1396.72
1972.8 1395.68
1974.0 1394.65
1975.2 1393.62
1976.4 1392.61
1977.6 1391.6
1978.8 1390.61
1980.0 1389.62
1981.2 1388.64
1982.4 1387.68
1983.6 1386.72
1984.8 1385.77
1986.0 1384.82
1987.2 1383.89
1988.4 1382.96
1989.6 1382.04
1990.8 1381.14
1992.0 1380.23
1993.2 1379.34
1994.4 1378.45
1995.6 1377.57
1996.8 1376.7
1998.0 1375.84
1999.2 1374.98
2000.4 1374.13
2001.6 1373.29
2002.8 1372.46
2004.0 1371.63
2005.2 1370.81
2006.4 1370.0
2007.6 1369.19
2008.8 1368.39
2010.0 1367.6
2011.2 1366.81
2012.4 1366.03
2013.6 1365.26
2014.8 1364.49
2016.0 1363.73
2017.2 1362.97
2018.4 1362.23
2019.6 1361.48
2020.8 1360.75
2022.0 1360.02
2023.2 1359.29
2024.4 1358.58
2025.6 1357.86
2026.8 1357.16
2028.0 1356.45
2029.2 1355.76
2030.4 1355.07
2031.6 1354.38
2032.8 1353.7
2034.0 1353.03
2035.2 1352.35
2036.4 1351.69
2037.6 1351.03
2038.8 1350.37
2040.0 1349.72
2041.2 1349.07
2042.4 1348.43
2043.6 1347.79
2044.8 1347.15
2046.0 1346.52
2047.2 1345.89
2048.4 1345.27
2049.6 1344.65
2050.8 1344.03
2052.0 1343.41
2053.2 1342.8
2054.4 1342.19
2055.6 1341.58
2056.8 1340.98
2058.0 1340.37
2059.2 1339.77
2060.4 1339.17
2061.6 1338.57
2062.8 1337.98
2064.0 1337.39
2065.2 1336.79
2066.4 1336.2
2067.6 1335.62
2068.8 1335.03
2070.0 1334.45
2071.2 1333.87
2072.4 1333.28
2073.6 1332.71
2074.8 1332.13
2076.0 1331.55
2077.2 1330.98
2078.4 1330.41
2079.6 1329.84
2080.8 1329.27
2082.0 1328.7
2083.2 1328.14
2084.4 1327.57
2085.6 1327.02
2086.8 1326.46
2088.0 1325.9
2089.2 1325.35
2090.4 1324.8
2091.6 1324.26
2092.8 1323.72
2094.0 1323.18
2095.2 1322.64
2096.4 1322.11
2097.6 1321.58
2098.8 1321.06
2100.0 1320.53
2101.2 1320.02
2102.4 1319.5
2103.6 1318.99
2104.8 1318.49
2106.0 1317.99
2107.2 1317.49
2108.4 1317.0
2109.6 1316.51
2110.8 1316.02
2112.0 1315.54
2113.2 1315.07
2114.4 1314.59
2115.6 1314.13
2116.8 1313.66
2118.0 1313.2
2119.2 1312.75
2120.4 1312.3
2121.6 1311.85
2122.8 1311.41
2124.0 1310.97
2125.2 1310.54
2126.4 1310.1
2127.6 1309.68
2128.8 1309.25
2130.0 1308.83
2131.2 1308.41
2132.4 1308.0
2133.6 1307.58
2134.8 1307.17
2136.0 1306.76
2137.2 1306.36
2138.4 1305.95
2139.6 1305.55
2140.8 1305.15
2142.0 1304.76
2143.2 1304.36
2144.4 1303.97
2145.6 1303.58
2146.8 1303.19
2148.0 1302.8
2149.2 1302.41
2150.4 1302.03
2151.6 1301.64
2152.8 1301.26
2154.0 1300.88
2155.2 1300.51
2156.4 1300.13
2157.6 1299.76
2158.8 1299.39
2160.0 1299.02
2161.2 1298.65
2162.4 1298.27
2163.6 1297.89
2164.8 1297.51
2166.0 1297.12
2167.2 1296.72
2168.4 1296.32
2169.6 1295.9
2170.8 1295.47
2172.0 1295.03
2173.2 1294.58
2174.4 1294.11
2175.6 1293.63
2176.8 1293.14
2178.0 1292.63
2179.2 1292.1
2180.4 1291.56
2181.6 1291.0
2182.8 1290.43
2184.0 1289.84
2185.2 1289.23
2186.4 1288.61
2187.6 1287.96
2188.8 1287.3
2190.0 1286.63
2191.2 1285.93
2192.4 1285.22
2193.6 1284.49
2194.8 1283.75
2196.0 1282.98
2197.2 1282.2
2198.4 1281.41
2199.6 1280.59
2200.8 1279.77
2202.0 1278.92
2203.2 1278.06
2204.4 1277.19
2205.6 1276.3
2206.8 1275.4
2208.0 1274.48
2209.2 1273.55
2210.4 1272.6
2211.6 1271.64
2212.8 1270.67
2214.0 1269.69
2215.2 1268.7
2216.4 1267.69
2217.6 1266.68
2218.8 1265.65
2220.0 1264.61
2221.2 1263.57
2222.4 1262.52
2223.6 1261.45
2224.8 1260.39
2226.0 1259.31
2227.2 1258.22
2228.4 1257.13
2229.6 1256.04
2230.8 1254.94
2232.0 1253.83
2233.2 1252.72
2234.4 1251.61
2235.6 1250.49
2236.8 1249.37
2238.0 1248.24
2239.2 1247.12
2240.4 1245.99
2241.6 1244.86
2242.8 1243.73
2244.0 1242.6
2245.2 1241.47
2246.4 1240.34
2247.6 1239.21
2248.8 1238.09
2250.0 1236.96
2251.2 1235.82
2252.4 1234.6
2253.6 1233.23
2254.8 1231.64
2256.0 1229.77
2257.2 1227.56
2258.4 1224.94
2259.6 1221.87
2260.8 1218.33
2262.0 1214.3
2263.2 1209.8
2264.4 1204.88
2265.6 1199.59
2266.8 1194.07
2268.0 1188.53
2269.2 1183.21
2270.4 1178.24
2271.6 1173.66
2272.8 1169.48
2274.0 1165.69
2275.2 1162.29
2276.4 1159.29
2277.6 1156.68
2278.8 1154.45
2280.0 1152.62
2281.2 1151.19
2282.4 1150.14
2283.6 1149.48
2284.8 1149.22
2286.0 1149.34
2287.2 1149.86
2288.4 1150.77
2289.6 1152.06
2290.8 1153.75
2292.0 1155.83
2293.2 1158.3
2294.4 1161.15
2295.6 1164.36
2296.8 1167.86
2298.0 1171.6
2299.2 1175.53
2300.4 1179.61
2301.6 1183.78
2302.8 1188.0
2304.0 1192.21
2305.2 1196.39
2306.4 1200.48
2307.6 1204.46
2308.8 1208.26
2310.0 1211.88
2311.2 1215.25
2312.4 1218.37
2313.6 1221.2
2314.8 1223.71
2316.0 1225.89
2317.2 1227.72
2318.4 1229.18
2319.6 1230.27
2320.8 1230.98
2322.0 1231.31
2323.2 1231.26
2324.4 1230.83
2325.6 1230.04
2326.8 1228.88
2328.0 1227.38
2329.2 1225.59
2330.4 1223.97
2331.6 1222.62
2332.8 1221.54
2334.0 1220.72
2335.2 1220.16
2336.4 1219.83
2337.6 1219.73
2338.8 1219.7
2340.0 1219.67
2341.2 1219.64
2342.4 1219.61
2343.6 1219.58
2344.8 1219.54
2346.0 1219.51
2347.2 1219.47
2348.4 1219.44
2349.6 1219.41
2350.8 1219.38
2352.0 1219.35
2353.2 1219.32
2354.4 1219.29
2355.6 1219.26
2356.8 1219.23
2358.0 1219.21
2359.2 1219.18
2360.4 1219.16
2361.6 1219.13
2362.8 1219.11
2364.0 1219.08
2365.2 1219.06
2366.4 1219.03
2367.6 1218.99
2368.8 1218.95
2370.0 1218.9
2371.2 1218.84
2372.4 1218.77
2373.6 1218.69
2374.8 1218.6
2376.0 1218.49
2377.2 1218.36
2378.4 1218.21
2379.6 1218.05
2380.8 1217.86
2382.0 1217.66
2383.2 1217.42
2384.4 1217.17
2385.6 1216.88
2386.8 1216.57
2388.0 1216.24
2389.2 1215.87
2390.4 1215.48
2391.6 1215.05
2392.8 1214.59
2394.0 1214.1
2395.2 1213.58
2396.4 1213.03
2397.6 1212.44
2398.8 1211.83
2400.0 1211.17
2401.2 1210.49
2402.4 1209.77
2403.6 1209.02
2404.8 1208.24
2406.0 1207.42
2407.2 1206.58
2408.4 1205.7
2409.6 1204.79
2410.8 1203.85
2412.0 1202.87
2413.2 1201.87
2414.4 1200.84
2415.6 1199.79
2416.8 1198.7
2418.0 1197.59
2419.2 1196.46
2420.4 1195.3
2421.6 1194.12
2422.8 1192.91
2424.0 1191.68
2425.2 1190.43
2426.4 1189.17
2427.6 1187.88
2428.8 1186.58
2430.0 1185.26
2431.2 1183.92
2432.4 1182.57
2433.6 1181.2
2434.8 1179.83
2436.0 1178.44
2437.2 1177.04
2438.4 1175.63
2439.6 1174.21
2440.8 1172.78
2442.0 1171.35
2443.2 1169.91
2444.4 1168.47
2445.6 1167.02
2446.8 1165.57
2448.0 1164.12
2449.2 1162.66
2450.4 1161.21
2451.6 1159.76
2452.8 1158.3
2454.0 1156.86
2455.2 1155.41
2456.4 1153.97
2457.6 1152.53
2458.8 1151.09
2460.0 1149.67
2461.2 1148.25
2462.4 1146.83
2463.6 1145.42
2464.8 1144.02
2466.0 1142.63
2467.2 1141.25
2468.4 1139.88
2469.6 1138.52
2470.8 1137.17
2472.0 1135.83
2473.2 1134.5
2474.4 1133.18
2475.6 1131.87
2476.8 1130.57
2478.0 1129.29
2479.2 1128.02
2480.4 1126.76
2481.6 1125.51
2482.8 1124.27
2484.0 1123.05
2485.2 1121.84
2486.4 1120.65
2487.6 1119.46
2488.8 1118.29
2490.0 1117.13
2491.2 1115.99
2492.4 1114.86
2493.6 1113.74
2494.8 1112.64
2496.0 1111.55
2497.2 1110.47
2498.4 1109.41
2499.6 1108.36
2500.8 1107.32
2502.0 1106.3
2503.2 1105.29
2504.4 1104.29
2505.6 1103.31
2506.8 1102.34
2508.0 1101.38
2509.2 1100.43
2510.4 1099.5
2511.6 1098.58
2512.8 1097.67
2514.0 1096.77
2515.2 1095.89
2516.4 1095.01
2517.6 1094.15
2518.8 1093.3
2520.0 1092.46
2521.2 1091.63
2522.4 1090.81
2523.6 1090.0
2524.8 1089.2
2526.0 1088.41
2527.2 1087.63
2528.4 1086.86
2529.6 1086.09
2530.8 1085.34
2532.0 1084.6
2533.2 1083.86
2534.4 1083.13
2535.6 1082.41
2536.8 1081.7
2538.0 1081.0
2539.2 1080.3
2540.4 1079.61
2541.6 1078.93
2542.8 1078.25
2544.0 1077.58
2545.2 1076.92
2546.4 1076.27
2547.6 1075.62
2548.8 1074.98
2550.0 1074.34
2551.2 1073.71
2552.4 1073.08
2553.6 1072.46
2554.8 1071.85
2556.0 1071.24
2557.2 1070.64
2558.4 1070.04
2559.6 1069.45
2560.8 1068.86
2562.0 1068.28
2563.2 1067.71
2564.4 1067.13
2565.6 1066.57
2566.8 1066.0
2568.0 1065.45
2569.2 1064.89
2570.4 1064.34
2571.6 1063.8
2572.8 1063.26
2574.0 1062.73
2575.2 1062.2
2576.4 1061.67
2577.6 1061.15
2578.8 1060.63
2580.0 1060.12
2581.2 1059.61
2582.4 1059.1
2583.6 1058.6
2584.8 1058.11
2586.0 1057.61
2587.2 1057.13
2588.4 1056.64
2589.6 1056.16
2590.8 1055.69
2592.0 1055.21
2593.2 1054.75
2594.4 1054.28
2595.6 1053.82
2596.8 1053.37
2598.0 1052.91
2599.2 1052.47
2600.4 1052.02
2601.6 1051.58
2602.8 1051.14
2604.0 1050.71
2605.2 1050.28
2606.4 1049.86
2607.6 1049.44
2608.8 1049.02
2610.0 1048.61
2611.2 1048.2
2612.4 1047.79
2613.6 1047.39
2614.8 1046.99
2616.0 1046.6
2617.2 1046.21
2618.4 1045.82
2619.6 1045.44
2620.8 1045.06
2622.0 1044.68
2623.2 1044.31
2624.4 1043.94
2625.6 1043.57
2626.8 1043.21
2628.0 1042.85
2629.2 1042.5
2630.4 1042.15
2631.6 1041.8
2632.8 1041.46
2634.0 1041.12
2635.2 1040.78
2636.4 1040.44
2637.6 1040.11
2638.8 1039.79
2640.0 1039.46
2641.2 1039.14
2642.4 1038.83
2643.6 1038.51
2644.8 1038.2
2646.0 1037.89
2647.2 1037.59
2648.4 1037.29
2649.6 1036.99
2650.8 1036.7
2652.0 1036.4
2653.2 1036.11
2654.4 1035.83
2655.6 1035.55
2656.8 1035.27
2658.0 1034.99
2659.2 1034.71
2660.4 1034.44
2661.6 1034.17
2662.8 1033.91
2664.0 1033.65
2665.2 1033.39
2666.4 1033.13
2667.6 1032.87
2668.8 1032.62
2670.0 1032.37
2671.2 1032.12
2672.4 1031.88
2673.6 1031.64
2674.8 1031.4
2676.0 1031.16
2677.2 1030.93
2678.4 1030.7
2679.6 1030.47
2680.8 1030.24
2682.0 1030.01
2683.2 1029.79
2684.4 1029.57
2685.6 1029.35
2686.8 1029.14
2688.0 1028.93
2689.2 1028.71
2690.4 1028.51
2691.6 1028.3
2692.8 1028.09
2694.0 1027.89
2695.2 1027.69
2696.4 1027.49
2697.6 1027.3
2698.8 1027.1
2700.0 1026.91
2701.2 1026.72
2702.4 1026.53
2703.6 1026.35
2704.8 1026.16
2706.0 1025.98
2707.2 1025.8
2708.4 1025.62
2709.6 1025.45
2710.8 1025.27
2712.0 1025.1
2713.2 1024.93
2714.4 1024.76
2715.6 1024.59
2716.8 1024.42
2718.0 1024.26
2719.2 1024.09
2720.4 1023.93
2721.6 1023.77
2722.8 1023.62
2724.0 1023.46
2725.2 1023.3
2726.4 1023.15
2727.6 1023.0
2728.8 1022.85
2730.0 1022.7
2731.2 1022.55
2732.4 1022.41
2733.6 1022.26
2734.8 1022.12
2736.0 1021.98
2737.2 1021.84
2738.4 1021.7
2739.6 1021.56
2740.8 1021.42
2742.0 1021.29
2743.2 1021.16
2744.4 1021.02
2745.6 1020.89
2746.8 1020.76
2748.0 1020.64
2749.2 1020.51
2750.4 1020.39
2751.6 1020.26
2752.8 1020.14
2754.0 1020.02
2755.2 1019.9
2756.4 1019.78
2757.6 1019.66
2758.8 1019.54
2760.0 1019.43
2761.2 1019.31
2762.4 1019.2
2763.6 1019.09
2764.8 1018.97
2766.0 1018.86
2767.2 1018.75
2768.4 1018.65
2769.6 1018.54
2770.8 1018.43
2772.0 1018.33
2773.2 1018.22
2774.4 1018.12
2775.6 1018.02
2776.8 1017.91
2778.0 1017.81
2779.2 1017.71
2780.4 1017.61
2781.6 1017.52
2782.8 1017.42
2784.0 1017.32
2785.2 1017.23
2786.4 1017.13
2787.6 1017.04
2788.8 1016.95
2790.0 1016.85
2791.2 1016.76
2792.4 1016.67
2793.6 1016.58
2794.8 1016.49
2796.0 1016.41
2797.2 1016.32
2798.4 1016.23
2799.6 1016.15
2800.8 1016.06
2802.0 1015.98
2803.2 1015.89
2804.4 1015.81
2805.6 1015.73
2806.8 1015.65
2808.0 1015.57
2809.2 1015.49
2810.4 1015.41
2811.6 1015.34
2812.8 1015.26
2814.0 1015.18
2815.2 1015.11
2816.4 1015.03
2817.6 1014.96
2818.8 1014.89
2820.0 1014.82
2821.2 1014.75
2822.4 1014.68
2823.6 1014.61
2824.8 1014.54
2826.0 1014.47
2827.2 1014.4
2828.4 1014.34
2829.6 1014.27
2830.8 1014.21
2832.0 1014.14
2833.2 1014.08
2834.4 1014.01
2835.6 1013.95
2836.8 1013.89
2838.0 1013.83
2839.2 1013.77
2840.4 1013.71
2841.6 1013.65
2842.8 1013.59
2844.0 1013.54
2845.2 1013.48
2846.4 1013.42
2847.6 1013.37
2848.8 1013.31
2850.0 1013.26
2851.2 1013.21
2852.4 1013.15
2853.6 1013.1
2854.8 1013.05
2856.0 1012.99
2857.2 1012.94
2858.4 1012.89
2859.6 1012.84
2860.8 1012.78
2862.0 1012.73
2863.2 1012.68
2864.4 1012.62
2865.6 1012.57
2866.8 1012.51
2868.0 1012.45
2869.2 1012.4
2870.4 1012.34
2871.6 1012.28
2872.8 1012.22
2874.0 1012.16
2875.2 1012.1
2876.4 1012.04
2877.6 1011.97
2878.8 1011.91
2880.0 1011.84
2881.2 1011.77
2882.4 1011.7
2883.6 1011.64
2884.8 1011.57
2886.0 1011.49
2887.2 1011.42
2888.4 1011.35
2889.6 1011.27
2890.8 1011.2
2892.0 1011.12
2893.2 1011.04
2894.4 1010.96
2895.6 1010.88
2896.8 1010.8
2898.0 1010.72
2899.2 1010.63
2900.4 1010.55
2901.6 1010.46
2902.8 1010.38
2904.0 1010.29
2905.2 1010.2
2906.4 1010.11
2907.6 1010.02
2908.8 1009.93
2910.0 1009.84
2911.2 1009.75
2912.4 1009.65
2913.6 1009.56
2914.8 1009.46
2916.0 1009.37
2917.2 1009.27
2918.4 1009.17
2919.6 1009.07
2920.8 1008.97
2922.0 1008.87
2923.2 1008.77
2924.4 1008.67
2925.6 1008.57
2926.8 1008.47
2928.0 1008.37
2929.2 1008.27
2930.4 1008.16
2931.6 1008.06
2932.8 1007.96
2934.0 1007.85
2935.2 1007.75
2936.4 1007.64
2937.6 1007.54
2938.8 1007.43
2940.0 1007.33
2941.2 1007.22
2942.4 1007.12
2943.6 1007.01
2944.8 1006.91
2946.0 1006.8
2947.2 1006.7
2948.4 1006.63
2949.6 1006.61
2950.8 1006.62
2952.0 1006.63
2953.2 1006.63
2954.4 1006.64
2955.6 1006.65
2956.8 1006.65
2958.0 1006.66
2959.2 1006.66
2960.4 1006.67
2961.6 1006.67
2962.8 1006.68
2964.0 1006.68
2965.2 1006.68
2966.4 1006.69
2967.6 1006.69
2968.8 1006.69
2970.0 1006.69
2971.2 1006.7
2972.4 1006.7
2973.6 1006.7
2974.8 1006.7
2976.0 1006.71
2977.2 1006.71
2978.4 1006.71
2979.6 1006.71
2980.8 1006.71
2982.0 1006.71
2983.2 1006.72
2984.4 1006.72
2985.6 1006.72
2986.8 1006.72
2988.0 1006.72
2989.2 1006.72
2990.4 1006.72
2991.6 1006.72
2992.8 1006.72
2994.0 1006.72
2995.2 1006.72
2996.4 1006.73
2997.6 1006.73
2998.8 1006.73
