0.0 6000.0
1.2 5999.99
2.4 5999.91
3.6 5999.73
4.8 5999.42
6.0 5998.97
7.2 5998.35
8.4 5997.55
9.6 5996.56
10.8 5995.37
12.0 5993.96
13.2 5992.32
14.4 5990.43
15.6 5988.25
16.8 5985.78
18.0 5982.98
19.2 5979.83
20.4 5976.32
21.6 5972.44
22.8 5968.16
24.0 5963.47
25.2 5958.36
26.4 5952.82
27.6 5946.85
28.8 5940.42
30.0 5933.54
31.2 5926.2
32.4 5918.38
33.6 5910.1
34.8 5901.34
36.0 5892.09
37.2 5882.36
38.4 5872.15
39.6 5861.45
40.8 5850.27
42.0 5838.59
43.2 5826.43
44.4 5813.78
45.6 5800.65
46.8 5787.04
48.0 5772.94
49.2 5758.37
50.4 5743.32
51.6 5727.8
52.8 5711.82
54.0 5695.37
55.2 5678.46
56.4 5661.09
57.6 5643.28
58.8 5625.02
60.0 5606.32
61.2 5587.18
62.4 5567.61
63.6 5547.62
64.8 5527.21
66.0 5506.39
67.2 5485.16
68.4 5463.52
69.6 5441.5
70.8 5419.08
72.0 5396.28
73.2 5373.11
74.4 5349.57
75.6 5325.66
76.8 5301.4
78.0 5276.79
79.2 5251.84
80.4 5226.55
81.6 5200.94
82.8 5175.0
84.0 5148.75
85.2 5122.19
86.4 5095.33
87.6 5068.17
88.8 5040.73
90.0 5013.02
91.2 4985.02
92.4 4956.77
93.6 4928.25
94.8 4899.49
96.0 4870.48
97.2 4841.23
98.4 4811.75
99.6 4782.05
100.8 4752.14
102.0 4722.01
103.2 4691.69
104.4 4661.16
105.6 4630.45
106.8 4599.56
108.0 4568.5
109.2 4537.27
110.4 4505.88
111.6 4474.33
112.8 4442.64
114.0 4410.8
115.2 4378.84
116.4 4346.74
117.6 4314.53
118.8 4282.2
120.0 4249.76
121.2 4217.22
122.4 4184.59
123.6 4151.87
124.8 4119.07
126.0 4086.19
127.2 4053.24
128.4 4020.22
129.6 3987.15
130.8 3954.03
132.0 3920.85
133.2 3887.65
134.4 3854.41
135.6 3821.15
136.8 3787.88
138.0 3754.61
139.2 3721.37
140.4 3688.21
141.6 3655.17
142.8 3622.29
144.0 3589.59
145.2 3557.12
146.4 3524.89
147.6 3492.92
148.8 3461.25
150.0 3429.91
151.2 3398.92
152.4 3368.3
153.6 3338.09
154.8 3308.3
156.0 3278.98
157.2 3250.14
158.4 3221.8
159.6 3194.01
160.8 3166.81
162.0 3140.23
163.2 3114.31
164.4 3089.07
165.6 3064.47
166.8 3040.49
168.0 3017.07
169.2 2994.21
170.4 2971.86
171.6 2950.01
172.8 2928.64
174.0 2907.73
175.2 2887.26
176.4 2867.24
177.6 2847.63
178.8 2828.43
180.0 2809.62
181.2 2791.18
182.4 2773.08
183.6 2755.29
184.8 2737.8
186.0 2720.58
187.2 2703.6
188.4 2686.87
189.6 2670.34
190.8 2654.01
192.0 2637.87
193.2 2621.9
194.4 2606.09
195.6 2590.42
196.8 2574.88
198.0 2559.47
199.2 2544.17
200.4 2528.98
201.6 2513.89
202.8 2498.89
204.0 2483.97
205.2 2469.13
206.4 2454.36
207.6 2439.66
208.8 2425.03
210.0 2410.45
211.2 2395.92
212.4 2381.45
213.6 2367.03
214.8 2352.65
216.0 2338.31
217.2 2324.02
218.4 2309.76
219.6 2295.55
220.8 2281.37
222.0 2267.23
223.2 2253.13
224.4 2239.07
225.6 2225.06
226.8 2211.08
228.0 2197.14
229.2 2183.25
230.4 2169.39
231.6 2155.59
232.8 2141.83
234.0 2128.11
235.2 2114.45
236.4 2100.85
237.6 2087.34
238.8 2073.97
240.0 2060.77
241.2 2047.78
242.4 2035.03
243.6 2022.57
244.8 2010.42
246.0 1998.56
247.2 1986.98
248.4 1975.68
249.6 1964.63
250.8 1953.82
252.0 1943.24
253.2 1932.88
254.4 1922.73
255.6 1912.77
256.8 1903.0
258.0 1893.4
259.2 1883.97
260.4 1874.7
261.6 1865.58
262.8 1856.6
264.0 1847.75
265.2 1839.04
266.4 1830.45
267.6 1821.97
268.8 1813.61
270.0 1805.35
271.2 1797.19
272.4 1789.13
273.6 1781.16
274.8 1773.28
276.0 1765.48
277.2 1757.77
278.4 1750.12
279.6 1742.56
280.8 1735.06
282.0 1727.64
283.2 1720.28
284.4 1712.98
285.6 1705.74
286.8 1698.57
288.0 1691.45
289.2 1684.39
290.4 1677.38
291.6 1670.43
292.8 1663.53
294.0 1656.68
295.2 1649.88
296.4 1643.13
297.6 1636.43
298.8 1629.78
300.0 1623.17
301.2 1616.61
302.4 1610.1
303.6 1603.64
304.8 1597.23
306.0 1590.92
307.2 1584.74
308.4 1578.71
309.6 1572.82
310.8 1567.09
312.0 1561.49
313.2 1556.02
314.4 1550.68
315.6 1545.46
316.8 1540.35
318.0 1535.35
319.2 1530.45
320.4 1525.65
321.6 1520.94
322.8 1516.32
324.0 1511.79
325.2 1507.34
326.4 1502.97
327.6 1498.67
328.8 1494.44
330.0 1490.28
331.2 1486.19
332.4 1482.16
333.6 1478.18
334.8 1474.27
336.0 1470.41
337.2 1466.6
338.4 1462.84
339.6 1459.13
340.8 1455.47
342.0 1451.86
343.2 1448.29
344.4 1444.76
345.6 1441.27
346.8 1437.82
348.0 1434.41
349.2 1431.04
350.4 1427.7
351.6 1424.4
352.8 1421.13
354.0 1417.9
355.2 1414.7
356.4 1411.54
357.6 1408.4
358.8 1405.3
360.0 1402.23
361.2 1399.18
362.4 1396.17
363.6 1393.19
364.8 1390.23
366.0 1387.3
367.2 1384.41
368.4 1381.54
369.6 1378.69
370.8 1375.88
372.0 1373.09
373.2 1370.33
374.4 1367.59
375.6 1364.89
376.8 1362.2
378.0 1359.55
379.2 1356.92
380.4 1354.32
381.6 1351.74
382.8 1349.19
384.0 1346.67
385.2 1344.17
386.4 1341.7
387.6 1339.25
388.8 1336.86
390.0 1334.52
391.2 1332.24
392.4 1330.03
393.6 1327.87
394.8 1325.77
396.0 1323.73
397.2 1321.73
398.4 1319.79
399.6 1317.9
400.8 1316.05
402.0 1314.24
403.2 1312.48
404.4 1310.76
405.6 1309.08
406.8 1307.44
408.0 1305.83
409.2 1304.26
410.4 1302.73
411.6 1301.23
412.8 1299.76
414.0 1298.33
415.2 1296.92
416.4 1295.55
417.6 1294.2
418.8 1292.88
420.0 1291.59
421.2 1290.33
422.4 1289.09
423.6 1287.87
424.8 1286.68
426.0 1285.52
427.2 1284.38
428.4 1283.26
429.6 1282.16
430.8 1281.08
432.0 1280.03
433.2 1279.0
434.4 1277.98
435.6 1276.99
436.8 1276.02
438.0 1275.06
439.2 1274.13
440.4 1273.21
441.6 1272.31
442.8 1271.43
444.0 1270.57
445.2 1269.73
446.4 1268.9
447.6 1268.09
448.8 1267.3
450.0 1266.52
451.2 1265.76
452.4 1265.02
453.6 1264.29
454.8 1263.58
456.0 1262.89
457.2 1262.2
458.4 1261.54
459.6 1260.89
460.8 1260.25
462.0 1259.63
463.2 1259.02
464.4 1258.43
465.6 1257.85
466.8 1257.29
468.0 1256.73
469.2 1256.19
470.4 1255.67
471.6 1255.16
472.8 1254.65
474.0 1254.17
475.2 1253.69
476.4 1253.23
477.6 1252.78
478.8 1252.34
480.0 1251.91
481.2 1251.49
482.4 1251.09
483.6 1250.69
484.8 1250.31
486.0 1249.93
487.2 1249.57
488.4 1249.22
489.6 1248.88
490.8 1248.55
492.0 1248.23
493.2 1247.91
494.4 1247.61
495.6 1247.32
496.8 1247.04
498.0 1246.76
499.2 1246.5
500.4 1246.25
501.6 1246.0
502.8 1245.76
504.0 1245.54
505.2 1245.32
506.4 1245.11
507.6 1244.9
508.8 1244.71
510.0 1244.52
511.2 1244.35
512.4 1244.18
513.6 1244.02
514.8 1243.86
516.0 1243.72
517.2 1243.58
518.4 1243.44
519.6 1243.32
520.8 1243.2
522.0 1243.09
523.2 1242.99
524.4 1242.89
525.6 1242.8
526.8 1242.71
528.0 1242.63
529.2 1242.56
530.4 1242.49
531.6 1242.43
532.8 1242.38
534.0 1242.33
535.2 1242.28
536.4 1242.24
537.6 1242.21
538.8 1242.18
540.0 1242.15
541.2 1242.13
542.4 1242.12
543.6 1242.11
544.8 1242.1
546.0 1242.1
547.2 1242.1
548.4 1242.11
549.6 1242.12
550.8 1242.14
552.0 1242.16
553.2 1242.18
554.4 1242.21
555.6 1242.24
556.8 1242.27
558.0 1242.31
559.2 1242.35
560.4 1242.39
561.6 1242.44
562.8 1242.49
564.0 1242.55
565.2 1242.61
566.4 1242.67
567.6 1242.73
568.8 1242.8
570.0 1242.87
571.2 1242.94
572.4 1243.01
573.6 1243.09
574.8 1243.17
576.0 1243.25
577.2 1243.34
578.4 1243.42
579.6 1243.51
580.8 1243.61
582.0 1243.7
583.2 1243.8
584.4 1243.89
585.6 1243.99
586.8 1244.1
588.0 1244.2
589.2 1244.3
590.4 1244.41
591.6 1244.52
592.8 1244.63
594.0 1244.75
595.2 1244.86
596.4 1244.98
597.6 1245.09
598.8 1245.21
600.0 1245.33
601.2 1245.46
602.4 1245.58
603.6 1245.7
604.8 1245.83
606.0 1245.96
607.2 1246.09
608.4 1246.22
609.6 1246.35
610.8 1246.48
612.0 1246.62
613.2 1246.75
614.4 1246.89
615.6 1247.02
616.8 1247.16
618.0 1247.3
619.2 1247.44
620.4 1247.58
621.6 1247.72
622.8 1247.86
624.0 1248.0
625.2 1248.14
626.4 1248.28
627.6 1248.43
628.8 1248.57
630.0 1248.71
631.2 1248.86
632.4 1249.0
633.6 1249.14
634.8 1249.29
636.0 1249.43
637.2 1249.57
638.4 1249.71
639.6 1249.86
640.8 1250.0
642.0 1250.14
643.2 1250.28
644.4 1250.42
645.6 1250.56
646.8 1250.7
648.0 1250.83
649.2 1250.97
650.4 1251.1
651.6 1251.24
652.8 1251.37
654.0 1251.5
655.2 1251.63
656.4 1251.76
657.6 1251.89
658.8 1252.02
660.0 1252.14
661.2 1252.26
662.4 1252.39
663.6 1252.51
664.8 1252.63
666.0 1252.75
667.2 1252.86
668.4 1252.98
669.6 1253.09
670.8 1253.2
672.0 1253.31
673.2 1253.42
674.4 1253.53
675.6 1253.64
676.8 1253.74
678.0 1253.85
679.2 1253.95
680.4 1254.05
681.6 1254.15
682.8 1254.25
684.0 1254.35
685.2 1254.44
686.4 1254.54
687.6 1254.63
688.8 1254.73
690.0 1254.82
691.2 1254.91
692.4 1254.99
693.6 1255.08
694.8 1255.17
696.0 1255.25
697.2 1255.33
698.4 1255.42
699.6 1255.5
700.8 1255.58
702.0 1255.65
703.2 1255.73
704.4 1255.8
705.6 1255.88
706.8 1255.95
708.0 1256.02
709.2 1256.09
710.4 1256.16
711.6 1256.23
712.8 1256.29
714.0 1256.36
715.2 1256.42
716.4 1256.48
717.6 1256.55
718.8 1256.61
720.0 1256.66
721.2 1256.72
722.4 1256.78
723.6 1256.83
724.8 1256.88
726.0 1256.93
727.2 1256.99
728.4 1257.03
729.6 1257.08
730.8 1257.13
732.0 1257.17
733.2 1257.22
734.4 1257.26
735.6 1257.3
736.8 1257.34
738.0 1257.38
739.2 1257.42
740.4 1257.45
741.6 1257.49
742.8 1257.52
744.0 1257.55
745.2 1257.58
746.4 1257.61
747.6 1257.64
748.8 1257.66
750.0 1257.69
751.2 1257.71
752.4 1257.73
753.6 1257.75
754.8 1257.77
756.0 1257.79
757.2 1257.81
758.4 1257.83
759.6 1257.84
760.8 1257.86
762.0 1257.87
763.2 1257.88
764.4 1257.89
765.6 1257.9
766.8 1257.91
768.0 1257.92
769.2 1257.93
770.4 1257.94
771.6 1257.94
772.8 1257.95
774.0 1257.95
775.2 1257.96
776.4 1257.96
777.6 1257.96
778.8 1257.96
780.0 1257.97
781.2 1257.97
782.4 1257.96
783.6 1257.96
784.8 1257.96
786.0 1257.96
787.2 1257.95
788.4 1257.94
789.6 1257.94
790.8 1257.93
792.0 1257.92
793.2 1257.91
794.4 1257.9
795.6 1257.89
796.8 1257.88
798.0 1257.87
799.2 1257.85
800.4 1257.84
801.6 1257.83
802.8 1257.87
804.0 1257.97
805.2 1258.15
806.4 1258.45
807.6 1258.88
808.8 1259.47
810.0 1260.24
811.2 1261.2
812.4 1262.37
813.6 1263.77
814.8 1265.42
816.0 1267.32
817.2 1269.5
818.4 1271.97
819.6 1274.73
820.8 1277.8
822.0 1281.19
823.2 1284.91
824.4 1288.96
825.6 1293.35
826.8 1298.08
828.0 1303.16
829.2 1308.59
830.4 1314.37
831.6 1320.5
832.8 1326.97
834.0 1333.8
835.2 1340.97
836.4 1348.48
837.6 1356.33
838.8 1364.52
840.0 1373.03
841.2 1381.87
842.4 1391.03
843.6 1400.49
844.8 1410.26
846.0 1420.32
847.2 1430.66
848.4 1441.28
849.6 1452.16
850.8 1463.3
852.0 1474.69
853.2 1486.3
854.4 1498.14
855.6 1510.19
856.8 1522.44
858.0 1534.88
859.2 1547.49
860.4 1560.27
861.6 1573.19
862.8 1586.25
864.0 1599.43
865.2 1612.73
866.4 1626.13
867.6 1639.61
868.8 1653.17
870.0 1666.78
871.2 1680.45
872.4 1694.15
873.6 1707.88
874.8 1721.61
876.0 1735.35
877.2 1749.08
878.4 1762.78
879.6 1776.45
880.8 1790.07
882.0 1803.63
883.2 1817.13
884.4 1830.55
885.6 1843.89
886.8 1857.12
888.0 1870.25
889.2 1883.26
890.4 1896.15
891.6 1908.91
892.8 1921.52
894.0 1933.99
895.2 1946.3
896.4 1958.45
897.6 1970.43
898.8 1982.23
900.0 1993.86
901.2 2005.29
902.4 2016.53
903.6 2027.58
904.8 2038.42
906.0 2049.06
907.2 2059.48
908.4 2069.69
909.6 2079.69
910.8 2089.47
912.0 2099.02
913.2 2108.35
914.4 2117.45
915.6 2126.33
916.8 2134.97
918.0 2143.38
919.2 2151.57
920.4 2159.52
921.6 2167.24
922.8 2174.72
924.0 2181.98
925.2 2189.0
926.4 2195.79
927.6 2202.35
928.8 2208.68
930.0 2214.78
931.2 2220.66
932.4 2226.31
933.6 2231.73
934.8 2236.94
936.0 2241.92
937.2 2246.69
938.4 2251.24
939.6 2255.58
940.8 2259.71
942.0 2263.63
943.2 2267.35
944.4 2270.87
945.6 2274.19
946.8 2277.33
948.0 2280.27
949.2 2283.03
950.4 2285.61
951.6 2288.01
952.8 2290.24
954.0 2292.3
955.2 2294.19
956.4 2295.92
957.6 2297.49
958.8 2298.92
960.0 2300.19
961.2 2301.31
962.4 2302.3
963.6 2303.14
964.8 2303.85
966.0 2304.43
967.2 2304.88
968.4 2305.21
969.6 2305.42
970.8 2305.51
972.0 2305.49
973.2 2305.36
974.4 2305.11
975.6 2304.77
976.8 2304.32
978.0 2303.77
979.2 2303.13
980.4 2302.4
981.6 2301.57
982.8 2300.65
984.0 2299.65
985.2 2298.57
986.4 2297.4
987.6 2296.15
988.8 2294.83
990.0 2293.43
991.2 2291.95
992.4 2290.4
993.6 2288.79
994.8 2287.1
996.0 2285.34
997.2 2283.52
998.4 2281.63
999.6 2279.67
1000.8 2277.65
1002.0 2275.57
1003.2 2273.43
1004.4 2271.22
1005.6 2268.95
1006.8 2266.63
1008.0 2264.24
1009.2 2261.79
1010.4 2259.29
1011.6 2256.73
1012.8 2254.1
1014.0 2251.42
1015.2 2248.69
1016.4 2245.89
1017.6 2243.04
1018.8 2240.13
1020.0 2237.17
1021.2 2234.14
1022.4 2231.06
1023.6 2227.92
1024.8 2224.73
1026.0 2221.48
1027.2 2218.17
1028.4 2214.81
1029.6 2211.39
1030.8 2207.91
1032.0 2204.38
1033.2 2200.79
1034.4 2197.14
1035.6 2193.44
1036.8 2189.68
1038.0 2185.87
1039.2 2182.0
1040.4 2178.07
1041.6 2174.09
1042.8 2170.05
1044.0 2165.96
1045.2 2161.81
1046.4 2157.61
1047.6 2153.35
1048.8 2149.04
1050.0 2144.68
1051.2 2140.26
1052.4 2135.79
1053.6 2131.26
1054.8 2126.69
1056.0 2122.06
1057.2 2117.39
1058.4 2112.66
1059.6 2107.88
1060.8 2103.06
1062.0 2098.19
1063.2 2093.27
1064.4 2088.3
1065.6 2083.29
1066.8 2078.23
1068.0 2073.13
1069.2 2067.98
1070.4 2062.8
1071.6 2057.57
1072.8 2052.3
1074.0 2047.0
1075.2 2041.65
1076.4 2036.27
1077.6 2030.85
1078.8 2025.4
1080.0 2019.91
1081.2 2014.39
1082.4 2008.84
1083.6 2003.26
1084.8 1997.65
1086.0 1992.01
1087.2 1986.35
1088.4 1980.66
1089.6 1974.94
1090.8 1969.2
1092.0 1963.44
1093.2 1957.66
1094.4 1951.86
1095.6 1946.05
1096.8 1940.21
1098.0 1934.36
1099.2 1928.49
1100.4 1922.62
1101.6 1916.73
1102.8 1910.83
1104.0 1904.92
1105.2 1899.0
1106.4 1893.07
1107.6 1887.14
1108.8 1881.21
1110.0 1875.27
1111.2 1869.33
1112.4 1863.39
1113.6 1857.44
1114.8 1851.5
1116.0 1845.56
1117.2 1839.62
1118.4 1833.69
1119.6 1827.75
1120.8 1821.82
1122.0 1815.88
1123.2 1809.96
1124.4 1804.03
1125.6 1798.12
1126.8 1792.2
1128.0 1786.3
1129.2 1780.4
1130.4 1774.51
1131.6 1768.63
1132.8 1762.76
1134.0 1756.9
1135.2 1751.05
1136.4 1745.22
1137.6 1739.4
1138.8 1733.6
1140.0 1727.81
1141.2 1722.04
1142.4 1716.29
1143.6 1710.56
1144.8 1704.86
1146.0 1699.17
1147.2 1693.51
1148.4 1687.87
1149.6 1682.26
1150.8 1676.67
1152.0 1671.11
1153.2 1665.58
1154.4 1660.08
1155.6 1654.61
1156.8 1649.17
1158.0 1643.76
1159.2 1638.39
1160.4 1633.05
1161.6 1627.74
1162.8 1622.49
1164.0 1617.33
1165.2 1612.26
1166.4 1607.3
1167.6 1602.43
1168.8 1597.66
1170.0 1592.97
1171.2 1588.37
1172.4 1583.86
1173.6 1579.42
1174.8 1575.06
1176.0 1570.78
1177.2 1566.57
1178.4 1562.43
1179.6 1558.36
1180.8 1554.35
1182.0 1550.41
1183.2 1546.53
1184.4 1542.7
1185.6 1538.94
1186.8 1535.23
1188.0 1531.58
1189.2 1527.98
1190.4 1524.43
1191.6 1520.93
1192.8 1517.48
1194.0 1514.07
1195.2 1510.72
1196.4 1507.4
1197.6 1504.13
1198.8 1500.91
1200.0 1497.72
1201.2 1494.57
1202.4 1491.47
1203.6 1488.4
1204.8 1485.37
1206.0 1482.38
1207.2 1479.42
1208.4 1476.5
1209.6 1473.62
1210.8 1470.77
1212.0 1467.95
1213.2 1465.16
1214.4 1462.41
1215.6 1459.69
1216.8 1457.0
1218.0 1454.34
1219.2 1451.72
1220.4 1449.12
1221.6 1446.55
1222.8 1444.01
1224.0 1441.5
1225.2 1439.02
1226.4 1436.57
1227.6 1434.15
1228.8 1431.75
1230.0 1429.38
1231.2 1427.04
1232.4 1424.73
1233.6 1422.44
1234.8 1420.18
1236.0 1417.95
1237.2 1415.74
1238.4 1413.56
1239.6 1411.4
1240.8 1409.27
1242.0 1407.17
1243.2 1405.09
1244.4 1403.04
1245.6 1401.01
1246.8 1399.01
1248.0 1397.03
1249.2 1395.08
1250.4 1393.15
1251.6 1391.25
1252.8 1389.4
1254.0 1387.6
1255.2 1385.84
1256.4 1384.13
1257.6 1382.47
1258.8 1380.85
1260.0 1379.27
1261.2 1377.74
1262.4 1376.24
1263.6 1374.78
1264.8 1373.36
1266.0 1371.97
1267.2 1370.62
1268.4 1369.32
1269.6 1368.07
1270.8 1366.88
1272.0 1365.75
1273.2 1364.66
1274.4 1363.63
1275.6 1362.64
1276.8 1361.69
1278.0 1360.78
1279.2 1359.92
1280.4 1359.09
1281.6 1358.29
1282.8 1357.53
1284.0 1356.81
1285.2 1356.11
1286.4 1355.44
1287.6 1354.8
1288.8 1354.19
1290.0 1353.6
1291.2 1353.03
1292.4 1352.49
1293.6 1351.96
1294.8 1351.46
1296.0 1350.97
1297.2 1350.51
1298.4 1350.06
1299.6 1349.62
1300.8 1349.2
1302.0 1348.8
1303.2 1348.41
1304.4 1348.03
1305.6 1347.66
1306.8 1347.31
1308.0 1346.96
1309.2 1346.63
1310.4 1346.3
1311.6 1345.99
1312.8 1345.68
1314.0 1345.38
1315.2 1345.08
1316.4 1344.8
1317.6 1344.52
1318.8 1344.24
1320.0 1343.97
1321.2 1343.71
1322.4 1343.45
1323.6 1343.2
1324.8 1342.95
1326.0 1342.7
1327.2 1342.46
1328.4 1342.22
1329.6 1341.99
1330.8 1341.76
1332.0 1341.53
1333.2 1341.3
1334.4 1341.08
1335.6 1340.85
1336.8 1340.63
1338.0 1340.41
1339.2 1340.2
1340.4 1339.98
1341.6 1339.76
1342.8 1339.55
1344.0 1339.34
1345.2 1339.13
1346.4 1338.92
1347.6 1338.71
1348.8 1338.5
1350.0 1338.29
1351.2 1338.08
1352.4 1337.87
1353.6 1337.66
1354.8 1337.46
1356.0 1337.25
1357.2 1337.05
1358.4 1336.84
1359.6 1336.63
1360.8 1336.43
1362.0 1336.22
1363.2 1336.02
1364.4 1335.81
1365.6 1335.6
1366.8 1335.4
1368.0 1335.19
1369.2 1334.99
1370.4 1334.78
1371.6 1334.57
1372.8 1334.37
1374.0 1334.16
1375.2 1333.96
1376.4 1333.75
1377.6 1333.54
1378.8 1333.34
1380.0 1333.13
1381.2 1332.93
1382.4 1332.72
1383.6 1332.52
1384.8 1332.31
1386.0 1332.11
1387.2 1331.9
1388.4 1331.7
1389.6 1331.5
1390.8 1331.29
1392.0 1331.09
1393.2 1330.89
1394.4 1330.69
1395.6 1330.49
1396.8 1330.29
1398.0 1330.09
1399.2 1329.89
1400.4 1329.69
1401.6 1329.5
1402.8 1329.3
1404.0 1329.11
1405.2 1328.91
1406.4 1328.72
1407.6 1328.53
1408.8 1328.34
1410.0 1328.15
1411.2 1327.96
1412.4 1327.77
1413.6 1327.58
1414.8 1327.4
1416.0 1327.21
1417.2 1327.03
1418.4 1326.85
1419.6 1326.66
1420.8 1326.48
1422.0 1326.3
1423.2 1326.13
1424.4 1325.95
1425.6 1325.77
1426.8 1325.6
1428.0 1325.43
1429.2 1325.25
1430.4 1325.08
1431.6 1324.91
1432.8 1324.74
1434.0 1324.58
1435.2 1324.41
1436.4 1324.24
1437.6 1324.08
1438.8 1323.92
1440.0 1323.75
1441.2 1323.59
1442.4 1323.43
1443.6 1323.28
1444.8 1323.12
1446.0 1322.96
1447.2 1322.81
1448.4 1322.66
1449.6 1322.5
1450.8 1322.35
1452.0 1322.21
1453.2 1322.06
1454.4 1321.91
1455.6 1321.77
1456.8 1321.62
1458.0 1321.48
1459.2 1321.34
1460.4 1321.2
1461.6 1321.07
1462.8 1320.93
1464.0 1320.8
1465.2 1320.67
1466.4 1320.54
1467.6 1320.41
1468.8 1320.28
1470.0 1320.16
1471.2 1320.04
1472.4 1319.92
1473.6 1319.8
1474.8 1319.71
1476.0 1319.65
1477.2 1319.61
1478.4 1319.6
1479.6 1319.61
1480.8 1319.64
1482.0 1319.69
1483.2 1319.76
1484.4 1319.85
1485.6 1319.95
1486.8 1320.07
1488.0 1320.2
1489.2 1320.35
1490.4 1320.5
1491.6 1320.67
1492.8 1320.85
1494.0 1321.03
1495.2 1321.23
1496.4 1321.43
1497.6 1321.64
1498.8 1321.85
1500.0 1322.07
1501.2 1322.3
1502.4 1322.53
1503.6 1322.76
1504.8 1322.99
1506.0 1323.23
1507.2 1323.46
1508.4 1323.7
1509.6 1323.94
1510.8 1324.18
1512.0 1324.42
1513.2 1324.66
1514.4 1324.89
1515.6 1325.13
1516.8 1325.36
1518.0 1325.6
1519.2 1325.83
1520.4 1326.05
1521.6 1326.28
1522.8 1326.5
1524.0 1326.71
1525.2 1326.93
1526.4 1327.14
1527.6 1327.34
1528.8 1327.54
1530.0 1327.74
1531.2 1327.93
1532.4 1328.12
1533.6 1328.3
1534.8 1328.48
1536.0 1328.65
1537.2 1328.82
1538.4 1328.98
1539.6 1329.14
1540.8 1329.29
1542.0 1329.44
1543.2 1329.58
1544.4 1329.72
1545.6 1329.85
1546.8 1329.98
1548.0 1330.1
1549.2 1330.22
1550.4 1330.33
1551.6 1330.43
1552.8 1330.53
1554.0 1330.63
1555.2 1330.72
1556.4 1330.8
1557.6 1330.88
1558.8 1330.96
1560.0 1331.03
1561.2 1331.09
1562.4 1331.15
1563.6 1331.2
1564.8 1331.25
1566.0 1331.3
1567.2 1331.34
1568.4 1331.37
1569.6 1331.4
1570.8 1331.43
1572.0 1331.45
1573.2 1331.46
1574.4 1331.47
1575.6 1331.48
1576.8 1331.48
1578.0 1331.48
1579.2 1331.47
1580.4 1331.46
1581.6 1331.45
1582.8 1331.43
1584.0 1331.41
1585.2 1331.38
1586.4 1331.35
1587.6 1331.31
1588.8 1331.27
1590.0 1331.23
1591.2 1331.19
1592.4 1331.14
1593.6 1331.08
1594.8 1331.03
1596.0 1330.97
1597.2 1330.9
1598.4 1330.84
1599.6 1330.77
1600.8 1330.69
1602.0 1330.58
1603.2 1330.38
1604.4 1330.1
1605.6 1329.72
1606.8 1329.24
1608.0 1328.64
1609.2 1327.91
1610.4 1327.02
1611.6 1325.98
1612.8 1324.77
1614.0 1323.39
1615.2 1321.84
1616.4 1320.15
1617.6 1318.35
1618.8 1316.46
1620.0 1314.49
1621.2 1312.48
1622.4 1310.43
1623.6 1308.36
1624.8 1306.29
1626.0 1304.23
1627.2 1302.21
1628.4 1300.25
1629.6 1298.37
1630.8 1296.6
1632.0 1294.96
1633.2 1293.5
1634.4 1292.23
1635.6 1291.18
1636.8 1290.4
1638.0 1289.92
1639.2 1289.76
1640.4 1289.96
1641.6 1290.53
1642.8 1291.47
1644.0 1292.79
1645.2 1294.52
1646.4 1296.66
1647.6 1299.22
1648.8 1302.24
1650.0 1305.7
1651.2 1309.58
1652.4 1313.87
1653.6 1318.55
1654.8 1323.62
1656.0 1329.05
1657.2 1334.85
1658.4 1341.0
1659.6 1347.49
1660.8 1354.31
1662.0 1361.45
1663.2 1368.9
1664.4 1376.66
1665.6 1384.7
1666.8 1393.03
1668.0 1401.64
1669.2 1410.51
1670.4 1419.62
1671.6 1428.95
1672.8 1438.46
1674.0 1448.14
1675.2 1457.96
1676.4 1467.89
1677.6 1477.91
1678.8 1488.01
1680.0 1498.15
1681.2 1508.32
1682.4 1518.49
1683.6 1528.66
1684.8 1538.79
1686.0 1548.88
1687.2 1558.91
1688.4 1568.85
1689.6 1578.7
1690.8 1588.43
1692.0 1598.03
1693.2 1607.5
1694.4 1616.8
1695.6 1625.94
1696.8 1634.89
1698.0 1643.65
1699.2 1652.2
1700.4 1660.53
1701.6 1668.63
1702.8 1676.5
1704.0 1684.12
1705.2 1691.48
1706.4 1698.59
1707.6 1705.42
1708.8 1711.99
1710.0 1718.28
1711.2 1724.28
1712.4 1730.0
1713.6 1735.42
1714.8 1740.55
1716.0 1745.39
1717.2 1749.92
1718.4 1754.16
1719.6 1758.09
1720.8 1761.72
1722.0 1765.04
1723.2 1768.07
1724.4 1770.79
1725.6 1773.21
1726.8 1775.33
1728.0 1777.16
1729.2 1778.69
1730.4 1779.94
1731.6 1780.9
1732.8 1781.58
1734.0 1781.99
1735.2 1782.13
1736.4 1782.0
1737.6 1781.61
1738.8 1780.97
1740.0 1780.09
1741.2 1778.96
1742.4 1777.61
1743.6 1776.02
1744.8 1774.22
1746.0 1772.21
1747.2 1769.99
1748.4 1767.58
1749.6 1764.98
1750.8 1762.2
1752.0 1759.25
1753.2 1756.14
1754.4 1752.86
1755.6 1749.44
1756.8 1745.88
1758.0 1742.19
1759.2 1738.37
1760.4 1734.44
1761.6 1730.39
1762.8 1726.25
1764.0 1722.01
1765.2 1717.69
1766.4 1713.28
1767.6 1708.81
1768.8 1704.27
1770.0 1699.68
1771.2 1695.03
1772.4 1690.35
1773.6 1685.63
1774.8 1680.88
1776.0 1676.1
1777.2 1671.32
1778.4 1666.52
1779.6 1661.72
1780.8 1656.92
1782.0 1652.14
1783.2 1647.36
1784.4 1642.61
1785.6 1637.88
1786.8 1633.18
1788.0 1628.52
1789.2 1623.9
1790.4 1619.32
1791.6 1614.79
1792.8 1610.31
1794.0 1605.88
1795.2 1601.52
1796.4 1597.21
1797.6 1592.98
1798.8 1588.81
1800.0 1584.71
1801.2 1580.68
1802.4 1576.73
1803.6 1572.85
1804.8 1569.06
1806.0 1565.34
1807.2 1561.7
1808.4 1558.15
1809.6 1554.67
1810.8 1551.28
1812.0 1547.98
1813.2 1544.76
1814.4 1541.62
1815.6 1538.56
1816.8 1535.59
1818.0 1532.7
1819.2 1529.9
1820.4 1527.18
1821.6 1524.54
1822.8 1521.97
1824.0 1519.49
1825.2 1517.09
1826.4 1514.76
1827.6 1512.51
1828.8 1510.33
1830.0 1508.23
1831.2 1506.19
1832.4 1504.23
1833.6 1502.33
1834.8 1500.49
1836.0 1498.72
1837.2 1497.02
1838.4 1495.37
1839.6 1493.78
1840.8 1492.24
1842.0 1490.76
1843.2 1489.33
1844.4 1487.95
1845.6 1486.62
1846.8 1485.34
1848.0 1484.09
1849.2 1482.89
1850.4 1481.73
1851.6 1480.6
1852.8 1479.51
1854.0 1478.45
1855.2 1477.42
1856.4 1476.42
1857.6 1475.44
1858.8 1474.49
1860.0 1473.56
1861.2 1472.66
1862.4 1471.77
1863.6 1470.9
1864.8 1470.05
1866.0 1469.21
1867.2 1468.38
1868.4 1467.56
1869.6 1466.75
1870.8 1465.95
1872.0 1465.16
1873.2 1464.37
1874.4 1463.58
1875.6 1462.8
1876.8 1462.01
1878.0 1461.23
1879.2 1460.45
1880.4 1459.66
1881.6 1458.87
1882.8 1458.08
1884.0 1457.28
1885.2 1456.48
1886.4 1455.67
1887.6 1454.86
1888.8 1454.03
1890.0 1453.2
1891.2 1452.36
1892.4 1451.51
1893.6 1450.65
1894.8 1449.78
1896.0 1448.9
1897.2 1448.01
1898.4 1447.1
1899.6 1446.19
1900.8 1445.27
1902.0 1444.33
1903.2 1443.39
1904.4 1442.43
1905.6 1441.46
1906.8 1440.49
1908.0 1439.5
1909.2 1438.5
1910.4 1437.49
1911.6 1436.46
1912.8 1435.43
1914.0 1434.39
1915.2 1433.34
1916.4 1432.28
1917.6 1431.21
1918.8 1430.13
1920.0 1429.04
1921.2 1427.94
1922.4 1426.84
1923.6 1425.72
1924.8 1424.6
1926.0 1423.48
1927.2 1422.34
1928.4 1421.2
1929.6 1420.06
1930.8 1418.9
1932.0 1417.75
1933.2 1416.59
1934.4 1415.42
1935.6 1414.25
1936.8 1413.08
1938.0 1411.9
1939.2 1410.72
1940.4 1409.54
1941.6 1408.36
1942.8 1407.17
1944.0 1405.99
1945.2 1404.8
1946.4 1403.62
1947.6 1402.43
1948.8 1401.25
1950.0 1400.07
1951.2 1398.9
1952.4 1397.72
1953.6 1396.55
1954.8 1395.38
1956.0 1394.22
1957.2 1393.06
1958.4 1391.91
1959.6 1390.77
1960.8 1389.63
1962.0 1388.49
1963.2 1387.37
1964.4 1386.25
1965.6 1385.14
1966.8 1384.04
1968.0 1382.95
1969.2 1381.86
1970.4 1380.79
1971.6 1379.72
1972.8 1378.66
1974.0 1377.62
1975.2 1376.58
1976.4 1375.56
1977.6 1374.54
1978.8 1373.54
1980.0 1372.55
1981.2 1371.56
1982.4 1370.59
1983.6 1369.64
1984.8 1368.69
1986.0 1367.75
1987.2 1366.83
1988.4 1365.91
1989.6 1365.01
1990.8 1364.12
1992.0 1363.24
1993.2 1362.38
1994.4 1361.52
1995.6 1360.67
1996.8 1359.84
1998.0 1359.02
1999.2 1358.21
2000.4 1357.4
2001.6 1356.61
2002.8 1355.83
2004.0 1355.06
2005.2 1354.3
2006.4 1353.56
2007.6 1352.82
2008.8 1352.09
2010.0 1351.37
2011.2 1350.66
2012.4 1349.95
2013.6 1349.26
2014.8 1348.58
2016.0 1347.9
2017.2 1347.24
2018.4 1346.58
2019.6 1345.93
2020.8 1345.29
2022.0 1344.65
2023.2 1344.02
2024.4 1343.4
2025.6 1342.79
2026.8 1342.18
2028.0 1341.58
2029.2 1340.98
2030.4 1340.39
2031.6 1339.81
2032.8 1339.23
2034.0 1338.66
2035.2 1338.09
2036.4 1337.52
2037.6 1336.97
2038.8 1336.41
2040.0 1335.86
2041.2 1335.31
2042.4 1334.77
2043.6 1334.23
2044.8 1333.7
2046.0 1333.17
2047.2 1332.64
2048.4 1332.11
2049.6 1331.59
2050.8 1331.08
2052.0 1330.56
2053.2 1330.05
2054.4 1329.54
2055.6 1329.03
2056.8 1328.53
2058.0 1328.03
2059.2 1327.53
2060.4 1327.03
2061.6 1326.54
2062.8 1326.05
2064.0 1325.56
2065.2 1325.07
2066.4 1324.59
2067.6 1324.11
2068.8 1323.63
2070.0 1323.15
2071.2 1322.67
2072.4 1322.2
2073.6 1321.73
2074.8 1321.26
2076.0 1320.79
2077.2 1320.32
2078.4 1319.86
2079.6 1319.39
2080.8 1318.93
2082.0 1318.47
2083.2 1318.01
2084.4 1317.55
2085.6 1317.09
2086.8 1316.64
2088.0 1316.18
2089.2 1315.72
2090.4 1315.27
2091.6 1314.82
2092.8 1314.36
2094.0 1313.91
2095.2 1313.46
2096.4 1313.01
2097.6 1312.56
2098.8 1312.12
2100.0 1311.67
2101.2 1311.23
2102.4 1310.78
2103.6 1310.34
2104.8 1309.89
2106.0 1309.45
2107.2 1309.01
2108.4 1308.57
2109.6 1308.13
2110.8 1307.7
2112.0 1307.26
2113.2 1306.83
2114.4 1306.39
2115.6 1305.96
2116.8 1305.53
2118.0 1305.1
2119.2 1304.67
2120.4 1304.24
2121.6 1303.82
2122.8 1303.39
2124.0 1302.97
2125.2 1302.55
2126.4 1302.13
2127.6 1301.71
2128.8 1301.29
2130.0 1300.88
2131.2 1300.47
2132.4 1300.06
2133.6 1299.65
2134.8 1299.24
2136.0 1298.84
2137.2 1298.43
2138.4 1298.03
2139.6 1297.64
2140.8 1297.24
2142.0 1296.85
2143.2 1296.46
2144.4 1296.07
2145.6 1295.68
2146.8 1295.3
2148.0 1294.92
2149.2 1294.54
2150.4 1294.16
2151.6 1293.77
2152.8 1293.39
2154.0 1293.0
2155.2 1292.6
2156.4 1292.2
2157.6 1291.8
2158.8 1291.39
2160.0 1290.97
2161.2 1290.54
2162.4 1290.1
2163.6 1289.65
2164.8 1289.19
2166.0 1288.73
2167.2 1288.25
2168.4 1287.76
2169.6 1287.26
2170.8 1286.75
2172.0 1286.22
2173.2 1285.68
2174.4 1285.14
2175.6 1284.57
2176.8 1284.0
2178.0 1283.41
2179.2 1282.82
2180.4 1282.2
2181.6 1281.58
2182.8 1280.94
2184.0 1280.3
2185.2 1279.63
2186.4 1278.96
2187.6 1278.28
2188.8 1277.58
2190.0 1276.87
2191.2 1276.15
2192.4 1275.41
2193.6 1274.67
2194.8 1273.91
2196.0 1273.15
2197.2 1272.37
2198.4 1271.58
2199.6 1270.78
2200.8 1269.97
2202.0 1269.15
2203.2 1268.33
2204.4 1267.49
2205.6 1266.64
2206.8 1265.79
2208.0 1264.92
2209.2 1264.05
2210.4 1263.17
2211.6 1262.28
2212.8 1261.39
2214.0 1260.48
2215.2 1259.57
2216.4 1258.66
2217.6 1257.74
2218.8 1256.81
2220.0 1255.88
2221.2 1254.94
2222.4 1253.99
2223.6 1253.05
2224.8 1252.09
2226.0 1251.14
2227.2 1250.18
2228.4 1249.22
2229.6 1248.25
2230.8 1247.28
2232.0 1246.31
2233.2 1245.34
2234.4 1244.37
2235.6 1243.39
2236.8 1242.42
2238.0 1241.44
2239.2 1240.47
2240.4 1239.49
2241.6 1238.52
2242.8 1237.54
2244.0 1236.57
2245.2 1235.59
2246.4 1234.62
2247.6 1233.65
2248.8 1232.69
2250.0 1231.72
2251.2 1230.74
2252.4 1229.67
2253.6 1228.45
2254.8 1227.02
2256.0 1225.3
2257.2 1223.22
2258.4 1220.73
2259.6 1217.77
2260.8 1214.31
2262.0 1210.34
2263.2 1205.94
2264.4 1201.27
2265.6 1196.59
2266.8 1192.11
2268.0 1187.89
2269.2 1183.92
2270.4 1180.21
2271.6 1176.74
2272.8 1173.53
2274.0 1170.57
2275.2 1167.86
2276.4 1165.41
2277.6 1163.2
2278.8 1161.25
2280.0 1159.55
2281.2 1158.1
2282.4 1156.9
2283.6 1155.95
2284.8 1155.26
2286.0 1154.81
2287.2 1154.62
2288.4 1154.68
2289.6 1154.98
2290.8 1155.54
2292.0 1156.35
2293.2 1157.42
2294.4 1158.73
2295.6 1160.29
2296.8 1162.1
2298.0 1164.14
2299.2 1166.36
2300.4 1168.71
2301.6 1171.15
2302.8 1173.65
2304.0 1176.16
2305.2 1178.64
2306.4 1181.06
2307.6 1183.38
2308.8 1185.57
2310.0 1187.6
2311.2 1189.43
2312.4 1191.04
2313.6 1192.4
2314.8 1193.49
2316.0 1194.3
2317.2 1194.81
2318.4 1195.01
2319.6 1194.89
2320.8 1194.44
2322.0 1193.66
2323.2 1192.55
2324.4 1191.13
2325.6 1189.38
2326.8 1187.32
2328.0 1184.96
2329.2 1182.36
2330.4 1179.98
2331.6 1177.91
2332.8 1176.15
2334.0 1174.68
2335.2 1173.51
2336.4 1172.61
2337.6 1171.99
2338.8 1171.62
2340.0 1171.5
2341.2 1171.47
2342.4 1171.45
2343.6 1171.43
2344.8 1171.4
2346.0 1171.38
2347.2 1171.35
2348.4 1171.32
2349.6 1171.29
2350.8 1171.26
2352.0 1171.23
2353.2 1171.2
2354.4 1171.17
2355.6 1171.15
2356.8 1171.12
2358.0 1171.09
2359.2 1171.07
2360.4 1171.05
2361.6 1171.02
2362.8 1171.0
2364.0 1170.98
2365.2 1170.96
2366.4 1170.94
2367.6 1170.92
2368.8 1170.9
2370.0 1170.88
2371.2 1170.86
2372.4 1170.84
2373.6 1170.82
2374.8 1170.81
2376.0 1170.78
2377.2 1170.76
2378.4 1170.73
2379.6 1170.7
2380.8 1170.66
2382.0 1170.62
2383.2 1170.56
2384.4 1170.5
2385.6 1170.43
2386.8 1170.35
2388.0 1170.26
2389.2 1170.15
2390.4 1170.03
2391.6 1169.9
2392.8 1169.75
2394.0 1169.59
2395.2 1169.41
2396.4 1169.21
2397.6 1169.0
2398.8 1168.76
2400.0 1168.51
2401.2 1168.24
2402.4 1167.94
2403.6 1167.63
2404.8 1167.3
2406.0 1166.94
2407.2 1166.56
2408.4 1166.16
2409.6 1165.74
2410.8 1165.3
2412.0 1164.83
2413.2 1164.34
2414.4 1163.83
2415.6 1163.3
2416.8 1162.74
2418.0 1162.17
2419.2 1161.56
2420.4 1160.94
2421.6 1160.3
2422.8 1159.63
2424.0 1158.94
2425.2 1158.24
2426.4 1157.51
2427.6 1156.76
2428.8 1155.99
2430.0 1155.2
2431.2 1154.39
2432.4 1153.57
2433.6 1152.73
2434.8 1151.87
2436.0 1150.99
2437.2 1150.09
2438.4 1149.19
2439.6 1148.26
2440.8 1147.32
2442.0 1146.37
2443.2 1145.4
2444.4 1144.43
2445.6 1143.43
2446.8 1142.43
2448.0 1141.42
2449.2 1140.4
2450.4 1139.37
2451.6 1138.33
2452.8 1137.28
2454.0 1136.22
2455.2 1135.16
2456.4 1134.09
2457.6 1133.02
2458.8 1131.94
2460.0 1130.86
2461.2 1129.77
2462.4 1128.68
2463.6 1127.59
2464.8 1126.49
2466.0 1125.4
2467.2 1124.3
2468.4 1123.21
2469.6 1122.11
2470.8 1121.02
2472.0 1119.92
2473.2 1118.83
2474.4 1117.74
2475.6 1116.66
2476.8 1115.57
2478.0 1114.49
2479.2 1113.42
2480.4 1112.35
2481.6 1111.28
2482.8 1110.22
2484.0 1109.16
2485.2 1108.11
2486.4 1107.07
2487.6 1106.03
2488.8 1105.0
2490.0 1103.97
2491.2 1102.96
2492.4 1101.95
2493.6 1100.95
2494.8 1099.95
2496.0 1098.96
2497.2 1097.99
2498.4 1097.02
2499.6 1096.06
2500.8 1095.1
2502.0 1094.16
2503.2 1093.22
2504.4 1092.3
2505.6 1091.38
2506.8 1090.47
2508.0 1089.57
2509.2 1088.69
2510.4 1087.8
2511.6 1086.93
2512.8 1086.07
2514.0 1085.22
2515.2 1084.38
2516.4 1083.54
2517.6 1082.72
2518.8 1081.9
2520.0 1081.1
2521.2 1080.3
2522.4 1079.51
2523.6 1078.73
2524.8 1077.96
2526.0 1077.2
2527.2 1076.45
2528.4 1075.71
2529.6 1074.98
2530.8 1074.25
2532.0 1073.54
2533.2 1072.83
2534.4 1072.13
2535.6 1071.44
2536.8 1070.76
2538.0 1070.09
2539.2 1069.42
2540.4 1068.77
2541.6 1068.12
2542.8 1067.48
2544.0 1066.84
2545.2 1066.22
2546.4 1065.6
2547.6 1064.99
2548.8 1064.39
2550.0 1063.79
2551.2 1063.21
2552.4 1062.63
2553.6 1062.05
2554.8 1061.48
2556.0 1060.92
2557.2 1060.37
2558.4 1059.82
2559.6 1059.28
2560.8 1058.75
2562.0 1058.22
2563.2 1057.7
2564.4 1057.18
2565.6 1056.67
2566.8 1056.17
2568.0 1055.67
2569.2 1055.17
2570.4 1054.69
2571.6 1054.2
2572.8 1053.73
2574.0 1053.25
2575.2 1052.79
2576.4 1052.33
2577.6 1051.87
2578.8 1051.42
2580.0 1050.97
2581.2 1050.53
2582.4 1050.09
2583.6 1049.66
2584.8 1049.23
2586.0 1048.8
2587.2 1048.38
2588.4 1047.97
2589.6 1047.56
2590.8 1047.15
2592.0 1046.75
2593.2 1046.35
2594.4 1045.95
2595.6 1045.56
2596.8 1045.17
2598.0 1044.79
2599.2 1044.41
2600.4 1044.03
2601.6 1043.66
2602.8 1043.29
2604.0 1042.92
2605.2 1042.56
2606.4 1042.2
2607.6 1041.85
2608.8 1041.5
2610.0 1041.15
2611.2 1040.8
2612.4 1040.46
2613.6 1040.12
2614.8 1039.79
2616.0 1039.46
2617.2 1039.13
2618.4 1038.8
2619.6 1038.48
2620.8 1038.16
2622.0 1037.85
2623.2 1037.53
2624.4 1037.22
2625.6 1036.92
2626.8 1036.61
2628.0 1036.31
2629.2 1036.01
2630.4 1035.72
2631.6 1035.42
2632.8 1035.14
2634.0 1034.85
2635.2 1034.56
2636.4 1034.28
2637.6 1034.01
2638.8 1033.73
2640.0 1033.46
2641.2 1033.19
2642.4 1032.92
2643.6 1032.66
2644.8 1032.39
2646.0 1032.13
2647.2 1031.88
2648.4 1031.62
2649.6 1031.37
2650.8 1031.12
2652.0 1030.87
2653.2 1030.63
2654.4 1030.39
2655.6 1030.15
2656.8 1029.91
2658.0 1029.68
2659.2 1029.45
2660.4 1029.22
2661.6 1028.99
2662.8 1028.76
2664.0 1028.54
2665.2 1028.32
2666.4 1028.1
2667.6 1027.88
2668.8 1027.67
2670.0 1027.46
2671.2 1027.25
2672.4 1027.04
2673.6 1026.84
2674.8 1026.64
2676.0 1026.43
2677.2 1026.24
2678.4 1026.04
2679.6 1025.85
2680.8 1025.65
2682.0 1025.46
2683.2 1025.28
2684.4 1025.09
2685.6 1024.91
2686.8 1024.73
2688.0 1024.55
2689.2 1024.37
2690.4 1024.19
2691.6 1024.02
2692.8 1023.85
2694.0 1023.68
2695.2 1023.51
2696.4 1023.34
2697.6 1023.18
2698.8 1023.02
2700.0 1022.86
2701.2 1022.7
2702.4 1022.54
2703.6 1022.38
2704.8 1022.23
2706.0 1022.08
2707.2 1021.93
2708.4 1021.78
2709.6 1021.63
2710.8 1021.49
2712.0 1021.34
2713.2 1021.2
2714.4 1021.06
2715.6 1020.92
2716.8 1020.79
2718.0 1020.65
2719.2 1020.52
2720.4 1020.38
2721.6 1020.25
2722.8 1020.12
2724.0 1019.99
2725.2 1019.87
2726.4 1019.74
2727.6 1019.62
2728.8 1019.49
2730.0 1019.37
2731.2 1019.25
2732.4 1019.13
2733.6 1019.01
2734.8 1018.9
2736.0 1018.78
2737.2 1018.67
2738.4 1018.56
2739.6 1018.44
2740.8 1018.33
2742.0 1018.22
2743.2 1018.12
2744.4 1018.01
2745.6 1017.9
2746.8 1017.8
2748.0 1017.69
2749.2 1017.59
2750.4 1017.49
2751.6 1017.39
2752.8 1017.29
2754.0 1017.19
2755.2 1017.09
2756.4 1017.0
2757.6 1016.9
2758.8 1016.81
2760.0 1016.72
2761.2 1016.62
2762.4 1016.53
2763.6 1016.44
2764.8 1016.35
2766.0 1016.26
2767.2 1016.18
2768.4 1016.09
2769.6 1016.01
2770.8 1015.92
2772.0 1015.84
2773.2 1015.75
2774.4 1015.67
2775.6 1015.59
2776.8 1015.51
2778.0 1015.43
2779.2 1015.35
2780.4 1015.28
2781.6 1015.2
2782.8 1015.12
2784.0 1015.05
2785.2 1014.97
2786.4 1014.9
2787.6 1014.83
2788.8 1014.75
2790.0 1014.68
2791.2 1014.61
2792.4 1014.54
2793.6 1014.47
2794.8 1014.4
2796.0 1014.33
2797.2 1014.27
2798.4 1014.2
2799.6 1014.13
2800.8 1014.07
2802.0 1014.0
2803.2 1013.94
2804.4 1013.87
2805.6 1013.81
2806.8 1013.75
2808.0 1013.69
2809.2 1013.62
2810.4 1013.56
2811.6 1013.5
2812.8 1013.44
2814.0 1013.39
2815.2 1013.33
2816.4 1013.27
2817.6 1013.21
2818.8 1013.16
2820.0 1013.1
2821.2 1013.04
2822.4 1012.99
2823.6 1012.93
2824.8 1012.87
2826.0 1012.81
2827.2 1012.76
2828.4 1012.7
2829.6 1012.64
2830.8 1012.58
2832.0 1012.52
2833.2 1012.46
2834.4 1012.4
2835.6 1012.34
2836.8 1012.28
2838.0 1012.22
2839.2 1012.16
2840.4 1012.09
2841.6 1012.03
2842.8 1011.96
2844.0 1011.9
2845.2 1011.83
2846.4 1011.76
2847.6 1011.7
2848.8 1011.63
2850.0 1011.56
2851.2 1011.49
2852.4 1011.42
2853.6 1011.34
2854.8 1011.27
2856.0 1011.2
2857.2 1011.12
2858.4 1011.04
2859.6 1010.97
2860.8 1010.89
2862.0 1010.81
2863.2 1010.73
2864.4 1010.65
2865.6 1010.57
2866.8 1010.49
2868.0 1010.41
2869.2 1010.32
2870.4 1010.24
2871.6 1010.15
2872.8 1010.07
2874.0 1009.98
2875.2 1009.9
2876.4 1009.81
2877.6 1009.72
2878.8 1009.63
2880.0 1009.54
2881.2 1009.45
2882.4 1009.36
2883.6 1009.27
2884.8 1009.17
2886.0 1009.08
2887.2 1008.99
2888.4 1008.89
2889.6 1008.8
2890.8 1008.7
2892.0 1008.61
2893.2 1008.51
2894.4 1008.41
2895.6 1008.32
2896.8 1008.22
2898.0 1008.12
2899.2 1008.03
2900.4 1007.93
2901.6 1007.83
2902.8 1007.73
2904.0 1007.63
2905.2 1007.53
2906.4 1007.43
2907.6 1007.33
2908.8 1007.24
2910.0 1007.14
2911.2 1007.04
2912.4 1006.94
2913.6 1006.84
2914.8 1006.74
2916.0 1006.65
2917.2 1006.61
2918.4 1006.61
2919.6 1006.61
2920.8 1006.62
2922.0 1006.63
2923.2 1006.64
2924.4 1006.64
2925.6 1006.65
2926.8 1006.65
2928.0 1006.66
2929.2 1006.66
2930.4 1006.67
2931.6 1006.67
2932.8 1006.68
2934.0 1006.68
2935.2 1006.68
2936.4 1006.69
2937.6 1006.69
2938.8 1006.69
2940.0 1006.69
2941.2 1006.7
2942.4 1006.7
2943.6 1006.7
2944.8 1006.7
2946.0 1006.71
2947.2 1006.71
2948.4 1006.71
2949.6 1006.71
2950.8 1006.71
2952.0 1006.71
2953.2 1006.71
2954.4 1006.72
2955.6 1006.72
2956.8 1006.72
2958.0 1006.72
2959.2 1006.72
2960.4 1006.72
2961.6 1006.72
2962.8 1006.72
2964.0 1006.72
2965.2 1006.72
2966.4 1006.72
2967.6 1006.72
2968.8 1006.72
2970.0 1006.72
2971.2 1006.73
2972.4 1006.73
2973.6 1006.73
2974.8 1006.73
2976.0 1006.73
2977.2 1006.73
2978.4 1006.73
2979.6 1006.73
2980.8 1006.73
2982.0 1006.73
2983.2 1006.73
2984.4 1006.73
2985.6 1006.73
2986.8 1006.73
2988.0 1006.73
2989.2 1006.73
2990.4 1006.73
2991.6 1006.73
2992.8 1006.73
2994.0 1006.73
2995.2 1006.73
2996.4 1006.73
2997.6 1006.73
2998.8 1006.73
