0.0 6000.0
1.2 5999.99
2.4 5999.94
3.6 5999.79
4.8 5999.52
6.0 5999.11
7.2 5998.55
8.4 5997.81
9.6 5996.88
10.8 5995.75
12.0 5994.41
13.2 5992.83
14.4 5991.0
15.6 5988.91
16.8 5986.54
18.0 5983.86
19.2 5980.85
20.4 5977.47
21.6 5973.72
22.8 5969.57
24.0 5965.01
25.2 5960.02
26.4 5954.59
27.6 5948.7
28.8 5942.34
30.0 5935.51
31.2 5928.2
32.4 5920.39
33.6 5912.09
34.8 5903.28
36.0 5893.96
37.2 5884.13
38.4 5873.79
39.6 5862.93
40.8 5851.55
42.0 5839.65
43.2 5827.23
44.4 5814.29
45.6 5800.83
46.8 5786.86
48.0 5772.37
49.2 5757.38
50.4 5741.87
51.6 5725.86
52.8 5709.35
54.0 5692.35
55.2 5674.85
56.4 5656.87
57.6 5638.4
58.8 5619.46
60.0 5600.05
61.2 5580.17
62.4 5559.83
63.6 5539.04
64.8 5517.81
66.0 5496.13
67.2 5474.03
68.4 5451.49
69.6 5428.54
70.8 5405.18
72.0 5381.41
73.2 5357.24
74.4 5332.68
75.6 5307.75
76.8 5282.44
78.0 5256.76
79.2 5230.72
80.4 5204.33
81.6 5177.6
82.8 5150.53
84.0 5123.13
85.2 5095.42
86.4 5067.39
87.6 5039.06
88.8 5010.43
90.0 4981.52
91.2 4952.32
92.4 4922.86
93.6 4893.13
94.8 4863.14
96.0 4832.91
97.2 4802.44
98.4 4771.73
99.6 4740.8
100.8 4709.66
102.0 4678.3
103.2 4646.75
104.4 4615.01
105.6 4583.08
106.8 4550.97
108.0 4518.69
109.2 4486.26
110.4 4453.66
111.6 4420.93
112.8 4388.05
114.0 4355.04
115.2 4321.91
116.4 4288.66
117.6 4255.3
118.8 4221.83
120.0 4188.28
121.2 4154.63
122.4 4120.91
123.6 4087.11
124.8 4053.24
126.0 4019.31
127.2 3985.33
128.4 3951.3
129.6 3917.24
130.8 3883.16
132.0 3849.07
133.2 3814.99
134.4 3780.96
135.6 3747.02
136.8 3713.23
138.0 3679.6
139.2 3646.17
140.4 3612.96
141.6 3579.99
142.8 3547.31
144.0 3514.94
145.2 3482.9
146.4 3451.22
147.6 3419.94
148.8 3389.07
150.0 3358.66
151.2 3328.73
152.4 3299.29
153.6 3270.4
154.8 3242.06
156.0 3214.32
157.2 3187.23
158.4 3160.83
159.6 3135.12
160.8 3110.08
162.0 3085.68
163.2 3061.87
164.4 3038.63
165.6 3015.93
166.8 2993.75
168.0 2972.08
169.2 2950.9
170.4 2930.19
171.6 2909.94
172.8 2890.13
174.0 2870.75
175.2 2851.79
176.4 2833.23
177.6 2815.05
178.8 2797.21
180.0 2779.7
181.2 2762.48
182.4 2745.54
183.6 2728.85
184.8 2712.4
186.0 2696.16
187.2 2680.12
188.4 2664.27
189.6 2648.58
190.8 2633.06
192.0 2617.67
193.2 2602.42
194.4 2587.29
195.6 2572.27
196.8 2557.35
198.0 2542.53
199.2 2527.79
200.4 2513.13
201.6 2498.55
202.8 2484.03
204.0 2469.58
205.2 2455.18
206.4 2440.84
207.6 2426.54
208.8 2412.29
210.0 2398.08
211.2 2383.91
212.4 2369.78
213.6 2355.68
214.8 2341.61
216.0 2327.58
217.2 2313.57
218.4 2299.59
219.6 2285.64
220.8 2271.72
222.0 2257.82
223.2 2243.96
224.4 2230.12
225.6 2216.32
226.8 2202.55
228.0 2188.81
229.2 2175.11
230.4 2161.45
231.6 2147.82
232.8 2134.23
234.0 2120.69
235.2 2107.18
236.4 2093.73
237.6 2080.36
238.8 2067.11
240.0 2054.01
241.2 2041.12
242.4 2028.47
243.6 2016.09
244.8 2004.02
246.0 1992.26
247.2 1980.79
248.4 1969.59
249.6 1958.66
250.8 1947.97
252.0 1937.52
253.2 1927.3
254.4 1917.28
255.6 1907.47
256.8 1897.85
258.0 1888.4
259.2 1879.13
260.4 1870.02
261.6 1861.07
262.8 1852.26
264.0 1843.59
265.2 1835.05
266.4 1826.64
267.6 1818.35
268.8 1810.17
270.0 1802.1
271.2 1794.12
272.4 1786.25
273.6 1778.47
274.8 1770.78
276.0 1763.17
277.2 1755.65
278.4 1748.2
279.6 1740.83
280.8 1733.52
282.0 1726.29
283.2 1719.12
284.4 1712.02
285.6 1704.97
286.8 1697.99
288.0 1691.06
289.2 1684.19
290.4 1677.38
291.6 1670.61
292.8 1663.9
294.0 1657.24
295.2 1650.63
296.4 1644.06
297.6 1637.55
298.8 1631.08
300.0 1624.65
301.2 1618.27
302.4 1611.94
303.6 1605.65
304.8 1599.41
306.0 1593.21
307.2 1587.05
308.4 1580.95
309.6 1574.91
310.8 1568.99
312.0 1563.21
313.2 1557.57
314.4 1552.08
315.6 1546.72
316.8 1541.49
318.0 1536.38
319.2 1531.4
320.4 1526.52
321.6 1521.75
322.8 1517.09
324.0 1512.52
325.2 1508.04
326.4 1503.65
327.6 1499.35
328.8 1495.12
330.0 1490.97
331.2 1486.9
332.4 1482.9
333.6 1478.96
334.8 1475.09
336.0 1471.28
337.2 1467.53
338.4 1463.84
339.6 1460.2
340.8 1456.61
342.0 1453.07
343.2 1449.58
344.4 1446.14
345.6 1442.74
346.8 1439.39
348.0 1436.08
349.2 1432.81
350.4 1429.58
351.6 1426.38
352.8 1423.23
354.0 1420.11
355.2 1417.02
356.4 1413.97
357.6 1410.95
358.8 1407.97
360.0 1405.01
361.2 1402.09
362.4 1399.19
363.6 1396.33
364.8 1393.5
366.0 1390.69
367.2 1387.91
368.4 1385.17
369.6 1382.44
370.8 1379.75
372.0 1377.08
373.2 1374.44
374.4 1371.82
375.6 1369.23
376.8 1366.67
378.0 1364.13
379.2 1361.61
380.4 1359.12
381.6 1356.66
382.8 1354.22
384.0 1351.8
385.2 1349.41
386.4 1347.05
387.6 1344.7
388.8 1342.39
390.0 1340.09
391.2 1337.82
392.4 1335.58
393.6 1333.36
394.8 1331.16
396.0 1328.99
397.2 1326.84
398.4 1324.72
399.6 1322.62
400.8 1320.54
402.0 1318.49
403.2 1316.47
404.4 1314.47
405.6 1312.5
406.8 1310.57
408.0 1308.69
409.2 1306.85
410.4 1305.05
411.6 1303.3
412.8 1301.58
414.0 1299.9
415.2 1298.26
416.4 1296.65
417.6 1295.08
418.8 1293.54
420.0 1292.04
421.2 1290.57
422.4 1289.13
423.6 1287.72
424.8 1286.34
426.0 1284.99
427.2 1283.67
428.4 1282.38
429.6 1281.12
430.8 1279.88
432.0 1278.67
433.2 1277.48
434.4 1276.32
435.6 1275.19
436.8 1274.08
438.0 1272.99
439.2 1271.93
440.4 1270.89
441.6 1269.87
442.8 1268.88
444.0 1267.9
445.2 1266.95
446.4 1266.02
447.6 1265.11
448.8 1264.21
450.0 1263.34
451.2 1262.49
452.4 1261.66
453.6 1260.85
454.8 1260.05
456.0 1259.28
457.2 1258.52
458.4 1257.78
459.6 1257.05
460.8 1256.35
462.0 1255.66
463.2 1254.98
464.4 1254.33
465.6 1253.69
466.8 1253.06
468.0 1252.46
469.2 1251.86
470.4 1251.29
471.6 1250.72
472.8 1250.17
474.0 1249.64
475.2 1249.12
476.4 1248.62
477.6 1248.13
478.8 1247.65
480.0 1247.19
481.2 1246.73
482.4 1246.3
483.6 1245.87
484.8 1245.46
486.0 1245.06
487.2 1244.68
488.4 1244.3
489.6 1243.94
490.8 1243.59
492.0 1243.25
493.2 1242.93
494.4 1242.61
495.6 1242.31
496.8 1242.02
498.0 1241.74
499.2 1241.46
500.4 1241.2
501.6 1240.96
502.8 1240.72
504.0 1240.49
505.2 1240.27
506.4 1240.06
507.6 1239.86
508.8 1239.67
510.0 1239.49
511.2 1239.32
512.4 1239.16
513.6 1239.01
514.8 1238.86
516.0 1238.73
517.2 1238.6
518.4 1238.48
519.6 1238.38
520.8 1238.28
522.0 1238.18
523.2 1238.1
524.4 1238.02
525.6 1237.95
526.8 1237.89
528.0 1237.84
529.2 1237.79
530.4 1237.76
531.6 1237.72
532.8 1237.7
534.0 1237.68
535.2 1237.67
536.4 1237.67
537.6 1237.67
538.8 1237.68
540.0 1237.7
541.2 1237.72
542.4 1237.75
543.6 1237.78
544.8 1237.82
546.0 1237.87
547.2 1237.92
548.4 1237.97
549.6 1238.03
550.8 1238.09
552.0 1238.16
553.2 1238.24
554.4 1238.32
555.6 1238.4
556.8 1238.48
558.0 1238.57
559.2 1238.67
560.4 1238.76
561.6 1238.87
562.8 1238.97
564.0 1239.08
565.2 1239.19
566.4 1239.3
567.6 1239.41
568.8 1239.53
570.0 1239.65
571.2 1239.78
572.4 1239.9
573.6 1240.03
574.8 1240.16
576.0 1240.29
577.2 1240.42
578.4 1240.56
579.6 1240.69
580.8 1240.83
582.0 1240.97
583.2 1241.11
584.4 1241.25
585.6 1241.4
586.8 1241.54
588.0 1241.69
589.2 1241.83
590.4 1241.98
591.6 1242.13
592.8 1242.28
594.0 1242.43
595.2 1242.58
596.4 1242.73
597.6 1242.88
598.8 1243.03
600.0 1243.18
601.2 1243.33
602.4 1243.49
603.6 1243.64
604.8 1243.79
606.0 1243.94
607.2 1244.09
608.4 1244.24
609.6 1244.39
610.8 1244.54
612.0 1244.69
613.2 1244.84
614.4 1244.99
615.6 1245.14
616.8 1245.29
618.0 1245.44
619.2 1245.58
620.4 1245.73
621.6 1245.88
622.8 1246.02
624.0 1246.17
625.2 1246.31
626.4 1246.46
627.6 1246.6
628.8 1246.74
630.0 1246.89
631.2 1247.03
632.4 1247.17
633.6 1247.31
634.8 1247.45
636.0 1247.59
637.2 1247.73
638.4 1247.87
639.6 1248.01
640.8 1248.15
642.0 1248.28
643.2 1248.42
644.4 1248.55
645.6 1248.69
646.8 1248.82
648.0 1248.96
649.2 1249.09
650.4 1249.22
651.6 1249.35
652.8 1249.48
654.0 1249.61
655.2 1249.73
656.4 1249.86
657.6 1249.98
658.8 1250.11
660.0 1250.23
661.2 1250.35
662.4 1250.47
663.6 1250.58
664.8 1250.7
666.0 1250.81
667.2 1250.92
668.4 1251.04
669.6 1251.14
670.8 1251.25
672.0 1251.36
673.2 1251.46
674.4 1251.56
675.6 1251.66
676.8 1251.76
678.0 1251.85
679.2 1251.95
680.4 1252.04
681.6 1252.13
682.8 1252.22
684.0 1252.31
685.2 1252.4
686.4 1252.48
687.6 1252.56
688.8 1252.64
690.0 1252.72
691.2 1252.8
692.4 1252.88
693.6 1252.95
694.8 1253.03
696.0 1253.1
697.2 1253.17
698.4 1253.24
699.6 1253.31
700.8 1253.37
702.0 1253.44
703.2 1253.5
704.4 1253.56
705.6 1253.62
706.8 1253.68
708.0 1253.74
709.2 1253.8
710.4 1253.85
711.6 1253.9
712.8 1253.96
714.0 1254.01
715.2 1254.05
716.4 1254.1
717.6 1254.15
718.8 1254.19
720.0 1254.23
721.2 1254.27
722.4 1254.31
723.6 1254.35
724.8 1254.38
726.0 1254.42
727.2 1254.45
728.4 1254.48
729.6 1254.51
730.8 1254.54
732.0 1254.56
733.2 1254.59
734.4 1254.61
735.6 1254.63
736.8 1254.65
738.0 1254.67
739.2 1254.69
740.4 1254.7
741.6 1254.72
742.8 1254.73
744.0 1254.74
745.2 1254.75
746.4 1254.76
747.6 1254.77
748.8 1254.78
750.0 1254.78
751.2 1254.78
752.4 1254.79
753.6 1254.79
754.8 1254.79
756.0 1254.79
757.2 1254.79
758.4 1254.78
759.6 1254.78
760.8 1254.78
762.0 1254.77
763.2 1254.77
764.4 1254.76
765.6 1254.76
766.8 1254.75
768.0 1254.74
769.2 1254.73
770.4 1254.72
771.6 1254.71
772.8 1254.7
774.0 1254.69
775.2 1254.68
776.4 1254.67
777.6 1254.66
778.8 1254.64
780.0 1254.63
781.2 1254.62
782.4 1254.6
783.6 1254.59
784.8 1254.58
786.0 1254.56
787.2 1254.54
788.4 1254.53
789.6 1254.51
790.8 1254.5
792.0 1254.48
793.2 1254.46
794.4 1254.44
795.6 1254.42
796.8 1254.4
798.0 1254.38
799.2 1254.36
800.4 1254.34
801.6 1254.33
802.8 1254.36
804.0 1254.45
805.2 1254.63
806.4 1254.93
807.6 1255.36
808.8 1255.94
810.0 1256.7
811.2 1257.66
812.4 1258.83
813.6 1260.23
814.8 1261.87
816.0 1263.77
817.2 1265.94
818.4 1268.4
819.6 1271.16
820.8 1274.23
822.0 1277.61
823.2 1281.32
824.4 1285.37
825.6 1289.75
826.8 1294.47
828.0 1299.54
829.2 1304.96
830.4 1310.72
831.6 1316.83
832.8 1323.3
834.0 1330.1
835.2 1337.26
836.4 1344.75
837.6 1352.58
838.8 1360.74
840.0 1369.23
841.2 1378.05
842.4 1387.17
843.6 1396.61
844.8 1406.34
846.0 1416.36
847.2 1426.67
848.4 1437.25
849.6 1448.09
850.8 1459.18
852.0 1470.52
853.2 1482.08
854.4 1493.87
855.6 1505.86
856.8 1518.05
858.0 1530.42
859.2 1542.96
860.4 1555.66
861.6 1568.51
862.8 1581.49
864.0 1594.59
865.2 1607.8
866.4 1621.1
867.6 1634.49
868.8 1647.95
870.0 1661.46
871.2 1675.01
872.4 1688.6
873.6 1702.21
874.8 1715.82
876.0 1729.43
877.2 1743.02
878.4 1756.58
879.6 1770.1
880.8 1783.57
882.0 1796.98
883.2 1810.31
884.4 1823.56
885.6 1836.72
886.8 1849.77
888.0 1862.71
889.2 1875.53
890.4 1888.22
891.6 1900.77
892.8 1913.17
894.0 1925.41
895.2 1937.49
896.4 1949.4
897.6 1961.14
898.8 1972.69
900.0 1984.05
901.2 1995.22
902.4 2006.19
903.6 2016.95
904.8 2027.5
906.0 2037.84
907.2 2047.96
908.4 2057.86
909.6 2067.53
910.8 2076.97
912.0 2086.19
913.2 2095.17
914.4 2103.91
915.6 2112.42
916.8 2120.69
918.0 2128.72
919.2 2136.51
920.4 2144.06
921.6 2151.37
922.8 2158.43
924.0 2165.26
925.2 2171.84
926.4 2178.18
927.6 2184.29
928.8 2190.15
930.0 2195.78
931.2 2201.17
932.4 2206.32
933.6 2211.25
934.8 2215.94
936.0 2220.4
937.2 2224.64
938.4 2228.65
939.6 2232.44
940.8 2236.02
942.0 2239.38
943.2 2242.53
944.4 2245.48
945.6 2248.23
946.8 2250.77
948.0 2253.12
949.2 2255.29
950.4 2257.26
951.6 2259.06
952.8 2260.67
954.0 2262.12
955.2 2263.39
956.4 2264.5
957.6 2265.44
958.8 2266.23
960.0 2266.87
961.2 2267.36
962.4 2267.7
963.6 2267.91
964.8 2267.97
966.0 2267.91
967.2 2267.71
968.4 2267.39
969.6 2266.94
970.8 2266.38
972.0 2265.7
973.2 2264.91
974.4 2264.01
975.6 2263.01
976.8 2261.9
978.0 2260.7
979.2 2259.4
980.4 2258.0
981.6 2256.52
982.8 2254.94
984.0 2253.28
985.2 2251.54
986.4 2249.72
987.6 2247.82
988.8 2245.84
990.0 2243.78
991.2 2241.66
992.4 2239.46
993.6 2237.2
994.8 2234.87
996.0 2232.47
997.2 2230.01
998.4 2227.48
999.6 2224.89
1000.8 2222.25
1002.0 2219.54
1003.2 2216.77
1004.4 2213.95
1005.6 2211.07
1006.8 2208.14
1008.0 2205.15
1009.2 2202.11
1010.4 2199.01
1011.6 2195.86
1012.8 2192.66
1014.0 2189.41
1015.2 2186.1
1016.4 2182.75
1017.6 2179.34
1018.8 2175.89
1020.0 2172.38
1021.2 2168.83
1022.4 2165.22
1023.6 2161.57
1024.8 2157.87
1026.0 2154.11
1027.2 2150.32
1028.4 2146.47
1029.6 2142.57
1030.8 2138.63
1032.0 2134.64
1033.2 2130.6
1034.4 2126.51
1035.6 2122.38
1036.8 2118.2
1038.0 2113.98
1039.2 2109.71
1040.4 2105.39
1041.6 2101.02
1042.8 2096.61
1044.0 2092.16
1045.2 2087.66
1046.4 2083.11
1047.6 2078.53
1048.8 2073.89
1050.0 2069.22
1051.2 2064.5
1052.4 2059.74
1053.6 2054.93
1054.8 2050.09
1056.0 2045.2
1057.2 2040.28
1058.4 2035.31
1059.6 2030.31
1060.8 2025.26
1062.0 2020.18
1063.2 2015.07
1064.4 2009.91
1065.6 2004.73
1066.8 1999.5
1068.0 1994.25
1069.2 1988.96
1070.4 1983.64
1071.6 1978.29
1072.8 1972.91
1074.0 1967.5
1075.2 1962.06
1076.4 1956.6
1077.6 1951.11
1078.8 1945.59
1080.0 1940.06
1081.2 1934.5
1082.4 1928.91
1083.6 1923.31
1084.8 1917.69
1086.0 1912.05
1087.2 1906.4
1088.4 1900.73
1089.6 1895.05
1090.8 1889.35
1092.0 1883.64
1093.2 1877.92
1094.4 1872.19
1095.6 1866.45
1096.8 1860.71
1098.0 1854.96
1099.2 1849.21
1100.4 1843.45
1101.6 1837.68
1102.8 1831.92
1104.0 1826.15
1105.2 1820.37
1106.4 1814.59
1107.6 1808.81
1108.8 1803.03
1110.0 1797.25
1111.2 1791.46
1112.4 1785.68
1113.6 1779.9
1114.8 1774.12
1116.0 1768.35
1117.2 1762.58
1118.4 1756.81
1119.6 1751.05
1120.8 1745.3
1122.0 1739.57
1123.2 1733.84
1124.4 1728.12
1125.6 1722.42
1126.8 1716.73
1128.0 1711.06
1129.2 1705.4
1130.4 1699.77
1131.6 1694.15
1132.8 1688.55
1134.0 1682.98
1135.2 1677.43
1136.4 1671.9
1137.6 1666.4
1138.8 1660.93
1140.0 1655.49
1141.2 1650.07
1142.4 1644.69
1143.6 1639.33
1144.8 1634.01
1146.0 1628.72
1147.2 1623.47
1148.4 1618.28
1149.6 1613.18
1150.8 1608.18
1152.0 1603.29
1153.2 1598.49
1154.4 1593.8
1155.6 1589.2
1156.8 1584.68
1158.0 1580.26
1159.2 1575.91
1160.4 1571.65
1161.6 1567.47
1162.8 1563.36
1164.0 1559.33
1165.2 1555.36
1166.4 1551.47
1167.6 1547.64
1168.8 1543.87
1170.0 1540.17
1171.2 1536.52
1172.4 1532.94
1173.6 1529.41
1174.8 1525.94
1176.0 1522.51
1177.2 1519.14
1178.4 1515.82
1179.6 1512.55
1180.8 1509.33
1182.0 1506.15
1183.2 1503.02
1184.4 1499.93
1185.6 1496.88
1186.8 1493.87
1188.0 1490.9
1189.2 1487.98
1190.4 1485.09
1191.6 1482.23
1192.8 1479.42
1194.0 1476.63
1195.2 1473.89
1196.4 1471.17
1197.6 1468.5
1198.8 1465.85
1200.0 1463.23
1201.2 1460.65
1202.4 1458.1
1203.6 1455.57
1204.8 1453.08
1206.0 1450.62
1207.2 1448.18
1208.4 1445.78
1209.6 1443.4
1210.8 1441.05
1212.0 1438.73
1213.2 1436.43
1214.4 1434.16
1215.6 1431.92
1216.8 1429.7
1218.0 1427.51
1219.2 1425.34
1220.4 1423.21
1221.6 1421.09
1222.8 1419.0
1224.0 1416.94
1225.2 1414.9
1226.4 1412.88
1227.6 1410.89
1228.8 1408.93
1230.0 1406.99
1231.2 1405.07
1232.4 1403.18
1233.6 1401.31
1234.8 1399.46
1236.0 1397.64
1237.2 1395.84
1238.4 1394.07
1239.6 1392.31
1240.8 1390.58
1242.0 1388.88
1243.2 1387.19
1244.4 1385.53
1245.6 1383.89
1246.8 1382.28
1248.0 1380.68
1249.2 1379.11
1250.4 1377.56
1251.6 1376.04
1252.8 1374.53
1254.0 1373.05
1255.2 1371.59
1256.4 1370.15
1257.6 1368.73
1258.8 1367.34
1260.0 1365.96
1261.2 1364.61
1262.4 1363.28
1263.6 1361.98
1264.8 1360.69
1266.0 1359.42
1267.2 1358.18
1268.4 1356.96
1269.6 1355.76
1270.8 1354.57
1272.0 1353.41
1273.2 1352.27
1274.4 1351.15
1275.6 1350.06
1276.8 1348.98
1278.0 1347.92
1279.2 1346.88
1280.4 1345.86
1281.6 1344.86
1282.8 1343.88
1284.0 1342.92
1285.2 1341.97
1286.4 1341.05
1287.6 1340.15
1288.8 1339.31
1290.0 1338.5
1291.2 1337.74
1292.4 1337.02
1293.6 1336.33
1294.8 1335.68
1296.0 1335.07
1297.2 1334.49
1298.4 1333.94
1299.6 1333.42
1300.8 1332.93
1302.0 1332.46
1303.2 1332.03
1304.4 1331.61
1305.6 1331.22
1306.8 1330.85
1308.0 1330.51
1309.2 1330.18
1310.4 1329.87
1311.6 1329.58
1312.8 1329.3
1314.0 1329.05
1315.2 1328.8
1316.4 1328.58
1317.6 1328.36
1318.8 1328.16
1320.0 1327.97
1321.2 1327.79
1322.4 1327.62
1323.6 1327.46
1324.8 1327.31
1326.0 1327.17
1327.2 1327.04
1328.4 1326.91
1329.6 1326.79
1330.8 1326.68
1332.0 1326.58
1333.2 1326.48
1334.4 1326.38
1335.6 1326.29
1336.8 1326.21
1338.0 1326.13
1339.2 1326.05
1340.4 1325.98
1341.6 1325.91
1342.8 1325.85
1344.0 1325.79
1345.2 1325.73
1346.4 1325.67
1347.6 1325.61
1348.8 1325.56
1350.0 1325.51
1351.2 1325.46
1352.4 1325.41
1353.6 1325.36
1354.8 1325.31
1356.0 1325.27
1357.2 1325.22
1358.4 1325.18
1359.6 1325.13
1360.8 1325.09
1362.0 1325.05
1363.2 1325.01
1364.4 1324.96
1365.6 1324.92
1366.8 1324.88
1368.0 1324.84
1369.2 1324.8
1370.4 1324.76
1371.6 1324.72
1372.8 1324.68
1374.0 1324.64
1375.2 1324.59
1376.4 1324.55
1377.6 1324.51
1378.8 1324.47
1380.0 1324.43
1381.2 1324.39
1382.4 1324.35
1383.6 1324.31
1384.8 1324.27
1386.0 1324.23
1387.2 1324.19
1388.4 1324.15
1389.6 1324.11
1390.8 1324.07
1392.0 1324.03
1393.2 1323.99
1394.4 1323.95
1395.6 1323.9
1396.8 1323.86
1398.0 1323.82
1399.2 1323.78
1400.4 1323.74
1401.6 1323.69
1402.8 1323.65
1404.0 1323.6
1405.2 1323.56
1406.4 1323.51
1407.6 1323.47
1408.8 1323.42
1410.0 1323.37
1411.2 1323.32
1412.4 1323.27
1413.6 1323.22
1414.8 1323.17
1416.0 1323.12
1417.2 1323.07
1418.4 1323.02
1419.6 1322.96
1420.8 1322.91
1422.0 1322.85
1423.2 1322.8
1424.4 1322.74
1425.6 1322.69
1426.8 1322.63
1428.0 1322.57
1429.2 1322.51
1430.4 1322.45
1431.6 1322.39
1432.8 1322.33
1434.0 1322.27
1435.2 1322.21
1436.4 1322.15
1437.6 1322.08
1438.8 1322.02
1440.0 1321.96
1441.2 1321.89
1442.4 1321.83
1443.6 1321.76
1444.8 1321.7
1446.0 1321.63
1447.2 1321.56
1448.4 1321.49
1449.6 1321.43
1450.8 1321.36
1452.0 1321.29
1453.2 1321.22
1454.4 1321.15
1455.6 1321.08
1456.8 1321.0
1458.0 1320.93
1459.2 1320.86
1460.4 1320.79
1461.6 1320.71
1462.8 1320.64
1464.0 1320.56
1465.2 1320.49
1466.4 1320.41
1467.6 1320.34
1468.8 1320.26
1470.0 1320.18
1471.2 1320.1
1472.4 1320.03
1473.6 1319.95
1474.8 1319.87
1476.0 1319.79
1477.2 1319.72
1478.4 1319.64
1479.6 1319.56
1480.8 1319.48
1482.0 1319.4
1483.2 1319.33
1484.4 1319.25
1485.6 1319.17
1486.8 1319.09
1488.0 1319.01
1489.2 1318.94
1490.4 1318.86
1491.6 1318.78
1492.8 1318.71
1494.0 1318.63
1495.2 1318.56
1496.4 1318.49
1497.6 1318.41
1498.8 1318.34
1500.0 1318.27
1501.2 1318.2
1502.4 1318.13
1503.6 1318.06
1504.8 1317.99
1506.0 1317.93
1507.2 1317.86
1508.4 1317.79
1509.6 1317.73
1510.8 1317.67
1512.0 1317.6
1513.2 1317.54
1514.4 1317.48
1515.6 1317.42
1516.8 1317.36
1518.0 1317.31
1519.2 1317.25
1520.4 1317.19
1521.6 1317.14
1522.8 1317.08
1524.0 1317.03
1525.2 1316.97
1526.4 1316.92
1527.6 1316.87
1528.8 1316.82
1530.0 1316.77
1531.2 1316.72
1532.4 1316.67
1533.6 1316.62
1534.8 1316.57
1536.0 1316.53
1537.2 1316.48
1538.4 1316.44
1539.6 1316.39
1540.8 1316.35
1542.0 1316.3
1543.2 1316.26
1544.4 1316.22
1545.6 1316.18
1546.8 1316.14
1548.0 1316.1
1549.2 1316.06
1550.4 1316.02
1551.6 1315.99
1552.8 1315.95
1554.0 1315.91
1555.2 1315.88
1556.4 1315.85
1557.6 1315.81
1558.8 1315.78
1560.0 1315.75
1561.2 1315.72
1562.4 1315.69
1563.6 1315.67
1564.8 1315.64
1566.0 1315.61
1567.2 1315.59
1568.4 1315.56
1569.6 1315.54
1570.8 1315.52
1572.0 1315.5
1573.2 1315.47
1574.4 1315.45
1575.6 1315.43
1576.8 1315.41
1578.0 1315.4
1579.2 1315.38
1580.4 1315.36
1581.6 1315.34
1582.8 1315.33
1584.0 1315.31
1585.2 1315.29
1586.4 1315.28
1587.6 1315.26
1588.8 1315.25
1590.0 1315.23
1591.2 1315.21
1592.4 1315.2
1593.6 1315.18
1594.8 1315.17
1596.0 1315.15
1597.2 1315.13
1598.4 1315.12
1599.6 1315.1
1600.8 1315.08
1602.0 1315.02
1603.2 1314.9
1604.4 1314.69
1605.6 1314.4
1606.8 1314.02
1608.0 1313.52
1609.2 1312.88
1610.4 1312.11
1611.6 1311.18
1612.8 1310.1
1614.0 1308.85
1615.2 1307.44
1616.4 1305.93
1617.6 1304.34
1618.8 1302.67
1620.0 1300.95
1621.2 1299.17
1622.4 1297.36
1623.6 1295.53
1624.8 1293.69
1626.0 1291.88
1627.2 1290.1
1628.4 1288.39
1629.6 1286.77
1630.8 1285.28
1632.0 1283.92
1633.2 1282.75
1634.4 1281.79
1635.6 1281.07
1636.8 1280.63
1638.0 1280.51
1639.2 1280.73
1640.4 1281.35
1641.6 1282.36
1642.8 1283.8
1644.0 1285.67
1645.2 1287.97
1646.4 1290.74
1647.6 1293.98
1648.8 1297.69
1650.0 1301.86
1651.2 1306.46
1652.4 1311.49
1653.6 1316.92
1654.8 1322.74
1656.0 1328.94
1657.2 1335.51
1658.4 1342.44
1659.6 1349.71
1660.8 1357.31
1662.0 1365.23
1663.2 1373.47
1664.4 1382.0
1665.6 1390.81
1666.8 1399.91
1668.0 1409.27
1669.2 1418.88
1670.4 1428.74
1671.6 1438.83
1672.8 1449.14
1674.0 1459.65
1675.2 1470.32
1676.4 1481.12
1677.6 1492.03
1678.8 1503.02
1680.0 1514.07
1681.2 1525.14
1682.4 1536.22
1683.6 1547.27
1684.8 1558.28
1686.0 1569.23
1687.2 1580.09
1688.4 1590.84
1689.6 1601.46
1690.8 1611.94
1692.0 1622.25
1693.2 1632.38
1694.4 1642.31
1695.6 1652.03
1696.8 1661.52
1698.0 1670.76
1699.2 1679.74
1700.4 1688.45
1701.6 1696.87
1702.8 1705.0
1704.0 1712.82
1705.2 1720.33
1706.4 1727.52
1707.6 1734.37
1708.8 1740.9
1710.0 1747.08
1711.2 1752.93
1712.4 1758.42
1713.6 1763.56
1714.8 1768.35
1716.0 1772.79
1717.2 1776.87
1718.4 1780.6
1719.6 1783.97
1720.8 1786.99
1722.0 1789.66
1723.2 1791.98
1724.4 1793.96
1725.6 1795.6
1726.8 1796.91
1728.0 1797.89
1729.2 1798.54
1730.4 1798.89
1731.6 1798.92
1732.8 1798.66
1734.0 1798.11
1735.2 1797.28
1736.4 1796.17
1737.6 1794.8
1738.8 1793.17
1740.0 1791.3
1741.2 1789.19
1742.4 1786.86
1743.6 1784.31
1744.8 1781.56
1746.0 1778.61
1747.2 1775.48
1748.4 1772.17
1749.6 1768.69
1750.8 1765.06
1752.0 1761.29
1753.2 1757.37
1754.4 1753.34
1755.6 1749.18
1756.8 1744.92
1758.0 1740.56
1759.2 1736.11
1760.4 1731.58
1761.6 1726.98
1762.8 1722.32
1764.0 1717.6
1765.2 1712.83
1766.4 1708.02
1767.6 1703.18
1768.8 1698.32
1770.0 1693.44
1771.2 1688.54
1772.4 1683.65
1773.6 1678.75
1774.8 1673.86
1776.0 1668.99
1777.2 1664.13
1778.4 1659.3
1779.6 1654.5
1780.8 1649.74
1782.0 1645.01
1783.2 1640.33
1784.4 1635.69
1785.6 1631.11
1786.8 1626.58
1788.0 1622.12
1789.2 1617.71
1790.4 1613.37
1791.6 1609.1
1792.8 1604.9
1794.0 1600.76
1795.2 1596.71
1796.4 1592.73
1797.6 1588.83
1798.8 1585.0
1800.0 1581.26
1801.2 1577.59
1802.4 1574.01
1803.6 1570.51
1804.8 1567.09
1806.0 1563.75
1807.2 1560.5
1808.4 1557.33
1809.6 1554.24
1810.8 1551.23
1812.0 1548.3
1813.2 1545.45
1814.4 1542.69
1815.6 1540.0
1816.8 1537.39
1818.0 1534.85
1819.2 1532.39
1820.4 1530.0
1821.6 1527.69
1822.8 1525.44
1824.0 1523.27
1825.2 1521.16
1826.4 1519.12
1827.6 1517.14
1828.8 1515.23
1830.0 1513.37
1831.2 1511.58
1832.4 1509.84
1833.6 1508.16
1834.8 1506.52
1836.0 1504.94
1837.2 1503.41
1838.4 1501.92
1839.6 1500.48
1840.8 1499.08
1842.0 1497.72
1843.2 1496.4
1844.4 1495.11
1845.6 1493.86
1846.8 1492.64
1848.0 1491.45
1849.2 1490.29
1850.4 1489.15
1851.6 1488.04
1852.8 1486.95
1854.0 1485.89
1855.2 1484.84
1856.4 1483.81
1857.6 1482.79
1858.8 1481.79
1860.0 1480.81
1861.2 1479.84
1862.4 1478.87
1863.6 1477.92
1864.8 1476.98
1866.0 1476.04
1867.2 1475.11
1868.4 1474.18
1869.6 1473.26
1870.8 1472.34
1872.0 1471.42
1873.2 1470.51
1874.4 1469.59
1875.6 1468.68
1876.8 1467.76
1878.0 1466.84
1879.2 1465.92
1880.4 1464.99
1881.6 1464.06
1882.8 1463.13
1884.0 1462.19
1885.2 1461.25
1886.4 1460.3
1887.6 1459.34
1888.8 1458.37
1890.0 1457.4
1891.2 1456.42
1892.4 1455.42
1893.6 1454.42
1894.8 1453.42
1896.0 1452.4
1897.2 1451.37
1898.4 1450.33
1899.6 1449.28
1900.8 1448.22
1902.0 1447.15
1903.2 1446.07
1904.4 1444.98
1905.6 1443.87
1906.8 1442.76
1908.0 1441.64
1909.2 1440.51
1910.4 1439.38
1911.6 1438.23
1912.8 1437.07
1914.0 1435.91
1915.2 1434.73
1916.4 1433.55
1917.6 1432.36
1918.8 1431.17
1920.0 1429.97
1921.2 1428.76
1922.4 1427.55
1923.6 1426.33
1924.8 1425.1
1926.0 1423.88
1927.2 1422.64
1928.4 1421.41
1929.6 1420.17
1930.8 1418.93
1932.0 1417.69
1933.2 1416.45
1934.4 1415.21
1935.6 1413.97
1936.8 1412.73
1938.0 1411.49
1939.2 1410.25
1940.4 1409.01
1941.6 1407.78
1942.8 1406.54
1944.0 1405.32
1945.2 1404.09
1946.4 1402.88
1947.6 1401.66
1948.8 1400.45
1950.0 1399.25
1951.2 1398.06
1952.4 1396.87
1953.6 1395.69
1954.8 1394.51
1956.0 1393.35
1957.2 1392.19
1958.4 1391.04
1959.6 1389.91
1960.8 1388.78
1962.0 1387.66
1963.2 1386.55
1964.4 1385.45
1965.6 1384.36
1966.8 1383.28
1968.0 1382.21
1969.2 1381.15
1970.4 1380.1
1971.6 1379.07
1972.8 1378.04
1974.0 1377.03
1975.2 1376.03
1976.4 1375.03
1977.6 1374.05
1978.8 1373.08
1980.0 1372.13
1981.2 1371.18
1982.4 1370.24
1983.6 1369.32
1984.8 1368.41
1986.0 1367.5
1987.2 1366.61
1988.4 1365.73
1989.6 1364.86
1990.8 1364.01
1992.0 1363.16
1993.2 1362.32
1994.4 1361.49
1995.6 1360.68
1996.8 1359.87
1998.0 1359.07
1999.2 1358.29
2000.4 1357.51
2001.6 1356.74
2002.8 1355.99
2004.0 1355.24
2005.2 1354.5
2006.4 1353.77
2007.6 1353.05
2008.8 1352.33
2010.0 1351.63
2011.2 1350.93
2012.4 1350.24
2013.6 1349.56
2014.8 1348.89
2016.0 1348.23
2017.2 1347.57
2018.4 1346.92
2019.6 1346.27
2020.8 1345.64
2022.0 1345.01
2023.2 1344.38
2024.4 1343.77
2025.6 1343.16
2026.8 1342.55
2028.0 1341.95
2029.2 1341.36
2030.4 1340.77
2031.6 1340.19
2032.8 1339.61
2034.0 1339.04
2035.2 1338.47
2036.4 1337.91
2037.6 1337.35
2038.8 1336.79
2040.0 1336.24
2041.2 1335.7
2042.4 1335.15
2043.6 1334.61
2044.8 1334.07
2046.0 1333.54
2047.2 1333.01
2048.4 1332.48
2049.6 1331.95
2050.8 1331.43
2052.0 1330.91
2053.2 1330.39
2054.4 1329.88
2055.6 1329.36
2056.8 1328.85
2058.0 1328.34
2059.2 1327.84
2060.4 1327.33
2061.6 1326.83
2062.8 1326.33
2064.0 1325.83
2065.2 1325.33
2066.4 1324.84
2067.6 1324.35
2068.8 1323.86
2070.0 1323.37
2071.2 1322.88
2072.4 1322.4
2073.6 1321.92
2074.8 1321.44
2076.0 1320.96
2077.2 1320.49
2078.4 1320.02
2079.6 1319.55
2080.8 1319.08
2082.0 1318.62
2083.2 1318.15
2084.4 1317.69
2085.6 1317.23
2086.8 1316.78
2088.0 1316.32
2089.2 1315.87
2090.4 1315.42
2091.6 1314.96
2092.8 1314.52
2094.0 1314.07
2095.2 1313.62
2096.4 1313.18
2097.6 1312.73
2098.8 1312.29
2100.0 1311.85
2101.2 1311.41
2102.4 1310.97
2103.6 1310.53
2104.8 1310.09
2106.0 1309.66
2107.2 1309.22
2108.4 1308.79
2109.6 1308.36
2110.8 1307.93
2112.0 1307.5
2113.2 1307.07
2114.4 1306.65
2115.6 1306.23
2116.8 1305.81
2118.0 1305.39
2119.2 1304.98
2120.4 1304.56
2121.6 1304.15
2122.8 1303.75
2124.0 1303.34
2125.2 1302.94
2126.4 1302.54
2127.6 1302.14
2128.8 1301.74
2130.0 1301.33
2131.2 1300.92
2132.4 1300.5
2133.6 1300.08
2134.8 1299.65
2136.0 1299.21
2137.2 1298.76
2138.4 1298.3
2139.6 1297.83
2140.8 1297.34
2142.0 1296.85
2143.2 1296.34
2144.4 1295.82
2145.6 1295.29
2146.8 1294.74
2148.0 1294.18
2149.2 1293.61
2150.4 1293.02
2151.6 1292.42
2152.8 1291.8
2154.0 1291.16
2155.2 1290.52
2156.4 1289.85
2157.6 1289.18
2158.8 1288.49
2160.0 1287.78
2161.2 1287.06
2162.4 1286.33
2163.6 1285.58
2164.8 1284.81
2166.0 1284.04
2167.2 1283.25
2168.4 1282.45
2169.6 1281.63
2170.8 1280.8
2172.0 1279.96
2173.2 1279.1
2174.4 1278.24
2175.6 1277.36
2176.8 1276.47
2178.0 1275.57
2179.2 1274.66
2180.4 1273.74
2181.6 1272.81
2182.8 1271.86
2184.0 1270.91
2185.2 1269.95
2186.4 1268.98
2187.6 1268.0
2188.8 1267.02
2190.0 1266.02
2191.2 1265.02
2192.4 1264.01
2193.6 1262.99
2194.8 1261.97
2196.0 1260.94
2197.2 1259.91
2198.4 1258.87
2199.6 1257.83
2200.8 1256.78
2202.0 1255.72
2203.2 1254.67
2204.4 1253.61
2205.6 1252.54
2206.8 1251.48
2208.0 1250.41
2209.2 1249.34
2210.4 1248.27
2211.6 1247.2
2212.8 1246.13
2214.0 1245.05
2215.2 1243.98
2216.4 1242.9
2217.6 1241.83
2218.8 1240.76
2220.0 1239.69
2221.2 1238.62
2222.4 1237.56
2223.6 1236.49
2224.8 1235.43
2226.0 1234.37
2227.2 1233.31
2228.4 1232.26
2229.6 1231.21
2230.8 1230.17
2232.0 1229.13
2233.2 1228.09
2234.4 1227.06
2235.6 1226.03
2236.8 1225.01
2238.0 1224.0
2239.2 1222.99
2240.4 1221.98
2241.6 1220.98
2242.8 1219.99
2244.0 1219.01
2245.2 1218.03
2246.4 1217.06
2247.6 1216.09
2248.8 1215.13
2250.0 1214.18
2251.2 1213.23
2252.4 1212.19
2253.6 1211.01
2254.8 1209.63
2256.0 1207.97
2257.2 1205.99
2258.4 1203.6
2259.6 1200.77
2260.8 1197.46
2262.0 1193.67
2263.2 1189.47
2264.4 1185.08
2265.6 1180.78
2266.8 1176.75
2268.0 1173.01
2269.2 1169.57
2270.4 1166.43
2271.6 1163.58
2272.8 1161.02
2274.0 1158.76
2275.2 1156.79
2276.4 1155.12
2277.6 1153.74
2278.8 1152.66
2280.0 1151.87
2281.2 1151.37
2282.4 1151.17
2283.6 1151.26
2284.8 1151.65
2286.0 1152.33
2287.2 1153.3
2288.4 1154.57
2289.6 1156.13
2290.8 1157.98
2292.0 1160.13
2293.2 1162.57
2294.4 1165.3
2295.6 1168.29
2296.8 1171.48
2298.0 1174.83
2299.2 1178.3
2300.4 1181.83
2301.6 1185.39
2302.8 1188.94
2304.0 1192.43
2305.2 1195.82
2306.4 1199.09
2307.6 1202.19
2308.8 1205.09
2310.0 1207.77
2311.2 1210.18
2312.4 1212.31
2313.6 1214.13
2314.8 1215.63
2316.0 1216.77
2317.2 1217.56
2318.4 1217.98
2319.6 1218.03
2320.8 1217.7
2322.0 1217.0
2323.2 1215.93
2324.4 1214.49
2325.6 1212.69
2326.8 1210.55
2328.0 1208.07
2329.2 1205.32
2330.4 1202.76
2331.6 1200.5
2332.8 1198.51
2334.0 1196.81
2335.2 1195.37
2336.4 1194.2
2337.6 1193.29
2338.8 1192.62
2340.0 1192.19
2341.2 1191.99
2342.4 1191.95
2343.6 1191.93
2344.8 1191.9
2346.0 1191.88
2347.2 1191.85
2348.4 1191.82
2349.6 1191.79
2350.8 1191.76
2352.0 1191.73
2353.2 1191.7
2354.4 1191.67
2355.6 1191.65
2356.8 1191.62
2358.0 1191.59
2359.2 1191.57
2360.4 1191.55
2361.6 1191.52
2362.8 1191.5
2364.0 1191.48
2365.2 1191.46
2366.4 1191.44
2367.6 1191.42
2368.8 1191.39
2370.0 1191.37
2371.2 1191.35
2372.4 1191.32
2373.6 1191.29
2374.8 1191.26
2376.0 1191.22
2377.2 1191.17
2378.4 1191.11
2379.6 1191.04
2380.8 1190.96
2382.0 1190.87
2383.2 1190.77
2384.4 1190.65
2385.6 1190.52
2386.8 1190.37
2388.0 1190.2
2389.2 1190.01
2390.4 1189.8
2391.6 1189.58
2392.8 1189.33
2394.0 1189.06
2395.2 1188.77
2396.4 1188.45
2397.6 1188.11
2398.8 1187.75
2400.0 1187.36
2401.2 1186.94
2402.4 1186.5
2403.6 1186.04
2404.8 1185.54
2406.0 1185.03
2407.2 1184.48
2408.4 1183.91
2409.6 1183.31
2410.8 1182.69
2412.0 1182.04
2413.2 1181.36
2414.4 1180.66
2415.6 1179.93
2416.8 1179.17
2418.0 1178.4
2419.2 1177.59
2420.4 1176.76
2421.6 1175.91
2422.8 1175.04
2424.0 1174.14
2425.2 1173.22
2426.4 1172.28
2427.6 1171.32
2428.8 1170.34
2430.0 1169.34
2431.2 1168.32
2432.4 1167.28
2433.6 1166.23
2434.8 1165.15
2436.0 1164.07
2437.2 1162.97
2438.4 1161.85
2439.6 1160.72
2440.8 1159.58
2442.0 1158.42
2443.2 1157.26
2444.4 1156.08
2445.6 1154.9
2446.8 1153.7
2448.0 1152.5
2449.2 1151.29
2450.4 1150.08
2451.6 1148.86
2452.8 1147.63
2454.0 1146.4
2455.2 1145.17
2456.4 1143.93
2457.6 1142.69
2458.8 1141.45
2460.0 1140.21
2461.2 1138.96
2462.4 1137.72
2463.6 1136.47
2464.8 1135.23
2466.0 1133.99
2467.2 1132.75
2468.4 1131.51
2469.6 1130.28
2470.8 1129.05
2472.0 1127.82
2473.2 1126.6
2474.4 1125.38
2475.6 1124.16
2476.8 1122.96
2478.0 1121.76
2479.2 1120.56
2480.4 1119.37
2481.6 1118.19
2482.8 1117.02
2484.0 1115.85
2485.2 1114.7
2486.4 1113.55
2487.6 1112.41
2488.8 1111.28
2490.0 1110.16
2491.2 1109.05
2492.4 1107.95
2493.6 1106.86
2494.8 1105.78
2496.0 1104.71
2497.2 1103.66
2498.4 1102.61
2499.6 1101.58
2500.8 1100.55
2502.0 1099.54
2503.2 1098.54
2504.4 1097.55
2505.6 1096.58
2506.8 1095.61
2508.0 1094.66
2509.2 1093.71
2510.4 1092.78
2511.6 1091.86
2512.8 1090.95
2514.0 1090.06
2515.2 1089.17
2516.4 1088.3
2517.6 1087.43
2518.8 1086.58
2520.0 1085.74
2521.2 1084.91
2522.4 1084.09
2523.6 1083.28
2524.8 1082.48
2526.0 1081.7
2527.2 1080.92
2528.4 1080.15
2529.6 1079.39
2530.8 1078.64
2532.0 1077.9
2533.2 1077.17
2534.4 1076.45
2535.6 1075.74
2536.8 1075.04
2538.0 1074.35
2539.2 1073.66
2540.4 1072.99
2541.6 1072.32
2542.8 1071.66
2544.0 1071.01
2545.2 1070.37
2546.4 1069.73
2547.6 1069.1
2548.8 1068.48
2550.0 1067.87
2551.2 1067.26
2552.4 1066.66
2553.6 1066.07
2554.8 1065.49
2556.0 1064.91
2557.2 1064.34
2558.4 1063.77
2559.6 1063.21
2560.8 1062.66
2562.0 1062.11
2563.2 1061.57
2564.4 1061.04
2565.6 1060.51
2566.8 1059.98
2568.0 1059.46
2569.2 1058.95
2570.4 1058.44
2571.6 1057.94
2572.8 1057.44
2574.0 1056.95
2575.2 1056.46
2576.4 1055.98
2577.6 1055.5
2578.8 1055.03
2580.0 1054.56
2581.2 1054.09
2582.4 1053.63
2583.6 1053.18
2584.8 1052.73
2586.0 1052.28
2587.2 1051.84
2588.4 1051.4
2589.6 1050.96
2590.8 1050.53
2592.0 1050.1
2593.2 1049.68
2594.4 1049.26
2595.6 1048.85
2596.8 1048.43
2598.0 1048.03
2599.2 1047.62
2600.4 1047.22
2601.6 1046.82
2602.8 1046.43
2604.0 1046.04
2605.2 1045.65
2606.4 1045.27
2607.6 1044.89
2608.8 1044.51
2610.0 1044.14
2611.2 1043.77
2612.4 1043.4
2613.6 1043.04
2614.8 1042.68
2616.0 1042.32
2617.2 1041.97
2618.4 1041.62
2619.6 1041.27
2620.8 1040.93
2622.0 1040.59
2623.2 1040.25
2624.4 1039.92
2625.6 1039.59
2626.8 1039.26
2628.0 1038.93
2629.2 1038.61
2630.4 1038.29
2631.6 1037.98
2632.8 1037.66
2634.0 1037.35
2635.2 1037.05
2636.4 1036.74
2637.6 1036.44
2638.8 1036.15
2640.0 1035.85
2641.2 1035.56
2642.4 1035.27
2643.6 1034.98
2644.8 1034.7
2646.0 1034.42
2647.2 1034.14
2648.4 1033.87
2649.6 1033.59
2650.8 1033.32
2652.0 1033.06
2653.2 1032.79
2654.4 1032.53
2655.6 1032.27
2656.8 1032.01
2658.0 1031.76
2659.2 1031.51
2660.4 1031.26
2661.6 1031.01
2662.8 1030.77
2664.0 1030.53
2665.2 1030.29
2666.4 1030.05
2667.6 1029.82
2668.8 1029.59
2670.0 1029.36
2671.2 1029.13
2672.4 1028.91
2673.6 1028.69
2674.8 1028.47
2676.0 1028.25
2677.2 1028.04
2678.4 1027.82
2679.6 1027.61
2680.8 1027.41
2682.0 1027.2
2683.2 1027.0
2684.4 1026.79
2685.6 1026.6
2686.8 1026.4
2688.0 1026.2
2689.2 1026.01
2690.4 1025.82
2691.6 1025.63
2692.8 1025.44
2694.0 1025.26
2695.2 1025.08
2696.4 1024.9
2697.6 1024.72
2698.8 1024.54
2700.0 1024.37
2701.2 1024.19
2702.4 1024.02
2703.6 1023.85
2704.8 1023.69
2706.0 1023.52
2707.2 1023.36
2708.4 1023.19
2709.6 1023.03
2710.8 1022.88
2712.0 1022.72
2713.2 1022.56
2714.4 1022.41
2715.6 1022.26
2716.8 1022.11
2718.0 1021.96
2719.2 1021.81
2720.4 1021.67
2721.6 1021.52
2722.8 1021.38
2724.0 1021.24
2725.2 1021.1
2726.4 1020.96
2727.6 1020.82
2728.8 1020.69
2730.0 1020.56
2731.2 1020.42
2732.4 1020.29
2733.6 1020.16
2734.8 1020.03
2736.0 1019.91
2737.2 1019.78
2738.4 1019.66
2739.6 1019.53
2740.8 1019.41
2742.0 1019.29
2743.2 1019.17
2744.4 1019.06
2745.6 1018.94
2746.8 1018.82
2748.0 1018.71
2749.2 1018.59
2750.4 1018.48
2751.6 1018.37
2752.8 1018.26
2754.0 1018.15
2755.2 1018.04
2756.4 1017.94
2757.6 1017.83
2758.8 1017.73
2760.0 1017.62
2761.2 1017.52
2762.4 1017.42
2763.6 1017.32
2764.8 1017.22
2766.0 1017.12
2767.2 1017.02
2768.4 1016.93
2769.6 1016.83
2770.8 1016.74
2772.0 1016.64
2773.2 1016.55
2774.4 1016.46
2775.6 1016.37
2776.8 1016.28
2778.0 1016.19
2779.2 1016.1
2780.4 1016.01
2781.6 1015.93
2782.8 1015.84
2784.0 1015.76
2785.2 1015.68
2786.4 1015.59
2787.6 1015.51
2788.8 1015.43
2790.0 1015.35
2791.2 1015.27
2792.4 1015.19
2793.6 1015.12
2794.8 1015.04
2796.0 1014.97
2797.2 1014.89
2798.4 1014.82
2799.6 1014.75
2800.8 1014.67
2802.0 1014.6
2803.2 1014.53
2804.4 1014.46
2805.6 1014.4
2806.8 1014.33
2808.0 1014.26
2809.2 1014.2
2810.4 1014.13
2811.6 1014.07
2812.8 1014.0
2814.0 1013.94
2815.2 1013.88
2816.4 1013.82
2817.6 1013.76
2818.8 1013.7
2820.0 1013.64
2821.2 1013.58
2822.4 1013.52
2823.6 1013.47
2824.8 1013.41
2826.0 1013.35
2827.2 1013.3
2828.4 1013.24
2829.6 1013.19
2830.8 1013.14
2832.0 1013.08
2833.2 1013.03
2834.4 1012.98
2835.6 1012.93
2836.8 1012.87
2838.0 1012.82
2839.2 1012.77
2840.4 1012.72
2841.6 1012.67
2842.8 1012.61
2844.0 1012.56
2845.2 1012.51
2846.4 1012.45
2847.6 1012.4
2848.8 1012.34
2850.0 1012.29
2851.2 1012.23
2852.4 1012.17
2853.6 1012.11
2854.8 1012.05
2856.0 1011.99
2857.2 1011.93
2858.4 1011.87
2859.6 1011.81
2860.8 1011.74
2862.0 1011.68
2863.2 1011.61
2864.4 1011.55
2865.6 1011.48
2866.8 1011.41
2868.0 1011.34
2869.2 1011.27
2870.4 1011.2
2871.6 1011.13
2872.8 1011.06
2874.0 1010.98
2875.2 1010.91
2876.4 1010.83
2877.6 1010.76
2878.8 1010.68
2880.0 1010.6
2881.2 1010.52
2882.4 1010.44
2883.6 1010.36
2884.8 1010.28
2886.0 1010.2
2887.2 1010.11
2888.4 1010.03
2889.6 1009.94
2890.8 1009.86
2892.0 1009.77
2893.2 1009.68
2894.4 1009.59
2895.6 1009.51
2896.8 1009.42
2898.0 1009.33
2899.2 1009.24
2900.4 1009.14
2901.6 1009.05
2902.8 1008.96
2904.0 1008.87
2905.2 1008.77
2906.4 1008.68
2907.6 1008.59
2908.8 1008.49
2910.0 1008.4
2911.2 1008.3
2912.4 1008.21
2913.6 1008.11
2914.8 1008.01
2916.0 1007.92
2917.2 1007.82
2918.4 1007.72
2919.6 1007.63
2920.8 1007.53
2922.0 1007.43
2923.2 1007.33
2924.4 1007.24
2925.6 1007.14
2926.8 1007.04
2928.0 1006.94
2929.2 1006.85
2930.4 1006.75
2931.6 1006.66
2932.8 1006.61
2934.0 1006.61
2935.2 1006.62
2936.4 1006.63
2937.6 1006.63
2938.8 1006.64
2940.0 1006.64
2941.2 1006.65
2942.4 1006.65
2943.6 1006.66
2944.8 1006.66
2946.0 1006.67
2947.2 1006.67
2948.4 1006.67
2949.6 1006.68
2950.8 1006.68
2952.0 1006.68
2953.2 1006.68
2954.4 1006.69
2955.6 1006.69
2956.8 1006.69
2958.0 1006.69
2959.2 1006.7
2960.4 1006.7
2961.6 1006.7
2962.8 1006.7
2964.0 1006.7
2965.2 1006.7
2966.4 1006.7
2967.6 1006.71
2968.8 1006.71
2970.0 1006.71
2971.2 1006.71
2972.4 1006.71
2973.6 1006.71
2974.8 1006.71
2976.0 1006.71
2977.2 1006.71
2978.4 1006.71
2979.6 1006.71
2980.8 1006.71
2982.0 1006.71
2983.2 1006.72
2984.4 1006.72
2985.6 1006.72
2986.8 1006.72
2988.0 1006.72
2989.2 1006.72
2990.4 1006.72
2991.6 1006.72
2992.8 1006.72
2994.0 1006.72
2995.2 1006.72
2996.4 1006.72
2997.6 1006.72
2998.8 1006.72
