0.0 6000.0
1.2 5999.99
2.4 5999.92
3.6 5999.76
4.8 5999.49
6.0 5999.08
7.2 5998.53
8.4 5997.83
9.6 5996.96
10.8 5995.91
12.0 5994.66
13.2 5993.19
14.4 5991.46
15.6 5989.47
16.8 5987.19
18.0 5984.61
19.2 5981.72
20.4 5978.49
21.6 5974.91
22.8 5970.98
24.0 5966.68
25.2 5962.01
26.4 5956.95
27.6 5951.5
28.8 5945.65
30.0 5939.4
31.2 5932.74
32.4 5925.66
33.6 5918.17
34.8 5910.25
36.0 5901.91
37.2 5893.15
38.4 5883.96
39.6 5874.34
40.8 5864.3
42.0 5853.82
43.2 5842.92
44.4 5831.59
45.6 5819.83
46.8 5807.65
48.0 5795.05
49.2 5782.02
50.4 5768.58
51.6 5754.72
52.8 5740.45
54.0 5725.76
55.2 5710.67
56.4 5695.18
57.6 5679.29
58.8 5662.99
60.0 5646.31
61.2 5629.24
62.4 5611.78
63.6 5593.94
64.8 5575.73
66.0 5557.14
67.2 5538.18
68.4 5518.86
69.6 5499.19
70.8 5479.16
72.0 5458.78
73.2 5438.06
74.4 5416.99
75.6 5395.6
76.8 5373.87
78.0 5351.83
79.2 5329.46
80.4 5306.78
81.6 5283.79
82.8 5260.5
84.0 5236.91
85.2 5213.03
86.4 5188.87
87.6 5164.42
88.8 5139.7
90.0 5114.7
91.2 5089.44
92.4 5063.92
93.6 5038.15
94.8 5012.13
96.0 4985.86
97.2 4959.36
98.4 4932.63
99.6 4905.67
100.8 4878.49
102.0 4851.09
103.2 4823.48
104.4 4795.67
105.6 4767.66
106.8 4739.45
108.0 4711.05
109.2 4682.48
110.4 4653.72
111.6 4624.79
112.8 4595.7
114.0 4566.44
115.2 4537.03
116.4 4507.47
117.6 4477.76
118.8 4447.91
120.0 4417.92
121.2 4387.81
122.4 4357.57
123.6 4327.21
124.8 4296.73
126.0 4266.15
127.2 4235.47
128.4 4204.68
129.6 4173.8
130.8 4142.83
132.0 4111.78
133.2 4080.65
134.4 4049.44
135.6 4018.17
136.8 3986.83
138.0 3955.43
139.2 3923.98
140.4 3892.48
141.6 3860.93
142.8 3829.34
144.0 3797.72
145.2 3766.06
146.4 3734.39
147.6 3702.69
148.8 3670.99
150.0 3639.28
151.2 3607.59
152.4 3575.93
153.6 3544.34
154.8 3512.88
156.0 3481.57
157.2 3450.47
158.4 3419.6
159.6 3388.98
160.8 3358.65
162.0 3328.61
163.2 3298.91
164.4 3269.55
165.6 3240.57
166.8 3212.0
168.0 3183.85
169.2 3156.15
170.4 3128.95
171.6 3102.28
172.8 3076.19
174.0 3050.71
175.2 3025.89
176.4 3001.71
177.6 2978.15
178.8 2955.18
180.0 2932.76
181.2 2910.87
182.4 2889.48
183.6 2868.55
184.8 2848.09
186.0 2828.07
187.2 2808.47
188.4 2789.29
189.6 2770.52
190.8 2752.13
192.0 2734.13
193.2 2716.48
194.4 2699.18
195.6 2682.19
196.8 2665.5
198.0 2649.08
199.2 2632.92
200.4 2616.98
201.6 2601.27
202.8 2585.75
204.0 2570.42
205.2 2555.27
206.4 2540.27
207.6 2525.42
208.8 2510.7
210.0 2496.11
211.2 2481.64
212.4 2467.28
213.6 2453.02
214.8 2438.85
216.0 2424.77
217.2 2410.77
218.4 2396.84
219.6 2382.98
220.8 2369.18
222.0 2355.45
223.2 2341.77
224.4 2328.14
225.6 2314.57
226.8 2301.03
228.0 2287.55
229.2 2274.1
230.4 2260.69
231.6 2247.32
232.8 2233.98
234.0 2220.68
235.2 2207.42
236.4 2194.19
237.6 2180.99
238.8 2167.83
240.0 2154.71
241.2 2141.62
242.4 2128.56
243.6 2115.55
244.8 2102.57
246.0 2089.63
247.2 2076.73
248.4 2063.88
249.6 2051.06
250.8 2038.29
252.0 2025.62
253.2 2013.06
254.4 2000.65
255.6 1988.43
256.8 1976.43
258.0 1964.69
259.2 1953.23
260.4 1942.08
261.6 1931.21
262.8 1920.62
264.0 1910.29
265.2 1900.21
266.4 1890.36
267.6 1880.73
268.8 1871.3
270.0 1862.08
271.2 1853.04
272.4 1844.18
273.6 1835.48
274.8 1826.94
276.0 1818.56
277.2 1810.31
278.4 1802.2
279.6 1794.22
280.8 1786.35
282.0 1778.61
283.2 1770.97
284.4 1763.43
285.6 1755.99
286.8 1748.64
288.0 1741.38
289.2 1734.21
290.4 1727.12
291.6 1720.1
292.8 1713.15
294.0 1706.28
295.2 1699.47
296.4 1692.72
297.6 1686.04
298.8 1679.41
300.0 1672.84
301.2 1666.33
302.4 1659.87
303.6 1653.45
304.8 1647.09
306.0 1640.78
307.2 1634.51
308.4 1628.28
309.6 1622.1
310.8 1615.96
312.0 1609.86
313.2 1603.81
314.4 1597.79
315.6 1591.81
316.8 1585.88
318.0 1579.98
319.2 1574.12
320.4 1568.29
321.6 1562.5
322.8 1556.75
324.0 1551.05
325.2 1545.43
326.4 1539.91
327.6 1534.53
328.8 1529.29
330.0 1524.18
331.2 1519.21
332.4 1514.35
333.6 1509.61
334.8 1504.97
336.0 1500.45
337.2 1496.02
338.4 1491.68
339.6 1487.44
340.8 1483.28
342.0 1479.21
343.2 1475.21
344.4 1471.28
345.6 1467.43
346.8 1463.64
348.0 1459.92
349.2 1456.26
350.4 1452.66
351.6 1449.12
352.8 1445.63
354.0 1442.19
355.2 1438.8
356.4 1435.46
357.6 1432.16
358.8 1428.91
360.0 1425.7
361.2 1422.53
362.4 1419.4
363.6 1416.31
364.8 1413.25
366.0 1410.23
367.2 1407.25
368.4 1404.3
369.6 1401.38
370.8 1398.49
372.0 1395.63
373.2 1392.8
374.4 1390.01
375.6 1387.24
376.8 1384.49
378.0 1381.78
379.2 1379.09
380.4 1376.43
381.6 1373.79
382.8 1371.18
384.0 1368.6
385.2 1366.04
386.4 1363.5
387.6 1360.99
388.8 1358.5
390.0 1356.04
391.2 1353.6
392.4 1351.18
393.6 1348.78
394.8 1346.41
396.0 1344.06
397.2 1341.73
398.4 1339.43
399.6 1337.14
400.8 1334.88
402.0 1332.64
403.2 1330.43
404.4 1328.23
405.6 1326.06
406.8 1323.91
408.0 1321.78
409.2 1319.68
410.4 1317.59
411.6 1315.53
412.8 1313.51
414.0 1311.55
415.2 1309.66
416.4 1307.83
417.6 1306.07
418.8 1304.38
420.0 1302.74
421.2 1301.16
422.4 1299.64
423.6 1298.16
424.8 1296.74
426.0 1295.36
427.2 1294.03
428.4 1292.75
429.6 1291.5
430.8 1290.29
432.0 1289.12
433.2 1287.99
434.4 1286.9
435.6 1285.83
436.8 1284.8
438.0 1283.8
439.2 1282.83
440.4 1281.89
441.6 1280.97
442.8 1280.08
444.0 1279.22
445.2 1278.38
446.4 1277.56
447.6 1276.77
448.8 1275.99
450.0 1275.24
451.2 1274.51
452.4 1273.8
453.6 1273.1
454.8 1272.43
456.0 1271.77
457.2 1271.13
458.4 1270.5
459.6 1269.89
460.8 1269.3
462.0 1268.72
463.2 1268.15
464.4 1267.6
465.6 1267.06
466.8 1266.54
468.0 1266.03
469.2 1265.53
470.4 1265.04
471.6 1264.56
472.8 1264.1
474.0 1263.65
475.2 1263.21
476.4 1262.78
477.6 1262.35
478.8 1261.94
480.0 1261.54
481.2 1261.15
482.4 1260.77
483.6 1260.4
484.8 1260.04
486.0 1259.68
487.2 1259.34
488.4 1259.0
489.6 1258.67
490.8 1258.35
492.0 1258.04
493.2 1257.74
494.4 1257.44
495.6 1257.15
496.8 1256.87
498.0 1256.59
499.2 1256.33
500.4 1256.07
501.6 1255.81
502.8 1255.57
504.0 1255.33
505.2 1255.09
506.4 1254.87
507.6 1254.64
508.8 1254.43
510.0 1254.22
511.2 1254.02
512.4 1253.82
513.6 1253.63
514.8 1253.44
516.0 1253.26
517.2 1253.08
518.4 1252.91
519.6 1252.74
520.8 1252.58
522.0 1252.43
523.2 1252.28
524.4 1252.13
525.6 1251.99
526.8 1251.86
528.0 1251.72
529.2 1251.6
530.4 1251.47
531.6 1251.36
532.8 1251.24
534.0 1251.13
535.2 1251.03
536.4 1250.93
537.6 1250.83
538.8 1250.74
540.0 1250.65
541.2 1250.56
542.4 1250.48
543.6 1250.4
544.8 1250.33
546.0 1250.26
547.2 1250.2
548.4 1250.13
549.6 1250.07
550.8 1250.02
552.0 1249.97
553.2 1249.92
554.4 1249.88
555.6 1249.83
556.8 1249.8
558.0 1249.76
559.2 1249.73
560.4 1249.7
561.6 1249.67
562.8 1249.65
564.0 1249.63
565.2 1249.61
566.4 1249.6
567.6 1249.59
568.8 1249.58
570.0 1249.57
571.2 1249.57
572.4 1249.57
573.6 1249.57
574.8 1249.57
576.0 1249.57
577.2 1249.58
578.4 1249.59
579.6 1249.6
580.8 1249.62
582.0 1249.63
583.2 1249.65
584.4 1249.67
585.6 1249.7
586.8 1249.72
588.0 1249.74
589.2 1249.77
590.4 1249.8
591.6 1249.83
592.8 1249.87
594.0 1249.9
595.2 1249.94
596.4 1249.98
597.6 1250.02
598.8 1250.06
600.0 1250.1
601.2 1250.15
602.4 1250.2
603.6 1250.24
604.8 1250.3
606.0 1250.35
607.2 1250.4
608.4 1250.46
609.6 1250.52
610.8 1250.58
612.0 1250.64
613.2 1250.7
614.4 1250.77
615.6 1250.84
616.8 1250.91
618.0 1250.98
619.2 1251.05
620.4 1251.12
621.6 1251.2
622.8 1251.28
624.0 1251.36
625.2 1251.44
626.4 1251.52
627.6 1251.6
628.8 1251.69
630.0 1251.78
631.2 1251.86
632.4 1251.95
633.6 1252.04
634.8 1252.14
636.0 1252.23
637.2 1252.32
638.4 1252.42
639.6 1252.51
640.8 1252.61
642.0 1252.71
643.2 1252.8
644.4 1252.9
645.6 1253.0
646.8 1253.1
648.0 1253.2
649.2 1253.3
650.4 1253.4
651.6 1253.5
652.8 1253.61
654.0 1253.71
655.2 1253.81
656.4 1253.91
657.6 1254.01
658.8 1254.11
660.0 1254.21
661.2 1254.32
662.4 1254.42
663.6 1254.52
664.8 1254.62
666.0 1254.72
667.2 1254.82
668.4 1254.91
669.6 1255.01
670.8 1255.11
672.0 1255.21
673.2 1255.3
674.4 1255.4
675.6 1255.49
676.8 1255.58
678.0 1255.68
679.2 1255.77
680.4 1255.86
681.6 1255.95
682.8 1256.03
684.0 1256.12
685.2 1256.21
686.4 1256.29
687.6 1256.37
688.8 1256.46
690.0 1256.54
691.2 1256.61
692.4 1256.69
693.6 1256.77
694.8 1256.84
696.0 1256.92
697.2 1256.99
698.4 1257.06
699.6 1257.13
700.8 1257.2
702.0 1257.27
703.2 1257.33
704.4 1257.4
705.6 1257.46
706.8 1257.52
708.0 1257.58
709.2 1257.64
710.4 1257.7
711.6 1257.75
712.8 1257.81
714.0 1257.86
715.2 1257.91
716.4 1257.97
717.6 1258.02
718.8 1258.06
720.0 1258.11
721.2 1258.16
722.4 1258.2
723.6 1258.25
724.8 1258.29
726.0 1258.34
727.2 1258.38
728.4 1258.42
729.6 1258.46
730.8 1258.49
732.0 1258.53
733.2 1258.57
734.4 1258.6
735.6 1258.64
736.8 1258.67
738.0 1258.7
739.2 1258.74
740.4 1258.77
741.6 1258.8
742.8 1258.83
744.0 1258.85
745.2 1258.88
746.4 1258.91
747.6 1258.94
748.8 1258.96
750.0 1258.99
751.2 1259.01
752.4 1259.04
753.6 1259.06
754.8 1259.08
756.0 1259.11
757.2 1259.13
758.4 1259.15
759.6 1259.17
760.8 1259.19
762.0 1259.21
763.2 1259.23
764.4 1259.25
765.6 1259.27
766.8 1259.29
768.0 1259.31
769.2 1259.33
770.4 1259.35
771.6 1259.36
772.8 1259.38
774.0 1259.39
775.2 1259.41
776.4 1259.42
777.6 1259.44
778.8 1259.45
780.0 1259.47
781.2 1259.48
782.4 1259.49
783.6 1259.5
784.8 1259.52
786.0 1259.53
787.2 1259.54
788.4 1259.55
789.6 1259.55
790.8 1259.56
792.0 1259.57
793.2 1259.58
794.4 1259.58
795.6 1259.59
796.8 1259.59
798.0 1259.6
799.2 1259.6
800.4 1259.6
801.6 1259.62
802.8 1259.67
804.0 1259.78
805.2 1259.99
806.4 1260.31
807.6 1260.76
808.8 1261.37
810.0 1262.15
811.2 1263.14
812.4 1264.33
813.6 1265.76
814.8 1267.43
816.0 1269.36
817.2 1271.57
818.4 1274.06
819.6 1276.86
820.8 1279.97
822.0 1283.4
823.2 1287.16
824.4 1291.25
825.6 1295.69
826.8 1300.47
828.0 1305.6
829.2 1311.08
830.4 1316.91
831.6 1323.1
832.8 1329.63
834.0 1336.52
835.2 1343.76
836.4 1351.34
837.6 1359.27
838.8 1367.53
840.0 1376.13
841.2 1385.05
842.4 1394.3
843.6 1403.86
844.8 1413.72
846.0 1423.88
847.2 1434.33
848.4 1445.07
849.6 1456.07
850.8 1467.33
852.0 1478.84
853.2 1490.59
854.4 1502.57
855.6 1514.77
856.8 1527.17
858.0 1539.76
859.2 1552.54
860.4 1565.48
861.6 1578.59
862.8 1591.83
864.0 1605.21
865.2 1618.7
866.4 1632.31
867.6 1646.0
868.8 1659.78
870.0 1673.63
871.2 1687.53
872.4 1701.48
873.6 1715.46
874.8 1729.47
876.0 1743.48
877.2 1757.49
878.4 1771.49
879.6 1785.46
880.8 1799.39
882.0 1813.28
883.2 1827.11
884.4 1840.87
885.6 1854.56
886.8 1868.16
888.0 1881.67
889.2 1895.07
890.4 1908.36
891.6 1921.53
892.8 1934.57
894.0 1947.48
895.2 1960.24
896.4 1972.85
897.6 1985.3
898.8 1997.59
900.0 2009.71
901.2 2021.66
902.4 2033.43
903.6 2045.02
904.8 2056.42
906.0 2067.62
907.2 2078.63
908.4 2089.44
909.6 2100.05
910.8 2110.45
912.0 2120.65
913.2 2130.63
914.4 2140.41
915.6 2149.97
916.8 2159.32
918.0 2168.45
919.2 2177.36
920.4 2186.06
921.6 2194.55
922.8 2202.81
924.0 2210.86
925.2 2218.7
926.4 2226.32
927.6 2233.72
928.8 2240.91
930.0 2247.89
931.2 2254.66
932.4 2261.22
933.6 2267.58
934.8 2273.73
936.0 2279.67
937.2 2285.41
938.4 2290.96
939.6 2296.3
940.8 2301.46
942.0 2306.42
943.2 2311.19
944.4 2315.77
945.6 2320.17
946.8 2324.39
948.0 2328.43
949.2 2332.3
950.4 2336.0
951.6 2339.53
952.8 2342.89
954.0 2346.1
955.2 2349.14
956.4 2352.04
957.6 2354.78
958.8 2357.37
960.0 2359.83
961.2 2362.14
962.4 2364.31
963.6 2366.35
964.8 2368.27
966.0 2370.05
967.2 2371.71
968.4 2373.25
969.6 2374.67
970.8 2375.98
972.0 2377.17
973.2 2378.26
974.4 2379.24
975.6 2380.11
976.8 2380.88
978.0 2381.56
979.2 2382.14
980.4 2382.62
981.6 2383.01
982.8 2383.31
984.0 2383.52
985.2 2383.65
986.4 2383.69
987.6 2383.65
988.8 2383.53
990.0 2383.32
991.2 2383.04
992.4 2382.69
993.6 2382.25
994.8 2381.74
996.0 2381.16
997.2 2380.5
998.4 2379.78
999.6 2378.98
1000.8 2378.11
1002.0 2377.17
1003.2 2376.17
1004.4 2375.09
1005.6 2373.95
1006.8 2372.74
1008.0 2371.46
1009.2 2370.11
1010.4 2368.7
1011.6 2367.22
1012.8 2365.68
1014.0 2364.06
1015.2 2362.39
1016.4 2360.64
1017.6 2358.83
1018.8 2356.96
1020.0 2355.01
1021.2 2353.0
1022.4 2350.93
1023.6 2348.78
1024.8 2346.57
1026.0 2344.3
1027.2 2341.95
1028.4 2339.54
1029.6 2337.06
1030.8 2334.51
1032.0 2331.9
1033.2 2329.22
1034.4 2326.46
1035.6 2323.64
1036.8 2320.75
1038.0 2317.8
1039.2 2314.77
1040.4 2311.68
1041.6 2308.51
1042.8 2305.28
1044.0 2301.98
1045.2 2298.61
1046.4 2295.17
1047.6 2291.67
1048.8 2288.09
1050.0 2284.45
1051.2 2280.74
1052.4 2276.96
1053.6 2273.12
1054.8 2269.21
1056.0 2265.23
1057.2 2261.19
1058.4 2257.08
1059.6 2252.9
1060.8 2248.67
1062.0 2244.37
1063.2 2240.0
1064.4 2235.58
1065.6 2231.09
1066.8 2226.54
1068.0 2221.93
1069.2 2217.27
1070.4 2212.54
1071.6 2207.76
1072.8 2202.92
1074.0 2198.02
1075.2 2193.07
1076.4 2188.07
1077.6 2183.01
1078.8 2177.9
1080.0 2172.74
1081.2 2167.53
1082.4 2162.27
1083.6 2156.96
1084.8 2151.61
1086.0 2146.21
1087.2 2140.77
1088.4 2135.28
1089.6 2129.75
1090.8 2124.18
1092.0 2118.57
1093.2 2112.93
1094.4 2107.24
1095.6 2101.52
1096.8 2095.76
1098.0 2089.97
1099.2 2084.15
1100.4 2078.3
1101.6 2072.41
1102.8 2066.5
1104.0 2060.56
1105.2 2054.6
1106.4 2048.61
1107.6 2042.59
1108.8 2036.56
1110.0 2030.5
1111.2 2024.43
1112.4 2018.33
1113.6 2012.22
1114.8 2006.09
1116.0 1999.95
1117.2 1993.79
1118.4 1987.63
1119.6 1981.45
1120.8 1975.26
1122.0 1969.06
1123.2 1962.86
1124.4 1956.65
1125.6 1950.43
1126.8 1944.22
1128.0 1937.99
1129.2 1931.77
1130.4 1925.55
1131.6 1919.33
1132.8 1913.1
1134.0 1906.89
1135.2 1900.67
1136.4 1894.46
1137.6 1888.26
1138.8 1882.06
1140.0 1875.87
1141.2 1869.68
1142.4 1863.51
1143.6 1857.34
1144.8 1851.18
1146.0 1845.02
1147.2 1838.88
1148.4 1832.74
1149.6 1826.61
1150.8 1820.49
1152.0 1814.38
1153.2 1808.28
1154.4 1802.19
1155.6 1796.11
1156.8 1790.04
1158.0 1783.99
1159.2 1777.95
1160.4 1771.92
1161.6 1765.91
1162.8 1759.92
1164.0 1753.94
1165.2 1747.98
1166.4 1742.03
1167.6 1736.11
1168.8 1730.2
1170.0 1724.32
1171.2 1718.45
1172.4 1712.61
1173.6 1706.79
1174.8 1700.99
1176.0 1695.22
1177.2 1689.47
1178.4 1683.74
1179.6 1678.05
1180.8 1672.38
1182.0 1666.73
1183.2 1661.12
1184.4 1655.53
1185.6 1649.97
1186.8 1644.45
1188.0 1638.95
1189.2 1633.51
1190.4 1628.16
1191.6 1622.92
1192.8 1617.79
1194.0 1612.78
1195.2 1607.88
1196.4 1603.08
1197.6 1598.38
1198.8 1593.78
1200.0 1589.27
1201.2 1584.84
1202.4 1580.5
1203.6 1576.24
1204.8 1572.05
1206.0 1567.94
1207.2 1563.9
1208.4 1559.93
1209.6 1556.02
1210.8 1552.18
1212.0 1548.39
1213.2 1544.67
1214.4 1541.0
1215.6 1537.38
1216.8 1533.81
1218.0 1530.3
1219.2 1526.83
1220.4 1523.41
1221.6 1520.03
1222.8 1516.7
1224.0 1513.41
1225.2 1510.16
1226.4 1506.95
1227.6 1503.77
1228.8 1500.64
1230.0 1497.54
1231.2 1494.47
1232.4 1491.45
1233.6 1488.45
1234.8 1485.49
1236.0 1482.56
1237.2 1479.66
1238.4 1476.79
1239.6 1473.95
1240.8 1471.14
1242.0 1468.36
1243.2 1465.61
1244.4 1462.88
1245.6 1460.19
1246.8 1457.52
1248.0 1454.88
1249.2 1452.26
1250.4 1449.67
1251.6 1447.11
1252.8 1444.57
1254.0 1442.06
1255.2 1439.58
1256.4 1437.11
1257.6 1434.68
1258.8 1432.3
1260.0 1430.02
1261.2 1427.88
1262.4 1425.88
1263.6 1424.01
1264.8 1422.27
1266.0 1420.64
1267.2 1419.12
1268.4 1417.7
1269.6 1416.38
1270.8 1415.15
1272.0 1414.01
1273.2 1412.95
1274.4 1411.96
1275.6 1411.05
1276.8 1410.2
1278.0 1409.41
1279.2 1408.68
1280.4 1408.0
1281.6 1407.37
1282.8 1406.79
1284.0 1406.25
1285.2 1405.75
1286.4 1405.29
1287.6 1404.86
1288.8 1404.47
1290.0 1404.1
1291.2 1403.76
1292.4 1403.44
1293.6 1403.15
1294.8 1402.88
1296.0 1402.62
1297.2 1402.38
1298.4 1402.15
1299.6 1401.94
1300.8 1401.74
1302.0 1401.55
1303.2 1401.36
1304.4 1401.18
1305.6 1401.01
1306.8 1400.85
1308.0 1400.68
1309.2 1400.52
1310.4 1400.37
1311.6 1400.21
1312.8 1400.05
1314.0 1399.89
1315.2 1399.73
1316.4 1399.57
1317.6 1399.4
1318.8 1399.23
1320.0 1399.05
1321.2 1398.88
1322.4 1398.69
1323.6 1398.5
1324.8 1398.31
1326.0 1398.11
1327.2 1397.9
1328.4 1397.68
1329.6 1397.46
1330.8 1397.23
1332.0 1396.99
1333.2 1396.74
1334.4 1396.49
1335.6 1396.23
1336.8 1395.96
1338.0 1395.68
1339.2 1395.39
1340.4 1395.09
1341.6 1394.79
1342.8 1394.47
1344.0 1394.15
1345.2 1393.82
1346.4 1393.48
1347.6 1393.13
1348.8 1392.77
1350.0 1392.4
1351.2 1392.03
1352.4 1391.64
1353.6 1391.25
1354.8 1390.85
1356.0 1390.44
1357.2 1390.02
1358.4 1389.6
1359.6 1389.17
1360.8 1388.72
1362.0 1388.28
1363.2 1387.82
1364.4 1387.36
1365.6 1386.89
1366.8 1386.41
1368.0 1385.92
1369.2 1385.43
1370.4 1384.93
1371.6 1384.43
1372.8 1383.92
1374.0 1383.4
1375.2 1382.88
1376.4 1382.35
1377.6 1381.82
1378.8 1381.28
1380.0 1380.74
1381.2 1380.19
1382.4 1379.64
1383.6 1379.08
1384.8 1378.52
1386.0 1377.95
1387.2 1377.39
1388.4 1376.81
1389.6 1376.24
1390.8 1375.66
1392.0 1375.08
1393.2 1374.49
1394.4 1373.9
1395.6 1373.31
1396.8 1372.72
1398.0 1372.13
1399.2 1371.53
1400.4 1370.93
1401.6 1370.34
1402.8 1369.74
1404.0 1369.13
1405.2 1368.53
1406.4 1367.93
1407.6 1367.33
1408.8 1366.72
1410.0 1366.12
1411.2 1365.52
1412.4 1364.91
1413.6 1364.31
1414.8 1363.71
1416.0 1363.11
1417.2 1362.5
1418.4 1361.9
1419.6 1361.31
1420.8 1360.71
1422.0 1360.11
1423.2 1359.52
1424.4 1358.93
1425.6 1358.33
1426.8 1357.75
1428.0 1357.16
1429.2 1356.57
1430.4 1355.99
1431.6 1355.41
1432.8 1354.84
1434.0 1354.26
1435.2 1353.69
1436.4 1353.12
1437.6 1352.55
1438.8 1351.99
1440.0 1351.43
1441.2 1350.88
1442.4 1350.32
1443.6 1349.78
1444.8 1349.27
1446.0 1348.79
1447.2 1348.33
1448.4 1347.89
1449.6 1347.48
1450.8 1347.09
1452.0 1346.71
1453.2 1346.36
1454.4 1346.02
1455.6 1345.71
1456.8 1345.41
1458.0 1345.14
1459.2 1344.92
1460.4 1344.73
1461.6 1344.58
1462.8 1344.45
1464.0 1344.35
1465.2 1344.28
1466.4 1344.24
1467.6 1344.22
1468.8 1344.21
1470.0 1344.23
1471.2 1344.27
1472.4 1344.32
1473.6 1344.39
1474.8 1344.48
1476.0 1344.57
1477.2 1344.68
1478.4 1344.8
1479.6 1344.92
1480.8 1345.06
1482.0 1345.2
1483.2 1345.35
1484.4 1345.51
1485.6 1345.67
1486.8 1345.83
1488.0 1346.0
1489.2 1346.17
1490.4 1346.35
1491.6 1346.52
1492.8 1346.7
1494.0 1346.87
1495.2 1347.05
1496.4 1347.22
1497.6 1347.4
1498.8 1347.57
1500.0 1347.74
1501.2 1347.9
1502.4 1348.07
1503.6 1348.23
1504.8 1348.38
1506.0 1348.53
1507.2 1348.68
1508.4 1348.83
1509.6 1348.97
1510.8 1349.1
1512.0 1349.23
1513.2 1349.35
1514.4 1349.47
1515.6 1349.58
1516.8 1349.69
1518.0 1349.79
1519.2 1349.88
1520.4 1349.97
1521.6 1350.05
1522.8 1350.13
1524.0 1350.19
1525.2 1350.26
1526.4 1350.31
1527.6 1350.36
1528.8 1350.41
1530.0 1350.44
1531.2 1350.48
1532.4 1350.5
1533.6 1350.52
1534.8 1350.53
1536.0 1350.53
1537.2 1350.53
1538.4 1350.53
1539.6 1350.51
1540.8 1350.49
1542.0 1350.47
1543.2 1350.44
1544.4 1350.4
1545.6 1350.36
1546.8 1350.31
1548.0 1350.25
1549.2 1350.19
1550.4 1350.13
1551.6 1350.06
1552.8 1349.98
1554.0 1349.9
1555.2 1349.81
1556.4 1349.72
1557.6 1349.62
1558.8 1349.52
1560.0 1349.41
1561.2 1349.3
1562.4 1349.19
1563.6 1349.07
1564.8 1348.94
1566.0 1348.81
1567.2 1348.68
1568.4 1348.54
1569.6 1348.4
1570.8 1348.26
1572.0 1348.11
1573.2 1347.96
1574.4 1347.8
1575.6 1347.64
1576.8 1347.48
1578.0 1347.31
1579.2 1347.14
1580.4 1346.96
1581.6 1346.79
1582.8 1346.61
1584.0 1346.43
1585.2 1346.24
1586.4 1346.05
1587.6 1345.86
1588.8 1345.66
1590.0 1345.47
1591.2 1345.27
1592.4 1345.06
1593.6 1344.86
1594.8 1344.65
1596.0 1344.44
1597.2 1344.23
1598.4 1344.02
1599.6 1343.8
1600.8 1343.58
1602.0 1343.33
1603.2 1342.99
1604.4 1342.57
1605.6 1342.04
1606.8 1341.4
1608.0 1340.64
1609.2 1339.76
1610.4 1338.71
1611.6 1337.52
1612.8 1336.21
1614.0 1334.82
1615.2 1333.39
1616.4 1331.94
1617.6 1330.48
1618.8 1329.02
1620.0 1327.57
1621.2 1326.13
1622.4 1324.7
1623.6 1323.31
1624.8 1321.96
1626.0 1320.67
1627.2 1319.45
1628.4 1318.33
1629.6 1317.32
1630.8 1316.45
1632.0 1315.74
1633.2 1315.22
1634.4 1314.91
1635.6 1314.84
1636.8 1315.03
1638.0 1315.48
1639.2 1316.2
1640.4 1317.2
1641.6 1318.48
1642.8 1320.06
1644.0 1321.95
1645.2 1324.17
1646.4 1326.72
1647.6 1329.62
1648.8 1332.88
1650.0 1336.48
1651.2 1340.4
1652.4 1344.6
1653.6 1349.06
1654.8 1353.75
1656.0 1358.66
1657.2 1363.76
1658.4 1369.03
1659.6 1374.45
1660.8 1380.0
1662.0 1385.68
1663.2 1391.45
1664.4 1397.32
1665.6 1403.25
1666.8 1409.25
1668.0 1415.3
1669.2 1421.39
1670.4 1427.5
1671.6 1433.64
1672.8 1439.78
1674.0 1445.93
1675.2 1452.06
1676.4 1458.19
1677.6 1464.29
1678.8 1470.37
1680.0 1476.41
1681.2 1482.42
1682.4 1488.38
1683.6 1494.29
1684.8 1500.14
1686.0 1505.94
1687.2 1511.68
1688.4 1517.35
1689.6 1522.95
1690.8 1528.48
1692.0 1533.94
1693.2 1539.32
1694.4 1544.61
1695.6 1549.83
1696.8 1554.96
1698.0 1560.01
1699.2 1564.97
1700.4 1569.84
1701.6 1574.62
1702.8 1579.31
1704.0 1583.9
1705.2 1588.39
1706.4 1592.79
1707.6 1597.08
1708.8 1601.27
1710.0 1605.36
1711.2 1609.34
1712.4 1613.21
1713.6 1616.96
1714.8 1620.6
1716.0 1624.13
1717.2 1627.54
1718.4 1630.82
1719.6 1633.98
1720.8 1637.02
1722.0 1639.92
1723.2 1642.7
1724.4 1645.34
1725.6 1647.85
1726.8 1650.22
1728.0 1652.45
1729.2 1654.54
1730.4 1656.48
1731.6 1658.28
1732.8 1659.93
1734.0 1661.43
1735.2 1662.78
1736.4 1663.98
1737.6 1665.02
1738.8 1665.91
1740.0 1666.65
1741.2 1667.22
1742.4 1667.64
1743.6 1667.91
1744.8 1668.01
1746.0 1667.96
1747.2 1667.75
1748.4 1667.38
1749.6 1666.86
1750.8 1666.18
1752.0 1665.34
1753.2 1664.36
1754.4 1663.22
1755.6 1661.93
1756.8 1660.5
1758.0 1658.91
1759.2 1657.19
1760.4 1655.33
1761.6 1653.33
1762.8 1651.19
1764.0 1648.92
1765.2 1646.53
1766.4 1644.01
1767.6 1641.37
1768.8 1638.61
1770.0 1635.74
1771.2 1632.77
1772.4 1629.69
1773.6 1626.51
1774.8 1623.24
1776.0 1619.88
1777.2 1616.44
1778.4 1612.92
1779.6 1609.32
1780.8 1605.66
1782.0 1601.94
1783.2 1598.16
1784.4 1594.33
1785.6 1590.46
1786.8 1586.55
1788.0 1582.6
1789.2 1578.62
1790.4 1574.62
1791.6 1570.61
1792.8 1566.58
1794.0 1562.54
1795.2 1558.5
1796.4 1554.47
1797.6 1550.44
1798.8 1546.43
1800.0 1542.43
1801.2 1538.46
1802.4 1534.51
1803.6 1530.6
1804.8 1526.72
1806.0 1522.88
1807.2 1519.08
1808.4 1515.33
1809.6 1511.63
1810.8 1507.98
1812.0 1504.39
1813.2 1500.85
1814.4 1497.38
1815.6 1493.97
1816.8 1490.63
1818.0 1487.36
1819.2 1484.15
1820.4 1481.02
1821.6 1477.96
1822.8 1474.98
1824.0 1472.07
1825.2 1469.24
1826.4 1466.49
1827.6 1463.81
1828.8 1461.21
1830.0 1458.69
1831.2 1456.25
1832.4 1453.89
1833.6 1451.61
1834.8 1449.4
1836.0 1447.28
1837.2 1445.23
1838.4 1443.25
1839.6 1441.35
1840.8 1439.52
1842.0 1437.77
1843.2 1436.09
1844.4 1434.48
1845.6 1432.94
1846.8 1431.47
1848.0 1430.06
1849.2 1428.71
1850.4 1427.43
1851.6 1426.21
1852.8 1425.05
1854.0 1423.95
1855.2 1422.9
1856.4 1421.9
1857.6 1420.95
1858.8 1420.06
1860.0 1419.21
1861.2 1418.4
1862.4 1417.64
1863.6 1416.92
1864.8 1416.24
1866.0 1415.59
1867.2 1414.98
1868.4 1414.4
1869.6 1413.85
1870.8 1413.33
1872.0 1412.84
1873.2 1412.37
1874.4 1411.92
1875.6 1411.49
1876.8 1411.08
1878.0 1410.69
1879.2 1410.31
1880.4 1409.94
1881.6 1409.59
1882.8 1409.24
1884.0 1408.9
1885.2 1408.56
1886.4 1408.22
1887.6 1407.89
1888.8 1407.56
1890.0 1407.22
1891.2 1406.88
1892.4 1406.54
1893.6 1406.19
1894.8 1405.84
1896.0 1405.47
1897.2 1405.1
1898.4 1404.71
1899.6 1404.32
1900.8 1403.91
1902.0 1403.49
1903.2 1403.05
1904.4 1402.6
1905.6 1402.13
1906.8 1401.65
1908.0 1401.15
1909.2 1400.63
1910.4 1400.09
1911.6 1399.54
1912.8 1398.97
1914.0 1398.38
1915.2 1397.77
1916.4 1397.14
1917.6 1396.5
1918.8 1395.83
1920.0 1395.15
1921.2 1394.45
1922.4 1393.73
1923.6 1393.0
1924.8 1392.25
1926.0 1391.48
1927.2 1390.69
1928.4 1389.89
1929.6 1389.07
1930.8 1388.23
1932.0 1387.39
1933.2 1386.52
1934.4 1385.65
1935.6 1384.76
1936.8 1383.85
1938.0 1382.94
1939.2 1382.01
1940.4 1381.08
1941.6 1380.13
1942.8 1379.18
1944.0 1378.21
1945.2 1377.24
1946.4 1376.26
1947.6 1375.28
1948.8 1374.29
1950.0 1373.29
1951.2 1372.29
1952.4 1371.29
1953.6 1370.28
1954.8 1369.27
1956.0 1368.26
1957.2 1367.25
1958.4 1366.23
1959.6 1365.22
1960.8 1364.21
1962.0 1363.2
1963.2 1362.19
1964.4 1361.19
1965.6 1360.19
1966.8 1359.19
1968.0 1358.19
1969.2 1357.21
1970.4 1356.23
1971.6 1355.25
1972.8 1354.28
1974.0 1353.32
1975.2 1352.37
1976.4 1351.42
1977.6 1350.49
1978.8 1349.56
1980.0 1348.64
1981.2 1347.73
1982.4 1346.84
1983.6 1345.95
1984.8 1345.07
1986.0 1344.21
1987.2 1343.35
1988.4 1342.51
1989.6 1341.68
1990.8 1340.87
1992.0 1340.06
1993.2 1339.27
1994.4 1338.49
1995.6 1337.72
1996.8 1336.97
1998.0 1336.23
1999.2 1335.5
2000.4 1334.79
2001.6 1334.09
2002.8 1333.4
2004.0 1332.72
2005.2 1332.06
2006.4 1331.41
2007.6 1330.77
2008.8 1330.15
2010.0 1329.53
2011.2 1328.93
2012.4 1328.34
2013.6 1327.77
2014.8 1327.2
2016.0 1326.65
2017.2 1326.1
2018.4 1325.57
2019.6 1325.05
2020.8 1324.53
2022.0 1324.03
2023.2 1323.54
2024.4 1323.06
2025.6 1322.58
2026.8 1322.11
2028.0 1321.66
2029.2 1321.2
2030.4 1320.76
2031.6 1320.33
2032.8 1319.9
2034.0 1319.47
2035.2 1319.06
2036.4 1318.64
2037.6 1318.24
2038.8 1317.84
2040.0 1317.44
2041.2 1317.05
2042.4 1316.66
2043.6 1316.28
2044.8 1315.9
2046.0 1315.52
2047.2 1315.15
2048.4 1314.78
2049.6 1314.41
2050.8 1314.04
2052.0 1313.68
2053.2 1313.32
2054.4 1312.96
2055.6 1312.59
2056.8 1312.24
2058.0 1311.88
2059.2 1311.52
2060.4 1311.16
2061.6 1310.81
2062.8 1310.45
2064.0 1310.09
2065.2 1309.74
2066.4 1309.38
2067.6 1309.02
2068.8 1308.66
2070.0 1308.3
2071.2 1307.94
2072.4 1307.58
2073.6 1307.22
2074.8 1306.86
2076.0 1306.49
2077.2 1306.13
2078.4 1305.76
2079.6 1305.4
2080.8 1305.03
2082.0 1304.66
2083.2 1304.29
2084.4 1303.92
2085.6 1303.55
2086.8 1303.18
2088.0 1302.81
2089.2 1302.44
2090.4 1302.07
2091.6 1301.69
2092.8 1301.32
2094.0 1300.95
2095.2 1300.58
2096.4 1300.21
2097.6 1299.84
2098.8 1299.46
2100.0 1299.09
2101.2 1298.73
2102.4 1298.36
2103.6 1297.99
2104.8 1297.62
2106.0 1297.26
2107.2 1296.89
2108.4 1296.53
2109.6 1296.17
2110.8 1295.81
2112.0 1295.45
2113.2 1295.09
2114.4 1294.73
2115.6 1294.37
2116.8 1294.02
2118.0 1293.67
2119.2 1293.32
2120.4 1292.97
2121.6 1292.62
2122.8 1292.27
2124.0 1291.93
2125.2 1291.58
2126.4 1291.24
2127.6 1290.89
2128.8 1290.54
2130.0 1290.19
2131.2 1289.83
2132.4 1289.47
2133.6 1289.1
2134.8 1288.73
2136.0 1288.35
2137.2 1287.96
2138.4 1287.56
2139.6 1287.16
2140.8 1286.75
2142.0 1286.32
2143.2 1285.89
2144.4 1285.45
2145.6 1285.0
2146.8 1284.54
2148.0 1284.07
2149.2 1283.59
2150.4 1283.1
2151.6 1282.6
2152.8 1282.09
2154.0 1281.57
2155.2 1281.04
2156.4 1280.5
2157.6 1279.94
2158.8 1279.38
2160.0 1278.81
2161.2 1278.22
2162.4 1277.63
2163.6 1277.03
2164.8 1276.41
2166.0 1275.79
2167.2 1275.15
2168.4 1274.51
2169.6 1273.86
2170.8 1273.2
2172.0 1272.53
2173.2 1271.85
2174.4 1271.16
2175.6 1270.46
2176.8 1269.75
2178.0 1269.04
2179.2 1268.31
2180.4 1267.58
2181.6 1266.85
2182.8 1266.1
2184.0 1265.35
2185.2 1264.59
2186.4 1263.82
2187.6 1263.05
2188.8 1262.27
2190.0 1261.48
2191.2 1260.69
2192.4 1259.89
2193.6 1259.09
2194.8 1258.28
2196.0 1257.47
2197.2 1256.65
2198.4 1255.83
2199.6 1255.0
2200.8 1254.17
2202.0 1253.33
2203.2 1252.49
2204.4 1251.65
2205.6 1250.81
2206.8 1249.96
2208.0 1249.11
2209.2 1248.26
2210.4 1247.4
2211.6 1246.55
2212.8 1245.69
2214.0 1244.83
2215.2 1243.97
2216.4 1243.11
2217.6 1242.25
2218.8 1241.38
2220.0 1240.52
2221.2 1239.66
2222.4 1238.79
2223.6 1237.93
2224.8 1237.07
2226.0 1236.21
2227.2 1235.35
2228.4 1234.49
2229.6 1233.63
2230.8 1232.77
2232.0 1231.92
2233.2 1231.07
2234.4 1230.22
2235.6 1229.37
2236.8 1228.52
2238.0 1227.68
2239.2 1226.84
2240.4 1226.0
2241.6 1225.17
2242.8 1224.34
2244.0 1223.51
2245.2 1222.69
2246.4 1221.87
2247.6 1221.06
2248.8 1220.25
2250.0 1219.44
2251.2 1218.62
2252.4 1217.72
2253.6 1216.65
2254.8 1215.38
2256.0 1213.82
2257.2 1211.91
2258.4 1209.58
2259.6 1206.79
2260.8 1203.49
2262.0 1199.75
2263.2 1195.79
2264.4 1191.86
2265.6 1188.1
2266.8 1184.52
2268.0 1181.11
2269.2 1177.88
2270.4 1174.82
2271.6 1171.94
2272.8 1169.23
2274.0 1166.7
2275.2 1164.35
2276.4 1162.17
2277.6 1160.16
2278.8 1158.33
2280.0 1156.68
2281.2 1155.2
2282.4 1153.89
2283.6 1152.76
2284.8 1151.81
2286.0 1151.03
2287.2 1150.43
2288.4 1150.0
2289.6 1149.74
2290.8 1149.66
2292.0 1149.76
2293.2 1150.03
2294.4 1150.47
2295.6 1151.09
2296.8 1151.89
2298.0 1152.86
2299.2 1154.0
2300.4 1155.32
2301.6 1156.77
2302.8 1158.32
2304.0 1159.93
2305.2 1161.55
2306.4 1163.16
2307.6 1164.72
2308.8 1166.19
2310.0 1167.54
2311.2 1168.75
2312.4 1169.77
2313.6 1170.6
2314.8 1171.2
2316.0 1171.57
2317.2 1171.67
2318.4 1171.51
2319.6 1171.06
2320.8 1170.33
2322.0 1169.3
2323.2 1167.98
2324.4 1166.37
2325.6 1164.47
2326.8 1162.28
2328.0 1159.82
2329.2 1157.14
2330.4 1154.69
2331.6 1152.57
2332.8 1150.78
2334.0 1149.3
2335.2 1148.12
2336.4 1147.23
2337.6 1146.62
2338.8 1146.27
2340.0 1146.17
2341.2 1146.15
2342.4 1146.13
2343.6 1146.11
2344.8 1146.08
2346.0 1146.06
2347.2 1146.03
2348.4 1146.01
2349.6 1145.98
2350.8 1145.95
2352.0 1145.92
2353.2 1145.89
2354.4 1145.87
2355.6 1145.84
2356.8 1145.81
2358.0 1145.79
2359.2 1145.76
2360.4 1145.74
2361.6 1145.72
2362.8 1145.69
2364.0 1145.67
2365.2 1145.65
2366.4 1145.63
2367.6 1145.61
2368.8 1145.59
2370.0 1145.58
2371.2 1145.56
2372.4 1145.54
2373.6 1145.52
2374.8 1145.51
2376.0 1145.49
2377.2 1145.48
2378.4 1145.46
2379.6 1145.45
2380.8 1145.43
2382.0 1145.41
2383.2 1145.4
2384.4 1145.37
2385.6 1145.35
2386.8 1145.32
2388.0 1145.29
2389.2 1145.25
2390.4 1145.21
2391.6 1145.15
2392.8 1145.09
2394.0 1145.03
2395.2 1144.95
2396.4 1144.86
2397.6 1144.77
2398.8 1144.66
2400.0 1144.54
2401.2 1144.41
2402.4 1144.26
2403.6 1144.1
2404.8 1143.93
2406.0 1143.75
2407.2 1143.55
2408.4 1143.33
2409.6 1143.1
2410.8 1142.85
2412.0 1142.59
2413.2 1142.31
2414.4 1142.01
2415.6 1141.69
2416.8 1141.36
2418.0 1141.01
2419.2 1140.65
2420.4 1140.26
2421.6 1139.86
2422.8 1139.45
2424.0 1139.01
2425.2 1138.56
2426.4 1138.08
2427.6 1137.6
2428.8 1137.09
2430.0 1136.57
2431.2 1136.03
2432.4 1135.47
2433.6 1134.9
2434.8 1134.31
2436.0 1133.7
2437.2 1133.08
2438.4 1132.45
2439.6 1131.8
2440.8 1131.13
2442.0 1130.45
2443.2 1129.75
2444.4 1129.05
2445.6 1128.32
2446.8 1127.59
2448.0 1126.84
2449.2 1126.08
2450.4 1125.31
2451.6 1124.53
2452.8 1123.74
2454.0 1122.94
2455.2 1122.12
2456.4 1121.3
2457.6 1120.47
2458.8 1119.63
2460.0 1118.78
2461.2 1117.93
2462.4 1117.06
2463.6 1116.19
2464.8 1115.32
2466.0 1114.44
2467.2 1113.55
2468.4 1112.66
2469.6 1111.76
2470.8 1110.86
2472.0 1109.96
2473.2 1109.06
2474.4 1108.15
2475.6 1107.24
2476.8 1106.32
2478.0 1105.41
2479.2 1104.5
2480.4 1103.58
2481.6 1102.66
2482.8 1101.75
2484.0 1100.83
2485.2 1099.92
2486.4 1099.01
2487.6 1098.1
2488.8 1097.19
2490.0 1096.28
2491.2 1095.38
2492.4 1094.48
2493.6 1093.58
2494.8 1092.68
2496.0 1091.79
2497.2 1090.91
2498.4 1090.02
2499.6 1089.15
2500.8 1088.27
2502.0 1087.4
2503.2 1086.54
2504.4 1085.68
2505.6 1084.83
2506.8 1083.99
2508.0 1083.15
2509.2 1082.31
2510.4 1081.48
2511.6 1080.66
2512.8 1079.85
2514.0 1079.04
2515.2 1078.24
2516.4 1077.44
2517.6 1076.65
2518.8 1075.87
2520.0 1075.1
2521.2 1074.33
2522.4 1073.57
2523.6 1072.82
2524.8 1072.08
2526.0 1071.34
2527.2 1070.61
2528.4 1069.89
2529.6 1069.17
2530.8 1068.46
2532.0 1067.77
2533.2 1067.07
2534.4 1066.39
2535.6 1065.71
2536.8 1065.04
2538.0 1064.38
2539.2 1063.73
2540.4 1063.08
2541.6 1062.44
2542.8 1061.81
2544.0 1061.18
2545.2 1060.57
2546.4 1059.96
2547.6 1059.35
2548.8 1058.76
2550.0 1058.17
2551.2 1057.59
2552.4 1057.02
2553.6 1056.45
2554.8 1055.89
2556.0 1055.33
2557.2 1054.79
2558.4 1054.25
2559.6 1053.72
2560.8 1053.19
2562.0 1052.67
2563.2 1052.16
2564.4 1051.65
2565.6 1051.15
2566.8 1050.66
2568.0 1050.17
2569.2 1049.69
2570.4 1049.21
2571.6 1048.74
2572.8 1048.28
2574.0 1047.82
2575.2 1047.37
2576.4 1046.92
2577.6 1046.48
2578.8 1046.04
2580.0 1045.61
2581.2 1045.19
2582.4 1044.77
2583.6 1044.35
2584.8 1043.95
2586.0 1043.54
2587.2 1043.14
2588.4 1042.75
2589.6 1042.36
2590.8 1041.98
2592.0 1041.6
2593.2 1041.22
2594.4 1040.85
2595.6 1040.48
2596.8 1040.12
2598.0 1039.76
2599.2 1039.41
2600.4 1039.06
2601.6 1038.72
2602.8 1038.38
2604.0 1038.04
2605.2 1037.71
2606.4 1037.38
2607.6 1037.05
2608.8 1036.73
2610.0 1036.41
2611.2 1036.1
2612.4 1035.79
2613.6 1035.48
2614.8 1035.18
2616.0 1034.88
2617.2 1034.58
2618.4 1034.29
2619.6 1034.0
2620.8 1033.71
2622.0 1033.43
2623.2 1033.15
2624.4 1032.87
2625.6 1032.6
2626.8 1032.32
2628.0 1032.06
2629.2 1031.79
2630.4 1031.53
2631.6 1031.27
2632.8 1031.01
2634.0 1030.76
2635.2 1030.51
2636.4 1030.26
2637.6 1030.01
2638.8 1029.77
2640.0 1029.53
2641.2 1029.29
2642.4 1029.05
2643.6 1028.82
2644.8 1028.59
2646.0 1028.36
2647.2 1028.14
2648.4 1027.91
2649.6 1027.69
2650.8 1027.47
2652.0 1027.26
2653.2 1027.05
2654.4 1026.83
2655.6 1026.62
2656.8 1026.42
2658.0 1026.21
2659.2 1026.01
2660.4 1025.81
2661.6 1025.61
2662.8 1025.42
2664.0 1025.22
2665.2 1025.03
2666.4 1024.84
2667.6 1024.65
2668.8 1024.47
2670.0 1024.28
2671.2 1024.1
2672.4 1023.92
2673.6 1023.75
2674.8 1023.57
2676.0 1023.4
2677.2 1023.22
2678.4 1023.05
2679.6 1022.88
2680.8 1022.72
2682.0 1022.55
2683.2 1022.39
2684.4 1022.23
2685.6 1022.07
2686.8 1021.91
2688.0 1021.76
2689.2 1021.6
2690.4 1021.45
2691.6 1021.3
2692.8 1021.15
2694.0 1021.0
2695.2 1020.86
2696.4 1020.71
2697.6 1020.57
2698.8 1020.43
2700.0 1020.29
2701.2 1020.15
2702.4 1020.01
2703.6 1019.88
2704.8 1019.74
2706.0 1019.61
2707.2 1019.48
2708.4 1019.35
2709.6 1019.22
2710.8 1019.1
2712.0 1018.97
2713.2 1018.85
2714.4 1018.73
2715.6 1018.61
2716.8 1018.49
2718.0 1018.37
2719.2 1018.25
2720.4 1018.14
2721.6 1018.02
2722.8 1017.91
2724.0 1017.8
2725.2 1017.69
2726.4 1017.58
2727.6 1017.47
2728.8 1017.37
2730.0 1017.26
2731.2 1017.16
2732.4 1017.06
2733.6 1016.95
2734.8 1016.85
2736.0 1016.75
2737.2 1016.66
2738.4 1016.56
2739.6 1016.46
2740.8 1016.37
2742.0 1016.28
2743.2 1016.18
2744.4 1016.09
2745.6 1016.0
2746.8 1015.91
2748.0 1015.82
2749.2 1015.74
2750.4 1015.65
2751.6 1015.56
2752.8 1015.48
2754.0 1015.4
2755.2 1015.31
2756.4 1015.23
2757.6 1015.15
2758.8 1015.07
2760.0 1014.99
2761.2 1014.91
2762.4 1014.84
2763.6 1014.76
2764.8 1014.68
2766.0 1014.61
2767.2 1014.53
2768.4 1014.46
2769.6 1014.39
2770.8 1014.31
2772.0 1014.24
2773.2 1014.17
2774.4 1014.1
2775.6 1014.03
2776.8 1013.97
2778.0 1013.9
2779.2 1013.83
2780.4 1013.76
2781.6 1013.7
2782.8 1013.63
2784.0 1013.57
2785.2 1013.51
2786.4 1013.44
2787.6 1013.38
2788.8 1013.32
2790.0 1013.26
2791.2 1013.2
2792.4 1013.14
2793.6 1013.08
2794.8 1013.02
2796.0 1012.97
2797.2 1012.91
2798.4 1012.85
2799.6 1012.79
2800.8 1012.73
2802.0 1012.68
2803.2 1012.62
2804.4 1012.56
2805.6 1012.5
2806.8 1012.44
2808.0 1012.38
2809.2 1012.32
2810.4 1012.27
2811.6 1012.2
2812.8 1012.14
2814.0 1012.08
2815.2 1012.02
2816.4 1011.96
2817.6 1011.89
2818.8 1011.83
2820.0 1011.77
2821.2 1011.7
2822.4 1011.64
2823.6 1011.57
2824.8 1011.5
2826.0 1011.43
2827.2 1011.37
2828.4 1011.3
2829.6 1011.23
2830.8 1011.16
2832.0 1011.09
2833.2 1011.01
2834.4 1010.94
2835.6 1010.87
2836.8 1010.79
2838.0 1010.72
2839.2 1010.64
2840.4 1010.57
2841.6 1010.49
2842.8 1010.41
2844.0 1010.33
2845.2 1010.26
2846.4 1010.18
2847.6 1010.1
2848.8 1010.02
2850.0 1009.93
2851.2 1009.85
2852.4 1009.77
2853.6 1009.69
2854.8 1009.6
2856.0 1009.52
2857.2 1009.44
2858.4 1009.35
2859.6 1009.27
2860.8 1009.18
2862.0 1009.09
2863.2 1009.01
2864.4 1008.92
2865.6 1008.83
2866.8 1008.74
2868.0 1008.66
2869.2 1008.57
2870.4 1008.48
2871.6 1008.39
2872.8 1008.3
2874.0 1008.21
2875.2 1008.12
2876.4 1008.03
2877.6 1007.94
2878.8 1007.85
2880.0 1007.76
2881.2 1007.67
2882.4 1007.57
2883.6 1007.48
2884.8 1007.39
2886.0 1007.3
2887.2 1007.21
2888.4 1007.12
2889.6 1007.02
2890.8 1006.93
2892.0 1006.84
2893.2 1006.75
2894.4 1006.66
2895.6 1006.61
2896.8 1006.6
2898.0 1006.6
2899.2 1006.61
2900.4 1006.62
2901.6 1006.62
2902.8 1006.63
2904.0 1006.63
2905.2 1006.63
2906.4 1006.64
2907.6 1006.64
2908.8 1006.65
2910.0 1006.65
2911.2 1006.65
2912.4 1006.65
2913.6 1006.66
2914.8 1006.66
2916.0 1006.66
2917.2 1006.67
2918.4 1006.67
2919.6 1006.67
2920.8 1006.67
2922.0 1006.67
2923.2 1006.68
2924.4 1006.68
2925.6 1006.68
2926.8 1006.68
2928.0 1006.68
2929.2 1006.68
2930.4 1006.68
2931.6 1006.69
2932.8 1006.69
2934.0 1006.69
2935.2 1006.69
2936.4 1006.69
2937.6 1006.69
2938.8 1006.69
2940.0 1006.69
2941.2 1006.69
2942.4 1006.69
2943.6 1006.69
2944.8 1006.69
2946.0 1006.69
2947.2 1006.7
2948.4 1006.7
2949.6 1006.7
2950.8 1006.7
2952.0 1006.7
2953.2 1006.7
2954.4 1006.7
2955.6 1006.7
2956.8 1006.7
2958.0 1006.7
2959.2 1006.7
2960.4 1006.7
2961.6 1006.7
2962.8 1006.7
2964.0 1006.7
2965.2 1006.7
2966.4 1006.7
2967.6 1006.7
2968.8 1006.7
2970.0 1006.7
2971.2 1006.7
2972.4 1006.7
2973.6 1006.7
2974.8 1006.7
2976.0 1006.7
2977.2 1006.7
2978.4 1006.7
2979.6 1006.7
2980.8 1006.7
2982.0 1006.7
2983.2 1006.7
2984.4 1006.7
2985.6 1006.7
2986.8 1006.7
2988.0 1006.7
2989.2 1006.7
2990.4 1006.7
2991.6 1006.7
2992.8 1006.7
2994.0 1006.7
2995.2 1006.7
2996.4 1006.7
2997.6 1006.7
2998.8 1006.7
