0.0 6000.0
1.2 5999.99
2.4 5999.91
3.6 5999.74
4.8 5999.44
6.0 5999.0
7.2 5998.4
8.4 5997.62
9.6 5996.67
10.8 5995.51
12.0 5994.15
13.2 5992.56
14.4 5990.72
15.6 5988.6
16.8 5986.18
18.0 5983.44
19.2 5980.36
20.4 5976.93
21.6 5973.13
22.8 5968.95
24.0 5964.37
25.2 5959.38
26.4 5953.97
27.6 5948.14
28.8 5941.87
30.0 5935.16
31.2 5927.99
32.4 5920.38
33.6 5912.3
34.8 5903.77
36.0 5894.76
37.2 5885.29
38.4 5875.35
39.6 5864.94
40.8 5854.05
42.0 5842.69
43.2 5830.86
44.4 5818.56
45.6 5805.8
46.8 5792.56
48.0 5778.86
49.2 5764.69
50.4 5750.07
51.6 5734.99
52.8 5719.45
54.0 5703.47
55.2 5687.04
56.4 5670.17
57.6 5652.86
58.8 5635.11
60.0 5616.94
61.2 5598.35
62.4 5579.34
63.6 5559.92
64.8 5540.09
66.0 5519.85
67.2 5499.22
68.4 5478.2
69.6 5456.8
70.8 5435.01
72.0 5412.85
73.2 5390.33
74.4 5367.44
75.6 5344.2
76.8 5320.61
78.0 5296.68
79.2 5272.41
80.4 5247.81
81.6 5222.89
82.8 5197.65
84.0 5172.11
85.2 5146.25
86.4 5120.1
87.6 5093.67
88.8 5066.94
90.0 5039.94
91.2 5012.67
92.4 4985.13
93.6 4957.34
94.8 4929.29
96.0 4901.0
97.2 4872.48
98.4 4843.72
99.6 4814.73
100.8 4785.53
102.0 4756.12
103.2 4726.5
104.4 4696.69
105.6 4666.68
106.8 4636.49
108.0 4606.12
109.2 4575.57
110.4 4544.87
111.6 4514.0
112.8 4482.98
114.0 4451.81
115.2 4420.5
116.4 4389.06
117.6 4357.49
118.8 4325.8
120.0 4293.99
121.2 4262.07
122.4 4230.05
123.6 4197.94
124.8 4165.73
126.0 4133.43
127.2 4101.06
128.4 4068.61
129.6 4036.09
130.8 4003.52
132.0 3970.88
133.2 3938.19
134.4 3905.46
135.6 3872.69
136.8 3839.89
138.0 3807.06
139.2 3774.22
140.4 3741.37
141.6 3708.53
142.8 3675.73
144.0 3643.02
145.2 3610.43
146.4 3578.02
147.6 3545.81
148.8 3513.81
150.0 3482.07
151.2 3450.6
152.4 3419.44
153.6 3388.6
154.8 3358.12
156.0 3328.02
157.2 3298.33
158.4 3269.07
159.6 3240.27
160.8 3211.95
162.0 3184.16
163.2 3156.92
164.4 3130.28
165.6 3104.29
166.8 3078.98
168.0 3054.33
169.2 3030.31
170.4 3006.89
171.6 2984.02
172.8 2961.7
174.0 2939.88
175.2 2918.55
176.4 2897.7
177.6 2877.31
178.8 2857.37
180.0 2837.86
181.2 2818.77
182.4 2800.09
183.6 2781.8
184.8 2763.88
186.0 2746.32
187.2 2729.08
188.4 2712.13
189.6 2695.47
190.8 2679.06
192.0 2662.9
193.2 2646.95
194.4 2631.2
195.6 2615.65
196.8 2600.26
198.0 2585.04
199.2 2569.96
200.4 2555.03
201.6 2540.21
202.8 2525.52
204.0 2510.93
205.2 2496.44
206.4 2482.05
207.6 2467.74
208.8 2453.5
210.0 2439.34
211.2 2425.25
212.4 2411.22
213.6 2397.24
214.8 2383.33
216.0 2369.46
217.2 2355.63
218.4 2341.86
219.6 2328.12
220.8 2314.42
222.0 2300.76
223.2 2287.13
224.4 2273.54
225.6 2259.98
226.8 2246.45
228.0 2232.95
229.2 2219.49
230.4 2206.05
231.6 2192.65
232.8 2179.29
234.0 2165.96
235.2 2152.66
236.4 2139.4
237.6 2126.18
238.8 2113.0
240.0 2099.85
241.2 2086.75
242.4 2073.69
243.6 2060.68
244.8 2047.74
246.0 2034.9
247.2 2022.21
248.4 2009.71
249.6 1997.42
250.8 1985.39
252.0 1973.64
253.2 1962.2
254.4 1951.06
255.6 1940.19
256.8 1929.58
258.0 1919.23
259.2 1909.11
260.4 1899.22
261.6 1889.54
262.8 1880.06
264.0 1870.77
265.2 1861.67
266.4 1852.73
267.6 1843.96
268.8 1835.33
270.0 1826.86
271.2 1818.52
272.4 1810.31
273.6 1802.23
274.8 1794.27
276.0 1786.41
277.2 1778.66
278.4 1771.02
279.6 1763.47
280.8 1756.01
282.0 1748.63
283.2 1741.35
284.4 1734.13
285.6 1727.0
286.8 1719.94
288.0 1712.94
289.2 1706.01
290.4 1699.15
291.6 1692.35
292.8 1685.6
294.0 1678.91
295.2 1672.28
296.4 1665.7
297.6 1659.17
298.8 1652.69
300.0 1646.26
301.2 1639.88
302.4 1633.54
303.6 1627.25
304.8 1621.0
306.0 1614.79
307.2 1608.63
308.4 1602.51
309.6 1596.43
310.8 1590.39
312.0 1584.39
313.2 1578.43
314.4 1572.51
315.6 1566.63
316.8 1560.79
318.0 1555.01
319.2 1549.32
320.4 1543.75
321.6 1538.33
322.8 1533.06
324.0 1527.93
325.2 1522.94
326.4 1518.08
327.6 1513.34
328.8 1508.72
330.0 1504.21
331.2 1499.81
332.4 1495.5
333.6 1491.29
334.8 1487.17
336.0 1483.14
337.2 1479.19
338.4 1475.32
339.6 1471.52
340.8 1467.79
342.0 1464.13
343.2 1460.54
344.4 1457.01
345.6 1453.54
346.8 1450.12
348.0 1446.76
349.2 1443.45
350.4 1440.18
351.6 1436.97
352.8 1433.8
354.0 1430.68
355.2 1427.6
356.4 1424.55
357.6 1421.55
358.8 1418.59
360.0 1415.66
361.2 1412.76
362.4 1409.9
363.6 1407.08
364.8 1404.28
366.0 1401.52
367.2 1398.78
368.4 1396.08
369.6 1393.41
370.8 1390.76
372.0 1388.14
373.2 1385.54
374.4 1382.98
375.6 1380.44
376.8 1377.92
378.0 1375.43
379.2 1372.96
380.4 1370.52
381.6 1368.1
382.8 1365.71
384.0 1363.33
385.2 1360.98
386.4 1358.66
387.6 1356.35
388.8 1354.07
390.0 1351.81
391.2 1349.57
392.4 1347.35
393.6 1345.16
394.8 1342.98
396.0 1340.83
397.2 1338.7
398.4 1336.58
399.6 1334.49
400.8 1332.42
402.0 1330.37
403.2 1328.34
404.4 1326.34
405.6 1324.35
406.8 1322.38
408.0 1320.44
409.2 1318.51
410.4 1316.61
411.6 1314.72
412.8 1312.86
414.0 1311.02
415.2 1309.19
416.4 1307.39
417.6 1305.61
418.8 1303.85
420.0 1302.11
421.2 1300.39
422.4 1298.7
423.6 1297.02
424.8 1295.36
426.0 1293.73
427.2 1292.11
428.4 1290.52
429.6 1288.95
430.8 1287.4
432.0 1285.87
433.2 1284.36
434.4 1282.87
435.6 1281.4
436.8 1279.95
438.0 1278.53
439.2 1277.12
440.4 1275.74
441.6 1274.37
442.8 1273.03
444.0 1271.71
445.2 1270.41
446.4 1269.13
447.6 1267.87
448.8 1266.65
450.0 1265.48
451.2 1264.35
452.4 1263.26
453.6 1262.22
454.8 1261.21
456.0 1260.24
457.2 1259.31
458.4 1258.42
459.6 1257.56
460.8 1256.73
462.0 1255.93
463.2 1255.17
464.4 1254.44
465.6 1253.73
466.8 1253.05
468.0 1252.4
469.2 1251.78
470.4 1251.18
471.6 1250.6
472.8 1250.05
474.0 1249.52
475.2 1249.02
476.4 1248.53
477.6 1248.07
478.8 1247.63
480.0 1247.2
481.2 1246.8
482.4 1246.41
483.6 1246.05
484.8 1245.69
486.0 1245.36
487.2 1245.04
488.4 1244.74
489.6 1244.46
490.8 1244.19
492.0 1243.93
493.2 1243.69
494.4 1243.46
495.6 1243.24
496.8 1243.04
498.0 1242.85
499.2 1242.67
500.4 1242.5
501.6 1242.34
502.8 1242.2
504.0 1242.06
505.2 1241.93
506.4 1241.82
507.6 1241.71
508.8 1241.62
510.0 1241.53
511.2 1241.45
512.4 1241.38
513.6 1241.31
514.8 1241.26
516.0 1241.21
517.2 1241.17
518.4 1241.13
519.6 1241.11
520.8 1241.09
522.0 1241.07
523.2 1241.07
524.4 1241.07
525.6 1241.07
526.8 1241.08
528.0 1241.1
529.2 1241.12
530.4 1241.15
531.6 1241.18
532.8 1241.21
534.0 1241.26
535.2 1241.3
536.4 1241.35
537.6 1241.41
538.8 1241.47
540.0 1241.53
541.2 1241.6
542.4 1241.67
543.6 1241.75
544.8 1241.83
546.0 1241.91
547.2 1242.0
548.4 1242.09
549.6 1242.18
550.8 1242.28
552.0 1242.38
553.2 1242.48
554.4 1242.58
555.6 1242.69
556.8 1242.8
558.0 1242.92
559.2 1243.03
560.4 1243.15
561.6 1243.27
562.8 1243.39
564.0 1243.51
565.2 1243.64
566.4 1243.77
567.6 1243.9
568.8 1244.03
570.0 1244.16
571.2 1244.3
572.4 1244.43
573.6 1244.57
574.8 1244.71
576.0 1244.85
577.2 1244.99
578.4 1245.14
579.6 1245.28
580.8 1245.43
582.0 1245.57
583.2 1245.72
584.4 1245.87
585.6 1246.02
586.8 1246.17
588.0 1246.32
589.2 1246.47
590.4 1246.62
591.6 1246.78
592.8 1246.93
594.0 1247.08
595.2 1247.24
596.4 1247.39
597.6 1247.54
598.8 1247.7
600.0 1247.85
601.2 1248.0
602.4 1248.16
603.6 1248.31
604.8 1248.46
606.0 1248.61
607.2 1248.77
608.4 1248.92
609.6 1249.07
610.8 1249.22
612.0 1249.37
613.2 1249.52
614.4 1249.67
615.6 1249.81
616.8 1249.96
618.0 1250.1
619.2 1250.25
620.4 1250.39
621.6 1250.54
622.8 1250.68
624.0 1250.82
625.2 1250.96
626.4 1251.09
627.6 1251.23
628.8 1251.37
630.0 1251.5
631.2 1251.63
632.4 1251.76
633.6 1251.89
634.8 1252.02
636.0 1252.15
637.2 1252.27
638.4 1252.39
639.6 1252.52
640.8 1252.64
642.0 1252.76
643.2 1252.87
644.4 1252.99
645.6 1253.1
646.8 1253.21
648.0 1253.32
649.2 1253.43
650.4 1253.54
651.6 1253.64
652.8 1253.75
654.0 1253.85
655.2 1253.95
656.4 1254.05
657.6 1254.15
658.8 1254.24
660.0 1254.34
661.2 1254.43
662.4 1254.52
663.6 1254.61
664.8 1254.69
666.0 1254.78
667.2 1254.86
668.4 1254.94
669.6 1255.02
670.8 1255.1
672.0 1255.18
673.2 1255.25
674.4 1255.32
675.6 1255.39
676.8 1255.46
678.0 1255.53
679.2 1255.59
680.4 1255.65
681.6 1255.71
682.8 1255.77
684.0 1255.83
685.2 1255.88
686.4 1255.93
687.6 1255.98
688.8 1256.03
690.0 1256.08
691.2 1256.12
692.4 1256.16
693.6 1256.2
694.8 1256.24
696.0 1256.28
697.2 1256.31
698.4 1256.34
699.6 1256.37
700.8 1256.4
702.0 1256.42
703.2 1256.45
704.4 1256.47
705.6 1256.49
706.8 1256.51
708.0 1256.53
709.2 1256.54
710.4 1256.56
711.6 1256.57
712.8 1256.58
714.0 1256.59
715.2 1256.6
716.4 1256.61
717.6 1256.62
718.8 1256.62
720.0 1256.62
721.2 1256.63
722.4 1256.63
723.6 1256.63
724.8 1256.63
726.0 1256.63
727.2 1256.62
728.4 1256.62
729.6 1256.61
730.8 1256.61
732.0 1256.6
733.2 1256.59
734.4 1256.58
735.6 1256.57
736.8 1256.56
738.0 1256.55
739.2 1256.54
740.4 1256.52
741.6 1256.51
742.8 1256.49
744.0 1256.48
745.2 1256.46
746.4 1256.44
747.6 1256.43
748.8 1256.41
750.0 1256.39
751.2 1256.37
752.4 1256.35
753.6 1256.33
754.8 1256.31
756.0 1256.29
757.2 1256.27
758.4 1256.25
759.6 1256.23
760.8 1256.21
762.0 1256.19
763.2 1256.16
764.4 1256.14
765.6 1256.12
766.8 1256.1
768.0 1256.08
769.2 1256.06
770.4 1256.04
771.6 1256.02
772.8 1256.0
774.0 1255.98
775.2 1255.96
776.4 1255.94
777.6 1255.92
778.8 1255.9
780.0 1255.89
781.2 1255.87
782.4 1255.85
783.6 1255.84
784.8 1255.82
786.0 1255.8
787.2 1255.79
788.4 1255.77
789.6 1255.76
790.8 1255.75
792.0 1255.73
793.2 1255.72
794.4 1255.71
795.6 1255.7
796.8 1255.69
798.0 1255.68
799.2 1255.67
800.4 1255.66
801.6 1255.67
802.8 1255.71
804.0 1255.82
805.2 1256.02
806.4 1256.34
807.6 1256.79
808.8 1257.39
810.0 1258.18
811.2 1259.16
812.4 1260.36
813.6 1261.79
814.8 1263.46
816.0 1265.39
817.2 1267.6
818.4 1270.09
819.6 1272.89
820.8 1275.99
822.0 1279.42
823.2 1283.17
824.4 1287.26
825.6 1291.69
826.8 1296.46
828.0 1301.58
829.2 1307.05
830.4 1312.87
831.6 1319.04
832.8 1325.56
834.0 1332.43
835.2 1339.65
836.4 1347.21
837.6 1355.11
838.8 1363.35
840.0 1371.91
841.2 1380.81
842.4 1390.02
843.6 1399.54
844.8 1409.36
846.0 1419.48
847.2 1429.88
848.4 1440.57
849.6 1451.51
850.8 1462.72
852.0 1474.17
853.2 1485.86
854.4 1497.77
855.6 1509.89
856.8 1522.22
858.0 1534.73
859.2 1547.42
860.4 1560.27
861.6 1573.28
862.8 1586.43
864.0 1599.7
865.2 1613.08
866.4 1626.57
867.6 1640.15
868.8 1653.8
870.0 1667.52
871.2 1681.28
872.4 1695.09
873.6 1708.92
874.8 1722.77
876.0 1736.62
877.2 1750.46
878.4 1764.28
879.6 1778.06
880.8 1791.81
882.0 1805.5
883.2 1819.12
884.4 1832.67
885.6 1846.14
886.8 1859.51
888.0 1872.78
889.2 1885.94
890.4 1898.98
891.6 1911.88
892.8 1924.65
894.0 1937.28
895.2 1949.75
896.4 1962.06
897.6 1974.21
898.8 1986.18
900.0 1997.98
901.2 2009.59
902.4 2021.02
903.6 2032.25
904.8 2043.28
906.0 2054.11
907.2 2064.73
908.4 2075.15
909.6 2085.35
910.8 2095.33
912.0 2105.1
913.2 2114.65
914.4 2123.97
915.6 2133.07
916.8 2141.94
918.0 2150.59
919.2 2159.01
920.4 2167.21
921.6 2175.17
922.8 2182.91
924.0 2190.42
925.2 2197.7
926.4 2204.75
927.6 2211.58
928.8 2218.18
930.0 2224.56
931.2 2230.71
932.4 2236.65
933.6 2242.36
934.8 2247.86
936.0 2253.14
937.2 2258.21
938.4 2263.07
939.6 2267.71
940.8 2272.15
942.0 2276.39
943.2 2280.43
944.4 2284.27
945.6 2287.92
946.8 2291.37
948.0 2294.64
949.2 2297.73
950.4 2300.63
951.6 2303.36
952.8 2305.92
954.0 2308.31
955.2 2310.54
956.4 2312.6
957.6 2314.51
958.8 2316.27
960.0 2317.88
961.2 2319.34
962.4 2320.66
963.6 2321.84
964.8 2322.89
966.0 2323.8
967.2 2324.59
968.4 2325.26
969.6 2325.8
970.8 2326.23
972.0 2326.54
973.2 2326.74
974.4 2326.83
975.6 2326.82
976.8 2326.7
978.0 2326.48
979.2 2326.17
980.4 2325.76
981.6 2325.26
982.8 2324.67
984.0 2323.99
985.2 2323.22
986.4 2322.38
987.6 2321.45
988.8 2320.44
990.0 2319.35
991.2 2318.18
992.4 2316.94
993.6 2315.63
994.8 2314.24
996.0 2312.78
997.2 2311.26
998.4 2309.66
999.6 2308.0
1000.8 2306.27
1002.0 2304.47
1003.2 2302.61
1004.4 2300.68
1005.6 2298.69
1006.8 2296.64
1008.0 2294.52
1009.2 2292.34
1010.4 2290.1
1011.6 2287.8
1012.8 2285.44
1014.0 2283.01
1015.2 2280.53
1016.4 2277.98
1017.6 2275.37
1018.8 2272.71
1020.0 2269.98
1021.2 2267.19
1022.4 2264.34
1023.6 2261.43
1024.8 2258.46
1026.0 2255.43
1027.2 2252.34
1028.4 2249.19
1029.6 2245.98
1030.8 2242.71
1032.0 2239.38
1033.2 2235.99
1034.4 2232.53
1035.6 2229.02
1036.8 2225.45
1038.0 2221.82
1039.2 2218.13
1040.4 2214.37
1041.6 2210.56
1042.8 2206.69
1044.0 2202.77
1045.2 2198.78
1046.4 2194.73
1047.6 2190.63
1048.8 2186.47
1050.0 2182.25
1051.2 2177.97
1052.4 2173.64
1053.6 2169.25
1054.8 2164.8
1056.0 2160.3
1057.2 2155.75
1058.4 2151.14
1059.6 2146.48
1060.8 2141.77
1062.0 2137.0
1063.2 2132.19
1064.4 2127.32
1065.6 2122.4
1066.8 2117.44
1068.0 2112.43
1069.2 2107.37
1070.4 2102.26
1071.6 2097.11
1072.8 2091.92
1074.0 2086.68
1075.2 2081.4
1076.4 2076.08
1077.6 2070.71
1078.8 2065.31
1080.0 2059.87
1081.2 2054.39
1082.4 2048.88
1083.6 2043.33
1084.8 2037.75
1086.0 2032.13
1087.2 2026.49
1088.4 2020.81
1089.6 2015.1
1090.8 2009.37
1092.0 2003.6
1093.2 1997.82
1094.4 1992.01
1095.6 1986.17
1096.8 1980.31
1098.0 1974.44
1099.2 1968.54
1100.4 1962.63
1101.6 1956.7
1102.8 1950.75
1104.0 1944.79
1105.2 1938.81
1106.4 1932.83
1107.6 1926.83
1108.8 1920.83
1110.0 1914.82
1111.2 1908.8
1112.4 1902.77
1113.6 1896.75
1114.8 1890.71
1116.0 1884.68
1117.2 1878.65
1118.4 1872.62
1119.6 1866.58
1120.8 1860.55
1122.0 1854.52
1123.2 1848.49
1124.4 1842.46
1125.6 1836.44
1126.8 1830.41
1128.0 1824.39
1129.2 1818.37
1130.4 1812.36
1131.6 1806.36
1132.8 1800.36
1134.0 1794.36
1135.2 1788.38
1136.4 1782.4
1137.6 1776.44
1138.8 1770.48
1140.0 1764.54
1141.2 1758.61
1142.4 1752.7
1143.6 1746.8
1144.8 1740.91
1146.0 1735.04
1147.2 1729.2
1148.4 1723.37
1149.6 1717.56
1150.8 1711.77
1152.0 1706.0
1153.2 1700.26
1154.4 1694.54
1155.6 1688.84
1156.8 1683.17
1158.0 1677.53
1159.2 1671.92
1160.4 1666.33
1161.6 1660.77
1162.8 1655.25
1164.0 1649.75
1165.2 1644.29
1166.4 1638.86
1167.6 1633.46
1168.8 1628.1
1170.0 1622.82
1171.2 1617.65
1172.4 1612.59
1173.6 1607.65
1174.8 1602.82
1176.0 1598.1
1177.2 1593.48
1178.4 1588.96
1179.6 1584.54
1180.8 1580.2
1182.0 1575.95
1183.2 1571.78
1184.4 1567.69
1185.6 1563.68
1186.8 1559.75
1188.0 1555.88
1189.2 1552.08
1190.4 1548.35
1191.6 1544.68
1192.8 1541.07
1194.0 1537.51
1195.2 1534.02
1196.4 1530.58
1197.6 1527.19
1198.8 1523.85
1200.0 1520.56
1201.2 1517.31
1202.4 1514.11
1203.6 1510.96
1204.8 1507.85
1206.0 1504.77
1207.2 1501.74
1208.4 1498.75
1209.6 1495.79
1210.8 1492.87
1212.0 1489.99
1213.2 1487.14
1214.4 1484.32
1215.6 1481.54
1216.8 1478.79
1218.0 1476.06
1219.2 1473.37
1220.4 1470.71
1221.6 1468.08
1222.8 1465.48
1224.0 1462.91
1225.2 1460.36
1226.4 1457.84
1227.6 1455.35
1228.8 1452.88
1230.0 1450.44
1231.2 1448.03
1232.4 1445.64
1233.6 1443.27
1234.8 1440.93
1236.0 1438.62
1237.2 1436.33
1238.4 1434.06
1239.6 1431.82
1240.8 1429.6
1242.0 1427.4
1243.2 1425.23
1244.4 1423.08
1245.6 1420.95
1246.8 1418.85
1248.0 1416.77
1249.2 1414.71
1250.4 1412.67
1251.6 1410.66
1252.8 1408.67
1254.0 1406.7
1255.2 1404.76
1256.4 1402.83
1257.6 1400.93
1258.8 1399.05
1260.0 1397.19
1261.2 1395.36
1262.4 1393.54
1263.6 1391.75
1264.8 1389.98
1266.0 1388.23
1267.2 1386.51
1268.4 1384.8
1269.6 1383.12
1270.8 1381.46
1272.0 1379.83
1273.2 1378.24
1274.4 1376.7
1275.6 1375.2
1276.8 1373.75
1278.0 1372.35
1279.2 1371.01
1280.4 1369.73
1281.6 1368.52
1282.8 1367.36
1284.0 1366.26
1285.2 1365.21
1286.4 1364.21
1287.6 1363.25
1288.8 1362.34
1290.0 1361.47
1291.2 1360.65
1292.4 1359.86
1293.6 1359.1
1294.8 1358.38
1296.0 1357.7
1297.2 1357.04
1298.4 1356.41
1299.6 1355.81
1300.8 1355.24
1302.0 1354.69
1303.2 1354.17
1304.4 1353.66
1305.6 1353.18
1306.8 1352.72
1308.0 1352.27
1309.2 1351.84
1310.4 1351.43
1311.6 1351.04
1312.8 1350.65
1314.0 1350.29
1315.2 1349.93
1316.4 1349.59
1317.6 1349.26
1318.8 1348.94
1320.0 1348.62
1321.2 1348.32
1322.4 1348.03
1323.6 1347.75
1324.8 1347.47
1326.0 1347.2
1327.2 1346.94
1328.4 1346.68
1329.6 1346.43
1330.8 1346.18
1332.0 1345.95
1333.2 1345.71
1334.4 1345.48
1335.6 1345.25
1336.8 1345.03
1338.0 1344.81
1339.2 1344.6
1340.4 1344.38
1341.6 1344.17
1342.8 1343.97
1344.0 1343.76
1345.2 1343.56
1346.4 1343.36
1347.6 1343.16
1348.8 1342.96
1350.0 1342.76
1351.2 1342.57
1352.4 1342.37
1353.6 1342.18
1354.8 1341.99
1356.0 1341.8
1357.2 1341.61
1358.4 1341.42
1359.6 1341.22
1360.8 1341.03
1362.0 1340.84
1363.2 1340.65
1364.4 1340.46
1365.6 1340.27
1366.8 1340.08
1368.0 1339.89
1369.2 1339.7
1370.4 1339.51
1371.6 1339.32
1372.8 1339.13
1374.0 1338.94
1375.2 1338.74
1376.4 1338.55
1377.6 1338.35
1378.8 1338.16
1380.0 1337.96
1381.2 1337.77
1382.4 1337.57
1383.6 1337.37
1384.8 1337.17
1386.0 1336.98
1387.2 1336.78
1388.4 1336.58
1389.6 1336.38
1390.8 1336.17
1392.0 1335.97
1393.2 1335.77
1394.4 1335.57
1395.6 1335.37
1396.8 1335.16
1398.0 1334.96
1399.2 1334.75
1400.4 1334.55
1401.6 1334.34
1402.8 1334.14
1404.0 1333.93
1405.2 1333.73
1406.4 1333.52
1407.6 1333.32
1408.8 1333.12
1410.0 1332.91
1411.2 1332.71
1412.4 1332.5
1413.6 1332.3
1414.8 1332.1
1416.0 1331.9
1417.2 1331.69
1418.4 1331.49
1419.6 1331.29
1420.8 1331.1
1422.0 1330.9
1423.2 1330.7
1424.4 1330.5
1425.6 1330.31
1426.8 1330.11
1428.0 1329.92
1429.2 1329.72
1430.4 1329.53
1431.6 1329.34
1432.8 1329.15
1434.0 1328.96
1435.2 1328.77
1436.4 1328.58
1437.6 1328.4
1438.8 1328.21
1440.0 1328.03
1441.2 1327.84
1442.4 1327.66
1443.6 1327.48
1444.8 1327.29
1446.0 1327.11
1447.2 1326.94
1448.4 1326.76
1449.6 1326.58
1450.8 1326.41
1452.0 1326.25
1453.2 1326.13
1454.4 1326.03
1455.6 1325.95
1456.8 1325.89
1458.0 1325.86
1459.2 1325.84
1460.4 1325.84
1461.6 1325.86
1462.8 1325.89
1464.0 1325.94
1465.2 1326.0
1466.4 1326.07
1467.6 1326.16
1468.8 1326.25
1470.0 1326.36
1471.2 1326.47
1472.4 1326.59
1473.6 1326.72
1474.8 1326.85
1476.0 1326.99
1477.2 1327.14
1478.4 1327.29
1479.6 1327.45
1480.8 1327.6
1482.0 1327.77
1483.2 1327.93
1484.4 1328.1
1485.6 1328.27
1486.8 1328.44
1488.0 1328.61
1489.2 1328.79
1490.4 1328.96
1491.6 1329.13
1492.8 1329.31
1494.0 1329.48
1495.2 1329.65
1496.4 1329.82
1497.6 1329.99
1498.8 1330.16
1500.0 1330.33
1501.2 1330.49
1502.4 1330.66
1503.6 1330.82
1504.8 1330.97
1506.0 1331.13
1507.2 1331.28
1508.4 1331.43
1509.6 1331.57
1510.8 1331.71
1512.0 1331.85
1513.2 1331.98
1514.4 1332.11
1515.6 1332.23
1516.8 1332.35
1518.0 1332.47
1519.2 1332.58
1520.4 1332.69
1521.6 1332.79
1522.8 1332.89
1524.0 1332.98
1525.2 1333.06
1526.4 1333.15
1527.6 1333.22
1528.8 1333.3
1530.0 1333.36
1531.2 1333.42
1532.4 1333.48
1533.6 1333.53
1534.8 1333.58
1536.0 1333.62
1537.2 1333.66
1538.4 1333.69
1539.6 1333.72
1540.8 1333.74
1542.0 1333.76
1543.2 1333.78
1544.4 1333.79
1545.6 1333.79
1546.8 1333.79
1548.0 1333.79
1549.2 1333.78
1550.4 1333.77
1551.6 1333.75
1552.8 1333.73
1554.0 1333.71
1555.2 1333.68
1556.4 1333.65
1557.6 1333.61
1558.8 1333.57
1560.0 1333.53
1561.2 1333.48
1562.4 1333.43
1563.6 1333.38
1564.8 1333.33
1566.0 1333.27
1567.2 1333.21
1568.4 1333.14
1569.6 1333.08
1570.8 1333.01
1572.0 1332.93
1573.2 1332.86
1574.4 1332.78
1575.6 1332.7
1576.8 1332.61
1578.0 1332.53
1579.2 1332.44
1580.4 1332.35
1581.6 1332.26
1582.8 1332.16
1584.0 1332.06
1585.2 1331.96
1586.4 1331.86
1587.6 1331.76
1588.8 1331.65
1590.0 1331.55
1591.2 1331.44
1592.4 1331.33
1593.6 1331.21
1594.8 1331.1
1596.0 1330.98
1597.2 1330.87
1598.4 1330.75
1599.6 1330.63
1600.8 1330.51
1602.0 1330.38
1603.2 1330.2
1604.4 1329.97
1605.6 1329.66
1606.8 1329.29
1608.0 1328.82
1609.2 1328.24
1610.4 1327.54
1611.6 1326.71
1612.8 1325.73
1614.0 1324.61
1615.2 1323.33
1616.4 1321.9
1617.6 1320.33
1618.8 1318.64
1620.0 1316.83
1621.2 1314.95
1622.4 1312.99
1623.6 1310.98
1624.8 1308.93
1626.0 1306.85
1627.2 1304.77
1628.4 1302.72
1629.6 1300.7
1630.8 1298.76
1632.0 1296.91
1633.2 1295.18
1634.4 1293.61
1635.6 1292.23
1636.8 1291.07
1638.0 1290.16
1639.2 1289.54
1640.4 1289.24
1641.6 1289.28
1642.8 1289.68
1644.0 1290.45
1645.2 1291.6
1646.4 1293.14
1647.6 1295.09
1648.8 1297.46
1650.0 1300.28
1651.2 1303.55
1652.4 1307.25
1653.6 1311.37
1654.8 1315.9
1656.0 1320.83
1657.2 1326.14
1658.4 1331.82
1659.6 1337.87
1660.8 1344.28
1662.0 1351.04
1663.2 1358.14
1664.4 1365.57
1665.6 1373.32
1666.8 1381.38
1668.0 1389.74
1669.2 1398.4
1670.4 1407.35
1671.6 1416.57
1672.8 1426.04
1674.0 1435.72
1675.2 1445.6
1676.4 1455.65
1677.6 1465.84
1678.8 1476.16
1680.0 1486.57
1681.2 1497.06
1682.4 1507.61
1683.6 1518.19
1684.8 1528.78
1686.0 1539.38
1687.2 1549.95
1688.4 1560.48
1689.6 1570.95
1690.8 1581.35
1692.0 1591.65
1693.2 1601.85
1694.4 1611.93
1695.6 1621.87
1696.8 1631.65
1698.0 1641.27
1699.2 1650.71
1700.4 1659.95
1701.6 1668.98
1702.8 1677.8
1704.0 1686.39
1705.2 1694.74
1706.4 1702.85
1707.6 1710.69
1708.8 1718.27
1710.0 1725.58
1711.2 1732.61
1712.4 1739.36
1713.6 1745.81
1714.8 1751.97
1716.0 1757.83
1717.2 1763.39
1718.4 1768.64
1719.6 1773.58
1720.8 1778.2
1722.0 1782.51
1723.2 1786.5
1724.4 1790.18
1725.6 1793.54
1726.8 1796.57
1728.0 1799.3
1729.2 1801.7
1730.4 1803.79
1731.6 1805.57
1732.8 1807.05
1734.0 1808.22
1735.2 1809.08
1736.4 1809.65
1737.6 1809.94
1738.8 1809.93
1740.0 1809.64
1741.2 1809.08
1742.4 1808.26
1743.6 1807.17
1744.8 1805.83
1746.0 1804.24
1747.2 1802.41
1748.4 1800.34
1749.6 1798.06
1750.8 1795.56
1752.0 1792.85
1753.2 1789.94
1754.4 1786.84
1755.6 1783.56
1756.8 1780.11
1758.0 1776.49
1759.2 1772.71
1760.4 1768.78
1761.6 1764.72
1762.8 1760.53
1764.0 1756.21
1765.2 1751.78
1766.4 1747.25
1767.6 1742.61
1768.8 1737.89
1770.0 1733.1
1771.2 1728.23
1772.4 1723.29
1773.6 1718.3
1774.8 1713.26
1776.0 1708.19
1777.2 1703.08
1778.4 1697.94
1779.6 1692.79
1780.8 1687.63
1782.0 1682.47
1783.2 1677.31
1784.4 1672.15
1785.6 1667.02
1786.8 1661.9
1788.0 1656.82
1789.2 1651.77
1790.4 1646.75
1791.6 1641.78
1792.8 1636.86
1794.0 1632.0
1795.2 1627.18
1796.4 1622.44
1797.6 1617.75
1798.8 1613.14
1800.0 1608.59
1801.2 1604.13
1802.4 1599.74
1803.6 1595.43
1804.8 1591.2
1806.0 1587.06
1807.2 1583.0
1808.4 1579.03
1809.6 1575.15
1810.8 1571.36
1812.0 1567.67
1813.2 1564.06
1814.4 1560.55
1815.6 1557.13
1816.8 1553.8
1818.0 1550.56
1819.2 1547.42
1820.4 1544.37
1821.6 1541.41
1822.8 1538.54
1824.0 1535.76
1825.2 1533.07
1826.4 1530.46
1827.6 1527.94
1828.8 1525.5
1830.0 1523.15
1831.2 1520.88
1832.4 1518.68
1833.6 1516.57
1834.8 1514.52
1836.0 1512.56
1837.2 1510.66
1838.4 1508.83
1839.6 1507.07
1840.8 1505.37
1842.0 1503.74
1843.2 1502.16
1844.4 1500.65
1845.6 1499.18
1846.8 1497.78
1848.0 1496.42
1849.2 1495.11
1850.4 1493.84
1851.6 1492.62
1852.8 1491.45
1854.0 1490.31
1855.2 1489.2
1856.4 1488.13
1857.6 1487.1
1858.8 1486.09
1860.0 1485.12
1861.2 1484.16
1862.4 1483.24
1863.6 1482.33
1864.8 1481.45
1866.0 1480.58
1867.2 1479.73
1868.4 1478.9
1869.6 1478.07
1870.8 1477.26
1872.0 1476.46
1873.2 1475.66
1874.4 1474.87
1875.6 1474.09
1876.8 1473.31
1878.0 1472.53
1879.2 1471.75
1880.4 1470.97
1881.6 1470.19
1882.8 1469.4
1884.0 1468.61
1885.2 1467.82
1886.4 1467.02
1887.6 1466.21
1888.8 1465.39
1890.0 1464.56
1891.2 1463.72
1892.4 1462.87
1893.6 1462.01
1894.8 1461.14
1896.0 1460.25
1897.2 1459.36
1898.4 1458.45
1899.6 1457.52
1900.8 1456.59
1902.0 1455.64
1903.2 1454.67
1904.4 1453.69
1905.6 1452.7
1906.8 1451.69
1908.0 1450.67
1909.2 1449.63
1910.4 1448.58
1911.6 1447.52
1912.8 1446.44
1914.0 1445.35
1915.2 1444.24
1916.4 1443.13
1917.6 1442.0
1918.8 1440.85
1920.0 1439.7
1921.2 1438.53
1922.4 1437.36
1923.6 1436.17
1924.8 1434.97
1926.0 1433.76
1927.2 1432.55
1928.4 1431.32
1929.6 1430.09
1930.8 1428.84
1932.0 1427.6
1933.2 1426.34
1934.4 1425.08
1935.6 1423.81
1936.8 1422.54
1938.0 1421.26
1939.2 1419.99
1940.4 1418.71
1941.6 1417.42
1942.8 1416.14
1944.0 1414.85
1945.2 1413.57
1946.4 1412.29
1947.6 1411.0
1948.8 1409.73
1950.0 1408.45
1951.2 1407.18
1952.4 1405.91
1953.6 1404.64
1954.8 1403.38
1956.0 1402.13
1957.2 1400.88
1958.4 1399.64
1959.6 1398.41
1960.8 1397.19
1962.0 1395.97
1963.2 1394.76
1964.4 1393.56
1965.6 1392.37
1966.8 1391.2
1968.0 1390.03
1969.2 1388.87
1970.4 1387.72
1971.6 1386.58
1972.8 1385.45
1974.0 1384.34
1975.2 1383.23
1976.4 1382.14
1977.6 1381.06
1978.8 1379.99
1980.0 1378.94
1981.2 1377.9
1982.4 1376.87
1983.6 1375.85
1984.8 1374.84
1986.0 1373.85
1987.2 1372.87
1988.4 1371.91
1989.6 1370.95
1990.8 1370.01
1992.0 1369.08
1993.2 1368.17
1994.4 1367.27
1995.6 1366.38
1996.8 1365.5
1998.0 1364.64
1999.2 1363.79
2000.4 1362.95
2001.6 1362.13
2002.8 1361.31
2004.0 1360.51
2005.2 1359.72
2006.4 1358.94
2007.6 1358.17
2008.8 1357.42
2010.0 1356.67
2011.2 1355.93
2012.4 1355.21
2013.6 1354.49
2014.8 1353.78
2016.0 1353.09
2017.2 1352.4
2018.4 1351.72
2019.6 1351.04
2020.8 1350.38
2022.0 1349.72
2023.2 1349.08
2024.4 1348.43
2025.6 1347.8
2026.8 1347.17
2028.0 1346.55
2029.2 1345.93
2030.4 1345.32
2031.6 1344.71
2032.8 1344.11
2034.0 1343.52
2035.2 1342.93
2036.4 1342.34
2037.6 1341.76
2038.8 1341.18
2040.0 1340.6
2041.2 1340.03
2042.4 1339.46
2043.6 1338.9
2044.8 1338.34
2046.0 1337.78
2047.2 1337.22
2048.4 1336.67
2049.6 1336.12
2050.8 1335.57
2052.0 1335.02
2053.2 1334.48
2054.4 1333.94
2055.6 1333.4
2056.8 1332.86
2058.0 1332.32
2059.2 1331.79
2060.4 1331.26
2061.6 1330.72
2062.8 1330.19
2064.0 1329.67
2065.2 1329.14
2066.4 1328.62
2067.6 1328.09
2068.8 1327.57
2070.0 1327.05
2071.2 1326.54
2072.4 1326.02
2073.6 1325.51
2074.8 1325.0
2076.0 1324.49
2077.2 1323.98
2078.4 1323.47
2079.6 1322.97
2080.8 1322.47
2082.0 1321.97
2083.2 1321.48
2084.4 1320.98
2085.6 1320.49
2086.8 1320.0
2088.0 1319.52
2089.2 1319.03
2090.4 1318.55
2091.6 1318.07
2092.8 1317.59
2094.0 1317.12
2095.2 1316.65
2096.4 1316.18
2097.6 1315.71
2098.8 1315.25
2100.0 1314.79
2101.2 1314.33
2102.4 1313.87
2103.6 1313.41
2104.8 1312.96
2106.0 1312.51
2107.2 1312.07
2108.4 1311.62
2109.6 1311.18
2110.8 1310.74
2112.0 1310.3
2113.2 1309.87
2114.4 1309.44
2115.6 1309.01
2116.8 1308.58
2118.0 1308.15
2119.2 1307.73
2120.4 1307.31
2121.6 1306.89
2122.8 1306.48
2124.0 1306.06
2125.2 1305.65
2126.4 1305.24
2127.6 1304.84
2128.8 1304.43
2130.0 1304.03
2131.2 1303.63
2132.4 1303.23
2133.6 1302.83
2134.8 1302.44
2136.0 1302.05
2137.2 1301.66
2138.4 1301.27
2139.6 1300.88
2140.8 1300.5
2142.0 1300.11
2143.2 1299.73
2144.4 1299.35
2145.6 1298.97
2146.8 1298.6
2148.0 1298.23
2149.2 1297.85
2150.4 1297.49
2151.6 1297.12
2152.8 1296.75
2154.0 1296.39
2155.2 1296.03
2156.4 1295.66
2157.6 1295.3
2158.8 1294.93
2160.0 1294.56
2161.2 1294.18
2162.4 1293.8
2163.6 1293.41
2164.8 1293.01
2166.0 1292.61
2167.2 1292.2
2168.4 1291.78
2169.6 1291.34
2170.8 1290.9
2172.0 1290.45
2173.2 1289.99
2174.4 1289.52
2175.6 1289.03
2176.8 1288.54
2178.0 1288.03
2179.2 1287.51
2180.4 1286.98
2181.6 1286.44
2182.8 1285.88
2184.0 1285.31
2185.2 1284.73
2186.4 1284.14
2187.6 1283.53
2188.8 1282.92
2190.0 1282.29
2191.2 1281.64
2192.4 1280.99
2193.6 1280.33
2194.8 1279.65
2196.0 1278.96
2197.2 1278.26
2198.4 1277.55
2199.6 1276.82
2200.8 1276.09
2202.0 1275.34
2203.2 1274.59
2204.4 1273.82
2205.6 1273.05
2206.8 1272.26
2208.0 1271.47
2209.2 1270.66
2210.4 1269.85
2211.6 1269.03
2212.8 1268.2
2214.0 1267.36
2215.2 1266.51
2216.4 1265.66
2217.6 1264.8
2218.8 1263.93
2220.0 1263.05
2221.2 1262.17
2222.4 1261.28
2223.6 1260.39
2224.8 1259.49
2226.0 1258.58
2227.2 1257.67
2228.4 1256.76
2229.6 1255.84
2230.8 1254.91
2232.0 1253.98
2233.2 1253.05
2234.4 1252.12
2235.6 1251.18
2236.8 1250.23
2238.0 1249.29
2239.2 1248.34
2240.4 1247.39
2241.6 1246.44
2242.8 1245.49
2244.0 1244.54
2245.2 1243.58
2246.4 1242.63
2247.6 1241.67
2248.8 1240.72
2250.0 1239.76
2251.2 1238.79
2252.4 1237.72
2253.6 1236.5
2254.8 1235.07
2256.0 1233.36
2257.2 1231.3
2258.4 1228.84
2259.6 1225.92
2260.8 1222.51
2262.0 1218.59
2263.2 1214.18
2264.4 1209.38
2265.6 1204.41
2266.8 1199.52
2268.0 1194.86
2269.2 1190.43
2270.4 1186.23
2271.6 1182.27
2272.8 1178.54
2274.0 1175.04
2275.2 1171.77
2276.4 1168.74
2277.6 1165.93
2278.8 1163.36
2280.0 1161.02
2281.2 1158.91
2282.4 1157.03
2283.6 1155.38
2284.8 1153.96
2286.0 1152.78
2287.2 1151.82
2288.4 1151.1
2289.6 1150.61
2290.8 1150.35
2292.0 1150.32
2293.2 1150.52
2294.4 1150.96
2295.6 1151.62
2296.8 1152.51
2298.0 1153.64
2299.2 1154.99
2300.4 1156.55
2301.6 1158.27
2302.8 1160.11
2304.0 1162.03
2305.2 1163.98
2306.4 1165.93
2307.6 1167.85
2308.8 1169.7
2310.0 1171.44
2311.2 1173.04
2312.4 1174.48
2313.6 1175.72
2314.8 1176.75
2316.0 1177.54
2317.2 1178.08
2318.4 1178.36
2319.6 1178.35
2320.8 1178.07
2322.0 1177.49
2323.2 1176.62
2324.4 1175.46
2325.6 1174.01
2326.8 1172.27
2328.0 1170.26
2329.2 1168.03
2330.4 1166.03
2331.6 1164.37
2332.8 1163.02
2334.0 1161.98
2335.2 1161.25
2336.4 1160.8
2337.6 1160.62
2338.8 1160.6
2340.0 1160.57
2341.2 1160.55
2342.4 1160.53
2343.6 1160.5
2344.8 1160.47
2346.0 1160.45
2347.2 1160.42
2348.4 1160.39
2349.6 1160.36
2350.8 1160.33
2352.0 1160.3
2353.2 1160.27
2354.4 1160.24
2355.6 1160.21
2356.8 1160.19
2358.0 1160.16
2359.2 1160.14
2360.4 1160.11
2361.6 1160.09
2362.8 1160.07
2364.0 1160.05
2365.2 1160.03
2366.4 1160.0
2367.6 1159.99
2368.8 1159.97
2370.0 1159.95
2371.2 1159.93
2372.4 1159.91
2373.6 1159.9
2374.8 1159.88
2376.0 1159.86
2377.2 1159.84
2378.4 1159.82
2379.6 1159.8
2380.8 1159.78
2382.0 1159.75
2383.2 1159.71
2384.4 1159.67
2385.6 1159.62
2386.8 1159.57
2388.0 1159.5
2389.2 1159.43
2390.4 1159.35
2391.6 1159.25
2392.8 1159.15
2394.0 1159.03
2395.2 1158.89
2396.4 1158.75
2397.6 1158.59
2398.8 1158.41
2400.0 1158.21
2401.2 1158.0
2402.4 1157.78
2403.6 1157.53
2404.8 1157.27
2406.0 1156.98
2407.2 1156.68
2408.4 1156.36
2409.6 1156.02
2410.8 1155.66
2412.0 1155.28
2413.2 1154.87
2414.4 1154.45
2415.6 1154.01
2416.8 1153.54
2418.0 1153.06
2419.2 1152.56
2420.4 1152.03
2421.6 1151.48
2422.8 1150.92
2424.0 1150.33
2425.2 1149.73
2426.4 1149.1
2427.6 1148.45
2428.8 1147.79
2430.0 1147.11
2431.2 1146.41
2432.4 1145.69
2433.6 1144.95
2434.8 1144.19
2436.0 1143.42
2437.2 1142.64
2438.4 1141.83
2439.6 1141.02
2440.8 1140.18
2442.0 1139.34
2443.2 1138.47
2444.4 1137.6
2445.6 1136.71
2446.8 1135.82
2448.0 1134.9
2449.2 1133.98
2450.4 1133.05
2451.6 1132.11
2452.8 1131.16
2454.0 1130.2
2455.2 1129.24
2456.4 1128.26
2457.6 1127.28
2458.8 1126.29
2460.0 1125.3
2461.2 1124.3
2462.4 1123.3
2463.6 1122.29
2464.8 1121.28
2466.0 1120.27
2467.2 1119.26
2468.4 1118.24
2469.6 1117.22
2470.8 1116.2
2472.0 1115.18
2473.2 1114.16
2474.4 1113.14
2475.6 1112.12
2476.8 1111.11
2478.0 1110.09
2479.2 1109.08
2480.4 1108.07
2481.6 1107.06
2482.8 1106.06
2484.0 1105.06
2485.2 1104.07
2486.4 1103.08
2487.6 1102.09
2488.8 1101.11
2490.0 1100.13
2491.2 1099.16
2492.4 1098.2
2493.6 1097.24
2494.8 1096.29
2496.0 1095.34
2497.2 1094.4
2498.4 1093.47
2499.6 1092.55
2500.8 1091.63
2502.0 1090.72
2503.2 1089.82
2504.4 1088.93
2505.6 1088.04
2506.8 1087.16
2508.0 1086.29
2509.2 1085.43
2510.4 1084.58
2511.6 1083.73
2512.8 1082.9
2514.0 1082.07
2515.2 1081.25
2516.4 1080.44
2517.6 1079.64
2518.8 1078.84
2520.0 1078.06
2521.2 1077.28
2522.4 1076.51
2523.6 1075.75
2524.8 1075.0
2526.0 1074.26
2527.2 1073.52
2528.4 1072.8
2529.6 1072.08
2530.8 1071.37
2532.0 1070.67
2533.2 1069.98
2534.4 1069.3
2535.6 1068.62
2536.8 1067.95
2538.0 1067.29
2539.2 1066.64
2540.4 1066.0
2541.6 1065.36
2542.8 1064.73
2544.0 1064.11
2545.2 1063.5
2546.4 1062.89
2547.6 1062.29
2548.8 1061.7
2550.0 1061.12
2551.2 1060.54
2552.4 1059.97
2553.6 1059.4
2554.8 1058.85
2556.0 1058.3
2557.2 1057.76
2558.4 1057.22
2559.6 1056.69
2560.8 1056.16
2562.0 1055.65
2563.2 1055.14
2564.4 1054.63
2565.6 1054.13
2566.8 1053.64
2568.0 1053.15
2569.2 1052.67
2570.4 1052.19
2571.6 1051.72
2572.8 1051.26
2574.0 1050.8
2575.2 1050.34
2576.4 1049.89
2577.6 1049.45
2578.8 1049.01
2580.0 1048.58
2581.2 1048.15
2582.4 1047.72
2583.6 1047.3
2584.8 1046.89
2586.0 1046.48
2587.2 1046.07
2588.4 1045.67
2589.6 1045.28
2590.8 1044.89
2592.0 1044.5
2593.2 1044.11
2594.4 1043.73
2595.6 1043.36
2596.8 1042.99
2598.0 1042.62
2599.2 1042.26
2600.4 1041.9
2601.6 1041.54
2602.8 1041.19
2604.0 1040.84
2605.2 1040.5
2606.4 1040.16
2607.6 1039.82
2608.8 1039.48
2610.0 1039.15
2611.2 1038.83
2612.4 1038.5
2613.6 1038.18
2614.8 1037.86
2616.0 1037.55
2617.2 1037.24
2618.4 1036.93
2619.6 1036.63
2620.8 1036.32
2622.0 1036.03
2623.2 1035.73
2624.4 1035.44
2625.6 1035.15
2626.8 1034.86
2628.0 1034.58
2629.2 1034.3
2630.4 1034.02
2631.6 1033.74
2632.8 1033.47
2634.0 1033.2
2635.2 1032.93
2636.4 1032.67
2637.6 1032.41
2638.8 1032.15
2640.0 1031.89
2641.2 1031.64
2642.4 1031.38
2643.6 1031.14
2644.8 1030.89
2646.0 1030.64
2647.2 1030.4
2648.4 1030.16
2649.6 1029.93
2650.8 1029.69
2652.0 1029.46
2653.2 1029.23
2654.4 1029.0
2655.6 1028.78
2656.8 1028.55
2658.0 1028.33
2659.2 1028.11
2660.4 1027.89
2661.6 1027.68
2662.8 1027.47
2664.0 1027.26
2665.2 1027.05
2666.4 1026.84
2667.6 1026.64
2668.8 1026.44
2670.0 1026.24
2671.2 1026.04
2672.4 1025.84
2673.6 1025.65
2674.8 1025.46
2676.0 1025.27
2677.2 1025.08
2678.4 1024.89
2679.6 1024.71
2680.8 1024.53
2682.0 1024.35
2683.2 1024.17
2684.4 1023.99
2685.6 1023.82
2686.8 1023.64
2688.0 1023.47
2689.2 1023.3
2690.4 1023.14
2691.6 1022.97
2692.8 1022.81
2694.0 1022.64
2695.2 1022.48
2696.4 1022.32
2697.6 1022.17
2698.8 1022.01
2700.0 1021.86
2701.2 1021.71
2702.4 1021.56
2703.6 1021.41
2704.8 1021.26
2706.0 1021.12
2707.2 1020.97
2708.4 1020.83
2709.6 1020.69
2710.8 1020.55
2712.0 1020.41
2713.2 1020.28
2714.4 1020.15
2715.6 1020.01
2716.8 1019.88
2718.0 1019.75
2719.2 1019.62
2720.4 1019.5
2721.6 1019.37
2722.8 1019.25
2724.0 1019.13
2725.2 1019.01
2726.4 1018.89
2727.6 1018.77
2728.8 1018.65
2730.0 1018.54
2731.2 1018.42
2732.4 1018.31
2733.6 1018.2
2734.8 1018.09
2736.0 1017.98
2737.2 1017.87
2738.4 1017.76
2739.6 1017.66
2740.8 1017.55
2742.0 1017.45
2743.2 1017.34
2744.4 1017.24
2745.6 1017.14
2746.8 1017.04
2748.0 1016.94
2749.2 1016.85
2750.4 1016.75
2751.6 1016.66
2752.8 1016.56
2754.0 1016.47
2755.2 1016.38
2756.4 1016.29
2757.6 1016.2
2758.8 1016.11
2760.0 1016.02
2761.2 1015.93
2762.4 1015.85
2763.6 1015.76
2764.8 1015.68
2766.0 1015.59
2767.2 1015.51
2768.4 1015.43
2769.6 1015.35
2770.8 1015.27
2772.0 1015.19
2773.2 1015.11
2774.4 1015.04
2775.6 1014.96
2776.8 1014.89
2778.0 1014.81
2779.2 1014.74
2780.4 1014.67
2781.6 1014.59
2782.8 1014.52
2784.0 1014.45
2785.2 1014.38
2786.4 1014.31
2787.6 1014.25
2788.8 1014.18
2790.0 1014.11
2791.2 1014.05
2792.4 1013.98
2793.6 1013.92
2794.8 1013.85
2796.0 1013.79
2797.2 1013.73
2798.4 1013.66
2799.6 1013.6
2800.8 1013.54
2802.0 1013.48
2803.2 1013.42
2804.4 1013.37
2805.6 1013.31
2806.8 1013.25
2808.0 1013.19
2809.2 1013.14
2810.4 1013.08
2811.6 1013.02
2812.8 1012.97
2814.0 1012.91
2815.2 1012.86
2816.4 1012.81
2817.6 1012.75
2818.8 1012.7
2820.0 1012.64
2821.2 1012.59
2822.4 1012.54
2823.6 1012.48
2824.8 1012.43
2826.0 1012.37
2827.2 1012.31
2828.4 1012.26
2829.6 1012.2
2830.8 1012.14
2832.0 1012.09
2833.2 1012.03
2834.4 1011.97
2835.6 1011.91
2836.8 1011.85
2838.0 1011.79
2839.2 1011.72
2840.4 1011.66
2841.6 1011.6
2842.8 1011.53
2844.0 1011.47
2845.2 1011.4
2846.4 1011.34
2847.6 1011.27
2848.8 1011.2
2850.0 1011.13
2851.2 1011.06
2852.4 1010.99
2853.6 1010.92
2854.8 1010.85
2856.0 1010.77
2857.2 1010.7
2858.4 1010.63
2859.6 1010.55
2860.8 1010.47
2862.0 1010.4
2863.2 1010.32
2864.4 1010.24
2865.6 1010.16
2866.8 1010.08
2868.0 1010.0
2869.2 1009.92
2870.4 1009.84
2871.6 1009.76
2872.8 1009.67
2874.0 1009.59
2875.2 1009.51
2876.4 1009.42
2877.6 1009.34
2878.8 1009.25
2880.0 1009.16
2881.2 1009.08
2882.4 1008.99
2883.6 1008.9
2884.8 1008.82
2886.0 1008.73
2887.2 1008.64
2888.4 1008.55
2889.6 1008.46
2890.8 1008.37
2892.0 1008.28
2893.2 1008.19
2894.4 1008.1
2895.6 1008.01
2896.8 1007.91
2898.0 1007.82
2899.2 1007.73
2900.4 1007.64
2901.6 1007.55
2902.8 1007.45
2904.0 1007.36
2905.2 1007.27
2906.4 1007.18
2907.6 1007.08
2908.8 1006.99
2910.0 1006.9
2911.2 1006.81
2912.4 1006.72
2913.6 1006.64
2914.8 1006.6
2916.0 1006.61
2917.2 1006.61
2918.4 1006.62
2919.6 1006.63
2920.8 1006.63
2922.0 1006.64
2923.2 1006.64
2924.4 1006.65
2925.6 1006.65
2926.8 1006.65
2928.0 1006.66
2929.2 1006.66
2930.4 1006.67
2931.6 1006.67
2932.8 1006.67
2934.0 1006.67
2935.2 1006.68
2936.4 1006.68
2937.6 1006.68
2938.8 1006.68
2940.0 1006.69
2941.2 1006.69
2942.4 1006.69
2943.6 1006.69
2944.8 1006.69
2946.0 1006.69
2947.2 1006.69
2948.4 1006.7
2949.6 1006.7
2950.8 1006.7
2952.0 1006.7
2953.2 1006.7
2954.4 1006.7
2955.6 1006.7
2956.8 1006.7
2958.0 1006.7
2959.2 1006.7
2960.4 1006.7
2961.6 1006.7
2962.8 1006.7
2964.0 1006.71
2965.2 1006.71
2966.4 1006.71
2967.6 1006.71
2968.8 1006.71
2970.0 1006.71
2971.2 1006.71
2972.4 1006.71
2973.6 1006.71
2974.8 1006.71
2976.0 1006.71
2977.2 1006.71
2978.4 1006.71
2979.6 1006.71
2980.8 1006.71
2982.0 1006.71
2983.2 1006.71
2984.4 1006.71
2985.6 1006.71
2986.8 1006.71
2988.0 1006.71
2989.2 1006.71
2990.4 1006.71
2991.6 1006.71
2992.8 1006.71
2994.0 1006.71
2995.2 1006.71
2996.4 1006.71
2997.6 1006.71
2998.8 1006.71
