16.7699999999999 -4915.0759507915
17.5199999999999 -4900.13244028823
18.2699999999999 -4898.12927728282
19.02 -4899.30209599655
19.77 -4900.54927784286
20.52 -4882.99930873512
21.27 -4878.75426087133
22.0200000000001 -4881.65207459887
22.7700000000001 -4877.85172541268
23.5200000000001 -4857.40753912846
24.2700000000002 -4851.11695409164
25.0200000000002 -4844.27898430608
25.7700000000002 -4821.59762466777
26.5200000000002 -4809.46602067195
27.2700000000003 -4807.15540396292
28.0200000000003 -4782.13291240298
28.7700000000003 -4769.94187527375
29.5200000000004 -4790.99537241557
30.2700000000004 -4783.64988909805
31.0200000000004 -4755.6465537372
31.7700000000004 -4742.74470008033
32.5200000000005 -4732.86244709018
33.2700000000005 -4702.40944263035
34.0200000000005 -4687.84783817065
34.7700000000006 -4677.72432767488
35.5200000000006 -4662.18248755284
36.2700000000006 -4628.59494545165
37.0200000000006 -4613.04941908808
37.7700000000007 -4598.22129153747
38.5200000000007 -4585.10396700515
39.2700000000007 -4566.95408397716
40.0200000000008 -4529.55865691344
40.7700000000008 -4509.03987629295
41.5200000000008 -4470.05842528901
42.2700000000008 -4472.14473171795
43.0200000000009 -4431.87374151187
43.7700000000009 -4410.06043890798
44.5200000000009 -4386.56204089304
45.270000000001 -4363.35435048062
46.020000000001 -4320.48028363507
46.770000000001 -4299.50851597308
47.520000000001 -4271.96580322169
48.2700000000011 -4227.18185784063
49.0200000000011 -4199.97759184024
49.7700000000011 -4175.14551600318
50.5200000000012 -4150.7672323169
51.2700000000012 -4121.82219997504
52.0200000000012 -4074.43461553031
52.7700000000012 -4047.59179960827
53.5200000000013 -4012.18462680926
54.2700000000013 -3963.53986947007
55.0200000000013 -3935.98283451482
55.7700000000014 -3903.49513134224
56.5200000000014 -3876.26616345023
57.2700000000014 -3845.14690584588
58.0200000000014 -3795.01965668416
58.7700000000015 -3767.56316537256
59.5200000000015 -3735.81782177749
60.2700000000015 -3685.0140440533
61.0200000000016 -3649.44642076854
61.7700000000016 -3618.84586926467
62.5200000000016 -3567.74652832283
63.2700000000016 -3554.8428983985
64.0200000000017 -3527.25047641204
64.7700000000017 -3476.32863924858
65.5200000000017 -3440.01436191491
66.2700000000017 -3389.1844827573
67.0200000000018 -3381.70982017223
67.7700000000018 -3331.25392157748
68.5200000000018 -3290.24993072552
69.2700000000019 -3268.88575939954
70.0200000000019 -3219.05055692932
70.7700000000019 -3178.32733873293
71.5200000000019 -3150.44226693411
72.270000000002 -3130.8443336661
73.020000000002 -3100.50983171753
73.770000000002 -3052.39381460025
74.5200000000021 -3024.46049503031
75.2700000000021 -2988.9485651907
76.0200000000021 -2968.75473747821
76.7700000000021 -2922.31341593712
77.5200000000022 -2896.17226077172
78.2700000000022 -2850.53769932196
79.0200000000022 -2811.19328126629
79.7700000000023 -2794.51644841337
80.5200000000023 -2774.67075540772
81.2700000000023 -2750.59214722545
82.0200000000023 -2707.68056100188
82.7700000000024 -2705.15915259619
83.5200000000024 -2663.52224628012
84.2700000000024 -2639.09245540038
85.0200000000025 -2598.5365616821
85.7700000000025 -2599.46674578545
86.5200000000025 -2560.22282872906
87.2700000000025 -2537.66274275631
88.0200000000026 -2521.06503281785
88.7700000000026 -2483.60275391567
89.5200000000026 -2461.30144344616
90.2700000000027 -2446.57607587354
91.0200000000027 -2410.94780382326
91.7700000000027 -2389.3620456904
92.5200000000027 -2374.00383414039
93.2700000000028 -2365.49705485519
94.0200000000028 -2331.38061261717
94.7700000000028 -2303.02496769442
95.5200000000029 -2302.6328492744
96.2700000000029 -2289.0244952103
97.0200000000029 -2279.51287391358
97.7700000000029 -2247.14236577288
98.520000000003 -2229.4184585287
99.270000000003 -2214.14983266383
100.020000000003 -2207.40597230477
100.770000000003 -2193.76087701105
101.520000000003 -2163.04868617329
102.270000000003 -2153.23017682471
103.020000000003 -2140.23307084369
103.770000000003 -2110.27467302186
104.520000000003 -2094.23469115037
105.270000000003 -2084.44954595937
106.020000000003 -2055.58504839203
106.770000000003 -2069.79173853509
107.520000000003 -2041.6883389105
108.270000000003 -2033.26045779011
109.020000000003 -2027.80799397179
109.770000000003 -2000.59059134385
110.520000000003 -2010.5902557884
111.270000000003 -1984.26427279595
112.020000000003 -1973.06184412578
112.770000000004 -1947.48565131687
113.520000000004 -1961.81099994435
114.270000000004 -1937.03266148781
115.020000000004 -1912.46344900396
115.770000000004 -1923.0214341309
116.520000000004 -1922.17539403073
117.270000000004 -1899.13816659958
118.020000000004 -1891.91052323023
118.770000000004 -1883.73224754709
119.520000000004 -1885.6430624271
120.270000000004 -1863.80210970269
121.020000000004 -1849.34179928807
121.770000000004 -1852.53182542104
122.520000000004 -1831.25668478151
123.270000000004 -1828.18780294083
124.020000000004 -1821.8537272416
124.770000000004 -1826.67045391244
125.520000000004 -1822.90434232638
126.270000000004 -1802.7925095795
127.020000000004 -1796.317988654
127.770000000004 -1794.73802822405
128.520000000004 -1775.23877940186
129.270000000004 -1764.41417511776
130.020000000004 -1773.42113940208
130.770000000004 -1772.82044596097
131.520000000004 -1770.73723831754
132.270000000004 -1752.71047401938
133.020000000004 -1734.74266106645
133.770000000004 -1721.08853624049
134.520000000004 -1750.39597471528
135.270000000004 -1733.39851612196
136.020000000004 -1729.2832058752
136.770000000004 -1739.3640054007
137.520000000004 -1737.59129234665
138.270000000004 -1739.06075182969
139.020000000005 -1722.89983511639
139.770000000005 -1721.77530677501
140.520000000005 -1705.73564546939
141.270000000005 -1725.6561299322
142.020000000005 -1709.96140347424
142.770000000005 -1700.59257676092
143.520000000005 -1685.14766742556
144.270000000005 -1688.73739390397
145.020000000005 -1686.98041532879
145.770000000005 -1671.69697735136
146.520000000005 -1658.3337781448
147.270000000005 -1696.46974238644
148.020000000005 -1681.47700771173
148.770000000005 -1683.49158396568
149.520000000005 -1684.92867242258
150.270000000005 -1686.74603548989
151.020000000005 -1671.87535886958
151.770000000005 -1672.68684600641
152.520000000005 -1674.66186495965
153.270000000005 -1675.40657061967
154.020000000005 -1675.51161705238
154.770000000005 -1660.79402716311
155.520000000005 -1653.0337940723
156.270000000005 -1661.26672596774
157.020000000005 -1646.50928429069
157.770000000005 -1631.58246130538
158.520000000005 -1647.15454088253
159.270000000005 -1632.3234742707
160.020000000005 -1621.79055800756
160.770000000005 -1628.47404571145
161.520000000005 -1632.54854091571
162.270000000005 -1630.47971465012
163.020000000005 -1615.58507303534
163.770000000005 -1605.82775302172
164.520000000005 -1617.27893042514
165.270000000005 -1615.95054743941
166.020000000006 -1600.89908764365
166.770000000006 -1591.5427423698
167.520000000006 -1601.74997571955
168.270000000006 -1600.86679992465
169.020000000006 -1598.54020713787
169.770000000006 -1583.37026718012
170.520000000006 -1579.62861572163
171.270000000006 -1564.29159004769
172.020000000006 -1558.69133023423
172.770000000006 -1565.58516758771
173.520000000006 -1566.57902599452
174.270000000006 -1551.04066132209
175.020000000006 -1536.83082308971
175.770000000006 -1521.36903677698
176.520000000006 -1554.70161369633
177.270000000006 -1538.99415605228
178.020000000006 -1525.67022814998
178.770000000006 -1534.58976621591
179.520000000006 -1540.19496357807
180.270000000006 -1535.6606005135
181.020000000006 -1541.77429628751
181.770000000006 -1544.73896799514
182.520000000006 -1528.88005639937
183.270000000006 -1529.22747812254
184.020000000006 -1533.34489687846
184.770000000006 -1517.26900078569
185.520000000006 -1516.71194682862
186.270000000006 -1516.78819975413
187.020000000006 -1524.97685503107
187.770000000006 -1508.60197287066
188.520000000006 -1507.8898298377
189.270000000006 -1512.65314712108
190.020000000006 -1510.8492252452
190.770000000006 -1519.12710802761
191.520000000006 -1502.40918654788
192.270000000007 -1504.96733758717
193.020000000007 -1503.80603322123
193.770000000007 -1509.07850579845
194.520000000007 -1491.85817448902
195.270000000007 -1474.32889455148
196.020000000007 -1490.60352997556
196.770000000007 -1473.11332158871
197.520000000007 -1474.22073884295
198.270000000007 -1480.23115570759
199.020000000007 -1462.29466131267
199.770000000007 -1483.93006938846
200.520000000007 -1465.85862666742
201.270000000007 -1457.17595456405
202.020000000007 -1460.0724296346
202.770000000007 -1466.91494535348
203.520000000007 -1448.29454179187
204.270000000007 -1440.84825448116
205.020000000007 -1447.63486895479
205.770000000007 -1428.5607556271
206.520000000007 -1419.04041060115
207.270000000007 -1425.27058611922
208.020000000007 -1421.95811486486
208.770000000007 -1418.9131598581
209.520000000007 -1421.94683245488
210.270000000007 -1402.23435902457
211.020000000007 -1392.45571922468
211.770000000007 -1372.47852051496
212.520000000007 -1364.49373505158
213.270000000007 -1370.88898883962
214.020000000007 -1373.45364199746
214.770000000007 -1369.59144907811
215.520000000007 -1348.94830966386
216.270000000007 -1340.70005365401
217.020000000007 -1344.21247462976
217.770000000007 -1333.48541996658
218.520000000008 -1312.47320519652
219.270000000008 -1302.57475776229
220.020000000008 -1281.31236126699
220.770000000008 -1308.4926643837
221.520000000008 -1286.95476747336
222.270000000008 -1278.28005992891
223.020000000008 -1277.75850268099
223.770000000008 -1255.90351144385
224.520000000008 -1268.62735965972
225.270000000008 -1246.75651491764
226.020000000008 -1239.17713681551
226.770000000008 -1235.12828998508
227.520000000008 -1230.99184939425
228.270000000008 -1208.8678226387
229.020000000008 -1198.91161114049
229.770000000008 -1193.52912225837
230.520000000008 -1192.79748989891
231.270000000008 -1192.00444675269
232.020000000008 -1169.59979985284
232.770000000008 -1146.9469186503
233.520000000008 -1130.05453868004
234.270000000008 -1127.49082203104
235.020000000008 -1122.79137105222
235.770000000008 -1125.3408189476
236.520000000008 -1102.53758966415
237.270000000008 -1115.71945582626
238.020000000008 -1092.95942620782
238.770000000008 -1082.38608003084
239.520000000008 -1079.5641945625
240.270000000008 -1077.24413930041
241.020000000008 -1054.39934520206
241.770000000008 -1046.38270951559
242.520000000008 -1043.52942506313
243.270000000008 -1037.02059560163
244.020000000008 -1014.19290126743
244.770000000009 -1009.30593123284
245.520000000009 -1000.77327421884
246.270000000009 -999.011713533695
247.020000000009 -976.229218775402
247.770000000009 -971.425228964345
248.520000000009 -964.035706972508
249.270000000009 -960.291366056054
250.020000000009 -937.620679524129
250.770000000009 -926.743549062181
251.520000000009 -927.807351957931
252.270000000009 -921.124853877087
253.020000000009 -898.660805118379
253.770000000009 -882.242316789605
254.520000000009 -886.650398478083
255.270000000009 -882.252177469779
256.020000000009 -860.028854357515
256.770000000008 -856.828177760427
257.520000000008 -848.496852581104
258.270000000007 -826.435417041939
259.020000000006 -819.327694468798
259.770000000005 -812.761803565116
260.520000000005 -816.134370925462
261.270000000004 -811.799873322541
262.020000000003 -790.127828548846
262.770000000003 -782.906883748067
263.520000000002 -782.467903508878
264.270000000001 -779.529066182945
265.020000000001 -774.58413501504
265.77 -753.392207433298
266.519999999999 -748.166095765941
267.269999999999 -746.626294215961
268.019999999998 -741.492235611648
268.769999999997 -720.665955431778
269.519999999997 -718.404981154984
270.269999999996 -697.625895629256
271.019999999995 -676.402120252849
271.769999999995 -688.437623935292
272.519999999994 -688.624061827778
273.269999999993 -687.330631302396
274.019999999993 -668.157417031106
274.769999999992 -658.544423512418
275.519999999991 -668.297598342835
276.26999999999 -659.995071259081
277.01999999999 -641.702079933091
277.769999999989 -623.793956910305
278.519999999988 -648.127409632508
279.269999999988 -649.762554512089
280.019999999987 -649.906076113999
280.769999999986 -633.172800736395
281.519999999986 -632.959393011844
282.269999999985 -630.158794564493
283.019999999984 -636.220865998511
283.769999999984 -619.677142923835
284.519999999983 -617.598168519385
285.269999999982 -619.663135894426
286.019999999982 -618.099568446894
286.769999999981 -623.346572013815
287.51999999998 -607.079833959975
288.26999999998 -608.293924638449
289.019999999979 -611.079312180356
289.769999999978 -594.818151202882
290.519999999978 -592.558239570761
291.269999999977 -576.347489175252
292.019999999976 -598.982429335331
292.769999999975 -583.397202335033
293.519999999975 -579.224508503062
294.269999999974 -586.889383320107
295.019999999973 -585.742347401226
295.769999999973 -590.820022084765
296.519999999972 -575.336567634717
297.269999999971 -577.360542945569
298.019999999971 -576.770054321097
298.76999999997 -561.236513969467
299.519999999969 -556.579136121224
300.269999999969 -567.420481273607
301.019999999968 -564.250339991447
301.769999999967 -568.311749435259
302.519999999967 -552.875299779198
303.269999999966 -551.264344785898
304.019999999965 -557.405611803557
304.769999999965 -563.004677259119
305.519999999964 -564.935179697934
306.269999999963 -549.407527352408
307.019999999963 -550.307964066463
307.769999999962 -549.039910039538
308.519999999961 -533.423496356681
309.26999999996 -530.60348743364
310.01999999996 -533.930771405913
310.769999999959 -518.23631351882
311.519999999958 -520.020478583409
312.269999999958 -523.833905338633
313.019999999957 -527.095087270833
313.769999999956 -511.18253399794
314.519999999956 -532.062321182666
315.269999999955 -516.493213110184
316.019999999954 -510.563002087448
316.769999999954 -522.300424175929
317.519999999953 -506.5430433937
318.269999999952 -504.763306535978
319.019999999952 -508.597742780903
319.769999999951 -510.31606630044
320.51999999995 -494.475306384103
321.26999999995 -488.948547370097
322.019999999949 -494.725708544232
322.769999999948 -496.841597303169
323.519999999948 -480.832591067709
324.269999999947 -477.644561756989
325.019999999946 -487.298301875866
325.769999999945 -489.179304054372
326.519999999945 -490.449880266826
327.269999999944 -474.098574847468
328.019999999943 -474.220589284744
328.769999999943 -475.767452696531
329.519999999942 -459.155367287261
330.269999999941 -455.060127527218
331.019999999941 -459.117888057836
331.76999999994 -461.031049979453
332.519999999939 -444.259664947404
333.269999999939 -440.488745428657
334.019999999938 -438.271386911791
334.769999999937 -440.275704450618
335.519999999937 -444.428404177562
336.269999999936 -427.990209182455
337.019999999935 -431.602877083511
337.769999999935 -425.896479426191
338.519999999934 -431.801090226919
339.269999999933 -415.527699557009
340.019999999933 -415.804824900409
340.769999999932 -416.646565947404
341.519999999931 -424.315207652636
342.26999999993 -408.093917979702
343.01999999993 -406.360025519971
343.769999999929 -401.572356516509
344.519999999928 -410.450013844998
345.269999999928 -394.422759598788
346.019999999927 -378.563307861428
346.769999999926 -390.132108830548
347.519999999926 -402.345472230003
348.269999999925 -406.173409724324
349.019999999924 -391.378453480461
349.769999999924 -393.546239539116
350.519999999923 -393.562542901485
351.269999999922 -396.643877190964
352.019999999922 -381.691652912729
352.769999999921 -381.274790352974
353.51999999992 -386.590334964408
354.26999999992 -371.756498941326
355.019999999919 -370.050366519128
355.769999999918 -380.155261021009
356.519999999918 -378.339431234983
357.269999999917 -383.797783589414
358.019999999916 -388.69261912396
358.769999999915 -373.997925882635
359.519999999915 -375.176905100735
360.269999999914 -379.870912774533
361.019999999913 -382.917553255714
361.769999999913 -367.86018954951
362.519999999912 -364.669845473747
363.269999999911 -371.34739040025
364.019999999911 -356.25831263933
364.76999999991 -346.531672701393
365.519999999909 -356.77640125346
366.269999999909 -362.900990663516
367.019999999908 -348.35280749824
367.769999999907 -346.860102737763
368.519999999907 -353.683384178749
369.269999999906 -360.971233724199
370.019999999905 -363.993146222507
370.769999999905 -349.396941704888
371.519999999904 -352.764162038532
372.269999999903 -349.849416828101
373.019999999902 -357.881007551896
373.769999999902 -343.069893373999
374.519999999901 -346.243216086273
375.2699999999 -348.78088366184
376.0199999999 -333.578038327266
376.769999999899 -331.43278798188
377.519999999898 -337.951176084779
378.269999999898 -322.6596106553
379.019999999897 -311.529851099938
379.769999999896 -296.949988738688
380.519999999896 -289.921112631709
381.269999999895 -330.262855978826
382.019999999894 -337.097374901799
382.769999999894 -342.303871211166
383.519999999893 -328.389017351123
384.269999999892 -332.390876858404
385.019999999892 -336.290571240157
385.769999999891 -337.973618622479
386.51999999989 -323.647968866912
387.26999999989 -327.763438144517
388.019999999889 -329.173130391557
388.769999999888 -314.51888821043
389.519999999887 -315.402935376868
390.269999999887 -322.892821534973
391.019999999886 -321.466452285447
391.769999999885 -306.606923420508
392.519999999885 -304.761832428966
393.269999999884 -305.552414074745
394.019999999883 -315.857933646015
394.769999999883 -321.937824269355
395.519999999882 -307.265996810323
396.269999999881 -308.038342442826
397.019999999881 -311.303828190473
397.76999999988 -296.417714998504
398.519999999879 -296.58944430217
399.269999999879 -301.843497594722
400.019999999878 -303.425992609787
400.769999999877 -309.108634500013
401.519999999877 -294.028037509106
402.269999999876 -292.447535989279
403.019999999875 -291.886775899424
403.769999999875 -300.769578911936
404.519999999874 -303.322190396071
405.269999999873 -288.376349127486
406.019999999872 -288.356396711499
406.769999999872 -290.399485224328
407.519999999871 -275.512603604294
408.26999999987 -280.24195584134
409.01999999987 -280.863209688096
409.769999999869 -266.007490946236
410.519999999868 -289.136441512186
411.269999999868 -274.655606436409
412.019999999867 -273.628289196513
412.769999999866 -281.961963703174
413.519999999866 -267.448649962415
414.269999999865 -268.014195561231
415.019999999864 -253.570466148872
415.769999999864 -236.349461424776
416.519999999863 -279.250319820475
417.269999999862 -265.33395486036
418.019999999862 -262.277619309113
418.769999999861 -248.522524646953
419.51999999986 -278.843628975947
420.26999999986 -265.204457507969
421.019999999859 -265.520304115622
421.769999999858 -267.357876313457
422.519999999857 -275.96463342565
423.269999999857 -262.312316035711
424.019999999856 -248.56821036667
424.769999999855 -265.77336394168
425.519999999855 -252.385973967085
426.269999999854 -253.00693477681
427.019999999853 -263.44402884308
427.769999999853 -268.630864280024
428.519999999852 -255.12467360778
429.269999999851 -241.576091331565
430.019999999851 -218.791746274147
430.76999999985 -269.674180567416
431.519999999849 -271.756258293482
432.269999999849 -258.342353197944
433.019999999848 -253.167341680438
433.769999999847 -268.225658718218
434.519999999847 -270.716226153781
435.269999999846 -276.232647320583
436.019999999845 -262.593581830405
436.769999999845 -260.20735093465
437.519999999844 -270.753542461979
438.269999999843 -274.429458767807
439.019999999842 -260.481866675699
439.769999999842 -246.345361896243
440.519999999841 -265.16706068935
441.26999999984 -209.469100552208
442.01999999984 -247.075456344072
442.769999999839 -259.34412897654
443.519999999838 -262.69939598697
444.269999999838 -266.996056772015
445.019999999837 -252.67033872726
445.769999999836 -256.311425819992
446.519999999836 -259.325287473263
447.269999999835 -261.706717633573
448.019999999834 -247.02891625928
448.769999999834 -249.836386366888
449.519999999833 -234.967382526736
450.269999999832 -226.651736462972
451.019999999832 -233.852395756377
451.769999999831 -236.467775129147
452.51999999983 -246.899694809554
453.26999999983 -232.443503727855
454.019999999829 -217.969249760819
454.769999999828 -200.979033733946
455.519999999827 -243.192412252249
456.269999999827 -228.978546490199
457.019999999826 -226.281894441658
457.769999999825 -230.800748466882
458.519999999825 -238.92752769558
459.269999999824 -241.822179343388
460.019999999823 -227.687452079373
460.769999999823 -230.076738815016
461.519999999822 -233.482310859491
462.269999999821 -219.303949607122
463.019999999821 -214.630253537608
463.76999999982 -224.958757168896
464.519999999819 -225.997589416739
465.269999999819 -236.926468471771
466.019999999818 -237.363421849603
466.769999999817 -223.496452734718
467.519999999817 -222.468306950705
468.269999999816 -231.310439217038
469.019999999815 -217.388682518987
469.769999999815 -216.942458113478
470.519999999814 -221.661055629481
471.269999999813 -227.394349561402
472.019999999812 -234.13512196085
472.769999999812 -220.170159662824
473.519999999811 -220.658674028291
474.26999999981 -227.308569089548
475.01999999981 -213.233866041653
475.769999999809 -234.861506503198
476.519999999808 -220.924744994937
477.269999999808 -216.171089923141
478.019999999807 -202.337759657419
478.769999999806 -208.623852487671
479.519999999806 -211.846681297266
480.269999999805 -219.744280989832
481.019999999804 -224.509746623733
481.769999999804 -210.678880361809
482.519999999803 -202.608093109787
483.269999999802 -217.466962460607
484.019999999802 -221.861039263165
484.769999999801 -225.102361326843
485.5199999998 -211.417018250096
486.269999999799 -197.577035532794
487.019999999799 -218.039462549035
487.769999999798 -204.384765370476
488.519999999797 -190.568430927026
489.269999999797 -212.610134459797
490.019999999796 -215.338759049441
490.769999999795 -201.609265771318
491.519999999795 -202.888822617288
492.269999999794 -207.808354639656
493.019999999793 -210.649011352853
493.769999999793 -220.30371584287
494.519999999792 -206.680477330774
495.269999999791 -209.502984141722
496.019999999791 -195.705160139443
496.76999999979 -181.653257232526
497.519999999789 -163.05154023628
498.269999999789 -207.585554906248
499.019999999788 -208.714950032253
499.769999999787 -213.959107197048
500.519999999787 -200.138310069238
501.269999999786 -197.150973600814
502.019999999785 -183.427391419944
502.769999999784 -169.436530444907
503.519999999784 -155.525768698547
504.269999999783 -142.534912123395
505.019999999782 -138.114745793606
505.769999999782 -145.615058676139
506.519999999781 -136.899863460479
507.26999999978 -138.598946139626
508.01999999978 -159.728991693714
508.769999999779 -171.719829303565
509.519999999778 -168.021771026801
510.269999999778 -181.839935448802
511.019999999777 -199.431544861376
511.769999999776 -214.910528822302
512.519999999776 -212.442826655714
513.269999999775 -214.870195623644
514.019999999774 -239.140687985988
514.769999999774 -249.317622236544
515.519999999773 -251.772760017426
516.269999999772 -254.146945327768
517.019999999772 -254.964990946228
517.769999999771 -253.770491688923
518.51999999977 -256.515483741241
519.26999999977 -259.771594975671
520.019999999769 -257.856887213551
520.769999999768 -269.494911541369
521.519999999767 -272.436556111974
522.269999999767 -262.433518301092
523.019999999766 -265.794887372464
523.769999999765 -273.301013368993
524.519999999765 -289.153309245798
525.269999999764 -292.115968058715
526.019999999763 -282.994801183984
526.769999999763 -292.442467005974
527.519999999762 -297.641095402836
528.269999999761 -300.413666837187
529.019999999761 -302.424992727749
529.76999999976 -296.98760595109
530.519999999759 -308.126408519602
531.269999999759 -310.546078613239
532.019999999758 -294.469231369392
532.769999999757 -316.791017784064
533.519999999757 -312.049722556154
534.269999999756 -309.014266027547
535.019999999755 -319.18957447297
535.769999999755 -317.298416760419
536.519999999754 -323.563593921067
537.269999999753 -325.503978836541
538.019999999752 -309.897428408887
538.769999999752 -308.0507726548
539.519999999751 -311.315178322442
540.26999999975 -314.533520602158
541.01999999975 -298.738118641234
541.769999999749 -299.363046547609
542.519999999748 -298.391020070535
543.269999999748 -282.583751762203
544.019999999747 -284.807371341566
544.769999999746 -289.124847916382
545.519999999746 -273.301992481992
546.269999999745 -264.239253538883
547.019999999744 -276.482995752196
547.769999999744 -273.86803354138
548.519999999743 -278.279345603645
549.269999999742 -286.6181158602
550.019999999742 -272.308762983969
550.769999999741 -274.996170587556
551.51999999974 -260.725817669283
552.26999999974 -258.431592105689
553.019999999739 -265.688877574416
553.769999999738 -263.481210807478
554.519999999737 -251.271693654012
555.269999999737 -285.862037381343
556.019999999736 -274.763525151034
556.769999999735 -277.077937502931
557.519999999735 -288.10680908943
558.269999999734 -294.307211475602
559.019999999733 -282.859077231749
559.769999999733 -285.712137640232
560.519999999732 -289.930242289732
561.269999999731 -299.730042127393
562.019999999731 -287.736872665172
562.76999999973 -290.582607939589
563.519999999729 -294.299428073687
564.269999999729 -281.942732477507
565.019999999728 -309.936311894518
565.769999999727 -297.739428363486
566.519999999727 -294.599999769319
567.269999999726 -307.45197212908
568.019999999725 -294.85813822642
568.769999999725 -291.462494802862
569.519999999724 -296.714628951462
570.269999999723 -305.52527906685
571.019999999722 -312.682687072509
571.769999999722 -299.709088310847
572.519999999721 -305.700703036406
573.26999999972 -309.019214970178
574.01999999972 -311.719318173482
574.769999999719 -298.488822688988
575.519999999718 -303.718073277559
576.269999999718 -308.887556400259
577.019999999717 -312.436721806771
577.769999999716 -298.991159190421
578.519999999716 -285.380233218088
579.269999999715 -306.961030864323
580.019999999714 -293.732686637421
580.769999999714 -280.576149903412
581.519999999713 -302.595967840393
582.269999999712 -310.338781802326
583.019999999712 -297.803656901111
583.769999999711 -295.6107955562
584.51999999971 -297.426310145345
585.26999999971 -308.132954920234
586.019999999709 -295.510625818677
586.769999999708 -298.821864772911
587.519999999707 -286.017659254332
588.269999999707 -308.205673358506
589.019999999706 -320.618715374895
589.769999999705 -308.609674842398
590.519999999705 -309.401839726953
591.269999999704 -316.767256814721
592.019999999703 -324.01580214616
592.769999999703 -311.549636543988
593.519999999702 -313.974926398571
594.269999999701 -301.215337432103
595.019999999701 -326.267166176528
595.7699999997 -313.459025825232
596.519999999699 -314.020329687139
597.269999999699 -322.226486234131
598.019999999698 -322.547911251999
598.769999999697 -309.494212501623
599.519999999697 -311.286802378344
600.269999999696 -323.371033457862
601.019999999695 -309.988764767153
601.769999999695 -307.062306440733
602.519999999694 -312.784453098346
603.269999999693 -299.286631345959
604.019999999692 -326.946731262332
604.769999999692 -328.09188413461
605.519999999691 -314.873982165411
606.26999999969 -301.437201090897
607.01999999969 -323.898256714586
607.769999999689 -328.187302543782
608.519999999688 -315.486699538775
609.269999999688 -320.722192158886
610.019999999687 -322.750897066447
610.769999999686 -309.821066850015
611.519999999686 -314.886740715307
612.269999999685 -301.732874484153
613.019999999684 -325.078264576569
613.769999999684 -312.857900602486
614.519999999683 -300.523638563063
615.269999999682 -327.203304893297
616.019999999682 -334.436283108147
616.769999999681 -335.80175458401
617.51999999968 -345.377753425171
618.269999999679 -333.201675513812
619.019999999679 -320.718564009939
619.769999999678 -313.566662277332
620.519999999677 -315.502728347829
621.269999999677 -303.073264472176
622.019999999676 -331.935021799799
622.769999999675 -345.67765142638
623.519999999675 -333.92572687707
624.269999999674 -333.38073527406
625.019999999673 -342.505969389477
625.769999999673 -345.753684845798
626.519999999672 -357.22775306176
627.269999999671 -344.824837920978
628.019999999671 -332.109389175238
628.76999999967 -324.239486302446
629.519999999669 -357.896841924724
630.269999999669 -345.081946428574
631.019999999668 -331.977580897605
631.769999999667 -355.236195913017
632.519999999667 -357.051207402055
633.269999999666 -343.950384636741
634.019999999665 -330.581714002767
634.769999999664 -323.583328577024
635.519999999664 -360.291298203331
636.269999999663 -346.860383797398
637.019999999662 -344.214880004325
637.769999999662 -352.378911606955
638.519999999661 -357.380302901934
639.26999999966 -343.804977927023
640.01999999966 -346.195252835989
640.769999999659 -352.674099281966
641.519999999658 -351.819284208865
642.269999999658 -360.847765940346
643.019999999657 -347.16348432655
643.769999999656 -350.959810776928
644.519999999656 -337.101218298013
645.269999999655 -357.924330714844
646.019999999654 -344.17717142737
646.769999999654 -343.256092481754
647.519999999653 -346.963322027081
648.269999999652 -356.415039627745
649.019999999652 -342.639671020628
649.769999999651 -344.334859073094
650.51999999965 -343.901296771732
651.269999999649 -351.808354031035
652.019999999649 -338.088463164381
652.769999999648 -341.884984748764
653.519999999647 -342.547307478839
654.269999999647 -350.5058822738
655.019999999646 -336.819506287239
655.769999999645 -334.459189212875
656.519999999645 -344.548013564572
657.269999999644 -347.885931531269
658.019999999643 -334.269340034316
658.769999999643 -339.238851433607
659.519999999642 -343.178241216494
660.269999999641 -329.529986448031
661.019999999641 -315.89073220198
661.76999999964 -333.539761973156
662.519999999639 -342.157220036513
663.269999999639 -329.532982648876
664.019999999638 -322.7296075965
664.769999999637 -339.837115132881
665.519999999637 -344.973155449689
666.269999999636 -352.128903846877
667.019999999635 -339.612870953774
667.769999999634 -342.585887263346
668.519999999634 -343.90781018299
669.269999999633 -349.834253379305
670.019999999632 -359.373167077761
670.769999999632 -346.697035149167
671.519999999631 -349.431410465523
672.26999999963 -353.645547083569
673.01999999963 -359.366001266469
673.769999999629 -346.546557985945
674.519999999628 -343.911221822248
675.269999999628 -352.134263571158
676.019999999627 -339.197274804113
676.769999999626 -344.784413350406
677.519999999626 -347.212209133962
678.269999999625 -354.270418285119
679.019999999624 -341.181962363391
679.769999999624 -333.182427805509
680.519999999623 -352.312426810415
681.269999999622 -356.333249750753
682.019999999622 -343.278079567951
682.769999999621 -340.041758627291
683.51999999962 -353.304701129377
684.269999999619 -355.135919749669
685.019999999619 -359.509286126565
685.769999999618 -346.401683342427
686.519999999617 -343.492460886919
687.269999999617 -330.321909612112
688.019999999616 -323.438571646207
688.769999999615 -343.500159905697
689.519999999615 -349.468587340428
690.269999999614 -359.014419972038
691.019999999613 -364.351267872904
691.769999999613 -351.590570940119
692.519999999612 -354.289320148735
693.269999999611 -357.937588985456
694.019999999611 -365.685513267086
694.76999999961 -370.776349364903
695.519999999609 -357.82935592782
696.269999999609 -362.345985820286
697.019999999608 -362.11228515525
697.769999999607 -369.644655150192
698.519999999607 -356.569602253699
699.269999999606 -360.955557397658
700.019999999605 -347.693699651097
700.769999999604 -369.069657613854
701.519999999604 -355.897554394404
702.269999999603 -352.386689532586
703.019999999602 -360.80512421205
703.769999999602 -370.773220505498
704.519999999601 -357.485265317045
705.2699999996 -360.690001952419
706.0199999996 -347.259398170109
706.769999999599 -339.658790147641
707.519999999598 -350.583016820575
708.269999999598 -356.315486559967
709.019999999597 -363.592745821152
709.769999999596 -369.814492703709
710.519999999596 -356.413763655122
711.269999999595 -350.721377579184
712.019999999594 -363.154471909596
712.769999999594 -368.294846519032
713.519999999593 -354.860079236502
714.269999999592 -352.260180960066
715.019999999592 -338.784429414282
715.769999999591 -366.136165479853
716.51999999959 -352.693787250046
717.269999999589 -354.225410651255
718.019999999589 -362.452059608402
718.769999999588 -363.922766147661
719.519999999587 -350.47932644705
720.269999999587 -344.197464469194
721.019999999586 -358.673835827129
721.769999999585 -364.826082985423
722.519999999585 -351.350210243534
723.269999999584 -352.38598403307
724.019999999583 -357.523857431399
724.769999999583 -362.135909644395
725.519999999582 -348.696726022684
726.269999999581 -347.675201749243
727.019999999581 -348.653619493672
727.76999999958 -335.29241289029
728.519999999579 -366.779881943295
729.269999999579 -353.408105351145
730.019999999578 -353.952080110286
730.769999999577 -361.207938359126
731.519999999576 -365.863365553942
732.269999999576 -370.506526516897
733.019999999575 -357.198381096115
733.769999999574 -355.648141822999
734.519999999574 -342.303149035178
735.269999999573 -345.981854524855
736.019999999572 -351.1959187283
736.769999999572 -337.782371903073
737.519999999571 -334.795478616909
738.26999999957 -343.128348450979
739.01999999957 -349.391862348851
739.769999999569 -353.571964984243
740.519999999568 -363.483770897784
741.269999999568 -350.146683866344
742.019999999567 -344.546900311847
742.769999999566 -331.236791249138
743.519999999566 -358.671745283209
744.269999999565 -345.409953325297
745.019999999564 -351.209401537088
745.769999999564 -358.041465606036
746.519999999563 -361.758182172841
747.269999999562 -366.500242797586
748.019999999561 -353.254280413128
748.769999999561 -352.863109788234
749.51999999956 -339.565472097926
750.269999999559 -364.470617534766
751.019999999559 -351.262141231095
751.769999999558 -355.035652112608
752.519999999557 -359.308845736794
753.269999999557 -365.133837919598
754.019999999556 -351.918125990974
754.769999999555 -356.749084427691
755.519999999555 -358.449827111688
756.269999999554 -364.288061605222
757.019999999553 -351.084680070859
757.769999999553 -355.41024289055
758.519999999552 -360.7560047636
759.269999999551 -347.472846280397
760.019999999551 -344.614974011836
760.76999999955 -349.961859742505
761.519999999549 -360.49936890617
762.269999999549 -347.217204389845
763.019999999548 -343.339576971884
763.769999999547 -351.289199479134
764.519999999546 -352.470726832896
765.269999999546 -339.307332193227
766.019999999545 -345.202870331466
766.769999999544 -352.645375999344
767.519999999544 -359.570645709711
768.269999999543 -346.29704277414
769.019999999542 -367.156178780003
769.769999999542 -354.027989141728
770.519999999541 -355.260359028664
771.26999999954 -361.142184010385
772.01999999954 -347.971859078708
772.769999999539 -352.856828376065
773.519999999538 -354.612053466455
774.269999999538 -362.585504801629
775.019999999537 -349.390213345944
775.769999999536 -351.711971500517
776.519999999536 -359.176940883203
777.269999999535 -361.969615889157
778.019999999534 -348.780367652772
778.769999999534 -347.48502066686
779.519999999533 -359.612711211838
780.269999999532 -363.457354833306
781.019999999531 -365.186536361289
781.769999999531 -352.074659740185
782.51999999953 -348.643189333909
783.269999999529 -363.923473451279
784.019999999529 -364.619283662717
784.769999999528 -372.608439374509
785.519999999527 -359.509752974316
786.269999999527 -361.811408605714
787.019999999526 -367.724862664532
787.769999999525 -354.565850050007
788.519999999525 -358.450318242887
789.269999999524 -359.711229835322
790.019999999523 -346.53893659649
790.769999999523 -343.183195172489
791.519999999522 -355.853342523553
792.269999999521 -361.26447101924
793.019999999521 -363.532030549292
793.76999999952 -350.426196034286
794.519999999519 -349.103260601017
795.269999999519 -361.78665200536
796.019999999518 -348.571990811023
796.769999999517 -348.367103934153
797.519999999516 -353.789261817087
798.269999999516 -354.508063393348
799.019999999515 -367.205411699961
799.769999999514 -354.030683939207
