16.7699999999999 -4972.86391351886
17.5199999999999 -4972.48588516849
18.2699999999999 -4968.77868251199
19.02 -4972.05810178333
19.77 -4976.11607804298
20.52 -4975.17769728779
21.27 -4970.13227856388
22.0200000000001 -4980.08054236536
22.7700000000001 -4977.3622080168
23.5200000000001 -4975.71413542611
24.2700000000002 -4970.07108315613
25.0200000000002 -4964.11277154543
25.7700000000002 -4961.90717308785
26.5200000000002 -4947.49545537283
27.2700000000003 -4953.58449040568
28.0200000000003 -4950.66196951179
28.7700000000003 -4939.20262867264
29.5200000000004 -4958.86397559092
30.2700000000004 -4958.64367849168
31.0200000000004 -4955.10192406909
31.7700000000004 -4946.12578862396
32.5200000000005 -4944.24761136996
33.2700000000005 -4939.81700486968
34.0200000000005 -4930.96397055249
34.7700000000006 -4932.0727689452
35.5200000000006 -4923.42996432473
36.2700000000006 -4917.89335451273
37.0200000000006 -4911.58867144212
37.7700000000007 -4907.78400405662
38.5200000000007 -4908.46964020753
39.2700000000007 -4900.17774088123
40.0200000000008 -4893.1439947733
40.7700000000008 -4882.37678521397
41.5200000000008 -4874.44133492476
42.2700000000008 -4872.29301954664
43.0200000000009 -4863.92323838963
43.7700000000009 -4854.74059633364
44.5200000000009 -4843.18203200936
45.270000000001 -4833.17218425399
46.020000000001 -4823.51736808646
46.770000000001 -4819.83767779401
47.520000000001 -4803.91948300878
48.2700000000011 -4793.07299371256
49.0200000000011 -4779.51567555031
49.7700000000011 -4771.51329889429
50.5200000000012 -4765.17129784463
51.2700000000012 -4750.41169999435
52.0200000000012 -4737.94230036181
52.7700000000012 -4728.62402407285
53.5200000000013 -4702.71171026485
54.2700000000013 -4689.21711805227
55.0200000000013 -4679.88214728462
55.7700000000014 -4661.05537623867
56.5200000000014 -4653.07096111751
57.2700000000014 -4637.56592700285
58.0200000000014 -4622.48444954716
58.7700000000015 -4614.61650346603
59.5200000000015 -4598.25320395488
60.2700000000015 -4581.97674575701
61.0200000000016 -4557.93287454541
61.7700000000016 -4543.73000713426
62.5200000000016 -4526.4950864269
63.2700000000016 -4509.1691176615
64.0200000000017 -4500.31907391723
64.7700000000017 -4482.54817615721
65.5200000000017 -4455.51582316633
66.2700000000017 -4437.06399160703
67.0200000000018 -4428.6876394583
67.7700000000018 -4409.8699596779
68.5200000000018 -4371.25791322346
69.2700000000019 -4371.24955221956
70.0200000000019 -4351.60222450457
70.7700000000019 -4311.33532741108
71.5200000000019 -4295.92334319095
72.270000000002 -4296.21297495387
73.020000000002 -4274.11272664906
73.770000000002 -4253.5860902142
74.5200000000021 -4234.39335927598
75.2700000000021 -4199.04354372623
76.0200000000021 -4193.30491205551
76.7700000000021 -4172.11621971433
77.5200000000022 -4152.34364026949
78.2700000000022 -4130.59007489953
79.0200000000022 -4082.15618424496
79.7700000000023 -4077.91192968536
80.5200000000023 -4066.15743791853
81.2700000000023 -4044.74733375108
82.0200000000023 -4022.63373383404
82.7700000000024 -4003.72350290648
83.5200000000024 -3981.71309520888
84.2700000000024 -3954.68842078985
85.0200000000025 -3932.37131987714
85.7700000000025 -3915.38122650358
86.5200000000025 -3893.20548855513
87.2700000000025 -3864.94987676864
88.0200000000026 -3847.39647284891
88.7700000000026 -3825.06822666595
89.5200000000026 -3793.61640696871
90.2700000000027 -3776.09547470175
91.0200000000027 -3753.7370999131
91.7700000000027 -3720.20743576238
92.5200000000027 -3698.44128649459
93.2700000000028 -3689.73339625176
94.0200000000028 -3667.48852014269
94.7700000000028 -3617.80310517917
95.5200000000029 -3623.37675130679
96.2700000000029 -3601.87053203243
97.0200000000029 -3588.02191771322
97.7700000000029 -3566.06807057451
98.520000000003 -3535.08588261284
99.270000000003 -3508.35046425668
100.020000000003 -3498.05048167576
100.770000000003 -3473.56135711106
101.520000000003 -3452.173284256
102.270000000003 -3434.48091556271
103.020000000003 -3410.27566259653
103.770000000003 -3388.97337465934
104.520000000003 -3357.383063522
105.270000000003 -3337.78683543594
106.020000000003 -3316.73907551686
106.770000000003 -3306.51698268286
107.520000000003 -3285.77434720834
108.270000000003 -3266.60551806904
109.020000000003 -3252.98776145144
109.770000000003 -3232.29263355681
110.520000000003 -3211.73193828074
111.270000000003 -3191.52018410488
112.020000000003 -3164.09301180216
112.770000000004 -3143.95083570584
113.520000000004 -3130.29668788116
114.270000000004 -3110.56389224219
115.020000000004 -3090.56378136698
115.770000000004 -3067.68547101353
116.520000000004 -3057.40709746793
117.270000000004 -3038.114862047
118.020000000004 -3013.92749203552
118.770000000004 -2987.57196093836
119.520000000004 -2981.15205893751
120.270000000004 -2962.42829876166
121.020000000004 -2922.34796590149
121.770000000004 -2917.45996360668
122.520000000004 -2899.16789176445
123.270000000004 -2881.47302908392
124.020000000004 -2857.31409006705
124.770000000004 -2855.16169041866
125.520000000004 -2835.63135155907
126.270000000004 -2818.09832830598
127.020000000004 -2792.42628442885
127.770000000004 -2776.63908829104
128.520000000004 -2759.53756167886
129.270000000004 -2724.54468793834
130.020000000004 -2728.84785318999
130.770000000004 -2713.69156399211
131.520000000004 -2695.38490910433
132.270000000004 -2679.16450802606
133.020000000004 -2662.73460067032
133.770000000004 -2620.43113565007
134.520000000004 -2630.18588546569
135.270000000004 -2614.63678454858
136.020000000004 -2590.91255639106
136.770000000004 -2595.41914739379
137.520000000004 -2576.31739366419
138.270000000004 -2563.82399195068
139.020000000005 -2549.08293632268
139.770000000005 -2531.60867356595
140.520000000005 -2516.99247255918
141.270000000005 -2508.84662216961
142.020000000005 -2494.70434654253
142.770000000005 -2460.75523475039
143.520000000005 -2446.98680537719
144.270000000005 -2439.02899147863
145.020000000005 -2420.56416513668
145.770000000005 -2407.13606535252
146.520000000005 -2365.67137530128
147.270000000005 -2395.73496007386
148.020000000005 -2382.8944844052
148.770000000005 -2372.60851703099
149.520000000005 -2361.38527414901
150.270000000005 -2351.32903699675
151.020000000005 -2338.97353583317
151.770000000005 -2327.16090609515
152.520000000005 -2317.54751004328
153.270000000005 -2305.94639618029
154.020000000005 -2293.39040311072
154.770000000005 -2281.79486922094
155.520000000005 -2253.93622191633
156.270000000005 -2258.48735802671
157.020000000005 -2247.15567901578
157.770000000005 -2235.60165217703
158.520000000005 -2225.67324082855
159.270000000005 -2214.56638737347
160.020000000005 -2182.69628923654
160.770000000005 -2185.66474862202
161.520000000005 -2183.56018446633
162.270000000005 -2169.2737220707
163.020000000005 -2158.85167434523
163.770000000005 -2129.60781170427
164.520000000005 -2143.10723366062
165.270000000005 -2131.28358151087
166.020000000006 -2121.19966031813
166.770000000006 -2093.55112324334
167.520000000006 -2105.17817565941
168.270000000006 -2094.75200505958
169.020000000006 -2081.35211264776
169.770000000006 -2071.84264384496
170.520000000006 -2055.73355454001
171.270000000006 -2046.27220895025
172.020000000006 -2026.48686776633
172.770000000006 -2031.52939366883
173.520000000006 -2024.75284410768
174.270000000006 -2015.55448936693
175.020000000006 -1978.41706567097
175.770000000006 -1969.6048265016
176.520000000006 -1996.17677581932
177.270000000006 -1987.23377795946
178.020000000006 -1951.71910275814
178.770000000006 -1960.38073805638
179.520000000006 -1962.22582509638
180.270000000006 -1943.45757116501
181.020000000006 -1945.5341400896
181.770000000006 -1940.77318179238
182.520000000006 -1932.86877514736
183.270000000006 -1922.49256755113
184.020000000006 -1919.11742433412
184.770000000006 -1911.39412814578
185.520000000006 -1898.49444893437
186.270000000006 -1886.56645823561
187.020000000006 -1890.69896985653
187.770000000006 -1883.44395549595
188.520000000006 -1870.01344526485
189.270000000006 -1867.56853238428
190.020000000006 -1852.10556764721
190.770000000006 -1856.96005272043
191.520000000006 -1850.41885437395
192.270000000007 -1844.45619071745
193.020000000007 -1831.41762517814
193.770000000007 -1831.65540294889
194.520000000007 -1825.49549985169
195.270000000007 -1818.97553582573
196.020000000007 -1804.04132909463
196.770000000007 -1798.11503275825
197.520000000007 -1791.67625671044
198.270000000007 -1795.50788064438
199.020000000007 -1789.49053059819
199.770000000007 -1787.95681117055
200.520000000007 -1782.26710128813
201.270000000007 -1758.55180362679
202.020000000007 -1758.50482646055
202.770000000007 -1766.82948718747
203.520000000007 -1761.24988858301
204.270000000007 -1741.73371301389
205.020000000007 -1751.15511952772
205.770000000007 -1745.46893846215
206.520000000007 -1722.9641385834
207.270000000007 -1732.39933614277
208.020000000007 -1723.16122419806
208.770000000007 -1714.86692890481
209.520000000007 -1719.12460964593
210.270000000007 -1713.66544092536
211.020000000007 -1692.88267234594
211.770000000007 -1687.34571281613
212.520000000007 -1670.72202153867
213.270000000007 -1683.20986929074
214.020000000007 -1688.36215723996
214.770000000007 -1680.97681457984
215.520000000007 -1675.17559002644
216.270000000007 -1659.49733541447
217.020000000007 -1667.61530994463
217.770000000007 -1647.49962720816
218.520000000008 -1641.68604522768
219.270000000008 -1623.61876946797
220.020000000008 -1617.63166130505
220.770000000008 -1639.48719505276
221.520000000008 -1633.24074136097
222.270000000008 -1618.27643130703
223.020000000008 -1619.7618448939
223.770000000008 -1613.24773065041
224.520000000008 -1606.91466271916
225.270000000008 -1600.5583713515
226.020000000008 -1588.34764316384
226.770000000008 -1583.29273675797
227.520000000008 -1578.15157191494
228.270000000008 -1571.62179748829
229.020000000008 -1554.99031920448
229.770000000008 -1547.5827356196
230.520000000008 -1549.54862547011
231.270000000008 -1551.4568223767
232.020000000008 -1544.67887414576
232.770000000008 -1537.45396223513
233.520000000008 -1507.30864722985
234.270000000008 -1505.87588886084
235.020000000008 -1500.20911697264
235.770000000008 -1509.07459966345
236.520000000008 -1501.71522689591
237.270000000008 -1497.43355930115
238.020000000008 -1490.18532420871
238.770000000008 -1472.85124365277
239.520000000008 -1471.01691731318
240.270000000008 -1470.17116502048
241.020000000008 -1462.6838001945
241.770000000008 -1450.37420552673
242.520000000008 -1448.34916796553
243.270000000008 -1438.95711034442
244.020000000008 -1431.29240496103
244.770000000009 -1425.01166187797
245.520000000009 -1411.36282484299
246.270000000009 -1411.18190574502
247.020000000009 -1403.29567814817
247.770000000009 -1396.85826970623
248.520000000009 -1385.15621630695
249.270000000009 -1380.64734276075
250.020000000009 -1372.59216113193
250.770000000009 -1353.58088070488
251.520000000009 -1358.32973593679
252.270000000009 -1347.44825241877
253.020000000009 -1339.28013818238
253.770000000009 -1308.66201062054
254.520000000009 -1319.57637347773
255.270000000009 -1312.72988648356
256.020000000009 -1304.49061749239
256.770000000008 -1299.74338282928
257.520000000008 -1284.57848942006
258.270000000007 -1276.20196561478
259.020000000006 -1263.16704429282
259.770000000005 -1251.05392726869
260.520000000005 -1258.6475430705
261.270000000004 -1250.64458865829
262.020000000003 -1242.22001933113
262.770000000003 -1228.09066672492
263.520000000002 -1227.34316659788
264.270000000001 -1221.4049106157
265.020000000001 -1211.26742630068
265.77 -1202.92026858998
266.519999999999 -1191.84423577924
267.269999999999 -1187.98233595934
268.019999999998 -1176.81216810084
268.769999999997 -1168.49932251247
269.519999999997 -1162.61784511935
270.269999999996 -1154.02666190087
271.019999999995 -1108.97215882051
271.769999999995 -1129.08625419442
272.519999999994 -1125.34836383223
273.269999999993 -1118.51938781775
274.019999999993 -1110.25850972948
274.769999999992 -1086.00615746058
275.519999999991 -1100.03060876745
276.26999999999 -1077.80168599714
277.01999999999 -1069.85536893349
277.769999999989 -1061.57091308912
278.519999999988 -1067.24047708129
279.269999999988 -1061.90477598358
280.019999999987 -1053.50307757205
280.769999999986 -1045.82167287609
281.519999999986 -1036.63420845525
282.269999999985 -1022.26284591129
283.019999999984 -1025.59653306286
283.769999999984 -1018.19095320775
284.519999999983 -1005.19540897771
285.269999999982 -1000.46634675433
286.019999999982 -988.490314653063
286.769999999981 -990.11984665343
287.51999999998 -983.215054227676
288.26999999998 -976.73866059839
289.019999999979 -973.410030128998
289.769999999978 -966.535508151872
290.519999999978 -953.134728151592
291.269999999977 -946.245775209271
292.019999999976 -947.001837838221
292.769999999975 -940.429034636802
293.519999999975 -922.175006398733
294.269999999974 -927.658849996727
295.019999999973 -915.605458013293
295.769999999973 -916.059534689392
296.519999999972 -910.000412432848
297.269999999971 -904.45318189836
298.019999999971 -893.746168209287
298.76999999997 -887.84117368851
299.519999999969 -869.093399759022
300.269999999969 -881.374301253738
301.019999999968 -865.737055435919
301.769999999967 -864.662942671084
302.519999999967 -859.237562433462
303.269999999966 -846.949420188201
304.019999999965 -850.243724799722
304.769999999965 -852.559091571482
305.519999999964 -847.63270492588
306.269999999963 -842.494289101394
307.019999999963 -835.696612404154
307.769999999962 -824.716733418674
308.519999999961 -819.724386999051
309.26999999996 -805.82848891078
310.01999999996 -804.356810757519
310.769999999959 -799.464512179013
311.519999999958 -795.05700556485
312.269999999958 -794.797293470507
313.019999999957 -793.533762335292
313.769999999956 -788.691578702777
314.519999999956 -787.948450366282
315.269999999955 -783.396710716268
316.019999999954 -763.621814069806
316.769999999954 -779.2063843951
317.519999999953 -774.575472585444
318.269999999952 -763.382596398504
319.019999999952 -763.498623442647
319.769999999951 -759.488969430873
320.51999999995 -755.036439815505
321.26999999995 -736.719326661108
322.019999999949 -741.10329619245
322.769999999948 -738.240890462868
323.519999999948 -733.975733792569
324.269999999947 -720.910599479181
325.019999999946 -733.679277620593
325.769999999945 -730.957943894668
326.519999999945 -727.185766718951
327.269999999944 -723.016785537913
328.019999999943 -717.302844059812
328.769999999943 -714.651870783422
329.519999999942 -710.399660633577
330.269999999941 -696.5385201152
331.019999999941 -699.097435644147
331.76999999994 -697.520263634593
332.519999999939 -693.324522486766
333.269999999939 -680.519196457344
334.019999999938 -670.663954033225
334.769999999937 -669.073216914467
335.519999999937 -671.660856475275
336.269999999936 -667.732972711257
337.019999999935 -669.340769679382
337.769999999935 -652.235102746958
338.519999999934 -658.006019468756
339.269999999933 -654.095918997651
340.019999999933 -648.527709566812
340.769999999932 -643.95373390394
341.519999999931 -652.904110416577
342.26999999993 -648.902143901118
343.01999999993 -639.340543961403
343.769999999929 -623.41368681741
344.519999999928 -634.527565023855
345.269999999928 -630.641724871593
346.019999999927 -626.382502625811
346.769999999926 -606.301657386397
347.519999999926 -621.707885416934
348.269999999925 -620.4822119405
349.019999999924 -616.847594355222
349.769999999924 -612.679605422298
350.519999999923 -604.336382167759
351.269999999922 -602.210725561676
352.019999999922 -598.788229285114
352.769999999921 -589.552571331704
353.51999999992 -591.720434142422
354.26999999992 -588.279424979188
355.019999999919 -576.118691425741
355.769999999918 -587.725736944751
356.519999999918 -575.520864650473
357.269999999917 -577.862785628444
358.019999999916 -579.187022575199
358.769999999915 -576.120633622177
359.519999999915 -570.306286693198
360.269999999914 -571.74960337544
361.019999999913 -570.07414966754
361.769999999913 -567.070009435167
362.519999999912 -553.05932462075
363.269999999911 -558.758681470048
364.019999999911 -555.727019787224
364.76999999991 -528.302292869404
365.519999999909 -540.344165794835
366.269999999909 -544.063014978841
367.019999999908 -541.193720156618
367.769999999907 -529.488554766878
368.519999999907 -534.352356977291
369.269999999906 -540.289253931245
370.019999999905 -537.917377088423
370.769999999905 -535.220081635136
371.519999999904 -534.019307781484
372.269999999903 -520.307055190016
373.019999999902 -528.460262704521
373.769999999902 -525.835439690756
374.519999999901 -524.72073265506
375.2699999999 -522.551968611457
376.0199999999 -519.813116855079
376.769999999899 -508.479556000853
377.519999999898 -514.628139810498
378.269999999898 -511.791689383892
379.019999999897 -481.96504275694
379.769999999896 -479.31860720881
380.519999999896 -456.621948270389
381.269999999895 -493.327981716218
382.019999999894 -497.526028071668
382.769999999894 -498.616150699025
383.519999999893 -496.358917302063
384.269999999892 -495.504429982793
385.019999999892 -494.64708795078
385.769999999891 -489.594898646235
386.51999999989 -487.443728808892
387.26999999989 -487.720300870711
388.019999999889 -482.780488588534
388.769999999888 -480.552351180751
389.519999999887 -474.701472045363
390.269999999887 -482.276681935378
391.019999999886 -472.188659947624
391.769999999885 -470.033293511467
392.519999999885 -459.011504976057
393.269999999884 -453.062133386207
394.019999999883 -465.923278809732
394.769999999883 -470.436278060813
395.519999999882 -468.336504068735
396.269999999881 -462.562674240064
397.019999999881 -461.919074754707
397.76999999988 -459.74678465155
398.519999999879 -453.003466615351
399.269999999879 -456.545064958045
400.019999999878 -452.806504338718
400.769999999877 -457.372838074345
401.519999999877 -455.264312062802
402.269999999876 -445.39733377345
403.019999999875 -437.463411453169
403.769999999875 -448.29968961508
404.519999999874 -446.587785058531
405.269999999873 -444.62897380158
406.019999999872 -437.806277426316
406.769999999872 -435.071565652481
407.519999999871 -433.070392695816
408.26999999987 -435.608857696701
409.01999999987 -429.8299015595
409.769999999869 -427.697556685533
410.519999999868 -431.697328035385
411.269999999868 -429.758110212224
412.019999999867 -419.864994903415
412.769999999866 -428.671045527735
413.519999999866 -426.597296775013
414.269999999865 -419.958181175614
415.019999999864 -417.720714233903
415.769999999864 -374.906061176844
416.519999999863 -417.39802695547
417.269999999862 -415.568357786684
418.019999999862 -400.60318989884
418.769999999861 -398.758285672018
419.51999999986 -415.414265498712
420.26999999986 -413.61052400593
421.019999999859 -405.061141664508
421.769999999858 -399.536873032022
422.519999999857 -407.589039484599
423.269999999857 -405.907211962891
424.019999999856 -403.856546669427
424.769999999855 -394.11749060866
425.519999999855 -392.518061735667
426.269999999854 -384.150477209361
427.019999999853 -395.474608505425
427.769999999853 -396.447151087454
428.519999999852 -394.834914658873
429.269999999851 -392.855124099722
430.019999999851 -337.443609146179
430.76999999985 -395.035662670365
431.519999999849 -389.878594996146
432.269999999849 -388.527507555431
433.019999999848 -368.936146911925
433.769999999847 -389.884327358337
434.519999999847 -385.861124610063
435.269999999846 -388.076953973447
436.019999999845 -386.887825891205
436.769999999845 -373.599064464732
437.519999999844 -386.299349499059
438.269999999843 -385.445087283231
439.019999999842 -384.266651659789
439.769999999842 -382.699214926448
440.519999999841 -377.508436634558
441.26999999984 -327.192339919249
442.01999999984 -360.005183336496
442.769999999839 -376.892456711539
443.519999999838 -376.108795501692
444.269999999838 -377.375800439313
445.019999999837 -376.204934234731
445.769999999836 -376.500426469138
446.519999999836 -375.718239113845
447.269999999835 -373.841331735657
448.019999999834 -372.61979850963
448.769999999834 -371.843597334864
449.519999999833 -370.32754609955
450.269999999832 -346.94370741196
451.019999999832 -354.388978740397
451.769999999831 -352.467987966633
452.51999999983 -366.15108087827
453.26999999983 -364.731241532689
454.019999999829 -362.916296377694
454.769999999828 -321.25683598439
455.519999999827 -363.327453237231
456.269999999827 -361.882954065797
457.019999999826 -348.757765260631
457.769999999825 -349.984961166378
458.519999999825 -358.473514736714
459.269999999824 -356.561576152646
460.019999999823 -355.276234141849
460.769999999823 -352.426304566845
461.519999999822 -351.594740501558
462.269999999821 -350.205501097873
463.019999999821 -332.932791491261
463.76999999982 -345.589083334537
464.519999999819 -339.558033407648
465.269999999819 -353.293729204877
466.019999999818 -346.17249268774
466.769999999817 -345.058180522385
467.519999999817 -334.919824580844
468.269999999816 -344.518540552104
469.019999999815 -343.266876504294
469.769999999815 -334.293074530186
470.519999999814 -335.597544756758
471.269999999813 -338.972624703914
472.019999999812 -344.432921105719
472.769999999812 -343.260644094742
473.519999999811 -336.361426900206
474.26999999981 -341.844955209093
475.01999999981 -340.540922946391
475.769999999809 -341.327812933447
476.519999999808 -340.266641625512
477.269999999808 -322.893558716212
478.019999999807 -321.824115914627
478.769999999806 -326.308560054931
479.519999999806 -324.573813779141
480.269999999805 -332.168363593926
481.019999999804 -333.527202461988
481.769999999804 -332.38165964912
482.519999999803 -307.869774135357
483.269999999802 -329.042331385474
484.019999999802 -329.39826267587
484.769999999801 -327.637383359917
485.5199999998 -326.678358661833
486.269999999799 -325.33261730105
487.019999999799 -323.322857576954
487.769999999798 -322.276789022286
488.519999999797 -320.846326133033
489.269999999797 -322.164890889228
490.019999999796 -319.458479616438
490.769999999795 -318.439962650809
491.519999999795 -312.735441035362
492.269999999794 -314.224986524296
493.019999999793 -311.521135094896
493.769999999793 -322.388405028982
494.519999999792 -321.424346579577
495.269999999791 -318.857393554001
496.019999999791 -317.668997270164
496.76999999979 -316.092390089892
497.519999999789 -270.843650566283
498.269999999789 -317.351261432748
499.019999999788 -311.6319800741
499.769999999787 -314.185127320896
500.519999999787 -313.266814370581
501.269999999786 -299.295206979554
502.019999999785 -298.319444533234
502.769999999784 -296.953974665794
503.519999999784 -295.198909181327
504.269999999783 -293.073538139241
505.019999999782 -236.568583391643
505.769999999782 -236.16152045452
506.519999999781 -235.553663877054
507.26999999978 -218.839561654582
508.01999999978 -238.651303933264
508.769999999779 -237.832801059598
509.519999999778 -237.905731413488
510.269999999778 -236.62186791049
511.019999999777 -241.780117423154
511.769999999776 -243.037605436311
512.519999999776 -244.125935309068
513.269999999775 -220.012368899108
514.019999999774 -239.763210920024
514.769999999774 -249.317622236544
515.519999999773 -251.772760017426
516.269999999772 -254.146945327768
517.019999999772 -254.964990946228
517.769999999771 -253.770491688923
518.51999999977 -256.515483741241
519.26999999977 -259.771594975671
520.019999999769 -257.856887213551
520.769999999768 -269.494911541369
521.519999999767 -272.436556111974
522.269999999767 -262.433518301092
523.019999999766 -265.794887372464
523.769999999765 -273.301013368993
524.519999999765 -289.153309245798
525.269999999764 -292.115968058715
526.019999999763 -282.994801183984
526.769999999763 -292.442467005974
527.519999999762 -297.641095402836
528.269999999761 -300.413666837187
529.019999999761 -302.424992727749
529.76999999976 -296.98760595109
530.519999999759 -308.126408519602
531.269999999759 -310.546078613239
532.019999999758 -294.469231369392
532.769999999757 -316.791017784064
533.519999999757 -318.742968218485
534.269999999756 -309.783842268116
535.019999999755 -327.538923653887
535.769999999755 -321.344735219467
536.519999999754 -331.635550071111
537.269999999753 -333.4554024846
538.019999999752 -334.914922200467
538.769999999752 -329.325040570144
539.519999999751 -333.957605036157
540.26999999975 -338.467172478999
541.01999999975 -339.493995250938
541.769999999749 -338.678156584792
542.519999999748 -334.564880405309
543.269999999748 -335.263428562452
544.019999999747 -337.280096436534
544.769999999746 -343.328617740237
545.519999999746 -343.524327364856
546.269999999745 -321.607552757192
547.019999999744 -341.936296360607
547.769999999744 -332.111394889216
548.519999999743 -335.70051405198
549.269999999742 -346.56983422695
550.019999999742 -346.669279072124
550.769999999741 -346.072131169658
551.51999999974 -345.848904189093
552.26999999974 -333.961653050308
553.019999999739 -340.525923118483
553.769999999738 -327.296220211771
554.519999999737 -327.327662119686
555.269999999737 -349.834138580689
556.019999999736 -349.867085928647
556.769999999735 -342.096501020918
557.519999999735 -351.946988492669
558.269999999734 -352.477523181096
559.019999999733 -352.65125885942
559.769999999733 -347.131946835234
560.519999999732 -344.648789244598
561.269999999731 -353.623978654654
562.019999999731 -353.901328065731
562.76999999973 -349.504829608984
563.519999999729 -347.10013025747
564.269999999729 -347.398918483359
565.019999999728 -358.907400295797
565.769999999727 -359.320405213184
566.519999999727 -343.469391699218
567.269999999726 -359.837903746811
568.019999999725 -360.140202227121
568.769999999725 -344.416449358228
569.519999999724 -346.181044699591
570.269999999723 -355.239159416768
571.019999999722 -361.152107177972
571.769999999722 -361.569641451424
572.519999999721 -365.436176490068
573.26999999972 -364.079334548547
574.01999999972 -361.59805132154
574.769999999719 -361.977450661747
575.519999999718 -364.746665904913
576.269999999718 -367.475864335465
577.019999999717 -367.032232439837
577.769999999716 -367.278050714314
578.519999999716 -367.111133484937
579.269999999715 -367.473914784201
580.019999999714 -367.552365839179
580.769999999714 -367.228223014961
581.519999999713 -366.756411303111
582.269999999712 -372.533720161679
583.019999999712 -372.569400488726
583.769999999711 -358.842444887032
584.51999999971 -353.190370988268
585.26999999971 -365.234525347965
586.019999999709 -365.418404685388
586.769999999708 -363.006877142208
587.519999999707 -362.973282553259
588.269999999707 -362.153004338004
589.019999999706 -376.327292129401
589.769999999705 -376.553733331235
590.519999999705 -368.011443058815
591.269999999704 -372.865670455965
592.019999999703 -377.719615330476
592.769999999703 -377.992034692699
593.519999999702 -373.625321636762
594.269999999701 -373.713446937796
595.019999999701 -380.26454732105
595.7699999997 -380.52264971019
596.519999999699 -373.052713512057
597.269999999699 -381.030360525008
598.019999999698 -373.373534935774
598.769999999697 -373.727345962783
599.519999999697 -369.258677391594
600.269999999696 -385.485757112543
601.019999999695 -385.501499948215
601.769999999695 -371.878544209412
602.519999999694 -375.633136914024
603.269999999693 -375.632680814881
604.019999999692 -388.250673396178
604.769999999692 -382.528369647032
605.519999999691 -382.790580605299
606.26999999969 -382.646165378272
607.01999999969 -383.911612616528
607.769999999689 -383.365270320563
608.519999999688 -383.615429452882
609.269999999688 -385.237005591618
610.019999999687 -380.570156779057
610.769999999686 -380.738397160385
611.519999999686 -382.374203150826
612.269999999685 -382.249404660437
613.019999999684 -384.502648160094
613.769999999684 -384.632704585969
614.519999999683 -384.383889528068
615.269999999682 -392.11897762314
616.019999999682 -395.87586352037
616.769999999681 -388.164024151916
617.51999999968 -397.134520881817
618.269999999679 -397.47671464246
619.019999999679 -397.435858279336
619.769999999678 -373.633517910752
620.519999999677 -368.0865801406
621.269999999677 -368.395637285052
622.019999999676 -380.898920969481
622.769999999675 -397.267036585457
623.519999999675 -397.607309629679
624.269999999674 -386.037087104563
625.019999999673 -394.111010804627
625.769999999673 -390.707430523697
626.519999999672 -404.028414531233
627.269999999671 -404.492892293762
628.019999999671 -404.564786513445
628.76999999967 -379.901517149206
629.519999999669 -403.875906121051
630.269999999669 -404.360190827363
631.019999999668 -404.441348262753
631.769999999667 -408.090837115269
632.519999999667 -403.615522218894
633.269999999666 -404.084592966392
634.019999999665 -404.144210438601
634.769999999664 -382.415100283215
635.519999999664 -413.590147199051
636.269999999663 -413.863157149652
637.019999999662 -401.143822888185
637.769999999662 -410.11358565425
638.519999999661 -412.808002945749
639.26999999966 -413.027986127599
640.01999999966 -410.581346735624
640.769999999659 -416.354840008087
641.519999999658 -407.489789563711
642.269999999658 -418.422362954672
643.019999999657 -418.593868503081
643.769999999656 -419.118380018805
644.519999999656 -418.976997033147
645.269999999655 -418.932662661158
646.019999999654 -419.014871644318
646.769999999654 -410.10090369406
647.519999999653 -410.430281188444
648.269999999652 -422.230795867134
649.019999999652 -422.182556205302
649.769999999651 -418.411075499691
650.51999999965 -410.347992061339
651.269999999649 -418.935045327929
652.019999999649 -418.860761242948
652.769999999648 -419.145490694053
653.519999999647 -413.115964941113
654.269999999647 -421.638577495036
655.019999999646 -421.455597037839
655.769999999645 -409.24119537064
656.519999999645 -421.885693636708
657.269999999644 -420.977475486543
658.019999999643 -420.745526895451
658.769999999643 -423.008307670803
659.519999999642 -423.164042203069
660.269999999641 -422.729954893653
661.019999999641 -421.89491032395
661.76999999964 -412.793822265361
662.519999999639 -420.204905156213
663.269999999639 -419.838725186375
664.019999999638 -396.290793820786
664.769999999637 -420.370435786583
665.519999999637 -420.606528551441
666.269999999636 -424.990653808392
667.019999999635 -424.765390534329
667.769999999634 -420.991392359516
668.519999999634 -414.01621427144
669.269999999633 -416.353151963533
670.019999999632 -426.012967344166
670.769999999632 -425.960816935127
671.519999999631 -422.189685841789
672.26999999963 -421.467030291336
673.01999999963 -423.84267822418
673.769999999629 -423.848516598686
674.519999999628 -409.666084480006
675.269999999628 -417.277495135251
676.019999999627 -417.260201920471
676.769999999626 -419.729411492608
677.519999999626 -415.940431129955
678.269999999625 -421.47309672926
679.019999999624 -421.391942662827
679.769999999624 -396.851397433038
680.519999999623 -426.330763198661
681.269999999622 -425.648841390197
682.019999999622 -425.504817037054
682.769999999621 -410.425577808601
683.51999999962 -428.409689328157
684.269999999619 -423.57409422089
685.019999999619 -423.871656470481
685.769999999618 -423.876496302069
686.519999999617 -409.68602344608
687.269999999617 -409.636356072373
688.019999999616 -387.116258784321
688.769999999615 -417.634868481164
689.519999999615 -420.073881577013
690.269999999614 -429.781670026106
691.019999999613 -431.178224305742
691.769999999613 -431.108822652841
692.519999999612 -427.434154581526
693.269999999611 -425.755300730103
694.019999999611 -432.370735113866
694.76999999961 -433.762363254667
695.519999999609 -433.802437390255
696.269999999609 -434.237969690908
697.019999999608 -425.241332636211
697.769999999607 -431.842293829257
698.519999999607 -431.905242646782
699.269999999606 -432.318816191662
700.019999999605 -432.105441920932
700.769999999604 -431.96363233581
701.519999999604 -432.007351236436
702.269999999603 -416.778374886773
703.019999999602 -425.438153793049
703.769999999602 -437.227111770888
704.519999999601 -437.166776932158
705.2699999996 -435.489522601096
706.0199999996 -435.178569637705
706.769999999599 -411.909923210744
707.519999999598 -425.712260825258
708.269999999598 -429.137127421705
709.019999999597 -435.66114120675
709.769999999596 -440.091716521885
710.519999999596 -439.925016012738
711.269999999595 -420.556660275135
712.019999999594 -437.456823473029
712.769999999594 -439.777790303669
713.519999999593 -439.579757050993
714.269999999592 -426.430458272967
715.019999999592 -426.153833674056
715.769999999591 -438.296001196319
716.51999999959 -438.082853016855
717.269999999589 -433.193336256925
718.019999999589 -441.703335409871
718.769999999588 -436.692818465021
719.519999999587 -436.466370768005
720.269999999587 -415.929224140251
721.019999999586 -436.911461234406
721.769999999585 -441.23045647352
722.519999999585 -440.899086598631
723.269999999584 -434.955491782672
724.019999999583 -437.200978804914
724.769999999583 -438.377058638383
725.519999999582 -438.05505724288
726.269999999581 -427.928956313139
727.019999999581 -421.78357650575
727.76999999958 -421.558263401126
728.519999999579 -441.781979222666
729.269999999579 -441.501839239176
730.019999999578 -434.42721313806
730.769999999577 -440.769313108747
731.519999999576 -441.896028899067
732.269999999576 -442.988953163684
733.019999999575 -442.787721130557
733.769999999574 -431.470245357777
734.519999999574 -431.169537184949
735.269999999573 -430.291393539384
736.019999999572 -432.476461019622
736.769999999572 -432.011955671776
737.519999999571 -417.77061223386
738.26999999957 -426.165878825948
739.01999999957 -430.410799436388
739.769999999569 -430.475343337435
740.519999999568 -441.994074321814
741.269999999568 -441.615491431225
742.019999999567 -422.077295511135
742.769999999566 -421.728758136505
743.519999999566 -433.63175588497
744.269999999565 -433.36100920356
745.019999999564 -436.589188943039
745.769999999564 -441.873267664789
746.519999999563 -440.917276690921
747.269999999562 -442.002300476412
748.019999999561 -441.715576802057
748.769999999561 -432.508935978931
749.51999999956 -432.097081536547
750.269999999559 -438.851082541638
751.019999999559 -438.598024839608
751.769999999558 -437.685011444792
752.519999999557 -437.763769284553
753.269999999557 -440.940155124867
754.019999999556 -440.643666187159
754.769999999555 -441.81976686811
755.519999999555 -436.728252153698
756.269999999554 -439.909240425164
757.019999999553 -439.617587148459
757.769999999553 -439.765030711205
758.519999999552 -441.950267866359
759.269999999551 -441.489382155716
760.019999999551 -427.255972737279
760.76999999955 -429.434028807143
761.519999999549 -441.993509685541
762.269999999549 -441.522526269524
763.019999999548 -425.237114058607
763.769999999547 -432.610633619981
764.519999999546 -426.441123845558
765.269999999546 -426.196593975706
766.019999999545 -429.452636578466
766.769999999544 -435.801055519853
767.519999999544 -441.112326373721
768.269999999543 -440.637730555165
769.019999999542 -439.194149895433
769.769999999542 -439.006179438195
770.519999999541 -432.919734367963
771.26999999954 -436.133171601818
772.01999999954 -435.855477344041
772.769999999539 -437.070973623257
773.519999999538 -432.023306390915
774.269999999538 -439.4141517311
775.019999999537 -439.079846146418
775.769999999536 -435.160701792716
776.519999999536 -441.529622093392
777.269999999535 -438.54966181648
778.019999999534 -438.221745007264
778.769999999534 -427.060444354771
779.519999999533 -442.752142097161
780.269999999532 -441.871618565234
781.019999999531 -436.758047046678
781.769999999531 -436.579778296498
782.51999999953 -421.140129546649
783.269999999529 -443.13450970799
784.019999999529 -435.950489944371
784.769999999528 -443.356999860498
785.519999999527 -443.202151476831
786.269999999527 -439.229347458251
787.019999999526 -442.481958956319
787.769999999525 -442.20556609107
788.519999999525 -441.398479458316
789.269999999524 -435.342268387343
790.019999999523 -435.038694934567
790.769999999523 -419.74586093453
791.519999999522 -436.514504478961
792.269999999521 -438.760479110508
793.019999999521 -434.717353047294
793.76999999952 -434.546658124491
794.519999999519 -423.320733673128
795.269999999519 -440.116217955932
796.019999999518 -439.728931901918
796.769999999517 -430.741016925414
797.519999999516 -433.011219733587
798.269999999516 -425.872467070996
799.019999999515 -442.699316209601
799.769999999514 -442.396820048169
