16.7399999999999 162.233984290984
17.4899999999999 160.563183672679
18.2399999999999 159.763602499055
18.99 158.86644468021
19.74 157.847240816146
20.49 155.707322782973
21.24 154.489818885273
21.9900000000001 153.17728707685
22.7400000000001 151.775353906137
23.4900000000001 149.247666432072
24.2400000000002 147.683573993189
24.9900000000002 146.06737316581
25.7400000000002 143.331862798522
26.4900000000002 141.585176156809
27.2400000000003 139.780598561486
27.9900000000003 136.905489451964
28.7400000000003 135.038554588272
29.4900000000004 134.174768491022
30.2400000000004 132.239869757415
30.9900000000004 129.251324832783
31.7400000000004 127.273660936215
32.4900000000005 125.289447891579
33.2400000000005 122.283301202267
33.9900000000005 120.285774189152
34.7400000000006 118.283872261606
35.4900000000006 116.281826448053
36.2400000000006 113.311985655895
36.9900000000006 111.339444704772
37.7400000000007 109.364343462808
38.4900000000007 107.399714472383
39.2400000000007 105.448655001374
39.9900000000008 102.585469362132
40.7400000000008 100.674802942147
41.4900000000008 97.8763634545172
42.2400000000008 96.9040607432411
42.9900000000009 94.1648485398704
43.7400000000009 92.3383717452584
44.4900000000009 90.5366577734132
45.240000000001 88.7498491563942
45.990000000001 86.1501823956204
46.740000000001 84.4229937059279
47.490000000001 82.7222298785989
48.2400000000011 80.2320312681817
48.9900000000011 78.5816028908648
49.7400000000011 76.9587077756889
50.4900000000012 75.3639119519181
51.2400000000012 73.7875186709961
51.9900000000012 71.4768172201404
52.7400000000012 69.9644256451282
53.4900000000013 68.4819805427452
54.2400000000013 66.2856866581337
54.9900000000013 64.8598145053179
55.7400000000014 63.473593949955
56.4900000000014 62.0992141809777
57.2400000000014 60.7642602687881
57.9900000000014 58.7515526478296
58.7400000000015 57.4727920058987
59.4900000000015 56.2239281646461
60.2400000000015 54.3209809894004
60.9900000000016 53.1364457534291
61.7400000000016 51.9730245363992
62.4900000000016 50.17724314773
63.2400000000016 49.7448800254602
63.9900000000017 48.6711403075544
64.7400000000017 46.9750012998058
65.4900000000017 45.9633626786866
66.2400000000017 44.3365783877786
66.9900000000018 44.0194726571616
67.7400000000018 42.4571603397345
68.4900000000018 41.5572219936483
69.2400000000019 40.6862179989351
69.9900000000019 39.2223039432101
70.7400000000019 38.4108084614764
71.4900000000019 37.6277056239277
72.240000000002 36.8725364789167
72.990000000002 36.1371102878398
73.740000000002 34.8262733612083
74.4900000000021 34.1544754257306
75.2400000000021 33.5011194814669
75.9900000000021 32.8822525923538
76.7400000000021 31.685239715574
77.4900000000022 31.1112092178106
78.2400000000022 29.969623628881
78.9900000000022 29.4472880974785
79.7400000000023 28.9498531061754
80.4900000000023 28.4848870071901
81.2400000000023 28.0362555257174
81.9900000000023 27.0229494724255
82.7400000000024 27.2034779204968
83.4900000000024 26.2386857619004
84.2400000000024 25.885766278216
84.9900000000025 24.9686814114987
85.7400000000025 25.2410077440101
86.4900000000025 24.3691369020604
87.2400000000025 24.1067032598835
87.9900000000026 23.8581989773268
88.7400000000026 23.0516642101644
89.4900000000026 22.8460915429853
90.2400000000027 22.6695906722849
90.9900000000027 21.9250497188372
91.7400000000027 21.7790370998983
92.4900000000027 21.6454055067968
93.2400000000028 21.5151794379408
93.9900000000028 20.8172140252685
94.7400000000028 20.7161640610653
95.4900000000029 20.6270574109376
96.2400000000029 20.5413424868794
96.9900000000029 20.4732774121307
97.7400000000029 19.8243509480184
98.490000000003 19.7602800366628
99.240000000003 19.7081137725976
99.990000000003 19.6670706274837
100.740000000003 19.6257003012362
101.490000000003 19.0171809342995
102.240000000003 18.9981501792214
102.990000000003 18.9752916642441
103.740000000003 18.3866056739052
104.490000000003 18.3853727357958
105.240000000003 18.3945140339962
105.990000000003 17.833641402265
106.740000000003 18.4494592099782
107.490000000003 17.906552734964
108.240000000003 17.9498514542932
108.990000000003 18.002193369558
109.740000000003 17.4835002505523
110.490000000003 18.1293175558789
111.240000000003 17.6300786082509
111.990000000003 17.7194288810296
112.740000000004 17.2405498837252
113.490000000004 17.9198591197636
114.240000000004 17.4588511614563
114.990000000004 17.0068371664152
115.740000000004 17.7259214709819
116.490000000004 17.8769237986002
117.240000000004 17.462007040293
117.990000000004 17.6350248552805
118.740000000004 17.8154698521028
119.490000000004 17.9962034770888
120.240000000004 17.6078581206912
120.990000000004 17.8135993883287
121.740000000004 18.0151492746996
122.490000000004 17.6352779352495
123.240000000004 17.8419020549549
123.990000000004 18.0532767928212
124.740000000004 18.2734121382273
125.490000000004 18.4926068212607
126.240000000004 18.135957275449
126.990000000004 18.373202239438
127.740000000004 18.6134547074172
128.490000000004 18.2678304796437
129.240000000004 18.5222640289262
129.990000000004 18.7804278239273
130.740000000004 19.0473866507369
131.490000000004 19.327450181252
132.240000000004 19.0165788064119
132.990000000004 18.7093238503536
133.740000000004 19.0016090073308
134.490000000004 19.8883371976375
135.240000000004 19.6015152470242
135.990000000004 19.9200635089857
136.740000000004 20.235757178367
137.490000000004 20.5552936922415
138.240000000004 20.8797600391477
138.990000000004 20.608668966912
139.740000000005 20.9285843865356
140.490000000005 20.6577978596559
141.240000000005 21.5814343065076
141.990000000005 21.3158472434501
142.740000000005 21.6512035656641
143.490000000005 21.386235292114
144.240000000005 21.7156668214394
144.990000000005 22.0474048149686
145.740000000005 21.7804439865952
146.490000000005 22.1140127217017
147.240000000005 23.0530469264206
147.990000000005 22.7871949496647
148.740000000005 23.1169068434466
149.490000000005 23.4575943796521
150.240000000005 23.7891159598823
150.990000000005 23.5164397093708
151.740000000005 23.8451180522023
152.490000000005 24.1743163585407
153.240000000005 24.5029041838353
153.990000000005 24.8211527106495
154.740000000005 24.5362862695887
155.490000000005 24.8513040027368
156.240000000005 25.1647623227014
156.990000000005 24.8691216461257
157.740000000005 24.5678644596192
158.490000000005 25.4748599040958
159.240000000005 25.167217812284
159.990000000005 25.4681931135927
160.740000000005 25.7552429614316
161.490000000005 26.0398106465785
162.240000000005 26.3215224823937
162.990000000005 25.9896159291457
163.740000000005 26.2713291086036
164.490000000005 26.5391647262654
165.240000000005 26.8034573366604
165.990000000006 26.4502611731206
166.740000000006 26.7162643762017
167.490000000006 26.9786050394174
168.240000000006 27.2359360185781
168.990000000006 27.5006246706696
169.740000000006 27.1201516617632
170.490000000006 27.3739447110822
171.240000000006 26.9791306788986
171.990000000006 27.2344931281721
172.740000000006 27.4961433934861
173.490000000006 27.7635646943969
174.240000000006 27.3447528032336
174.990000000006 27.6033669297722
175.740000000006 27.1739253228945
176.490000000006 28.1330375335897
177.240000000006 27.6916197447862
177.990000000006 27.9542420884713
178.740000000006 28.2230255282421
179.490000000006 28.4986450445403
180.240000000006 28.7815344628136
180.990000000006 29.0819513201244
181.740000000006 29.3887208612134
182.490000000006 28.8997434844072
183.240000000006 29.2066855975486
183.990000000006 29.5323926404458
184.740000000006 29.0203207415002
185.490000000006 29.3445322873654
186.240000000006 29.6755998646606
186.990000000006 30.0132140035066
187.740000000006 29.4635275883097
188.490000000006 29.7864768761708
189.240000000006 30.1157980553168
189.990000000006 30.4282933790297
190.740000000006 30.7472989311702
191.490000000006 30.1486959878338
192.240000000007 30.4490313885694
192.990000000007 30.7296861772017
193.740000000007 31.0025898925001
194.490000000007 30.3564352618884
195.240000000007 29.7005771073617
195.990000000007 30.8530280528777
196.740000000007 30.1798090601405
197.490000000007 30.4062909855811
198.240000000007 30.613907386484
198.990000000007 29.9133600441993
199.740000000007 30.9958239044483
200.490000000007 30.2757235719892
201.240000000007 30.4249427180762
201.990000000007 30.5661031047689
202.740000000007 30.6996487014555
203.490000000007 29.9408728817633
204.240000000007 30.0466820656004
204.990000000007 30.1330966786663
205.740000000007 29.349927009243
206.490000000007 29.4211995066269
207.240000000007 29.4852305542687
207.990000000007 29.5418736600996
208.740000000007 29.5795246394666
209.490000000007 29.5978855437108
210.240000000007 28.7719306474837
210.990000000007 28.7894627214758
211.740000000007 27.9522379964274
212.490000000007 27.9457100372261
213.240000000007 27.9330430535919
213.990000000007 27.9024770142067
214.740000000007 27.8776880951591
215.490000000007 27.0150946098884
216.240000000007 26.9687561896284
216.990000000007 26.9171238414302
217.740000000007 26.8608748451947
218.490000000008 25.983903579689
219.240000000008 25.9079875553313
219.990000000008 25.0260314586958
220.740000000008 25.767051420895
221.490000000008 24.8801928553728
222.240000000008 24.7904557305801
222.990000000008 24.7095097055766
223.740000000008 23.8189994573501
224.490000000008 24.5284397179461
225.240000000008 23.636380690688
225.990000000008 23.5477608857218
226.740000000008 23.4455588663636
227.490000000008 23.3532541647088
228.240000000008 22.4608981683382
228.990000000008 22.3670787635576
229.740000000008 22.2603064567205
230.490000000008 22.1639414438747
231.240000000008 22.0551572015081
231.990000000008 21.1651208485482
232.740000000008 20.2769100043565
233.490000000008 20.1797050520087
234.240000000008 20.0704149053001
234.990000000008 19.972432569213
235.740000000008 19.8738963553521
236.490000000008 18.9916326136854
237.240000000008 19.6655073559333
237.990000000008 18.7860885631054
238.740000000008 18.678567847875
239.490000000008 18.5828878937165
240.240000000008 18.4767317099362
240.990000000008 17.606814770926
241.740000000008 17.515679264958
242.490000000008 17.4150060071984
243.240000000008 17.3271176907912
243.990000000008 16.4694099137217
244.740000000009 16.3755077651968
245.490000000009 16.2947425230918
246.240000000009 16.2162678055897
246.990000000009 15.3722053968613
247.740000000009 15.2880575867291
248.490000000009 15.2175140346539
249.240000000009 15.1386174282672
249.990000000009 14.309056735516
250.740000000009 14.2477434475175
251.490000000009 14.1897061483451
252.240000000009 14.1237989472251
252.990000000009 13.3107125273955
253.740000000009 13.2627787367066
254.490000000009 13.2071159294156
255.240000000009 13.1656549027446
255.990000000009 12.3684651942498
256.740000000008 12.3342472956964
257.490000000008 12.2928703017098
258.240000000007 11.5080133705339
258.990000000006 11.4849729848462
259.740000000006 11.4546325000611
260.490000000005 11.4389059598261
261.240000000004 11.4270555670439
261.990000000003 10.6624957603729
262.740000000003 10.6475868852356
263.490000000002 10.6472871832367
264.240000000001 10.6509851252044
264.990000000001 10.6586503085126
265.74 9.91416646395008
266.489999999999 9.92997325646719
267.239999999999 9.93816206100194
267.989999999998 9.96006506979525
268.739999999997 9.23047204686842
269.489999999997 9.26211290896713
270.239999999996 8.54005397398571
270.989999999995 8.59849910904703
271.739999999995 8.68704270743449
272.489999999994 8.77897465596531
273.239999999993 8.86299089303237
273.989999999993 8.20072020065201
274.739999999992 8.31214428728793
275.489999999991 8.43435824206015
276.239999999991 8.55958044915981
276.98999999999 7.92517643641435
277.739999999989 7.31301973094841
278.489999999988 8.26886714687056
279.239999999988 8.46119420452694
279.989999999987 8.65624802271792
280.739999999986 8.07914354628886
281.489999999986 8.27576014357706
282.239999999985 8.4730770502504
282.989999999984 8.67206429510732
283.739999999984 8.09219390579054
284.489999999983 8.28090902180978
285.239999999982 8.48209869842239
285.989999999982 8.68413210727332
286.739999999981 8.88729131092516
287.48999999998 8.30275328611968
288.23999999998 8.50710138112397
288.989999999979 8.71202847347724
289.739999999978 8.12286120766592
290.489999999978 8.32761567944104
291.239999999977 7.73775223753374
291.989999999976 8.76819981345472
292.739999999976 8.19836954076973
293.489999999975 8.42926429616555
294.239999999974 8.65975375155501
294.989999999973 8.88941232172759
295.739999999973 9.13031626806769
296.489999999972 8.54732872150892
297.239999999971 8.77448962660872
297.989999999971 9.00097301534559
298.73999999997 8.40772277616111
299.489999999969 8.63187379320892
300.239999999969 8.85669380586552
300.989999999968 9.07970845877549
301.739999999967 9.3012947646524
302.489999999967 8.69552314617777
303.239999999966 8.9139359946855
303.989999999965 9.13138184355106
304.739999999965 9.3470242102472
305.489999999964 9.56101785489492
306.239999999963 8.93837997513533
306.989999999963 9.14767194147396
307.739999999962 9.35377151925976
308.489999999961 8.71952732928074
309.239999999961 8.92111146006945
309.98999999996 9.11991205002177
310.739999999959 8.4759325231913
311.489999999958 8.67085612993464
312.239999999958 8.87654725075488
312.989999999957 9.06802413846942
313.739999999956 8.40817812433363
314.489999999956 9.45079071721247
315.239999999955 8.79959688845824
315.989999999954 8.99494385180555
316.739999999954 9.19042634136752
317.489999999953 8.52870583953171
318.239999999952 8.71734296088321
318.989999999952 8.90468667393823
319.739999999951 9.08943325222566
320.48999999995 8.41568243505245
321.23999999995 8.59575024222981
321.989999999949 8.78610379207632
322.739999999948 8.96262360073157
323.489999999948 8.27271003712835
324.239999999947 8.43866386053808
324.989999999946 8.60121174779843
325.739999999945 8.76241091730034
326.489999999945 8.91942928715926
327.239999999944 8.20709262146976
327.989999999943 8.35485180320148
328.739999999943 8.49729897749108
329.489999999942 7.77264567829611
330.239999999941 7.92569724155952
330.989999999941 8.06355530368272
331.73999999994 8.19728475698733
332.489999999939 7.4621320733688
333.239999999939 7.59235996956562
333.989999999938 7.72657811237575
334.739999999937 7.86565554662773
335.489999999937 8.00755939127958
336.239999999936 7.28134402942437
336.989999999935 7.42056715899077
337.739999999935 7.57437751726851
338.489999999934 7.72462258557003
339.239999999933 7.00503221643086
339.989999999933 7.15688837143726
340.739999999932 7.31251448193597
341.489999999931 7.47189357943262
342.23999999993 6.75561543210414
342.98999999993 6.90707916367166
343.739999999929 7.06507872223733
344.489999999928 7.24358531134742
345.239999999928 6.53244779947938
345.989999999927 5.83800391034747
346.739999999926 6.92581159486054
347.489999999926 7.15232930115575
348.239999999925 7.37587060585956
348.989999999924 6.71651680427643
349.739999999924 6.93047161572828
350.489999999923 7.14194092920497
351.239999999922 7.35147332377896
351.989999999922 6.67545466351303
352.739999999921 6.90078751751565
353.48999999992 7.11527525689139
354.23999999992 6.44310811402335
354.989999999919 6.66498639951317
355.739999999918 6.88389901615695
356.489999999918 7.10240541663643
357.239999999917 7.32159021089702
357.989999999916 7.53870218686564
358.739999999915 6.85971566905183
359.489999999915 7.06889636000154
360.239999999914 7.28581865050641
360.989999999913 7.48557999902857
361.739999999913 6.78362358191129
362.489999999912 6.97932421642468
363.239999999911 7.17639492258787
363.989999999911 6.47171431648833
364.73999999991 6.67658804523994
365.489999999909 6.8947505205702
366.239999999909 7.11520775203404
366.989999999908 6.43165563786465
367.739999999907 6.65689534536556
368.489999999907 6.89774528907455
369.239999999906 7.12231755645981
369.989999999905 7.34117043234719
370.739999999905 6.64722020379905
371.489999999904 6.85370554564877
372.239999999903 7.05902907351741
372.989999999903 7.26554798639469
373.739999999902 6.55625905045901
374.489999999901 6.75111546055622
375.2399999999 6.94019274753845
375.9899999999 6.21212187341101
376.739999999899 6.39578913483554
377.489999999898 6.58909457554688
378.239999999898 5.85812542432438
378.989999999897 6.05533902936898
379.739999999896 5.35533819135932
380.489999999896 5.58060779788382
381.239999999895 6.73959679450829
381.989999999894 6.98906732803127
382.739999999894 7.23523562024329
383.489999999893 6.55715675729293
384.239999999892 6.79104873974695
384.989999999892 7.02005932204559
385.739999999891 7.2430830008454
386.48999999989 6.53777938369609
387.23999999989 6.7487200686777
387.989999999889 6.9544024192519
388.739999999888 6.23226762858774
389.489999999888 6.44750725080007
390.239999999887 6.64427235351369
390.989999999886 6.8365212699181
391.739999999885 6.10047028067277
392.489999999885 6.29496037602035
393.239999999884 6.49519078292247
393.989999999883 6.70160718818285
394.739999999883 6.90540766122753
395.489999999882 6.17650202306328
396.239999999881 6.37143319622004
396.989999999881 6.56269195908609
397.73999999988 5.82366575878952
398.489999999879 6.01252577860457
399.239999999879 6.19836173116703
399.989999999878 6.38252774571099
400.739999999877 6.56402146113649
401.489999999877 5.81257973647984
402.239999999876 5.99175743831688
402.989999999875 6.17353376696614
403.739999999875 6.35861732093075
404.489999999874 6.54093254708764
405.239999999873 5.79249282929544
405.989999999873 5.9735931525539
406.739999999872 6.15577786059185
407.489999999871 5.41143878053993
408.23999999987 5.59657123307257
408.98999999987 5.78410894391534
409.739999999869 5.04453887911299
410.489999999868 6.19013640448073
411.239999999868 5.46486648605865
411.989999999867 5.67449372978421
412.739999999866 5.88484727485077
413.489999999866 5.1603070748684
414.239999999865 5.36839624931067
414.989999999864 4.65091973707605
415.739999999864 4.87422552313675
416.489999999863 6.03972611326836
417.239999999862 5.33825455218984
417.989999999862 5.57562586700653
418.739999999861 4.88151470673925
419.48999999986 6.06887472147186
420.23999999986 5.37893471679775
420.989999999859 5.62650212936603
421.739999999858 5.87511747669145
422.489999999858 6.12307741654937
423.239999999857 5.42662801249395
423.989999999856 4.73385495117674
424.739999999855 5.93376292567304
425.489999999855 5.24710475318565
426.239999999854 5.50802684399842
426.989999999853 5.76786023586328
427.739999999853 6.01077764301534
428.489999999852 5.31537070704997
429.239999999851 4.62622660609917
429.989999999851 4.89359162310874
430.73999999985 6.10544215891357
431.489999999849 6.36160666929705
432.239999999849 5.66104380159338
432.989999999848 5.91473132013456
433.739999999847 6.16722809476644
434.489999999847 6.41571985563146
435.239999999846 6.65919954171562
435.989999999845 5.9394886584577
436.739999999845 6.1745914798731
437.489999999844 6.40702019819606
438.239999999843 6.63413849284743
438.989999999842 5.89598976185947
439.739999999842 5.15785547952614
440.489999999841 6.34251881743687
441.23999999984 4.65252946643493
441.98999999984 5.82627725728912
442.739999999839 6.03855787231738
443.489999999838 6.24645662619344
444.239999999838 6.44976178617701
444.989999999837 5.68989563125228
445.739999999836 5.88391783011092
446.489999999836 6.0730181482962
447.239999999835 6.25734004740747
447.989999999834 5.48056611982742
448.739999999834 5.65822557465432
449.489999999833 4.88006785855608
450.239999999832 5.06713823845452
450.989999999832 5.26014836051624
451.739999999831 5.45805781732661
452.48999999983 5.64336283088743
453.23999999983 4.88571298926585
453.989999999829 4.13776757029383
454.739999999828 4.34949950946573
455.489999999827 5.51903115705133
456.239999999827 4.77491116757106
456.989999999826 4.98883252031364
457.739999999825 5.20481482706073
458.489999999825 5.41973156517291
459.239999999824 5.6329251280519
459.989999999823 4.88828083748779
460.739999999823 5.09951367957774
461.489999999822 5.31121346906287
462.239999999821 4.56678354273432
462.989999999821 4.78595040843116
463.73999999982 5.00752125852634
464.489999999819 5.23200420956893
465.239999999819 5.45690089622895
465.989999999818 5.67860306546874
466.739999999817 4.94254930722547
467.489999999817 5.16658896975456
468.239999999816 5.37693423891076
468.989999999815 4.64099070122537
469.739999999815 4.8648936705115
470.489999999814 5.09069272480462
471.239999999813 5.31526572675442
471.989999999812 5.53807991930374
472.739999999812 4.79677743969165
473.489999999811 5.01583036288464
474.23999999981 5.23316839939805
474.98999999981 4.48915009888694
475.739999999809 5.66771468291915
476.489999999808 4.92444633086163
477.239999999808 5.14309072470664
477.989999999807 4.40533935464033
478.739999999806 4.62988119463388
479.489999999806 4.85728323742648
480.239999999805 5.08546189559368
480.989999999804 5.31296418371566
481.739999999804 4.57648763889819
482.489999999803 4.80885667216603
483.239999999802 5.03293342529253
483.989999999802 5.26758775521471
484.739999999801 5.49725325113961
485.4899999998 4.76242662719076
486.2399999998 4.02929715335985
486.989999999799 5.22527886962714
487.739999999798 4.49375789063707
488.489999999797 3.76341261620747
489.239999999797 4.9556792068894
489.989999999796 5.18362730318187
490.739999999795 4.44651932889055
491.489999999795 4.67715389239849
492.239999999794 4.91032068889963
492.989999999793 5.14458095501733
493.739999999793 5.38067589991117
494.489999999792 4.64684729997134
495.239999999791 4.87655456674729
495.989999999791 4.13887228559076
496.73999999979 3.39769996444789
497.489999999789 3.62220522110618
498.239999999789 4.81292046480428
498.989999999788 5.02222862385506
499.739999999787 5.24471067433557
500.489999999787 4.49796307079769
501.239999999786 4.72169379782649
501.989999999785 3.98155501068879
502.739999999785 3.2373314195015
503.489999999784 2.50734172333144
504.239999999783 1.83401663731416
504.989999999782 3.16182433787884
505.739999999782 3.58524875237813
506.489999999781 3.09660169785608
507.23999999978 3.65142652619719
507.98999999978 4.27840970812441
508.739999999779 4.9807274814687
509.489999999778 4.75301259685131
510.239999999778 5.59331460084909
510.989999999777 6.48532575207397
511.739999999776 7.38798915018528
512.489999999776 7.22217269786851
513.239999999775 8.13044709977911
513.989999999774 9.05358950606316
514.739999999774 9.93071240411924
515.489999999773 10.7608311921354
516.239999999772 10.2581750047931
516.989999999772 10.5716845332574
517.739999999771 10.8870118515205
518.48999999977 10.1851017232915
519.23999999977 10.5484552115171
519.989999999769 10.8260942762791
520.739999999768 11.1190973796803
521.489999999768 10.3829132861618
522.239999999767 10.6356676239033
522.989999999766 10.9030170074753
523.739999999765 11.3010796237013
524.489999999765 11.6729355739477
525.239999999764 10.9035882575762
525.989999999763 11.2426094708092
526.739999999763 11.6093663661064
527.489999999762 11.9390985368158
528.239999999761 11.1513740068606
528.989999999761 11.4695486539763
529.73999999976 11.7697528066747
530.489999999759 12.068834807247
531.239999999759 11.2700867344025
531.989999999758 11.5296193955614
532.739999999757 11.8520825818615
533.489999999757 11.0504343437318
534.239999999756 11.2374441799604
534.989999999755 11.2921712670484
535.739999999755 11.3401843962541
536.489999999754 11.3826901792828
537.239999999753 11.4196030972634
537.989999999753 10.3966567351061
538.739999999752 10.4330032952733
539.489999999751 10.4699399517576
540.23999999975 10.5077635137067
540.98999999975 9.51029611254991
541.739999999749 9.55702991371697
542.489999999748 9.60731208575016
543.239999999748 8.63582395757128
543.989999999747 8.69769372499928
544.739999999746 8.76452461048008
545.489999999746 7.82140398707556
546.239999999745 7.92701398069821
546.989999999744 8.04367775903309
547.739999999744 8.1730776345727
548.489999999743 8.3211318079508
549.239999999742 8.48645907264182
549.989999999742 7.65075536179768
550.739999999741 7.82118611563444
551.48999999974 7.00061869446343
552.23999999974 7.21049941640824
552.989999999739 7.43979774834967
553.739999999738 7.69410047685113
554.489999999738 6.98874491986832
555.239999999737 8.34140804374487
555.989999999736 7.70093029805482
556.739999999735 8.06417938738139
557.489999999735 8.42277104496126
558.239999999734 8.77246294121836
558.989999999733 8.10283374357888
559.739999999733 8.43297851396074
560.489999999732 8.75478953870746
561.239999999731 9.0679133268528
561.989999999731 8.35921181785491
562.73999999973 8.65612347213403
563.489999999729 8.94534646276576
564.239999999729 8.21251374995875
564.989999999728 9.53295726892655
565.739999999727 8.80608052845235
566.489999999727 9.08760772818973
567.239999999726 9.36189211328641
567.989999999725 8.61334844610462
568.739999999725 8.87513693623121
569.489999999724 9.13105934151008
570.239999999723 9.38116703562158
570.989999999722 9.62636478849393
571.739999999722 8.85150918798953
572.489999999721 9.08788025174364
573.23999999972 9.32017280541226
573.98999999972 9.54842881018913
574.739999999719 8.76064276454412
575.489999999718 8.98341217239071
576.239999999718 9.20344732992401
576.989999999717 9.42106904888349
577.739999999716 8.62655505434687
578.489999999716 7.83570824703506
579.239999999715 9.08178800604325
579.989999999714 8.30725059549013
580.739999999714 7.54969592238355
581.489999999713 8.8473583672797
582.239999999712 9.13132887606666
582.989999999712 8.39986378056104
583.739999999711 8.67242392024689
584.48999999971 8.94337374171278
585.23999999971 9.21721808225978
585.989999999709 8.47524306948841
586.739999999708 8.7386650309175
587.489999999707 7.99206652549325
588.239999999707 9.31386480344673
588.989999999706 9.62793291484721
589.739999999705 8.92092197362016
590.489999999705 9.21860921819503
591.239999999704 9.50895023071878
591.989999999703 9.79221373347328
592.739999999703 9.05412173062841
593.489999999702 9.3243377954333
594.239999999701 8.57358996525081
594.989999999701 9.84910778178249
595.7399999997 9.0901548711445
596.489999999699 9.34088659577039
597.239999999699 9.58644009213487
597.989999999698 9.82777552807118
598.739999999697 9.05156799983403
599.489999999697 9.28506561768334
600.239999999696 9.51534843843217
600.989999999695 8.73069257890448
601.739999999695 8.95522102847379
602.489999999694 9.1920578481438
603.239999999693 8.40255774908462
603.989999999692 9.64569555288713
604.739999999692 9.87715773671912
605.489999999691 9.09761373199843
606.23999999969 8.3179031265342
606.98999999969 9.58820533077262
607.739999999689 9.85399436573097
608.489999999688 9.10720150869436
609.239999999688 9.36421543365425
609.989999999687 9.61757724606708
610.739999999686 8.85929733456768
611.489999999686 9.10569027093972
612.239999999685 8.3430452142035
612.989999999684 9.63727745763453
613.739999999684 8.92360900471322
614.489999999683 8.21364389651749
615.239999999682 9.54678503535546
615.989999999682 9.86244791232342
616.739999999681 10.1701751912048
617.48999999968 10.4702425583939
618.23999999968 9.74973584715648
618.989999999679 9.02139212031932
619.739999999678 9.29964994975611
620.489999999677 9.57573194908968
621.239999999677 8.83924732128454
621.989999999676 10.1666076714074
622.739999999675 10.497084847863
623.489999999675 9.80065851724422
624.239999999674 10.1109353007061
624.989999999673 10.4124628300382
625.739999999673 10.7050307047771
626.489999999672 10.9892515464841
627.239999999671 10.2459957489678
627.989999999671 9.49529910802013
628.73999999967 9.75682053509847
629.489999999669 11.0308164507202
630.239999999669 10.2610508634506
630.989999999668 9.48630577009355
631.739999999667 10.7439413148642
632.489999999667 10.9790428171548
633.239999999666 10.1931518285876
633.989999999665 9.40428204641471
634.739999999665 9.6279578256505
635.489999999664 10.8624226132317
636.239999999663 10.0642805916468
636.989999999662 10.2779741934714
637.739999999662 10.4890877589689
638.489999999661 10.6985678993617
639.23999999966 9.89601047918433
639.98999999966 10.1174343070685
640.739999999659 10.3230075909793
641.489999999658 10.5269558607275
642.239999999658 10.7301173103658
642.989999999657 9.92601301437875
643.739999999656 10.1276118696577
644.489999999656 9.32444187276401
645.239999999655 10.5289736531215
645.989999999654 9.72691818160858
646.739999999654 9.92824529023075
647.489999999653 10.1295055353566
648.239999999652 10.3314481628559
648.989999999652 9.53460881144429
649.739999999651 9.73845880376686
650.48999999965 9.94277847125827
651.23999999965 10.148258782524
651.989999999649 9.35815812991502
652.739999999648 9.56623549536102
653.489999999647 9.77514929273447
654.239999999647 9.9855143686108
654.989999999646 9.20285664906721
655.739999999645 9.4161885106466
656.489999999645 9.63076458232985
657.239999999644 9.84659689045843
657.989999999643 9.07128761273751
658.739999999643 9.28975057075573
659.489999999642 9.50975506495075
660.239999999641 8.73966784688
660.989999999641 7.98245938842011
661.73999999964 9.25519118128099
662.489999999639 9.53890073234327
663.239999999639 8.82742954625752
663.989999999638 9.11415558680946
664.739999999637 9.40789035443669
665.489999999637 9.69882414902933
666.239999999636 9.98687553039615
666.989999999635 9.2753023192129
667.739999999635 9.55699697260151
668.489999999634 9.83557995581109
669.239999999633 10.1116299307179
669.989999999632 10.3849505348714
670.739999999632 9.65659723350432
671.489999999631 9.92430836043542
672.23999999963 10.1894541303388
672.98999999963 10.4520997627908
673.739999999629 9.71233437289298
674.489999999628 9.9697937807003
675.239999999628 10.2254272097469
675.989999999627 9.47884542229323
676.739999999626 9.73044556389429
677.489999999626 9.98013941499024
678.239999999625 10.2280418267406
678.989999999624 9.4741265795011
679.739999999624 9.7204579836565
680.489999999623 9.97435376898811
681.239999999622 10.2265271806288
681.989999999622 9.47658983629317
682.739999999621 9.72503522278789
683.48999999962 9.97178648412351
684.239999999619 10.2169530332536
684.989999999619 10.4603366954882
685.739999999618 9.70282612376788
686.489999999617 9.94400549857422
687.239999999617 9.18459558345231
687.989999999616 9.43736380579308
688.739999999615 9.71675823985398
689.489999999615 9.99285490271712
690.239999999614 10.2654187388539
690.989999999613 10.5350556669536
691.739999999613 9.80019032470195
692.489999999612 10.0634293583395
693.239999999611 10.3237822806581
693.989999999611 10.5810345192641
694.73999999961 10.8357484238387
695.489999999609 10.0854771684638
696.239999999609 10.334199698556
696.989999999608 10.5806833570576
697.739999999607 10.824947746519
698.489999999607 10.0662543812409
699.239999999606 10.3074955316078
699.989999999605 9.54613870054168
700.739999999604 10.7853289212933
701.489999999604 10.0218048181864
702.239999999603 10.2581047895533
702.989999999602 10.4936037186663
703.739999999602 10.727820878081
704.489999999601 9.96114368885277
705.2399999996 10.1937002413979
705.9899999996 9.42655087489323
706.739999999599 9.6583656801121
707.489999999598 9.88947757284818
708.239999999598 10.1204862650913
708.989999999597 10.3508326592788
709.739999999596 10.5807955436581
710.489999999596 9.81233356601833
711.239999999595 10.041230356174
711.989999999594 10.2695247537244
712.739999999594 10.4976656743413
713.489999999593 9.7290796772775
714.239999999592 9.94216563224149
714.989999999592 9.1741285196096
715.739999999591 10.3970078068845
716.48999999959 9.6294124434588
717.239999999589 9.8571736469354
717.989999999589 10.0843765441226
718.739999999588 10.3119013457944
719.489999999587 9.54557464248827
720.239999999587 9.77337955945089
720.989999999586 10.0016692021635
721.739999999585 10.2298827680383
722.489999999585 9.46560857800579
723.239999999584 9.69467595245917
723.989999999583 9.92448303315568
724.739999999583 10.1544574183997
725.489999999582 9.39282830275968
726.239999999581 9.62408519529421
726.989999999581 9.85560854693071
727.73999999958 9.09624181309875
728.489999999579 10.3205747185258
729.239999999579 9.56239324281409
729.989999999578 9.79565504324312
730.739999999577 10.0292072209012
731.489999999577 10.2633958231885
732.239999999576 10.4975399540285
732.989999999575 9.74128341225374
733.739999999574 9.97605162537915
734.489999999574 9.22077807990544
735.239999999573 9.45621921304793
735.989999999572 9.69217153434941
736.739999999572 8.93791264159488
737.489999999571 9.1741768638063
738.23999999957 9.41071335173742
738.98999999957 9.64754156883676
739.739999999569 9.88472374372407
740.489999999568 10.1225619655379
741.239999999568 9.37055471613582
741.989999999567 9.60885068727494
742.739999999566 8.8576211310124
743.489999999566 10.0864340062355
744.239999999565 9.33579028277153
744.989999999564 9.57525931755744
745.739999999564 9.81502945112788
746.489999999563 10.0550287312132
747.239999999562 10.2956313046751
747.989999999562 9.54643164661414
748.739999999561 9.78741858098939
749.48999999956 9.03884125537038
750.239999999559 10.2703919896831
750.989999999559 9.52237574916964
751.739999999558 9.76454571856056
752.489999999557 10.0069725613495
753.239999999557 10.249628043154
753.989999999556 9.50236933836796
754.739999999555 9.74537272018529
755.489999999555 9.98855765509899
756.239999999554 10.2319167001115
756.989999999553 9.48510712996963
757.739999999553 9.72868140157668
758.489999999552 9.97237681349857
759.239999999551 9.22572169418424
759.989999999551 9.46960342854668
760.73999999955 9.7136030216815
761.489999999549 9.95771729047525
762.239999999549 9.21125107402809
762.989999999548 9.45553475767658
763.739999999547 9.69992870892118
764.489999999547 9.94443122915781
765.239999999546 9.19811507352695
765.989999999545 9.44277159072117
766.739999999544 9.68724349458691
767.489999999544 9.93209948631162
768.239999999543 9.18588342137434
768.989999999542 10.4220999778218
769.739999999542 9.67594417571838
770.489999999541 9.92110166819085
771.23999999954 10.1663418290569
771.98999999954 9.42018858362148
772.739999999539 9.66552990754787
773.489999999538 9.91095130228679
774.239999999538 10.1564508241743
774.989999999537 9.41030275972641
775.739999999536 9.65560293729748
776.489999999536 9.90126125560039
777.239999999535 10.1469894960634
777.989999999534 9.40081727949139
778.739999999534 9.64662170010342
779.489999999533 9.89249002401115
780.239999999532 10.1384165577746
780.989999999532 10.3841075005588
781.739999999531 9.63786156299711
782.48999999953 9.8838799432677
783.239999999529 10.1299475692718
783.989999999529 10.3760582676674
784.739999999528 10.6222097989505
785.489999999527 9.87583172531774
786.239999999527 10.122000105973
786.989999999526 10.3679163131314
787.739999999525 9.62141388308044
788.489999999525 9.86762284029647
789.239999999524 10.113866854449
789.989999999523 9.36723694684689
790.739999999523 9.61348768274068
791.489999999522 9.85976172586972
792.239999999521 10.1057765242998
792.989999999521 10.3521009196859
793.73999999952 9.60527425108831
794.489999999519 9.85157810714247
795.239999999519 10.0978934527439
795.989999999518 9.35090233796657
796.739999999517 9.59717811732068
797.489999999516 9.84316809900792
798.239999999516 10.0894449471087
798.989999999515 10.3356998816308
799.739999999514 9.58838538492503
