16.7399999999999 0.93
17.4899999999999 1.68
18.2399999999999 1.44
18.99 1.2
19.74 0.960000000000001
20.49 1.71
21.24 1.47
21.9900000000001 1.23
22.7400000000001 0.989999999999998
23.4900000000001 1.74
24.2400000000002 1.5
24.9900000000002 1.26
25.7400000000002 2.01
26.4900000000002 1.77
27.2400000000003 1.53
27.9900000000003 2.28
28.7400000000003 2.04
29.4900000000004 0.809999999999999
30.2400000000004 0.57
30.9900000000004 1.32
31.7400000000004 1.08
32.4900000000005 0.840000000000003
33.2400000000005 1.59
33.9900000000005 1.35
34.7400000000006 1.11000000000001
35.4900000000006 0.870000000000005
36.2400000000006 1.62
36.9900000000006 1.38
37.7400000000007 1.14
38.4900000000007 0.900000000000006
39.2400000000007 0.660000000000004
39.9900000000008 1.41
40.7400000000008 1.17
41.4900000000008 1.92
42.2400000000008 0.690000000000005
42.9900000000009 1.44
43.7400000000009 1.2
44.4900000000009 0.960000000000001
45.240000000001 0.720000000000006
45.990000000001 1.47000000000001
46.740000000001 1.23
47.490000000001 0.990000000000002
48.2400000000011 1.74
48.9900000000011 1.5
49.7400000000011 1.26000000000001
50.4900000000012 1.02
51.2400000000012 0.780000000000001
51.9900000000012 1.53
52.7400000000012 1.29000000000001
53.4900000000013 1.05
54.2400000000013 1.8
54.9900000000013 1.56
55.7400000000014 1.32
56.4900000000014 1.08000000000001
57.2400000000014 0.840000000000003
57.9900000000014 1.59
58.7400000000015 1.35
59.4900000000015 1.11000000000001
60.2400000000015 1.86000000000001
60.9900000000016 1.62
61.7400000000016 1.38
62.4900000000016 2.13
63.2400000000016 0.900000000000006
63.9900000000017 0.659999999999997
64.7400000000017 1.41
65.4900000000017 1.17
66.2400000000017 1.92
66.9900000000018 0.689999999999998
67.7400000000018 1.44
68.4900000000018 1.2
69.2400000000019 0.959999999999994
69.9900000000019 1.70999999999999
70.7400000000019 1.47
71.4900000000019 1.22999999999999
72.240000000002 0.989999999999995
72.990000000002 0.75
73.740000000002 1.5
74.4900000000021 1.25999999999999
75.2400000000021 1.02
75.9900000000021 0.780000000000001
76.7400000000021 1.53
77.4900000000022 1.28999999999999
78.2400000000022 2.03999999999999
78.9900000000022 1.8
79.7400000000023 1.56
80.4900000000023 1.31999999999999
81.2400000000023 1.08
81.9900000000023 1.83
82.7400000000024 0.599999999999994
83.4900000000024 1.34999999999999
84.2400000000024 1.11
84.9900000000025 1.86
85.7400000000025 0.629999999999995
86.4900000000025 1.38
87.2400000000025 1.14
87.9900000000026 0.899999999999991
88.7400000000026 1.64999999999999
89.4900000000026 1.41
90.2400000000027 1.17
90.9900000000027 1.92
91.7400000000027 1.67999999999999
92.4900000000027 1.44
93.2400000000028 1.2
93.9900000000028 1.95
94.7400000000028 1.70999999999999
95.4900000000029 1.47
96.2400000000029 1.22999999999999
96.9900000000029 0.989999999999995
97.7400000000029 1.73999999999999
98.490000000003 1.5
99.240000000003 1.25999999999999
99.990000000003 1.02
100.740000000003 0.780000000000001
101.490000000003 1.53
102.240000000003 1.28999999999999
102.990000000003 1.05
103.740000000003 1.8
104.490000000003 1.56
105.240000000003 1.31999999999999
105.990000000003 2.06999999999999
106.740000000003 0.839999999999989
107.490000000003 1.58999999999999
108.240000000003 1.34999999999999
108.990000000003 1.11
109.740000000003 1.86
110.490000000003 0.629999999999995
111.240000000003 1.38
111.990000000003 1.14
112.740000000004 1.89
113.490000000004 0.659999999999997
114.240000000004 1.41
114.990000000004 2.16
115.740000000004 0.929999999999993
116.490000000004 0.689999999999998
117.240000000004 1.44
117.990000000004 1.2
118.740000000004 0.959999999999994
119.490000000004 0.719999999999999
120.240000000004 1.47
120.990000000004 1.22999999999999
121.740000000004 0.989999999999995
122.490000000004 1.73999999999999
123.240000000004 1.5
123.990000000004 1.25999999999999
124.740000000004 1.02
125.490000000004 0.780000000000001
126.240000000004 1.53
126.990000000004 1.28999999999999
127.740000000004 1.05
128.490000000004 1.80000000000001
129.240000000004 1.56000000000002
129.990000000004 1.32000000000002
130.740000000004 1.08000000000001
131.490000000004 0.840000000000003
132.240000000004 1.59
132.990000000004 2.34
133.740000000004 2.10000000000002
134.490000000004 0.870000000000005
135.240000000004 1.62
135.990000000004 1.38000000000002
136.740000000004 1.14000000000001
137.490000000004 0.900000000000006
138.240000000004 0.659999999999997
138.990000000004 1.41
139.740000000005 1.17000000000002
140.490000000005 1.92000000000002
141.240000000005 0.689999999999998
141.990000000005 1.44
142.740000000005 1.20000000000002
143.490000000005 1.95000000000002
144.240000000005 1.71000000000001
144.990000000005 1.47
145.740000000005 2.22
146.490000000005 1.98000000000002
147.240000000005 0.75
147.990000000005 1.5
148.740000000005 1.26000000000002
149.490000000005 1.02000000000001
150.240000000005 0.780000000000001
150.990000000005 1.53
151.740000000005 1.29000000000002
152.490000000005 1.05000000000001
153.240000000005 0.810000000000002
153.990000000005 0.570000000000022
154.740000000005 1.32000000000002
155.490000000005 1.08000000000001
156.240000000005 0.840000000000003
156.990000000005 1.59
157.740000000005 2.34
158.490000000005 1.11000000000001
159.240000000005 1.86000000000001
159.990000000005 1.62
160.740000000005 1.38000000000002
161.490000000005 1.14000000000001
162.240000000005 0.900000000000006
162.990000000005 1.65000000000001
163.740000000005 1.41
164.490000000005 1.17000000000002
165.240000000005 0.930000000000007
165.990000000006 1.68000000000001
166.740000000006 1.44
167.490000000006 1.20000000000002
168.240000000006 0.960000000000008
168.990000000006 0.719999999999999
169.740000000006 1.47
170.490000000006 1.23000000000002
171.240000000006 1.98000000000002
171.990000000006 1.74000000000001
172.740000000006 1.5
173.490000000006 1.26000000000002
174.240000000006 2.01000000000002
174.990000000006 1.77000000000001
175.740000000006 2.52000000000001
176.490000000006 1.29000000000002
177.240000000006 2.04000000000002
177.990000000006 1.80000000000001
178.740000000006 1.56
179.490000000006 1.32000000000002
180.240000000006 1.08000000000001
180.990000000006 0.840000000000003
181.740000000006 0.600000000000023
182.490000000006 1.35000000000002
183.240000000006 1.11000000000001
183.990000000006 0.870000000000005
184.740000000006 1.62
185.490000000006 1.38000000000002
186.240000000006 1.14000000000001
186.990000000006 0.900000000000006
187.740000000006 1.65000000000001
188.490000000006 1.41
189.240000000006 1.17000000000002
189.990000000006 0.930000000000007
190.740000000006 0.689999999999998
191.490000000006 1.44
192.240000000007 1.20000000000002
192.990000000007 0.960000000000008
193.740000000007 0.719999999999999
194.490000000007 1.47
195.240000000007 2.22
195.990000000007 0.990000000000009
196.740000000007 1.74000000000001
197.490000000007 1.5
198.240000000007 1.26000000000002
198.990000000007 2.01000000000002
199.740000000007 0.780000000000001
200.490000000007 1.53
201.240000000007 1.29000000000002
201.990000000007 1.05000000000001
202.740000000007 0.810000000000002
203.490000000007 1.56
204.240000000007 1.32000000000002
204.990000000007 1.08000000000001
205.740000000007 1.83000000000001
206.490000000007 1.59
207.240000000007 1.35000000000002
207.990000000007 1.11000000000001
208.740000000007 0.870000000000005
209.490000000007 0.630000000000024
210.240000000007 1.38000000000002
210.990000000007 1.14000000000001
211.740000000007 1.89000000000001
212.490000000007 1.65000000000001
213.240000000007 1.41
213.990000000007 1.17000000000002
214.740000000007 0.930000000000007
215.490000000007 1.68000000000001
216.240000000007 1.44
216.990000000007 1.20000000000002
217.740000000007 0.960000000000008
218.490000000008 1.71000000000001
219.240000000008 1.47
219.990000000008 2.22
220.740000000008 0.990000000000009
221.490000000008 1.74000000000001
222.240000000008 1.5
222.990000000008 1.26000000000002
223.740000000008 2.01000000000002
224.490000000008 0.780000000000001
225.240000000008 1.53
225.990000000008 1.29000000000002
226.740000000008 1.05000000000001
227.490000000008 0.810000000000002
228.240000000008 1.56
228.990000000008 1.32000000000002
229.740000000008 1.08000000000001
230.490000000008 0.840000000000003
231.240000000008 0.600000000000023
231.990000000008 1.35000000000002
232.740000000008 2.10000000000002
233.490000000008 1.86000000000001
234.240000000008 1.62
234.990000000008 1.38000000000002
235.740000000008 1.14000000000001
236.490000000008 1.89000000000001
237.240000000008 0.659999999999997
237.990000000008 1.41
238.740000000008 1.17000000000002
239.490000000008 0.930000000000007
240.240000000008 0.689999999999998
240.990000000008 1.44
241.740000000008 1.20000000000002
242.490000000008 0.960000000000008
243.240000000008 0.719999999999999
243.990000000008 1.47
244.740000000009 1.23000000000002
245.490000000009 0.990000000000009
246.240000000009 0.75
246.990000000009 1.5
247.740000000009 1.26000000000002
248.490000000009 1.02000000000001
249.240000000009 0.780000000000001
249.990000000009 1.53
250.740000000009 1.29000000000002
251.490000000009 1.05000000000001
252.240000000009 0.810000000000002
252.990000000009 1.56
253.740000000009 1.32000000000002
254.490000000009 1.08000000000001
255.240000000009 0.840000000000003
255.990000000009 1.58999999999997
256.740000000008 1.34999999999999
257.490000000008 1.10999999999996
258.240000000007 1.85999999999996
258.990000000006 1.62
259.740000000006 1.38
260.490000000005 1.13999999999999
261.240000000004 0.899999999999977
261.990000000003 1.64999999999998
262.740000000003 1.40999999999997
263.490000000002 1.16999999999996
264.240000000001 0.930000000000007
264.990000000001 0.689999999999998
265.74 1.44
266.489999999999 1.19999999999999
267.239999999999 0.95999999999998
267.989999999998 0.71999999999997
268.739999999997 1.46999999999997
269.489999999997 1.22999999999996
270.239999999996 1.97999999999996
270.989999999995 1.74000000000001
271.739999999995 1.5
272.489999999994 1.25999999999999
273.239999999993 1.01999999999998
273.989999999993 1.76999999999998
274.739999999992 1.52999999999997
275.489999999991 1.28999999999996
276.239999999991 1.04999999999995
276.98999999999 1.79999999999995
277.739999999989 2.54999999999995
278.489999999988 1.31999999999999
279.239999999988 1.07999999999998
279.989999999987 0.839999999999975
280.739999999986 1.58999999999997
281.489999999986 1.34999999999997
282.239999999985 1.10999999999996
282.989999999984 0.870000000000005
283.739999999984 1.62
284.489999999983 1.38
285.239999999982 1.13999999999999
285.989999999982 0.899999999999977
286.739999999981 0.659999999999968
287.48999999998 1.40999999999997
288.23999999998 1.16999999999996
288.989999999979 0.930000000000007
289.739999999978 1.68000000000001
290.489999999978 1.44
291.239999999977 2.19
291.989999999976 0.95999999999998
292.739999999976 1.70999999999998
293.489999999975 1.46999999999997
294.239999999974 1.22999999999996
294.989999999973 0.990000000000009
295.739999999973 0.75
296.489999999972 1.5
297.239999999971 1.25999999999999
297.989999999971 1.01999999999998
298.73999999997 1.76999999999998
299.489999999969 1.52999999999997
300.239999999969 1.28999999999996
300.989999999968 1.04999999999995
301.739999999967 0.810000000000002
302.489999999967 1.56
303.239999999966 1.31999999999999
303.989999999965 1.07999999999998
304.739999999965 0.839999999999975
305.489999999964 0.599999999999966
306.239999999963 1.34999999999997
306.989999999963 1.10999999999996
307.739999999962 0.870000000000005
308.489999999961 1.62
309.239999999961 1.38
309.98999999996 1.13999999999999
310.739999999959 1.88999999999999
311.489999999958 1.64999999999998
312.239999999958 1.40999999999997
312.989999999957 1.16999999999996
313.739999999956 1.91999999999996
314.489999999956 0.689999999999998
315.239999999955 1.44
315.989999999954 1.19999999999999
316.739999999954 0.95999999999998
317.489999999953 1.70999999999998
318.239999999952 1.46999999999997
318.989999999952 1.22999999999996
319.739999999951 0.990000000000009
320.48999999995 1.74000000000001
321.23999999995 1.5
321.989999999949 1.25999999999999
322.739999999948 1.01999999999998
323.489999999948 1.76999999999998
324.239999999947 1.52999999999997
324.989999999946 1.28999999999996
325.739999999945 1.04999999999995
326.489999999945 0.810000000000002
327.239999999944 1.56
327.989999999943 1.31999999999999
328.739999999943 1.07999999999998
329.489999999942 1.82999999999998
330.239999999941 1.58999999999997
330.989999999941 1.34999999999997
331.73999999994 1.10999999999996
332.489999999939 1.85999999999996
333.239999999939 1.62
333.989999999938 1.38
334.739999999937 1.13999999999999
335.489999999937 0.899999999999977
336.239999999936 1.64999999999998
336.989999999935 1.40999999999997
337.739999999935 1.16999999999996
338.489999999934 0.930000000000007
339.239999999933 1.68000000000001
339.989999999933 1.44
340.739999999932 1.19999999999999
341.489999999931 0.95999999999998
342.23999999993 1.70999999999998
342.98999999993 1.46999999999997
343.739999999929 1.22999999999996
344.489999999928 0.990000000000009
345.239999999928 1.74000000000001
345.989999999927 2.49000000000001
346.739999999926 1.25999999999999
347.489999999926 1.01999999999998
348.239999999925 0.779999999999973
348.989999999924 1.52999999999997
349.739999999924 1.28999999999996
350.489999999923 1.04999999999995
351.239999999922 0.810000000000002
351.989999999922 1.56
352.739999999921 1.31999999999999
353.48999999992 1.07999999999998
354.23999999992 1.82999999999998
354.989999999919 1.58999999999997
355.739999999918 1.34999999999997
356.489999999918 1.10999999999996
357.239999999917 0.870000000000005
357.989999999916 0.629999999999995
358.739999999915 1.38
359.489999999915 1.13999999999999
360.239999999914 0.899999999999977
360.989999999913 0.659999999999968
361.739999999913 1.40999999999997
362.489999999912 1.16999999999996
363.239999999911 0.930000000000007
363.989999999911 1.68000000000001
364.73999999991 1.44
365.489999999909 1.19999999999999
366.239999999909 0.95999999999998
366.989999999908 1.70999999999998
367.739999999907 1.46999999999997
368.489999999907 1.22999999999996
369.239999999906 0.990000000000009
369.989999999905 0.75
370.739999999905 1.5
371.489999999904 1.25999999999999
372.239999999903 1.01999999999998
372.989999999903 0.779999999999973
373.739999999902 1.52999999999997
374.489999999901 1.28999999999996
375.2399999999 1.04999999999995
375.9899999999 1.79999999999995
376.739999999899 1.56
377.489999999898 1.31999999999999
378.239999999898 2.06999999999999
378.989999999897 1.82999999999998
379.739999999896 2.57999999999998
380.489999999896 2.33999999999997
381.239999999895 1.10999999999996
381.989999999894 0.870000000000005
382.739999999894 0.629999999999995
383.489999999893 1.38
384.239999999892 1.13999999999999
384.989999999892 0.899999999999977
385.739999999891 0.659999999999968
386.48999999989 1.40999999999997
387.23999999989 1.16999999999996
387.989999999889 0.930000000000007
388.739999999888 1.68000000000001
389.489999999888 1.44
390.239999999887 1.19999999999999
390.989999999886 0.95999999999998
391.739999999885 1.70999999999998
392.489999999885 1.46999999999997
393.239999999884 1.22999999999996
393.989999999883 0.990000000000009
394.739999999883 0.75
395.489999999882 1.5
396.239999999881 1.25999999999999
396.989999999881 1.01999999999998
397.73999999988 1.76999999999998
398.489999999879 1.52999999999997
399.239999999879 1.28999999999996
399.989999999878 1.04999999999995
400.739999999877 0.810000000000002
401.489999999877 1.56
402.239999999876 1.31999999999999
402.989999999875 1.07999999999998
403.739999999875 0.839999999999975
404.489999999874 0.599999999999966
405.239999999873 1.34999999999997
405.989999999873 1.10999999999996
406.739999999872 0.870000000000005
407.489999999871 1.62
408.23999999987 1.38
408.98999999987 1.13999999999999
409.739999999869 1.88999999999999
410.489999999868 0.659999999999968
411.239999999868 1.40999999999997
411.989999999867 1.16999999999996
412.739999999866 0.930000000000007
413.489999999866 1.68000000000001
414.239999999865 1.44
414.989999999864 2.19
415.739999999864 1.94999999999999
416.489999999863 0.71999999999997
417.239999999862 1.46999999999997
417.989999999862 1.22999999999996
418.739999999861 1.97999999999996
419.48999999986 0.75
420.23999999986 1.5
420.989999999859 1.25999999999999
421.739999999858 1.01999999999998
422.489999999858 0.779999999999973
423.239999999857 1.52999999999997
423.989999999856 2.27999999999997
424.739999999855 1.04999999999995
425.489999999855 1.79999999999995
426.239999999854 1.56
426.989999999853 1.31999999999999
427.739999999853 1.07999999999998
428.489999999852 1.82999999999998
429.239999999851 2.57999999999998
429.989999999851 2.33999999999997
430.73999999985 1.10999999999996
431.489999999849 0.870000000000005
432.239999999849 1.62
432.989999999848 1.38
433.739999999847 1.13999999999999
434.489999999847 0.899999999999977
435.239999999846 0.659999999999968
435.989999999845 1.40999999999997
436.739999999845 1.16999999999996
437.489999999844 0.930000000000007
438.239999999843 0.689999999999998
438.989999999842 1.44
439.739999999842 2.19
440.489999999841 0.95999999999998
441.23999999984 2.69999999999999
441.98999999984 1.46999999999997
442.739999999839 1.22999999999996
443.489999999838 0.990000000000009
444.239999999838 0.75
444.989999999837 1.5
445.739999999836 1.25999999999999
446.489999999836 1.01999999999998
447.239999999835 0.779999999999973
447.989999999834 1.52999999999997
448.739999999834 1.28999999999996
449.489999999833 2.03999999999996
450.239999999832 1.79999999999995
450.989999999832 1.56
451.739999999831 1.31999999999999
452.48999999983 1.07999999999998
453.23999999983 1.82999999999998
453.989999999829 2.57999999999998
454.739999999828 2.33999999999997
455.489999999827 1.10999999999996
456.239999999827 1.85999999999996
456.989999999826 1.62
457.739999999825 1.38
458.489999999825 1.13999999999999
459.239999999824 0.899999999999977
459.989999999823 1.64999999999998
460.739999999823 1.40999999999997
461.489999999822 1.16999999999996
462.239999999821 1.91999999999996
462.989999999821 1.68000000000001
463.73999999982 1.44
464.489999999819 1.19999999999999
465.239999999819 0.95999999999998
465.989999999818 0.71999999999997
466.739999999817 1.46999999999997
467.489999999817 1.22999999999996
468.239999999816 0.990000000000009
468.989999999815 1.74000000000001
469.739999999815 1.5
470.489999999814 1.25999999999999
471.239999999813 1.01999999999998
471.989999999812 0.779999999999973
472.739999999812 1.52999999999997
473.489999999811 1.28999999999996
474.23999999981 1.04999999999995
474.98999999981 1.79999999999995
475.739999999809 0.569999999999993
476.489999999808 1.31999999999999
477.239999999808 1.07999999999998
477.989999999807 1.82999999999998
478.739999999806 1.58999999999997
479.489999999806 1.34999999999997
480.239999999805 1.10999999999996
480.989999999804 0.870000000000005
481.739999999804 1.62
482.489999999803 1.38
483.239999999802 1.13999999999999
483.989999999802 0.899999999999977
484.739999999801 0.659999999999968
485.4899999998 1.40999999999997
486.2399999998 2.15999999999997
486.989999999799 0.930000000000007
487.739999999798 1.68000000000001
488.489999999797 2.43000000000001
489.239999999797 1.19999999999999
489.989999999796 0.95999999999998
490.739999999795 1.70999999999998
491.489999999795 1.46999999999997
492.239999999794 1.22999999999996
492.989999999793 0.990000000000009
493.739999999793 0.75
494.489999999792 1.5
495.239999999791 1.25999999999999
495.989999999791 2.00999999999999
496.73999999979 2.75999999999999
497.489999999789 2.51999999999998
498.239999999789 1.28999999999996
498.989999999788 1.04999999999995
499.739999999787 0.810000000000002
500.489999999787 1.56
501.239999999786 1.31999999999999
501.989999999785 2.06999999999999
502.739999999785 2.81999999999999
503.489999999784 3.56999999999999
504.239999999783 4.31999999999999
504.989999999782 3.08999999999997
505.739999999782 2.84999999999997
506.489999999781 3.59999999999997
507.23999999978 3.35999999999996
507.98999999978 3.12
508.739999999779 2.88
509.489999999778 3.63
510.239999999778 3.38999999999999
510.989999999777 3.14999999999998
511.739999999776 2.90999999999997
512.489999999776 3.65999999999997
513.239999999775 3.41999999999996
513.989999999774 3.18000000000001
514.739999999774 2.94
515.489999999773 2.69999999999993
516.239999999772 3.44999999999993
516.989999999772 3.21000000000004
517.739999999771 2.97000000000003
518.48999999977 3.72000000000003
519.23999999977 3.48000000000002
519.989999999769 3.24000000000001
520.739999999768 3
521.489999999768 3.75
522.239999999767 3.50999999999999
522.989999999766 3.26999999999998
523.739999999765 3.02999999999997
524.489999999765 2.78999999999996
525.239999999764 3.53999999999996
525.989999999763 3.29999999999995
526.739999999763 3.05999999999995
527.489999999762 2.81999999999994
528.239999999761 3.56999999999994
528.989999999761 3.32999999999993
529.73999999976 3.09000000000003
530.489999999759 2.85000000000002
531.239999999759 3.60000000000002
531.989999999758 3.36000000000001
532.739999999757 3.12
533.489999999757 3.87
534.239999999756 3.63
534.989999999755 3.38999999999999
535.739999999755 3.14999999999998
536.489999999754 2.90999999999997
537.239999999753 2.66999999999996
537.989999999753 3.41999999999996
538.739999999752 3.17999999999995
539.489999999751 2.93999999999994
540.23999999975 2.69999999999993
540.98999999975 3.44999999999993
541.739999999749 3.21000000000004
542.489999999748 2.97000000000003
543.239999999748 3.72000000000003
543.989999999747 3.48000000000002
544.739999999746 3.24000000000001
545.489999999746 3.99000000000001
546.239999999745 3.75
546.989999999744 3.50999999999999
547.739999999744 3.26999999999998
548.489999999743 3.02999999999997
549.239999999742 2.78999999999996
549.989999999742 3.53999999999996
550.739999999741 3.29999999999995
551.48999999974 4.04999999999995
552.23999999974 3.80999999999995
552.989999999739 3.56999999999994
553.739999999738 3.32999999999993
554.489999999738 4.07999999999993
555.239999999737 2.85000000000002
555.989999999736 3.60000000000002
556.739999999735 3.36000000000001
557.489999999735 3.12
558.239999999734 2.88
558.989999999733 3.63
559.739999999733 3.38999999999999
560.489999999732 3.14999999999998
561.239999999731 2.90999999999997
561.989999999731 3.65999999999997
562.73999999973 3.41999999999996
563.489999999729 3.17999999999995
564.239999999729 3.92999999999995
564.989999999728 2.69999999999993
565.739999999727 3.44999999999993
566.489999999727 3.21000000000004
567.239999999726 2.97000000000003
567.989999999725 3.72000000000003
568.739999999725 3.48000000000002
569.489999999724 3.24000000000001
570.239999999723 3
570.989999999722 2.75999999999999
571.739999999722 3.50999999999999
572.489999999721 3.26999999999998
573.23999999972 3.02999999999997
573.98999999972 2.78999999999996
574.739999999719 3.53999999999996
575.489999999718 3.29999999999995
576.239999999718 3.05999999999995
576.989999999717 2.81999999999994
577.739999999716 3.56999999999994
578.489999999716 4.31999999999994
579.239999999715 3.09000000000003
579.989999999714 3.84000000000003
580.739999999714 4.59000000000003
581.489999999713 3.36000000000001
582.239999999712 3.12
582.989999999712 3.87
583.739999999711 3.63
584.48999999971 3.38999999999999
585.23999999971 3.14999999999998
585.989999999709 3.89999999999998
586.739999999708 3.65999999999997
587.489999999707 4.40999999999997
588.239999999707 3.17999999999995
588.989999999706 2.93999999999994
589.739999999705 3.68999999999994
590.489999999705 3.44999999999993
591.239999999704 3.21000000000004
591.989999999703 2.97000000000003
592.739999999703 3.72000000000003
593.489999999702 3.48000000000002
594.239999999701 4.23000000000002
594.989999999701 3
595.7399999997 3.75
596.489999999699 3.50999999999999
597.239999999699 3.26999999999998
597.989999999698 3.02999999999997
598.739999999697 3.77999999999997
599.489999999697 3.53999999999996
600.239999999696 3.29999999999995
600.989999999695 4.04999999999995
601.739999999695 3.80999999999995
602.489999999694 3.56999999999994
603.239999999693 4.31999999999994
603.989999999692 3.09000000000003
604.739999999692 2.85000000000002
605.489999999691 3.60000000000002
606.23999999969 4.35000000000002
606.98999999969 3.12
607.739999999689 2.88
608.489999999688 3.63
609.239999999688 3.38999999999999
609.989999999687 3.14999999999998
610.739999999686 3.89999999999998
611.489999999686 3.65999999999997
612.239999999685 4.40999999999997
612.989999999684 3.17999999999995
613.739999999684 3.92999999999995
614.489999999683 4.67999999999995
615.239999999682 3.44999999999993
615.989999999682 3.21000000000004
616.739999999681 2.97000000000003
617.48999999968 2.73000000000002
618.23999999968 3.48000000000002
618.989999999679 4.23000000000002
619.739999999678 3.99000000000001
620.489999999677 3.75
621.239999999677 4.5
621.989999999676 3.26999999999998
622.739999999675 3.02999999999997
623.489999999675 3.77999999999997
624.239999999674 3.53999999999996
624.989999999673 3.29999999999995
625.739999999673 3.05999999999995
626.489999999672 2.81999999999994
627.239999999671 3.56999999999994
627.989999999671 4.31999999999994
628.73999999967 4.07999999999993
629.489999999669 2.85000000000002
630.239999999669 3.60000000000002
630.989999999668 4.35000000000002
631.739999999667 3.12
632.489999999667 2.88
633.239999999666 3.63
633.989999999665 4.38
634.739999999665 4.13999999999999
635.489999999664 2.90999999999997
636.239999999663 3.65999999999997
636.989999999662 3.41999999999996
637.739999999662 3.17999999999995
638.489999999661 2.93999999999994
639.23999999966 3.68999999999994
639.98999999966 3.44999999999993
640.739999999659 3.21000000000004
641.489999999658 2.97000000000003
642.239999999658 2.73000000000002
642.989999999657 3.48000000000002
643.739999999656 3.24000000000001
644.489999999656 3.99000000000001
645.239999999655 2.75999999999999
645.989999999654 3.50999999999999
646.739999999654 3.26999999999998
647.489999999653 3.02999999999997
648.239999999652 2.78999999999996
648.989999999652 3.53999999999996
649.739999999651 3.29999999999995
650.48999999965 3.05999999999995
651.23999999965 2.81999999999994
651.989999999649 3.56999999999994
652.739999999648 3.32999999999993
653.489999999647 3.09000000000003
654.239999999647 2.85000000000002
654.989999999646 3.60000000000002
655.739999999645 3.36000000000001
656.489999999645 3.12
657.239999999644 2.88
657.989999999643 3.63
658.739999999643 3.38999999999999
659.489999999642 3.14999999999998
660.239999999641 3.89999999999998
660.989999999641 4.64999999999998
661.73999999964 3.41999999999996
662.489999999639 3.17999999999995
663.239999999639 3.92999999999995
663.989999999638 3.68999999999994
664.739999999637 3.44999999999993
665.489999999637 3.21000000000004
666.239999999636 2.97000000000003
666.989999999635 3.72000000000003
667.739999999635 3.48000000000002
668.489999999634 3.24000000000001
669.239999999633 3
669.989999999632 2.75999999999999
670.739999999632 3.50999999999999
671.489999999631 3.26999999999998
672.23999999963 3.02999999999997
672.98999999963 2.78999999999996
673.739999999629 3.53999999999996
674.489999999628 3.29999999999995
675.239999999628 3.05999999999995
675.989999999627 3.80999999999995
676.739999999626 3.56999999999994
677.489999999626 3.32999999999993
678.239999999625 3.09000000000003
678.989999999624 3.84000000000003
679.739999999624 3.60000000000002
680.489999999623 3.36000000000001
681.239999999622 3.12
681.989999999622 3.87
682.739999999621 3.63
683.48999999962 3.38999999999999
684.239999999619 3.14999999999998
684.989999999619 2.90999999999997
685.739999999618 3.65999999999997
686.489999999617 3.41999999999996
687.239999999617 4.16999999999996
687.989999999616 3.92999999999995
688.739999999615 3.68999999999994
689.489999999615 3.44999999999993
690.239999999614 3.21000000000004
690.989999999613 2.97000000000003
691.739999999613 3.72000000000003
692.489999999612 3.48000000000002
693.239999999611 3.24000000000001
693.989999999611 3
694.73999999961 2.75999999999999
695.489999999609 3.50999999999999
696.239999999609 3.26999999999998
696.989999999608 3.02999999999997
697.739999999607 2.78999999999996
698.489999999607 3.53999999999996
699.239999999606 3.29999999999995
699.989999999605 4.04999999999995
700.739999999604 2.81999999999994
701.489999999604 3.56999999999994
702.239999999603 3.32999999999993
702.989999999602 3.09000000000003
703.739999999602 2.85000000000002
704.489999999601 3.60000000000002
705.2399999996 3.36000000000001
705.9899999996 4.11000000000001
706.739999999599 3.87
707.489999999598 3.63
708.239999999598 3.38999999999999
708.989999999597 3.14999999999998
709.739999999596 2.90999999999997
710.489999999596 3.65999999999997
711.239999999595 3.41999999999996
711.989999999594 3.17999999999995
712.739999999594 2.93999999999994
713.489999999593 3.68999999999994
714.239999999592 3.44999999999993
714.989999999592 4.19999999999993
715.739999999591 2.97000000000003
716.48999999959 3.72000000000003
717.239999999589 3.48000000000002
717.989999999589 3.24000000000001
718.739999999588 3
719.489999999587 3.75
720.239999999587 3.50999999999999
720.989999999586 3.26999999999998
721.739999999585 3.02999999999997
722.489999999585 3.77999999999997
723.239999999584 3.53999999999996
723.989999999583 3.29999999999995
724.739999999583 3.05999999999995
725.489999999582 3.80999999999995
726.239999999581 3.56999999999994
726.989999999581 3.32999999999993
727.73999999958 4.07999999999993
728.489999999579 2.85000000000002
729.239999999579 3.60000000000002
729.989999999578 3.36000000000001
730.739999999577 3.12
731.489999999577 2.88
732.239999999576 2.63999999999999
732.989999999575 3.38999999999999
733.739999999574 3.14999999999998
734.489999999574 3.89999999999998
735.239999999573 3.65999999999997
735.989999999572 3.41999999999996
736.739999999572 4.16999999999996
737.489999999571 3.92999999999995
738.23999999957 3.68999999999994
738.98999999957 3.44999999999993
739.739999999569 3.21000000000004
740.489999999568 2.97000000000003
741.239999999568 3.72000000000003
741.989999999567 3.48000000000002
742.739999999566 4.23000000000002
743.489999999566 3
744.239999999565 3.75
744.989999999564 3.50999999999999
745.739999999564 3.26999999999998
746.489999999563 3.02999999999997
747.239999999562 2.78999999999996
747.989999999562 3.53999999999996
748.739999999561 3.29999999999995
749.48999999956 4.04999999999995
750.239999999559 2.81999999999994
750.989999999559 3.56999999999994
751.739999999558 3.32999999999993
752.489999999557 3.09000000000003
753.239999999557 2.85000000000002
753.989999999556 3.60000000000002
754.739999999555 3.36000000000001
755.489999999555 3.12
756.239999999554 2.88
756.989999999553 3.63
757.739999999553 3.38999999999999
758.489999999552 3.14999999999998
759.239999999551 3.89999999999998
759.989999999551 3.65999999999997
760.73999999955 3.41999999999996
761.489999999549 3.17999999999995
762.239999999549 3.92999999999995
762.989999999548 3.68999999999994
763.739999999547 3.44999999999993
764.489999999547 3.21000000000004
765.239999999546 3.96000000000004
765.989999999545 3.72000000000003
766.739999999544 3.48000000000002
767.489999999544 3.24000000000001
768.239999999543 3.99000000000001
768.989999999542 2.75999999999999
769.739999999542 3.50999999999999
770.489999999541 3.26999999999998
771.23999999954 3.02999999999997
771.98999999954 3.77999999999997
772.739999999539 3.53999999999996
773.489999999538 3.29999999999995
774.239999999538 3.05999999999995
774.989999999537 3.80999999999995
775.739999999536 3.56999999999994
776.489999999536 3.32999999999993
777.239999999535 3.09000000000003
777.989999999534 3.84000000000003
778.739999999534 3.60000000000002
779.489999999533 3.36000000000001
780.239999999532 3.12
780.989999999532 2.88
781.739999999531 3.63
782.48999999953 3.38999999999999
783.239999999529 3.14999999999998
783.989999999529 2.90999999999997
784.739999999528 2.66999999999996
785.489999999527 3.41999999999996
786.239999999527 3.17999999999995
786.989999999526 2.93999999999994
787.739999999525 3.68999999999994
788.489999999525 3.44999999999993
789.239999999524 3.21000000000004
789.989999999523 3.96000000000004
790.739999999523 3.72000000000003
791.489999999522 3.48000000000002
792.239999999521 3.24000000000001
792.989999999521 3
793.73999999952 3.75
794.489999999519 3.50999999999999
795.239999999519 3.26999999999998
795.989999999518 4.01999999999998
796.739999999517 3.77999999999997
797.489999999516 3.53999999999996
798.239999999516 3.29999999999995
798.989999999515 3.05999999999995
799.739999999514 3.80999999999995
