0 30.0004864626681
0.75 30.0118499593125
1.5 30.0218238882342
2.25 30.0304811956963
3 30.0379291968579
3.74999999999999 30.0443274056751
4.49999999999999 30.0496082998394
5.25 30.0538817117244
6.00000000000001 30.0572546180553
6.75000000000001 30.0598024222979
7.50000000000002 30.0615559590114
8.25000000000002 30.0626026088126
9 30.063039036787
9.74999999999998 30.0629566851122
10.5 30.0625428851232
11.25 30.0619254862897
11.9999999999999 30.0611451944445
12.7499999999999 30.0602150073316
13.4999999999999 30.0591704449653
14.2499999999999 30.0580290170777
14.9999999999999 30.0568749478197
15.7499999999999 30.0851353901809
16.4999999999999 30.167661220366
17.2499999999999 30.2957953985282
17.9999999999999 30.4444886017334
18.75 30.6124772488135
19.5 30.7997149901768
20.25 31.00616406982
21 31.2317389301382
21.7500000000001 31.4762410214046
22.5000000000001 31.7394791006315
23.2500000000001 32.0209620272504
24.0000000000002 32.3200497237094
24.7500000000002 32.6360450733309
25.5000000000002 32.9684677423211
26.2500000000002 33.3167136745706
27.0000000000003 33.6801117829948
27.7500000000003 34.058092350052
28.5000000000003 34.4500820124765
29.2500000000004 34.8554643826531
30.0000000000004 35.2736746074689
30.7500000000004 35.7041195356365
31.5000000000004 36.1462439913908
32.2500000000005 36.599573302939
33.0000000000005 37.0633385563989
33.7500000000005 37.5368042473333
34.5000000000005 38.0193374314585
35.2500000000006 38.5101656612463
36.0000000000006 39.0086338994512
36.7500000000006 39.5141916329204
37.5000000000007 40.0262449621822
38.2500000000007 40.5443553831835
39.0000000000007 41.0679373943391
39.7500000000007 41.5965008371743
40.5000000000008 42.1293566260581
41.2500000000008 42.6657554535386
42.0000000000008 43.2050782388638
42.7500000000009 43.7468342628185
43.5000000000009 44.2905187388104
44.2500000000009 44.8356842930945
45.0000000000009 45.3817107459088
45.750000000001 45.9281356117298
46.500000000001 46.4746430712194
47.250000000001 47.0209157010046
48.0000000000011 47.5664909260905
48.7500000000011 48.1109439385841
49.5000000000011 48.6539516208847
50.2500000000011 49.1948593222936
51.0000000000012 49.733234564424
51.7500000000012 50.2686719458698
52.5000000000012 50.8005932229695
53.2500000000013 51.3283548169739
54.0000000000013 51.8513479043746
54.7500000000013 52.3692776069581
55.5000000000013 52.8816384916995
56.2500000000014 53.3880687917557
57.0000000000014 53.8881614716759
57.7500000000014 54.3815523323895
58.5000000000015 54.8678513540956
59.2500000000015 55.3467207271925
60.0000000000015 55.8177627737058
60.7500000000015 56.2806869693496
61.5000000000016 56.7350496199946
62.2500000000016 57.1805215687626
63.0000000000016 57.6167062831579
63.7500000000017 58.0433150802616
64.5000000000017 58.4601707520239
65.2500000000017 58.8669932907866
66.0000000000017 59.2634671576105
66.7500000000018 59.6492429892512
67.5000000000018 60.0239900114521
68.2500000000018 60.3874163875852
69.0000000000018 60.73931717657
69.7500000000019 61.0795469428244
70.5000000000019 61.4078879566877
71.2500000000019 61.7242119045579
72.000000000002 62.0283636168931
72.750000000002 62.3202659459336
73.500000000002 62.5999174071531
74.250000000002 62.8673014879744
75.0000000000021 63.1224169180844
75.7500000000021 63.3651522175439
76.5000000000021 63.5954635075489
77.2500000000022 63.8133350505618
78.0000000000022 64.0187106691435
78.7500000000022 64.2115453809841
79.5000000000022 64.3918336736059
80.2500000000023 64.5596791255906
81.0000000000023 64.7151135753019
81.7500000000023 64.8581633579836
82.5000000000024 64.9887456900613
83.2500000000024 65.1069134706666
84.0000000000024 65.2127843552951
84.7500000000024 65.3064593074219
85.5000000000025 65.3879881054208
86.2500000000025 65.4575313771482
87.0000000000025 65.5151842990714
87.7500000000026 65.5611561415649
88.5000000000026 65.5955097462263
89.2500000000026 65.6182136824022
90.0000000000026 65.6294418831359
90.7500000000027 65.6295125598176
91.5000000000027 65.6190220900365
92.2500000000027 65.6013519450948
93.0000000000028 65.5774676222875
93.7500000000028 65.5496958275458
94.5000000000028 65.5154670121766
95.2500000000028 65.4741096112035
96.0000000000029 65.4266023346652
96.7500000000029 65.3740059042592
97.5000000000029 65.3182434569373
98.250000000003 65.2592269688061
99.000000000003 65.1948597132458
99.750000000003 65.1245362798525
100.500000000003 65.0498396969604
101.250000000003 64.9712183795511
102.000000000003 64.8881411149477
102.750000000003 64.8046944497853
103.500000000003 64.7141926609297
104.250000000003 64.6188572143882
105.000000000003 64.5188577634883
105.750000000003 64.4123806525199
106.500000000003 64.300056271252
107.250000000003 64.1823064333599
108.000000000003 64.0606418638049
108.750000000003 63.9336450760192
109.500000000003 63.8025141246943
110.250000000003 63.6657871703798
111.000000000003 63.5242247141818
111.750000000003 63.3747185853145
112.500000000003 63.2201974955736
113.250000000004 63.061092449223
114.000000000004 62.8969632587554
114.750000000004 62.7273040899383
115.500000000004 62.5509993426858
116.250000000004 62.3679096528903
117.000000000004 62.1773231402345
117.750000000004 61.9823523975213
118.500000000004 61.7838771835841
119.250000000004 61.5823191347391
120.000000000004 61.3767987347889
120.750000000004 61.1674678169003
121.500000000004 60.9568415579255
122.250000000004 60.7457848801078
123.000000000004 60.534043200076
123.750000000004 60.321968565209
124.500000000004 60.1065028615787
125.250000000004 59.8874100690065
126.000000000004 59.66634453758
126.750000000004 59.4403574029229
127.500000000004 59.2126560631279
128.250000000004 58.9859389135198
129.000000000004 58.7546475378571
129.750000000004 58.5178287515679
130.500000000004 58.27690034184
131.250000000004 58.0353982205574
132.000000000004 57.7920262615596
132.750000000004 57.5458606191462
133.500000000004 57.2969406758632
134.250000000004 57.0455729065499
135.000000000004 56.7914278074441
135.750000000004 56.533682439198
136.500000000004 56.2743648248187
137.250000000004 56.0149344701019
138.000000000004 55.7550334838611
138.750000000004 55.4948153640456
139.500000000005 55.235044550862
140.250000000005 54.9755496273789
141.000000000005 54.7155832898998
141.750000000005 54.4554730224949
142.500000000005 54.1951664727931
143.250000000005 53.9351843676092
144.000000000005 53.6759479233575
144.750000000005 53.4175040407085
145.500000000005 53.1602742071515
146.250000000005 52.9041710568003
147.000000000005 52.6490394991124
147.750000000005 52.3948676086371
148.500000000005 52.1416920331275
149.250000000005 51.8898319533789
150.000000000005 51.639605884746
150.750000000005 51.391597083155
151.500000000005 51.1458667358551
152.250000000005 50.9016771288143
153.000000000005 50.6597216711429
153.750000000005 50.4197176804963
154.500000000005 50.1821246390339
155.250000000005 49.9466760222275
156.000000000005 49.7135363170892
156.750000000005 49.483034731706
157.500000000005 49.2549929372732
158.250000000005 49.0293360341807
159.000000000005 48.8064004432609
159.750000000005 48.5861015788134
160.500000000005 48.369163865207
161.250000000005 48.1549543670632
162.000000000005 47.9432949402104
162.750000000005 47.7353920049938
163.500000000005 47.5310732519419
164.250000000005 47.3299213788546
165.000000000005 47.1316627325052
165.750000000006 46.9364484568653
166.500000000006 46.7442389583493
167.250000000006 46.55518617697
168.000000000006 46.3694911920933
168.750000000006 46.1867640193529
169.500000000006 46.0070650801959
170.250000000006 45.8311346065092
171.000000000006 45.6586632945127
171.750000000006 45.489157663639
172.500000000006 45.3227152330016
173.250000000006 45.15974189696
174.000000000006 45.0002652156357
174.750000000006 44.8437573609113
175.500000000006 44.6895504150874
176.250000000006 44.5384609724866
177.000000000006 44.3909250340476
177.750000000006 44.2468051945798
178.500000000006 44.1064326985223
179.250000000006 43.9692636629693
180.000000000006 43.8354219010386
180.750000000006 43.7050226670637
181.500000000006 43.5785404254525
182.250000000006 43.4559725965015
183.000000000006 43.3370791653527
183.750000000006 43.2216859367201
184.500000000006 43.1102134438588
185.250000000006 43.0031596551551
186.000000000006 42.9004461407651
186.750000000006 42.8021639902966
187.500000000006 42.7086211740529
188.250000000006 42.6198607625962
189.000000000006 42.5355455122961
189.750000000006 42.4561207442543
190.500000000006 42.3810933796488
191.250000000006 42.3108979110931
192.000000000007 42.2463511672056
192.750000000007 42.1875044398623
193.500000000007 42.1341027041501
194.250000000007 42.0859603134974
195.000000000007 42.0418451704316
195.750000000007 42.0019608161283
196.500000000007 41.9662078669678
197.250000000007 41.9337654418563
198.000000000007 41.9056816635734
198.750000000007 41.8822158560991
199.500000000007 41.862563366553
200.250000000007 41.8477280602935
201.000000000007 41.8380108369845
201.750000000007 41.8330347059248
202.500000000007 41.8320263016247
203.250000000007 41.8349216909256
204.000000000007 41.8416492592935
204.750000000007 41.8521520442687
205.500000000007 41.866307038479
206.250000000007 41.8839738676851
207.000000000007 41.9050951541636
207.750000000007 41.9296371622073
208.500000000007 41.9574989615954
209.250000000007 41.9886122198257
210.000000000007 42.0227364465137
210.750000000007 42.0597022064957
211.500000000007 42.0994404444033
212.250000000007 42.141861517271
213.000000000007 42.1868861658031
213.750000000007 42.2344494508461
214.500000000007 42.2844741590736
215.250000000007 42.3367834406512
216.000000000007 42.3911832911568
216.750000000007 42.4475497445013
217.500000000007 42.5057696721074
218.250000000008 42.5657521472517
219.000000000008 42.6273856089202
219.750000000008 42.6905496627001
220.500000000008 42.7551062887527
221.250000000008 42.8208867422653
222.000000000008 42.8877282219145
222.750000000008 42.9554773785315
223.500000000008 43.0240641285279
224.250000000008 43.0932327488403
225.000000000008 43.162849936471
225.750000000008 43.2328980927161
226.500000000008 43.3032885370292
227.250000000008 43.3740008036481
228.000000000008 43.4449300956987
228.750000000008 43.5160035997077
229.500000000008 43.5871726160199
230.250000000008 43.6583687355384
231.000000000008 43.7295323075797
231.750000000008 43.8006033083621
232.500000000008 43.8715227846832
233.250000000008 43.9422384850439
234.000000000008 44.0126856422308
234.750000000008 44.0827816447187
235.500000000008 44.1524147273876
236.250000000008 44.2215463644324
237.000000000008 44.2901433300592
237.750000000008 44.3580885841032
238.500000000008 44.4251844546368
239.250000000008 44.4913600407825
240.000000000008 44.5565505179049
240.750000000008 44.6206198948491
241.500000000008 44.6834628306778
242.250000000008 44.7449644610646
243.000000000008 44.8050476011399
243.750000000008 44.8635954533347
244.500000000008 44.9205663877555
245.250000000009 44.9758979666688
246.000000000009 45.0295523832959
246.750000000009 45.081514031199
247.500000000009 45.1317536295682
248.250000000009 45.1802185220686
249.000000000009 45.2268250007221
249.750000000009 45.2715400201273
250.500000000009 45.3141666456452
251.250000000009 45.3546048401657
252.000000000009 45.3928449036956
252.750000000009 45.4289187775021
253.500000000009 45.4629156526857
254.250000000009 45.4948405684417
255.000000000009 45.5245605759513
255.750000000009 45.5520544436783
256.500000000008 45.5773088696881
257.250000000008 45.6003137021529
258.000000000007 45.6210275720873
258.750000000006 45.6394723540508
259.500000000006 45.6556805058228
260.250000000005 45.6695207677354
261.000000000004 45.6809862088769
261.750000000004 45.6901107634085
262.500000000003 45.696922095568
263.250000000002 45.7013986231257
264.000000000002 45.7035133970639
264.750000000001 45.7032972289524
265.5 45.7007129444651
266.25 45.6957816651031
266.999999999999 45.6885224900293
267.749999999998 45.6800639840233
268.499999999998 45.668895603379
269.249999999997 45.6546582269539
269.999999999996 45.6383895057245
270.749999999996 45.6153113975137
271.499999999995 45.5680947232548
272.249999999994 45.5187702895844
272.999999999993 45.4680270085311
273.749999999993 45.4158368352561
274.499999999992 45.3588351745258
275.249999999991 45.2929744536015
275.999999999991 45.226335331443
276.74999999999 45.1572623367973
277.499999999989 45.081014608627
278.249999999989 44.9793005284014
278.999999999988 44.8754143459573
279.749999999987 44.7710846328005
280.499999999987 44.6670268633402
281.249999999986 44.5633834059232
281.999999999985 44.4603888772494
282.749999999985 44.3581552898019
283.499999999984 44.2558881312742
284.249999999983 44.1545731312269
284.999999999983 44.0538423265003
285.749999999982 43.9539301320188
286.499999999981 43.8548128428861
287.249999999981 43.7558965741415
287.99999999998 43.6576488791746
288.749999999979 43.5603691422847
289.499999999978 43.4639233699803
290.249999999978 43.3684508606029
290.999999999977 43.2736155033333
291.749999999976 43.1674731170847
292.499999999976 43.0594964460534
293.249999999975 42.9531263366274
293.999999999974 42.8482918441474
294.749999999974 42.7455985208646
295.499999999973 42.644540968365
296.249999999972 42.5451593804959
296.999999999972 42.447274695632
297.749999999971 42.3512806969645
298.49999999997 42.2575610441685
299.24999999997 42.1651942399919
299.999999999969 42.0731594780391
300.749999999968 41.9835431827631
301.499999999968 41.896059648825
302.249999999967 41.8105548514767
302.999999999966 41.7267210019179
303.749999999965 41.6445014769981
304.499999999965 41.5648005428464
305.249999999964 41.4868745148137
305.999999999963 41.4115676407928
306.749999999963 41.3379579084201
307.499999999962 41.2670619356905
308.249999999961 41.1985956538193
308.999999999961 41.1318034473209
309.74999999996 41.0677461882249
310.499999999959 41.0048934304189
311.249999999959 40.9442241620469
311.999999999958 40.8854992604777
312.749999999957 40.8285168433743
313.499999999957 40.7746303682316
314.249999999956 40.7199918256092
314.999999999955 40.6613614137052
315.749999999955 40.6052165556635
316.499999999954 40.5497672227806
317.249999999953 40.4970903561555
317.999999999953 40.4467038198302
318.749999999952 40.3979521932508
319.499999999951 40.3511607257447
320.24999999995 40.3058748796433
320.99999999995 40.2627884930963
321.749999999949 40.2216433478768
322.499999999948 40.1820102867675
323.249999999948 40.1452784882728
323.999999999947 40.1123864694225
324.749999999946 40.0819580723125
325.499999999946 40.0530361938323
326.249999999945 40.0264377136621
326.999999999944 40.0035607731782
327.749999999944 39.9827442769597
328.499999999943 39.9655157862194
329.249999999942 39.9503862627552
329.999999999942 39.9353828688761
330.749999999941 39.9215861977427
331.49999999994 39.9103688877691
332.24999999994 39.9011314471566
332.999999999939 39.8927634067338
333.749999999938 39.8838426467052
334.499999999938 39.871584893354
335.249999999937 39.8565615904608
335.999999999936 39.8422652399018
336.749999999935 39.8288929852673
337.499999999935 39.8170202348661
338.249999999934 39.7983267842749
338.999999999933 39.7797271506934
339.749999999933 39.7607672442346
340.499999999932 39.740446667919
341.249999999931 39.71709559352
341.999999999931 39.6959368805888
342.74999999993 39.6772082183124
343.499999999929 39.6582336315398
344.249999999929 39.6315845725052
344.999999999928 39.6074910886791
345.749999999927 39.5786163109304
346.499999999927 39.5305919761224
347.249999999926 39.4695089087192
347.999999999925 39.4111788532794
348.749999999925 39.3557134264055
349.499999999924 39.3038455299408
350.249999999923 39.255266600923
350.999999999923 39.2080904196719
351.749999999922 39.162973498996
352.499999999921 39.1169437950746
353.24999999992 39.0692680140379
353.99999999992 39.0218716294722
354.749999999919 38.9718984637258
355.499999999918 38.922682629222
356.249999999918 38.875779834527
356.999999999917 38.8281641781585
357.749999999916 38.7827928892915
358.499999999916 38.7395669937318
359.249999999915 38.6994020623866
359.999999999914 38.6628608010718
360.749999999914 38.62986324971
361.499999999913 38.6001185370903
362.249999999912 38.5716872276965
362.999999999912 38.5416158708685
363.749999999911 38.5135336155736
364.49999999991 38.4833031093647
365.24999999991 38.4436592088048
365.999999999909 38.4018635850909
366.749999999908 38.3610746658923
367.499999999908 38.3187684663834
368.249999999907 38.2745906298935
368.999999999906 38.2318462238677
369.749999999905 38.1933112769166
370.499999999905 38.1584948770585
371.249999999904 38.1281925405813
371.999999999903 38.1006264218366
372.749999999903 38.0715300536212
373.499999999902 38.0459181713216
374.249999999901 38.0243193981217
374.999999999901 38.0061969243898
375.7499999999 37.9924917714016
376.499999999899 37.978706804284
377.249999999899 37.9671721360001
377.999999999898 37.9570951053716
378.749999999897 37.9381262887113
379.499999999897 37.9107617831653
380.249999999896 37.8745338182564
380.999999999895 37.830441936067
381.749999999895 37.7799054266242
382.499999999894 37.7317748014105
383.249999999893 37.6874997938794
383.999999999893 37.6477715832984
384.749999999892 37.6117241526611
385.499999999891 37.5796170769611
386.24999999989 37.551810973947
386.99999999989 37.5278205717068
387.749999999889 37.5076212317434
388.499999999888 37.4899695783659
389.249999999888 37.4731216032626
389.999999999887 37.4586698622663
390.749999999886 37.4481429560525
391.499999999886 37.4387057475179
392.249999999885 37.428177122789
392.999999999884 37.4152641194087
393.749999999884 37.3971548149329
394.499999999883 37.3798896384648
395.249999999882 37.3661528294394
395.999999999882 37.3549332346004
396.749999999881 37.346230273779
397.49999999988 37.3393928127906
398.24999999988 37.3320979396412
398.999999999879 37.3269006382259
399.749999999878 37.3233434254636
400.499999999878 37.3205540661014
401.249999999877 37.3205840836402
401.999999999876 37.3205853787635
402.749999999875 37.3199382404714
403.499999999875 37.3155270664658
404.249999999874 37.3125955019535
404.999999999873 37.3111360123855
405.749999999873 37.3101664149318
406.499999999872 37.3085837701121
407.249999999871 37.3049516342129
407.999999999871 37.3007848103296
408.74999999987 37.2963287357758
409.499999999869 37.2909184056434
410.249999999869 37.2784726062572
410.999999999868 37.2628334104434
411.749999999867 37.2461472061953
412.499999999867 37.2275891646247
413.249999999866 37.2116609170892
413.999999999865 37.1949043264332
414.749999999865 37.177096281034
415.499999999864 37.1521468578926
416.249999999863 37.1244252773429
416.999999999862 37.0934905381586
417.749999999862 37.0626497297962
418.499999999861 37.0290689651436
419.24999999986 36.9904238235161
419.99999999986 36.9524994804197
420.749999999859 36.9164356217093
421.499999999858 36.8809624188865
422.249999999858 36.8450900886056
422.999999999857 36.8115616693732
423.749999999856 36.7779518911043
424.499999999856 36.7394116473185
425.249999999855 36.7004511968413
425.999999999854 36.6600904256957
426.749999999854 36.6204960602481
427.499999999853 36.5836558096942
428.249999999852 36.550096770361
428.999999999852 36.5144007774753
429.749999999851 36.472465900814
430.49999999985 36.4339863103677
431.24999999985 36.4006618841896
431.999999999849 36.369455670952
432.749999999848 36.3396262054611
433.499999999847 36.309219673398
434.249999999847 36.2823055447246
434.999999999846 36.2582400600675
435.749999999845 36.2386455648226
436.499999999845 36.2215649985378
437.249999999844 36.2051667434684
437.999999999843 36.1922316739303
438.749999999843 36.1835532504781
439.499999999842 36.177337851435
440.249999999841 36.1664886255296
440.999999999841 36.1553045950105
441.74999999984 36.1485399459872
442.499999999839 36.145590609387
443.249999999839 36.1453362183123
443.999999999838 36.1476119098114
444.749999999837 36.1524843351673
445.499999999837 36.1602386778147
446.249999999836 36.1708733969187
446.999999999835 36.1843011300806
447.749999999835 36.1996252592843
448.499999999834 36.2167240837375
449.249999999833 36.235150232607
449.999999999832 36.2479380453279
450.749999999832 36.2560255564294
451.499999999831 36.2614988869653
452.24999999983 36.2650480676412
452.99999999983 36.2701448079017
453.749999999829 36.2706692354791
454.499999999828 36.2670407380153
455.249999999828 36.2607449534466
455.999999999827 36.2575390354
456.749999999826 36.2523609788123
457.499999999826 36.2457901023387
458.249999999825 36.2399906044945
458.999999999824 36.2354112649391
459.749999999824 36.2318545209517
460.499999999823 36.2280400587616
461.249999999822 36.2247027973327
461.999999999822 36.2220077486378
462.749999999821 36.2151270698729
463.49999999982 36.205406511008
464.24999999982 36.1955242892222
464.999999999819 36.183992937028
465.749999999818 36.1750361827467
466.499999999817 36.1658947367083
467.249999999817 36.1565491366445
467.999999999816 36.1464025492247
468.749999999815 36.13779252268
469.499999999815 36.1278546660928
470.249999999814 36.1174514106935
470.999999999813 36.1079467150573
471.749999999813 36.0989935468123
472.499999999812 36.0928257457255
473.249999999811 36.086873766123
473.999999999811 36.0818119907906
474.74999999981 36.07849337956
475.499999999809 36.0730826500629
476.249999999809 36.068044366219
476.999999999808 36.0639166569398
477.749999999807 36.0568901912612
478.499999999807 36.0480131052353
479.249999999806 36.0376188387288
479.999999999805 36.027334747012
480.749999999805 36.0170937400837
481.499999999804 36.0085688578698
482.249999999803 35.9977150758451
482.999999999802 35.9812753410647
483.749999999802 35.967133683629
484.499999999801 35.9559687922121
485.2499999998 35.945909543356
485.9999999998 35.9363390255024
486.749999999799 35.9248042354591
487.499999999798 35.913399594252
488.249999999798 35.9000973137237
488.999999999797 35.8914166142033
489.749999999796 35.8833125865163
490.499999999796 35.8754774783484
491.249999999795 35.8659962610836
491.999999999794 35.8550945211693
492.749999999794 35.8441825019144
493.499999999793 35.8318267705324
494.249999999792 35.8210324742661
494.999999999792 35.8118789461034
495.749999999791 35.8050031534705
496.49999999979 35.7978878702738
497.24999999979 35.7935272394639
497.999999999789 35.7886227750262
498.749999999788 35.7849709476621
499.499999999787 35.7818039884395
500.249999999787 35.7793321215818
500.999999999786 35.7758094100066
501.749999999785 35.7705307826567
502.499999999785 35.7656414546924
503.249999999784 35.7590898823746
503.999999999783 35.7202819296374
504.749999999783 35.6432090964205
505.499999999782 35.5275536319225
506.249999999781 35.3733504219343
506.999999999781 35.1806507512026
507.74999999978 34.9494637267818
508.499999999779 34.6793692939269
509.249999999779 34.3703158250764
509.999999999778 34.0278288259259
510.749999999777 33.6583759394085
511.499999999777 33.2971892254318
512.249999999776 32.9468224070702
512.999999999775 32.6091187887323
513.749999999775 32.2577636705717
514.499999999774 31.9425958051965
515.249999999773 31.6640907342122
515.999999999773 31.4200598998161
516.749999999772 31.2091570740743
517.499999999771 31.0298121038309
518.24999999977 30.8808677189265
518.99999999977 30.7606509751133
519.749999999769 30.6674886895511
520.499999999768 30.5996796238762
521.249999999768 30.5542146826874
521.999999999767 30.5309692067215
522.749999999766 30.5283736802175
523.499999999766 30.5448730912913
524.249999999765 30.5789384640478
524.999999999764 30.627613106491
525.749999999764 30.6905561477824
526.499999999763 30.7668928965634
527.249999999762 30.8548685602631
527.999999999762 30.9532231770988
528.749999999761 31.0608707616168
529.49999999976 31.1767592584114
530.24999999976 31.2998878137326
530.999999999759 31.4293278565999
531.749999999758 31.5638967158441
532.499999999758 31.7025619607924
533.249999999757 31.8451635492102
533.999999999756 31.9899407909372
534.749999999755 32.1370092384087
535.499999999755 32.2855652345925
536.249999999754 32.4343197709412
536.999999999753 32.5840675531294
537.749999999753 32.7334979272108
538.499999999752 32.881382794754
539.249999999751 33.0267145988359
539.999999999751 33.1690477964974
540.74999999975 33.3079838068523
541.499999999749 33.4431777524534
542.249999999749 33.5743281606194
542.999999999748 33.7011645618089
543.749999999747 33.8234642116571
544.499999999747 33.9410433544351
545.249999999746 34.0537481778594
545.999999999745 34.151923167053
546.749999999745 34.236542058468
547.499999999744 34.315916243012
548.249999999743 34.3810134092466
548.999999999742 34.4345765176401
549.749999999742 34.4848386850395
550.499999999741 34.5329748350455
551.24999999974 34.5783506122286
551.99999999974 34.6048573337739
552.749999999739 34.6195588999795
553.499999999738 34.6244137369244
554.249999999738 34.6035251189466
554.999999999737 34.5535123349146
555.749999999736 34.4881355262537
556.499999999736 34.4256770018352
557.249999999735 34.3645935679041
557.999999999734 34.310204091079
558.749999999734 34.26220995184
559.499999999733 34.2203667753515
560.249999999732 34.1844159438815
560.999999999732 34.1540570770965
561.749999999731 34.1289964602969
562.49999999973 34.108910634853
563.24999999973 34.0935057467213
563.999999999729 34.0824882279509
564.749999999728 34.0702923377632
565.499999999727 34.0558780938371
566.249999999727 34.0459530084757
566.999999999726 34.0402009535986
567.749999999725 34.0383410923427
568.499999999725 34.0400579525791
569.249999999724 34.0451049553909
569.999999999723 34.053203565435
570.749999999723 34.0641006532091
571.499999999722 34.0775398554728
572.249999999721 34.0932443694592
572.999999999721 34.1109744090538
573.74999999972 34.1304987592488
574.499999999719 34.1515759272884
575.249999999719 34.1739892445484
575.999999999718 34.197537980505
576.749999999717 34.2220228721988
577.499999999717 34.2472295249843
578.249999999716 34.2728751083268
578.999999999715 34.2869431440465
579.749999999715 34.3006372743072
580.499999999714 34.3113712876237
581.249999999713 34.2962260012167
581.999999999712 34.2810809266556
582.749999999712 34.2695153045399
583.499999999711 34.2613040756567
584.24999999971 34.2560250722
584.99999999971 34.247420573857
585.749999999709 34.2419803304299
586.499999999708 34.2395196970994
587.249999999708 34.2396009782729
587.999999999707 34.2181923229775
588.749999999706 34.1871969015034
589.499999999706 34.1614151288853
590.249999999705 34.1405396621909
590.999999999704 34.1242866793446
591.749999999704 34.1123873156872
592.499999999703 34.104565643642
593.249999999702 34.1005394198772
593.999999999702 34.1000371562876
594.749999999701 34.1017243732761
595.4999999997 34.1059489415472
596.2499999997 34.1130646465303
596.999999999699 34.1228229827632
597.749999999698 34.1349662227493
598.499999999697 34.1492326240185
599.249999999697 34.1654021452245
599.999999999696 34.1832592796214
600.749999999695 34.2025954474207
601.499999999695 34.2231977804732
602.249999999694 34.2448750419154
602.999999999693 34.2674433032396
603.749999999693 34.2842464187151
604.499999999692 34.2994933550573
605.249999999691 34.3159055374551
605.999999999691 34.3333157815258
606.74999999969 34.336742242842
607.499999999689 34.3316444687357
608.249999999689 34.3291504358016
608.999999999688 34.3290085302569
609.749999999687 34.3311180463088
610.499999999687 34.3352781365359
611.249999999686 34.3413222960352
611.999999999685 34.3490873654737
612.749999999685 34.3407058211569
613.499999999684 34.3189609545804
614.249999999683 34.2997076427532
614.999999999682 34.2639351509297
615.749999999682 34.2315826504076
616.499999999681 34.2043889068585
617.24999999968 34.1820618334611
617.99999999968 34.1643288074979
618.749999999679 34.1509150916623
619.499999999678 34.1415398380332
620.249999999678 34.1355268141545
620.999999999677 34.1268406744716
621.749999999676 34.1088656646647
622.499999999676 34.0711316003243
623.249999999675 34.0394978667398
623.999999999674 34.0138412270369
624.749999999674 33.9938035139922
625.499999999673 33.9790314632026
626.249999999672 33.9691658648681
626.999999999672 33.964158299209
627.749999999671 33.9634357301731
628.49999999967 33.9665905426101
629.24999999967 33.9733470419572
629.999999999669 33.9834194401191
630.749999999668 33.9965143567459
631.499999999667 34.0118169580595
632.249999999667 34.0288717343028
632.999999999666 34.0481915477514
633.749999999665 34.0695207014568
634.499999999665 34.0925966314723
635.249999999664 34.1171810949167
635.999999999663 34.1436341616254
636.749999999663 34.1711183788909
637.499999999662 34.1993948901299
638.249999999661 34.2282238075621
638.999999999661 34.2574542398252
639.74999999966 34.2869844337003
640.499999999659 34.3167559963159
641.249999999659 34.3467794072059
641.999999999658 34.3768141784168
642.749999999657 34.4069927637429
643.499999999657 34.4372235770414
644.249999999656 34.4673050933544
644.999999999655 34.4970271661099
645.749999999655 34.5263368972641
646.499999999654 34.555088747847
647.249999999653 34.5831883479507
647.999999999652 34.6105525748278
648.749999999652 34.6371300705856
649.499999999651 34.6628598311551
650.24999999965 34.6876916122723
650.99999999965 34.7115719346075
651.749999999649 34.734479735959
652.499999999648 34.7563983748284
653.249999999648 34.7772776238848
653.999999999647 34.7971085779853
654.749999999646 34.8158909639499
655.499999999646 34.8336201120406
656.249999999645 34.850305350596
656.999999999644 34.8659659541645
657.749999999644 34.8806103939135
658.499999999643 34.8942706578358
659.249999999642 34.9069583479415
659.999999999642 34.9186917072196
660.749999999641 34.9277706785129
661.49999999964 34.9100299253677
662.249999999639 34.8860031052689
662.999999999639 34.8635916038501
663.749999999638 34.8409861479808
664.499999999637 34.8122298860123
665.249999999637 34.7856489072371
665.999999999636 34.7612224814732
666.749999999635 34.7389008928014
667.499999999635 34.7186598293256
668.249999999634 34.7004249962703
668.999999999633 34.6841407140433
669.749999999633 34.6697324190095
670.499999999632 34.6570892548567
671.249999999631 34.6461631692036
671.999999999631 34.6369005156791
672.74999999963 34.6292254140887
673.499999999629 34.6230696866395
674.249999999629 34.6183426460047
674.999999999628 34.6149128663636
675.749999999627 34.6126620764121
676.499999999627 34.611572421662
677.249999999626 34.6115905732227
677.999999999625 34.6126214998316
678.749999999624 34.6145827302181
679.499999999624 34.6173789714259
680.249999999623 34.6156436327845
680.999999999622 34.6141955166485
681.749999999622 34.6138616463339
682.499999999621 34.614560492792
683.24999999962 34.6162065096986
683.99999999962 34.6187200500324
684.749999999619 34.6220257334547
685.499999999618 34.6260529602216
686.249999999618 34.6307100196439
686.999999999617 34.6358997844538
687.749999999616 34.6392554619172
688.499999999616 34.6232850059988
689.249999999615 34.6081248821192
689.999999999614 34.595088273587
690.749999999614 34.5841080012189
691.499999999613 34.5750964627609
692.249999999612 34.5679634807604
692.999999999612 34.5626077779883
693.749999999611 34.5588935695933
694.49999999961 34.55683903228
695.249999999609 34.5565412663603
695.999999999609 34.5578169880495
696.749999999608 34.5604499159835
697.499999999607 34.5641130670883
698.249999999607 34.568715611349
698.999999999606 34.5741622581522
699.749999999605 34.5803615705557
700.499999999605 34.5872016436704
701.249999999604 34.5946050512539
701.999999999603 34.6024865417684
702.749999999603 34.6106973670961
703.499999999602 34.6191679779389
704.249999999601 34.6283857983819
704.999999999601 34.637867074648
705.7499999996 34.6475073263501
706.499999999599 34.6572172610274
707.249999999599 34.6669697795634
707.999999999598 34.6767523241706
708.749999999597 34.6865526887472
709.499999999597 34.6963931156203
710.249999999596 34.7067310423943
710.999999999595 34.7170768442468
711.749999999594 34.7273989320328
712.499999999594 34.7377045382368
713.249999999593 34.7481583695823
713.999999999592 34.7585242969372
714.749999999592 34.7687798794224
715.499999999591 34.7788828575369
716.24999999959 34.7888258825117
716.99999999959 34.7985788199924
717.749999999589 34.8082399935397
718.499999999588 34.8177616392633
719.249999999588 34.8270290172003
719.999999999587 34.8360255192318
720.749999999586 34.8447362696998
721.499999999586 34.8531633686755
722.249999999585 34.8613007999278
722.999999999584 34.8690891404866
723.749999999584 34.8764733308846
724.499999999583 34.8834581247329
725.249999999582 34.8901149891215
725.999999999582 34.8963949847947
726.749999999581 34.9022466818636
727.49999999958 34.9076777950962
728.249999999579 34.9126955767764
728.999999999579 34.9173673971868
729.749999999578 34.9218493669876
730.499999999577 34.9261201531178
731.249999999577 34.9300905550653
731.999999999576 34.933842454398
732.749999999575 34.9374101427224
733.499999999575 34.9407626240306
734.249999999574 34.9438090693265
734.999999999573 34.9466698372784
735.749999999573 34.949358210782
736.499999999572 34.9518361165267
737.249999999571 34.9541203849973
737.999999999571 34.9562111422811
738.74999999957 34.9581003638298
739.499999999569 34.959763427034
740.249999999569 34.9611858526485
740.999999999568 34.9623823123435
741.749999999567 34.9633553973304
742.499999999567 34.9641098707218
743.249999999566 34.9646775855122
743.999999999565 34.9650784930873
744.749999999564 34.965338045893
745.499999999564 34.9654168128415
746.249999999563 34.9653628896901
746.999999999562 34.9651495925651
747.749999999562 34.9647493595042
748.499999999561 34.964165503611
749.24999999956 34.9634053038423
749.99999999956 34.9624747264731
750.749999999559 34.9613918006891
751.499999999558 34.9601838220114
752.249999999558 34.9588539836713
752.999999999557 34.9574184646692
753.749999999556 34.9558944262869
754.499999999556 34.9542930314596
755.249999999555 34.9526208346401
755.999999999554 34.9508831438894
756.749999999554 34.9490930840708
757.499999999553 34.9472686464854
758.249999999552 34.9454122002916
758.999999999552 34.9435256114101
759.749999999551 34.9416086886254
760.49999999955 34.9396632587782
761.249999999549 34.937691364384
761.999999999549 34.9356955768611
762.749999999548 34.9336756111772
763.499999999547 34.9316332039786
764.249999999547 34.9295704143709
764.999999999546 34.9274876891356
765.749999999545 34.9253868629547
766.499999999545 34.9232700902013
767.249999999544 34.9211395578084
767.999999999543 34.9189980931572
768.749999999543 34.9168444946908
769.499999999542 34.9146838519615
770.249999999541 34.9125189224248
770.999999999541 34.910350462127
771.74999999954 34.9081790569473
772.499999999539 34.906005300384
773.249999999539 34.9038297406576
773.999999999538 34.9016531196581
774.749999999537 34.8994774388308
775.499999999536 34.8973032930234
776.249999999536 34.8951318994937
776.999999999535 34.8929642231514
777.749999999534 34.8908010531441
778.499999999534 34.8886422249732
779.249999999533 34.8864896510659
779.999999999532 34.8843458737141
780.749999999532 34.8822155939755
781.499999999531 34.8800994623052
782.24999999953 34.8779974547659
782.99999999953 34.8759081096497
783.749999999529 34.8738360035802
784.499999999528 34.8717814831755
785.249999999528 34.8697461329897
785.999999999527 34.8677303545883
786.749999999526 34.8657347116807
787.499999999526 34.8637605380908
788.249999999525 34.8618085821045
788.999999999524 34.859876327096
789.749999999524 34.8579658371404
790.499999999523 34.8560754319543
791.249999999522 34.8542084454346
791.999999999521 34.8523638575296
792.749999999521 34.8505415108734
793.49999999952 34.8487473225974
794.249999999519 34.8469802635476
794.999999999519 34.8452395632463
795.749999999518 34.8435305083634
796.499999999517 34.8418527617306
797.249999999517 34.8402076231116
797.999999999516 34.8385955760282
798.749999999515 34.8370223282576
799.499999999515 34.835496656288
