0 2e-06
1.05 -0.001664
2.1 -0.003107
3.14999999999999 -0.004234
4.19999999999999 -0.005136
5.25 -0.005633
6.30000000000001 -0.005837
7.35000000000002 -0.005988
8.40000000000001 -0.006108
9.44999999999999 -0.006196
10.5 -0.006227
11.5499999999999 -0.006249
12.5999999999999 -0.006262
13.6499999999999 -0.00627
14.6999999999999 -0.006276
15.7499999999999 -0.006276
16.7999999999999 -0.00627
17.8499999999999 -0.00626
18.9 -0.006246
19.95 -0.006225
21 -0.006199
22.0500000000001 -0.006167
23.1000000000001 -0.006128
24.1500000000002 -0.006086
25.2000000000002 -0.006039
26.2500000000002 -0.005987
27.3000000000003 -0.00593
28.3500000000003 -0.00587
29.4000000000004 -0.005802
30.4500000000004 -0.005715
31.5000000000004 -0.004919
32.5500000000005 -0.00412
33.6000000000005 -0.003704
34.6500000000006 -0.003516
35.7000000000006 -0.003379
36.7500000000006 -0.003232
37.8000000000007 -0.00311
38.8500000000007 -0.002801
39.9000000000008 -0.00197
40.9500000000008 -0.001335
42.0000000000008 -0.001096
43.0500000000009 -0.000935
44.1000000000009 -0.000796
45.150000000001 -0.000668
46.200000000001 -0.000549
47.250000000001 -0.000473
48.3000000000011 -0.000412
49.3500000000011 -0.000355
50.4000000000011 -0.0003
51.4500000000012 -0.000247
52.5000000000012 -0.000196
53.5500000000013 -0.000147
54.6000000000013 -9.9e-05
55.6500000000013 -5.2e-05
56.7000000000014 -6e-06
57.7500000000014 3.8e-05
58.8000000000015 8e-05
59.8500000000015 0.000122
60.9000000000015 0.000163
61.9500000000016 0.000202
63.0000000000016 0.000243
64.0500000000017 0.000288
65.1000000000017 0.000333
66.1500000000017 0.000377
67.2000000000018 0.000421
68.2500000000018 0.000464
69.3000000000019 0.000506
70.3500000000019 0.000548
71.4000000000019 0.00059
72.450000000002 0.000628
73.500000000002 0.000662
74.5500000000021 0.000694
75.6000000000021 0.000723
76.6500000000021 0.000751
77.7000000000022 0.000778
78.7500000000022 0.000804
79.8000000000023 0.000829
80.8500000000023 0.000854
81.9000000000023 0.000877
82.9500000000024 0.0009
84.0000000000024 0.000921
85.0500000000025 0.000941
86.1000000000025 0.000961
87.1500000000025 0.000979
88.2000000000026 0.000997
89.2500000000026 0.001014
90.3000000000027 0.001029
91.3500000000027 0.001044
92.4000000000027 0.001059
93.4500000000028 0.001072
94.5000000000028 0.001084
95.5500000000029 0.001096
96.6000000000029 0.001107
97.6500000000029 0.001117
98.700000000003 0.001126
99.750000000003 0.001134
100.800000000003 0.001142
101.850000000003 0.001148
102.900000000003 0.001154
103.950000000003 0.001159
105.000000000003 0.001163
106.050000000003 0.001167
107.100000000003 0.00117
108.150000000003 0.001172
109.200000000003 0.001173
110.250000000003 0.001173
111.300000000003 0.001173
112.350000000003 0.001172
113.400000000004 0.001171
114.450000000004 0.001169
115.500000000004 0.001166
116.550000000004 0.001162
117.600000000004 0.001158
118.650000000004 0.001154
119.700000000004 0.001149
120.750000000004 0.001143
121.800000000004 0.001137
122.850000000004 0.00113
123.900000000004 0.001123
124.950000000004 0.001116
126.000000000004 0.001108
127.050000000004 0.001099
128.100000000004 0.00109
129.150000000004 0.001081
130.200000000004 0.001072
131.250000000004 0.001062
132.300000000004 0.001052
133.350000000004 0.001041
134.400000000004 0.001031
135.450000000004 0.001019
136.500000000004 0.001008
137.550000000004 0.000997
138.600000000004 0.000985
139.650000000005 0.000973
140.700000000005 0.000961
141.750000000005 0.000948
142.800000000005 0.000936
143.850000000005 0.000922
144.900000000005 0.000909
145.950000000005 0.000894
147.000000000005 0.000877
148.050000000005 0.000861
149.100000000005 0.000843
150.150000000005 0.000824
151.200000000005 0.000804
152.250000000005 0.000785
153.300000000005 0.000765
154.350000000005 0.000745
155.400000000005 0.000724
156.450000000005 0.000703
157.500000000005 0.000682
158.550000000005 0.00066
159.600000000005 0.000639
160.650000000005 0.000616
161.700000000005 0.000595
162.750000000005 0.000573
163.800000000005 0.00055
164.850000000005 0.000527
165.900000000006 0.000506
166.950000000006 0.000484
168.000000000006 0.00046
169.050000000006 0.000438
170.100000000006 0.000415
171.150000000006 0.000392
172.200000000006 0.000369
173.250000000006 0.000346
174.300000000006 0.000322
175.350000000006 0.000299
176.400000000006 0.000277
177.450000000006 0.000256
178.500000000006 0.000234
179.550000000006 0.000213
180.600000000006 0.000192
181.650000000006 0.000171
182.700000000006 0.00015
183.750000000006 0.00013
184.800000000006 0.000109
185.850000000006 8.9e-05
186.900000000006 6.9e-05
187.950000000006 4.9e-05
189.000000000006 2.8e-05
190.050000000006 1e-05
191.100000000006 -8e-06
192.150000000007 -2.7e-05
193.200000000007 -4.5e-05
194.250000000007 -6.4e-05
195.300000000007 -8.2e-05
196.350000000007 -0.000101
197.400000000007 -0.000119
198.450000000007 -0.000137
199.500000000007 -0.000155
200.550000000007 -0.000172
201.600000000007 -0.00019
202.650000000007 -0.000207
203.700000000007 -0.000223
204.750000000007 -0.00024
205.800000000007 -0.000256
206.850000000007 -0.000271
207.900000000007 -0.000287
208.950000000007 -0.000301
210.000000000007 -0.000315
211.050000000007 -0.000328
212.100000000007 -0.000341
213.150000000007 -0.000353
214.200000000007 -0.000366
215.250000000007 -0.000379
216.300000000007 -0.000389
217.350000000007 -0.0004
218.400000000008 -0.00041
219.450000000008 -0.000421
220.500000000008 -0.000431
221.550000000008 -0.00044
222.600000000008 -0.000449
223.650000000008 -0.000458
224.700000000008 -0.000467
225.750000000008 -0.000475
226.800000000008 -0.000483
227.850000000008 -0.000489
228.900000000008 -0.000495
229.950000000008 -0.000502
231.000000000008 -0.000509
232.050000000008 -0.000517
233.100000000008 -0.000522
234.150000000008 -0.000529
235.200000000008 -0.000534
236.250000000008 -0.000539
237.300000000008 -0.000543
238.350000000008 -0.000547
239.400000000008 -0.00055
240.450000000008 -0.000552
241.500000000008 -0.000554
242.550000000008 -0.000556
243.600000000008 -0.000557
244.650000000009 -0.000558
245.700000000009 -0.000558
246.750000000009 -0.000558
247.800000000009 -0.000558
248.850000000009 -0.000557
249.900000000009 -0.000556
250.950000000009 -0.000554
252.000000000009 -0.000553
253.050000000009 -0.000551
254.100000000009 -0.000548
255.150000000009 -0.000546
256.200000000009 -0.000543
257.250000000008 -0.00054
258.300000000007 -0.000537
259.350000000006 -0.000534
260.400000000005 -0.00053
261.450000000004 -0.000526
262.500000000003 -0.000522
263.550000000002 -0.000517
264.600000000001 -0.000513
265.65 -0.000508
266.699999999999 -0.000503
267.749999999998 -0.000498
268.799999999997 -0.000493
269.849999999996 -0.000487
270.899999999995 -0.000481
271.949999999994 -0.000475
272.999999999993 -0.000469
274.049999999993 -0.000463
275.099999999992 -0.000456
276.149999999991 -0.000449
277.19999999999 -0.000443
278.249999999989 -0.000436
279.299999999988 -0.000429
280.349999999987 -0.000421
281.399999999986 -0.000414
282.449999999985 -0.000407
283.499999999984 -0.000399
284.549999999983 -0.000392
285.599999999982 -0.000384
286.649999999981 -0.000376
287.69999999998 -0.000368
288.749999999979 -0.00036
289.799999999978 -0.000352
290.849999999977 -0.000344
291.899999999976 -0.000336
292.949999999975 -0.000328
293.999999999974 -0.00032
295.049999999973 -0.000312
296.099999999972 -0.000303
297.149999999971 -0.000295
298.199999999971 -0.000287
299.24999999997 -0.000278
