16.5899999999999 -265.417341876142
17.6399999999999 -232.446653366215
18.69 -265.137504305713
19.74 -231.724899531719
20.79 -267.113684781506
21.8400000000001 -267.761714454832
22.8900000000001 -267.13794249309
23.9400000000002 -267.335437090775
24.9900000000002 -257.909052314469
26.0400000000002 -223.161056573508
27.0900000000003 -255.173879306181
28.1400000000003 -255.606733057018
29.1900000000003 -269.403392513718
30.2400000000004 -261.160367693354
31.2900000000004 -245.449065697532
32.3400000000005 -259.820595774322
33.3900000000005 -262.357819213743
34.4400000000005 -225.673171091109
35.4900000000006 -257.259456115803
36.5400000000006 -229.547885212784
37.5900000000007 -247.930744500645
38.6400000000007 -280.326795852725
39.6900000000007 -276.230485383594
40.7400000000008 -235.55157753772
41.7900000000008 -260.554440054403
42.8400000000009 -248.104389602122
43.8900000000009 -240.687675828748
44.9400000000009 -234.500232624254
45.990000000001 -223.628417606086
47.040000000001 -230.800913793411
48.0900000000011 -221.393900532951
49.1400000000011 -209.113827977152
50.1900000000011 -211.593233337768
51.2400000000012 -203.989550401787
52.2900000000012 -236.546119719283
53.3400000000013 -196.534080562583
54.3900000000013 -222.280059741428
55.4400000000013 -183.1332066633
56.4900000000014 -215.013880505906
57.5400000000014 -176.466984558593
58.5900000000015 -139.017161484167
59.6400000000015 -206.445721801014
60.6900000000015 -192.735789001429
61.7400000000016 -196.16632720027
62.7900000000016 -200.921038548107
63.8400000000017 -192.398953985475
64.8900000000017 -198.583728751921
65.9400000000017 -190.230607526169
66.9900000000018 -183.063344127461
68.0400000000018 -191.684961570696
69.0900000000019 -197.024992294644
70.1400000000019 -229.991179335951
71.1900000000019 -194.501592299909
72.240000000002 -179.454957554213
73.290000000002 -229.446734076796
74.340000000002 -194.211677050216
75.3900000000021 -227.75416415307
76.4400000000021 -192.46739962495
77.4900000000022 -144.393237065576
78.5400000000022 -109.366323913443
79.5900000000022 -145.067659041464
80.6400000000023 -147.031012216765
81.6900000000023 -147.981604104118
82.7400000000024 -146.877374722469
83.7900000000024 -146.83942798125
84.8400000000024 -146.821315360901
85.8900000000025 -138.476833500081
86.9400000000025 -141.564167699655
87.9900000000026 -148.756464275951
89.0400000000026 -142.390185085899
90.0900000000026 -144.272845641174
91.1400000000027 -122.161967834331
92.1900000000027 -86.9521005612864
93.2400000000028 -50.2279054427925
94.2900000000028 -134.536097963496
95.3400000000028 -110.055236819926
96.3900000000029 -174.434384688047
97.4400000000029 -138.879634587924
98.490000000003 -176.100766737017
99.540000000003 -173.151716128309
100.590000000003 -137.264188245766
101.640000000003 -117.600831172942
102.690000000003 -164.870926575853
103.740000000003 -172.025738022546
104.790000000003 -170.773100361102
105.840000000003 -158.010704096338
106.890000000003 -165.991844146484
107.940000000003 -167.657402616421
108.990000000003 -152.656973397597
110.040000000003 -145.916293877382
111.090000000003 -155.768808357908
112.140000000003 -152.070429589104
113.190000000004 -190.447627798724
114.240000000004 -190.858441756076
115.290000000004 -181.829730125553
116.340000000004 -177.995905455513
117.390000000004 -182.48875088482
118.440000000004 -176.509852318275
119.490000000004 -176.773419276233
120.540000000004 -180.142792002697
121.590000000004 -143.242180212746
122.640000000004 -89.5159301647368
123.690000000004 -171.437152452159
124.740000000004 -170.594343275415
125.790000000004 -171.814400235982
126.840000000004 -163.684503607333
127.890000000004 -159.698449443049
128.940000000004 -197.79827037677
129.990000000004 -194.844405220885
131.040000000004 -198.154730556033
132.090000000004 -191.006682412242
133.140000000004 -189.0767411063
134.190000000004 -152.214616455774
135.240000000004 -132.646080782057
136.290000000004 -105.694558616507
137.340000000004 -179.219839215973
138.390000000004 -184.555040439518
139.440000000005 -165.923856712096
140.490000000005 -180.628008446563
141.540000000005 -177.619425333302
142.590000000005 -166.293082291208
143.640000000005 -159.118606563316
144.690000000005 -206.52263822486
145.740000000005 -204.561309341324
146.790000000005 -167.724668923382
147.840000000005 -200.632257655829
148.890000000005 -197.620614742287
149.940000000005 -198.784023970424
150.990000000005 -161.837707898755
152.040000000005 -192.761154882581
153.090000000005 -186.625593484855
154.140000000005 -149.689843976279
155.190000000005 -182.706610521909
156.240000000005 -145.736622782862
157.290000000005 -170.466016660443
158.340000000005 -179.975657570856
159.390000000005 -172.831739870283
160.440000000005 -176.083867186746
161.490000000005 -173.102927534304
162.540000000005 -169.088405751952
163.590000000005 -168.191405093623
164.640000000005 -204.243398185545
165.690000000006 -196.060454392725
166.740000000006 -202.522440181391
167.790000000006 -190.175011078822
168.840000000006 -195.598681622929
169.890000000006 -195.793945709135
170.940000000006 -182.430240535655
171.990000000006 -145.647550459049
173.040000000006 -180.78356128264
174.090000000006 -185.17723825632
175.140000000006 -178.116895381837
176.190000000006 -163.754364226144
177.240000000006 -152.511948495817
178.290000000006 -174.677455051239
179.340000000006 -214.940932346022
180.390000000006 -178.281805643405
181.440000000006 -170.239427790498
182.490000000006 -133.006787675065
183.540000000006 -200.416613590469
184.590000000006 -163.77698823559
185.640000000006 -193.716761670597
186.690000000006 -157.076892934245
187.740000000006 -193.303875695045
188.790000000006 -192.576332608038
189.840000000006 -194.973588705412
190.890000000006 -182.783866042802
191.940000000007 -188.315223704483
192.990000000007 -187.590817016409
194.040000000007 -185.827299428677
195.090000000007 -164.277371047182
196.140000000007 -182.30692226411
197.190000000007 -177.435704180147
198.240000000007 -211.50063823344
199.290000000007 -174.965833559214
200.340000000007 -170.104056882003
201.390000000007 -207.349758101522
202.440000000007 -198.297793047355
203.490000000007 -161.754068267355
204.540000000007 -207.375716497857
205.590000000007 -201.477069897435
206.640000000007 -193.491390084159
207.690000000007 -200.102545467211
208.740000000007 -180.646325397443
209.790000000007 -193.523989039357
210.840000000007 -183.468360082425
211.890000000007 -189.029202921738
212.940000000007 -192.4909804707
213.990000000007 -189.721825014149
215.040000000007 -223.83358674544
216.090000000007 -222.119050320497
217.140000000007 -218.312441686573
218.190000000008 -214.505908002784
219.240000000008 -177.943403732467
220.290000000008 -213.162729537501
221.340000000008 -212.487130938356
222.390000000008 -206.594997973943
223.440000000008 -202.789095373051
224.490000000008 -205.238035946264
225.540000000008 -200.389945138862
226.590000000008 -185.104176138898
227.640000000008 -187.564778474061
228.690000000008 -150.932145274854
229.740000000008 -113.917433156481
230.790000000008 -76.5205757679571
231.840000000008 -38.7391139986091
232.890000000008 -0.573047103407134
233.940000000008 30.3066673619751
234.990000000008 42.8861706266143
236.040000000008 38.0176853905862
237.090000000008 26.7655840430712
238.140000000008 15.6637867522502
239.190000000008 4.71143312695949
240.240000000008 -6.09232542090194
241.290000000008 -16.7483257407669
242.340000000008 -27.257393006859
243.390000000008 -37.6203407807573
244.440000000008 -47.8379710729519
245.490000000009 -57.9110744035365
246.540000000009 -67.8404298620283
247.590000000009 -77.626805166203
248.640000000009 -87.2709567200368
249.690000000009 -96.7736296708661
250.740000000009 -106.135557965536
251.790000000009 -115.357464405667
252.840000000009 -124.440060702163
253.890000000009 -133.384047528771
254.940000000009 -142.19011457476
255.990000000009 -150.858940596792
257.040000000008 -159.391193469924
258.090000000007 -167.787530237739
259.140000000006 -176.048597161728
260.190000000005 -184.175029769668
261.240000000004 -192.167452903346
262.290000000003 -200.026480765368
263.340000000002 -207.752716965144
264.390000000001 -215.346754564098
265.44 -222.809176120067
266.489999999999 -230.140553730817
267.539999999998 -237.34144907685
268.589999999997 -244.412413463405
269.639999999997 -251.353987861651
270.689999999996 -258.166702949026
271.739999999995 -264.851079148903
272.789999999994 -271.407626669411
273.839999999993 -277.836845541526
274.889999999992 -284.139225656323
275.939999999991 -290.315246801526
276.98999999999 -296.365378697287
278.039999999989 -302.290081031185
279.089999999988 -308.089803492445
280.139999999987 -313.764985805465
281.189999999986 -319.31605776257
282.239999999985 -324.743439256004
283.289999999984 -330.047540309201
284.339999999983 -335.228761107319
285.389999999982 -340.287492027053
286.439999999981 -345.224113665643
287.48999999998 -350.038996869247
288.539999999979 -354.732502760532
289.589999999978 -359.304982765574
290.639999999977 -363.756778640012
291.689999999976 -368.088222494505
292.739999999976 -372.299636819466
293.789999999975 -376.391334509042
294.839999999974 -380.363618884475
295.889999999973 -384.21678371672
296.939999999972 -387.951113248319
297.989999999971 -391.566882214604
299.03999999997 -395.064355864159
