16.5899999999999 -699.686740297385
17.6399999999999 -699.356222155716
18.69 -693.619314710999
19.74 -693.374649490731
20.79 -694.039582301621
21.8400000000001 -694.311526333516
22.8900000000001 -692.528611159818
23.9400000000002 -692.868122586204
24.9900000000002 -674.420938564609
26.0400000000002 -674.348666872783
27.0900000000003 -671.061329714818
28.1400000000003 -673.589826577239
29.1900000000003 -703.210342789381
30.2400000000004 -689.087985223698
31.2900000000004 -660.348841940837
32.3400000000005 -692.078092085013
33.3900000000005 -700.838195417387
34.4400000000005 -700.250021744165
35.4900000000006 -699.646471139424
36.5400000000006 -650.172116798889
37.5900000000007 -694.243599234098
38.6400000000007 -699.214154861983
39.6900000000007 -701.641860130347
40.7400000000008 -701.332869975696
41.7900000000008 -695.847196752932
42.8400000000009 -685.519485743987
43.8900000000009 -685.542572256114
44.9400000000009 -687.560868339031
45.990000000001 -679.065557647846
47.040000000001 -705.907226339792
48.0900000000011 -699.369375917229
49.1400000000011 -686.528206147265
50.1900000000011 -702.722254835009
51.2400000000012 -698.087999837039
52.2900000000012 -704.165601336291
53.3400000000013 -703.186245828238
54.3900000000013 -694.674025187092
55.4400000000013 -693.622215785897
56.4900000000014 -695.506449624564
57.5400000000014 -694.302454474669
58.5900000000015 -625.078643901805
59.6400000000015 -695.567644962326
60.6900000000015 -671.933570356399
61.7400000000016 -681.712518534827
62.7900000000016 -693.56056475944
63.8400000000017 -678.354717670386
64.8900000000017 -692.315175975133
65.9400000000017 -677.174788204122
66.9900000000018 -664.129936354991
68.0400000000018 -682.329638038284
69.0900000000019 -694.270943018281
70.1400000000019 -692.112648750121
71.1900000000019 -691.263816187506
72.240000000002 -661.815013574911
73.290000000002 -693.054962445174
74.340000000002 -692.151938913384
75.3900000000021 -690.361359964369
76.4400000000021 -689.461118345584
77.4900000000022 -593.651185327417
78.5400000000022 -593.01675855592
79.5900000000022 -595.41923472543
80.6400000000023 -599.47963827429
81.6900000000023 -601.481488881311
82.7400000000024 -599.347211020096
83.7900000000024 -599.329869015929
84.8400000000024 -599.344904608405
85.8900000000025 -582.733702197165
86.9400000000025 -589.069822922542
87.9900000000026 -603.7322726593
89.0400000000026 -591.407094027116
90.0900000000026 -595.730396002881
91.1400000000027 -552.212636544416
92.1900000000027 -551.873266055938
93.2400000000028 -479.443677768439
94.2900000000028 -580.054465196103
95.3400000000028 -532.454525369964
96.3900000000029 -593.544557215591
97.4400000000029 -593.404751874403
98.490000000003 -600.541128779149
99.540000000003 -596.752998714654
100.590000000003 -596.504655575628
101.640000000003 -559.629888854512
102.690000000003 -587.549879278865
103.740000000003 -604.635288989
104.790000000003 -605.058486261649
105.840000000003 -582.597908646086
106.890000000003 -601.762361286002
107.940000000003 -608.421765920355
108.990000000003 -581.851435105292
110.040000000003 -571.890824352799
111.090000000003 -595.204701828621
112.140000000003 -591.492921782637
113.190000000004 -602.748683534926
114.240000000004 -607.397354018028
115.290000000004 -593.231945369394
116.340000000004 -589.51726290386
117.390000000004 -602.517490347625
118.440000000004 -594.622879655421
119.490000000004 -599.249543902321
120.540000000004 -610.110754887064
121.590000000004 -609.711653706285
122.640000000004 -506.397414065672
123.690000000004 -605.15863709885
124.740000000004 -607.656892969957
125.790000000004 -614.29684914361
126.840000000004 -602.247155993125
127.890000000004 -598.497808355518
128.940000000004 -609.666582999254
129.990000000004 -608.003173525645
131.040000000004 -618.879575415756
132.090000000004 -608.845414908297
133.140000000004 -609.256848558418
134.190000000004 -609.078775400185
135.240000000004 -574.218212150763
136.290000000004 -524.59030443558
137.340000000004 -606.667068241968
138.390000000004 -621.62562084103
139.440000000005 -588.647263834036
140.490000000005 -622.351971692953
141.540000000005 -620.628629734727
142.590000000005 -602.267936378588
143.640000000005 -592.211164365155
144.690000000005 -622.050039149044
145.740000000005 -622.420940286098
146.790000000005 -622.306754526217
147.840000000005 -623.143931652274
148.890000000005 -621.406442717253
149.940000000005 -628.017201481851
150.990000000005 -627.667804244133
152.040000000005 -624.516183391448
153.090000000005 -616.501565928227
154.140000000005 -616.142012778415
155.190000000005 -617.150529904946
156.240000000005 -616.696558013864
157.290000000005 -601.101165703854
158.340000000005 -624.322270135241
159.390000000005 -614.222785664402
160.440000000005 -624.91033183877
161.490000000005 -623.121351451411
162.540000000005 -619.253828511599
163.590000000005 -621.60860771138
164.640000000005 -628.597884817638
165.690000000006 -616.352343840517
166.740000000006 -633.386491463394
167.790000000006 -612.785626834371
168.840000000006 -627.717039121715
169.890000000006 -632.180174878238
170.940000000006 -609.509315990928
171.990000000006 -609.222619286504
173.040000000006 -614.271929524086
174.090000000006 -627.059502204629
175.140000000006 -616.925015625127
176.190000000006 -592.170366364975
177.240000000006 -573.637626256797
178.290000000006 -621.90970562588
179.340000000006 -637.139329142299
180.390000000006 -636.958286369303
181.440000000006 -624.777697557702
182.490000000006 -554.192526756127
183.540000000006 -623.676892177162
184.590000000006 -623.473995006436
185.640000000006 -617.992488807784
186.690000000006 -617.768223119856
187.740000000006 -624.848595250181
188.790000000006 -627.222789117079
189.840000000006 -635.841878998501
190.890000000006 -615.276465948873
191.940000000007 -630.152450190069
192.990000000007 -632.510119792674
194.040000000007 -632.784491596651
195.090000000007 -593.47349296796
196.140000000007 -633.327851344702
197.190000000007 -627.36956191591
198.240000000007 -630.090023204097
199.290000000007 -629.984046120377
200.340000000007 -624.030822214325
201.390000000007 -633.105878630111
202.440000000007 -618.764472864132
203.490000000007 -618.618054755761
204.540000000007 -644.441055544074
205.590000000007 -636.396588158525
206.640000000007 -624.175822805302
207.690000000007 -641.151815305862
208.740000000007 -605.983512451654
209.790000000007 -635.490660085105
210.840000000007 -619.123149039789
211.890000000007 -633.992419671044
212.940000000007 -644.663254157491
213.990000000007 -642.87075668792
215.040000000007 -645.681399466186
216.090000000007 -646.001027801471
217.140000000007 -642.136867078028
218.190000000008 -638.273614678166
219.240000000008 -638.053121541509
220.290000000008 -643.088473261636
221.340000000008 -645.488613374258
222.390000000008 -637.455558075246
223.440000000008 -633.596578315015
224.490000000008 -642.250343970501
225.540000000008 -636.309175888062
226.590000000008 -609.490049208947
227.640000000008 -618.168699644668
228.690000000008 -617.80112090731
229.740000000008 -616.663043879509
230.790000000008 -614.754521266979
231.840000000008 -612.075566546953
232.890000000008 -608.626178944136
233.940000000008 -604.448714418098
234.990000000008 -599.788382186081
236.040000000008 -594.959079399658
237.090000000008 -590.178713539623
238.140000000008 -585.480052058811
239.190000000008 -580.862610206215
240.240000000008 -576.325909186955
241.290000000008 -571.869476149364
242.340000000008 -567.492844172237
243.390000000008 -563.195552252306
244.440000000008 -558.977145291778
245.490000000009 -554.837174086118
246.540000000009 -550.775195312028
247.590000000009 -546.790771515505
248.640000000009 -542.883471100093
249.690000000009 -539.052868315386
250.740000000009 -535.298543245593
251.790000000009 -531.620081798257
252.840000000009 -528.017075693242
253.890000000009 -524.489122451825
254.940000000009 -521.035825385916
255.990000000009 -517.656793587495
257.040000000008 -514.351641918191
258.090000000007 -511.119990998995
259.140000000006 -507.961467200235
260.190000000005 -504.875702631522
261.240000000004 -501.862335132049
262.290000000003 -498.92100826095
263.340000000002 -496.051371287809
264.390000000001 -493.253079183385
265.44 -490.525792610457
266.489999999999 -487.869177914792
267.539999999998 -485.282907116321
268.589999999997 -482.766657900491
269.639999999997 -480.320113609727
270.689999999996 -477.942963235007
271.739999999995 -475.634901407691
272.789999999994 -473.395628391427
273.839999999993 -471.224850074268
274.889999999992 -469.122277960872
275.939999999991 -467.087629164911
276.98999999999 -465.120626401629
278.039999999989 -463.220997980527
279.089999999988 -461.388477798177
280.139999999987 -459.622805331248
281.189999999986 -457.923725629647
282.239999999985 -456.290989309804
283.289999999984 -454.724352548121
284.339999999983 -453.223577074568
285.389999999982 -451.788430166449
286.439999999981 -450.418684642234
287.48999999998 -449.114118855643
288.539999999979 -447.874516689804
289.589999999978 -446.699667551613
290.639999999977 -445.589366366192
291.689999999976 -444.54341357153
292.739999999976 -443.561615113253
293.789999999975 -442.6437824395
294.839999999974 -441.789732496036
295.889999999973 -440.999287721475
296.939999999972 -440.272276042604
297.989999999971 -439.608530869886
299.03999999997 -439.007891093068
