50.4000000000011 3516.29324255724
51.4500000000012 3590.02796701196
52.5000000000012 3663.80824182087
53.5500000000013 3737.6323787943
54.6000000000013 3811.49456101292
55.6500000000013 3885.38649081261
56.7000000000014 3959.30006300546
57.7500000000014 4033.23072728783
58.8000000000015 4107.17037979822
59.8500000000015 4181.1107675812
60.9000000000015 4255.04413005142
61.9500000000016 4328.96314179122
63.0000000000016 4402.86229979604
64.0500000000017 4476.73808691231
65.1000000000017 4550.5873587748
66.1500000000017 4624.41047027411
67.2000000000018 4698.20599752591
68.2500000000018 4771.97103915849
69.3000000000019 4845.70699515945
70.3500000000019 4919.41426894924
71.4000000000019 4993.09162352134
72.450000000002 5066.73717060518
73.500000000002 5140.34893363812
74.5500000000021 5213.92688957635
75.6000000000021 5287.47036294805
76.6500000000021 5360.98112917258
77.7000000000022 5434.45874299567
78.7500000000022 5507.90248254943
79.8000000000023 5581.31200775209
80.8500000000023 5654.6872183275
81.9000000000023 5728.02812382316
82.9500000000024 5801.33479225083
84.0000000000024 5874.60736797775
85.0500000000025 5947.84607086774
86.1000000000025 6021.05135290962
87.1500000000025 6094.22407391661
88.2000000000026 6167.36543069998
89.2500000000026 6240.47679273836
90.3000000000027 6313.55963890827
91.3500000000027 6386.61551098394
92.4000000000027 6459.64594427042
93.4500000000028 6532.65250274547
94.5000000000028 6605.63682304131
95.5500000000029 6678.60056014925
96.6000000000029 6751.54538627109
97.6500000000029 6824.47309740071
98.700000000003 6897.38540349958
99.750000000003 6970.28402370251
100.800000000003 7043.17063415564
101.850000000003 7116.04676590601
102.900000000003 7188.91385912431
103.950000000003 7261.77334706948
105.000000000003 7334.62663529346
106.050000000003 7407.47500064425
107.100000000003 7480.31961213171
108.150000000003 7553.16160866712
109.200000000003 7626.0019750757
110.250000000003 7698.84151276947
111.300000000003 7771.68094416975
112.350000000003 7844.52096437807
113.400000000004 7917.36219275702
114.450000000004 7990.20522375903
115.500000000004 8063.05064257935
116.550000000004 8135.89894665915
117.600000000004 8208.75062235307
118.650000000004 8281.60610404486
119.700000000004 8354.46569054158
120.750000000004 8427.32955817665
121.800000000004 8500.19783958123
122.850000000004 8573.07062574586
123.900000000004 8645.94800733111
124.950000000004 8718.83007980191
126.000000000004 8791.71693891343
127.050000000004 8864.60866372874
128.100000000004 8937.50531547558
129.150000000004 9010.40694962462
130.200000000004 9083.3136160278
131.250000000004 9156.22535621452
132.300000000004 9229.14220841189
133.350000000004 9302.06419905139
134.400000000004 9374.99134534587
135.450000000004 9447.92364114168
136.500000000004 9520.86105760728
137.550000000004 9593.80354664735
138.600000000004 9666.75108731911
139.650000000005 9739.70366860832
140.700000000005 9812.66126438689
141.750000000005 9885.62385571282
142.800000000005 9958.59140957535
143.850000000005 10031.5638767114
144.900000000005 10104.5412087745
145.950000000005 10177.5233617786
147.000000000005 10250.5102842861
148.050000000005 10323.501905857
149.100000000005 10396.4981583774
150.150000000005 10469.498971505


