0 2.10000000155783
1.05 75.5996495493662
2.1 149.097430548321
3.14999999999999 222.591768889779
4.19999999999999 296.081412903276
5.25 369.565395427573
6.30000000000001 443.043174996554
7.35000000000002 516.514517252924
8.40000000000001 589.979256108399
9.44999999999999 663.437260424356
10.5 736.888438394529
11.5499999999999 810.332751110054
12.5999999999999 883.770175009053
13.6499999999999 957.200695167309
14.6999999999999 1030.62430209591
15.7499999999999 1104.03780942534
16.7999999999999 1177.40981834186
17.8499999999999 1250.71795388443
18.9 1323.9644998872
19.95 1397.1540403574
21 1470.29114983508
22.0500000000001 1543.38035759945
23.1000000000001 1616.42612851114
24.1500000000002 1689.43283729862
25.2000000000002 1762.40471394032
26.2500000000002 1835.34577091775
27.3000000000003 1908.25978558164
28.3500000000003 1981.15036711379
29.4000000000004 2054.0208226918
30.4500000000004 2126.87422204397
31.5000000000004 2199.71348437787
32.5500000000005 2272.54126759875
33.6000000000005 2345.36265196004
34.6500000000006 2418.18323393684
35.7000000000006 2491.00845425381
36.7500000000006 2563.84821218756
37.8000000000007 2636.71200963627
38.8500000000007 2709.61385071309
39.9000000000008 2782.56741617622
40.9500000000008 2855.58590083447
42.0000000000008 2928.6799734661
43.0500000000009 3001.85984865106
44.1000000000009 3075.12904105104
45.150000000001 3148.4840624819
46.200000000001 3221.91599599107
47.250000000001 3295.41616126883
48.3000000000011 3368.98206081911
49.3500000000011 3442.60948566248
50.4000000000011 3516.29324255724
51.4500000000012 3590.02796701196
52.5000000000012 3663.80824182087
53.5500000000013 3737.6323787943
54.6000000000013 3811.49456101292
55.6500000000013 3885.38649081261
56.7000000000014 3959.30006300546
57.7500000000014 4033.23072728783
58.8000000000015 4107.17037979822
59.8500000000015 4181.1107675812
60.9000000000015 4255.04413005142
61.9500000000016 4328.96314179122
63.0000000000016 4402.86229979604
64.0500000000017 4476.73808691231
65.1000000000017 4550.5873587748
66.1500000000017 4624.41047027411
67.2000000000018 4698.20599752591
68.2500000000018 4771.97103915849
69.3000000000019 4845.70699515945
70.3500000000019 4919.41426894924
71.4000000000019 4993.09162352134
72.450000000002 5066.73717060518
73.500000000002 5140.34893363812
74.5500000000021 5213.92688957635
75.6000000000021 5287.47036294805
76.6500000000021 5360.98112917258
77.7000000000022 5434.45874299567
78.7500000000022 5507.90248254943
79.8000000000023 5581.31200775209
80.8500000000023 5654.6872183275
81.9000000000023 5728.02812382316
82.9500000000024 5801.33479225083
84.0000000000024 5874.60736797775
85.0500000000025 5947.84607086774
86.1000000000025 6021.05135290962
87.1500000000025 6094.22407391661
88.2000000000026 6167.36543069998
89.2500000000026 6240.47679273836
90.3000000000027 6313.55963890827
91.3500000000027 6386.61551098394
92.4000000000027 6459.64594427042
93.4500000000028 6532.65250274547
94.5000000000028 6605.63682304131
95.5500000000029 6678.60056014925
96.6000000000029 6751.54538627109
97.6500000000029 6824.47309740071
98.700000000003 6897.38540349958
99.750000000003 6970.28402370251
100.800000000003 7043.17063415564
101.850000000003 7116.04676590601
102.900000000003 7188.91385912431
103.950000000003 7261.77334706948
105.000000000003 7334.62663529346
106.050000000003 7407.47500064425
107.100000000003 7480.31961213171
108.150000000003 7553.16160866712
109.200000000003 7626.0019750757
110.250000000003 7698.84151276947
111.300000000003 7771.68094416975
112.350000000003 7844.52096437807
113.400000000004 7917.36219275702
114.450000000004 7990.20522375903
115.500000000004 8063.05064257935
116.550000000004 8135.89894665915
117.600000000004 8208.75062235307
118.650000000004 8281.60610404486
119.700000000004 8354.46569054158
120.750000000004 8427.32955817665
121.800000000004 8500.19783958123
122.850000000004 8573.07062574586
123.900000000004 8645.94800733111
124.950000000004 8718.83007980191
126.000000000004 8791.71693891343
127.050000000004 8864.60866372874
128.100000000004 8937.50531547558
129.150000000004 9010.40694962462
130.200000000004 9083.3136160278
131.250000000004 9156.22535621452
132.300000000004 9229.14220841189
133.350000000004 9302.06419905139
134.400000000004 9374.99134534587
135.450000000004 9447.92364114168
136.500000000004 9520.86105760728
137.550000000004 9593.80354664735
138.600000000004 9666.75108731911
139.650000000005 9739.70366860832
140.700000000005 9812.66126438689
141.750000000005 9885.62385571282
142.800000000005 9958.59140957535
143.850000000005 10031.5638767114
144.900000000005 10104.5412087745
145.950000000005 10177.5233617786
147.000000000005 10250.5102842861
148.050000000005 10323.501905857
149.100000000005 10396.4981583774
150.150000000005 10469.498971505
151.200000000005 10542.5042695415
152.250000000005 10615.5139221136
153.300000000005 10688.5277971583
154.350000000005 10761.5457890418
155.400000000005 10834.5677508427
156.450000000005 10907.5935496687
157.500000000005 10980.6230004338
158.550000000005 11053.6559631727
159.600000000005 11126.6923280363
160.650000000005 11199.731985315
161.700000000005 11272.774825341
162.750000000005 11345.8207223714
163.800000000005 11418.869528846
164.850000000005 11491.9210745067
165.900000000006 11564.9752177907
166.950000000006 11638.0318085314
168.000000000006 11711.0907173458
169.050000000006 11784.1517906452
170.100000000006 11857.2149036945
171.150000000006 11930.2799333613
172.200000000006 12003.3467056119
173.250000000006 12076.4149725607
174.300000000006 12149.4845467611
175.350000000006 12222.5553121433
176.400000000006 12295.62713806
177.450000000006 12368.6998458792
178.500000000006 12441.7732320779
179.550000000006 12514.8471697765
180.600000000006 12587.9215650285
181.650000000006 12660.9963279701
182.700000000006 12734.0713323075
183.750000000006 12807.1463812802
184.800000000006 12880.221367639
185.850000000006 12953.2962016087
186.900000000006 13026.3707986826
187.950000000006 13099.4450663395
189.000000000006 13172.5189298583
190.050000000006 13245.5923281111
191.100000000006 13318.6652013347
192.150000000007 13391.7374843154
193.200000000007 13464.809124669
194.250000000007 13537.8800733879
195.300000000007 13610.9502724519
196.350000000007 13684.0196596262
197.400000000007 13757.0881919194
198.450000000007 13830.1558156589
199.500000000007 13903.2224813778
200.550000000007 13976.2881522666
201.600000000007 14049.3527797325
202.650000000007 14122.4163267177
203.700000000007 14195.4787599156
204.750000000007 14268.5400310921
205.800000000007 14341.6001122293
206.850000000007 14414.6589868071
207.900000000007 14487.7166366247
208.950000000007 14560.7730467812
210.000000000007 14633.8281927924
211.050000000007 14706.8820620326
212.100000000007 14779.9346417598
213.150000000007 14852.9859302182
214.200000000007 14926.0359285249
215.250000000007 14999.084636682
216.300000000007 15072.1320584764
217.350000000007 15145.1781996501
218.400000000008 15218.2230651378
219.450000000008 15291.2666582401
220.500000000008 15364.3089710906
221.550000000008 15437.3500088648
222.600000000008 15510.3897829825
223.650000000008 15583.4283015746
224.700000000008 15656.4655729653
225.750000000008 15729.5016086835
226.800000000008 15802.536415524
227.850000000008 15875.5699902293
228.900000000008 15948.6023315502
229.950000000008 16021.6334083314
231.000000000008 16094.6631726879
232.050000000008 16167.6916193514
233.100000000008 16240.7180878918
234.150000000008 16313.6575709258
235.200000000008 16386.2266908668
236.250000000008 16458.1197958285
237.300000000008 16529.1717360661
238.350000000008 16599.3703471443
239.400000000008 16668.7161122814
240.450000000008 16737.2095087427
241.500000000008 16804.8510078536
242.550000000008 16871.6410750125
243.600000000008 16937.5801697029
244.650000000009 17002.6687455061
245.700000000009 17066.907250113
246.750000000009 17130.2961253366
247.800000000009 17192.8358071236
248.850000000009 17254.526725566
249.900000000009 17315.3693049129
250.950000000009 17375.3639635815
252.000000000009 17434.5111141688
253.050000000009 17492.8111634618
254.100000000009 17550.2645124495
255.150000000009 17606.8715563324
256.200000000009 17662.6326845341
257.250000000008 17717.548280711
258.300000000007 17771.6187227627
259.350000000006 17824.844382842
260.400000000005 17877.2256273653
261.450000000004 17928.7628170214
262.500000000003 17979.4563067821
263.550000000002 18029.3064459107
264.600000000001 18078.313577972
265.65 18126.4780408411
266.699999999999 18173.8001667123
267.749999999998 18220.2802821079
268.799999999997 18265.918707887
269.849999999996 18310.715759254
270.899999999995 18354.6717457668
271.949999999994 18397.7869713447
272.999999999993 18440.0617342773
274.049999999993 18481.4963272315
275.099999999992 18522.0910372595
276.149999999991 18561.8461458065
277.19999999999 18600.7619287182
278.249999999989 18638.8386562476
279.299999999988 18676.0765930627
280.349999999987 18712.475998253
281.399999999986 18748.0371253366
282.449999999985 18782.7602222666
283.499999999984 18816.6455314381
284.549999999983 18849.6932896941
285.599999999982 18881.9037283317
286.649999999981 18913.2770731086
287.69999999998 18943.8135442487
288.749999999979 18973.5133564478
289.799999999978 19002.3767188797
290.849999999977 19030.4038352011
291.899999999976 19057.5949035573
292.949999999975 19083.9501165872
293.999999999974 19109.4696614286
295.049999999973 19134.1537197227
296.099999999972 19158.0024676193
297.149999999971 19181.0160757811
298.199999999971 19203.1947093883
299.24999999997 19224.5385281428
