0 1752.10000000156
1.05 1825.59964954937
2.1 1899.09743054832
3.14999999999999 1972.59176888978
4.19999999999999 2046.08141290328
5.25 2119.56539542757
6.30000000000001 2193.04317499655
7.35000000000002 2266.51451725292
8.40000000000001 2339.9792561084
9.44999999999999 2413.43726042435
10.5 2486.88843839453
11.5499999999999 2560.33275111005
12.5999999999999 2633.77017500905
13.6499999999999 2707.20069516731
14.6999999999999 2780.62430209591
15.7499999999999 2854.04099045916
16.7999999999999 2927.45076065237
17.8499999999999 3000.85361891752
18.9 3074.24957649606
19.95 3147.63864977861
21 3221.02086143969
22.0500000000001 3294.39624034709
23.1000000000001 3367.76482245307
24.1500000000002 3441.12665027872
25.2000000000002 3514.48177046746
26.2500000000002 3587.83023491436
27.3000000000003 3661.17210111877
28.3500000000003 3734.50743134228
29.4000000000004 3807.83629270636
30.4500000000004 3881.15875989395
31.5000000000004 3954.47504993529
32.5500000000005 4027.78593400061
33.6000000000005 4101.09225426236
34.6500000000006 4174.39448517879
35.7000000000006 4247.6928393931
36.7500000000006 4320.98747976626
37.8000000000007 4394.27856011686
38.8500000000007 4467.56622015417
39.9000000000008 4540.85087130163
40.9500000000008 4614.13335781253
42.0000000000008 4687.41433516237
43.0500000000009 4760.69410379187
44.1000000000009 4833.97284789871
45.150000000001 4907.25071775666
46.200000000001 4980.52785169522
47.250000000001 5053.80437813977
48.3000000000011 5127.0803845602
49.3500000000011 5200.35593858069
50.4000000000011 5273.63110304659
51.4500000000012 5346.9059384946
52.5000000000012 5420.18050310801
53.5500000000013 5493.45485297263
54.6000000000013 5566.72904254317
55.6500000000013 5640.00312465114
56.7000000000014 5713.27715081087
57.7500000000014 5786.55117144429
58.8000000000015 5859.82523486405
59.8500000000015 5933.09938811137
60.9000000000015 6006.37367697197
61.9500000000016 6079.64814619463
63.0000000000016 6152.92283961356
64.0500000000017 6226.1978025668
65.1000000000017 6299.47308461059
66.1500000000017 6372.74873527952
67.2000000000018 6446.02480337764
68.2500000000018 6519.30133697534
69.3000000000019 6592.57838335836
70.3500000000019 6665.85598910321
71.4000000000019 6739.13420046349
72.450000000002 6812.41306283274
73.500000000002 6885.69261813502
74.5500000000021 6958.972904195
75.6000000000021 7032.2539557152
76.6500000000021 7105.53580503597
77.7000000000022 7178.81848271861
78.7500000000022 7252.10201858499
79.8000000000023 7325.3864416968
80.8500000000023 7398.67177992877
81.9000000000023 7471.9580600732
82.9500000000024 7545.24530783215
84.0000000000024 7618.53354789206
85.0500000000025 7691.82280385871
86.1000000000025 7765.113098135
87.1500000000025 7838.40445210642
88.2000000000026 7911.69688618181
89.2500000000026 7984.99041979902
90.3000000000027 8058.28507142567
91.3500000000027 8131.58085845636
92.4000000000027 8204.87779737949
93.4500000000028 8278.17590380795
94.5000000000028 8351.4751924175
95.5500000000029 8424.77567694962
96.6000000000029 8498.07737021739
97.6500000000029 8571.38028411087
98.700000000003 8644.68442960438
99.750000000003 8717.98981676314
100.800000000003 8791.29645475027
101.850000000003 8864.60435180667
102.900000000003 8937.9135151868
103.950000000003 9011.22395117589
105.000000000003 9084.53566517954
106.050000000003 9157.84866179217
107.100000000003 9231.16294480468
108.150000000003 9304.47851720805
109.200000000003 9377.79538119808
110.250000000003 9451.11353817885
111.300000000003 9524.43298876668
112.350000000003 9597.75373279347
113.400000000004 9671.07576931462
114.450000000004 9744.39909661014
115.500000000004 9817.7237122548
116.550000000004 9891.04961311497
117.600000000004 9964.37679538518
118.650000000004 10037.705254609
119.700000000004 10111.0349857044
120.750000000004 10184.3659829906
121.800000000004 10257.6982402112
122.850000000004 10331.0317505524
123.900000000004 10404.3665066792
124.950000000004 10477.7025007349
126.000000000004 10551.0397243763
127.050000000004 10624.3781688046
128.100000000004 10697.7178247585
129.150000000004 10771.0586825512
130.200000000004 10844.4007320889
131.250000000004 10917.7439628776
132.300000000004 10991.088364063
133.350000000004 11064.4339244437
134.400000000004 11137.7806324579
135.450000000004 11211.128476232
136.500000000004 11284.4774435966
137.550000000004 11357.8275220965
138.600000000004 11431.1786990001
139.650000000005 11504.5309613196
140.700000000005 11577.8842958144
141.750000000005 11651.238689018
142.800000000005 11724.5941272451
143.850000000005 11797.9505965443
144.900000000005 11871.3080822881
145.950000000005 11944.6665692482
147.000000000005 12018.0260406829
148.050000000005 12091.3864785557
149.100000000005 12164.7478647041
150.150000000005 12238.1101793717
151.200000000005 12311.4734019397
152.250000000005 12384.8375106675
153.300000000005 12458.202483912
154.350000000005 12531.568299743
155.400000000005 12604.9349360966
156.450000000005 12678.3023703803
157.500000000005 12751.6705795151
158.550000000005 12825.0395400043
159.600000000005 12898.4092278811
160.650000000005 12971.7796190382
161.700000000005 13045.1506891309
162.750000000005 13118.5224141571
163.800000000005 13191.8947697736
164.850000000005 13265.2677309232
165.900000000006 13338.6412726929
166.950000000006 13412.0153714193
168.000000000006 13485.3900025828
169.050000000006 13558.7651408117
170.100000000006 13632.1407609833
171.150000000006 13705.5168378431
172.200000000006 13778.8933464345
173.250000000006 13852.2702612797
174.300000000006 13925.6475563822
175.350000000006 13999.0252057276
176.400000000006 14072.4031843336
177.450000000006 14145.7814681816
178.500000000006 14219.1600333659
179.550000000006 14292.5388561575
180.600000000006 14365.9179133364
181.650000000006 14439.2971816769
182.700000000006 14512.6766381684
183.750000000006 14586.0562598498
184.800000000006 14659.4360239522
185.850000000006 14732.8159079457
186.900000000006 14806.1958893445
187.950000000006 14879.5759458045
189.000000000006 14952.9560553645
190.050000000006 15026.3361960467
191.100000000006 15099.7163475399
192.150000000007 15173.0964894721
193.200000000007 15246.4766013622
194.250000000007 15319.8566627722
195.300000000007 15393.2366532575
196.350000000007 15466.6165524978
197.400000000007 15539.9963402719
198.450000000007 15613.3759964999
199.500000000007 15686.7555013088
200.550000000007 15760.1348350105
201.600000000007 15833.5139782425
202.650000000007 15906.8929119791
203.700000000007 15980.2716174128
204.750000000007 16053.6500760693
205.800000000007 16127.0282698649
206.850000000007 16200.4061810727
207.900000000007 16273.7837923846
208.950000000007 16347.1610872967
210.000000000007 16420.5380500616
211.050000000007 16493.9146653877
212.100000000007 16567.2909186263
213.150000000007 16640.6667956632
214.200000000007 16714.0422824587
215.250000000007 16787.4173648727
216.300000000007 16860.7920295415
217.350000000007 16934.1662646541
218.400000000008 17007.5400587365
219.450000000008 17080.9134001004
220.500000000008 17154.2862766294
221.550000000008 17227.6586777419
222.600000000008 17301.0305931314
223.650000000008 17374.402013237
224.700000000008 17447.7729279223
225.750000000008 17521.1433271365
226.800000000008 17594.5132019458
227.850000000008 17667.882544569
228.900000000008 17741.2513482104
229.950000000008 17814.6196062136
231.000000000008 17887.9873106654
232.050000000008 17961.3544533414
233.100000000008 18034.7210267651
234.150000000008 18108.0870241106
235.200000000008 18181.4524382986
236.250000000008 18254.8172632904
237.300000000008 18328.1814938118
238.350000000008 18401.5451253102
239.400000000008 18474.9081538887
240.450000000008 18548.2705764555
241.500000000008 18621.6323903697
242.550000000008 18694.993593463
243.600000000008 18768.3541839552
244.650000000009 18841.7141604566
245.700000000009 18915.0735219662
246.750000000009 18988.4322679171
247.800000000009 19061.7903983386
248.850000000009 19135.1479136684
249.900000000009 19208.5048148302
250.950000000009 19281.8611031333
252.000000000009 19355.2167802201
253.050000000009 19428.5718480405
254.100000000009 19501.9263088413
255.150000000009 19575.2801651065
256.200000000009 19648.6334195263
257.250000000008 19721.9860750934
258.300000000007 19795.3381350962
259.350000000006 19868.6896031144
260.400000000005 19942.0404830364
261.450000000004 20015.3907790502
262.500000000003 20088.7404955723
263.550000000002 20162.0896372149
264.600000000001 20235.4382087626
265.65 20308.7862151654
266.699999999999 20382.1336616503
267.749999999998 20455.4805536869
268.799999999997 20528.8268969337
269.849999999996 20602.1726973499
270.899999999995 20675.5179611447
271.949999999994 20748.8626947827
272.999999999993 20822.2069049023
274.049999999993 20895.5505982538
275.099999999992 20968.8937817996
276.149999999991 21042.2364626808
277.19999999999 21115.5786481913
278.249999999989 21188.9203457828
279.299999999988 21262.2615630779
280.349999999987 21335.6023078816
281.399999999986 21408.9425882122
282.449999999985 21482.2824121524
283.499999999984 21555.62178788
284.549999999983 21628.9607236893
285.599999999982 21702.2992279693
286.649999999981 21775.6373091888
287.69999999998 21848.9749759064
288.749999999979 21922.3122367831
289.799999999978 21995.6491005613
290.849999999977 22068.9855760416
291.899999999976 22142.321672046
292.949999999975 22215.6573975001
293.999999999974 22288.9927614007
295.049999999973 22362.327772785
296.099999999972 22435.6624407408
297.149999999971 22508.9967744016
298.199999999971 22582.3307829344
299.24999999997 22655.6644755213
