0 9997.15015425865
1.05 9180.7726624088
2.1 8472.95502743874
3.14999999999999 7919.58051178817
4.19999999999999 7476.45406535091
5.25 7231.27422638931
6.30000000000001 7129.38310745983
7.35000000000002 7053.89486958492
8.40000000000001 6993.49335606123
9.44999999999999 6948.37012488252
10.5 6931.32049779701
11.5499999999999 6919.05046653959
12.5999999999999 6910.64750076216
13.6499999999999 6904.76186648756
14.6999999999999 6900.30182630985
15.7499999999999 -9403.17444435804
16.7999999999999 -24120.4113698279
17.8499999999999 -23277.7118214713
18.9 -20581.2705724115
19.95 -17922.5470345071
21 -15282.8170041223
22.0500000000001 -12673.1668833902
23.1000000000001 -10092.8896053936
24.1500000000002 -7643.08953743546
25.2000000000002 -5354.24879669098
26.2500000000002 -3247.57747298981
27.3000000000003 -1255.73220086851
28.3500000000003 577.199960421109
29.4000000000004 2237.06772667912
30.4500000000004 3859.72966160175
31.5000000000004 5325.05189179678
32.5500000000005 6644.55138362081
33.6000000000005 8467.61395090993
34.6500000000006 10953.0647091438
35.7000000000006 15277.2981517594
36.7500000000006 21302.2294486176
37.8000000000007 27672.8454116725
38.8500000000007 33803.9010055851
39.9000000000008 39774.543640783
40.9500000000008 45500.6491847304
42.0000000000008 51005.8038012629
43.0500000000009 56239.0285614951
44.1000000000009 61221.8609073705
45.150000000001 65921.0787088006
46.200000000001 67220.1277508867
47.250000000001 58886.105064188
48.3000000000011 51327.494754686
49.3500000000011 48763.7306038914
50.4000000000011 41561.0524523395
51.4500000000012 34529.1053090339
52.5000000000012 28048.3210630776
53.5500000000013 22115.747720656
54.6000000000013 16708.1240275849
55.6500000000013 11788.5894654147
56.7000000000014 7416.2819197762
57.7500000000014 3541.91082231119
58.8000000000015 141.276068949965
59.8500000000015 -2862.19818253843
60.9000000000015 -5455.59423677324
61.9500000000016 -7603.65897894843
63.0000000000016 -9372.25746215707
64.0500000000017 -10789.1869673067
65.1000000000017 -10676.2027383987
66.1500000000017 -9487.73414170782
67.2000000000018 -9218.61126651414
68.2500000000018 -6479.00697980636
69.3000000000019 -5393.25676978969
70.3500000000019 -3622.06799378072
71.4000000000019 -2608.65254752431
72.450000000002 -489.243880381352
73.500000000002 1286.85910035684
74.5500000000021 679.573954004388
75.6000000000021 -350.889131367886
76.6500000000021 -1323.94658185027
77.7000000000022 -2183.90532758462
78.7500000000022 -2738.33274349128
79.8000000000023 -3066.03321814375
80.8500000000023 -3240.06466147435
81.9000000000023 -3327.98084545418
82.9500000000024 -3361.01810107659
84.0000000000024 -3356.01256589857
85.0500000000025 -3341.78989411848
86.1000000000025 -3284.31943105447
87.1500000000025 -3195.90633778484
88.2000000000026 -3094.87414117157
89.2500000000026 -2686.07737366357
90.3000000000027 -2197.3692439051
91.3500000000027 -1667.43375049278
92.4000000000027 -1086.40429781669
93.4500000000028 -496.772383016984
94.5000000000028 134.952255104353
95.5500000000029 773.595349217159
96.6000000000029 1414.79858322226
97.6500000000029 2108.33045519029
98.700000000003 2799.80537094194
99.750000000003 3512.07497448957
100.800000000003 4193.64947563418
101.850000000003 4834.1414381099
102.900000000003 5500.66541957669
103.950000000003 6110.19415438234
105.000000000003 6592.40911870776
106.050000000003 7142.24334393383
107.100000000003 7643.04274806419
108.150000000003 8102.20061640576
109.200000000003 8551.8864400952
110.250000000003 8964.94639735876
111.300000000003 9316.91203824643
112.350000000003 9617.51364344532
113.400000000004 9916.04269558423
114.450000000004 10201.7676757911
115.500000000004 10493.1305287137
116.550000000004 10774.7896104543
117.600000000004 10977.7595890584
118.650000000004 11181.7207229907
119.700000000004 11375.7712792984
120.750000000004 11465.2349367333
121.800000000004 11537.0007252468
122.850000000004 11593.3213035638
123.900000000004 11647.2144979109
124.950000000004 11693.6014953198
126.000000000004 11729.8731936788
127.050000000004 11770.0960623067
128.100000000004 11812.5006586106
129.150000000004 11838.8317538619
130.200000000004 11857.5372865886
131.250000000004 11869.5126532245
132.300000000004 11889.402309078
133.350000000004 11905.9590542355
134.400000000004 11919.4991303689
135.450000000004 11924.591391798
136.500000000004 11922.5777838353
137.550000000004 11932.9911548677
138.600000000004 11938.7778960485
139.650000000005 11941.2142181719
140.700000000005 11941.0635044919
141.750000000005 11938.6134713966
142.800000000005 11936.7197071442
143.850000000005 11932.2869705497
144.900000000005 11922.8815558396
145.950000000005 11911.4098198307
147.000000000005 11888.0047502605
148.050000000005 11865.2538776162
149.100000000005 11833.3459709572
150.150000000005 11812.0862357132
151.200000000005 11771.5328804085
152.250000000005 11723.6892747619
153.300000000005 11696.3241561512
154.350000000005 11663.7565789159
155.400000000005 11631.9933665056
156.450000000005 11590.3247817999
157.500000000005 11550.0795936949
158.550000000005 11507.0225075678
159.600000000005 11464.7275021741
160.650000000005 11415.3179289386
161.700000000005 11370.3180742613
162.750000000005 11324.8722948421
163.800000000005 11265.7296838081
164.850000000005 11181.3247380881
165.900000000006 11095.4938369343
166.950000000006 10953.8744306163
168.000000000006 10897.8857144317
169.050000000006 10852.9841281222
170.100000000006 10806.4861488263
171.150000000006 10760.9986571184
172.200000000006 10713.474543027
173.250000000006 10665.8078664784
174.300000000006 10618.9696556778
175.350000000006 10543.5309554033
176.400000000006 10486.9405825377
177.450000000006 10444.7817420986
178.500000000006 10397.6246226427
179.550000000006 10339.6864336218
180.600000000006 10288.2334824821
181.650000000006 10237.1393896403
182.700000000006 10195.4190289071
183.750000000006 10154.2240722984
184.800000000006 10111.3617654982
185.850000000006 10063.0110589742
186.900000000006 10020.4264516668
187.950000000006 9983.69309970548
189.000000000006 9925.20527037933
190.050000000006 9887.8771320174
191.100000000006 9852.98007204575
192.150000000007 9815.46367835182
193.200000000007 9783.74528318137
194.250000000007 9751.53295276681
195.300000000007 9720.15359188258
196.350000000007 9693.69598455461
197.400000000007 9669.88121140034
198.450000000007 9642.66839292898
199.500000000007 9612.95985775968
200.550000000007 9581.61875541259
201.600000000007 9547.73022237057
202.650000000007 9503.96834943699
203.700000000007 9438.38009989668
204.750000000007 9407.59519776126
205.800000000007 9407.59519776126
206.850000000007 -50592.4048022387
207.900000000007 -168886.388092754
208.950000000007 -307104.373822389
210.000000000007 -349000
211.050000000007 -349000
212.100000000007 -349000
213.150000000007 -349000
214.200000000007 -349000
215.250000000007 -349000
216.300000000007 -349000
217.350000000007 -349000
218.400000000008 -349000
219.450000000008 -330996.08381304
220.500000000008 -313095.553192773
221.550000000008 -295191.744172938
222.600000000008 -277207.718089487
223.650000000008 -259277.528362293
224.700000000008 -241285.776617824
225.750000000008 -223290.604853415
226.800000000008 -205284.30019558
227.850000000008 -187336.491414929
228.900000000008 -169388.951801098
229.950000000008 -151371.008052369
231.000000000008 -133478.148437844
232.050000000008 -115483.018933982
233.100000000008 -97478.2938200386
234.150000000008 -79413.0368536102
235.200000000008 -61558.0475374398
236.250000000008 -43562.9359207049
237.300000000008 -25709.3503593359
238.350000000008 -7876.00032845471
239.400000000008 9985.61749994386
240.450000000008 27838.5087024985
241.500000000008 45691.0526926102
242.550000000008 63413.9031184812
243.600000000008 81163.0256619524
244.650000000009 98844.2347733121
245.700000000009 116544.914659261
246.750000000009 134169.063935803
247.800000000009 151743.079584361
248.850000000009 169160.220949829
249.900000000009 186232.491651645
250.950000000009 202547.123146939
252.000000000009 218145.481231798
253.050000000009 232940.649626067
254.100000000009 246910.372830814
255.150000000009 260053.874287723
256.200000000009 272325.586213195
257.250000000008 283730.793990242
258.300000000007 294265.498913491
259.350000000006 303916.146395809
260.400000000005 312666.787422991
261.450000000004 320621.363735701
262.500000000003 327788.436893782
263.550000000002 334079.537937073
264.600000000001 339530.3462762
265.65 343973.922501856
266.699999999999 347722.588741043
267.749999999998 350665.704925866
268.799999999997 352771.685504567
269.849999999996 354071.965004031
270.899999999995 354613.427679326
271.949999999994 354660.434557276
272.999999999993 354169.550607418
274.049999999993 352967.358358043
275.099999999992 351043.74249483
276.149999999991 348341.343689714
277.19999999999 345060.543007708
278.249999999989 341100.041786432
279.299999999988 336552.43080837
280.349999999987 329673.122698597
281.399999999986 303790.549941839
282.449999999985 267324.726945314
283.499999999984 230954.826131997
284.549999999983 194711.829072977
285.599999999982 158613.373008376
286.649999999981 122674.65558886
287.69999999998 86929.9151167313
288.749999999979 50359.4406134662
289.799999999978 13903.9644812618
290.849999999977 -20990.2982660332
291.899999999976 -52374.3776913522
292.949999999975 -79941.2932911829
293.999999999974 -103852.279572473
295.049999999973 -124276.705474731
296.099999999972 -141432.95559345
297.149999999971 -155491.688748623
298.199999999971 -166698.338177825
299.24999999997 -175216.911698893
