0 9997.15015425865
1.05 9180.7726624088
2.1 8472.95502743874
3.14999999999999 7919.58051178817
4.19999999999999 7476.45406535091
5.25 7231.27422638931
6.30000000000001 7129.38310745983
7.35000000000002 7053.89486958492
8.40000000000001 6993.49335606123
9.44999999999999 6948.37012488252
10.5 6931.32049779701
11.5499999999999 6919.05046653959
12.5999999999999 6910.64750076216
13.6499999999999 6904.76186648756
14.6999999999999 6900.30182630985
15.7499999999999 6898.51455039136
16.7999999999999 6899.48499237024
17.8499999999999 6902.63234556946
18.9 6907.77641762152
19.95 6916.17785163441
21 6927.20739938913
22.0500000000001 6940.89495683683
23.1000000000001 6958.28795185941
24.1500000000002 6977.17840909966
25.2000000000002 6998.35545725679
26.2500000000002 7022.18236539619
27.3000000000003 7048.06246674793
28.3500000000003 7076.02292290811
29.4000000000004 7107.37084013954
30.4500000000004 7148.39459515287
31.5000000000004 7536.7881220464
32.5500000000005 7927.30403594915
33.6000000000005 8129.74566710495
34.6500000000006 8221.08261516716
35.7000000000006 8287.05195002594
36.7500000000006 8358.23883197489
37.8000000000007 8416.88872824331
38.8500000000007 8567.53231912208
39.9000000000008 8973.92851967064
40.9500000000008 9284.98825479456
42.0000000000008 9401.32663600829
43.0500000000009 9480.03794664921
44.1000000000009 9548.19099527737
45.150000000001 9610.27503620639
46.200000000001 9668.5681824805
47.250000000001 9705.77238416136
48.3000000000011 9735.65084711164
49.3500000000011 9763.44097935713
50.4000000000011 9790.3938900012
51.4500000000012 9816.03166403055
52.5000000000012 9840.95740233451
53.5500000000013 9865.16927245918
54.6000000000013 9888.60752184096
55.6500000000013 9911.24999643248
56.7000000000014 9933.91155879835
57.7500000000014 9955.40385306373
58.8000000000015 9976.33538413412
59.8500000000015 9996.70385431289
60.9000000000015 10016.6435616763
61.9500000000016 10036.1793659498
63.0000000000016 10056.0599983463
64.0500000000017 10078.3955571667
65.1000000000017 10100.5473835983
66.1500000000017 10122.3187577047
67.2000000000018 10143.8014425652
68.2500000000018 10164.9455958588
69.3000000000019 10185.8034478334
70.3500000000019 10206.5364171237
71.4000000000019 10227.0246187808
72.450000000002 10245.8825015886
73.500000000002 10262.9202170365
74.5500000000021 10278.4932697589
75.6000000000021 10293.1137227614
76.6500000000021 10306.8767122706
77.7000000000022 10320.3919227967
78.7500000000022 10333.5241860808
79.8000000000023 10346.1778438269
80.8500000000023 10358.2914884877
81.9000000000023 10370.0443866419
82.9500000000024 10381.2675406774
84.0000000000024 10392.0413798211
85.0500000000025 10402.2748666925
86.1000000000025 10412.0614300815
87.1500000000025 10421.4290425819
88.2000000000026 10430.3619963696
89.2500000000026 10438.8802329925
90.3000000000027 10446.9046175959
91.3500000000027 10454.5500849996
92.4000000000027 10461.8097277488
93.4500000000028 10468.6514669551
94.5000000000028 10475.0812975242
95.5500000000029 10481.1023320635
96.6000000000029 10486.7171263527
97.6500000000029 10491.9284810556
98.700000000003 10496.7383474184
99.750000000003 10501.148208869
100.800000000003 10505.1588977931
101.850000000003 10508.7141940739
102.900000000003 10511.8531522966
103.950000000003 10514.6014225075
105.000000000003 10516.9904758553
106.050000000003 10519.02327141
107.100000000003 10520.6994050517
108.150000000003 10522.0252696798
109.200000000003 10522.9985087786
110.250000000003 10523.6213978555
111.300000000003 10523.8954620852
112.350000000003 10523.8264718394
113.400000000004 10523.4083978465
114.450000000004 10522.6813314727
115.500000000004 10521.6332536468
116.550000000004 10520.2819386215
117.600000000004 10518.6498841433
118.650000000004 10516.7325640809
119.700000000004 10514.5481582967
120.750000000004 10512.1088752133
121.800000000004 10509.4022445448
122.850000000004 10506.4926138927
123.900000000004 10503.3309272872
124.950000000004 10499.9484678148
126.000000000004 10496.3475632707
127.050000000004 10492.5749701683
128.100000000004 10488.592898623
129.150000000004 10484.4363913454
130.200000000004 10480.0819095526
131.250000000004 10475.5562895308
132.300000000004 10470.8974336466
133.350000000004 10466.0617610582
134.400000000004 10461.0839329107
135.450000000004 10455.9815265376
136.500000000004 10450.7400826081
137.550000000004 10445.3651574102
138.600000000004 10439.8687730548
139.650000000005 10434.2671314
140.700000000005 10428.5737514909
141.750000000005 10422.7652039231
142.800000000005 10416.8898149409
143.850000000005 10410.6546315515
144.900000000005 10404.2257142042
145.950000000005 10397.0568237393
147.000000000005 10389.212509416
148.050000000005 10381.4726166416
149.100000000005 10372.8907694838
150.150000000005 10364.1639862701
151.200000000005 10354.4645257504
152.250000000005 10345.2087212988
153.300000000005 10335.6179944695
154.350000000005 10326.1351284913
155.400000000005 10316.2286362982
156.450000000005 10306.2162071413
157.500000000005 10296.0623015221
158.550000000005 10285.4872838641
159.600000000005 10275.0379807072
160.650000000005 10264.3262628182
161.700000000005 10253.9253834555
162.750000000005 10243.1916147444
163.800000000005 10232.2386751069
164.850000000005 10221.209969379
165.900000000006 10210.9852116012
166.950000000006 10200.2068780534
168.000000000006 10189.0146386093
169.050000000006 10178.0423932153
170.100000000006 10166.8387294147
171.150000000006 10156.0582646928
172.200000000006 10144.8941106357
173.250000000006 10133.3252372148
174.300000000006 10121.7428217307
175.350000000006 10110.8153770092
176.400000000006 10100.2227516851
177.450000000006 10089.6635411613
178.500000000006 10079.1678860342
179.550000000006 10068.9687949027
180.600000000006 10058.649146649
181.650000000006 10048.5412912523
182.700000000006 10038.353570336
183.750000000006 10028.242180216
184.800000000006 10018.3036263256
185.850000000006 10008.2568820261
186.900000000006 9998.33839196127
187.950000000006 9988.69976681478
189.000000000006 9978.71032893042
190.050000000006 9969.88516928373
191.100000000006 9960.78035836662
192.150000000007 9951.73953540625
193.200000000007 9942.63490277955
194.250000000007 9933.476851145
195.300000000007 9924.37493410673
196.350000000007 9915.38387713273
197.400000000007 9906.40965139792
198.450000000007 9897.55317167576
199.500000000007 9888.72446476223
200.550000000007 9880.08740481954
201.600000000007 9871.6276074699
202.650000000007 9863.21021476228
203.700000000007 9854.89734083958
204.750000000007 9846.84955900916
205.800000000007 9838.80674025779
206.850000000007 9831.15737674463
207.900000000007 9823.63451655761
208.950000000007 9816.5324832366
210.000000000007 9809.68102237849
211.050000000007 9803.06320760802
212.100000000007 9796.87102576264
213.150000000007 9790.49884919741
214.200000000007 9784.07717392168
215.250000000007 9777.86341709489
216.300000000007 9772.67367475189
217.350000000007 9767.35159700076
218.400000000008 9762.31337254519
219.450000000008 9756.54293479963
220.500000000008 9751.77998905879
221.550000000008 9746.90564667043
222.600000000008 9742.50188736631
223.650000000008 9737.95232842026
224.700000000008 9733.31522826427
225.750000000008 9729.18077162811
226.800000000008 9725.55279354401
227.850000000008 9722.46072809285
228.900000000008 9719.37664189636
229.950000000008 9715.49489318105
231.000000000008 9712.00553739463
232.050000000008 9708.08413073123
233.100000000008 9705.26594935381
234.150000000008 9701.8361276465
235.200000000008 9699.13961899278
236.250000000008 9696.57915150901
237.300000000008 9694.33370528646
238.350000000008 9692.43286963317
239.400000000008 9690.89527620375
240.450000000008 9689.46815095092
241.500000000008 9688.46096352065
242.550000000008 9687.42812363595
243.600000000008 9686.71075464964
244.650000000009 9686.05437686847
245.700000000009 9685.60638491117
246.750000000009 9685.49827728767
247.800000000009 9685.5245538576
248.850000000009 9685.77614731115
249.900000000009 9686.19201506146
250.950000000009 9686.75647268119
252.000000000009 9687.4604678591
253.050000000009 9688.29933589881
254.100000000009 9689.24458148207
255.150000000009 9690.2703272781
256.200000000009 9691.44677098571
257.250000000008 9692.73693128373
258.300000000007 9694.17358627745
259.350000000006 9695.73440724906
260.400000000005 9697.45684802451
261.450000000004 9699.25896435043
262.500000000003 9701.14503068344
263.550000000002 9703.14804793831
264.600000000001 9705.17353596563
265.65 9707.3518882996
266.699999999999 9709.62531843035
267.749999999998 9712.00401828628
268.799999999997 9714.5116027422
269.849999999996 9717.12702309531
270.899999999995 9719.84290060089
271.949999999994 9722.66200942337
272.999999999993 9725.50403418842
274.049999999993 9728.48046139407
275.099999999992 9731.5123534859
276.149999999991 9734.64085666802
277.19999999999 9737.82040184814
278.249999999989 9741.0526714847
279.299999999988 9744.39985313791
280.349999999987 9747.84502155788
281.399999999986 9751.30634723503
282.449999999985 9754.81790662973
283.499999999984 9758.40222885203
284.549999999983 9761.9832829527
285.599999999982 9765.66694599666
286.649999999981 9769.35014894974
287.69999999998 9773.0940544344
288.749999999979 9776.88348021845
289.799999999978 9780.70303774014
290.849999999977 9784.49498171647
291.899999999976 9788.35596092604
292.949999999975 9792.25906081276
293.999999999974 9796.19281059836
295.049999999973 9800.13061666504
296.099999999972 9804.1193956905
297.149999999971 9808.08805198749
298.199999999971 9812.09326202357
299.24999999997 9816.11642476451
