0.0 1750.000000000002
1.05 1750.0000000000039
2.1 1749.999999999999
3.14999999999999 1750.0000000000011
4.19999999999999 1750.0000000000039
5.25 1749.9999999999968
6.30000000000001 1749.9999999999961
7.35000000000002 1749.9999999999961
8.40000000000001 1750.000000000001
9.44999999999999 1749.9999999999939
10.5 1750.0000000000011
11.5499999999999 1749.9999999999961
12.5999999999999 1749.999999999997
13.6499999999999 1750.0000000000011
14.6999999999999 1750.0
15.7499999999999 1750.0031810338203
16.7999999999999 1750.0409423105098
17.8499999999999 1750.1356650330902
18.9 1750.28507660886
19.95 1750.4846094212103
21.0 1750.7297116046102
22.0500000000001 1751.01588274764
23.1000000000001 1751.33869394193
24.1500000000002 1751.6938129801
25.2000000000002 1752.07705652714
26.2500000000002 1752.48446399661
27.3000000000003 1752.91231553713
28.3500000000003 1753.3570642284901
29.4000000000004 1753.81547001456
30.4500000000004 1754.28453784998
31.5000000000004 1754.76156555742
32.5500000000005 1755.2446664018598
33.6000000000005 1755.7296023023205
34.6500000000006 1756.2112512419499
35.7000000000006 1756.68438513929
36.7500000000006 1757.1392675786997
37.8000000000007 1757.5665504805897
38.8500000000007 1757.95236944108
39.9000000000008 1758.28345512541
40.9500000000008 1758.5474569780604
42.0000000000008 1758.7343616962698
43.0500000000009 1758.8342551408095
44.1000000000009 1758.8438068476698
45.150000000001 1758.7666552747605
46.200000000001 1758.6118557041505
47.250000000001 1758.3882168709401
48.3000000000011 1758.0983237410906
49.3500000000011 1757.7464529182103
50.4000000000011 1757.3378604893505
51.4500000000012 1756.8779714826405
52.5000000000012 1756.3722612871402
53.5500000000013 1755.8224741783297
54.6000000000013 1755.2344815302504
55.6500000000013 1754.6166338385297
56.7000000000014 1753.97708780541
57.7500000000014 1753.3204441564599
58.8000000000015 1752.65485506583
59.8500000000015 1751.98862053017
60.9000000000015 1751.3295469205495
61.9500000000016 1750.68500440341
63.0000000000016 1750.0605398175203
64.0500000000017 1749.4597156544905
65.1000000000017 1748.8857258357903
66.1500000000017 1748.33826500541
67.2000000000018 1747.8188058517298
68.2500000000018 1747.3302978168495
69.3000000000019 1746.8713881989097
70.3500000000019 1746.44172015397
71.4000000000019 1746.04257694215
72.450000000002 1745.6758922275603
73.500000000002 1745.3436844969
74.5500000000021 1745.0460146186506
75.6000000000021 1744.7835927671504
76.6500000000021 1744.55467586339
77.7000000000022 1744.3597397229396
78.7500000000022 1744.1995360355604
79.8000000000023 1744.07443394471
80.8500000000023 1743.98456160127
81.9000000000023 1743.9299362500396
82.9500000000024 1743.9105155813195
84.0000000000024 1743.9261799143096
85.0500000000025 1743.97673299097
86.1000000000025 1744.06174522538
87.1500000000025 1744.1803781898097
88.2000000000026 1744.3314554818307
89.2500000000026 1744.51362706066
90.3000000000027 1744.7254325174
91.3500000000027 1744.96534747242
92.4000000000027 1745.2318531090696
93.4500000000028 1745.5234010624808
94.5000000000028 1745.8383693761898
95.5500000000029 1746.1751168003711
96.6000000000029 1746.5319839463
97.6500000000029 1746.9071867101602
98.700000000003 1747.2990261047999
99.750000000003 1747.7057930606297
100.800000000003 1748.1258205946306
101.850000000003 1748.5575859006613
102.900000000003 1748.9996560624895
103.950000000003 1749.4506041064105
105.000000000003 1749.9090298860792
106.050000000003 1750.3736611479198
107.100000000003 1750.843332672971
108.150000000003 1751.31690854093
109.200000000003 1751.7934061223805
110.250000000003 1752.2720254093801
111.300000000003 1752.7520445969312
112.350000000003 1753.2327684153997
113.400000000004 1753.7135765576004
114.450000000004 1754.1938728511095
115.500000000004 1754.6730696754494
116.550000000004 1755.15066645582
117.600000000004 1755.6261730321094
118.650000000004 1756.0991505641396
119.700000000004 1756.5692951628207
120.750000000004 1757.0364248139485
121.800000000004 1757.5004006299714
122.850000000004 1757.9611248065394
123.900000000004 1758.4184993480903
124.950000000004 1758.8724209329903
126.000000000004 1759.3227854628694
127.050000000004 1759.7695050758593
128.100000000004 1760.2125092829192
129.150000000004 1760.6517329265807
130.200000000004 1761.0871160610986
131.250000000004 1761.5186066630795
132.300000000004 1761.9461556511105
133.350000000004 1762.3697253923092
134.400000000004 1762.7892871120293
135.450000000004 1763.2048350903187
136.500000000004 1763.6163859893186
137.550000000004 1764.0239754491504
138.600000000004 1764.4276116809906
139.650000000005 1764.8272927112812
140.700000000005 1765.2230314275093
141.750000000005 1765.6148333051806
142.800000000005 1766.0027176697495
143.850000000005 1766.3867198329008
144.900000000005 1766.7668735135994
145.950000000005 1767.1432074696004
147.000000000005 1767.5157563968005
148.050000000005 1767.8845726987001
149.100000000005 1768.2497063267
150.150000000005 1768.611207866701
151.200000000005 1768.9691323982006
152.250000000005 1769.3235885538998
153.300000000005 1769.6746867537004
154.350000000005 1770.0225107011993
155.400000000005 1770.367185253901
156.450000000005 1770.7088207115994
157.500000000005 1771.0475790812998
158.550000000005 1771.3835768316003
159.600000000005 1771.7168998447996
160.650000000005 1772.0476337231994
161.700000000005 1772.375863789899
162.750000000005 1772.7016917857
163.800000000005 1773.0252409276
164.850000000005 1773.346656416501
165.900000000006 1773.6660549022
166.950000000006 1773.983562887901
168.000000000006 1774.2992852370007
169.050000000006 1774.613350166499
170.100000000006 1774.9258572888011
171.150000000006 1775.2369044818006
172.200000000006 1775.5466408225984
173.250000000006 1775.8552887189999
174.300000000006 1776.163009621101
175.350000000006 1776.469893584299
176.400000000006 1776.7760462736005
177.450000000006 1777.0816223023994
178.500000000006 1777.3868012880012
179.550000000006 1777.6916863810002
180.600000000006 1777.996348307899
181.650000000006 1778.3008537068
182.700000000006 1778.6053058608995
183.750000000006 1778.9098785696006
184.800000000006 1779.2146563131992
185.850000000006 1779.5197063369997
186.900000000006 1779.8250906619014
187.950000000006 1780.1308794649995
189.000000000006 1780.4371255061997
190.050000000006 1780.7438679355982
191.100000000006 1781.0511462052
192.150000000007 1781.3590051567007
193.200000000007 1781.6674766931992
194.250000000007 1781.9765893842996
195.300000000007 1782.286380805599
196.350000000007 1782.596892871601
197.400000000007 1782.9081483525006
198.450000000007 1783.220180841001
199.500000000007 1783.533019931001
200.550000000007 1783.8466827439006
201.600000000007 1784.161198509999
202.650000000007 1784.4765852614
203.700000000007 1784.7928574971993
204.750000000007 1785.1100449772002
205.800000000007 1785.4281576356007
206.850000000007 1785.7471942655993
207.900000000007 1786.0671557598998
208.950000000007 1786.3880405154996
210.000000000007 1786.7098572692012
211.050000000007 1787.0326033550991
212.100000000007 1787.3562768664979
213.150000000007 1787.6808654450015
214.200000000007 1788.0063539338007
215.250000000007 1788.3327281907004
216.300000000007 1788.659971065099
217.350000000007 1788.9880650040013
218.400000000008 1789.3169935987007
219.450000000008 1789.6467418602988
220.500000000008 1789.9773055387977
221.550000000008 1790.3086688771
222.600000000008 1790.6408101488996
223.650000000008 1790.9737116623983
224.700000000008 1791.307354956998
225.750000000008 1791.6417184529982
226.800000000008 1791.9767864217993
227.850000000008 1792.3125543397018
228.900000000008 1792.6490166601998
229.950000000008 1792.986197882201
231.000000000008 1793.3241379775009
232.050000000008 1793.662833989998
233.100000000008 1794.0029388732983
234.150000000008 1794.429453184799
235.200000000008 1795.2257474317994
236.250000000008 1796.6974674618978
237.300000000008 1799.0097577457018
238.350000000008 1802.1747781658996
239.400000000008 1806.1920416073008
240.450000000008 1811.0610677127988
241.500000000008 1816.781382516103
242.550000000008 1823.3525184505015
243.600000000008 1830.7740142523035
244.650000000009 1839.0454149504985
245.700000000009 1848.1662718531989
246.750000000009 1858.136142580497
247.800000000009 1868.9545912149988
248.850000000009 1880.6211881023992
249.900000000009 1893.1355099173015
250.950000000009 1906.4971395517969
252.000000000009 1920.7056660513008
253.050000000009 1935.7606845787013
254.100000000009 1951.6617963917997
255.150000000009 1968.408608774098
256.200000000009 1986.0007349922016
257.250000000008 2004.4377943824002
258.300000000007 2023.7194123334993
259.350000000006 2043.8452202724002
260.400000000005 2064.8148556710985
261.450000000004 2086.6279620288005
262.500000000003 2109.2841887901996
263.550000000002 2132.783191304199
264.600000000001 2157.1246307906003
265.65 2182.308174324302
266.699999999999 2208.3334949380005
267.749999999998 2235.2002715790004
268.799999999997 2262.9081890466987
269.849999999996 2291.4569380959
270.899999999995 2320.8462153779
271.949999999994 2351.075723438
272.999999999993 2382.145170625001
274.049999999993 2414.0542710223017
275.099999999992 2446.802744540102
276.149999999991 2480.390316874302
277.19999999999 2514.8167194730995
278.249999999989 2550.0816895352
279.299999999988 2586.1849700152015
280.349999999987 2623.1263096285984
281.399999999986 2660.905462875602
282.449999999985 2699.5221898858
283.499999999984 2738.9762564419034
284.549999999983 2779.267433995199
285.599999999982 2820.395499637598
286.649999999981 2862.3602360802033
287.69999999998 2905.1614316576997
288.749999999979 2948.7988803353
289.799999999978 2993.2723816815997
290.849999999977 3038.5817408404982
291.899999999976 3084.726768488701
292.949999999975 3131.707280912902
293.999999999974 3179.523099972099
295.049999999973 3228.174053062299
296.099999999972 3277.659973121503
297.149999999971 3327.9806986205003
298.199999999971 3379.136073546102
299.24999999997 3431.1259473784994
