16.5599999999999 1257.34266824044
17.6099999999999 1264.0369289517
18.66 1442.71318629739
19.71 1448.43759517941
20.76 1624.98727233409
21.8100000000001 1717.50810140816
22.8600000000001 1808.03369682505
23.9100000000001 1898.03781081024
24.9600000000002 1984.28722529039
26.0100000000002 1987.29997364418
27.0600000000003 2149.72970207924
28.1100000000003 2233.26251730075
29.1600000000003 2323.04136871881
30.2100000000004 2410.14927910456
31.2600000000004 2489.35634450053
32.3100000000005 2576.31293820705
33.3600000000005 2663.45535155132
34.4100000000005 2663.49775819929
35.4600000000006 2818.10841260942
36.5100000000006 2892.49868553163
37.5600000000007 2975.54276537371
38.6100000000007 3102.17226479103
39.6600000000007 3165.86155465742
40.7100000000008 3159.1479858605
41.7600000000008 3283.98535530737
42.8100000000009 3340.65450194396
43.8600000000009 3397.61253082502
44.9100000000009 3455.47102724932
45.960000000001 3516.68818107809
47.010000000001 3588.4673330747
48.0600000000011 3656.24679764821
49.1100000000011 3721.24930570432
50.1600000000011 3783.88040200785
51.2100000000012 3849.45611238546
52.2600000000012 3993.07700934818
53.3100000000013 3988.7248452326
54.3600000000013 4119.55842133607
55.4100000000013 4116.76796955192
56.4600000000014 4260.44651162451
57.5100000000014 4258.82036434801
58.5600000000015 4318.25653619097
59.6100000000015 4456.53646781
60.6600000000015 4527.91955016436
61.7100000000016 4598.18272177035
62.7600000000016 4673.09153384781
63.8100000000017 4745.09999569582
64.8600000000017 4820.11884168481
65.9100000000017 4893.71405269683
66.9600000000018 4958.55997927692
68.0100000000018 5029.31950584502
69.0600000000018 5105.44256017556
70.1100000000019 5235.73906252761
71.1600000000019 5238.71571958219
72.210000000002 5305.85433488275
73.260000000002 5446.48630981421
74.310000000002 5449.85389230247
75.3600000000021 5592.88354444935
76.4100000000021 5596.1054722332
77.4600000000022 5651.11407352448
78.5100000000022 5654.50025365537
79.5600000000022 5748.44699517618
80.6100000000023 5817.19853344378
81.6600000000023 5870.3017524061
82.7100000000024 5929.12214626735
83.7600000000024 5984.53398699543
84.8100000000024 6037.0378038774
85.8600000000025 6088.9643070054
86.9100000000025 6138.85990901702
87.9600000000026 6195.2917171759
89.0100000000026 6251.56144244287
90.0600000000026 6304.28698822995
91.1100000000027 6343.79289136696
92.1600000000027 6346.35839795587
93.2100000000028 6357.74424039481
94.2600000000028 6480.20855035129
95.3100000000028 6518.18880503708
96.3600000000029 6609.24816650336
97.4100000000029 6610.98817137779
98.460000000003 6749.30651276348
99.510000000003 6819.30862014363
100.560000000003 6820.52042009504
101.610000000003 6880.34933763824
102.660000000003 7006.20092106643
103.710000000003 7076.07024001546
104.760000000003 7145.8048983669
105.810000000003 7213.9304984472
106.860000000003 7284.89415553644
107.910000000003 7353.77764844411
108.960000000003 7419.09993010552
110.010000000003 7480.89433128859
111.060000000003 7558.3998581524
112.110000000003 7626.96936309335
113.160000000004 7788.74293665319
114.210000000004 7873.40248075011
115.260000000004 7942.76270960319
116.310000000004 8008.63346409502
117.360000000004 8085.25981077793
118.410000000004 8150.5579979858
119.460000000004 8218.77974469887
120.510000000004 8297.29064034413
121.560000000004 8296.82958662009
122.610000000004 8355.18741380883
123.660000000004 8491.0218721103
124.710000000004 8558.19678981947
125.760000000004 8632.25285873214
126.810000000004 8698.91961857546
127.860000000004 8763.12114845764
128.910000000004 8912.7114956784
129.960000000004 8982.31959780467
131.010000000004 9055.36054025324
132.060000000004 9130.35823868306
133.110000000004 9198.48361523903
134.160000000004 9197.94795340283
135.210000000004 9256.74425976461
136.260000000004 9307.65789745131
137.310000000004 9444.45564192265
138.360000000004 9518.51794885462
139.410000000005 9582.72236903982
140.460000000005 9652.3450641069
141.510000000005 9719.99990011497
142.560000000005 9809.30602441862
143.610000000005 9873.04113762873
144.660000000005 10012.3408224928
145.710000000005 10083.9497116355
146.760000000005 10083.4548761706
147.810000000005 10223.2790187135
148.860000000005 10292.9518496738
149.910000000005 10364.5974602224
150.960000000005 10364.1331004996
152.010000000005 10489.7214095062
153.060000000005 10558.4540951891
154.110000000005 10558.0278791823
155.160000000005 10697.4445371124
156.210000000005 10697.0481827176
157.260000000005 10842.3908885703
158.310000000005 10910.2245732095
159.360000000005 10983.4679632329
160.410000000005 11051.3248919427
161.460000000005 11120.191302844
162.510000000005 11191.5044825023
163.560000000005 11265.7909588018
164.610000000005 11401.4136858005
165.660000000006 11467.3774788822
166.710000000006 11542.2038054114
167.760000000006 11607.2146862596
168.810000000006 11676.1732504441
169.860000000006 11744.6521466421
170.910000000006 11822.479892273
171.960000000006 11822.3031036709
173.010000000006 11942.827119342
174.060000000006 12022.2020789876
175.110000000006 12089.7862809474
176.160000000006 12161.3273606509
177.210000000006 12222.5528914692
178.260000000006 12289.7084749991
179.310000000006 12426.5473966132
180.360000000006 12426.5017235336
181.410000000006 12494.6612615008
182.460000000006 12547.0785577035
183.510000000006 12680.0322617162
184.560000000006 12680.0408068241
185.610000000006 12811.0221760018
186.660000000006 12811.048869757
187.710000000006 12937.6013519856
188.760000000006 13005.3409989595
189.810000000006 13074.0862582998
190.860000000006 13143.3328815706
191.910000000007 13226.9129020784
192.960000000007 13299.1344526677
194.010000000007 13368.3978826299
195.060000000007 13430.7423961533
196.110000000007 13508.4150361946
197.160000000007 13589.0422015167
198.210000000007 13724.056870383
199.260000000007 13724.1576899011
200.310000000007 13789.0125179555
201.360000000007 13936.3701983915
202.410000000007 14008.630545865
203.460000000007 14008.747499298
204.510000000007 14149.6900392578
205.560000000007 14224.420366077
206.610000000007 14293.7265544591
207.660000000007 14375.3400248168
208.710000000007 14438.750027066
209.760000000007 14508.563708476
210.810000000007 14572.4658906314
211.860000000007 14644.7422410594
212.910000000007 14716.0239644109
213.960000000007 14786.3216929453
215.010000000007 14935.6363339773
216.060000000007 15006.422939379
217.110000000007 15077.6994729514
218.160000000007 15155.3619269797
219.210000000008 15155.4938779401
220.260000000008 15289.5728768569
221.310000000008 15369.1807822169
222.360000000008 15438.0016237138
223.410000000008 15509.2713625816
224.460000000008 15576.6206973844
225.510000000008 15644.4585479056
226.560000000008 15708.8640470975
227.610000000008 15771.3044548067
228.660000000008 15771.4326398031
229.710000000008 15771.5652929119
230.760000000008 15771.7022050899
231.810000000008 15771.8390344751
232.860000000008 15771.9757811204
233.910000000008 15785.5094206427
234.960000000008 15831.3673958855
236.010000000008 15907.5522370463
237.060000000008 15994.2826114194
238.110000000008 16080.019871421
239.160000000008 16164.7662242947
240.210000000008 16248.5238487495
241.260000000008 16331.2948950851
242.310000000008 16413.0814853152
243.360000000008 16493.8857132896
244.410000000008 16573.7096448136
245.460000000009 16652.5553177667
246.510000000009 16730.4247422191
247.560000000009 16807.3199005461
248.610000000009 16883.2427475413
249.660000000009 16903.4751602125
250.710000000009 16903.4751602125
251.760000000009 16903.4751602125
252.810000000009 16903.4751602125
253.860000000009 16903.4751602125
254.910000000009 16903.4751602125
255.960000000009 16903.4751602125
257.010000000008 16903.4751602125
258.060000000007 16903.4751602125
259.110000000006 16903.4751602125
260.160000000005 16903.4751602125
261.210000000004 16903.4751602125
262.260000000003 16903.4751602125
263.310000000002 16903.4751602125
264.360000000001 16903.4751602125
265.41 16903.4751602125
266.459999999999 16903.4751602125
267.509999999998 16903.4751602125
268.559999999998 16903.4751602125
269.609999999997 16903.4751602125
270.659999999996 16903.4751602125
271.709999999995 16903.4751602125
272.759999999994 16903.4751602125
273.809999999993 16903.4751602125
274.859999999992 16903.4751602125
275.909999999991 16903.4751602125
276.95999999999 16903.4751602125
278.009999999989 16903.4751602125
279.059999999988 16903.4751602125
280.109999999987 16903.4751602125
281.159999999986 16903.4751602125
282.209999999985 16903.4751602125
283.259999999984 16903.4751602125
284.309999999983 16903.4751602125
285.359999999982 16903.4751602125
286.409999999981 16903.4751602125
287.45999999998 16903.4751602125
288.509999999979 16903.4751602125
289.559999999978 16903.4751602125
290.609999999977 16903.4751602125
291.659999999976 16903.4751602125
292.709999999976 16903.4751602125
293.759999999975 16903.4751602125
294.809999999974 16903.4751602125
295.859999999973 16903.4751602125
296.909999999972 16903.4751602125
297.959999999971 16903.4751602125
299.00999999997 16903.4751602125
