50.1600000000011 3783.88040200785
51.2100000000012 3849.45611238546
52.2600000000012 3993.07700934818
53.3100000000013 3988.7248452326
54.3600000000013 4119.55842133607
55.4100000000013 4116.76796955192
56.4600000000014 4260.44651162451
57.5100000000014 4258.82036434801
58.5600000000015 4318.25653619097
59.6100000000015 4456.53646781
60.6600000000015 4527.91955016436
61.7100000000016 4598.18272177035
62.7600000000016 4673.09153384781
63.8100000000017 4745.09999569582
64.8600000000017 4820.11884168481
65.9100000000017 4893.71405269683
66.9600000000018 4958.55997927692
68.0100000000018 5029.31950584502
69.0600000000018 5105.44256017556
70.1100000000019 5235.73906252761
71.1600000000019 5238.71571958219
72.210000000002 5305.85433488275
73.260000000002 5446.48630981421
74.310000000002 5449.85389230247
75.3600000000021 5592.88354444935
76.4100000000021 5596.1054722332
77.4600000000022 5651.11407352448
78.5100000000022 5654.50025365537
79.5600000000022 5748.44699517618
80.6100000000023 5817.19853344378
81.6600000000023 5870.3017524061
82.7100000000024 5929.12214626735
83.7600000000024 5984.53398699543
84.8100000000024 6037.0378038774
85.8600000000025 6088.9643070054
86.9100000000025 6138.85990901702
87.9600000000026 6195.2917171759
89.0100000000026 6251.56144244287
90.0600000000026 6304.28698822995
91.1100000000027 6343.79289136696
92.1600000000027 6346.35839795587
93.2100000000028 6357.74424039481
94.2600000000028 6480.20855035129
95.3100000000028 6518.18880503708
96.3600000000029 6609.24816650336
97.4100000000029 6610.98817137779
98.460000000003 6749.30651276348
99.510000000003 6819.30862014363
100.560000000003 6820.52042009504
101.610000000003 6880.34933763824
102.660000000003 7006.20092106643
103.710000000003 7076.07024001546
104.760000000003 7145.8048983669
105.810000000003 7213.9304984472
106.860000000003 7284.89415553644
107.910000000003 7353.77764844411
108.960000000003 7419.09993010552
110.010000000003 7480.89433128859
111.060000000003 7558.3998581524
112.110000000003 7626.96936309335
113.160000000004 7788.74293665319
114.210000000004 7873.40248075011
115.260000000004 7942.76270960319
116.310000000004 8008.63346409502
117.360000000004 8085.25981077793
118.410000000004 8150.5579979858
119.460000000004 8218.77974469887
120.510000000004 8297.29064034413
121.560000000004 8296.82958662009
122.610000000004 8355.18741380883
123.660000000004 8491.0218721103
124.710000000004 8558.19678981947
125.760000000004 8632.25285873214
126.810000000004 8698.91961857546
127.860000000004 8763.12114845764
128.910000000004 8912.7114956784
129.960000000004 8982.31959780467
131.010000000004 9055.36054025324
132.060000000004 9130.35823868306
133.110000000004 9198.48361523903
134.160000000004 9197.94795340283
135.210000000004 9256.74425976461
136.260000000004 9307.65789745131
137.310000000004 9444.45564192265
138.360000000004 9518.51794885462
139.410000000005 9582.72236903982
140.460000000005 9652.3450641069
141.510000000005 9719.99990011497
142.560000000005 9809.30602441862
143.610000000005 9873.04113762873
144.660000000005 10012.3408224928
145.710000000005 10083.9497116355
146.760000000005 10083.4548761706
147.810000000005 10223.2790187135
148.860000000005 10292.9518496738
149.910000000005 10364.5974602224
150.960000000005 10364.1331004996

