16.5599999999999 1665.54765356656
17.6099999999999 1671.89900134281
18.66 1825.6391430596
19.71 1831.085541606
20.76 1984.24932956047
21.8100000000001 2063.89597978886
22.8600000000001 2141.94570074782
23.9100000000001 2219.54179675885
24.9600000000002 2296.36011656217
26.0100000000002 2299.25018904398
27.0600000000003 2446.29324705916
28.1100000000003 2520.83606339941
29.1600000000003 2597.17569392315
30.2100000000004 2673.14050178449
31.2600000000004 2745.70872770932
32.3100000000005 2821.27950734854
33.3600000000005 2895.82496483966
34.4100000000005 2895.86604787486
35.4600000000006 3038.27116048958
36.5100000000006 3108.07926201041
37.5600000000007 3179.96410265285
38.6100000000007 3311.11534326007
39.6600000000007 3374.95725339859
40.7100000000008 3368.43290215316
41.7600000000008 3496.64737252668
42.8100000000009 3556.09731101029
43.8600000000009 3615.53111016037
44.9100000000009 3675.54042721328
45.960000000001 3737.29225397363
47.010000000001 3802.90471094187
48.0600000000011 3867.3703221836
49.1100000000011 3931.2676345954
50.1600000000011 3994.68880204842
51.2100000000012 4059.44647693046
52.2600000000012 4196.50528871649
53.3100000000013 4192.27022593553
54.3600000000013 4325.74800529646
55.4100000000013 4323.03344092167
56.4600000000014 4461.0315529815
57.5100000000014 4459.44845644318
58.5600000000015 4524.95787559169
59.6100000000015 4663.2348154611
60.6600000000015 4733.63747659997
61.7100000000016 4804.81385635684
62.7600000000016 4877.11761835831
63.8100000000017 4948.7417821174
64.8600000000017 5021.46241163062
65.9100000000017 5093.71596932672
66.9600000000018 5163.2568197425
68.0100000000018 5234.88716594831
69.0600000000018 5308.07301091547
70.1100000000019 5445.60357953243
71.1600000000019 5448.49755565781
72.210000000002 5519.04607452208
73.260000000002 5660.21858918297
74.310000000002 5663.49079295689
75.3600000000021 5805.46965209991
76.4100000000021 5808.60062594399
77.4600000000022 5875.28316620425
78.5100000000022 5878.5687566825
79.5600000000022 6004.68765768198
80.6100000000023 6075.88989605774
81.6600000000023 6142.04931808533
82.7100000000024 6210.73191905448
83.7600000000024 6277.63863797894
84.8100000000024 6343.606353693
85.8600000000025 6409.35793363204
86.9100000000025 6474.42348370106
87.9600000000026 6541.49521594606
89.0100000000026 6608.43099029087
90.0600000000026 6674.14947544896
91.1100000000027 6735.59471691375
92.1600000000027 6738.03254687304
93.2100000000028 6790.42019504717
94.2600000000028 6925.77374721605
95.3100000000028 6986.41250788543
96.3600000000029 7111.06105104694
97.4100000000029 7112.69346521566
98.460000000003 7251.92965478742
99.510000000003 7322.18419558275
100.560000000003 7323.32085364024
101.610000000003 7390.19057280569
102.660000000003 7525.81618046762
103.710000000003 7595.63705241956
104.760000000003 7665.33249038328
105.810000000003 7734.44513858281
106.860000000003 7804.3675530649
107.910000000003 7873.57459369725
108.960000000003 7941.60257917095
110.010000000003 8008.48795683849
111.060000000003 8080.21950729484
112.110000000003 8149.81246690104
113.160000000004 8295.32692766204
114.210000000004 8369.18640716967
115.260000000004 8438.22515617716
116.310000000004 8506.14037572311
117.360000000004 8577.38984502115
118.410000000004 8645.07410668559
119.460000000004 8714.33477480887
120.510000000004 8786.12735829605
121.560000000004 8785.69422810594
122.610000000004 8851.16466586381
123.660000000004 8988.37925915573
124.710000000004 9056.59767673821
125.760000000004 9126.96976715609
126.810000000004 9195.0181126801
127.860000000004 9262.29154550385
128.910000000004 9404.48503251099
129.960000000004 9473.45024044473
131.010000000004 9543.48786380569
132.060000000004 9614.13662401226
133.110000000004 9682.63088928188
134.160000000004 9682.12735869489
135.210000000004 9747.69941292234
136.260000000004 9810.81061932846
137.310000000004 9948.31792094659
138.360000000004 10019.3675990823
139.410000000005 10086.6498584762
140.460000000005 10155.6279558023
141.510000000005 10223.9920501743
142.560000000005 10299.1332382704
143.610000000005 10366.2755064877
144.660000000005 10504.5927275913
145.710000000005 10574.2061567136
146.760000000005 10573.741281809
147.810000000005 10712.9197431539
148.860000000005 10781.9465093095
149.910000000005 10851.5958842766
150.960000000005 10851.159467726
152.010000000005 10985.218386203
153.060000000005 11053.9777745509
154.110000000005 11053.5775821975
155.160000000005 11192.005021406
156.210000000005 11191.6328226835
157.260000000005 11331.9302881764
158.310000000005 11400.4613369615
159.360000000005 11470.6871594519
160.410000000005 11539.2396754123
161.460000000005 11608.8011378105
162.510000000005 11678.4452623003
163.560000000005 11749.0381537612
164.610000000005 11886.3643760052
165.660000000006 11954.3691679212
166.710000000006 12025.1613837182
167.760000000006 12092.8855887339
168.810000000006 12161.8574290896
169.860000000006 12230.6864119631
170.910000000006 12302.45428944
171.960000000006 12302.2879920009
173.010000000006 12434.972858703
174.060000000006 12507.2630503679
175.110000000006 12575.8670870076
176.160000000006 12645.7270312395
177.210000000006 12712.3601931817
178.260000000006 12780.8714301745
179.310000000006 12918.7276751195
180.360000000006 12918.6847708449
181.410000000006 12987.5226383014
182.460000000006 13051.4513597165
183.510000000006 13188.8139062438
184.560000000006 13188.8219184597
185.610000000006 13324.8946169974
186.660000000006 13324.9196318938
187.710000000006 13459.6297136891
188.760000000006 13528.3875911345
189.810000000006 13597.4700463236
190.860000000006 13666.7130523307
191.910000000007 13740.428270203
192.960000000007 13810.6080805154
194.010000000007 13879.8669102041
195.060000000007 13946.9617944225
196.110000000007 14018.8553181686
197.160000000007 14091.6772797569
198.210000000007 14229.0583092156
199.260000000007 14229.1528800827
200.310000000007 14297.0531099153
201.360000000007 14438.3022912325
202.410000000007 14508.5236519845
203.460000000007 14508.6334187113
204.510000000007 14647.1990041633
205.560000000007 14718.2009339948
206.610000000007 14787.4994486447
207.660000000007 14860.6606330694
208.710000000007 14928.1141708771
209.760000000007 14997.5821474328
210.810000000007 15065.1928370242
211.860000000007 15135.4334634444
212.910000000007 15205.3558836667
213.960000000007 15274.9700877871
215.010000000007 15416.8539046143
216.060000000007 15486.6213520892
217.110000000007 15556.5420910961
218.160000000007 15628.4728041875
219.210000000008 15628.5970171545
220.260000000008 15765.6974866239
221.310000000008 15838.2326380076
222.360000000008 15907.3820283518
223.410000000008 15977.2997094286
224.460000000008 16045.9860103969
225.510000000008 16114.8250129807
226.560000000008 16182.5867030493
227.610000000008 16249.7329309807
228.660000000008 16249.8535242627
229.710000000008 16249.9783209116
230.760000000008 16250.1071242524
231.810000000008 16250.2358495707
232.860000000008 16250.3644969164
233.910000000008 16263.0958998644
234.960000000008 16306.2257655531
236.010000000008 16377.8444095398
237.060000000008 16459.3236223948
238.110000000008 16539.8127214609
239.160000000008 16601.8552889125
240.210000000008 16601.8552889125
241.260000000008 16601.8552889125
242.310000000008 16601.8552889125
243.360000000008 16601.8552889125
244.410000000008 16601.8552889125
245.460000000009 16601.8552889125
246.510000000009 16601.8552889125
247.560000000009 16601.8552889125
248.610000000009 16601.8552889125
249.660000000009 16601.8552889125
250.710000000009 16601.8552889125
251.760000000009 16601.8552889125
252.810000000009 16601.8552889125
253.860000000009 16601.8552889125
254.910000000009 16601.8552889125
255.960000000009 16601.8552889125
257.010000000008 16601.8552889125
258.060000000007 16601.8552889125
259.110000000006 16601.8552889125
260.160000000005 16601.8552889125
261.210000000004 16601.8552889125
262.260000000003 16601.8552889125
263.310000000002 16601.8552889125
264.360000000001 16601.8552889125
265.41 16601.8552889125
266.459999999999 16601.8552889125
267.509999999998 16601.8552889125
268.559999999998 16601.8552889125
269.609999999997 16601.8552889125
270.659999999996 16601.8552889125
271.709999999995 16601.8552889125
272.759999999994 16601.8552889125
273.809999999993 16601.8552889125
274.859999999992 16601.8552889125
275.909999999991 16601.8552889125
276.95999999999 16601.8552889125
278.009999999989 16601.8552889125
279.059999999988 16601.8552889125
280.109999999987 16601.8552889125
281.159999999986 16601.8552889125
282.209999999985 16601.8552889125
283.259999999984 16601.8552889125
284.309999999983 16601.8552889125
285.359999999982 16601.8552889125
286.409999999981 16601.8552889125
287.45999999998 16601.8552889125
288.509999999979 16601.8552889125
289.559999999978 16601.8552889125
290.609999999977 16601.8552889125
291.659999999976 16601.8552889125
292.709999999976 16601.8552889125
293.759999999975 16601.8552889125
294.809999999974 16601.8552889125
295.859999999973 16601.8552889125
296.909999999972 16601.8552889125
297.959999999971 16601.8552889125
299.00999999997 16601.8552889125
