50.1600000000011 3994.68880204842
51.2100000000012 4059.44647693046
52.2600000000012 4196.50528871649
53.3100000000013 4192.27022593553
54.3600000000013 4325.74800529646
55.4100000000013 4323.03344092167
56.4600000000014 4461.0315529815
57.5100000000014 4459.44845644318
58.5600000000015 4524.95787559169
59.6100000000015 4663.2348154611
60.6600000000015 4733.63747659997
61.7100000000016 4804.81385635684
62.7600000000016 4877.11761835831
63.8100000000017 4948.7417821174
64.8600000000017 5021.46241163062
65.9100000000017 5093.71596932672
66.9600000000018 5163.2568197425
68.0100000000018 5234.88716594831
69.0600000000018 5308.07301091547
70.1100000000019 5445.60357953243
71.1600000000019 5448.49755565781
72.210000000002 5519.04607452208
73.260000000002 5660.21858918297
74.310000000002 5663.49079295689
75.3600000000021 5805.46965209991
76.4100000000021 5808.60062594399
77.4600000000022 5875.28316620425
78.5100000000022 5878.5687566825
79.5600000000022 6004.68765768198
80.6100000000023 6075.88989605774
81.6600000000023 6142.04931808533
82.7100000000024 6210.73191905448
83.7600000000024 6277.63863797894
84.8100000000024 6343.606353693
85.8600000000025 6409.35793363204
86.9100000000025 6474.42348370106
87.9600000000026 6541.49521594606
89.0100000000026 6608.43099029087
90.0600000000026 6674.14947544896
91.1100000000027 6735.59471691375
92.1600000000027 6738.03254687304
93.2100000000028 6790.42019504717
94.2600000000028 6925.77374721605
95.3100000000028 6986.41250788543
96.3600000000029 7111.06105104694
97.4100000000029 7112.69346521566
98.460000000003 7251.92965478742
99.510000000003 7322.18419558275
100.560000000003 7323.32085364024
101.610000000003 7390.19057280569
102.660000000003 7525.81618046762
103.710000000003 7595.63705241956
104.760000000003 7665.33249038328
105.810000000003 7734.44513858281
106.860000000003 7804.3675530649
107.910000000003 7873.57459369725
108.960000000003 7941.60257917095
110.010000000003 8008.48795683849
111.060000000003 8080.21950729484
112.110000000003 8149.81246690104
113.160000000004 8295.32692766204
114.210000000004 8369.18640716967
115.260000000004 8438.22515617716
116.310000000004 8506.14037572311
117.360000000004 8577.38984502115
118.410000000004 8645.07410668559
119.460000000004 8714.33477480887
120.510000000004 8786.12735829605
121.560000000004 8785.69422810594
122.610000000004 8851.16466586381
123.660000000004 8988.37925915573
124.710000000004 9056.59767673821
125.760000000004 9126.96976715609
126.810000000004 9195.0181126801
127.860000000004 9262.29154550385
128.910000000004 9404.48503251099
129.960000000004 9473.45024044473
131.010000000004 9543.48786380569
132.060000000004 9614.13662401226
133.110000000004 9682.63088928188
134.160000000004 9682.12735869489
135.210000000004 9747.69941292234
136.260000000004 9810.81061932846
137.310000000004 9948.31792094659
138.360000000004 10019.3675990823
139.410000000005 10086.6498584762
140.460000000005 10155.6279558023
141.510000000005 10223.9920501743
142.560000000005 10299.1332382704
143.610000000005 10366.2755064877
144.660000000005 10504.5927275913
145.710000000005 10574.2061567136
146.760000000005 10573.741281809
147.810000000005 10712.9197431539
148.860000000005 10781.9465093095
149.910000000005 10851.5958842766
150.960000000005 10851.159467726

