16.5899999999999 1.9375
17.6399999999999 1.9375
18.69 1.826
19.74 1.826
20.79 1.72050000000001
21.8400000000001 1.66250000000001
22.8900000000001 1.60600000000001
23.9400000000002 1.54950000000001
24.9900000000002 1.50650000000001
26.0400000000002 1.50650000000001
27.0900000000003 1.43550000000002
28.1400000000003 1.39400000000002
29.1900000000003 1.33150000000002
30.2400000000004 1.27950000000003
31.2900000000004 1.24850000000003
32.3400000000005 1.19500000000003
33.3900000000005 1.13550000000003
34.4400000000005 1.13550000000003
35.4900000000006 1.07750000000003
36.5400000000006 1.05550000000004
37.5900000000007 1.00200000000004
38.6400000000007 1.02300000000004
39.6900000000007 1.02300000000004
40.7400000000008 1.02300000000004
41.7900000000008 1.03800000000004
42.8400000000009 1.05000000000004
43.8900000000009 1.06050000000004
44.9400000000009 1.06950000000004
45.990000000001 1.07100000000004
47.040000000001 1.04100000000004
48.0900000000011 1.02450000000004
49.1400000000011 1.01850000000004
50.1900000000011 1.02150000000004
51.2400000000012 1.01700000000004
52.2900000000012 0.985500000000037
53.3400000000013 0.985500000000037
54.3900000000013 0.997500000000038
55.4400000000013 0.997500000000038
56.4900000000014 0.970500000000037
57.5400000000014 0.970500000000037
58.5900000000015 0.999000000000038
59.6400000000015 0.999000000000038
60.6900000000015 0.994500000000038
61.7400000000016 0.999000000000038
62.7900000000016 0.987000000000037
63.8400000000017 0.985500000000037
64.8900000000017 0.975000000000037
65.9400000000017 0.969000000000036
66.9900000000018 0.991500000000037
68.0400000000018 0.996000000000037
69.0900000000019 0.982500000000037
70.1400000000019 1.01700000000004
71.1900000000019 1.01700000000004
72.240000000002 1.03350000000004
73.290000000002 1.03650000000004
74.340000000002 1.03650000000004
75.3900000000021 1.03200000000004
76.4400000000021 1.03200000000004
77.4900000000022 1.08750000000004
78.5400000000022 1.08750000000004
79.5900000000022 1.23900000000005
80.6400000000023 1.25100000000005
81.6900000000023 1.31250000000005
82.7400000000024 1.35900000000005
83.7900000000024 1.41300000000005
84.8400000000024 1.47600000000006
85.8900000000025 1.54050000000006
86.9400000000025 1.61100000000006
87.9900000000026 1.66050000000006
89.0400000000026 1.71000000000006
90.0900000000026 1.77000000000007
91.1400000000027 1.87050000000007
92.1900000000027 1.87050000000007
93.2400000000028 2.05650000000008
94.2900000000028 2.11500000000008
95.3400000000028 2.21700000000008
96.3900000000029 2.36700000000009
97.4400000000029 2.36700000000009
98.490000000003 2.37150000000009
99.540000000003 2.37300000000009
100.590000000003 2.37300000000009
101.640000000003 2.40450000000009
102.690000000003 2.44800000000009
103.740000000003 2.44800000000009
104.790000000003 2.44800000000009
105.840000000003 2.45250000000009
106.890000000003 2.44800000000009
107.940000000003 2.44950000000009
108.990000000003 2.46150000000009
110.040000000003 2.48400000000009
111.090000000003 2.45850000000009
112.140000000003 2.46300000000009
113.190000000004 2.39100000000009
114.240000000004 2.34300000000009
115.290000000004 2.34150000000009
116.340000000004 2.35050000000009
117.390000000004 2.32650000000009
118.440000000004 2.33700000000009
119.490000000004 2.34150000000009
120.540000000004 2.31150000000009
121.590000000004 2.31150000000009
122.640000000004 2.34300000000009
123.690000000004 2.34900000000009
124.740000000004 2.35350000000009
125.790000000004 2.33700000000009
126.840000000004 2.34300000000009
127.890000000004 2.35650000000009
128.940000000004 2.32350000000009
129.990000000004 2.32050000000009
131.040000000004 2.30700000000009
132.090000000004 2.28750000000009
133.140000000004 2.28900000000009
134.190000000004 2.28900000000009
135.240000000004 2.31900000000009
136.290000000004 2.37300000000009
137.340000000004 2.37600000000009
138.390000000004 2.36250000000009
139.440000000005 2.37600000000009
140.490000000005 2.37300000000009
141.540000000005 2.37600000000009
142.590000000005 2.31300000000009
143.640000000005 2.32800000000009
144.690000000005 2.32350000000009
145.740000000005 2.31450000000009
146.790000000005 2.31450000000009
147.840000000005 2.31150000000009
148.890000000005 2.30850000000009
149.940000000005 2.29950000000009
150.990000000005 2.29950000000009
152.040000000005 2.33700000000009
153.090000000005 2.33700000000009
154.140000000005 2.33700000000009
155.190000000005 2.33250000000009
156.240000000005 2.33250000000009
157.290000000005 2.31000000000009
158.340000000005 2.31300000000009
159.390000000005 2.29950000000009
160.440000000005 2.30250000000009
161.490000000005 2.30550000000009
162.540000000005 2.29800000000009
163.590000000005 2.28150000000009
164.640000000005 2.28900000000009
165.690000000006 2.29800000000009
166.740000000006 2.28000000000009
167.790000000006 2.29200000000009
168.840000000006 2.29200000000009
169.890000000006 2.29350000000009
170.940000000006 2.26650000000009
171.990000000006 2.26650000000009
173.040000000006 2.32050000000009
174.090000000006 2.28900000000009
175.140000000006 2.29350000000009
176.190000000006 2.28600000000009
177.240000000006 2.31000000000009
178.290000000006 2.31600000000009
179.340000000006 2.32050000000009
180.390000000006 2.32050000000009
181.440000000006 2.32350000000009
182.490000000006 2.37450000000009
183.540000000006 2.39400000000009
184.590000000006 2.39400000000009
185.640000000006 2.41650000000009
186.690000000006 2.41650000000009
187.740000000006 2.45250000000009
188.790000000006 2.45700000000009
189.840000000006 2.45850000000009
190.890000000006 2.45850000000009
191.940000000007 2.41500000000009
192.990000000007 2.40600000000009
194.040000000007 2.40600000000009
195.090000000007 2.42700000000009
196.140000000007 2.40150000000009
197.190000000007 2.36700000000009
198.240000000007 2.37750000000009
199.290000000007 2.37750000000009
200.340000000007 2.39100000000009
201.390000000007 2.36400000000009
202.440000000007 2.35500000000009
203.490000000007 2.35500000000009
204.540000000007 2.34450000000009
205.590000000007 2.32800000000009
206.640000000007 2.32800000000009
207.690000000007 2.29050000000009
208.740000000007 2.30850000000009
209.790000000007 2.30700000000009
210.840000000007 2.32350000000009
211.890000000007 2.31450000000009
212.940000000007 2.30850000000009
213.990000000007 2.30550000000009
215.040000000007 2.27250000000009
216.090000000007 2.26800000000009
217.140000000007 2.26200000000009
218.190000000008 2.23650000000008
219.240000000008 2.23650000000008
220.290000000008 2.25000000000009
221.340000000008 2.21850000000008
222.390000000008 2.22000000000008
223.440000000008 2.21400000000008
224.490000000008 2.22000000000008
225.540000000008 2.22450000000008
226.590000000008 2.23950000000008
227.640000000008 2.26050000000009
228.690000000008 2.26050000000009
229.740000000008 2.26050000000009
230.790000000008 2.26050000000009
231.840000000008 2.26050000000009
232.890000000008 2.26050000000009
233.940000000008 2.26050000000009
234.990000000008 2.26050000000009
236.040000000008 2.26050000000009
237.090000000008 2.26050000000009
238.140000000008 2.26050000000009
239.190000000008 2.26050000000009
240.240000000008 2.26050000000009
241.290000000008 2.26050000000009
242.340000000008 2.26050000000009
243.390000000008 2.26050000000009
244.440000000008 2.26050000000009
245.490000000009 2.26050000000009
246.540000000009 2.26050000000009
247.590000000009 2.26050000000009
248.640000000009 2.26050000000009
249.690000000009 2.26050000000009
250.740000000009 2.26050000000009
251.790000000009 2.26050000000009
252.840000000009 2.26050000000009
253.890000000009 2.26050000000009
254.940000000009 2.26050000000009
255.990000000009 2.26050000000009
257.040000000008 2.26050000000009
258.090000000007 2.26050000000009
259.140000000006 2.26050000000009
260.190000000005 2.26050000000009
261.240000000004 2.26050000000009
262.290000000003 2.26050000000009
263.340000000002 2.26050000000009
264.390000000001 2.26050000000009
265.44 2.26050000000009
266.489999999999 2.26050000000009
267.539999999998 2.26050000000009
268.589999999997 2.26050000000009
269.639999999997 2.26050000000009
270.689999999996 2.26050000000009
271.739999999995 2.26050000000009
272.789999999994 2.26050000000009
273.839999999993 2.26050000000009
274.889999999992 2.26050000000009
275.939999999991 2.26050000000009
276.98999999999 2.26050000000009
278.039999999989 2.26050000000009
279.089999999988 2.26050000000009
280.139999999987 2.26050000000009
281.189999999986 2.26050000000009
282.239999999985 2.26050000000009
283.289999999984 2.26050000000009
284.339999999983 2.26050000000009
285.389999999982 2.26050000000009
286.439999999981 2.26050000000009
287.48999999998 2.26050000000009
288.539999999979 2.26050000000009
289.589999999978 2.26050000000009
290.639999999977 2.26050000000009
291.689999999976 2.26050000000009
292.739999999976 2.26050000000009
293.789999999975 2.26050000000009
294.839999999974 2.26050000000009
295.889999999973 2.26050000000009
296.939999999972 2.26050000000009
297.989999999971 2.26050000000009
299.03999999997 2.26050000000009
