16.5599999999999 0.75
17.6099999999999 1.8
18.66 0.870000000000001
19.71 1.92
20.76 0.989999999999998
21.8100000000001 1.05
22.8600000000001 1.11
23.9100000000001 1.17
24.9600000000002 1.23
26.0100000000002 2.28
27.0600000000003 1.35
28.1100000000003 1.41
29.1600000000003 1.47
30.2100000000004 1.53
31.2600000000004 1.59
32.3100000000005 1.65
33.3600000000005 1.71
34.4100000000005 2.76
35.4600000000006 1.83000000000001
36.5100000000006 1.89
37.5600000000007 1.95
38.6100000000007 1.02
39.6600000000007 1.08
40.7100000000008 2.13
41.7600000000008 1.2
42.8100000000009 1.26000000000001
43.8600000000009 1.32
44.9100000000009 1.38
45.960000000001 1.44
47.010000000001 1.5
48.0600000000011 1.56
49.1100000000011 1.62
50.1600000000011 1.68
51.2100000000012 1.74
52.2600000000012 0.810000000000002
53.3100000000013 1.86000000000001
54.3600000000013 0.93
55.4100000000013 1.98
56.4600000000014 1.05
57.5100000000014 2.1
58.5600000000015 2.16
59.6100000000015 1.23
60.6600000000015 1.29
61.7100000000016 1.35
62.7600000000016 1.41
63.8100000000017 1.47000000000001
64.8600000000017 1.53
65.9100000000017 1.59
66.9600000000018 1.64999999999999
68.0100000000018 1.71000000000001
69.0600000000018 1.77000000000001
70.1100000000019 0.840000000000003
71.1600000000019 1.89
72.210000000002 1.94999999999999
73.260000000002 1.02000000000001
74.310000000002 2.07000000000001
75.3600000000021 1.14
76.4100000000021 2.19
77.4600000000022 2.25
78.5100000000022 3.30000000000001
79.5600000000022 2.37
80.6100000000023 2.43000000000001
81.6600000000023 2.48999999999999
82.7100000000024 2.55
83.7600000000024 2.61
84.8100000000024 2.67
85.8600000000025 2.73
86.9100000000025 2.78999999999999
87.9600000000026 2.84999999999999
89.0100000000026 2.91000000000001
90.0600000000026 2.97
91.1100000000027 3.03
92.1600000000027 4.08
93.2100000000028 4.14
94.2600000000028 3.21000000000001
95.3100000000028 3.27000000000001
96.3600000000029 2.34
97.4100000000029 3.39
98.460000000003 2.45999999999999
99.510000000003 2.52000000000001
100.560000000003 3.57000000000001
101.610000000003 3.63
102.660000000003 2.7
103.710000000003 2.75999999999999
104.760000000003 2.82000000000001
105.810000000003 2.88000000000001
106.860000000003 2.94
107.910000000003 3
108.960000000003 3.05999999999999
110.010000000003 3.12
111.060000000003 3.18000000000001
112.110000000003 3.23999999999999
113.160000000004 2.31
114.210000000004 2.36999999999999
115.260000000004 2.43000000000001
116.310000000004 2.49000000000001
117.360000000004 2.55
118.410000000004 2.61
119.460000000004 2.67
120.510000000004 2.73
121.560000000004 3.78
122.610000000004 3.84
123.660000000004 2.91
124.710000000004 2.97
125.760000000004 3.03
126.810000000004 3.09
127.860000000004 3.15000000000001
128.910000000004 2.22
129.960000000004 2.28000000000002
131.010000000004 2.34
132.060000000004 2.40000000000001
133.110000000004 2.45999999999998
134.160000000004 3.50999999999999
135.210000000004 3.57000000000002
136.260000000004 3.63
137.310000000004 2.70000000000002
138.360000000004 2.75999999999999
139.410000000005 2.81999999999999
140.460000000005 2.88
141.510000000005 2.94
142.560000000005 3
143.610000000005 3.05999999999997
144.660000000005 2.13
145.710000000005 2.19
146.760000000005 3.23999999999998
147.810000000005 2.31
148.860000000005 2.36999999999998
149.910000000005 2.43000000000001
150.960000000005 3.48000000000002
152.010000000005 2.54999999999998
153.060000000005 2.61000000000001
154.110000000005 3.66
155.160000000005 2.72999999999999
156.210000000005 3.78
157.260000000005 2.84999999999999
158.310000000005 2.91
159.360000000005 2.97
160.410000000005 3.03
161.460000000005 3.09
162.510000000005 3.15000000000001
163.560000000005 3.21000000000001
164.610000000005 2.27999999999997
165.660000000006 2.34
166.710000000006 2.40000000000001
167.760000000006 2.45999999999998
168.810000000006 2.52000000000001
169.860000000006 2.57999999999998
170.910000000006 2.63999999999999
171.960000000006 3.69
173.010000000006 2.75999999999999
174.060000000006 2.81999999999999
175.110000000006 2.88
176.160000000006 2.94
177.210000000006 3
178.260000000006 3.06
179.310000000006 2.13
180.360000000006 3.17999999999998
181.410000000006 3.24000000000001
182.460000000006 3.30000000000001
183.510000000006 2.37
184.560000000006 3.42000000000002
185.610000000006 2.48999999999998
186.660000000006 3.53999999999999
187.710000000006 2.61000000000001
188.760000000006 2.66999999999999
189.810000000006 2.72999999999999
190.860000000006 2.78999999999999
191.910000000007 2.84999999999999
192.960000000007 2.91
194.010000000007 2.97
195.060000000007 3.03
196.110000000007 3.08999999999997
197.160000000007 3.15000000000001
198.210000000007 2.22
199.260000000007 3.26999999999998
200.310000000007 3.33000000000001
201.360000000007 2.39999999999998
202.410000000007 2.46000000000001
203.460000000007 3.51000000000002
204.510000000007 2.57999999999998
205.560000000007 2.64000000000001
206.610000000007 2.69999999999999
207.660000000007 2.75999999999999
208.710000000007 2.82000000000002
209.760000000007 2.88
210.810000000007 2.94
211.860000000007 3
212.910000000007 3.06
213.960000000007 3.12
215.010000000007 2.19
216.060000000007 2.25
217.110000000007 2.30999999999997
218.160000000007 2.37
219.210000000008 3.42000000000002
220.260000000008 2.48999999999998
221.310000000008 2.55000000000001
222.360000000008 2.60999999999999
223.410000000008 2.66999999999999
224.460000000008 2.73000000000002
225.510000000008 2.78999999999999
226.560000000008 2.84999999999999
227.610000000008 2.91
228.660000000008 3.96000000000001
229.710000000008 5.01000000000002
230.760000000008 6.06
231.810000000008 7.11000000000001
232.860000000008 8.16
233.910000000008 9.21000000000001
234.960000000008 10.26
236.010000000008 11.31
237.060000000008 12.36
238.110000000008 13.41
239.160000000008 14.46
240.210000000008 15.51
241.260000000008 16.56
242.310000000008 17.61
243.360000000008 18.66
244.410000000008 19.71
245.460000000009 20.76
246.510000000009 21.81
247.560000000009 22.86
248.610000000009 23.91
249.660000000009 24.96
250.710000000009 26.01
251.760000000009 27.06
252.810000000009 28.11
253.860000000009 29.16
254.910000000009 30.21
255.960000000009 31.26
257.010000000008 32.31
258.060000000007 33.36
259.110000000006 34.41
260.160000000005 35.46
261.210000000004 36.51
262.260000000003 37.56
263.310000000002 38.61
264.360000000001 39.66
265.41 40.71
266.459999999999 41.76
267.509999999998 42.81
268.559999999998 43.86
269.609999999997 44.91
270.659999999996 45.96
271.709999999995 47.01
272.759999999994 48.06
273.809999999993 49.11
274.859999999992 50.16
275.909999999991 51.21
276.95999999999 52.26
278.009999999989 53.31
279.059999999988 54.36
280.109999999987 55.41
281.159999999986 56.46
282.209999999985 57.51
283.259999999984 58.56
284.309999999983 59.61
285.359999999982 60.66
286.409999999981 61.71
287.45999999998 62.76
288.509999999979 63.81
289.559999999978 64.86
290.609999999977 65.91
291.659999999976 66.96
292.709999999976 68.01
293.759999999975 69.06
294.809999999974 70.11
295.859999999973 71.16
296.909999999972 72.21
297.959999999971 73.26
299.00999999997 74.31
