0 70.0000000519278
1.05 69.9990636543169
2.1 69.9965231672053
3.14999999999999 69.9926079269493
4.19999999999999 69.98765070547
5.25 69.9819225192228
6.30000000000001 69.9758902769454
7.35000000000002 69.9696747733203
8.40000000000001 69.963322457147
9.44999999999999 69.9568547953466
10.5 69.9503317556763
11.5499999999999 69.9437807603812
12.5999999999999 69.937212014087
13.6499999999999 69.9306320035766
14.6999999999999 69.9240446694999
15.7499999999999 69.9047340821098
16.7999999999999 69.848919834375
17.8499999999999 69.7880594989869
18.9 69.7315167207827
19.95 69.6793439754754
21 69.6315189273653
22.0500000000001 69.587972011834
23.1000000000001 69.5486482376619
24.1500000000002 69.5134305506264
25.2000000000002 69.4821519261746
26.2500000000002 69.454576971954
27.3000000000003 69.4305228325209
28.3500000000003 69.4097980399749
29.4000000000004 69.3920605367668
30.4500000000004 69.3772123979348
31.5000000000004 69.3650044338679
32.5500000000005 69.355342375575
33.6000000000005 69.3530640546182
34.6500000000006 69.3532293716697
35.7000000000006 69.3632830026822
36.7500000000006 69.3800915854259
37.8000000000007 69.4095018976481
38.8500000000007 69.4521028875513
39.9000000000008 69.507596057581
40.9500000000008 69.5748170815145
42.0000000000008 69.6517492699312
43.0500000000009 69.7364559972871
44.1000000000009 69.8210018379735
45.150000000001 69.8992967894838
46.200000000001 69.9672277760233
47.250000000001 70.0310563604826
48.3000000000011 70.0924179141155
49.3500000000011 70.1477761399887
50.4000000000011 70.1993469594012
51.4500000000012 70.2448580344324
52.5000000000012 70.2871309623551
53.5500000000013 70.3276339277827
54.6000000000013 70.3600169122984
55.6500000000013 70.3843435229943
56.7000000000014 70.4025670635306
57.7500000000014 70.41575680473
58.8000000000015 70.4203535374745
59.8500000000015 70.4173877081191
60.9000000000015 70.407180997663
61.9500000000016 70.3904066995567
63.0000000000016 70.3701604937172
64.0500000000017 70.3455199590806
65.1000000000017 70.3207379481783
66.1500000000017 70.2955538641296
67.2000000000018 70.2675197643546
68.2500000000018 70.2380490073117
69.3000000000019 70.2119549960154
70.3500000000019 70.183612932494
71.4000000000019 70.1545924006297
72.450000000002 70.1231867064566
73.500000000002 70.0908810417434
74.5500000000021 70.0582979556967
75.6000000000021 70.0261680111418
76.6500000000021 69.9950649580181
77.7000000000022 69.9630863851989
78.7500000000022 69.9306236240082
79.8000000000023 69.897963912963
80.8500000000023 69.8652777651159
81.9000000000023 69.8326285731381
82.9500000000024 69.8000754891049
84.0000000000024 69.7676948953433
85.0500000000025 69.7355879505612
86.1000000000025 69.7040832961244
87.1500000000025 69.673588256933
88.2000000000026 69.6443356838863
89.2500000000026 69.6164335570104
90.3000000000027 69.5899920707028
91.3500000000027 69.5650083775138
92.4000000000027 69.5414857429597
93.4500000000028 69.5195067469131
94.5000000000028 69.4990988453777
95.5500000000029 69.4802418717717
96.6000000000029 69.4630619705392
97.6500000000029 69.4475716410139
98.700000000003 69.4336878375972
99.750000000003 69.4214455280305
100.800000000003 69.4107369697176
101.850000000003 69.4014346348875
102.900000000003 69.3934848208051
103.950000000003 69.3869061796128
105.000000000003 69.3816205213801
106.050000000003 69.3774726859573
107.100000000003 69.3744364514762
108.150000000003 69.3724374376041
109.200000000003 69.371279148666
110.250000000003 69.3708235907552
111.300000000003 69.3710513085229
112.350000000003 69.3719184634296
113.400000000004 69.3733333464352
114.450000000004 69.3753364159313
115.500000000004 69.3778449865176
116.550000000004 69.3808235485176
117.600000000004 69.3842476741892
118.650000000004 69.3880365740502
119.700000000004 69.3920394786831
120.750000000004 69.3961843069599
121.800000000004 69.4004313662591
122.850000000004 69.4047671678428
123.900000000004 69.4091841722339
124.950000000004 69.4136968747769
126.000000000004 69.4182962236103
127.050000000004 69.422960515593
128.100000000004 69.4276785169909
129.150000000004 69.4324479826648
130.200000000004 69.4372610731951
131.250000000004 69.4421119670009
132.300000000004 69.4469945058728
133.350000000004 69.4518980612715
134.400000000004 69.4568094973357
135.450000000004 69.4617056777002
136.500000000004 69.4665600698081
137.550000000004 69.471374183103
138.600000000004 69.4761844985663
139.650000000005 69.4809709863632
140.700000000005 69.4857387941431
141.750000000005 69.4904850624549
142.800000000005 69.4951907890642
143.850000000005 69.4998441641681
144.900000000005 69.5044583160286
145.950000000005 69.5090272771347
147.000000000005 69.5135403431673
148.050000000005 69.5179828494349
149.100000000005 69.5223614900056
150.150000000005 69.5266724375286
151.200000000005 69.5308977954913
152.250000000005 69.5349721475265
153.300000000005 69.5389464627199
154.350000000005 69.5428054998359
155.400000000005 69.5465226789923
156.450000000005 69.550098143749
157.500000000005 69.5534995764735
158.550000000005 69.5567945164709
159.600000000005 69.5599826173059
160.650000000005 69.5630681026321
161.700000000005 69.5660457530787
162.750000000005 69.5688920218836
163.800000000005 69.5715850671405
164.850000000005 69.5741222618737
165.900000000006 69.5765306182175
166.950000000006 69.5787979583759
168.000000000006 69.5809381484088
169.050000000006 69.5829359598105
170.100000000006 69.584827160422
171.150000000006 69.586577512151
172.200000000006 69.5881372123378
173.250000000006 69.589450093496
174.300000000006 69.5906408312293
175.350000000006 69.5917204091074
176.400000000006 69.5926529752169
177.450000000006 69.5933943809551
178.500000000006 69.5939738862567
179.550000000006 69.5944511428636
180.600000000006 69.5948466728275
181.650000000006 69.5951527934422
182.700000000006 69.5952866084866
183.750000000006 69.595269054536
184.800000000006 69.5951686586736
185.850000000006 69.5949833227736
186.900000000006 69.5947170757497
187.950000000006 69.5943642243005
189.000000000006 69.5939497547012
190.050000000006 69.5934810599958
191.100000000006 69.5929487745553
192.150000000007 69.5923612353711
193.200000000007 69.5917260928674
194.250000000007 69.591044990921
195.300000000007 69.5902965241971
196.350000000007 69.5895037453272
197.400000000007 69.5886689034018
198.450000000007 69.5877750194619
199.500000000007 69.5868460547891
200.550000000007 69.5858798212607
201.600000000007 69.5848639286405
202.650000000007 69.5838205071505
203.700000000007 69.58274127517
204.750000000007 69.581614929371
205.800000000007 69.5804751025861
206.850000000007 69.5793158807085
207.900000000007 69.5781449324509
208.950000000007 69.5769508030321
210.000000000007 69.575741981031
211.050000000007 69.5745180535284
212.100000000007 69.5732876450639
213.150000000007 69.572058463374
214.200000000007 69.5708297978381
215.250000000007 69.5696022162013
216.300000000007 69.5683796911582
217.350000000007 69.5671626090352
218.400000000008 69.5659495370773
219.450000000008 69.5647361050621
220.500000000008 69.5635158408896
221.550000000008 69.5623073744556
222.600000000008 69.5611078723173
223.650000000008 69.5599153520811
224.700000000008 69.5587332003795
225.750000000008 69.5575609752248
226.800000000008 69.5563892302676
227.850000000008 69.5552158422024
228.900000000008 69.5540348951648
229.950000000008 69.5528021875786
231.000000000008 69.5515468619447
232.050000000008 69.5502922747917
233.100000000008 69.5424264401496
234.150000000008 69.345596985018
235.200000000008 68.8449121730619
236.250000000008 68.086633186254
237.300000000008 67.2737000956682
238.350000000008 66.4612301328355
239.400000000008 65.6492176220741
240.450000000008 64.8376569000409
241.500000000008 64.0265423155682
242.550000000008 63.2158682295019
243.600000000008 62.4056290145399
244.650000000009 61.5958190550713
245.700000000009 60.7864327470165
246.750000000009 59.9774644976677
247.800000000009 59.16890872553
248.850000000009 58.3607598601634
249.900000000009 57.5530123420254
250.950000000009 56.7456606223139
252.000000000009 55.9386991628111
253.050000000009 55.1321224357279
254.100000000009 54.325924923549
255.150000000009 53.520101118878
256.200000000009 52.714645524284
257.250000000008 51.9095526521479
258.300000000007 51.1048170245101
259.350000000006 50.300433172918
260.400000000005 49.4963956382744
261.450000000004 48.6926989706865
262.500000000003 47.889337729315
263.550000000002 47.0863064822244
264.600000000001 46.2835998062335
265.65 45.4812122867657
266.699999999999 44.679138517701
267.749999999998 43.8773731012279
268.799999999997 43.0759106476951
269.849999999996 42.2747457754654
270.899999999995 41.4738731107678
271.949999999994 40.6732872875523
272.999999999993 39.8729829473431
274.049999999993 39.0729547390941
275.099999999992 38.273197319043
276.149999999991 37.4737053505675
277.19999999999 36.6744735040406
278.249999999989 35.8754964566871
279.299999999988 35.07676889244
280.349999999987 34.2782855017975
281.399999999986 33.4800409816806
282.449999999985 32.6820300352903
283.499999999984 31.8842473719663
284.549999999983 31.0866877070447
285.599999999982 30.2893457617173
286.649999999981 29.4922162628903
287.69999999998 28.6952939430439
288.749999999979 27.8985735400919
289.799999999978 27.1020497972417
290.849999999977 26.3057174628545
291.899999999976 25.509571290306
292.949999999975 24.7136060378474
293.999999999974 23.9178164684661
295.049999999973 23.1221973497475
296.099999999972 22.3267434537365
297.149999999971 21.5314495567994
298.199999999971 20.736310439486
299.24999999997 19.9413208863919
