0 70.0000000519278
1.05 69.9990636543169
2.1 69.9965231672053
3.14999999999999 69.9926079269493
4.19999999999999 69.98765070547
5.25 69.9819225192228
6.30000000000001 69.9758902769454
7.35000000000002 69.9696747733203
8.40000000000001 69.963322457147
9.44999999999999 69.9568547953466
10.5 69.9503317556763
11.5499999999999 69.9437807603812
12.5999999999999 69.937212014087
13.6499999999999 69.9306320035766
14.6999999999999 69.9240446694999
15.7499999999999 69.9174548115977
16.7999999999999 69.9108680930197
17.8499999999999 69.9042897559617
18.9 69.8977243051301
19.95 69.8911775055886
21 69.8846547627714
22.0500000000001 69.8781626925281
23.1000000000001 69.8717086581876
24.1500000000002 69.8652968190709
25.2000000000002 69.8589316880879
26.2500000000002 69.8526186704444
27.3000000000003 69.8463627036476
28.3500000000003 69.8401681578176
29.4000000000004 69.8340403765888
30.4500000000004 69.8279892014501
31.5000000000004 69.8223933437445
32.5500000000005 69.8176634564289
33.6000000000005 69.8136079664672
34.6500000000006 69.8098284565715
35.7000000000006 69.8062106663098
36.7500000000006 69.8027508210155
37.8000000000007 69.7994233431152
38.8500000000007 69.7962574930147
39.9000000000008 69.7937697909185
40.9500000000008 69.792080940036
42.0000000000008 69.7908101598015
43.0500000000009 69.7897568278753
44.1000000000009 69.7888543115005
45.150000000001 69.7880857158486
46.200000000001 69.7874473966342
47.250000000001 69.7869162370939
48.3000000000011 69.7864532830406
49.3500000000011 69.7860519635909
50.4000000000011 69.7857092691275
51.4500000000012 69.7854232117287
52.5000000000012 69.7851916003089
53.5500000000013 69.7850123181574
54.6000000000013 69.7848845504341
55.6500000000013 69.784805988669
56.7000000000014 69.7847764898227
57.7500000000014 69.7847937904019
58.8000000000015 69.784856496162
59.8500000000015 69.7849634131571
60.9000000000015 69.785113419769
61.9500000000016 69.7853056066169
63.0000000000016 69.7855393016271
64.0500000000017 69.7858186857073
65.1000000000017 69.7861456292281
66.1500000000017 69.7865193827645
67.2000000000018 69.7869392938965
68.2500000000018 69.7874046180097
69.3000000000019 69.7879146425915
70.3500000000019 69.7884687732252
71.4000000000019 69.7890668380182
72.450000000002 69.7897069835507
73.500000000002 69.7903849705739
74.5500000000021 69.7910974133201
75.6000000000021 69.7918417343081
76.6500000000021 69.7926158786478
77.7000000000022 69.7934186545168
78.7500000000022 69.7942495873144
79.8000000000023 69.7951076536798
80.8500000000023 69.7959917712302
81.9000000000023 69.796900887528
82.9500000000024 69.7978340086316
84.0000000000024 69.7987901687302
85.0500000000025 69.7997682325251
86.1000000000025 69.8007671468446
87.1500000000025 69.8017859759366
88.2000000000026 69.8028237911694
89.2500000000026 69.8038796727744
90.3000000000027 69.8049526686798
91.3500000000027 69.8060417544522
92.4000000000027 69.8071461655549
93.4500000000028 69.8082650130276
94.5000000000028 69.809397404282
95.5500000000029 69.8105424519488
96.6000000000029 69.8116992749113
97.6500000000029 69.8128669968036
98.700000000003 69.814044748657
99.750000000003 69.8152316683908
100.800000000003 69.8164268959441
101.850000000003 69.8176295243865
102.900000000003 69.8188386046485
103.950000000003 69.8200532436951
105.000000000003 69.8212726532823
106.050000000003 69.8224960662614
107.100000000003 69.8237227195315
108.150000000003 69.824951852097
109.200000000003 69.8261827096131
110.250000000003 69.8274145389051
111.300000000003 69.8286465918822
112.350000000003 69.8298781256787
113.400000000004 69.8311083967842
114.450000000004 69.8323366921702
115.500000000004 69.8335623507537
116.550000000004 69.8347847116661
117.600000000004 69.836003141438
118.650000000004 69.8372170345209
119.700000000004 69.8384258071016
120.750000000004 69.8396288980431
121.800000000004 69.8408257698224
122.850000000004 69.842015906414
123.900000000004 69.8431988172316
124.950000000004 69.8443740099637
126.000000000004 69.8455410455152
127.050000000004 69.8466994869194
128.100000000004 69.8478489055366
129.150000000004 69.8489889094976
130.200000000004 69.850119113001
131.250000000004 69.8512391472517
132.300000000004 69.8523486852248
133.350000000004 69.8534473839341
134.400000000004 69.8545349238114
135.450000000004 69.8556110171217
136.500000000004 69.8566753899855
137.550000000004 69.8577277587596
138.600000000004 69.858767898965
139.650000000005 69.8597955364754
140.700000000005 69.8608104638589
141.750000000005 69.8618124573429
142.800000000005 69.8628013250564
143.850000000005 69.8637766663438
144.900000000005 69.8647377945121
145.950000000005 69.8656838980173
147.000000000005 69.8666131936188
148.050000000005 69.8675253204063
149.100000000005 69.8684195739605
150.150000000005 69.8692944251109
151.200000000005 69.8701491576392
152.250000000005 69.8709830937955
153.300000000005 69.8717963544435
154.350000000005 69.8725886334347
155.400000000005 69.8733597184596
156.450000000005 69.8741091098814
157.500000000005 69.8748362008193
158.550000000005 69.8755407301412
159.600000000005 69.8762223764302
160.650000000005 69.876880943515
161.700000000005 69.8775163593011
162.750000000005 69.8781290045501
163.800000000005 69.8787180412487
164.850000000005 69.8792830549827
165.900000000006 69.8798249449171
166.950000000006 69.8803443760012
168.000000000006 69.8808396683892
169.050000000006 69.8813110108399
170.100000000006 69.8817582117155
171.150000000006 69.8821816724788
172.200000000006 69.8825812160072
173.250000000006 69.8829560527914
174.300000000006 69.8833062257004
175.350000000006 69.88363170549
176.400000000006 69.8839341565046
177.450000000006 69.8842137794209
178.500000000006 69.884470680268
179.550000000006 69.884705252022
180.600000000006 69.8849177002251
181.650000000006 69.8851081434118
182.700000000006 69.8852767169357
183.750000000006 69.8854234270292
184.800000000006 69.8855486795107
185.850000000006 69.8856524242111
186.900000000006 69.8857348409989
187.950000000006 69.885796141294
189.000000000006 69.8858363858416
190.050000000006 69.8858564337392
191.100000000006 69.8858573582699
192.150000000007 69.8858388003308
193.200000000007 69.8858007597924
194.250000000007 69.8857431814485
195.300000000007 69.8856662382313
196.350000000007 69.8855699712339
197.400000000007 69.8854545016415
198.450000000007 69.8853199952872
199.500000000007 69.8851666236816
200.550000000007 69.8849946434416
201.600000000007 69.8848043933172
202.650000000007 69.8845961569449
203.700000000007 69.8843701074626
204.750000000007 69.8841266690064
205.800000000007 69.883866158358
206.850000000007 69.8835889489647
207.900000000007 69.883295516846
208.950000000007 69.8829868322043
210.000000000007 69.8826633487297
211.050000000007 69.8823255553753
212.100000000007 69.881974143913
213.150000000007 69.8816093820528
214.200000000007 69.881231131625
215.250000000007 69.8808396396014
216.300000000007 69.8804361565488
217.350000000007 69.8800216514712
218.400000000008 69.8795964798832
219.450000000008 69.8791594901508
220.500000000008 69.8787118096637
221.550000000008 69.8782540992612
222.600000000008 69.8777870305723
223.650000000008 69.8773108473655
224.700000000008 69.8768247470186
225.750000000008 69.87632940023
226.800000000008 69.8758261955796
227.850000000008 69.8753161324771
228.900000000008 69.874799747563
229.950000000008 69.8742767472061
231.000000000008 69.873745624041
232.050000000008 69.8732069745286
233.100000000008 69.8726618049307
234.150000000008 69.8721097464353
235.200000000008 69.8715513583495
236.250000000008 69.8709876792311
237.300000000008 69.8704192790799
238.350000000008 69.8698468712211
239.400000000008 69.8692711361109
240.450000000008 69.8686927049843
241.500000000008 69.8681119541357
242.550000000008 69.8675293469809
243.600000000008 69.8669452108376
244.650000000009 69.8663599328303
245.700000000009 69.8657738759466
246.750000000009 69.865187555548
247.800000000009 69.8646014846115
248.850000000009 69.8640160272905
249.900000000009 69.8634316591451
250.950000000009 69.8628486936838
252.000000000009 69.8622674357507
253.050000000009 69.8616881776427
254.100000000009 69.8611111832734
255.150000000009 69.8605366370277
256.200000000009 69.8599647864717
257.250000000008 69.8593959247033
258.300000000007 69.858830330644
259.350000000006 69.8582682864653
260.400000000005 69.8577100858977
261.450000000004 69.8571559914805
262.500000000003 69.856606203454
263.550000000002 69.8560608846811
264.600000000001 69.8555201980788
265.65 69.8549843324224
266.699999999999 69.8544535786982
267.749999999998 69.8539281136814
268.799999999997 69.853408160791
269.849999999996 69.8528940140923
270.899999999995 69.8523859022455
271.949999999994 69.8518840392839
272.999999999993 69.8513885493414
274.049999999993 69.8508995785836
275.099999999992 69.8504173252928
276.149999999991 69.849941951828
277.19999999999 69.8494735866492
278.249999999989 69.8490124074211
279.299999999988 69.8485585505742
280.349999999987 69.8481122484355
281.399999999986 69.8476736229501
282.449999999985 69.8472427292478
283.499999999984 69.8468196799803
284.549999999983 69.846404576065
285.599999999982 69.845997502818
286.649999999981 69.8455985281479
287.69999999998 69.8452077618456
288.749999999979 69.84482526894
289.799999999978 69.8444511544854
290.849999999977 69.8440854182057
291.899999999976 69.8437281184856
292.949999999975 69.8433793763038
293.999999999974 69.8430392080415
295.049999999973 69.8427076724861
296.099999999972 69.8423848214798
297.149999999971 69.8420706790823
298.199999999971 69.8417652797014
299.24999999997 69.841468633366
