0 1
1.05 1
2.1 1
3.14999999999999 1
4.19999999999999 1
5.25 1
6.30000000000001 1
7.35000000000002 2
8.40000000000001 2
9.44999999999999 2
10.5 1
11.5499999999999 1
12.5999999999999 1
13.6499999999999 1
14.6999999999999 1
15.7499999999999 1
16.7999999999999 2
17.8499999999999 2
18.9 2
19.95 2
21 2
22.0500000000001 2
23.1000000000001 2
24.1500000000002 2
25.2000000000002 2
26.2500000000002 2
27.3000000000003 2
28.3500000000003 2
29.4000000000004 2
30.4500000000004 2
31.5000000000004 2
32.5500000000005 1
33.6000000000005 2
34.6500000000006 1
35.7000000000006 2
36.7500000000006 1
37.8000000000007 1
38.8500000000007 1
39.9000000000008 1
40.9500000000008 1
42.0000000000008 1
43.0500000000009 1
44.1000000000009 2
45.150000000001 2
46.200000000001 2
47.250000000001 2
48.3000000000011 2
49.3500000000011 1
50.4000000000011 1
51.4500000000012 1
52.5000000000012 1
53.5500000000013 2
54.6000000000013 2
55.6500000000013 2
56.7000000000014 2
57.7500000000014 2
58.8000000000015 2
59.8500000000015 2
60.9000000000015 2
61.9500000000016 2
63.0000000000016 2
64.0500000000017 2
65.1000000000017 2
66.1500000000017 2
67.2000000000018 2
68.2500000000018 1
69.3000000000019 2
70.3500000000019 2
71.4000000000019 2
72.450000000002 2
73.500000000002 2
74.5500000000021 2
75.6000000000021 2
76.6500000000021 2
77.7000000000022 2
78.7500000000022 2
79.8000000000023 2
80.8500000000023 2
81.9000000000023 2
82.9500000000024 2
84.0000000000024 2
85.0500000000025 2
86.1000000000025 2
87.1500000000025 2
88.2000000000026 2
89.2500000000026 2
90.3000000000027 2
91.3500000000027 2
92.4000000000027 2
93.4500000000028 2
94.5000000000028 2
95.5500000000029 2
96.6000000000029 2
97.6500000000029 2
98.700000000003 2
99.750000000003 2
100.800000000003 2
101.850000000003 2
102.900000000003 2
103.950000000003 2
105.000000000003 2
106.050000000003 2
107.100000000003 2
108.150000000003 2
109.200000000003 2
110.250000000003 2
111.300000000003 2
112.350000000003 2
113.400000000004 2
114.450000000004 2
115.500000000004 2
116.550000000004 2
117.600000000004 2
118.650000000004 2
119.700000000004 2
120.750000000004 2
121.800000000004 2
122.850000000004 2
123.900000000004 2
124.950000000004 2
126.000000000004 2
127.050000000004 2
128.100000000004 2
129.150000000004 2
130.200000000004 2
131.250000000004 2
132.300000000004 2
133.350000000004 2
134.400000000004 2
135.450000000004 2
136.500000000004 2
137.550000000004 2
138.600000000004 2
139.650000000005 2
140.700000000005 2
141.750000000005 2
142.800000000005 2
143.850000000005 2
144.900000000005 2
145.950000000005 2
147.000000000005 2
148.050000000005 2
149.100000000005 2
150.150000000005 2
151.200000000005 2
152.250000000005 2
153.300000000005 2
154.350000000005 2
155.400000000005 2
156.450000000005 2
157.500000000005 2
158.550000000005 2
159.600000000005 2
160.650000000005 2
161.700000000005 2
162.750000000005 2
163.800000000005 2
164.850000000005 2
165.900000000006 2
166.950000000006 2
168.000000000006 2
169.050000000006 2
170.100000000006 2
171.150000000006 2
172.200000000006 2
173.250000000006 2
174.300000000006 2
175.350000000006 2
176.400000000006 2
177.450000000006 2
178.500000000006 2
179.550000000006 2
180.600000000006 2
181.650000000006 2
182.700000000006 2
183.750000000006 2
184.800000000006 2
185.850000000006 2
186.900000000006 2
187.950000000006 2
189.000000000006 2
190.050000000006 2
191.100000000006 2
192.150000000007 2
193.200000000007 2
194.250000000007 2
195.300000000007 2
196.350000000007 2
197.400000000007 2
198.450000000007 2
199.500000000007 2
200.550000000007 2
201.600000000007 2
202.650000000007 2
203.700000000007 2
204.750000000007 2
205.800000000007 2
206.850000000007 2
207.900000000007 2
208.950000000007 2
210.000000000007 2
211.050000000007 2
212.100000000007 2
213.150000000007 2
214.200000000007 2
215.250000000007 2
216.300000000007 2
217.350000000007 2
218.400000000008 2
219.450000000008 2
220.500000000008 2
221.550000000008 2
222.600000000008 2
223.650000000008 2
224.700000000008 2
225.750000000008 2
226.800000000008 2
227.850000000008 2
228.900000000008 2
229.950000000008 2
231.000000000008 2
232.050000000008 2
233.100000000008 4
234.150000000008 4
235.200000000008 4
236.250000000008 4
237.300000000008 4
238.350000000008 4
239.400000000008 4
240.450000000008 3
241.500000000008 3
242.550000000008 3
243.600000000008 3
244.650000000009 3
245.700000000009 3
246.750000000009 3
247.800000000009 3
248.850000000009 3
249.900000000009 3
250.950000000009 3
252.000000000009 3
253.050000000009 3
254.100000000009 3
255.150000000009 3
256.200000000009 3
257.250000000008 3
258.300000000007 3
259.350000000006 3
260.400000000005 3
261.450000000004 3
262.500000000003 3
263.550000000002 3
264.600000000001 3
265.65 3
266.699999999999 3
267.749999999998 3
268.799999999997 3
269.849999999996 3
270.899999999995 3
271.949999999994 3
272.999999999993 3
274.049999999993 3
275.099999999992 3
276.149999999991 3
277.19999999999 3
278.249999999989 3
279.299999999988 3
280.349999999987 3
281.399999999986 3
282.449999999985 3
283.499999999984 3
284.549999999983 3
285.599999999982 3
286.649999999981 3
287.69999999998 3
288.749999999979 3
289.799999999978 3
290.849999999977 3
291.899999999976 3
292.949999999975 3
293.999999999974 3
295.049999999973 3
296.099999999972 3
297.149999999971 3
298.199999999971 3
299.24999999997 3
