0.0 0.59
1.2 0.49
2.4 0.33
3.6 0.46
4.8 0.27
6.0 0.46
7.2 0.31
8.4 0.6
9.6 0.15
10.8 0.69
12.0 5.61
13.2 0.97
14.4 0.67
15.6 0.6
16.8 0.44
18.0 0.47
19.2 0.43
20.4 0.41
21.6 0.39
22.8 0.39
24.0 0.32
25.2 0.69
26.4 0.66
27.6 0.33
28.8 0.34
30.0 0.31
31.2 0.31
32.4 0.3
33.6 0.31
34.8 0.3
36.0 0.12
37.2 0.1
38.4 0.21
39.6 0.11
40.8 0.27
42.0 0.29
43.2 0.27
44.4 0.29
45.6 0.28
46.8 0.3
48.0 0.3
49.2 0.31
50.4 0.3
51.6 0.26
52.8 0.25
54.0 0.28
55.2 0.3
56.4 0.28
57.6 0.32
58.8 0.31
60.0 0.32
61.2 0.3
62.4 0.53
63.6 0.33
64.8 0.32
66.0 0.35
67.2 0.36
68.4 0.38
69.6 0.53
70.8 0.45
72.0 0.43
73.2 0.54
74.4 0.46
75.6 0.51
76.8 0.67
78.0 0.59
79.2 0.64
80.4 0.7
81.6 0.88
82.8 0.86
84.0 1.45
85.2 1.96
86.4 2.85
87.6 5.15
88.8 0.51
90.0 0.29
91.2 0.36
92.4 0.12
93.6 0.1
94.8 0.19
96.0 0.13
97.2 0.12
98.4 0.13
99.6 0.17
100.8 0.16
102.0 0.13
103.2 0.14
104.4 0.14
105.6 0.11
106.8 0.16
108.0 0.17
109.2 0.18
110.4 0.2
111.6 0.21
112.8 0.23
114.0 0.31
115.2 0.51
116.4 0.09
117.6 0.26
118.8 0.09
120.0 0.06
121.2 0.06
122.4 0.06
123.6 0.06
124.8 0.08
126.0 0.05
127.2 0.16
128.4 0.11
129.6 0.1
130.8 0.1
132.0 0.1
133.2 0.1
134.4 0.1
135.6 0.1
136.8 0.09
138.0 0.1
139.2 0.09
140.4 0.1
141.6 0.09
142.8 0.1
144.0 0.1
145.2 0.1
146.4 0.09
147.6 0.1
148.8 0.1
150.0 0.1
151.2 0.09
152.4 0.1
153.6 0.1
154.8 0.09
156.0 0.09
157.2 0.1
158.4 0.09
159.6 0.13
160.8 0.1
162.0 0.1
163.2 0.1
164.4 0.09
165.6 0.1
166.8 0.1
168.0 0.1
169.2 0.09
170.4 0.1
171.6 0.09
172.8 0.12
174.0 0.1
175.2 0.09
176.4 0.1
177.6 0.09
178.8 0.1
180.0 0.09
181.2 0.1
182.4 0.1
183.6 0.1
184.8 0.11
186.0 0.13
187.2 0.13
188.4 0.15
189.6 0.2
190.8 0.2
192.0 0.18
193.2 0.2
194.4 0.3
195.6 0.27
196.8 0.44
198.0 0.33
199.2 0.26
200.4 0.4
201.6 0.26
202.8 0.28
204.0 0.28
205.2 0.24
206.4 0.16
207.6 0.15
208.8 0.17
210.0 0.19
211.2 0.22
212.4 0.19
213.6 0.17
214.8 0.31
216.0 0.14
217.2 0.15
218.4 0.18
219.6 0.15
220.8 0.16
222.0 0.16
223.2 0.15
224.4 0.16
225.6 0.16
226.8 0.15
228.0 0.15
229.2 0.16
230.4 0.16
231.6 0.17
232.8 0.15
234.0 0.14
235.2 0.13
236.4 0.19
237.6 0.14
238.8 0.18
240.0 0.14
241.2 0.36
242.4 0.87
243.6 0.12
244.8 0.1
246.0 0.64
247.2 0.28
248.4 0.19
249.6 0.16
250.8 0.18
252.0 0.14
253.2 0.22
254.4 0.19
255.6 0.16
256.8 0.17
258.0 0.15
259.2 0.15
260.4 0.16
261.6 0.16
262.8 0.14
264.0 0.13
265.2 0.21
266.4 0.16
267.6 0.18
268.8 0.11
270.0 0.11
271.2 0.17
272.4 0.1
273.6 0.16
274.8 0.1
276.0 0.09
277.2 0.15
278.4 0.18
279.6 0.17
280.8 0.19
282.0 0.17
283.2 0.09
284.4 0.06
285.6 0.07
286.8 0.06
288.0 0.07
289.2 0.07
290.4 0.06
291.6 0.06
292.8 0.05
294.0 0.06
295.2 0.2
296.4 0.09
297.6 0.06
298.8 0.06
300.0 0.06
301.2 0.06
302.4 0.06
303.6 0.06
304.8 0.07
306.0 0.07
307.2 0.06
308.4 0.06
309.6 0.06
310.8 0.07
312.0 0.05
313.2 0.07
314.4 0.05
315.6 0.08
316.8 0.07
318.0 0.07
319.2 0.07
320.4 0.07
321.6 0.07
322.8 0.07
324.0 0.07
325.2 0.07
326.4 0.07
327.6 0.19
328.8 0.17
330.0 0.19
331.2 0.18
332.4 0.18
333.6 0.2
334.8 0.16
336.0 0.17
337.2 0.17
338.4 0.16
339.6 0.17
340.8 0.17
342.0 0.18
343.2 0.15
344.4 0.13
345.6 0.07
346.8 0.07
348.0 0.07
349.2 0.07
350.4 0.07
351.6 0.07
352.8 0.09
354.0 0.07
355.2 0.09
356.4 0.07
357.6 0.07
358.8 0.07
360.0 0.07
361.2 0.09
362.4 0.07
363.6 0.07
364.8 0.07
366.0 0.07
367.2 0.07
368.4 0.08
369.6 0.09
370.8 0.09
372.0 0.08
373.2 0.09
374.4 0.08
375.6 0.08
376.8 0.09
378.0 0.08
379.2 0.1
380.4 0.09
381.6 0.09
382.8 0.08
384.0 0.1
385.2 0.08
386.4 0.08
387.6 0.08
388.8 0.08
390.0 0.07
391.2 0.07
392.4 0.08
393.6 0.08
394.8 0.08
396.0 0.08
397.2 0.07
398.4 0.08
399.6 0.08
400.8 0.08
402.0 0.1
403.2 0.07
404.4 0.07
405.6 0.07
406.8 0.07
408.0 0.07
409.2 0.07
410.4 0.07
411.6 0.07
412.8 0.08
414.0 0.07
415.2 0.08
416.4 0.07
417.6 0.07
418.8 0.07
420.0 0.07
421.2 0.08
422.4 0.08
423.6 0.08
424.8 0.08
426.0 0.08
427.2 0.08
428.4 0.08
429.6 0.08
430.8 0.08
432.0 0.08
433.2 0.13
434.4 0.07
435.6 0.07
436.8 0.07
438.0 0.09
439.2 0.08
440.4 0.1
441.6 0.08
442.8 0.08
444.0 0.08
445.2 0.08
446.4 0.08
447.6 0.08
448.8 0.09
450.0 0.09
451.2 0.08
452.4 0.07
453.6 0.16
454.8 0.08
456.0 0.12
457.2 0.08
458.4 0.07
459.6 0.07
460.8 0.08
462.0 0.08
463.2 0.09
464.4 0.08
465.6 0.08
466.8 0.09
468.0 0.08
469.2 0.08
470.4 0.08
471.6 0.08
472.8 0.08
474.0 0.09
475.2 0.08
476.4 0.06
477.6 0.06
478.8 0.06
480.0 0.06
481.2 0.06
482.4 0.07
483.6 0.07
484.8 0.07
486.0 0.07
487.2 0.07
488.4 0.07
489.6 0.06
490.8 0.06
492.0 0.06
493.2 0.06
494.4 0.06
495.6 0.06
496.8 0.06
498.0 0.08
499.2 0.07
500.4 0.06
501.6 0.07
502.8 0.06
504.0 0.07
505.2 0.07
506.4 0.07
507.6 0.07
508.8 0.06
510.0 0.06
511.2 0.06
512.4 0.06
513.6 0.06
514.8 0.06
516.0 0.08
517.2 0.06
518.4 0.06
519.6 0.06
520.8 0.06
522.0 0.06
523.2 0.06
524.4 0.05
525.6 0.05
526.8 0.05
528.0 0.05
529.2 0.06
530.4 0.08
531.6 0.06
532.8 0.07
534.0 0.08
535.2 0.06
536.4 0.12
537.6 0.06
538.8 0.06
540.0 0.06
541.2 0.06
542.4 0.05
543.6 0.06
544.8 0.05
546.0 0.07
547.2 0.06
548.4 0.06
549.6 0.06
550.8 0.06
552.0 0.06
553.2 0.06
554.4 0.06
555.6 0.06
556.8 0.06
558.0 0.06
559.2 0.06
560.4 0.06
561.6 0.06
562.8 0.06
564.0 0.05
565.2 0.06
566.4 0.06
567.6 0.08
568.8 0.08
570.0 0.08
571.2 0.15
572.4 0.1
573.6 0.08
574.8 0.07
576.0 0.07
577.2 0.08
578.4 0.07
579.6 0.08
580.8 0.06
582.0 0.06
583.2 0.06
584.4 0.05
585.6 0.06
586.8 0.07
588.0 0.06
589.2 0.06
590.4 0.06
591.6 0.06
592.8 0.13
594.0 0.06
595.2 0.06
596.4 0.06
597.6 0.07
598.8 0.07
600.0 0.07
601.2 0.07
602.4 0.07
603.6 0.07
604.8 0.07
606.0 0.06
607.2 0.06
608.4 0.06
609.6 0.06
610.8 0.06
612.0 0.06
613.2 0.06
614.4 0.06
615.6 0.06
616.8 0.06
618.0 0.06
619.2 0.06
620.4 0.06
621.6 0.06
622.8 0.06
624.0 0.06
625.2 0.06
626.4 0.06
627.6 0.07
628.8 0.07
630.0 0.06
631.2 0.06
632.4 0.07
633.6 0.07
634.8 0.06
636.0 0.06
637.2 0.06
638.4 0.11
639.6 0.07
640.8 0.06
642.0 0.06
643.2 0.06
644.4 0.06
645.6 0.06
646.8 0.06
648.0 0.05
649.2 0.05
650.4 0.06
651.6 0.06
652.8 0.06
654.0 0.06
655.2 0.06
656.4 0.05
657.6 0.06
658.8 0.05
660.0 0.05
661.2 0.05
662.4 0.05
663.6 0.05
664.8 0.06
666.0 0.06
667.2 0.06
668.4 0.06
669.6 0.06
670.8 0.06
672.0 0.06
673.2 0.06
674.4 0.06
675.6 0.06
676.8 0.06
678.0 0.06
679.2 0.06
680.4 0.06
681.6 0.06
682.8 0.06
684.0 0.06
685.2 0.05
686.4 0.05
687.6 0.05
688.8 0.05
690.0 0.06
691.2 0.05
692.4 0.06
693.6 0.06
694.8 0.06
696.0 0.06
697.2 0.06
698.4 0.06
699.6 0.07
700.8 0.06
702.0 0.06
703.2 0.06
704.4 0.06
705.6 0.05
706.8 0.06
708.0 0.06
709.2 0.15
710.4 0.06
711.6 0.06
712.8 0.06
714.0 0.05
715.2 0.05
716.4 0.05
717.6 0.06
718.8 0.06
720.0 0.06
721.2 0.06
722.4 0.06
723.6 0.06
724.8 0.06
726.0 0.06
727.2 0.06
728.4 0.06
729.6 0.06
730.8 0.06
732.0 0.06
733.2 0.07
734.4 0.06
735.6 0.06
736.8 0.06
738.0 0.06
739.2 0.06
740.4 0.06
741.6 0.06
742.8 0.06
744.0 0.06
745.2 0.06
746.4 0.06
747.6 0.06
748.8 0.07
750.0 0.06
751.2 0.06
752.4 0.06
753.6 0.06
754.8 0.06
756.0 0.06
757.2 0.06
758.4 0.06
759.6 0.06
760.8 0.06
762.0 0.06
763.2 0.06
764.4 0.06
765.6 0.06
766.8 0.06
768.0 0.06
769.2 0.06
770.4 0.06
771.6 0.06
772.8 0.06
774.0 0.07
775.2 0.06
776.4 0.06
777.6 0.06
778.8 0.06
780.0 0.06
781.2 0.06
782.4 0.06
783.6 0.06
784.8 0.06
786.0 0.06
787.2 0.06
788.4 0.06
789.6 0.06
790.8 0.06
792.0 0.06
793.2 0.06
794.4 0.06
795.6 0.06
796.8 0.05
798.0 0.06
799.2 0.05
800.4 0.05
801.6 0.05
802.8 0.05
804.0 0.06
805.2 0.06
806.4 0.06
807.6 0.06
808.8 0.06
810.0 0.06
811.2 0.06
812.4 0.06
813.6 0.06
814.8 0.06
816.0 0.08
817.2 0.06
818.4 0.06
819.6 0.06
820.8 0.06
822.0 0.05
823.2 0.06
824.4 0.11
825.6 0.06
826.8 0.06
828.0 0.05
829.2 0.06
830.4 0.06
831.6 0.06
832.8 0.09
834.0 0.08
835.2 0.06
836.4 0.06
837.6 0.06
838.8 0.06
840.0 0.06
841.2 0.05
842.4 0.06
843.6 0.29
844.8 0.41
846.0 5.89
847.2 0.49
848.4 0.18
849.6 0.18
850.8 0.15
852.0 0.11
853.2 0.12
854.4 0.1
855.6 0.11
856.8 0.1
858.0 0.33
859.2 0.38
860.4 0.52
861.6 0.45
862.8 0.83
864.0 0.94
865.2 1.08
866.4 1.11
867.6 0.99
868.8 1.34
870.0 0.85
871.2 0.67
872.4 0.57
873.6 0.47
874.8 0.65
876.0 0.38
877.2 0.37
878.4 0.32
879.6 0.26
880.8 0.27
882.0 0.27
883.2 0.21
884.4 0.2
885.6 0.21
886.8 0.2
888.0 0.2
889.2 0.18
890.4 0.17
891.6 0.19
892.8 0.19
894.0 0.18
895.2 0.15
896.4 0.15
897.6 0.13
898.8 0.14
900.0 0.14
901.2 0.13
902.4 0.15
903.6 0.13
904.8 0.12
906.0 0.13
907.2 0.16
908.4 0.15
909.6 0.12
910.8 0.17
912.0 0.12
913.2 0.13
914.4 0.13
915.6 0.09
916.8 0.16
918.0 0.15
919.2 0.26
920.4 0.15
921.6 0.23
922.8 0.29
924.0 0.28
925.2 0.85
926.4 2.22
927.6 0.09
928.8 1.88
930.0 1.07
931.2 0.84
932.4 0.7
933.6 0.67
934.8 0.56
936.0 0.51
937.2 0.48
938.4 0.48
939.6 0.44
940.8 0.36
942.0 0.35
943.2 0.36
944.4 0.33
945.6 0.33
946.8 0.29
948.0 0.31
949.2 0.28
950.4 0.3
951.6 0.28
952.8 0.27
954.0 0.26
955.2 0.27
956.4 0.24
957.6 0.24
958.8 0.26
960.0 0.24
961.2 0.23
962.4 0.23
963.6 0.22
964.8 0.24
966.0 0.24
967.2 0.24
968.4 0.24
969.6 0.23
970.8 0.25
972.0 0.23
973.2 0.23
974.4 0.23
975.6 0.21
976.8 0.21
978.0 0.21
979.2 0.23
980.4 0.21
981.6 0.2
982.8 0.2
984.0 0.21
985.2 0.21
986.4 0.21
987.6 0.21
988.8 0.21
990.0 0.21
991.2 0.21
992.4 0.21
993.6 0.2
994.8 0.2
996.0 0.2
997.2 0.2
998.4 0.2
999.6 0.19
1000.8 0.18
1002.0 0.19
1003.2 0.19
1004.4 0.19
1005.6 0.19
1006.8 0.18
1008.0 0.2
1009.2 0.2
1010.4 0.2
1011.6 0.2
1012.8 0.2
1014.0 0.2
1015.2 0.2
1016.4 0.2
1017.6 0.2
1018.8 0.2
1020.0 0.2
1021.2 0.2
1022.4 0.2
1023.6 0.21
1024.8 0.22
1026.0 0.22
1027.2 0.23
1028.4 0.31
1029.6 0.23
1030.8 0.23
1032.0 0.23
1033.2 0.23
1034.4 0.24
1035.6 0.22
1036.8 0.23
1038.0 0.23
1039.2 0.24
1040.4 0.23
1041.6 0.25
1042.8 0.24
1044.0 0.28
1045.2 0.25
1046.4 0.31
1047.6 0.24
1048.8 0.24
1050.0 0.35
1051.2 0.25
1052.4 0.24
1053.6 0.25
1054.8 0.28
1056.0 0.27
1057.2 0.28
1058.4 0.26
1059.6 0.3
1060.8 0.26
1062.0 0.28
1063.2 0.33
1064.4 0.33
1065.6 0.31
1066.8 0.28
1068.0 0.33
1069.2 0.43
1070.4 0.64
1071.6 0.41
1072.8 0.46
1074.0 0.45
1075.2 0.49
1076.4 0.54
1077.6 0.57
1078.8 0.6
1080.0 1.01
1081.2 0.62
1082.4 0.83
1083.6 0.55
1084.8 1.29
1086.0 1.44
1087.2 1.97
1088.4 3.12
1089.6 4.94
1090.8 3.07
1092.0 0.08
1093.2 0.37
1094.4 0.48
1095.6 0.34
1096.8 0.26
1098.0 0.31
1099.2 0.09
1100.4 0.29
1101.6 0.09
1102.8 0.16
1104.0 0.09
1105.2 0.19
1106.4 0.09
1107.6 0.13
1108.8 0.12
1110.0 0.15
1111.2 0.13
1112.4 0.13
1113.6 0.16
1114.8 0.14
1116.0 0.15
1117.2 0.11
1118.4 0.16
1119.6 0.1
1120.8 0.11
1122.0 0.14
1123.2 0.16
1124.4 0.12
1125.6 0.09
1126.8 0.17
1128.0 0.17
1129.2 0.12
1130.4 0.14
1131.6 0.14
1132.8 0.16
1134.0 0.19
1135.2 0.12
1136.4 0.13
1137.6 0.18
1138.8 0.13
1140.0 0.17
1141.2 0.16
1142.4 0.17
1143.6 0.19
1144.8 0.28
1146.0 0.16
1147.2 0.2
1148.4 0.2
1149.6 0.17
1150.8 0.19
1152.0 0.18
1153.2 0.18
1154.4 0.19
1155.6 0.2
1156.8 0.21
1158.0 0.21
1159.2 0.24
1160.4 0.25
1161.6 0.24
1162.8 0.36
1164.0 0.31
1165.2 0.32
1166.4 0.4
1167.6 0.39
1168.8 0.44
1170.0 0.45
1171.2 0.84
1172.4 1.17
1173.6 1.61
1174.8 2.11
1176.0 0.39
1177.2 0.09
1178.4 0.26
1179.6 0.22
1180.8 0.13
1182.0 0.17
1183.2 0.13
1184.4 0.18
1185.6 0.1
1186.8 0.17
1188.0 0.12
1189.2 0.13
1190.4 0.21
1191.6 0.2
1192.8 0.18
1194.0 0.13
1195.2 0.16
1196.4 0.14
1197.6 0.14
1198.8 0.14
1200.0 0.14
1201.2 0.16
1202.4 0.16
1203.6 0.17
1204.8 0.18
1206.0 0.16
1207.2 0.17
1208.4 0.07
1209.6 0.06
1210.8 0.06
1212.0 0.06
1213.2 0.06
1214.4 0.06
1215.6 0.06
1216.8 0.06
1218.0 0.09
1219.2 0.09
1220.4 0.06
1221.6 0.06
1222.8 0.06
1224.0 0.06
1225.2 0.06
1226.4 0.05
1227.6 0.05
1228.8 0.05
1230.0 0.05
1231.2 0.05
1232.4 0.06
1233.6 0.06
1234.8 0.06
1236.0 0.06
1237.2 0.06
1238.4 0.07
1239.6 0.09
1240.8 0.08
1242.0 0.06
1243.2 0.06
1244.4 0.06
1245.6 0.05
1246.8 0.05
1248.0 0.05
1249.2 0.05
1250.4 0.06
1251.6 0.06
1252.8 0.06
1254.0 0.06
1255.2 0.06
1256.4 0.05
1257.6 0.06
1258.8 0.06
1260.0 0.06
1261.2 0.06
1262.4 0.06
1263.6 0.06
1264.8 0.06
1266.0 0.08
1267.2 0.06
1268.4 0.06
1269.6 0.06
1270.8 0.06
1272.0 0.06
1273.2 0.06
1274.4 0.06
1275.6 0.05
1276.8 0.09
1278.0 0.06
1279.2 0.06
1280.4 0.06
1281.6 0.06
1282.8 0.06
1284.0 0.07
1285.2 0.08
1286.4 0.05
1287.6 0.05
1288.8 0.05
1290.0 0.06
1291.2 0.06
1292.4 0.06
1293.6 0.06
1294.8 0.06
1296.0 0.06
1297.2 0.07
1298.4 0.06
1299.6 0.06
1300.8 0.06
1302.0 0.06
1303.2 0.06
1304.4 0.06
1305.6 0.06
1306.8 0.07
1308.0 0.07
1309.2 0.09
1310.4 0.07
1311.6 0.06
1312.8 0.06
1314.0 0.06
1315.2 0.09
1316.4 0.06
1317.6 0.06
1318.8 0.06
1320.0 0.09
1321.2 0.06
1322.4 0.06
1323.6 0.07
1324.8 0.05
1326.0 0.07
1327.2 0.07
1328.4 0.07
1329.6 0.07
1330.8 0.07
1332.0 0.07
1333.2 0.07
1334.4 0.07
1335.6 0.1
1336.8 0.07
1338.0 0.07
1339.2 0.07
1340.4 0.07
1341.6 0.07
1342.8 0.07
1344.0 0.07
1345.2 0.07
1346.4 0.09
1347.6 0.08
1348.8 0.1
1350.0 0.08
1351.2 0.1
1352.4 0.1
1353.6 0.08
1354.8 0.06
1356.0 0.06
1357.2 0.08
1358.4 0.06
1359.6 0.06
1360.8 0.06
1362.0 0.06
1363.2 0.05
1364.4 0.06
1365.6 0.07
1366.8 0.07
1368.0 0.06
1369.2 0.06
1370.4 0.06
1371.6 0.06
1372.8 0.07
1374.0 0.07
1375.2 0.06
1376.4 0.06
1377.6 0.06
1378.8 0.06
1380.0 0.05
1381.2 0.05
1382.4 0.05
1383.6 0.06
1384.8 0.06
1386.0 0.05
1387.2 0.06
1388.4 0.07
1389.6 0.06
1390.8 0.06
1392.0 0.05
1393.2 0.06
1394.4 0.06
1395.6 0.08
1396.8 0.09
1398.0 0.07
1399.2 0.07
1400.4 0.07
1401.6 0.06
1402.8 0.06
1404.0 0.06
1405.2 0.06
1406.4 0.06
1407.6 0.06
1408.8 0.06
1410.0 0.08
1411.2 0.06
1412.4 0.06
1413.6 0.06
1414.8 0.06
1416.0 0.06
1417.2 0.06
1418.4 0.06
1419.6 0.06
1420.8 0.06
1422.0 0.06
1423.2 0.06
1424.4 0.06
1425.6 0.05
1426.8 0.05
1428.0 0.05
1429.2 0.05
1430.4 0.05
1431.6 0.05
1432.8 0.05
1434.0 0.06
1435.2 0.06
1436.4 0.08
1437.6 0.12
1438.8 0.09
1440.0 0.08
1441.2 0.06
1442.4 0.06
1443.6 0.07
1444.8 0.07
1446.0 0.06
1447.2 0.06
1448.4 0.06
1449.6 0.06
1450.8 0.06
1452.0 0.06
1453.2 0.06
1454.4 0.08
1455.6 0.09
1456.8 0.06
1458.0 0.06
1459.2 0.05
1460.4 0.06
1461.6 0.06
1462.8 0.06
1464.0 0.06
1465.2 0.05
1466.4 0.06
1467.6 0.06
1468.8 0.06
1470.0 0.05
1471.2 0.05
1472.4 0.05
1473.6 0.05
1474.8 0.06
1476.0 0.06
1477.2 0.06
1478.4 0.06
1479.6 0.06
1480.8 0.06
1482.0 0.06
1483.2 0.06
1484.4 0.06
1485.6 0.06
1486.8 0.06
1488.0 0.06
1489.2 0.06
1490.4 0.06
1491.6 0.06
1492.8 0.06
1494.0 0.06
1495.2 0.06
1496.4 0.06
1497.6 0.06
1498.8 0.06
1500.0 0.08
1501.2 0.08
1502.4 0.06
1503.6 0.06
1504.8 0.06
1506.0 0.06
1507.2 0.06
1508.4 0.06
1509.6 0.06
1510.8 0.06
1512.0 0.06
1513.2 0.06
1514.4 0.06
1515.6 0.06
1516.8 0.06
1518.0 0.06
1519.2 0.06
1520.4 0.05
1521.6 0.05
1522.8 0.12
1524.0 0.06
1525.2 0.06
1526.4 0.05
1527.6 0.06
1528.8 0.06
1530.0 0.06
1531.2 0.1
1532.4 0.06
1533.6 0.06
1534.8 0.06
1536.0 0.1
1537.2 0.1
1538.4 0.08
1539.6 0.07
1540.8 0.05
1542.0 0.05
1543.2 0.05
1544.4 0.06
1545.6 0.06
1546.8 0.06
1548.0 0.06
1549.2 0.06
1550.4 0.06
1551.6 0.06
1552.8 0.06
1554.0 0.06
1555.2 0.08
1556.4 0.09
1557.6 0.08
1558.8 0.06
1560.0 0.07
1561.2 0.07
1562.4 0.08
1563.6 0.08
1564.8 0.08
1566.0 0.09
1567.2 0.08
1568.4 0.09
1569.6 0.09
1570.8 0.07
1572.0 0.09
1573.2 0.09
1574.4 0.09
1575.6 0.08
1576.8 0.09
1578.0 0.09
1579.2 0.08
1580.4 0.09
1581.6 0.09
1582.8 0.09
1584.0 0.09
1585.2 0.08
1586.4 0.09
1587.6 0.08
1588.8 0.08
1590.0 0.08
1591.2 0.19
1592.4 0.08
1593.6 0.08
1594.8 0.08
1596.0 0.09
1597.2 0.08
1598.4 0.09
1599.6 0.09
1600.8 0.09
1602.0 0.09
1603.2 0.09
1604.4 0.1
1605.6 0.05
1606.8 0.06
1608.0 0.06
1609.2 0.05
1610.4 0.06
1611.6 0.06
1612.8 0.11
1614.0 0.16
1615.2 0.32
1616.4 0.17
1617.6 0.16
1618.8 0.16
1620.0 0.16
1621.2 0.17
1622.4 0.14
1623.6 0.14
1624.8 0.18
1626.0 0.18
1627.2 0.18
1628.4 0.18
1629.6 0.19
1630.8 0.17
1632.0 0.14
1633.2 0.13
1634.4 0.14
1635.6 0.16
1636.8 0.18
1638.0 0.19
1639.2 0.2
1640.4 0.17
1641.6 0.11
1642.8 0.11
1644.0 0.07
1645.2 0.08
1646.4 0.08
1647.6 0.09
1648.8 0.07
1650.0 0.08
1651.2 0.08
1652.4 0.07
1653.6 0.08
1654.8 0.08
1656.0 0.08
1657.2 0.08
1658.4 0.07
1659.6 0.08
1660.8 0.08
1662.0 0.07
1663.2 0.07
1664.4 0.07
1665.6 0.07
1666.8 0.07
1668.0 0.07
1669.2 0.07
1670.4 0.08
1671.6 0.06
1672.8 0.06
1674.0 0.06
1675.2 0.06
1676.4 0.08
1677.6 0.05
1678.8 0.05
1680.0 0.06
1681.2 0.06
1682.4 0.06
1683.6 0.06
1684.8 0.05
1686.0 0.05
1687.2 0.05
1688.4 0.06
1689.6 0.06
1690.8 0.06
1692.0 0.06
1693.2 0.06
1694.4 0.07
1695.6 0.07
1696.8 0.06
1698.0 0.06
1699.2 0.06
1700.4 0.06
1701.6 0.06
1702.8 0.05
1704.0 0.06
1705.2 0.2
1706.4 0.17
1707.6 0.19
1708.8 0.16
1710.0 0.17
1711.2 0.19
1712.4 0.16
1713.6 0.16
1714.8 0.16
1716.0 0.15
1717.2 0.11
1718.4 0.09
1719.6 0.07
1720.8 0.07
1722.0 0.07
1723.2 0.08
1724.4 0.08
1725.6 0.07
1726.8 0.07
1728.0 0.07
1729.2 0.07
1730.4 0.07
1731.6 0.07
1732.8 0.07
1734.0 0.07
1735.2 0.08
1736.4 0.07
1737.6 0.07
1738.8 0.08
1740.0 0.08
1741.2 0.09
1742.4 0.08
1743.6 0.08
1744.8 0.07
1746.0 0.07
1747.2 0.07
1748.4 0.07
1749.6 0.07
1750.8 0.07
1752.0 0.06
1753.2 0.06
1754.4 0.06
1755.6 0.07
1756.8 0.06
1758.0 0.06
1759.2 0.06
1760.4 0.06
1761.6 0.07
1762.8 0.07
1764.0 0.06
1765.2 0.06
1766.4 0.08
1767.6 0.06
1768.8 0.06
1770.0 0.07
1771.2 0.06
1772.4 0.06
1773.6 0.06
1774.8 0.08
1776.0 0.09
1777.2 0.09
1778.4 0.08
1779.6 0.09
1780.8 0.09
1782.0 0.09
1783.2 0.08
1784.4 0.1
1785.6 0.15
1786.8 0.14
1788.0 0.07
1789.2 0.07
1790.4 0.08
1791.6 0.07
1792.8 0.09
1794.0 0.07
1795.2 0.07
1796.4 0.1
1797.6 0.07
1798.8 0.07
1800.0 0.07
1801.2 0.07
1802.4 0.07
1803.6 0.07
1804.8 0.07
1806.0 0.09
1807.2 0.07
1808.4 0.07
1809.6 0.07
1810.8 0.08
1812.0 0.08
1813.2 0.07
1814.4 0.07
1815.6 0.08
1816.8 0.06
1818.0 0.07
1819.2 0.07
1820.4 0.07
1821.6 0.15
1822.8 0.06
1824.0 0.05
1825.2 0.06
1826.4 0.06
1827.6 0.05
1828.8 0.06
1830.0 0.06
1831.2 0.06
1832.4 0.06
1833.6 0.08
1834.8 0.06
1836.0 0.06
1837.2 0.05
1838.4 0.05
1839.6 0.05
1840.8 0.05
1842.0 0.06
1843.2 0.06
1844.4 0.06
1845.6 0.06
1846.8 0.06
1848.0 0.06
1849.2 0.06
1850.4 0.06
1851.6 0.06
1852.8 0.06
1854.0 0.06
1855.2 0.07
1856.4 0.08
1857.6 0.06
1858.8 0.17
1860.0 0.07
1861.2 0.07
1862.4 0.07
1863.6 0.06
1864.8 0.07
1866.0 0.06
1867.2 0.06
1868.4 0.07
1869.6 0.06
1870.8 0.07
1872.0 0.07
1873.2 0.06
1874.4 0.07
1875.6 0.07
1876.8 0.07
1878.0 0.1
1879.2 0.08
1880.4 0.09
1881.6 0.07
1882.8 0.08
1884.0 0.07
1885.2 0.08
1886.4 0.08
1887.6 0.07
1888.8 0.07
1890.0 0.08
1891.2 0.1
1892.4 0.07
1893.6 0.06
1894.8 0.09
1896.0 0.08
1897.2 0.09
1898.4 0.07
1899.6 0.07
1900.8 0.07
1902.0 0.07
1903.2 0.07
1904.4 0.07
1905.6 0.06
1906.8 0.07
1908.0 0.06
1909.2 0.06
1910.4 0.06
1911.6 0.06
1912.8 0.09
1914.0 0.06
1915.2 0.07
1916.4 0.06
1917.6 0.06
1918.8 0.06
1920.0 0.07
1921.2 0.06
1922.4 0.06
1923.6 0.07
1924.8 0.06
1926.0 0.06
1927.2 0.07
1928.4 0.06
1929.6 0.06
1930.8 0.08
1932.0 0.08
1933.2 0.07
1934.4 0.07
1935.6 0.08
1936.8 0.06
1938.0 0.06
1939.2 0.07
1940.4 0.06
1941.6 0.06
1942.8 0.06
1944.0 0.06
1945.2 0.06
1946.4 0.06
1947.6 0.05
1948.8 0.06
1950.0 0.05
1951.2 0.06
1952.4 0.06
1953.6 0.06
1954.8 0.06
1956.0 0.06
1957.2 0.06
1958.4 0.06
1959.6 0.06
1960.8 0.06
1962.0 0.06
1963.2 0.09
1964.4 0.07
1965.6 0.09
1966.8 0.09
1968.0 0.08
1969.2 0.06
1970.4 0.08
1971.6 0.07
1972.8 0.07
1974.0 0.06
1975.2 0.07
1976.4 0.06
1977.6 0.07
1978.8 0.07
1980.0 0.07
1981.2 0.06
1982.4 0.06
1983.6 0.06
1984.8 0.06
1986.0 0.06
1987.2 0.05
1988.4 0.06
1989.6 0.06
1990.8 0.06
1992.0 0.06
1993.2 0.06
1994.4 0.06
1995.6 0.08
1996.8 0.05
1998.0 0.06
1999.2 0.05
2000.4 0.06
2001.6 0.06
2002.8 0.1
2004.0 0.06
2005.2 0.06
2006.4 0.06
2007.6 0.06
2008.8 0.05
2010.0 0.06
2011.2 0.06
2012.4 0.06
2013.6 0.06
2014.8 0.06
2016.0 0.06
2017.2 0.06
2018.4 0.06
2019.6 0.06
2020.8 0.06
2022.0 0.06
2023.2 0.06
2024.4 0.06
2025.6 0.06
2026.8 0.06
2028.0 0.06
2029.2 0.06
2030.4 0.06
2031.6 0.06
2032.8 0.06
2034.0 0.06
2035.2 0.06
2036.4 0.06
2037.6 0.06
2038.8 0.06
2040.0 0.06
2041.2 0.06
2042.4 0.06
2043.6 0.05
2044.8 0.05
2046.0 0.06
2047.2 0.06
2048.4 0.06
2049.6 0.08
2050.8 0.06
2052.0 0.06
2053.2 0.06
2054.4 0.06
2055.6 0.06
2056.8 0.06
2058.0 0.06
2059.2 0.06
2060.4 0.06
2061.6 0.08
2062.8 0.06
2064.0 0.09
2065.2 0.08
2066.4 0.09
2067.6 0.09
2068.8 0.08
2070.0 0.08
2071.2 0.08
2072.4 0.08
2073.6 0.06
2074.8 0.06
2076.0 0.06
2077.2 0.06
2078.4 0.06
2079.6 0.06
2080.8 0.06
2082.0 0.06
2083.2 0.06
2084.4 0.06
2085.6 0.06
2086.8 0.08
2088.0 0.06
2089.2 0.06
2090.4 0.06
2091.6 0.07
2092.8 0.07
2094.0 0.07
2095.2 0.07
2096.4 0.07
2097.6 0.07
2098.8 0.07
2100.0 0.06
2101.2 0.06
2102.4 0.06
2103.6 0.06
2104.8 0.06
2106.0 0.06
2107.2 0.06
2108.4 0.06
2109.6 0.06
2110.8 0.06
2112.0 0.06
2113.2 0.06
2114.4 0.06
2115.6 0.06
2116.8 0.06
2118.0 0.07
2119.2 0.06
2120.4 0.06
2121.6 0.05
2122.8 0.06
2124.0 0.05
2125.2 0.05
2126.4 0.06
2127.6 0.06
2128.8 0.06
2130.0 0.06
2131.2 0.06
2132.4 0.06
2133.6 0.06
2134.8 0.06
2136.0 0.08
2137.2 0.06
2138.4 0.05
2139.6 0.06
2140.8 0.05
2142.0 0.05
2143.2 0.05
2144.4 0.05
2145.6 0.05
2146.8 0.05
2148.0 0.05
2149.2 0.12
2150.4 0.08
2151.6 0.07
2152.8 0.06
2154.0 0.06
2155.2 0.06
2156.4 0.06
2157.6 0.06
2158.8 0.06
2160.0 0.06
2161.2 0.06
2162.4 0.07
2163.6 0.06
2164.8 0.06
2166.0 0.06
2167.2 0.07
2168.4 0.06
2169.6 0.06
2170.8 0.06
2172.0 0.06
2173.2 0.06
2174.4 0.07
2175.6 0.06
2176.8 0.06
2178.0 0.06
2179.2 0.06
2180.4 0.06
2181.6 0.06
2182.8 0.06
2184.0 0.06
2185.2 0.06
2186.4 0.06
2187.6 0.07
2188.8 0.07
2190.0 0.06
2191.2 0.06
2192.4 0.07
2193.6 0.06
2194.8 0.06
2196.0 0.06
2197.2 0.07
2198.4 0.06
2199.6 0.06
2200.8 0.06
2202.0 0.06
2203.2 0.06
2204.4 0.06
2205.6 0.06
2206.8 0.05
2208.0 0.06
2209.2 0.07
2210.4 0.05
2211.6 0.05
2212.8 0.05
2214.0 0.08
2215.2 0.06
2216.4 0.05
2217.6 0.05
2218.8 0.06
2220.0 0.06
2221.2 0.06
2222.4 0.06
2223.6 0.06
2224.8 0.06
2226.0 0.06
2227.2 0.05
2228.4 0.06
2229.6 0.06
2230.8 0.06
2232.0 0.08
2233.2 0.06
2234.4 0.06
2235.6 0.06
2236.8 0.06
2238.0 0.06
2239.2 0.05
2240.4 0.06
2241.6 0.06
2242.8 0.06
2244.0 0.06
2245.2 0.05
2246.4 0.06
2247.6 0.06
2248.8 0.06
2250.0 0.06
2251.2 0.08
2252.4 0.06
2253.6 0.11
2254.8 0.14
2256.0 0.11
2257.2 0.1
2258.4 0.1
2259.6 0.1
2260.8 0.09
2262.0 0.1
2263.2 0.1
2264.4 0.09
2265.6 0.1
2266.8 0.1
2268.0 0.09
2269.2 0.17
2270.4 0.1
2271.6 0.09
2272.8 0.1
2274.0 0.06
2275.2 0.06
2276.4 0.06
2277.6 0.09
2278.8 3.24
2280.0 0.02
2281.2 0.02
2282.4 0.02
2283.6 0.02
2284.8 0.02
2286.0 0.02
2287.2 0.04
2288.4 0.26
2289.6 0.35
2290.8 0.27
2292.0 0.19
2293.2 0.21
2294.4 0.19
2295.6 0.18
2296.8 0.18
2298.0 0.18
2299.2 0.18
2300.4 0.15
2301.6 0.18
2302.8 0.16
2304.0 0.2
2305.2 0.18
2306.4 0.19
2307.6 0.25
2308.8 0.18
2310.0 0.19
2311.2 0.17
2312.4 0.19
2313.6 0.18
2314.8 0.18
2316.0 0.17
2317.2 0.17
2318.4 0.17
2319.6 0.18
2320.8 0.16
2322.0 0.34
2323.2 0.31
2324.4 0.17
2325.6 0.19
2326.8 0.18
2328.0 0.15
2329.2 0.15
2330.4 0.17
2331.6 0.17
2332.8 0.18
2334.0 0.17
2335.2 0.16
2336.4 0.14
2337.6 0.15
2338.8 0.15
2340.0 0.18
2341.2 0.19
2342.4 0.16
2343.6 0.18
2344.8 0.15
2346.0 0.18
2347.2 0.15
2348.4 0.15
2349.6 0.15
2350.8 0.15
2352.0 0.14
2353.2 0.16
2354.4 0.17
2355.6 0.14
2356.8 0.18
2358.0 0.16
2359.2 0.14
2360.4 0.17
2361.6 0.13
2362.8 0.12
2364.0 0.1
2365.2 0.25
2366.4 0.18
2367.6 0.37
2368.8 0.19
2370.0 0.15
2371.2 0.24
2372.4 0.13
2373.6 0.23
2374.8 1.79
2376.0 0.47
2377.2 0.4
2378.4 0.23
2379.6 0.19
2380.8 0.18
2382.0 0.18
2383.2 0.17
2384.4 0.16
2385.6 0.14
2386.8 0.14
2388.0 0.15
2389.2 0.14
2390.4 0.15
2391.6 0.13
2392.8 0.15
2394.0 0.15
2395.2 0.15
2396.4 0.15
2397.6 0.15
2398.8 0.15
2400.0 0.15
2401.2 0.15
2402.4 0.15
2403.6 0.15
2404.8 0.14
2406.0 0.13
2407.2 0.13
2408.4 0.14
2409.6 0.13
2410.8 0.14
2412.0 0.11
2413.2 0.16
2414.4 0.16
2415.6 0.16
2416.8 0.18
2418.0 0.18
2419.2 0.2
2420.4 0.26
2421.6 0.3
2422.8 0.37
2424.0 0.38
2425.2 0.73
2426.4 4.04
2427.6 0.37
2428.8 0.21
2430.0 0.12
2431.2 0.12
2432.4 0.11
2433.6 0.12
2434.8 0.15
2436.0 0.13
2437.2 0.14
2438.4 0.38
2439.6 3.08
2440.8 0.27
2442.0 0.12
2443.2 0.15
2444.4 0.25
2445.6 0.62
2446.8 0.1
2448.0 0.44
2449.2 0.16
2450.4 0.23
2451.6 0.14
2452.8 0.16
2454.0 0.16
2455.2 0.16
2456.4 0.16
2457.6 0.24
2458.8 0.18
2460.0 0.21
2461.2 0.18
2462.4 0.18
2463.6 0.23
2464.8 0.2
2466.0 0.25
2467.2 0.18
2468.4 0.32
2469.6 0.22
2470.8 0.17
2472.0 0.29
2473.2 0.27
2474.4 0.18
2475.6 0.17
2476.8 0.21
2478.0 0.25
2479.2 0.27
2480.4 0.2
2481.6 0.2
2482.8 0.18
2484.0 0.21
2485.2 0.21
2486.4 0.16
2487.6 0.2
2488.8 0.19
2490.0 0.2
2491.2 0.2
2492.4 0.21
2493.6 0.2
2494.8 0.28
2496.0 0.2
2497.2 0.24
2498.4 0.18
2499.6 0.19
2500.8 0.19
2502.0 0.22
2503.2 0.18
2504.4 0.22
2505.6 0.19
2506.8 0.22
2508.0 0.19
2509.2 0.18
2510.4 0.14
2511.6 0.16
2512.8 0.16
2514.0 0.16
2515.2 0.15
2516.4 0.15
2517.6 0.15
2518.8 0.15
2520.0 0.16
2521.2 0.22
2522.4 0.17
2523.6 0.15
2524.8 0.15
2526.0 0.16
2527.2 0.15
2528.4 0.15
2529.6 0.17
2530.8 0.16
2532.0 0.17
2533.2 0.17
2534.4 0.15
2535.6 0.15
2536.8 0.15
2538.0 0.15
2539.2 0.15
2540.4 0.14
2541.6 0.17
2542.8 0.15
2544.0 0.33
2545.2 0.16
2546.4 0.16
2547.6 0.16
2548.8 0.16
2550.0 0.18
2551.2 0.16
2552.4 0.15
2553.6 0.23
2554.8 0.18
2556.0 0.17
2557.2 0.17
2558.4 0.18
2559.6 0.19
2560.8 0.37
2562.0 0.17
2563.2 0.17
2564.4 0.19
2565.6 0.17
2566.8 0.16
2568.0 0.19
2569.2 0.2
2570.4 0.19
2571.6 0.2
2572.8 0.18
2574.0 0.17
2575.2 0.16
2576.4 0.17
2577.6 0.19
2578.8 0.21
2580.0 0.19
2581.2 0.19
2582.4 0.19
2583.6 0.2
2584.8 0.34
2586.0 0.19
2587.2 0.2
2588.4 0.2
2589.6 0.19
2590.8 0.22
2592.0 0.2
2593.2 0.19
2594.4 0.2
2595.6 0.19
2596.8 0.19
2598.0 0.2
2599.2 0.2
2600.4 0.25
2601.6 0.19
2602.8 0.19
2604.0 0.2
2605.2 0.2
2606.4 0.2
2607.6 0.2
2608.8 0.2
2610.0 0.22
2611.2 0.2
2612.4 0.22
2613.6 0.22
2614.8 0.2
2616.0 0.2
2617.2 0.2
2618.4 0.19
2619.6 0.21
2620.8 0.21
2622.0 0.21
2623.2 0.18
2624.4 0.16
2625.6 0.18
2626.8 0.16
2628.0 0.19
2629.2 0.15
2630.4 0.15
2631.6 0.15
2632.8 0.17
2634.0 0.3
2635.2 0.16
2636.4 0.21
2637.6 0.17
2638.8 0.18
2640.0 0.17
2641.2 0.15
2642.4 0.16
2643.6 0.17
2644.8 0.17
2646.0 0.17
2647.2 0.16
2648.4 0.16
2649.6 0.15
2650.8 0.15
2652.0 0.15
2653.2 0.15
2654.4 0.14
2655.6 0.14
2656.8 0.18
2658.0 0.16
2659.2 0.16
2660.4 0.15
2661.6 0.17
2662.8 0.16
2664.0 0.16
2665.2 0.16
2666.4 0.17
2667.6 0.17
2668.8 0.16
2670.0 0.17
2671.2 0.16
2672.4 0.17
2673.6 0.16
2674.8 0.15
2676.0 0.15
2677.2 0.17
2678.4 0.17
2679.6 0.15
2680.8 0.17
2682.0 0.17
2683.2 0.15
2684.4 0.18
2685.6 0.17
2686.8 0.15
2688.0 0.18
2689.2 0.15
2690.4 0.15
2691.6 0.15
2692.8 0.15
2694.0 0.15
2695.2 0.15
2696.4 0.18
2697.6 0.17
2698.8 0.16
2700.0 0.17
2701.2 0.16
2702.4 0.15
2703.6 0.15
2704.8 0.16
2706.0 0.21
2707.2 0.16
2708.4 0.17
2709.6 0.17
2710.8 0.16
2712.0 0.16
2713.2 0.17
2714.4 0.16
2715.6 0.16
2716.8 0.16
2718.0 0.16
2719.2 0.15
2720.4 0.15
2721.6 0.15
2722.8 0.15
2724.0 0.14
2725.2 0.15
2726.4 0.15
2727.6 0.16
2728.8 0.32
2730.0 0.25
2731.2 0.16
2732.4 0.16
2733.6 0.16
2734.8 0.18
2736.0 0.16
2737.2 0.16
2738.4 0.16
2739.6 0.16
2740.8 0.16
2742.0 0.16
2743.2 0.14
2744.4 0.16
2745.6 0.16
2746.8 0.15
2748.0 0.15
2749.2 0.16
2750.4 0.16
2751.6 0.15
2752.8 0.17
2754.0 0.16
2755.2 0.16
2756.4 0.16
2757.6 0.17
2758.8 0.15
2760.0 0.16
2761.2 0.16
2762.4 0.15
2763.6 0.15
2764.8 0.15
2766.0 0.22
2767.2 0.16
2768.4 0.17
2769.6 0.16
2770.8 0.16
2772.0 0.16
2773.2 0.15
2774.4 0.16
2775.6 0.18
2776.8 0.16
2778.0 0.15
2779.2 0.15
2780.4 0.16
2781.6 0.16
2782.8 0.16
2784.0 0.17
2785.2 0.16
2786.4 0.17
2787.6 0.16
2788.8 0.18
2790.0 0.16
2791.2 0.16
2792.4 0.16
2793.6 0.15
2794.8 0.16
2796.0 0.15
2797.2 0.15
2798.4 0.15
2799.6 0.17
2800.8 0.15
2802.0 0.17
2803.2 0.17
2804.4 0.15
2805.6 0.15
2806.8 0.15
2808.0 0.17
2809.2 0.16
2810.4 0.16
2811.6 0.18
2812.8 0.16
2814.0 0.16
2815.2 0.16
2816.4 0.22
2817.6 0.18
2818.8 0.18
2820.0 0.16
2821.2 0.16
2822.4 0.16
2823.6 0.16
2824.8 0.16
2826.0 0.15
2827.2 0.14
2828.4 0.15
2829.6 0.16
2830.8 0.15
2832.0 0.14
2833.2 0.14
2834.4 0.14
2835.6 0.14
2836.8 0.16
2838.0 0.16
2839.2 0.16
2840.4 0.15
2841.6 0.15
2842.8 0.16
2844.0 0.16
2845.2 0.16
2846.4 0.2
2847.6 0.23
2848.8 0.25
2850.0 0.17
2851.2 0.17
2852.4 0.32
2853.6 0.17
2854.8 0.17
2856.0 0.18
2857.2 0.44
2858.4 0.3
2859.6 0.18
2860.8 0.19
2862.0 0.17
2863.2 0.18
2864.4 0.17
2865.6 0.17
2866.8 0.17
2868.0 0.17
2869.2 0.2
2870.4 0.18
2871.6 0.17
2872.8 0.17
2874.0 0.16
2875.2 0.17
2876.4 0.16
2877.6 0.16
2878.8 0.16
2880.0 0.17
2881.2 0.24
2882.4 0.17
2883.6 0.17
2884.8 0.17
2886.0 0.17
2887.2 0.17
2888.4 0.17
2889.6 0.17
2890.8 0.17
2892.0 0.16
2893.2 0.16
2894.4 0.16
2895.6 0.16
2896.8 0.16
2898.0 0.16
2899.2 0.16
2900.4 0.16
2901.6 0.16
2902.8 0.16
2904.0 0.16
2905.2 0.16
2906.4 0.16
2907.6 0.16
2908.8 0.15
2910.0 0.16
2911.2 0.16
2912.4 0.15
2913.6 0.16
2914.8 0.16
2916.0 0.17
2917.2 0.15
2918.4 0.17
2919.6 0.17
2920.8 0.17
2922.0 0.15
2923.2 0.16
2924.4 0.15
2925.6 0.16
2926.8 0.16
2928.0 0.29
2929.2 0.17
2930.4 0.16
2931.6 0.17
2932.8 0.17
2934.0 0.14
2935.2 0.14
2936.4 0.15
2937.6 0.15
2938.8 0.15
2940.0 0.22
2941.2 0.15
2942.4 0.15
2943.6 0.16
2944.8 0.16
2946.0 0.16
2947.2 0.16
2948.4 0.16
2949.6 0.15
2950.8 0.14
2952.0 0.16
2953.2 0.14
2954.4 0.14
2955.6 0.14
2956.8 0.17
2958.0 0.22
2959.2 0.15
2960.4 0.17
2961.6 0.16
2962.8 0.18
2964.0 0.15
2965.2 0.15
2966.4 0.16
2967.6 0.16
2968.8 0.16
2970.0 0.19
2971.2 0.17
2972.4 0.16
2973.6 0.16
2974.8 0.29
2976.0 0.18
2977.2 0.15
2978.4 0.16
2979.6 0.15
2980.8 0.16
2982.0 0.17
2983.2 0.26
2984.4 0.21
2985.6 0.16
2986.8 0.33
2988.0 0.2
2989.2 0.28
2990.4 0.23
2991.6 0.22
2992.8 0.17
2994.0 0.16
2995.2 0.18
2996.4 0.14
2997.6 0.14
2998.8 0.15
3000.0 0.16
3001.2 0.14
3002.4 0.17
3003.6 0.16
3004.8 0.16
3006.0 0.16
3007.2 0.18
3008.4 0.17
3009.6 0.18
3010.8 0.16
3012.0 0.19
3013.2 0.18
3014.4 0.18
3015.6 0.14
3016.8 0.17
3018.0 0.15
3019.2 0.14
3020.4 0.14
3021.6 0.16
3022.8 0.16
3024.0 0.18
3025.2 0.18
3026.4 0.14
3027.6 0.15
3028.8 0.14
3030.0 0.15
3031.2 0.19
3032.4 0.2
3033.6 0.16
3034.8 0.21
3036.0 0.16
3037.2 0.19
3038.4 0.18
3039.6 0.15
3040.8 0.19
3042.0 0.2
3043.2 0.2
3044.4 0.18
3045.6 0.15
3046.8 0.15
3048.0 0.2
3049.2 0.16
3050.4 0.16
3051.6 0.16
3052.8 0.21
3054.0 0.18
3055.2 0.15
3056.4 0.15
3057.6 0.16
3058.8 0.16
3060.0 0.17
3061.2 0.18
3062.4 0.18
3063.6 0.18
3064.8 0.15
3066.0 0.16
3067.2 0.15
3068.4 0.2
3069.6 0.15
3070.8 0.22
3072.0 0.21
3073.2 0.16
3074.4 0.2
3075.6 0.2
3076.8 0.18
3078.0 0.18
3079.2 0.19
3080.4 0.18
3081.6 0.18
3082.8 0.15
3084.0 0.15
3085.2 0.18
3086.4 0.36
3087.6 0.16
3088.8 0.16
3090.0 0.18
3091.2 0.16
3092.4 0.16
3093.6 0.18
3094.8 0.19
3096.0 0.21
3097.2 0.2
3098.4 0.2
3099.6 0.22
