0.0 4800.0
1.2 4800.0
2.4 4800.0
3.6 4971.16
4.8 5031.14
6.0 5070.08
7.2 5102.43
8.4 5162.39
9.6 5193.98
10.8 5253.91
12.0 5280.06
13.2 5307.0
14.4 5366.9
15.6 5384.9
16.8 5444.77
18.0 5464.0
19.2 5523.85
20.4 5533.1
21.6 5544.88
22.8 5604.69
24.0 5611.11
25.2 5670.89
26.4 5675.48
27.6 5672.85
28.8 5732.59
30.0 5731.34
31.2 5791.06
32.4 5797.39
33.6 5857.08
34.8 5846.0
36.0 5837.38
37.2 5897.04
38.4 5894.83
39.6 5954.47
40.8 5952.7
42.0 5950.08
43.2 6009.68
44.4 5994.86
45.6 6054.44
46.8 6050.77
48.0 6048.38
49.2 6107.93
50.4 6101.23
51.6 6160.75
52.8 6155.47
54.0 6150.0
55.2 6209.49
56.4 6204.36
57.6 6263.83
58.8 6259.73
60.0 6319.18
61.2 6311.72
62.4 6309.82
63.6 6369.25
64.8 6371.84
66.0 6431.24
67.2 6427.84
68.4 6429.71
69.6 6489.09
70.8 6488.07
72.0 6547.43
73.2 6554.26
74.4 6560.28
75.6 6619.61
76.8 6627.81
78.0 6687.12
79.2 6696.61
80.4 6755.91
81.6 6766.5
82.8 6775.63
84.0 6834.9
85.2 6854.29
86.4 6913.55
87.6 6928.0
88.8 6987.24
90.0 6999.02
91.2 7023.25
92.4 7082.47
93.6 7102.34
94.8 7128.23
96.0 7187.43
97.2 7213.29
98.4 7272.47
99.6 7298.26
100.8 7332.12
102.0 7391.29
103.2 7423.52
104.4 7482.67
105.6 7516.94
106.8 7576.07
108.0 7610.73
109.2 7649.22
110.4 7708.34
111.6 7750.35
112.8 7809.45
114.0 7852.26
115.2 7897.4
116.4 7956.48
117.6 8001.99
118.8 8061.05
120.0 8109.12
121.2 8168.17
122.4 8219.91
123.6 8275.99
124.8 8335.03
126.0 8395.09
127.2 8454.11
128.4 8517.33
129.6 8584.51
130.8 8643.52
132.0 8711.69
133.2 8770.69
134.4 8841.86
135.6 8915.47
136.8 8974.45
138.0 9051.06
139.2 9110.04
140.4 9189.55
141.6 9248.51
142.8 9332.4
144.0 9416.71
145.2 9475.65
146.4 9567.29
147.6 9626.22
148.8 9719.53
150.0 9817.84
151.2 9876.76
152.4 9974.89
153.6 10033.8
154.8 10134.42
156.0 10241.96
157.2 10300.86
158.4 10414.32
159.6 10473.21
160.8 10583.95
162.0 10701.54
163.2 10760.42
164.4 10880.92
165.6 10939.79
166.8 11064.33
168.0 11123.19
169.2 11248.89
170.4 11382.26
171.6 11441.11
172.8 11572.34
174.0 11631.18
175.2 11765.13
176.4 11899.9
177.6 11958.73
178.8 12095.51
180.0 12154.33
181.2 12296.2
182.4 12355.01
183.6 12490.11
184.8 12629.63
186.0 12688.44
187.2 12834.1
188.4 12892.89
189.6 13035.55
190.8 13172.75
192.0 13231.53
193.2 13362.11
194.4 13420.88
195.6 13554.36
196.8 13674.24
198.0 13733.01
199.2 13857.07
200.4 13915.83
201.6 14023.41
202.8 14133.49
204.0 14192.25
205.2 14302.11
206.4 14360.86
207.6 14463.27
208.8 14522.01
210.0 14617.9
211.2 14708.33
212.4 14767.07
213.6 14854.21
214.8 14912.93
216.0 14997.74
217.2 15077.49
218.4 15136.2
219.6 15212.75
220.8 15271.46
222.0 15347.05
223.2 15405.76
224.4 15475.24
225.6 15545.4
226.8 15604.1
228.0 15672.6
229.2 15731.29
230.4 15797.38
231.6 15860.93
232.8 15919.61
234.0 15983.22
235.2 16041.9
236.4 16104.76
237.6 16165.91
238.8 16224.59
240.0 16286.55
241.2 16345.22
242.4 16405.51
243.6 16464.84
244.8 16523.51
246.0 16583.09
247.2 16641.75
248.4 16700.48
249.6 16759.14
250.8 16817.22
252.0 16875.42
253.2 16934.07
254.4 16991.52
255.6 17050.17
256.8 17108.37
258.0 17165.64
259.2 17224.28
260.4 17282.13
261.6 17340.77
262.8 17398.91
264.0 17457.54
265.2 17513.47
266.4 17570.16
267.6 17628.79
268.8 17686.46
270.0 17745.08
271.2 17803.83
272.4 17861.78
273.6 17920.39
274.8 17977.16
276.0 18035.78
277.2 18093.46
278.4 18151.01
279.6 18209.62
280.8 18267.97
282.0 18326.57
283.2 18384.14
284.4 18442.74
285.6 18499.76
286.8 18558.35
288.0 18614.47
289.2 18672.53
290.4 18731.12
291.6 18789.09
292.8 18847.04
294.0 18905.63
295.2 18963.03
296.4 19021.62
297.6 19079.44
298.8 19137.47
300.0 19196.05
301.2 19254.53
302.4 19313.11
303.6 19371.71
304.8 19430.28
306.0 19489.58
307.2 19548.3
308.4 19606.87
309.6 19666.11
310.8 19724.67
312.0 19784.28
313.2 19843.94
314.4 19902.5
315.6 19962.25
316.8 20020.81
318.0 20081.72
319.2 20142.0
320.4 20200.56
321.6 20261.64
322.8 20320.2
324.0 20382.09
325.2 20440.64
326.4 20502.24
327.6 20565.61
328.8 20624.16
330.0 20687.16
331.2 20745.7
332.4 20808.95
333.6 20874.45
334.8 20932.99
336.0 21000.3
337.2 21058.84
338.4 21127.91
339.6 21196.53
340.8 21255.07
342.0 21326.59
343.2 21385.12
344.4 21456.38
345.6 21530.62
346.8 21589.16
348.0 21666.64
349.2 21725.17
350.4 21799.93
351.6 21858.45
352.8 21931.39
354.0 22001.0
355.2 22059.53
356.4 22129.1
357.6 22187.62
358.8 22255.08
360.0 22321.18
361.2 22379.7
362.4 22444.03
363.6 22502.55
364.8 22566.59
366.0 22625.1
367.2 22688.83
368.4 22751.73
369.6 22810.25
370.8 22872.88
372.0 22931.4
373.2 22993.06
374.4 23054.6
375.6 23113.11
376.8 23174.38
378.0 23232.89
379.2 23294.61
380.4 23355.35
381.6 23413.86
382.8 23474.4
384.0 23532.91
385.2 23593.59
386.4 23652.1
387.6 23712.4
388.8 23772.87
390.0 23831.37
391.2 23891.88
392.4 23950.38
393.6 24010.69
394.8 24070.49
396.0 24128.99
397.2 24188.21
398.4 24246.71
399.6 24307.1
400.8 24367.89
402.0 24426.39
403.2 24485.65
404.4 24544.15
405.6 24604.68
406.8 24665.28
408.0 24723.77
409.2 24784.37
410.4 24842.86
411.6 24903.76
412.8 24962.25
414.0 25023.02
415.2 25083.57
416.4 25142.06
417.6 25202.54
418.8 25261.03
420.0 25321.63
421.2 25380.12
422.4 25440.38
423.6 25500.7
424.8 25559.19
426.0 25620.18
427.2 25678.66
428.4 25739.4
429.6 25800.0
430.8 25858.48
432.0 25918.28
433.2 25976.76
434.4 26038.03
435.6 26101.27
436.8 26159.75
438.0 26224.56
439.2 26283.04
440.4 26345.94
441.6 26408.46
442.8 26466.94
444.0 26529.46
445.2 26587.93
446.4 26649.43
447.6 26707.91
448.8 26769.42
450.0 26830.16
451.2 26888.64
452.4 26949.77
453.6 27008.24
454.8 27069.4
456.0 27127.87
457.2 27187.84
458.4 27248.4
459.6 27306.87
460.8 27367.5
462.0 27428.76
463.2 27487.23
464.4 27547.57
465.6 27606.04
466.8 27666.36
468.0 27726.78
469.2 27785.26
470.4 27844.76
471.6 27903.22
472.8 27963.47
474.0 28021.94
475.2 28082.39
476.4 28142.4
477.6 28200.87
478.8 28261.33
480.0 28319.79
481.2 28379.31
482.4 28438.98
483.6 28497.44
484.8 28557.01
486.0 28615.47
487.2 28674.89
488.4 28735.25
489.6 28793.72
490.8 28853.4
492.0 28911.87
493.2 28971.09
494.4 29029.55
495.6 29089.35
496.8 29150.13
498.0 29208.59
499.2 29268.13
500.4 29326.59
501.6 29383.48
502.8 29442.61
504.0 29501.07
505.2 29560.73
506.4 29619.19
507.6 29678.37
508.8 29738.08
510.0 29796.54
511.2 29855.62
512.4 29914.08
513.6 29973.93
514.8 30032.39
516.0 30091.88
517.2 30151.07
518.4 30209.53
519.6 30268.57
520.8 30327.03
522.0 30387.46
523.2 30445.92
524.4 30505.19
525.6 30565.63
526.8 30624.09
528.0 30683.82
529.2 30742.27
530.4 30801.52
531.6 30861.63
532.8 30920.09
534.0 30980.05
535.2 31038.51
536.4 31097.78
537.6 31156.98
538.8 31215.43
540.0 31274.96
541.2 31333.42
542.4 31395.55
543.6 31454.0
544.8 31512.65
546.0 31572.31
547.2 31630.76
548.4 31690.07
549.6 31749.04
550.8 31807.49
552.0 31866.88
553.2 31925.33
554.4 31983.16
555.6 32041.61
556.8 32100.53
558.0 32159.73
559.2 32218.19
560.4 32277.22
561.6 32335.66
562.8 32394.57
564.0 32454.05
565.2 32512.5
566.4 32571.43
567.6 32629.88
568.8 32688.67
570.0 32747.12
571.2 32806.06
572.4 32864.16
573.6 32922.61
574.8 32981.35
576.0 33039.79
577.2 33098.41
578.4 33156.97
579.6 33215.41
580.8 33274.27
582.0 33332.72
583.2 33391.63
584.4 33450.88
585.6 33509.33
586.8 33568.11
588.0 33626.55
589.2 33684.12
590.4 33742.56
591.6 33800.0
592.8 33858.5
594.0 33916.94
595.2 33976.22
596.4 34034.66
597.6 34093.7
598.8 34152.02
600.0 34210.47
601.2 34268.99
602.4 34327.43
603.6 34385.38
604.8 34443.82
606.0 34501.87
607.2 34559.67
608.4 34618.12
609.6 34676.76
610.8 34735.2
612.0 34793.72
613.2 34852.8
614.4 34911.24
615.6 34969.97
616.8 35028.41
618.0 35085.35
619.2 35144.88
620.4 35203.32
621.6 35261.23
622.8 35319.67
624.0 35377.73
625.2 35436.17
626.4 35494.32
627.6 35552.46
628.8 35610.9
630.0 35670.78
631.2 35729.22
632.4 35788.72
633.6 35847.63
634.8 35906.07
636.0 35964.66
637.2 36023.1
638.4 36081.58
639.6 36140.64
640.8 36199.08
642.0 36258.04
643.2 36316.48
644.4 36375.63
645.6 36434.75
646.8 36493.19
648.0 36552.34
649.2 36610.78
650.4 36669.27
651.6 36727.95
652.8 36786.39
654.0 36844.56
655.2 36903.0
656.4 36961.09
657.6 37019.53
658.8 37078.82
660.0 37137.08
661.2 37195.52
662.4 37253.81
663.6 37312.25
664.8 37371.2
666.0 37429.89
667.2 37488.33
668.4 37546.85
669.6 37605.29
670.8 37663.74
672.0 37722.18
673.2 37780.64
674.4 37838.59
675.6 37897.02
676.8 37955.59
678.0 38014.03
679.2 38072.41
680.4 38130.53
681.6 38188.97
682.8 38247.05
684.0 38305.48
685.2 38363.57
686.4 38421.62
687.6 38480.06
688.8 38538.03
690.0 38596.46
691.2 38654.47
692.4 38712.66
693.6 38771.1
694.8 38829.53
696.0 38887.97
697.2 38946.55
698.4 39004.99
699.6 39062.48
700.8 39120.39
702.0 39178.83
703.2 39237.24
704.4 39295.67
705.6 39353.39
706.8 39411.72
708.0 39470.15
709.2 39528.32
710.4 39586.76
711.6 39645.03
712.8 39703.46
714.0 39761.56
715.2 39820.07
716.4 39878.5
717.6 39937.05
718.8 39995.49
720.0 40053.13
721.2 40111.42
722.4 40169.86
723.6 40227.87
724.8 40286.31
726.0 40344.61
727.2 40403.04
728.4 40460.27
729.6 40518.75
730.8 40577.18
732.0 40635.78
733.2 40694.11
734.4 40752.54
735.6 40810.52
736.8 40868.95
738.0 40927.09
739.2 40985.53
740.4 41044.46
741.6 41103.16
742.8 41161.6
744.0 41219.52
745.2 41277.96
746.4 41336.97
747.6 41395.6
748.8 41454.04
750.0 41512.78
751.2 41571.22
752.4 41629.6
753.6 41688.04
754.8 41746.5
756.0 41804.52
757.2 41862.96
758.4 41921.3
759.6 41979.74
760.8 42038.23
762.0 42096.34
763.2 42154.78
764.4 42213.11
765.6 42271.55
766.8 42329.45
768.0 42389.14
769.2 42447.57
770.4 42505.96
771.6 42564.39
772.8 42621.99
774.0 42680.38
775.2 42738.82
776.4 42797.47
777.6 42855.91
778.8 42914.64
780.0 42973.08
781.2 43031.5
782.4 43090.09
783.6 43148.52
784.8 43207.38
786.0 43265.81
787.2 43323.57
788.4 43381.83
789.6 43440.27
790.8 43497.15
792.0 43555.59
793.2 43613.95
794.4 43672.39
795.6 43730.77
796.8 43789.22
798.0 43847.65
799.2 43906.03
800.4 43964.46
801.6 44022.68
802.8 44086.4
804.0 44144.89
805.2 44207.18
806.4 44265.76
807.6 44330.47
808.8 44395.44
810.0 44454.23
811.2 44520.3
812.4 44579.25
813.6 44646.18
814.8 44705.3
816.0 44771.68
817.2 44838.83
818.4 44898.23
819.6 44965.51
820.8 45025.09
822.0 45092.48
823.2 45159.47
824.4 45219.33
825.6 45287.02
826.8 45347.07
828.0 45414.53
829.2 45481.07
830.4 45541.39
831.6 45609.38
832.8 45669.87
834.0 45736.37
835.2 45802.82
836.4 45863.59
837.6 45930.02
838.8 45990.96
840.0 46056.99
841.2 46118.09
842.4 46183.4
843.6 46249.07
844.8 46310.42
846.0 46376.87
847.2 46438.38
848.4 46504.46
849.6 46566.13
850.8 46631.83
852.0 46698.65
853.2 46760.55
854.4 46828.82
855.6 46896.33
856.8 46958.47
858.0 47026.34
859.2 47088.62
860.4 47156.23
861.6 47218.65
862.8 47286.1
864.0 47351.94
865.2 47414.57
866.4 47477.29
867.6 47540.06
868.8 47602.92
870.0 47665.86
871.2 47728.84
872.4 47791.89
873.6 47854.99
874.8 47918.2
876.0 47981.46
877.2 48044.77
878.4 48108.15
879.6 48171.58
880.8 48235.08
882.0 48298.62
883.2 48362.28
884.4 48425.94
885.6 48489.66
886.8 48553.48
888.0 48617.32
889.2 48681.21
890.4 48745.24
891.6 48809.26
892.8 48873.34
894.0 48937.47
895.2 49001.68
896.4 49065.91
897.6 49130.23
898.8 49194.6
900.0 49258.99
901.2 49323.47
902.4 49387.97
903.6 49452.53
904.8 49517.15
906.0 49581.8
907.2 49646.52
908.4 49711.27
909.6 49776.1
910.8 49840.97
912.0 49905.87
913.2 49970.85
914.4 50035.84
915.6 50100.9
916.8 50165.98
918.0 50231.13
919.2 50296.3
920.4 50361.51
921.6 50426.83
922.8 50492.13
924.0 50557.49
925.2 50622.95
926.4 50688.39
927.6 50753.89
928.8 50819.4
930.0 50885.02
931.2 50950.63
932.4 51016.27
933.6 51081.97
934.8 51147.69
936.0 51213.48
937.2 51279.27
938.4 51345.12
939.6 51411.03
940.8 51476.94
942.0 51542.9
943.2 51608.88
944.4 51674.93
945.6 51741.05
946.8 51807.14
948.0 51873.3
949.2 51939.47
950.4 52005.7
951.6 52071.93
952.8 52138.21
954.0 52204.53
955.2 52270.87
956.4 52337.27
957.6 52403.68
958.8 52470.12
960.0 52536.65
961.2 52603.15
962.4 52669.7
963.6 52736.27
964.8 52802.89
966.0 52869.54
967.2 52936.2
968.4 53002.89
969.6 53069.61
970.8 53136.35
972.0 53203.15
973.2 53269.96
974.4 53336.82
975.6 53403.69
976.8 53470.6
978.0 53537.55
979.2 53604.51
980.4 53671.5
981.6 53738.5
982.8 53804.49
984.0 53871.55
985.2 53933.91
986.4 53996.07
987.6 54063.21
988.8 54126.61
990.0 54193.8
991.2 54256.28
992.4 54323.51
993.6 54385.14
994.8 54447.83
996.0 54515.14
997.2 54578.56
998.4 54645.92
999.6 54707.85
1000.8 54770.58
1002.0 54838.01
1003.2 54900.36
1004.4 54967.83
1005.6 55030.06
1006.8 55091.06
1008.0 55158.61
1009.2 55222.53
1010.4 55290.12
1011.6 55353.71
1012.8 55416.36
1014.0 55484.02
1015.2 55545.87
1016.4 55613.56
1017.6 55674.88
1018.8 55742.61
1020.0 55804.47
1021.2 55866.69
1022.4 55934.48
1023.6 55998.25
1024.8 56066.07
1026.0 56128.17
1027.2 56191.97
1028.4 56259.86
1029.6 56321.84
1030.8 56389.76
1032.0 56452.44
1033.2 56515.12
1034.4 56583.1
1035.6 56646.88
1036.8 56714.89
1038.0 56776.6
1039.2 56844.65
1040.4 56906.54
1041.6 56969.76
1042.8 57037.86
1044.0 57099.21
1045.2 57167.34
1046.4 57231.36
1047.6 57294.44
1048.8 57362.62
1050.0 57424.33
1051.2 57492.54
1052.4 57556.29
1053.6 57620.06
1054.8 57688.31
1056.0 57751.17
1057.2 57819.45
1058.4 57883.04
1059.6 57951.35
1060.8 58014.2
1062.0 58079.06
1063.2 58147.41
1064.4 58210.21
1065.6 58278.59
1066.8 58340.48
1068.0 58405.2
1069.2 58473.62
1070.4 58536.82
1071.6 58605.27
1072.8 58667.61
1074.0 58732.25
1075.2 58800.74
1076.4 58865.26
1077.6 58933.78
1078.8 58997.56
1080.0 59063.48
1081.2 59132.03
1082.4 59195.63
1083.6 59264.2
1084.8 59329.16
1086.0 59397.76
1087.2 59462.65
1088.4 59525.4
1089.6 59594.04
1090.8 59659.32
1092.0 59727.97
1093.2 59791.79
1094.4 59857.13
1095.6 59925.82
1096.8 59989.87
1098.0 60058.58
1099.2 60123.77
1100.4 60192.49
1101.6 60256.48
1102.8 60320.08
1104.0 60388.85
1105.2 60454.19
1106.4 60522.97
1107.6 60588.82
1108.8 60653.93
1110.0 60722.74
1111.2 60788.62
1112.4 60857.45
1113.6 60922.88
1114.8 60989.11
1116.0 61057.97
1117.2 61123.38
1118.4 61192.26
1119.6 61258.03
1120.8 61323.85
1122.0 61392.75
1123.2 61458.66
1124.4 61527.57
1125.6 61594.05
1126.8 61662.98
1128.0 61729.22
1129.2 61796.29
1130.4 61865.25
1131.6 61932.03
1132.8 62001.01
1134.0 62067.31
1135.2 62134.04
1136.4 62203.04
1137.6 62269.98
1138.8 62338.99
1140.0 62405.58
1141.2 62473.74
1142.4 62542.78
1143.6 62611.04
1144.8 62680.09
1146.0 62744.77
1147.2 62813.83
1148.4 62881.68
1149.6 62949.16
1150.8 63018.25
1152.0 63084.63
1153.2 63153.73
1154.4 63220.15
1155.6 63288.14
1156.8 63357.26
1158.0 63425.26
1159.2 63494.39
1160.4 63562.42
1161.6 63631.56
1162.8 63697.71
1164.0 63766.04
1165.2 63835.21
1166.4 63903.19
1167.6 63972.36
1168.8 64040.47
1170.0 64108.3
1171.2 64177.5
1172.4 64245.33
1173.6 64314.53
1174.8 64382.78
1176.0 64452.0
1177.2 64519.84
1178.4 64587.6
1179.6 64656.83
1180.8 64725.59
1182.0 64794.61
1183.2 64863.87
1184.4 64932.34
1185.6 65001.6
1186.8 65071.38
1188.0 65140.65
1189.2 65210.36
1190.4 65279.64
1191.6 65348.93
1192.8 65418.63
1194.0 65487.93
1195.2 65558.82
1196.4 65628.37
1197.6 65697.68
1198.8 65766.58
1200.0 65835.9
1201.2 65904.72
1202.4 65974.05
1203.6 66043.48
1204.8 66112.7
1206.0 66182.05
1207.2 66251.44
1208.4 66320.79
1209.6 66390.36
1210.8 66461.03
1212.0 66530.4
1213.2 66598.89
1214.4 66668.26
1215.6 66737.52
1216.8 66805.78
1218.0 66875.16
1219.2 66943.32
1220.4 67012.71
1221.6 67079.01
1222.8 67146.22
1224.0 67215.63
1225.2 67281.75
1226.4 67351.16
1227.6 67418.6
1228.8 67488.02
1230.0 67554.37
1231.2 67621.18
1232.4 67690.62
1233.6 67754.03
1234.8 67823.46
1236.0 67891.41
1237.2 67960.85
1238.4 68026.14
1239.6 68093.21
1240.8 68162.67
1242.0 68231.35
1243.2 68299.11
1244.4 68368.57
1245.6 68437.48
1246.8 68506.95
1248.0 68574.99
1249.2 68644.46
1250.4 68711.99
1251.6 68780.68
1252.8 68850.16
1254.0 68918.07
1255.2 68987.56
1256.4 69056.45
1257.6 69125.02
1258.8 69194.52
1260.0 69263.57
1261.2 69333.08
1262.4 69402.71
1263.6 69472.22
1264.8 69541.14
1266.0 69611.06
1267.2 69680.58
1268.4 69751.11
1269.6 69820.63
1270.8 69890.4
1272.0 69960.96
1273.2 70030.49
1274.4 70102.38
1275.6 70171.92
1276.8 70241.98
1278.0 70313.11
1279.2 70382.65
1280.4 70454.01
1281.6 70523.55
1282.8 70593.9
1284.0 70664.65
1285.2 70734.21
1286.4 70805.68
1287.6 70875.24
1288.8 70946.36
1290.0 71015.92
1291.2 71086.69
1292.4 71158.84
1293.6 71228.41
1294.8 71300.06
1296.0 71369.63
1297.2 71441.54
1298.4 71513.04
1299.6 71582.62
1300.8 71654.9
1302.0 71724.49
1303.2 71796.01
1304.4 71867.91
1305.6 71937.51
1306.8 72009.51
1308.0 72079.11
1309.2 72151.36
1310.4 72220.96
1311.6 72292.38
1312.8 72364.22
1314.0 72433.83
1315.2 72505.58
1316.4 72575.19
1317.6 72648.18
1318.8 72720.58
1320.0 72790.2
1321.2 72862.26
1322.4 72931.88
1323.6 73004.39
1324.8 73074.01
1326.0 73146.99
1327.2 73219.45
1328.4 73289.08
1329.6 73361.23
1330.8 73430.86
1332.0 73503.62
1333.2 73575.85
1334.4 73645.49
1335.6 73718.28
1336.8 73787.92
1338.0 73859.92
1339.2 73929.56
1340.4 74001.52
1341.6 74072.86
1342.8 74142.5
1344.0 74215.18
1345.2 74288.2
1346.4 74357.85
1347.6 74430.07
1348.8 74499.72
1350.0 74572.51
1351.2 74642.17
1352.4 74713.87
1353.6 74785.92
1354.8 74855.58
1356.0 74927.97
1357.2 74997.63
1358.4 75070.78
1359.6 75142.93
1360.8 75212.59
1362.0 75284.39
1363.2 75354.05
1364.4 75425.99
1365.6 75495.66
1366.8 75567.87
1368.0 75639.96
1369.2 75709.63
1370.4 75782.37
1371.6 75852.04
1372.8 75923.99
1374.0 75996.51
1375.2 76066.19
1376.4 76138.2
1377.6 76207.88
1378.8 76280.01
1380.0 76352.66
1381.2 76422.35
1382.4 76495.24
1383.6 76564.93
1384.8 76637.5
1386.0 76709.15
1387.2 76778.84
1388.4 76850.55
1389.6 76920.24
1390.8 76991.72
1392.0 77061.42
1393.2 77134.09
1394.4 77206.27
1395.6 77275.97
1396.8 77346.95
1398.0 77416.64
1399.2 77487.86
1400.4 77557.56
1401.6 77629.17
1402.8 77701.0
1404.0 77770.71
1405.2 77841.2
1406.4 77910.9
1407.6 77982.09
1408.8 78052.77
1410.0 78122.48
1411.2 78194.03
1412.4 78263.73
1413.6 78334.46
1414.8 78405.63
1416.0 78475.34
1417.2 78546.95
1418.4 78616.67
1419.6 78688.34
1420.8 78759.41
1422.0 78829.13
1423.2 78899.94
1424.4 78969.66
1425.6 79041.2
1426.8 79112.36
1428.0 79182.08
1429.2 79252.67
1430.4 79322.39
1431.6 79393.95
1432.8 79463.67
1434.0 79534.49
1435.2 79605.97
1436.4 79675.69
1437.6 79747.62
1438.8 79817.35
1440.0 79889.25
1441.2 79961.17
1442.4 80030.9
1443.6 80101.62
1444.8 80171.35
1446.0 80243.23
1447.2 80312.96
1448.4 80383.98
1449.6 80454.61
1450.8 80524.34
1452.0 80595.24
1453.2 80664.97
1454.4 80734.49
1455.6 80804.35
1456.8 80874.08
1458.0 80944.32
1459.2 81014.06
1460.4 81084.95
1461.6 81155.47
1462.8 81225.21
1464.0 81296.04
1465.2 81365.78
1466.4 81436.02
1467.6 81505.76
1468.8 81576.78
1470.0 81647.63
1471.2 81717.37
1472.4 81787.63
1473.6 81857.37
1474.8 81927.68
1476.0 81997.79
1477.2 82067.54
1478.4 82137.24
1479.6 82206.98
1480.8 82277.06
1482.0 82346.8
1483.2 82416.6
1484.4 82486.41
1485.6 82556.16
1486.8 82626.0
1488.0 82695.74
1489.2 82765.08
1490.4 82836.11
1491.6 82905.86
1492.8 82975.83
1494.0 83045.58
1495.2 83115.82
1496.4 83186.39
1497.6 83256.15
1498.8 83326.93
1500.0 83396.68
1501.2 83465.48
1502.4 83535.5
1503.6 83605.26
1504.8 83674.03
1506.0 83743.78
1507.2 83814.0
1508.4 83883.75
1509.6 83953.71
1510.8 84023.83
1512.0 84093.58
1513.2 84162.78
1514.4 84232.53
1515.6 84302.25
1516.8 84372.39
1518.0 84442.15
1519.2 84512.7
1520.4 84582.46
1521.6 84652.52
1522.8 84723.27
1524.0 84793.04
1525.2 84863.34
1526.4 84933.1
1527.6 85003.36
1528.8 85073.12
1530.0 85143.8
1531.2 85213.56
1532.4 85281.5
1533.6 85351.72
1534.8 85421.48
1536.0 85492.36
1537.2 85562.08
1538.4 85631.84
1539.6 85702.08
1540.8 85771.84
1542.0 85842.33
1543.2 85912.42
1544.4 85982.19
1545.6 86054.11
1546.8 86123.88
1548.0 86193.7
1549.2 86263.47
1550.4 86333.37
1551.6 86403.23
1552.8 86473.0
1554.0 86543.45
1555.2 86613.22
1556.4 86682.9
1557.6 86752.42
1558.8 86822.19
1560.0 86891.75
1561.2 86961.52
1562.4 87031.06
1563.6 87100.75
1564.8 87170.52
1566.0 87240.23
1567.2 87310.0
1568.4 87378.86
1569.6 87448.63
1570.8 87517.97
1572.0 87589.26
1573.2 87659.04
1574.4 87728.66
1575.6 87798.43
1576.8 87868.77
1578.0 87938.27
1579.2 88008.04
1580.4 88077.77
1581.6 88147.54
1582.8 88217.73
1584.0 88287.35
1585.2 88357.13
1586.4 88426.45
1587.6 88496.23
1588.8 88565.7
1590.0 88635.47
1591.2 88704.8
1592.4 88774.5
1593.6 88844.27
1594.8 88913.98
1596.0 88983.75
1597.2 89053.41
1598.4 89123.27
1599.6 89193.04
1600.8 89262.17
1602.0 89331.94
1603.2 89374.82
1604.4 89428.48
1605.6 89498.14
1606.8 89553.69
1608.0 89623.22
1609.2 89680.52
1610.4 89749.9
1611.6 89807.74
1612.8 89865.01
1614.0 89934.13
1615.2 89993.51
1616.4 90062.45
1617.6 90123.23
1618.8 90185.37
1620.0 90254.05
1621.2 90318.19
1622.4 90386.67
1623.6 90453.05
1624.8 90519.79
1626.0 90588.0
1627.2 90658.18
1628.4 90726.21
1629.6 90795.69
1630.8 90863.53
1632.0 90936.39
1633.2 91009.91
1634.4 91077.49
1635.6 91153.55
1636.8 91220.96
1638.0 91296.09
1639.2 91374.96
1640.4 91442.11
1641.6 91520.43
1642.8 91587.41
1644.0 91674.79
1645.2 91755.8
1646.4 91822.54
1647.6 91902.3
1648.8 91968.88
1650.0 92047.14
1651.2 92113.57
1652.4 92187.99
1653.6 92259.86
1654.8 92326.06
1656.0 92396.99
1657.2 92463.03
1658.4 92531.46
1659.6 92598.69
1660.8 92664.52
1662.0 92729.23
1663.2 92794.91
1664.4 92858.49
1665.6 92924.04
1666.8 92986.37
1668.0 93048.71
1669.2 93114.06
1670.4 93176.22
1671.6 93238.16
1672.8 93303.31
1674.0 93363.46
1675.2 93428.48
1676.4 93489.41
1677.6 93554.31
1678.8 93614.37
1680.0 93674.5
1681.2 93739.21
1682.4 93799.44
1683.6 93864.03
1684.8 93924.43
1686.0 93984.88
1687.2 94049.29
1688.4 94108.53
1689.6 94172.83
1690.8 94232.92
1692.0 94297.1
1693.2 94357.0
1694.4 94417.13
1695.6 94481.16
1696.8 94541.35
1698.0 94605.26
1699.2 94665.66
1700.4 94726.08
1701.6 94789.84
1702.8 94850.6
1704.0 94914.25
1705.2 94974.53
1706.4 95037.49
1707.6 95100.99
1708.8 95163.74
1710.0 95227.15
1711.2 95291.19
1712.4 95354.5
1713.6 95419.15
1714.8 95484.78
1716.0 95547.96
1717.2 95616.07
1718.4 95679.16
1719.6 95751.19
1720.8 95824.24
1722.0 95887.2
1723.2 95958.71
1724.4 96021.58
1725.6 96091.74
1726.8 96158.45
1728.0 96221.19
1729.2 96288.07
1730.4 96350.73
1731.6 96416.14
1732.8 96478.72
1734.0 96542.85
1735.2 96606.6
1736.4 96669.06
1737.6 96731.59
1738.8 96793.97
1740.0 96857.0
1741.2 96919.86
1742.4 96982.12
1743.6 97043.45
1744.8 97105.64
1746.0 97166.95
1747.2 97229.07
1748.4 97290.45
1749.6 97349.64
1750.8 97411.66
1752.0 97473.21
1753.2 97535.15
1754.4 97596.72
1755.6 97656.74
1756.8 97718.59
1758.0 97779.04
1759.2 97840.82
1760.4 97901.33
1761.6 97961.62
1762.8 98023.3
1764.0 98083.18
1765.2 98144.81
1766.4 98206.15
1767.6 98266.88
1768.8 98328.42
1770.0 98389.0
1771.2 98450.47
1772.4 98510.93
1773.6 98572.11
1774.8 98633.5
1776.0 98693.17
1777.2 98754.5
1778.4 98816.34
1779.6 98877.61
1780.8 98937.61
1782.0 98998.26
1783.2 99059.45
1784.4 99119.47
1785.6 99180.61
1786.8 99242.22
1788.0 99309.54
1789.2 99370.61
1790.4 99440.23
1791.6 99501.24
1792.8 99568.16
1794.0 99629.12
1795.2 99695.68
1796.4 99760.4
1797.6 99821.29
1798.8 99885.77
1800.0 99946.62
1801.2 100009.9
1802.4 100072.61
1803.6 100133.39
1804.8 100195.75
1806.0 100256.48
1807.2 100318.09
1808.4 100379.98
1809.6 100440.65
1810.8 100501.5
1812.0 100562.12
1813.2 100623.07
1814.4 100683.65
1815.6 100743.37
1816.8 100804.18
1818.0 100864.7
1819.2 100924.41
1820.4 100984.88
1821.6 101046.03
1822.8 101105.79
1824.0 101166.21
1825.2 101226.63
1826.4 101287.02
1827.6 101346.72
1828.8 101406.55
1830.0 101466.88
1831.2 101526.5
1832.4 101586.79
1833.6 101644.64
1834.8 101704.89
1836.0 101764.45
1837.2 101823.85
1838.4 101884.06
1839.6 101943.89
1840.8 102004.06
1842.0 102063.68
1843.2 102123.52
1844.4 102183.64
1845.6 102243.5
1846.8 102303.59
1848.0 102363.17
1849.2 102422.63
1850.4 102482.67
1851.6 102542.05
1852.8 102602.06
1854.0 102661.1
1855.2 102721.42
1856.4 102781.39
1857.6 102842.02
1858.8 102901.96
1860.0 102961.45
1861.2 103021.35
1862.4 103080.97
1863.6 103141.11
1864.8 103200.97
1866.0 103260.39
1867.2 103320.23
1868.4 103380.56
1869.6 103440.37
1870.8 103500.16
1872.0 103560.49
1873.2 103620.26
1874.4 103681.51
1875.6 103741.25
1876.8 103801.8
1878.0 103862.27
1879.2 103921.98
1880.4 103981.67
1881.6 104041.36
1882.8 104102.03
1884.0 104161.69
1885.2 104220.72
1886.4 104280.86
1887.6 104340.49
1888.8 104400.41
1890.0 104461.14
1891.2 104520.74
1892.4 104581.08
1893.6 104640.64
1894.8 104701.92
1896.0 104761.47
1897.2 104820.7
1898.4 104880.11
1899.6 104939.63
1900.8 105000.63
1902.0 105060.13
1903.2 105119.86
1904.4 105179.83
1905.6 105239.3
1906.8 105299.44
1908.0 105358.89
1909.2 105419.26
1910.4 105479.12
1911.6 105538.53
1912.8 105598.96
1914.0 105658.35
1915.2 105717.75
1916.4 105777.13
1917.6 105837.37
1918.8 105896.55
1920.0 105955.9
1921.2 106016.3
1922.4 106075.64
1923.6 106135.57
1924.8 106197.04
1926.0 106256.35
1927.2 106316.82
1928.4 106376.11
1929.6 106435.99
1930.8 106496.12
1932.0 106555.39
1933.2 106615.29
1934.4 106674.54
1935.6 106734.31
1936.8 106793.55
1938.0 106854.09
1939.2 106913.78
1940.4 106972.99
1941.6 107032.63
1942.8 107091.83
1944.0 107151.19
1945.2 107211.09
1946.4 107270.27
1947.6 107330.67
1948.8 107389.83
1950.0 107449.43
1951.2 107509.17
1952.4 107568.31
1953.6 107628.03
1954.8 107687.16
1956.0 107746.95
1957.2 107806.66
1958.4 107865.77
1959.6 107925.51
1960.8 107984.61
1962.0 108044.12
1963.2 108103.2
1964.4 108162.68
1965.6 108222.18
1966.8 108281.24
1968.0 108340.37
1969.2 108399.42
1970.4 108459.43
1971.6 108518.55
1972.8 108577.58
1974.0 108637.02
1975.2 108696.04
1976.4 108755.57
1977.6 108816.11
1978.8 108875.11
1980.0 108934.35
1981.2 108993.34
1982.4 109052.51
1983.6 109111.5
1984.8 109171.67
1986.0 109230.72
1987.2 109289.68
1988.4 109348.85
1989.6 109407.8
1990.8 109467.54
1992.0 109526.48
1993.2 109584.86
1994.4 109644.1
1995.6 109703.04
1996.8 109763.21
1998.0 109822.14
1999.2 109879.97
2000.4 109939.27
2001.6 109998.18
2002.8 110057.54
2004.0 110116.44
2005.2 110174.68
2006.4 110233.9
2007.6 110292.79
2008.8 110351.86
2010.0 110410.74
2011.2 110470.47
2012.4 110529.09
2013.6 110587.95
2014.8 110646.27
2016.0 110705.12
2017.2 110764.03
2018.4 110822.87
2019.6 110881.4
2020.8 110940.79
2022.0 110999.63
2023.2 111058.41
2024.4 111117.24
2025.6 111174.84
2026.8 111233.78
2028.0 111292.59
2029.2 111351.7
2030.4 111410.51
2031.6 111468.93
2032.8 111527.74
2034.0 111587.02
2035.2 111644.03
2036.4 111702.83
2037.6 111761.95
2038.8 111822.56
2040.0 111881.34
2041.2 111940.1
2042.4 111998.88
2043.6 112058.55
2044.8 112117.32
2046.0 112176.01
2047.2 112235.61
2048.4 112294.37
2049.6 112352.22
2050.8 112410.98
2052.0 112470.1
2053.2 112529.52
2054.4 112588.27
2055.6 112647.22
2056.8 112705.96
2058.0 112765.64
2059.2 112824.37
2060.4 112882.93
2061.6 112941.87
2062.8 113000.59
2064.0 113059.8
2065.2 113118.52
2066.4 113178.91
2067.6 113238.01
2068.8 113296.72
2070.0 113356.12
2071.2 113414.82
2072.4 113473.46
2073.6 113532.16
2074.8 113590.88
2076.0 113651.45
2077.2 113710.14
2078.4 113768.62
2079.6 113827.31
2080.8 113886.1
2082.0 113945.02
2083.2 114003.69
2084.4 114061.55
2085.6 114120.22
2086.8 114179.84
2088.0 114238.55
2089.2 114297.22
2090.4 114356.12
2091.6 114414.78
2092.8 114473.91
2094.0 114532.47
2095.2 114591.13
2096.4 114649.76
2097.6 114708.41
2098.8 114766.38
2100.0 114825.02
2101.2 114882.91
2102.4 114941.88
2103.6 115000.52
2104.8 115058.75
2106.0 115117.39
2107.2 115175.59
2108.4 115234.04
2109.6 115292.67
2110.8 115351.23
2112.0 115409.86
2113.2 115468.29
2114.4 115527.39
2115.6 115586.01
2116.8 115644.43
2118.0 115703.05
2119.2 115761.7
2120.4 115820.46
2121.6 115879.08
2122.8 115937.23
2124.0 115995.84
2125.2 116054.83
2126.4 116113.43
2127.6 116172.05
2128.8 116230.0
2130.0 116288.61
2131.2 116346.38
2132.4 116404.97
2133.6 116463.62
2134.8 116522.43
2136.0 116581.02
2137.2 116639.77
2138.4 116698.36
2139.6 116756.62
2140.8 116815.2
2142.0 116874.46
2143.2 116932.4
2144.4 116990.99
2145.6 117049.57
2146.8 117108.15
2148.0 117165.62
2149.2 117224.47
2150.4 117283.05
2151.6 117341.13
2152.8 117399.7
2154.0 117458.63
2155.2 117517.2
2156.4 117575.14
2157.6 117634.1
2158.8 117692.66
2160.0 117751.15
2161.2 117809.83
2162.4 117868.4
2163.6 117925.73
2164.8 117984.29
2166.0 118040.81
2167.2 118099.37
2168.4 118158.08
2169.6 118217.51
2170.8 118276.07
2172.0 118333.12
2173.2 118391.67
2174.4 118450.31
2175.6 118508.66
2176.8 118567.21
2178.0 118625.48
2179.2 118684.03
2180.4 118742.6
2181.6 118801.15
2182.8 118860.02
2184.0 118918.26
2185.2 118976.8
2186.4 119035.67
2187.6 119094.2
2188.8 119153.92
2190.0 119212.54
2191.2 119271.08
2192.4 119328.93
2193.6 119387.46
2194.8 119445.06
2196.0 119503.59
2197.2 119561.25
2198.4 119619.92
2199.6 119678.45
2200.8 119737.13
2202.0 119795.66
2203.2 119853.44
2204.4 119912.2
2205.6 119970.72
2206.8 120031.09
2208.0 120089.61
2209.2 120148.13
2210.4 120205.81
2211.6 120264.33
2212.8 120324.61
2214.0 120383.12
2215.2 120441.1
2216.4 120500.17
2217.6 120558.68
2218.8 120617.83
2220.0 120676.34
2221.2 120734.3
2222.4 120792.81
2223.6 120851.33
2224.8 120909.47
2226.0 120967.98
2227.2 121026.65
2228.4 121085.15
2229.6 121142.79
2230.8 121201.18
2232.0 121259.69
2233.2 121318.24
2234.4 121376.74
2235.6 121435.2
2236.8 121495.19
2238.0 121553.69
2239.2 121612.19
2240.4 121670.69
2241.6 121728.55
2242.8 121787.78
2244.0 121846.28
2245.2 121905.1
2246.4 121963.6
2247.6 122021.95
2248.8 122080.45
2250.0 122138.63
2251.2 122196.73
2252.4 122255.23
2253.6 122170.18
2254.8 122228.26
2256.0 122225.28
2257.2 122282.76
2258.4 122285.38
2259.6 122293.76
2260.8 122350.11
2262.0 122364.7
2263.2 122420.19
2264.4 122438.41
2265.6 122460.36
2266.8 122514.52
2268.0 122539.47
2269.2 122592.7
2270.4 122622.78
2271.6 122678.62
2272.8 122730.48
2274.0 122829.87
2275.2 122880.78
2276.4 122986.85
2277.6 123036.83
2278.8 123164.09
2280.0 123277.54
2281.2 123326.17
2282.4 123432.7
2283.6 123480.43
2284.8 123605.21
2286.0 123695.13
2287.2 123741.57
2288.4 123837.63
2289.6 123883.19
2290.8 123985.96
2292.0 124080.87
2293.2 124125.19
2294.4 124209.3
2295.6 124252.78
2296.8 124319.3
2298.0 124362.14
2299.2 124404.44
2300.4 124446.43
2301.6 124487.93
2302.8 124529.17
2304.0 124570.01
2305.2 124610.38
2306.4 124650.47
2307.6 124690.08
2308.8 124729.43
2310.0 124768.3
2311.2 124806.93
2312.4 124845.15
2313.6 124882.95
2314.8 124920.52
2316.0 124957.61
2317.2 124994.48
2318.4 125030.99
2319.6 125067.07
2320.8 125102.92
2322.0 125138.32
2323.2 125173.5
2324.4 125208.24
2325.6 125242.79
2326.8 125276.94
2328.0 125310.73
2329.2 125344.3
2330.4 125377.46
2331.6 125410.41
2332.8 125443.06
2334.0 125475.31
2335.2 125507.34
2336.4 125538.99
2337.6 125570.44
2338.8 125601.59
2340.0 125632.38
2341.2 125662.97
2342.4 125693.18
2343.6 125723.19
2344.8 125752.91
2346.0 125782.3
2347.2 125811.47
2348.4 125840.3
2349.6 125868.89
2350.8 125897.18
2352.0 125925.31
2353.2 125953.17
2354.4 125980.69
2355.6 126008.04
2356.8 126035.05
2358.0 126061.88
2359.2 126088.47
2360.4 126114.74
2361.6 126140.83
2362.8 126166.61
2364.0 126192.22
2365.2 126217.51
2366.4 126242.69
2367.6 126267.65
2368.8 126292.26
2370.0 126316.71
2371.2 126340.86
2372.4 126364.85
2373.6 126388.63
2374.8 126412.13
2376.0 126435.46
2377.2 126458.51
2378.4 126481.42
2379.6 126504.1
2380.8 126526.53
2382.0 126548.79
2383.2 126570.8
2384.4 126592.67
2385.6 126614.27
2386.8 126635.66
2388.0 126656.93
2389.2 126677.94
2390.4 126692.0
2391.6 126712.62
2392.8 126726.03
2394.0 126738.53
2395.2 126758.59
2396.4 126771.43
2397.6 126791.11
2398.8 126803.13
2400.0 126815.29
2401.2 126834.44
2402.4 126846.46
2403.6 126865.25
2404.8 126877.01
2406.0 126895.45
2407.2 126907.0
2408.4 126918.39
2409.6 126936.33
2410.8 126947.53
2412.0 126965.13
2413.2 126976.6
2414.4 126987.74
2415.6 127004.87
2416.8 127016.06
2418.0 127032.87
2419.2 127043.91
2420.4 127054.98
2421.6 127071.33
2422.8 127082.48
2424.0 127098.53
2425.2 127109.21
2426.4 127120.87
2427.6 127136.48
2428.8 127147.3
2430.0 127162.62
2431.2 127173.96
2432.4 127188.99
2433.6 127199.92
2434.8 127210.98
2436.0 127225.61
2437.2 127236.5
2438.4 127250.86
2439.6 127261.72
2440.8 127275.8
2442.0 127286.6
2443.2 127297.58
2444.4 127311.28
2445.6 127322.43
2446.8 127333.63
2448.0 127346.97
2449.2 127358.13
2450.4 127371.22
2451.6 127382.47
2452.8 127395.31
2454.0 127406.39
2455.2 127417.71
2456.4 127430.21
2457.6 127441.52
2458.8 127453.79
2460.0 127465.08
2461.2 127476.39
2462.4 127488.33
2463.6 127499.71
2464.8 127511.41
2466.0 127522.79
2467.2 127534.28
2468.4 127545.68
2469.6 127556.97
2470.8 127568.15
2472.0 127579.51
2473.2 127590.49
2474.4 127601.92
2475.6 127613.31
2476.8 127623.99
2478.0 127635.61
2479.2 127646.09
2480.4 127657.45
2481.6 127668.83
2482.8 127679.02
2484.0 127690.53
2485.2 127700.53
2486.4 127711.93
2487.6 127723.41
2488.8 127733.15
2490.0 127744.85
2491.2 127754.4
2492.4 127765.54
2493.6 127774.92
2494.8 127786.44
2496.0 127795.64
2497.2 127806.95
2498.4 127817.94
2499.6 127826.89
2500.8 127838.05
2502.0 127849.05
2503.2 127857.76
2504.4 127868.98
2505.6 127877.53
2506.8 127888.43
2508.0 127896.81
2509.2 127907.84
2510.4 127918.96
2511.6 127927.12
2512.8 127937.64
2514.0 127945.65
2515.2 127956.36
2516.4 127967.21
2517.6 127975.0
2518.8 127985.66
2520.0 127993.31
2521.2 128003.8
2522.4 128014.14
2523.6 128021.58
2524.8 128031.68
2526.0 128038.98
2527.2 128049.29
2528.4 128059.1
2529.6 128066.21
2530.8 128076.56
2532.0 128083.54
2533.2 128093.05
2534.4 128099.9
2535.6 128109.55
2536.8 128118.98
2538.0 128125.64
2539.2 128135.1
2540.4 128141.64
2541.6 128151.08
2542.8 128160.26
2544.0 128166.62
2545.2 128175.48
2546.4 128181.72
2547.6 128190.57
2548.8 128199.25
2550.0 128205.32
2551.2 128214.1
2552.4 128220.05
2553.6 128228.27
2554.8 128234.12
2556.0 128242.47
2557.2 128250.45
2558.4 128256.14
2559.6 128264.11
2560.8 128269.7
2562.0 128277.69
2563.2 128285.24
2564.4 128290.67
2565.6 128298.24
2566.8 128303.57
2568.0 128311.01
2569.2 128318.27
2570.4 128323.46
2571.6 128330.88
2572.8 128335.97
2574.0 128342.82
2575.2 128347.82
2576.4 128354.55
2577.6 128361.28
2578.8 128366.14
2580.0 128372.86
2581.2 128377.63
2582.4 128384.06
2583.6 128390.3
2584.8 128394.95
2586.0 128401.33
2587.2 128405.88
2588.4 128411.74
2589.6 128416.21
2590.8 128422.3
2592.0 128428.05
2593.2 128432.4
2594.4 128438.17
2595.6 128442.44
2596.8 128447.88
2598.0 128453.35
2599.2 128457.51
2600.4 128462.92
2601.6 128467.0
2602.8 128472.26
2604.0 128477.49
2605.2 128481.45
2606.4 128486.54
2607.6 128490.43
2608.8 128495.25
2610.0 128500.11
2611.2 128503.9
2612.4 128508.74
2613.6 128512.45
2614.8 128517.09
2616.0 128520.73
2617.2 128525.3
2618.4 128529.67
2619.6 128533.22
2620.8 128537.62
2622.0 128541.1
2623.2 128545.37
2624.4 128549.57
2625.6 128552.96
2626.8 128557.11
2628.0 128560.44
2629.2 128564.4
2630.4 128567.67
2631.6 128571.47
2632.8 128575.33
2634.0 128578.51
2635.2 128582.33
2636.4 128585.45
2637.6 128589.09
2638.8 128592.7
2640.0 128595.73
2641.2 128599.29
2642.4 128602.26
2643.6 128605.78
2644.8 128609.19
2646.0 128612.08
2647.2 128615.47
2648.4 128618.31
2649.6 128621.61
2650.8 128624.81
2652.0 128627.58
2653.2 128630.31
2654.4 128633.51
2655.6 128636.51
2656.8 128639.17
2658.0 128642.21
2659.2 128645.22
2660.4 128647.81
2661.6 128650.73
2662.8 128653.27
2664.0 128656.14
2665.2 128658.96
2666.4 128661.43
2667.6 128664.24
2668.8 128666.67
2670.0 128669.43
2671.2 128671.81
2672.4 128674.47
2673.6 128677.08
2674.8 128679.4
2676.0 128681.97
2677.2 128684.25
2678.4 128686.77
2679.6 128689.24
2680.8 128691.45
2682.0 128693.86
2683.2 128696.03
2684.4 128698.41
2685.6 128700.74
2686.8 128702.86
2688.0 128705.14
2689.2 128707.22
2690.4 128709.47
2691.6 128711.68
2692.8 128713.69
2694.0 128715.93
2695.2 128717.91
2696.4 128720.05
2697.6 128722.0
2698.8 128724.09
2700.0 128726.15
2701.2 128728.04
2702.4 128730.07
2703.6 128731.92
2704.8 128733.9
2706.0 128735.85
2707.2 128737.66
2708.4 128739.58
2709.6 128741.35
2710.8 128743.23
2712.0 128744.97
2713.2 128746.81
2714.4 128748.63
2715.6 128750.32
2716.8 128752.11
2718.0 128753.77
2719.2 128755.52
2720.4 128757.27
2721.6 128758.88
2722.8 128760.59
2724.0 128762.17
2725.2 128763.85
2726.4 128765.49
2727.6 128767.04
2728.8 128768.64
2730.0 128770.15
2731.2 128771.73
2732.4 128773.22
2733.6 128774.77
2734.8 128776.3
2736.0 128777.75
2737.2 128779.25
2738.4 128780.67
2739.6 128782.15
2740.8 128783.6
2742.0 128784.98
2743.2 128786.44
2744.4 128787.79
2745.6 128789.22
2746.8 128790.61
2748.0 128791.93
2749.2 128793.3
2750.4 128794.59
2751.6 128795.93
2752.8 128797.2
2754.0 128798.53
2755.2 128799.84
2756.4 128801.08
2757.6 128802.37
2758.8 128803.58
2760.0 128804.83
2761.2 128806.07
2762.4 128807.25
2763.6 128808.49
2764.8 128809.65
2766.0 128810.85
2767.2 128811.99
2768.4 128813.18
2769.6 128814.36
2770.8 128815.46
2772.0 128816.63
2773.2 128817.77
2774.4 128818.85
2775.6 128819.98
2776.8 128821.04
2778.0 128822.13
2779.2 128823.16
2780.4 128824.25
2781.6 128825.33
2782.8 128826.33
2784.0 128827.37
2785.2 128828.36
2786.4 128829.39
2787.6 128830.42
2788.8 128831.38
2790.0 128832.39
2791.2 128833.33
2792.4 128834.32
2793.6 128835.24
2794.8 128836.21
2796.0 128837.17
2797.2 128838.06
2798.4 128839.01
2799.6 128839.89
2800.8 128840.82
2802.0 128841.73
2803.2 128842.59
2804.4 128843.47
2805.6 128844.31
2806.8 128845.19
2808.0 128846.06
2809.2 128846.88
2810.4 128847.73
2811.6 128848.53
2812.8 128849.37
2814.0 128850.22
2815.2 128851.0
2816.4 128851.82
2817.6 128852.59
2818.8 128853.4
2820.0 128854.15
2821.2 128854.94
2822.4 128855.72
2823.6 128856.45
2824.8 128857.23
2826.0 128857.94
2827.2 128858.7
2828.4 128859.43
2829.6 128860.13
2830.8 128855.88
2832.0 128856.56
2833.2 128857.28
2834.4 128857.95
2835.6 128858.67
2836.8 128859.37
2838.0 128860.03
2839.2 128860.73
2840.4 128861.37
2841.6 128862.05
2842.8 128862.72
2844.0 128863.34
2845.2 128864.01
2846.4 128864.62
2847.6 128865.28
2848.8 128865.93
2850.0 128866.53
2851.2 128867.16
2852.4 128867.75
2853.6 128868.37
2854.8 128868.96
2856.0 128869.53
2857.2 128870.13
2858.4 128870.69
2859.6 128871.29
2860.8 128871.84
2862.0 128872.44
2863.2 128873.0
2864.4 128873.54
2865.6 128874.09
2866.8 128874.62
2868.0 128875.17
2869.2 128875.72
2870.4 128876.23
2871.6 128876.77
2872.8 128877.27
2874.0 128877.79
2875.2 128878.28
2876.4 128878.78
2877.6 128879.31
2878.8 128879.78
2880.0 128880.29
2881.2 128880.75
2882.4 128881.25
2883.6 128881.75
2884.8 128882.2
2886.0 128882.69
2887.2 128883.13
2888.4 128883.6
2889.6 128884.08
2890.8 128884.51
2892.0 128884.96
2893.2 128885.38
2894.4 128885.85
2895.6 128886.27
2896.8 128886.7
2898.0 128887.15
2899.2 128887.56
2900.4 128888.0
2901.6 128888.4
2902.8 128888.81
2904.0 128889.25
2905.2 128889.63
2906.4 128890.04
2907.6 128890.42
2908.8 128890.83
2910.0 128891.23
2911.2 128891.59
2912.4 128892.0
2913.6 128892.36
2914.8 128892.76
2916.0 128893.12
2917.2 128893.51
2918.4 128893.88
2919.6 128894.22
2920.8 128894.59
2922.0 128894.92
2923.2 128895.3
2924.4 128895.63
2925.6 128895.98
2926.8 128896.34
2928.0 128896.66
2929.2 128897.0
2930.4 128897.36
2931.6 128897.67
2932.8 128898.0
2934.0 128898.31
2935.2 128898.66
2936.4 128898.96
2937.6 128899.28
2938.8 128899.59
2940.0 128899.88
2941.2 128900.21
2942.4 128900.5
2943.6 128900.8
2944.8 128901.12
2946.0 128901.4
2947.2 128901.69
2948.4 128901.97
2949.6 128902.25
2950.8 128902.56
2952.0 128902.83
2953.2 128903.1
2954.4 128903.36
2955.6 128903.63
2956.8 128903.89
2958.0 128904.19
2959.2 128904.45
2960.4 128904.7
2961.6 128904.95
2962.8 128905.2
2964.0 128905.47
2965.2 128905.73
2966.4 128905.97
2967.6 128906.22
2968.8 128906.45
2970.0 128906.69
2971.2 128906.92
2972.4 128907.15
2973.6 128907.37
2974.8 128907.59
2976.0 128907.8
2977.2 128908.02
2978.4 128908.18
2979.6 128908.4
2980.8 128908.61
2982.0 128908.82
2983.2 128909.03
2984.4 128909.24
2985.6 128909.44
2986.8 128909.64
2988.0 128909.85
2989.2 128910.05
2990.4 128910.25
2991.6 128910.44
2992.8 128910.61
2994.0 128910.82
2995.2 128911.0
2996.4 128911.17
2997.6 128911.4
2998.8 128911.58
3000.0 128911.75
3001.2 128911.93
3002.4 128912.11
3003.6 128912.28
3004.8 128912.48
3006.0 128912.65
3007.2 128912.82
3008.4 128913.0
3009.6 128913.17
3010.8 128913.32
3012.0 128913.48
3013.2 128913.61
3014.4 128913.79
3015.6 128913.94
3016.8 128914.11
3018.0 128914.33
3019.2 128914.48
3020.4 128914.62
3021.6 128914.77
3022.8 128914.91
3024.0 128915.06
3025.2 128915.21
3026.4 128915.33
3027.6 128915.48
3028.8 128915.61
3030.0 128915.75
3031.2 128915.91
3032.4 128916.05
3033.6 128916.18
3034.8 128916.33
3036.0 128916.46
3037.2 128916.62
3038.4 128916.75
3039.6 128916.87
3040.8 128917.01
3042.0 128917.14
3043.2 128917.27
3044.4 128917.39
3045.6 128917.53
3046.8 128917.65
3048.0 128917.74
3049.2 128917.88
3050.4 128918.0
3051.6 128918.14
3052.8 128918.28
3054.0 128918.39
3055.2 128918.5
3056.4 128918.61
3057.6 128918.7
3058.8 128918.81
3060.0 128918.85
3061.2 128918.98
3062.4 128919.09
3063.6 128919.2
3064.8 128919.31
3066.0 128919.38
3067.2 128919.52
3068.4 128919.62
3069.6 128919.71
3070.8 128919.81
3072.0 128919.9
3073.2 128920.03
3074.4 128920.13
3075.6 128920.24
3076.8 128920.33
3078.0 128920.42
3079.2 128920.51
3080.4 128920.6
3081.6 128920.69
3082.8 128920.79
3084.0 128920.88
3085.2 128920.96
3086.4 128921.04
3087.6 128921.16
3088.8 128921.25
3090.0 128921.31
3091.2 128921.4
3092.4 128921.48
3093.6 128921.57
3094.8 128921.65
3096.0 128921.74
3097.2 128921.82
3098.4 128921.92
3099.6 128922.0
