950.04 1621.65
950.16 1622.05
950.28 1622.45
950.4 1622.85
950.52 1623.25
950.64 1623.65
950.76 1624.05
950.88 1624.45
951.0 1624.85
951.12 1625.25
951.24 1625.64
951.36 1626.04
951.48 1626.44
951.6 1626.84
951.72 1627.23
951.84 1627.63
951.96 1628.03
952.08 1628.42
952.2 1628.82
952.32 1629.21
952.44 1629.61
952.56 1630.01
952.68 1630.4
952.8 1630.79
952.92 1631.19
953.04 1631.58
953.16 1631.98
953.28 1632.37
953.4 1632.76
953.52 1633.16
953.64 1633.55
953.76 1633.94
953.88 1634.33
954.0 1634.73
954.12 1635.12
954.24 1635.51
954.36 1635.9
954.48 1636.29
954.6 1636.68
954.72 1637.07
954.84 1637.46
954.96 1637.85
955.08 1638.24
955.2 1638.63
955.32 1639.02
955.44 1639.4
955.56 1639.79
955.68 1640.18
955.8 1640.57
955.92 1640.95
956.04 1641.34
956.16 1641.73
956.28 1642.11
956.4 1642.5
956.52 1642.89
956.64 1643.27
956.76 1643.66
956.88 1644.04
957.0 1644.43
957.12 1644.81
957.24 1645.19
957.36 1645.58
957.48 1645.96
957.6 1646.34
957.72 1646.73
957.84 1647.11
957.96 1647.49
958.08 1647.87
958.2 1648.25
958.32 1648.63
958.44 1649.02
958.56 1649.4
958.68 1649.78
958.8 1650.16
958.92 1650.54
959.04 1650.91
959.16 1651.29
959.28 1651.67
959.4 1652.05
959.52 1652.43
959.64 1652.81
959.76 1653.18
959.88 1653.56
960.0 1653.94
960.12 1654.31
960.24 1654.69
960.36 1655.07
960.48 1655.44
960.6 1655.82
960.72 1656.19
960.84 1656.56
960.96 1656.94
961.08 1657.31
961.2 1657.69
961.32 1658.06
961.44 1658.43
961.56 1658.8
961.68 1659.18
961.8 1659.55
961.92 1659.92
962.04 1660.29
962.16 1660.66
962.28 1661.03
962.4 1661.4
962.52 1661.77
962.64 1662.14
962.76 1662.51
962.88 1662.88
963.0 1663.25
963.12 1663.62
963.24 1663.99
963.36 1664.35
963.48 1664.72
963.6 1665.09
963.72 1665.45
963.84 1665.82
963.96 1666.19
964.08 1666.55
964.2 1666.92
964.32 1667.28
964.44 1667.65
964.56 1668.01
964.68 1668.37
964.8 1668.74
964.92 1669.1
965.04 1669.46
965.16 1669.82
965.28 1670.19
965.4 1670.55
965.52 1670.91
965.64 1671.27
965.76 1671.63
965.88 1671.99
966.0 1672.35
966.12 1672.71
966.24 1673.07
966.36 1673.43
966.48 1673.79
966.6 1674.15
966.72 1674.5
966.84 1674.86
966.96 1675.22
967.08 1675.58
967.2 1675.93
967.32 1676.29
967.44 1676.64
967.56 1677.0
967.68 1677.35
967.8 1677.71
967.92 1678.06
968.04 1678.42
968.16 1678.77
968.28 1679.12
968.4 1679.48
968.52 1679.83
968.64 1680.18
968.76 1680.53
968.88 1680.89
969.0 1681.24
969.12 1681.59
969.24 1681.94
969.36 1682.29
969.48 1682.64
969.6 1682.99
969.72 1683.33
969.84 1683.68
969.96 1684.03
970.08 1684.38
970.2 1684.73
970.32 1685.07
970.44 1685.42
970.56 1685.77
970.68 1686.11
970.8 1686.46
970.92 1686.8
971.04 1687.15
971.16 1687.49
971.28 1687.84
971.4 1688.18
971.52 1688.52
971.64 1688.87
971.76 1689.21
971.88 1689.55
972.0 1689.89
972.12 1690.24
972.24 1690.58
972.36 1690.92
972.48 1691.26
972.6 1691.6
972.72 1691.94
972.84 1692.28
972.96 1692.61
973.08 1692.95
973.2 1693.29
973.32 1693.63
973.44 1693.97
973.56 1694.3
973.68 1694.64
973.8 1694.98
973.92 1695.31
974.04 1695.65
974.16 1695.98
974.28 1696.32
974.4 1696.65
974.52 1696.99
974.64 1697.32
974.76 1697.65
974.88 1697.98
975.0 1698.32
975.12 1698.65
975.24 1698.98
975.36 1699.31
975.48 1699.64
975.6 1699.97
975.72 1700.3
975.84 1700.63
975.96 1700.96
976.08 1701.29
976.2 1701.62
976.32 1701.95
976.44 1702.27
976.56 1702.6
976.68 1702.93
976.8 1703.26
976.92 1703.58
977.04 1703.91
977.16 1704.23
977.28 1704.56
977.4 1704.88
977.52 1705.21
977.64 1705.53
977.76 1705.85
977.88 1706.18
978.0 1706.5
978.12 1706.82
978.24 1707.14
978.36 1707.46
978.48 1707.78
978.6 1708.11
978.72 1708.43
978.84 1708.75
978.96 1709.06
979.08 1709.38
979.2 1709.7
979.32 1710.02
979.44 1710.34
979.56 1710.66
979.68 1710.97
979.8 1711.29
979.92 1711.61
980.04 1711.92
980.16 1712.24
980.28 1712.55
980.4 1712.87
980.52 1713.18
980.64 1713.49
980.76 1713.81
980.88 1714.12
981.0 1714.43
981.12 1714.74
981.24 1715.06
981.36 1715.37
981.48 1715.68
981.6 1715.99
981.72 1716.3
981.84 1716.61
981.96 1716.92
982.08 1717.23
982.2 1717.54
982.32 1717.84
982.44 1718.15
982.56 1718.46
982.68 1718.76
982.8 1719.07
982.92 1719.38
983.04 1719.68
983.16 1719.99
983.28 1720.29
983.4 1720.6
983.52 1720.9
983.64 1721.2
983.76 1721.51
983.88 1721.81
984.0 1722.11
984.12 1722.41
984.24 1722.72
984.36 1723.02
984.48 1723.32
984.6 1723.62
984.72 1723.92
984.84 1724.22
984.96 1724.52
985.08 1724.81
985.2 1725.11
985.32 1725.41
985.44 1725.71
985.56 1726.0
985.68 1726.3
985.8 1726.6
985.92 1726.89
986.04 1727.19
986.16 1727.48
986.28 1727.78
986.4 1728.07
986.52 1728.36
986.64 1728.66
986.76 1728.95
986.88 1729.24
987.0 1729.53
987.12 1729.82
987.24 1730.11
987.36 1730.41
987.48 1730.7
987.6 1730.98
987.72 1731.27
987.84 1731.56
987.96 1731.85
988.08 1732.14
988.2 1732.43
988.32 1732.71
988.44 1733.0
988.56 1733.29
988.68 1733.57
988.8 1733.86
988.92 1734.14
989.04 1734.43
989.16 1734.71
989.28 1735.0
989.4 1735.28
989.52 1735.56
989.64 1735.84
989.76 1736.13
989.88 1736.41
990.0 1736.69
990.12 1736.97
990.24 1737.25
990.36 1737.53
990.48 1737.81
990.6 1738.09
990.72 1738.37
990.84 1738.64
990.96 1738.92
991.08 1739.2
991.2 1739.48
991.32 1739.75
991.44 1740.03
991.56 1740.3
991.68 1740.58
991.8 1740.85
991.92 1741.13
992.04 1741.4
992.16 1741.67
992.28 1741.95
992.4 1742.22
992.52 1742.49
992.64 1742.76
992.76 1743.03
992.88 1743.3
993.0 1743.57
993.12 1743.84
993.24 1744.11
993.36 1744.38
993.48 1744.65
993.6 1744.92
993.72 1745.19
993.84 1745.45
993.96 1745.72
994.08 1745.99
994.2 1746.25
994.32 1746.52
994.44 1746.78
994.56 1747.05
994.68 1747.31
994.8 1747.58
994.92 1747.84
995.04 1748.1
995.16 1748.36
995.28 1748.63
995.4 1748.89
995.52 1749.15
995.64 1749.41
995.76 1749.67
995.88 1749.93
996.0 1750.19
996.12 1750.45
996.24 1750.7
996.36 1750.96
996.48 1751.22
996.6 1751.48
996.72 1751.73
996.84 1751.99
996.96 1752.25
997.08 1752.5
997.2 1752.76
997.32 1753.01
997.44 1753.26
997.56 1753.52
997.68 1753.77
997.8 1754.02
997.92 1754.27
998.04 1754.53
998.16 1754.78
998.28 1755.03
998.4 1755.28
998.52 1755.53
998.64 1755.78
998.76 1756.03
998.88 1756.28
999.0 1756.52
999.12 1756.77
999.24 1757.02
999.36 1757.27
999.48 1757.51
999.6 1757.76
999.72 1758.0
999.84 1758.25
999.96 1758.49
1000.08 1758.74
1000.2 1758.98
1000.32 1759.22
1000.44 1759.47
1000.56 1759.71
1000.68 1759.95
1000.8 1760.19
1000.92 1760.43
1001.04 1760.67
1001.16 1760.91
1001.28 1761.15
1001.4 1761.39
1001.52 1761.63
1001.64 1761.87
1001.76 1762.11
1001.88 1762.34
1002.0 1762.58
1002.12 1762.82
1002.24 1763.05
1002.36 1763.29
1002.48 1763.52
1002.6 1763.76
1002.72 1763.99
1002.84 1764.22
1002.96 1764.46
1003.08 1764.69
1003.2 1764.92
1003.32 1765.15
1003.44 1765.39
1003.56 1765.62
1003.68 1765.85
1003.8 1766.08
1003.92 1766.31
1004.04 1766.54
1004.16 1766.76
1004.28 1766.99
1004.4 1767.22
1004.52 1767.45
1004.64 1767.67
1004.76 1767.9
1004.88 1768.13
1005.0 1768.35
1005.12 1768.58
1005.24 1768.8
1005.36 1769.03
1005.48 1769.25
1005.6 1769.47
1005.72 1769.69
1005.84 1769.92
1005.96 1770.14
1006.08 1770.36
1006.2 1770.58
1006.32 1770.8
1006.44 1771.02
1006.56 1771.24
1006.68 1771.46
1006.8 1771.68
1006.92 1771.9
1007.04 1772.11
1007.16 1772.33
1007.28 1772.55
1007.4 1772.76
1007.52 1772.98
1007.64 1773.2
1007.76 1773.41
1007.88 1773.62
1008.0 1773.84
1008.12 1774.05
1008.24 1774.26
1008.36 1774.48
1008.48 1774.69
1008.6 1774.9
1008.72 1775.11
1008.84 1775.32
1008.96 1775.53
1009.08 1775.74
1009.2 1775.95
1009.32 1776.16
1009.44 1776.37
1009.56 1776.58
1009.68 1776.79
1009.8 1776.99
1009.92 1777.2
1010.04 1777.4
1010.16 1777.61
1010.28 1777.82
1010.4 1778.02
1010.52 1778.22
1010.64 1778.43
1010.76 1778.63
1010.88 1778.83
1011.0 1779.04
1011.12 1779.24
1011.24 1779.44
1011.36 1779.64
1011.48 1779.84
1011.6 1780.04
1011.72 1780.24
1011.84 1780.44
1011.96 1780.64
1012.08 1780.84
1012.2 1781.04
1012.32 1781.23
1012.44 1781.43
1012.56 1781.63
1012.68 1781.82
1012.8 1782.02
1012.92 1782.21
1013.04 1782.41
1013.16 1782.6
1013.28 1782.79
1013.4 1782.99
1013.52 1783.18
1013.64 1783.37
1013.76 1783.56
1013.88 1783.76
1014.0 1783.95
1014.12 1784.14
1014.24 1784.33
1014.36 1784.52
1014.48 1784.7
1014.6 1784.89
1014.72 1785.08
1014.84 1785.27
1014.96 1785.46
1015.08 1785.64
1015.2 1785.83
1015.32 1786.01
1015.44 1786.2
1015.56 1786.38
1015.68 1786.57
1015.8 1786.75
1015.92 1786.94
1016.04 1787.12
1016.16 1787.3
1016.28 1787.48
1016.4 1787.66
1016.52 1787.85
1016.64 1788.03
1016.76 1788.21
1016.88 1788.39
1017.0 1788.56
1017.12 1788.74
1017.24 1788.92
1017.36 1789.1
1017.48 1789.28
1017.6 1789.45
1017.72 1789.63
1017.84 1789.81
1017.96 1789.98
1018.08 1790.16
1018.2 1790.33
1018.32 1790.5
1018.44 1790.68
1018.56 1790.85
1018.68 1791.02
1018.8 1791.2
1018.92 1791.37
1019.04 1791.54
1019.16 1791.71
1019.28 1791.88
1019.4 1792.05
1019.52 1792.22
1019.64 1792.39
1019.76 1792.55
1019.88 1792.72
1020.0 1792.89
1020.12 1793.06
1020.24 1793.22
1020.36 1793.39
1020.48 1793.56
1020.6 1793.72
1020.72 1793.88
1020.84 1794.05
1020.96 1794.21
1021.08 1794.38
1021.2 1794.54
1021.32 1794.7
1021.44 1794.86
1021.56 1795.02
1021.68 1795.18
1021.8 1795.35
1021.92 1795.51
1022.04 1795.66
1022.16 1795.82
1022.28 1795.98
1022.4 1796.14
1022.52 1796.3
1022.64 1796.45
1022.76 1796.61
1022.88 1796.77
1023.0 1796.92
1023.12 1797.08
1023.24 1797.23
1023.36 1797.39
1023.48 1797.54
1023.6 1797.7
1023.72 1797.85
1023.84 1798.0
1023.96 1798.15
1024.08 1798.3
1024.2 1798.45
1024.32 1798.61
1024.44 1798.76
1024.56 1798.91
1024.68 1799.05
1024.8 1799.2
1024.92 1799.35
1025.04 1799.5
1025.16 1799.65
1025.28 1799.79
1025.4 1799.94
1025.52 1800.09
1025.64 1800.23
1025.76 1800.38
1025.88 1800.52
1026.0 1800.66
1026.12 1800.81
1026.24 1800.95
1026.36 1801.09
1026.48 1801.24
1026.6 1801.38
1026.72 1801.52
1026.84 1801.66
1026.96 1801.8
1027.08 1801.94
1027.2 1802.08
1027.32 1802.22
1027.44 1802.36
1027.56 1802.49
1027.68 1802.63
1027.8 1802.77
1027.92 1802.91
1028.04 1803.04
1028.16 1803.18
1028.28 1803.31
1028.4 1803.45
1028.52 1803.58
1028.64 1803.72
1028.76 1803.85
1028.88 1803.98
1029.0 1804.11
1029.12 1804.25
1029.24 1804.38
1029.36 1804.51
1029.48 1804.64
1029.6 1804.77
1029.72 1804.9
1029.84 1805.03
1029.96 1805.16
1030.08 1805.28
1030.2 1805.41
1030.32 1805.54
1030.44 1805.67
1030.56 1805.79
1030.68 1805.92
1030.8 1806.04
1030.92 1806.17
1031.04 1806.29
1031.16 1806.42
1031.28 1806.54
1031.4 1806.66
1031.52 1806.79
1031.64 1806.91
1031.76 1807.03
1031.88 1807.15
1032.0 1807.27
1032.12 1807.39
1032.24 1807.51
1032.36 1807.63
1032.48 1807.75
1032.6 1807.87
1032.72 1807.99
1032.84 1808.1
1032.96 1808.22
1033.08 1808.34
1033.2 1808.45
1033.32 1808.57
1033.44 1808.68
1033.56 1808.8
1033.68 1808.91
1033.8 1809.03
1033.92 1809.14
1034.04 1809.25
1034.16 1809.37
1034.28 1809.48
1034.4 1809.59
1034.52 1809.7
1034.64 1809.81
1034.76 1809.92
1034.88 1810.03
1035.0 1810.14
1035.12 1810.25
1035.24 1810.36
1035.36 1810.46
1035.48 1810.57
1035.6 1810.68
1035.72 1810.78
1035.84 1810.89
1035.96 1811.0
1036.08 1811.1
1036.2 1811.21
1036.32 1811.31
1036.44 1811.41
1036.56 1811.52
1036.68 1811.62
1036.8 1811.72
1036.92 1811.82
1037.04 1811.92
1037.16 1812.02
1037.28 1812.13
1037.4 1812.23
1037.52 1812.32
1037.64 1812.42
1037.76 1812.52
1037.88 1812.62
1038.0 1812.72
1038.12 1812.81
1038.24 1812.91
1038.36 1813.01
1038.48 1813.1
1038.6 1813.2
1038.72 1813.29
1038.84 1813.39
1038.96 1813.48
1039.08 1813.58
1039.2 1813.67
1039.32 1813.76
1039.44 1813.85
1039.56 1813.94
1039.68 1814.04
1039.8 1814.13
1039.92 1814.22
1040.04 1814.31
1040.16 1814.4
1040.28 1814.49
1040.4 1814.57
1040.52 1814.66
1040.64 1814.75
1040.76 1814.84
1040.88 1814.92
1041.0 1815.01
1041.12 1815.09
1041.24 1815.18
1041.36 1815.26
1041.48 1815.35
1041.6 1815.43
1041.72 1815.52
1041.84 1815.6
1041.96 1815.68
1042.08 1815.76
1042.2 1815.85
1042.32 1815.93
1042.44 1816.01
1042.56 1816.09
1042.68 1816.17
1042.8 1816.25
1042.92 1816.33
1043.04 1816.4
1043.16 1816.48
1043.28 1816.56
1043.4 1816.64
1043.52 1816.71
1043.64 1816.79
1043.76 1816.86
1043.88 1816.94
1044.0 1817.01
1044.12 1817.09
1044.24 1817.16
1044.36 1817.24
1044.48 1817.31
1044.6 1817.38
1044.72 1817.45
1044.84 1817.53
1044.96 1817.6
1045.08 1817.67
1045.2 1817.74
1045.32 1817.81
1045.44 1817.88
1045.56 1817.95
1045.68 1818.01
1045.8 1818.08
1045.92 1818.15
1046.04 1818.22
1046.16 1818.28
1046.28 1818.35
1046.4 1818.42
1046.52 1818.48
1046.64 1818.55
1046.76 1818.61
1046.88 1818.67
1047.0 1818.74
1047.12 1818.8
1047.24 1818.86
1047.36 1818.93
1047.48 1818.99
1047.6 1819.05
1047.72 1819.11
1047.84 1819.17
1047.96 1819.23
1048.08 1819.29
1048.2 1819.35
1048.32 1819.41
1048.44 1819.47
1048.56 1819.52
1048.68 1819.58
1048.8 1819.64
1048.92 1819.69
1049.04 1819.75
1049.16 1819.81
1049.28 1819.86
1049.4 1819.91
1049.52 1819.97
1049.64 1820.02
1049.76 1820.08
1049.88 1820.13
1050.0 1820.18
1050.12 1820.23
1050.24 1820.28
1050.36 1820.34
1050.48 1820.39
1050.6 1820.44
1050.72 1820.49
1050.84 1820.54
1050.96 1820.58
1051.08 1820.63
1051.2 1820.68
1051.32 1820.73
1051.44 1820.78
1051.56 1820.82
1051.68 1820.87
1051.8 1820.91
1051.92 1820.96
1052.04 1821.01
1052.16 1821.05
1052.28 1821.09
1052.4 1821.14
1052.52 1821.18
1052.64 1821.22
1052.76 1821.27
1052.88 1821.31
1053.0 1821.35
1053.12 1821.39
1053.24 1821.43
1053.36 1821.47
1053.48 1821.51
1053.6 1821.55
1053.72 1821.59
1053.84 1821.63
1053.96 1821.66
1054.08 1821.7
1054.2 1821.74
1054.32 1821.78
1054.44 1821.81
1054.56 1821.85
1054.68 1821.88
1054.8 1821.92
1054.92 1821.95
1055.04 1821.99
1055.16 1822.02
1055.28 1822.05
1055.4 1822.09
1055.52 1822.12
1055.64 1822.15
1055.76 1822.18
1055.88 1822.21
1056.0 1822.24
1056.12 1822.27
1056.24 1822.3
1056.36 1822.33
1056.48 1822.36
1056.6 1822.39
1056.72 1822.42
1056.84 1822.45
1056.96 1822.47
1057.08 1822.5
1057.2 1822.53
1057.32 1822.55
1057.44 1822.58
1057.56 1822.6
1057.68 1822.63
1057.8 1822.65
1057.92 1822.67
1058.04 1822.7
1058.16 1822.72
1058.28 1822.74
1058.4 1822.77
1058.52 1822.79
1058.64 1822.81
1058.76 1822.83
1058.88 1822.85
1059.0 1822.87
1059.12 1822.89
1059.24 1822.91
1059.36 1822.93
1059.48 1822.94
1059.6 1822.96
1059.72 1822.98
1059.84 1823.0
1059.96 1823.01
1060.08 1823.03
1060.2 1823.05
1060.32 1823.06
1060.44 1823.08
1060.56 1823.09
1060.68 1823.1
1060.8 1823.12
1060.92 1823.13
1061.04 1823.14
1061.16 1823.16
1061.28 1823.17
1061.4 1823.18
1061.52 1823.19
1061.64 1823.2
1061.76 1823.21
1061.88 1823.22
1062.0 1823.23
1062.12 1823.24
1062.24 1823.25
1062.36 1823.26
1062.48 1823.26
1062.6 1823.27
1062.72 1823.28
1062.84 1823.28
1062.96 1823.29
1063.08 1823.3
1063.2 1823.3
1063.32 1823.31
1063.44 1823.31
1063.56 1823.31
1063.68 1823.32
1063.8 1823.32
1063.92 1823.32
1064.04 1823.33
1064.16 1823.33
1064.28 1823.33
1064.4 1823.33
1064.52 1823.33
1064.64 1823.33
1064.76 1823.33
1064.88 1823.33
1065.0 1823.33
1065.12 1823.33
1065.24 1823.33
1065.36 1823.32
1065.48 1823.32
1065.6 1823.32
1065.72 1823.32
1065.84 1823.31
1065.96 1823.31
1066.08 1823.3
1066.2 1823.3
1066.32 1823.29
1066.44 1823.29
1066.56 1823.28
1066.68 1823.27
1066.8 1823.27
1066.92 1823.26
1067.04 1823.25
1067.16 1823.24
1067.28 1823.23
1067.4 1823.22
1067.52 1823.22
1067.64 1823.21
1067.76 1823.2
1067.88 1823.18
1068.0 1823.17
1068.12 1823.16
1068.24 1823.15
1068.36 1823.14
1068.48 1823.12
1068.6 1823.11
1068.72 1823.1
1068.84 1823.08
1068.96 1823.07
1069.08 1823.05
1069.2 1823.04
1069.32 1823.02
1069.44 1823.01
1069.56 1822.99
1069.68 1822.98
1069.8 1822.96
1069.92 1822.94
1070.04 1822.92
1070.16 1822.9
1070.28 1822.89
1070.4 1822.87
1070.52 1822.85
1070.64 1822.83
1070.76 1822.81
1070.88 1822.79
1071.0 1822.76
1071.12 1822.74
1071.24 1822.72
1071.36 1822.7
1071.48 1822.68
1071.6 1822.65
1071.72 1822.63
1071.84 1822.61
1071.96 1822.58
1072.08 1822.56
1072.2 1822.53
1072.32 1822.51
1072.44 1822.48
1072.56 1822.45
1072.68 1822.43
1072.8 1822.4
1072.92 1822.37
1073.04 1822.35
1073.16 1822.32
1073.28 1822.29
1073.4 1822.26
1073.52 1822.23
1073.64 1822.2
1073.76 1822.17
1073.88 1822.14
1074.0 1822.11
1074.12 1822.08
1074.24 1822.05
1074.36 1822.01
1074.48 1821.98
1074.6 1821.95
1074.72 1821.92
1074.84 1821.88
1074.96 1821.85
1075.08 1821.81
1075.2 1821.78
1075.32 1821.74
1075.44 1821.71
1075.56 1821.67
1075.68 1821.64
1075.8 1821.6
1075.92 1821.56
1076.04 1821.52
1076.16 1821.49
1076.28 1821.45
1076.4 1821.41
1076.52 1821.37
1076.64 1821.33
1076.76 1821.29
1076.88 1821.25
1077.0 1821.21
1077.12 1821.17
1077.24 1821.13
1077.36 1821.09
1077.48 1821.05
1077.6 1821.0
1077.72 1820.96
1077.84 1820.92
1077.96 1820.87
1078.08 1820.83
1078.2 1820.79
1078.32 1820.74
1078.44 1820.7
1078.56 1820.65
1078.68 1820.61
1078.8 1820.56
1078.92 1820.51
1079.04 1820.47
1079.16 1820.42
1079.28 1820.37
1079.4 1820.32
1079.52 1820.28
1079.64 1820.23
1079.76 1820.18
1079.88 1820.13
1080.0 1820.08
1080.12 1820.03
1080.24 1819.98
1080.36 1819.93
1080.48 1819.88
1080.6 1819.82
1080.72 1819.77
1080.84 1819.72
1080.96 1819.67
1081.08 1819.61
1081.2 1819.56
1081.32 1819.51
1081.44 1819.45
1081.56 1819.4
1081.68 1819.34
1081.8 1819.29
1081.92 1819.23
1082.04 1819.18
1082.16 1819.12
1082.28 1819.06
1082.4 1819.01
1082.52 1818.95
1082.64 1818.89
1082.76 1818.83
1082.88 1818.77
1083.0 1818.71
1083.12 1818.66
1083.24 1818.6
1083.36 1818.54
1083.48 1818.48
1083.6 1818.41
1083.72 1818.35
1083.84 1818.29
1083.96 1818.23
1084.08 1818.17
1084.2 1818.11
1084.32 1818.04
1084.44 1817.98
1084.56 1817.92
1084.68 1817.85
1084.8 1817.79
1084.92 1817.72
1085.04 1817.66
1085.16 1817.59
1085.28 1817.53
1085.4 1817.46
1085.52 1817.39
1085.64 1817.33
1085.76 1817.26
1085.88 1817.19
1086.0 1817.13
1086.12 1817.06
1086.24 1816.99
1086.36 1816.92
1086.48 1816.85
1086.6 1816.78
1086.72 1816.71
1086.84 1816.64
1086.96 1816.57
1087.08 1816.5
1087.2 1816.43
1087.32 1816.36
1087.44 1816.28
1087.56 1816.21
1087.68 1816.14
1087.8 1816.07
1087.92 1815.99
1088.04 1815.92
1088.16 1815.84
1088.28 1815.77
1088.4 1815.7
1088.52 1815.62
1088.64 1815.54
1088.76 1815.47
1088.88 1815.39
1089.0 1815.32
1089.12 1815.24
1089.24 1815.16
1089.36 1815.08
1089.48 1815.01
1089.6 1814.93
1089.72 1814.85
1089.84 1814.77
1089.96 1814.69
1090.08 1814.61
1090.2 1814.53
1090.32 1814.45
1090.44 1814.37
1090.56 1814.29
1090.68 1814.21
1090.8 1814.13
1090.92 1814.04
1091.04 1813.96
1091.16 1813.88
1091.28 1813.8
1091.4 1813.71
1091.52 1813.63
1091.64 1813.55
1091.76 1813.46
1091.88 1813.38
1092.0 1813.29
1092.12 1813.21
1092.24 1813.12
1092.36 1813.03
1092.48 1812.95
1092.6 1812.86
1092.72 1812.77
1092.84 1812.69
1092.96 1812.6
1093.08 1812.51
1093.2 1812.42
1093.32 1812.33
1093.44 1812.25
1093.56 1812.16
1093.68 1812.07
1093.8 1811.98
1093.92 1811.89
1094.04 1811.8
1094.16 1811.7
1094.28 1811.61
1094.4 1811.52
1094.52 1811.43
1094.64 1811.34
1094.76 1811.24
1094.88 1811.15
1095.0 1811.06
1095.12 1810.96
1095.24 1810.87
1095.36 1810.78
1095.48 1810.68
1095.6 1810.59
1095.72 1810.49
1095.84 1810.4
1095.96 1810.3
1096.08 1810.2
1096.2 1810.11
1096.32 1810.01
1096.44 1809.91
1096.56 1809.82
1096.68 1809.72
1096.8 1809.62
1096.92 1809.52
1097.04 1809.42
1097.16 1809.32
1097.28 1809.23
1097.4 1809.13
1097.52 1809.03
1097.64 1808.93
1097.76 1808.82
1097.88 1808.72
1098.0 1808.62
1098.12 1808.52
1098.24 1808.42
1098.36 1808.32
1098.48 1808.21
1098.6 1808.11
1098.72 1808.01
1098.84 1807.9
1098.96 1807.8
1099.08 1807.7
1099.2 1807.59
1099.32 1807.49
1099.44 1807.38
1099.56 1807.28
1099.68 1807.17
1099.8 1807.07
1099.92 1806.96
1100.04 1806.85
1100.16 1806.75
1100.28 1806.64
1100.4 1806.53
1100.52 1806.42
1100.64 1806.32
1100.76 1806.21
1100.88 1806.1
1101.0 1805.99
1101.12 1805.88
1101.24 1805.77
1101.36 1805.66
1101.48 1805.55
1101.6 1805.44
1101.72 1805.33
1101.84 1805.22
1101.96 1805.11
1102.08 1805.0
1102.2 1804.88
1102.32 1804.77
1102.44 1804.66
1102.56 1804.55
1102.68 1804.43
1102.8 1804.32
1102.92 1804.2
1103.04 1804.09
1103.16 1803.98
1103.28 1803.86
1103.4 1803.75
1103.52 1803.63
1103.64 1803.52
1103.76 1803.4
1103.88 1803.28
1104.0 1803.17
1104.12 1803.05
1104.24 1802.93
1104.36 1802.82
1104.48 1802.7
1104.6 1802.58
1104.72 1802.46
1104.84 1802.34
1104.96 1802.22
1105.08 1802.1
1105.2 1801.99
1105.32 1801.87
1105.44 1801.75
1105.56 1801.63
1105.68 1801.5
1105.8 1801.38
1105.92 1801.26
1106.04 1801.14
1106.16 1801.02
1106.28 1800.9
1106.4 1800.78
1106.52 1800.65
1106.64 1800.53
1106.76 1800.41
1106.88 1800.28
1107.0 1800.16
1107.12 1800.04
1107.24 1799.91
1107.36 1799.79
1107.48 1799.66
1107.6 1799.54
1107.72 1799.41
1107.84 1799.29
1107.96 1799.16
1108.08 1799.03
1108.2 1798.91
1108.32 1798.78
1108.44 1798.65
1108.56 1798.53
1108.68 1798.4
1108.8 1798.27
1108.92 1798.14
1109.04 1798.01
1109.16 1797.89
1109.28 1797.76
1109.4 1797.63
1109.52 1797.5
1109.64 1797.37
1109.76 1797.24
1109.88 1797.11
1110.0 1796.98
1110.12 1796.85
1110.24 1796.71
1110.36 1796.58
1110.48 1796.45
1110.6 1796.32
1110.72 1796.19
1110.84 1796.05
1110.96 1795.92
1111.08 1795.79
1111.2 1795.66
1111.32 1795.52
1111.44 1795.39
1111.56 1795.25
1111.68 1795.12
1111.8 1794.98
1111.92 1794.85
1112.04 1794.71
1112.16 1794.58
1112.28 1794.44
1112.4 1794.31
1112.52 1794.17
1112.64 1794.03
1112.76 1793.9
1112.88 1793.76
1113.0 1793.62
1113.12 1793.49
1113.24 1793.35
1113.36 1793.21
1113.48 1793.07
1113.6 1792.93
1113.72 1792.79
1113.84 1792.65
1113.96 1792.52
1114.08 1792.38
1114.2 1792.24
1114.32 1792.1
1114.44 1791.96
1114.56 1791.81
1114.68 1791.67
1114.8 1791.53
1114.92 1791.39
1115.04 1791.25
1115.16 1791.11
1115.28 1790.97
1115.4 1790.82
1115.52 1790.68
1115.64 1790.54
1115.76 1790.39
1115.88 1790.25
1116.0 1790.11
1116.12 1789.96
1116.24 1789.82
1116.36 1789.67
1116.48 1789.53
1116.6 1789.38
1116.72 1789.24
1116.84 1789.09
1116.96 1788.95
1117.08 1788.8
1117.2 1788.66
1117.32 1788.51
1117.44 1788.36
1117.56 1788.22
1117.68 1788.07
1117.8 1787.92
1117.92 1787.77
1118.04 1787.63
1118.16 1787.48
1118.28 1787.33
1118.4 1787.18
1118.52 1787.03
1118.64 1786.88
1118.76 1786.73
1118.88 1786.58
1119.0 1786.43
1119.12 1786.28
1119.24 1786.13
1119.36 1785.98
1119.48 1785.83
1119.6 1785.68
1119.72 1785.53
1119.84 1785.38
1119.96 1785.23
1120.08 1785.08
1120.2 1784.92
1120.32 1784.77
1120.44 1784.62
1120.56 1784.47
1120.68 1784.31
1120.8 1784.16
1120.92 1784.01
1121.04 1783.85
1121.16 1783.7
1121.28 1783.54
1121.4 1783.39
1121.52 1783.23
1121.64 1783.08
1121.76 1782.92
1121.88 1782.77
1122.0 1782.61
1122.12 1782.46
1122.24 1782.3
1122.36 1782.14
1122.48 1781.99
1122.6 1781.83
1122.72 1781.67
1122.84 1781.52
1122.96 1781.36
1123.08 1781.2
1123.2 1781.04
1123.32 1780.88
1123.44 1780.73
1123.56 1780.57
1123.68 1780.41
1123.8 1780.25
1123.92 1780.09
1124.04 1779.93
1124.16 1779.77
1124.28 1779.61
1124.4 1779.45
1124.52 1779.29
1124.64 1779.13
1124.76 1778.97
1124.88 1778.81
1125.0 1778.65
1125.12 1778.49
1125.24 1778.32
1125.36 1778.16
1125.48 1778.0
1125.6 1777.84
1125.72 1777.68
1125.84 1777.51
1125.96 1777.35
1126.08 1777.19
1126.2 1777.02
1126.32 1776.86
1126.44 1776.7
1126.56 1776.53
1126.68 1776.37
1126.8 1776.2
1126.92 1776.04
1127.04 1775.87
1127.16 1775.71
1127.28 1775.54
1127.4 1775.38
1127.52 1775.21
1127.64 1775.05
1127.76 1774.88
1127.88 1774.71
1128.0 1774.55
1128.12 1774.38
1128.24 1774.21
1128.36 1774.05
1128.48 1773.88
1128.6 1773.71
1128.72 1773.54
1128.84 1773.37
1128.96 1773.21
1129.08 1773.04
1129.2 1772.87
1129.32 1772.7
1129.44 1772.53
1129.56 1772.36
1129.68 1772.19
1129.8 1772.02
1129.92 1771.85
1130.04 1771.68
1130.16 1771.51
1130.28 1771.34
1130.4 1771.17
1130.52 1771.0
1130.64 1770.83
1130.76 1770.66
1130.88 1770.49
1131.0 1770.32
1131.12 1770.14
1131.24 1769.97
1131.36 1769.8
1131.48 1769.63
1131.6 1769.45
1131.72 1769.28
1131.84 1769.11
1131.96 1768.94
1132.08 1768.76
1132.2 1768.59
1132.32 1768.41
1132.44 1768.24
1132.56 1768.07
1132.68 1767.89
1132.8 1767.72
1132.92 1767.54
1133.04 1767.37
1133.16 1767.19
1133.28 1767.02
1133.4 1766.84
1133.52 1766.67
1133.64 1766.49
1133.76 1766.31
1133.88 1766.14
1134.0 1765.96
1134.12 1765.78
1134.24 1765.61
1134.36 1765.43
1134.48 1765.25
1134.6 1765.08
1134.72 1764.9
1134.84 1764.72
1134.96 1764.54
1135.08 1764.37
1135.2 1764.19
1135.32 1764.01
1135.44 1763.83
1135.56 1763.65
1135.68 1763.47
1135.8 1763.29
1135.92 1763.11
1136.04 1762.93
1136.16 1762.75
1136.28 1762.57
1136.4 1762.39
1136.52 1762.21
1136.64 1762.03
1136.76 1761.85
1136.88 1761.67
1137.0 1761.49
1137.12 1761.31
1137.24 1761.13
1137.36 1760.95
1137.48 1760.77
1137.6 1760.58
1137.72 1760.4
1137.84 1760.22
1137.96 1760.04
1138.08 1759.85
1138.2 1759.67
1138.32 1759.49
1138.44 1759.31
1138.56 1759.12
1138.68 1758.94
1138.8 1758.76
1138.92 1758.57
1139.04 1758.39
1139.16 1758.2
1139.28 1758.02
1139.4 1757.83
1139.52 1757.65
1139.64 1757.47
1139.76 1757.28
1139.88 1757.1
1140.0 1756.91
1140.12 1756.72
1140.24 1756.54
1140.36 1756.35
1140.48 1756.17
1140.6 1755.98
1140.72 1755.79
1140.84 1755.61
1140.96 1755.42
1141.08 1755.23
1141.2 1755.05
1141.32 1754.86
1141.44 1754.67
1141.56 1754.49
1141.68 1754.3
1141.8 1754.11
1141.92 1753.92
1142.04 1753.74
1142.16 1753.55
1142.28 1753.36
1142.4 1753.17
1142.52 1752.98
1142.64 1752.79
1142.76 1752.6
1142.88 1752.41
1143.0 1752.23
1143.12 1752.04
1143.24 1751.85
1143.36 1751.66
1143.48 1751.47
1143.6 1751.28
1143.72 1751.09
1143.84 1750.9
1143.96 1750.71
1144.08 1750.51
1144.2 1750.32
1144.32 1750.13
1144.44 1749.94
1144.56 1749.75
1144.68 1749.56
1144.8 1749.37
1144.92 1749.18
1145.04 1748.98
1145.16 1748.79
1145.28 1748.6
1145.4 1748.41
1145.52 1748.21
1145.64 1748.02
1145.76 1747.83
1145.88 1747.64
1146.0 1747.44
1146.12 1747.25
1146.24 1747.06
1146.36 1746.86
1146.48 1746.67
1146.6 1746.47
1146.72 1746.28
1146.84 1746.09
1146.96 1745.89
1147.08 1745.7
1147.2 1745.5
1147.32 1745.31
1147.44 1745.11
1147.56 1744.92
1147.68 1744.72
1147.8 1744.53
1147.92 1744.33
1148.04 1744.14
1148.16 1743.94
1148.28 1743.75
1148.4 1743.55
1148.52 1743.35
1148.64 1743.16
1148.76 1742.96
1148.88 1742.76
1149.0 1742.57
1149.12 1742.37
1149.24 1742.17
1149.36 1741.98
1149.48 1741.78
1149.6 1741.58
1149.72 1741.39
1149.84 1741.19
1149.96 1740.99
1150.08 1740.79
1150.2 1740.59
1150.32 1740.4
1150.44 1740.2
1150.56 1740.0
1150.68 1739.8
1150.8 1739.6
1150.92 1739.4
1151.04 1739.2
1151.16 1739.01
1151.28 1738.81
1151.4 1738.61
1151.52 1738.41
1151.64 1738.21
1151.76 1738.01
1151.88 1737.81
1152.0 1737.61
1152.12 1737.41
1152.24 1737.21
1152.36 1737.01
1152.48 1736.81
1152.6 1736.61
1152.72 1736.41
1152.84 1736.2
1152.96 1736.0
1153.08 1735.8
1153.2 1735.6
1153.32 1735.4
1153.44 1735.2
1153.56 1735.0
1153.68 1734.8
1153.8 1734.59
1153.92 1734.39
1154.04 1734.19
1154.16 1733.99
1154.28 1733.78
1154.4 1733.58
1154.52 1733.38
1154.64 1733.18
1154.76 1732.97
1154.88 1732.77
1155.0 1732.57
1155.12 1732.37
1155.24 1732.16
1155.36 1731.96
1155.48 1731.76
1155.6 1731.55
1155.72 1731.35
1155.84 1731.14
1155.96 1730.94
1156.08 1730.74
1156.2 1730.53
1156.32 1730.33
1156.44 1730.12
1156.56 1729.92
1156.68 1729.71
1156.8 1729.51
1156.92 1729.3
1157.04 1729.1
1157.16 1728.89
1157.28 1728.69
1157.4 1728.48
1157.52 1728.28
1157.64 1728.07
1157.76 1727.87
1157.88 1727.66
1158.0 1727.46
1158.12 1727.25
1158.24 1727.04
1158.36 1726.84
1158.48 1726.63
1158.6 1726.42
1158.72 1726.22
1158.84 1726.01
1158.96 1725.81
1159.08 1725.6
1159.2 1725.39
1159.32 1725.18
1159.44 1724.98
1159.56 1724.77
1159.68 1724.56
1159.8 1724.36
1159.92 1724.15
1160.04 1723.94
1160.16 1723.73
1160.28 1723.53
1160.4 1723.32
1160.52 1723.11
1160.64 1722.9
1160.76 1722.69
1160.88 1722.48
1161.0 1722.28
1161.12 1722.07
1161.24 1721.86
1161.36 1721.65
1161.48 1721.44
1161.6 1721.23
1161.72 1721.02
1161.84 1720.82
1161.96 1720.61
1162.08 1720.4
1162.2 1720.19
1162.32 1719.98
1162.44 1719.77
1162.56 1719.56
1162.68 1719.35
1162.8 1719.14
1162.92 1718.93
1163.04 1718.72
1163.16 1718.51
1163.28 1718.3
1163.4 1718.09
1163.52 1717.88
1163.64 1717.67
1163.76 1717.46
1163.88 1717.25
1164.0 1717.04
1164.12 1716.83
1164.24 1716.62
1164.36 1716.4
1164.48 1716.19
1164.6 1715.98
1164.72 1715.77
1164.84 1715.56
1164.96 1715.35
1165.08 1715.14
1165.2 1714.93
1165.32 1714.71
1165.44 1714.5
1165.56 1714.29
1165.68 1714.08
1165.8 1713.87
1165.92 1713.66
1166.04 1713.44
1166.16 1713.23
1166.28 1713.02
1166.4 1712.81
1166.52 1712.59
1166.64 1712.38
1166.76 1712.17
1166.88 1711.96
1167.0 1711.74
1167.12 1711.53
1167.24 1711.32
1167.36 1711.11
1167.48 1710.89
1167.6 1710.68
1167.72 1710.47
1167.84 1710.25
1167.96 1710.04
1168.08 1709.83
1168.2 1709.61
1168.32 1709.4
1168.44 1709.19
1168.56 1708.97
1168.68 1708.76
1168.8 1708.55
1168.92 1708.33
1169.04 1708.12
1169.16 1707.9
1169.28 1707.69
1169.4 1707.48
1169.52 1707.26
1169.64 1707.05
1169.76 1706.83
1169.88 1706.62
1170.0 1706.41
1170.12 1706.19
1170.24 1705.98
1170.36 1705.76
1170.48 1705.55
1170.6 1705.33
1170.72 1705.12
1170.84 1704.9
1170.96 1704.69
1171.08 1704.47
1171.2 1704.26
1171.32 1704.04
1171.44 1703.83
1171.56 1703.61
1171.68 1703.4
1171.8 1703.18
1171.92 1702.97
1172.04 1702.75
1172.16 1702.54
1172.28 1702.32
1172.4 1702.1
1172.52 1701.89
1172.64 1701.67
1172.76 1701.46
1172.88 1701.24
1173.0 1701.03
1173.12 1700.81
1173.24 1700.59
1173.36 1700.38
1173.48 1700.16
1173.6 1699.95
1173.72 1699.73
1173.84 1699.51
1173.96 1699.3
1174.08 1699.08
1174.2 1698.86
1174.32 1698.65
1174.44 1698.43
1174.56 1698.21
1174.68 1698.0
1174.8 1697.78
1174.92 1697.56
1175.04 1697.35
1175.16 1697.13
1175.28 1696.91
1175.4 1696.7
1175.52 1696.48
1175.64 1696.26
1175.76 1696.05
1175.88 1695.83
1176.0 1695.61
1176.12 1695.39
1176.24 1695.18
1176.36 1694.96
1176.48 1694.74
1176.6 1694.53
1176.72 1694.31
1176.84 1694.09
1176.96 1693.87
1177.08 1693.66
1177.2 1693.44
1177.32 1693.22
1177.44 1693.0
1177.56 1692.79
1177.68 1692.57
1177.8 1692.35
1177.92 1692.13
1178.04 1691.91
1178.16 1691.7
1178.28 1691.48
1178.4 1691.26
1178.52 1691.04
1178.64 1690.82
1178.76 1690.61
1178.88 1690.39
1179.0 1690.17
1179.12 1689.95
1179.24 1689.73
1179.36 1689.52
1179.48 1689.3
1179.6 1689.08
1179.72 1688.86
1179.84 1688.64
1179.96 1688.42
1180.08 1688.21
1180.2 1687.99
1180.32 1687.77
1180.44 1687.55
1180.56 1687.33
1180.68 1687.11
1180.8 1686.89
1180.92 1686.68
1181.04 1686.46
1181.16 1686.24
1181.28 1686.02
1181.4 1685.8
1181.52 1685.58
1181.64 1685.36
1181.76 1685.15
1181.88 1684.93
1182.0 1684.71
1182.12 1684.49
1182.24 1684.27
1182.36 1684.05
1182.48 1683.83
1182.6 1683.61
1182.72 1683.39
1182.84 1683.18
1182.96 1682.96
1183.08 1682.74
1183.2 1682.52
1183.32 1682.3
1183.44 1682.08
1183.56 1681.86
1183.68 1681.64
1183.8 1681.42
1183.92 1681.2
1184.04 1680.98
1184.16 1680.77
1184.28 1680.55
1184.4 1680.33
1184.52 1680.11
1184.64 1679.89
1184.76 1679.67
1184.88 1679.45
1185.0 1679.23
1185.12 1679.01
1185.24 1678.79
1185.36 1678.57
1185.48 1678.35
1185.6 1678.13
1185.72 1677.91
1185.84 1677.7
1185.96 1677.48
1186.08 1677.26
1186.2 1677.04
1186.32 1676.82
1186.44 1676.6
1186.56 1676.38
1186.68 1676.16
1186.8 1675.94
1186.92 1675.72
1187.04 1675.5
1187.16 1675.28
1187.28 1675.06
1187.4 1674.84
1187.52 1674.62
1187.64 1674.4
1187.76 1674.18
1187.88 1673.96
1188.0 1673.74
1188.12 1673.52
1188.24 1673.31
1188.36 1673.09
1188.48 1672.87
1188.6 1672.65
1188.72 1672.43
1188.84 1672.21
1188.96 1671.99
1189.08 1671.77
1189.2 1671.55
1189.32 1671.33
1189.44 1671.11
1189.56 1670.89
1189.68 1670.67
1189.8 1670.45
1189.92 1670.23
1190.04 1670.01
1190.16 1669.79
1190.28 1669.57
1190.4 1669.35
1190.52 1669.13
1190.64 1668.91
1190.76 1668.69
1190.88 1668.48
1191.0 1668.26
1191.12 1668.04
1191.24 1667.82
1191.36 1667.6
1191.48 1667.38
1191.6 1667.16
1191.72 1666.94
1191.84 1666.72
1191.96 1666.5
1192.08 1666.28
1192.2 1666.06
1192.32 1665.84
1192.44 1665.62
1192.56 1665.4
1192.68 1665.18
1192.8 1664.96
1192.92 1664.74
1193.04 1664.52
1193.16 1664.3
1193.28 1664.09
1193.4 1663.87
1193.52 1663.65
1193.64 1663.43
1193.76 1663.21
1193.88 1662.99
1194.0 1662.77
1194.12 1662.55
1194.24 1662.33
1194.36 1662.11
1194.48 1661.89
1194.6 1661.67
1194.72 1661.45
1194.84 1661.23
1194.96 1661.01
1195.08 1660.8
1195.2 1660.58
1195.32 1660.36
1195.44 1660.14
1195.56 1659.92
1195.68 1659.7
1195.8 1659.48
1195.92 1659.26
1196.04 1659.04
1196.16 1658.82
1196.28 1658.6
1196.4 1658.38
1196.52 1658.17
1196.64 1657.95
1196.76 1657.73
1196.88 1657.51
1197.0 1657.29
1197.12 1657.07
1197.24 1656.85
1197.36 1656.63
1197.48 1656.41
1197.6 1656.19
1197.72 1655.98
1197.84 1655.76
1197.96 1655.54
1198.08 1655.32
1198.2 1655.1
1198.32 1654.88
1198.44 1654.66
1198.56 1654.44
1198.68 1654.23
1198.8 1654.01
1198.92 1653.79
1199.04 1653.57
1199.16 1653.35
1199.28 1653.13
1199.4 1652.91
1199.52 1652.7
1199.64 1652.48
1199.76 1652.26
1199.88 1652.04
1200.0 1651.82
1200.12 1651.6
1200.24 1651.38
1200.36 1651.17
1200.48 1650.95
1200.6 1650.73
1200.72 1650.51
1200.84 1650.29
1200.96 1650.07
1201.08 1649.86
1201.2 1649.64
1201.32 1649.42
1201.44 1649.2
1201.56 1648.98
1201.68 1648.77
1201.8 1648.55
1201.92 1648.33
1202.04 1648.11
1202.16 1647.89
1202.28 1647.68
1202.4 1647.46
1202.52 1647.24
1202.64 1647.02
1202.76 1646.8
1202.88 1646.59
1203.0 1646.37
1203.12 1646.15
1203.24 1645.93
1203.36 1645.72
1203.48 1645.5
1203.6 1645.28
1203.72 1645.06
1203.84 1644.84
1203.96 1644.63
1204.08 1644.41
1204.2 1644.19
1204.32 1643.98
1204.44 1643.76
1204.56 1643.54
1204.68 1643.32
1204.8 1643.11
1204.92 1642.89
1205.04 1642.67
1205.16 1642.45
1205.28 1642.24
1205.4 1642.02
1205.52 1641.8
1205.64 1641.59
1205.76 1641.37
1205.88 1641.15
1206.0 1640.94
1206.12 1640.72
1206.24 1640.5
1206.36 1640.29
1206.48 1640.07
1206.6 1639.85
1206.72 1639.64
1206.84 1639.42
1206.96 1639.2
1207.08 1638.99
1207.2 1638.77
1207.32 1638.55
1207.44 1638.34
1207.56 1638.12
1207.68 1637.9
1207.8 1637.69
1207.92 1637.47
1208.04 1637.26
1208.16 1637.04
1208.28 1636.82
1208.4 1636.61
1208.52 1636.39
1208.64 1636.18
1208.76 1635.96
1208.88 1635.74
1209.0 1635.53
1209.12 1635.31
1209.24 1635.1
1209.36 1634.88
1209.48 1634.66
1209.6 1634.45
1209.72 1634.23
1209.84 1634.02
1209.96 1633.8
1210.08 1633.59
1210.2 1633.37
1210.32 1633.16
1210.44 1632.94
1210.56 1632.72
1210.68 1632.51
1210.8 1632.29
1210.92 1632.08
1211.04 1631.86
1211.16 1631.65
1211.28 1631.43
1211.4 1631.21
1211.52 1631.0
1211.64 1630.78
1211.76 1630.57
1211.88 1630.35
1212.0 1630.13
1212.12 1629.92
1212.24 1629.7
1212.36 1629.49
1212.48 1629.27
1212.6 1629.05
1212.72 1628.84
1212.84 1628.62
1212.96 1628.4
1213.08 1628.19
1213.2 1627.97
1213.32 1627.75
1213.44 1627.54
1213.56 1627.32
1213.68 1627.1
1213.8 1626.88
1213.92 1626.67
1214.04 1626.45
1214.16 1626.23
1214.28 1626.01
1214.4 1625.8
1214.52 1625.58
1214.64 1625.36
1214.76 1625.14
1214.88 1624.92
1215.0 1624.7
1215.12 1624.49
1215.24 1624.27
1215.36 1624.05
1215.48 1623.83
1215.6 1623.61
1215.72 1623.39
1215.84 1623.17
1215.96 1622.95
1216.08 1622.73
1216.2 1622.51
1216.32 1622.29
1216.44 1622.07
1216.56 1621.85
1216.68 1621.63
1216.8 1621.41
1216.92 1621.19
1217.04 1620.97
1217.16 1620.75
1217.28 1620.53
1217.4 1620.3
1217.52 1620.08
1217.64 1619.86
1217.76 1619.64
1217.88 1619.42
1218.0 1619.19
1218.12 1618.97
1218.24 1618.75
1218.36 1618.53
1218.48 1618.3
1218.6 1618.08
1218.72 1617.86
1218.84 1617.63
1218.96 1617.41
1219.08 1617.18
1219.2 1616.96
1219.32 1616.73
1219.44 1616.51
1219.56 1616.29
1219.68 1616.06
1219.8 1615.83
1219.92 1615.61
1220.04 1615.38
1220.16 1615.16
1220.28 1614.93
1220.4 1614.71
1220.52 1614.48
1220.64 1614.25
1220.76 1614.02
1220.88 1613.8
1221.0 1613.57
1221.12 1613.34
1221.24 1613.11
1221.36 1612.89
1221.48 1612.66
1221.6 1612.43
1221.72 1612.2
1221.84 1611.97
1221.96 1611.74
1222.08 1611.51
1222.2 1611.28
1222.32 1611.05
1222.44 1610.82
1222.56 1610.59
1222.68 1610.36
1222.8 1610.13
1222.92 1609.9
1223.04 1609.67
1223.16 1609.44
1223.28 1609.21
1223.4 1608.98
1223.52 1608.74
1223.64 1608.51
1223.76 1608.28
1223.88 1608.05
1224.0 1607.81
1224.12 1607.58
1224.24 1607.35
1224.36 1607.11
1224.48 1606.88
1224.6 1606.64
1224.72 1606.41
1224.84 1606.17
1224.96 1605.94
1225.08 1605.7
1225.2 1605.47
1225.32 1605.23
1225.44 1605.0
1225.56 1604.76
1225.68 1604.52
1225.8 1604.29
1225.92 1604.05
1226.04 1603.81
1226.16 1603.58
1226.28 1603.34
1226.4 1603.1
1226.52 1602.86
1226.64 1602.62
1226.76 1602.39
1226.88 1602.15
1227.0 1601.91
1227.12 1601.67
1227.24 1601.43
1227.36 1601.19
1227.48 1600.95
1227.6 1600.71
1227.72 1600.47
1227.84 1600.23
1227.96 1599.99
1228.08 1599.75
1228.2 1599.5
1228.32 1599.26
1228.44 1599.02
1228.56 1598.78
1228.68 1598.54
1228.8 1598.29
1228.92 1598.05
1229.04 1597.81
1229.16 1597.56
1229.28 1597.32
1229.4 1597.08
1229.52 1596.83
1229.64 1596.59
1229.76 1596.34
1229.88 1596.1
1230.0 1595.85
1230.12 1595.61
1230.24 1595.36
1230.36 1595.12
1230.48 1594.87
1230.6 1594.63
1230.72 1594.38
1230.84 1594.13
1230.96 1593.88
1231.08 1593.64
1231.2 1593.39
1231.32 1593.14
1231.44 1592.89
1231.56 1592.65
1231.68 1592.4
1231.8 1592.15
1231.92 1591.9
1232.04 1591.65
1232.16 1591.4
1232.28 1591.15
1232.4 1590.9
1232.52 1590.65
1232.64 1590.4
1232.76 1590.15
1232.88 1589.9
1233.0 1589.65
1233.12 1589.4
1233.24 1589.15
1233.36 1588.9
1233.48 1588.65
1233.6 1588.39
1233.72 1588.14
1233.84 1587.89
1233.96 1587.64
1234.08 1587.38
1234.2 1587.13
1234.32 1586.88
1234.44 1586.62
1234.56 1586.37
1234.68 1586.12
1234.8 1585.86
1234.92 1585.61
1235.04 1585.35
1235.16 1585.1
1235.28 1584.84
1235.4 1584.59
1235.52 1584.33
1235.64 1584.08
1235.76 1583.82
1235.88 1583.56
1236.0 1583.31
1236.12 1583.05
1236.24 1582.79
1236.36 1582.54
1236.48 1582.28
1236.6 1582.02
1236.72 1581.77
1236.84 1581.51
1236.96 1581.25
1237.08 1580.99
1237.2 1580.73
1237.32 1580.47
1237.44 1580.22
1237.56 1579.96
1237.68 1579.7
1237.8 1579.44
1237.92 1579.18
1238.04 1578.92
1238.16 1578.66
1238.28 1578.4
1238.4 1578.14
1238.52 1577.88
1238.64 1577.62
1238.76 1577.36
1238.88 1577.1
1239.0 1576.83
1239.12 1576.57
1239.24 1576.31
1239.36 1576.05
1239.48 1575.79
1239.6 1575.52
1239.72 1575.26
1239.84 1575.0
1239.96 1574.74
1240.08 1574.47
1240.2 1574.21
1240.32 1573.95
1240.44 1573.68
1240.56 1573.42
1240.68 1573.16
1240.8 1572.89
1240.92 1572.63
1241.04 1572.36
1241.16 1572.1
1241.28 1571.84
1241.4 1571.57
1241.52 1571.31
1241.64 1571.04
1241.76 1570.77
1241.88 1570.51
1242.0 1570.24
1242.12 1569.98
1242.24 1569.71
1242.36 1569.45
1242.48 1569.18
1242.6 1568.91
1242.72 1568.65
1242.84 1568.38
1242.96 1568.11
1243.08 1567.85
1243.2 1567.58
1243.32 1567.31
1243.44 1567.04
1243.56 1566.78
1243.68 1566.51
1243.8 1566.24
1243.92 1565.97
1244.04 1565.7
1244.16 1565.43
1244.28 1565.17
1244.4 1564.9
1244.52 1564.63
1244.64 1564.36
1244.76 1564.09
1244.88 1563.82
1245.0 1563.55
1245.12 1563.28
1245.24 1563.01
1245.36 1562.74
1245.48 1562.47
1245.6 1562.2
1245.72 1561.93
1245.84 1561.66
1245.96 1561.39
1246.08 1561.12
1246.2 1560.85
1246.32 1560.58
1246.44 1560.31
1246.56 1560.04
1246.68 1559.77
1246.8 1559.49
1246.92 1559.22
1247.04 1558.95
1247.16 1558.68
1247.28 1558.41
1247.4 1558.13
1247.52 1557.86
1247.64 1557.59
1247.76 1557.32
1247.88 1557.05
1248.0 1556.77
1248.12 1556.5
1248.24 1556.23
1248.36 1555.95
1248.48 1555.68
1248.6 1555.41
1248.72 1555.13
1248.84 1554.86
1248.96 1554.59
1249.08 1554.31
1249.2 1554.04
1249.32 1553.77
1249.44 1553.49
1249.56 1553.22
1249.68 1552.94
1249.8 1552.67
1249.92 1552.4
1250.04 1552.12
1250.16 1551.85
1250.28 1551.57
1250.4 1551.3
1250.52 1551.02
1250.64 1550.75
1250.76 1550.47
1250.88 1550.2
1251.0 1549.92
1251.12 1549.65
1251.24 1549.37
1251.36 1549.1
1251.48 1548.82
1251.6 1548.54
1251.72 1548.27
1251.84 1547.99
1251.96 1547.72
1252.08 1547.44
1252.2 1547.17
1252.32 1546.89
1252.44 1546.61
1252.56 1546.34
1252.68 1546.06
1252.8 1545.78
1252.92 1545.51
1253.04 1545.23
1253.16 1544.95
1253.28 1544.68
1253.4 1544.4
1253.52 1544.12
1253.64 1543.85
1253.76 1543.57
1253.88 1543.29
1254.0 1543.01
1254.12 1542.74
1254.24 1542.46
1254.36 1542.18
1254.48 1541.91
1254.6 1541.63
1254.72 1541.35
1254.84 1541.07
1254.96 1540.8
1255.08 1540.52
1255.2 1540.24
1255.32 1539.96
1255.44 1539.68
1255.56 1539.41
1255.68 1539.13
1255.8 1538.85
1255.92 1538.57
1256.04 1538.29
1256.16 1538.02
1256.28 1537.74
1256.4 1537.46
1256.52 1537.18
1256.64 1536.9
1256.76 1536.62
1256.88 1536.34
1257.0 1536.07
1257.12 1535.79
1257.24 1535.51
1257.36 1535.23
1257.48 1534.95
1257.6 1534.67
1257.72 1534.39
1257.84 1534.12
1257.96 1533.84
1258.08 1533.56
1258.2 1533.28
1258.32 1533.0
1258.44 1532.72
1258.56 1532.44
1258.68 1532.16
1258.8 1531.88
1258.92 1531.6
1259.04 1531.33
1259.16 1531.05
1259.28 1530.77
1259.4 1530.49
1259.52 1530.21
1259.64 1529.93
1259.76 1529.65
1259.88 1529.37
1260.0 1529.09
1260.12 1528.81
1260.24 1528.53
1260.36 1528.25
1260.48 1527.97
1260.6 1527.69
1260.72 1527.42
1260.84 1527.14
1260.96 1526.86
1261.08 1526.58
1261.2 1526.3
1261.32 1526.02
1261.44 1525.74
1261.56 1525.46
1261.68 1525.18
1261.8 1524.9
1261.92 1524.62
1262.04 1524.34
1262.16 1524.06
1262.28 1523.78
1262.4 1523.5
1262.52 1523.22
1262.64 1522.94
1262.76 1522.66
1262.88 1522.38
1263.0 1522.1
1263.12 1521.83
1263.24 1521.55
1263.36 1521.27
1263.48 1520.99
1263.6 1520.71
1263.72 1520.43
1263.84 1520.15
1263.96 1519.87
1264.08 1519.59
1264.2 1519.31
1264.32 1519.03
1264.44 1518.75
1264.56 1518.47
1264.68 1518.19
1264.8 1517.91
1264.92 1517.63
1265.04 1517.36
1265.16 1517.08
1265.28 1516.8
1265.4 1516.52
1265.52 1516.24
1265.64 1515.96
1265.76 1515.68
1265.88 1515.4
1266.0 1515.12
1266.12 1514.84
1266.24 1514.56
1266.36 1514.28
1266.48 1514.01
1266.6 1513.73
1266.72 1513.45
1266.84 1513.17
1266.96 1512.89
1267.08 1512.61
1267.2 1512.33
1267.32 1512.05
1267.44 1511.77
1267.56 1511.5
1267.68 1511.22
1267.8 1510.94
1267.92 1510.66
1268.04 1510.38
1268.16 1510.1
1268.28 1509.82
1268.4 1509.55
1268.52 1509.27
1268.64 1508.99
1268.76 1508.71
1268.88 1508.43
1269.0 1508.16
1269.12 1507.88
1269.24 1507.6
1269.36 1507.32
1269.48 1507.04
1269.6 1506.76
1269.72 1506.49
1269.84 1506.21
1269.96 1505.93
1270.08 1505.65
1270.2 1505.38
1270.32 1505.1
1270.44 1504.82
1270.56 1504.54
1270.68 1504.27
1270.8 1503.99
1270.92 1503.71
1271.04 1503.43
1271.16 1503.16
1271.28 1502.88
1271.4 1502.6
1271.52 1502.33
1271.64 1502.05
1271.76 1501.77
1271.88 1501.5
1272.0 1501.22
1272.12 1500.94
1272.24 1500.67
1272.36 1500.39
1272.48 1500.11
1272.6 1499.84
1272.72 1499.56
1272.84 1499.28
1272.96 1499.01
1273.08 1498.73
1273.2 1498.45
1273.32 1498.18
1273.44 1497.9
1273.56 1497.63
1273.68 1497.35
1273.8 1497.08
1273.92 1496.8
1274.04 1496.52
1274.16 1496.25
1274.28 1495.97
1274.4 1495.7
1274.52 1495.42
1274.64 1495.15
1274.76 1494.87
1274.88 1494.6
1275.0 1494.32
1275.12 1494.05
1275.24 1493.77
1275.36 1493.5
1275.48 1493.23
1275.6 1492.95
1275.72 1492.68
1275.84 1492.4
1275.96 1492.13
1276.08 1491.85
1276.2 1491.58
1276.32 1491.31
1276.44 1491.03
1276.56 1490.76
1276.68 1490.49
1276.8 1490.21
1276.92 1489.94
1277.04 1489.67
1277.16 1489.39
1277.28 1489.12
1277.4 1488.85
1277.52 1488.57
1277.64 1488.3
1277.76 1488.03
1277.88 1487.75
1278.0 1487.48
1278.12 1487.21
1278.24 1486.94
1278.36 1486.67
1278.48 1486.39
1278.6 1486.12
1278.72 1485.85
1278.84 1485.58
1278.96 1485.31
1279.08 1485.03
1279.2 1484.76
1279.32 1484.49
1279.44 1484.22
1279.56 1483.95
1279.68 1483.68
1279.8 1483.41
1279.92 1483.14
1280.04 1482.87
1280.16 1482.6
1280.28 1482.32
1280.4 1482.05
1280.52 1481.78
1280.64 1481.51
1280.76 1481.24
1280.88 1480.97
1281.0 1480.7
1281.12 1480.43
1281.24 1480.16
1281.36 1479.9
1281.48 1479.63
1281.6 1479.36
1281.72 1479.09
1281.84 1478.82
1281.96 1478.55
1282.08 1478.28
1282.2 1478.01
1282.32 1477.74
1282.44 1477.48
1282.56 1477.21
1282.68 1476.94
1282.8 1476.67
1282.92 1476.4
1283.04 1476.14
1283.16 1475.87
1283.28 1475.6
1283.4 1475.33
1283.52 1475.07
1283.64 1474.8
1283.76 1474.53
1283.88 1474.27
1284.0 1474.0
1284.12 1473.73
1284.24 1473.47
1284.36 1473.2
1284.48 1472.93
1284.6 1472.67
1284.72 1472.4
1284.84 1472.14
1284.96 1471.87
1285.08 1471.6
1285.2 1471.34
1285.32 1471.07
1285.44 1470.81
1285.56 1470.54
1285.68 1470.28
1285.8 1470.01
1285.92 1469.75
1286.04 1469.48
1286.16 1469.22
1286.28 1468.96
1286.4 1468.69
1286.52 1468.43
1286.64 1468.16
1286.76 1467.9
1286.88 1467.64
1287.0 1467.37
1287.12 1467.11
1287.24 1466.85
1287.36 1466.58
1287.48 1466.32
1287.6 1466.06
1287.72 1465.8
1287.84 1465.53
1287.96 1465.27
1288.08 1465.01
1288.2 1464.75
1288.32 1464.49
1288.44 1464.23
1288.56 1463.96
1288.68 1463.7
1288.8 1463.44
1288.92 1463.18
1289.04 1462.92
1289.16 1462.66
1289.28 1462.4
1289.4 1462.14
1289.52 1461.88
1289.64 1461.62
1289.76 1461.36
1289.88 1461.1
1290.0 1460.84
1290.12 1460.58
1290.24 1460.32
1290.36 1460.06
1290.48 1459.8
1290.6 1459.54
1290.72 1459.28
1290.84 1459.03
1290.96 1458.77
1291.08 1458.51
1291.2 1458.25
1291.32 1457.99
1291.44 1457.74
1291.56 1457.48
1291.68 1457.22
1291.8 1456.96
1291.92 1456.71
1292.04 1456.45
1292.16 1456.19
1292.28 1455.94
1292.4 1455.68
1292.52 1455.42
1292.64 1455.17
1292.76 1454.91
1292.88 1454.66
1293.0 1454.4
1293.12 1454.15
1293.24 1453.89
1293.36 1453.64
1293.48 1453.38
1293.6 1453.13
1293.72 1452.87
1293.84 1452.62
1293.96 1452.36
1294.08 1452.11
1294.2 1451.85
1294.32 1451.6
1294.44 1451.35
1294.56 1451.09
1294.68 1450.84
1294.8 1450.59
1294.92 1450.34
1295.04 1450.08
1295.16 1449.83
1295.28 1449.58
1295.4 1449.33
1295.52 1449.07
1295.64 1448.82
1295.76 1448.57
1295.88 1448.32
1296.0 1448.07
1296.12 1447.82
1296.24 1447.57
1296.36 1447.31
1296.48 1447.06
1296.6 1446.81
1296.72 1446.56
1296.84 1446.31
1296.96 1446.06
1297.08 1445.81
1297.2 1445.56
1297.32 1445.32
1297.44 1445.07
1297.56 1444.82
1297.68 1444.57
1297.8 1444.32
1297.92 1444.07
1298.04 1443.82
1298.16 1443.58
1298.28 1443.33
1298.4 1443.08
1298.52 1442.83
1298.64 1442.59
1298.76 1442.34
1298.88 1442.09
1299.0 1441.84
1299.12 1441.6
1299.24 1441.35
1299.36 1441.11
1299.48 1440.86
1299.6 1440.61
1299.72 1440.37
1299.84 1440.12
1299.96 1439.88
1300.08 1439.63
1300.2 1439.39
1300.32 1439.14
1300.44 1438.9
1300.56 1438.65
1300.68 1438.41
1300.8 1438.17
1300.92 1437.92
1301.04 1437.68
1301.16 1437.44
1301.28 1437.19
1301.4 1436.95
1301.52 1436.71
1301.64 1436.46
1301.76 1436.22
1301.88 1435.98
1302.0 1435.74
1302.12 1435.5
1302.24 1435.25
1302.36 1435.01
1302.48 1434.77
1302.6 1434.53
1302.72 1434.29
1302.84 1434.05
1302.96 1433.81
1303.08 1433.57
1303.2 1433.33
1303.32 1433.09
1303.44 1432.85
1303.56 1432.61
1303.68 1432.37
1303.8 1432.13
1303.92 1431.89
1304.04 1431.65
1304.16 1431.42
1304.28 1431.18
1304.4 1430.94
1304.52 1430.7
1304.64 1430.46
1304.76 1430.23
1304.88 1429.99
1305.0 1429.75
1305.12 1429.51
1305.24 1429.28
1305.36 1429.04
1305.48 1428.81
1305.6 1428.57
1305.72 1428.33
1305.84 1428.1
1305.96 1427.86
1306.08 1427.63
1306.2 1427.39
1306.32 1427.16
1306.44 1426.92
1306.56 1426.69
1306.68 1426.45
1306.8 1426.22
1306.92 1425.99
1307.04 1425.75
1307.16 1425.52
1307.28 1425.29
1307.4 1425.05
1307.52 1424.82
1307.64 1424.59
1307.76 1424.36
1307.88 1424.12
1308.0 1423.89
1308.12 1423.66
1308.24 1423.43
1308.36 1423.2
1308.48 1422.97
1308.6 1422.73
1308.72 1422.5
1308.84 1422.27
1308.96 1422.04
1309.08 1421.81
1309.2 1421.58
1309.32 1421.35
1309.44 1421.12
1309.56 1420.9
1309.68 1420.67
1309.8 1420.44
1309.92 1420.21
1310.04 1419.98
1310.16 1419.75
1310.28 1419.52
1310.4 1419.3
1310.52 1419.07
1310.64 1418.84
1310.76 1418.61
1310.88 1418.39
1311.0 1418.16
1311.12 1417.93
1311.24 1417.71
1311.36 1417.48
1311.48 1417.26
1311.6 1417.03
1311.72 1416.81
1311.84 1416.58
1311.96 1416.36
1312.08 1416.13
1312.2 1415.91
1312.32 1415.68
1312.44 1415.46
1312.56 1415.23
1312.68 1415.01
1312.8 1414.79
1312.92 1414.56
1313.04 1414.34
1313.16 1414.12
1313.28 1413.89
1313.4 1413.67
1313.52 1413.45
1313.64 1413.23
1313.76 1413.01
1313.88 1412.79
1314.0 1412.56
1314.12 1412.34
1314.24 1412.12
1314.36 1411.9
1314.48 1411.68
1314.6 1411.46
1314.72 1411.24
1314.84 1411.02
1314.96 1410.8
1315.08 1410.58
1315.2 1410.36
1315.32 1410.14
1315.44 1409.93
1315.56 1409.71
1315.68 1409.49
1315.8 1409.27
1315.92 1409.05
1316.04 1408.84
1316.16 1408.62
1316.28 1408.4
1316.4 1408.18
1316.52 1407.97
1316.64 1407.75
1316.76 1407.53
1316.88 1407.32
1317.0 1407.1
1317.12 1406.89
1317.24 1406.67
1317.36 1406.46
1317.48 1406.24
1317.6 1406.03
1317.72 1405.81
1317.84 1405.6
1317.96 1405.39
1318.08 1405.17
1318.2 1404.96
1318.32 1404.74
1318.44 1404.53
1318.56 1404.32
1318.68 1404.11
1318.8 1403.89
1318.92 1403.68
1319.04 1403.47
1319.16 1403.26
1319.28 1403.05
1319.4 1402.84
1319.52 1402.62
1319.64 1402.41
1319.76 1402.2
1319.88 1401.99
1320.0 1401.78
1320.12 1401.57
1320.24 1401.36
1320.36 1401.15
1320.48 1400.94
1320.6 1400.74
1320.72 1400.53
1320.84 1400.32
1320.96 1400.11
1321.08 1399.9
1321.2 1399.69
1321.32 1399.49
1321.44 1399.28
1321.56 1399.07
1321.68 1398.86
1321.8 1398.66
1321.92 1398.45
1322.04 1398.24
1322.16 1398.04
1322.28 1397.83
1322.4 1397.63
1322.52 1397.42
1322.64 1397.22
1322.76 1397.01
1322.88 1396.81
1323.0 1396.6
1323.12 1396.4
1323.24 1396.19
1323.36 1395.99
1323.48 1395.79
1323.6 1395.58
1323.72 1395.38
1323.84 1395.18
1323.96 1394.98
1324.08 1394.77
1324.2 1394.57
1324.32 1394.37
1324.44 1394.17
1324.56 1393.97
1324.68 1393.77
1324.8 1393.56
1324.92 1393.36
1325.04 1393.16
1325.16 1392.96
1325.28 1392.76
1325.4 1392.56
1325.52 1392.36
1325.64 1392.16
1325.76 1391.96
1325.88 1391.77
1326.0 1391.57
1326.12 1391.37
1326.24 1391.17
1326.36 1390.97
1326.48 1390.77
1326.6 1390.58
1326.72 1390.38
1326.84 1390.18
1326.96 1389.99
1327.08 1389.79
1327.2 1389.59
1327.32 1389.4
1327.44 1389.2
1327.56 1389.01
1327.68 1388.81
1327.8 1388.62
1327.92 1388.42
1328.04 1388.23
1328.16 1388.03
1328.28 1387.84
1328.4 1387.64
1328.52 1387.45
1328.64 1387.26
1328.76 1387.06
1328.88 1386.87
1329.0 1386.68
1329.12 1386.48
1329.24 1386.29
1329.36 1386.1
1329.48 1385.91
1329.6 1385.72
1329.72 1385.52
1329.84 1385.33
1329.96 1385.14
1330.08 1384.95
1330.2 1384.76
1330.32 1384.57
1330.44 1384.38
1330.56 1384.19
1330.68 1384.0
1330.8 1383.81
1330.92 1383.62
1331.04 1383.43
1331.16 1383.24
1331.28 1383.06
1331.4 1382.87
1331.52 1382.68
1331.64 1382.49
1331.76 1382.3
1331.88 1382.12
1332.0 1381.93
1332.12 1381.74
1332.24 1381.56
1332.36 1381.37
1332.48 1381.18
1332.6 1381.0
1332.72 1380.81
1332.84 1380.63
1332.96 1380.44
1333.08 1380.26
1333.2 1380.07
1333.32 1379.89
1333.44 1379.7
1333.56 1379.52
1333.68 1379.34
1333.8 1379.15
1333.92 1378.97
1334.04 1378.79
1334.16 1378.6
1334.28 1378.42
1334.4 1378.24
1334.52 1378.06
1334.64 1377.87
1334.76 1377.69
1334.88 1377.51
1335.0 1377.33
1335.12 1377.15
1335.24 1376.97
1335.36 1376.79
1335.48 1376.61
1335.6 1376.43
1335.72 1376.25
1335.84 1376.07
1335.96 1375.89
1336.08 1375.71
1336.2 1375.53
1336.32 1375.35
1336.44 1375.17
1336.56 1374.99
1336.68 1374.82
1336.8 1374.64
1336.92 1374.46
1337.04 1374.28
1337.16 1374.11
1337.28 1373.93
1337.4 1373.75
1337.52 1373.58
1337.64 1373.4
1337.76 1373.22
1337.88 1373.05
1338.0 1372.87
1338.12 1372.7
1338.24 1372.52
1338.36 1372.35
1338.48 1372.17
1338.6 1372.0
1338.72 1371.83
1338.84 1371.65
1338.96 1371.48
1339.08 1371.31
1339.2 1371.13
1339.32 1370.96
1339.44 1370.79
1339.56 1370.61
1339.68 1370.44
1339.8 1370.27
1339.92 1370.1
1340.04 1369.93
1340.16 1369.76
1340.28 1369.58
1340.4 1369.41
1340.52 1369.24
1340.64 1369.07
1340.76 1368.9
1340.88 1368.73
1341.0 1368.56
1341.12 1368.39
1341.24 1368.22
1341.36 1368.06
1341.48 1367.89
1341.6 1367.72
1341.72 1367.55
1341.84 1367.38
1341.96 1367.21
1342.08 1367.05
1342.2 1366.88
1342.32 1366.71
1342.44 1366.55
1342.56 1366.38
1342.68 1366.21
1342.8 1366.05
1342.92 1365.88
1343.04 1365.72
1343.16 1365.55
1343.28 1365.38
1343.4 1365.22
1343.52 1365.05
1343.64 1364.89
1343.76 1364.73
1343.88 1364.56
1344.0 1364.4
1344.12 1364.23
1344.24 1364.07
1344.36 1363.91
1344.48 1363.75
1344.6 1363.58
1344.72 1363.42
1344.84 1363.26
1344.96 1363.1
1345.08 1362.93
1345.2 1362.77
1345.32 1362.61
1345.44 1362.45
1345.56 1362.29
1345.68 1362.13
1345.8 1361.97
1345.92 1361.81
1346.04 1361.65
1346.16 1361.49
1346.28 1361.33
1346.4 1361.17
1346.52 1361.01
1346.64 1360.85
1346.76 1360.69
1346.88 1360.54
1347.0 1360.38
1347.12 1360.22
1347.24 1360.06
1347.36 1359.9
1347.48 1359.75
1347.6 1359.59
1347.72 1359.43
1347.84 1359.28
1347.96 1359.12
1348.08 1358.97
1348.2 1358.81
1348.32 1358.65
1348.44 1358.5
1348.56 1358.34
1348.68 1358.19
1348.8 1358.03
1348.92 1357.88
1349.04 1357.73
1349.16 1357.57
1349.28 1357.42
1349.4 1357.26
1349.52 1357.11
1349.64 1356.96
1349.76 1356.81
1349.88 1356.65
1350.0 1356.5
1350.12 1356.35
1350.24 1356.2
1350.36 1356.05
1350.48 1355.89
1350.6 1355.74
1350.72 1355.59
1350.84 1355.44
1350.96 1355.29
1351.08 1355.14
1351.2 1354.99
1351.32 1354.84
1351.44 1354.69
1351.56 1354.54
1351.68 1354.39
1351.8 1354.24
1351.92 1354.09
1352.04 1353.95
1352.16 1353.8
1352.28 1353.65
1352.4 1353.5
1352.52 1353.35
1352.64 1353.21
1352.76 1353.06
1352.88 1352.91
1353.0 1352.77
1353.12 1352.62
1353.24 1352.47
1353.36 1352.33
1353.48 1352.18
1353.6 1352.04
1353.72 1351.89
1353.84 1351.75
1353.96 1351.6
1354.08 1351.46
1354.2 1351.31
1354.32 1351.17
1354.44 1351.02
1354.56 1350.88
1354.68 1350.74
1354.8 1350.59
1354.92 1350.45
1355.04 1350.31
1355.16 1350.17
1355.28 1350.02
1355.4 1349.88
1355.52 1349.74
1355.64 1349.6
1355.76 1349.46
1355.88 1349.32
1356.0 1349.17
1356.12 1349.03
1356.24 1348.89
1356.36 1348.75
1356.48 1348.61
1356.6 1348.47
1356.72 1348.33
1356.84 1348.19
1356.96 1348.05
1357.08 1347.92
1357.2 1347.78
1357.32 1347.64
1357.44 1347.5
1357.56 1347.36
1357.68 1347.22
1357.8 1347.09
1357.92 1346.95
1358.04 1346.81
1358.16 1346.67
1358.28 1346.54
1358.4 1346.4
1358.52 1346.26
1358.64 1346.13
1358.76 1345.99
1358.88 1345.86
1359.0 1345.72
1359.12 1345.59
1359.24 1345.45
1359.36 1345.32
1359.48 1345.18
1359.6 1345.05
1359.72 1344.91
1359.84 1344.78
1359.96 1344.65
1360.08 1344.51
1360.2 1344.38
1360.32 1344.25
1360.44 1344.11
1360.56 1343.98
1360.68 1343.85
1360.8 1343.72
1360.92 1343.59
1361.04 1343.45
1361.16 1343.32
1361.28 1343.19
1361.4 1343.06
1361.52 1342.93
1361.64 1342.8
1361.76 1342.67
1361.88 1342.54
1362.0 1342.41
1362.12 1342.28
1362.24 1342.15
1362.36 1342.02
1362.48 1341.89
1362.6 1341.76
1362.72 1341.63
1362.84 1341.5
1362.96 1341.38
1363.08 1341.25
1363.2 1341.12
1363.32 1340.99
1363.44 1340.87
1363.56 1340.74
1363.68 1340.61
1363.8 1340.48
1363.92 1340.36
1364.04 1340.23
1364.16 1340.11
1364.28 1339.98
1364.4 1339.85
1364.52 1339.73
1364.64 1339.6
1364.76 1339.48
1364.88 1339.35
1365.0 1339.23
1365.12 1339.11
1365.24 1338.98
1365.36 1338.86
1365.48 1338.73
1365.6 1338.61
1365.72 1338.49
1365.84 1338.36
1365.96 1338.24
1366.08 1338.12
1366.2 1338.0
1366.32 1337.87
1366.44 1337.75
1366.56 1337.63
1366.68 1337.51
1366.8 1337.39
1366.92 1337.27
1367.04 1337.15
1367.16 1337.02
1367.28 1336.9
1367.4 1336.78
1367.52 1336.66
1367.64 1336.54
1367.76 1336.42
1367.88 1336.31
1368.0 1336.19
1368.12 1336.07
1368.24 1335.95
1368.36 1335.83
1368.48 1335.71
1368.6 1335.59
1368.72 1335.48
1368.84 1335.36
1368.96 1335.24
1369.08 1335.12
1369.2 1335.01
1369.32 1334.89
1369.44 1334.77
1369.56 1334.66
1369.68 1334.54
1369.8 1334.42
1369.92 1334.31
1370.04 1334.19
1370.16 1334.08
1370.28 1333.96
1370.4 1333.85
1370.52 1333.73
1370.64 1333.62
1370.76 1333.5
1370.88 1333.39
1371.0 1333.27
1371.12 1333.16
1371.24 1333.05
1371.36 1332.93
1371.48 1332.82
1371.6 1332.71
1371.72 1332.6
1371.84 1332.48
1371.96 1332.37
1372.08 1332.26
1372.2 1332.15
1372.32 1332.03
1372.44 1331.92
1372.56 1331.81
1372.68 1331.7
1372.8 1331.59
1372.92 1331.48
1373.04 1331.37
1373.16 1331.26
1373.28 1331.15
1373.4 1331.04
1373.52 1330.93
1373.64 1330.82
1373.76 1330.71
1373.88 1330.6
1374.0 1330.49
1374.12 1330.38
1374.24 1330.28
1374.36 1330.17
1374.48 1330.06
1374.6 1329.95
1374.72 1329.84
1374.84 1329.74
1374.96 1329.63
1375.08 1329.52
1375.2 1329.42
1375.32 1329.31
1375.44 1329.2
1375.56 1329.1
1375.68 1328.99
1375.8 1328.89
1375.92 1328.78
1376.04 1328.67
1376.16 1328.57
1376.28 1328.46
1376.4 1328.36
1376.52 1328.25
1376.64 1328.15
1376.76 1328.05
1376.88 1327.94
1377.0 1327.84
1377.12 1327.73
1377.24 1327.63
1377.36 1327.53
1377.48 1327.43
1377.6 1327.32
1377.72 1327.22
1377.84 1327.12
1377.96 1327.02
1378.08 1326.91
1378.2 1326.81
1378.32 1326.71
1378.44 1326.61
1378.56 1326.51
1378.68 1326.41
1378.8 1326.31
1378.92 1326.21
1379.04 1326.1
1379.16 1326.0
1379.28 1325.9
1379.4 1325.8
1379.52 1325.7
1379.64 1325.61
1379.76 1325.51
1379.88 1325.41
1380.0 1325.31
1380.12 1325.21
1380.24 1325.11
1380.36 1325.01
1380.48 1324.91
1380.6 1324.82
1380.72 1324.72
1380.84 1324.62
1380.96 1324.52
1381.08 1324.43
1381.2 1324.33
1381.32 1324.23
1381.44 1324.14
1381.56 1324.04
1381.68 1323.94
1381.8 1323.85
1381.92 1323.75
1382.04 1323.66
1382.16 1323.56
1382.28 1323.47
1382.4 1323.37
1382.52 1323.28
1382.64 1323.18
1382.76 1323.09
1382.88 1322.99
1383.0 1322.9
1383.12 1322.81
1383.24 1322.71
1383.36 1322.62
1383.48 1322.53
1383.6 1322.43
1383.72 1322.34
1383.84 1322.25
1383.96 1322.15
1384.08 1322.06
1384.2 1321.97
1384.32 1321.88
1384.44 1321.79
1384.56 1321.69
1384.68 1321.6
1384.8 1321.51
1384.92 1321.42
1385.04 1321.33
1385.16 1321.24
1385.28 1321.15
1385.4 1321.06
1385.52 1320.97
1385.64 1320.88
1385.76 1320.79
1385.88 1320.7
1386.0 1320.61
1386.12 1320.52
1386.24 1320.43
1386.36 1320.34
1386.48 1320.25
1386.6 1320.16
1386.72 1320.08
1386.84 1319.99
1386.96 1319.9
1387.08 1319.81
1387.2 1319.72
1387.32 1319.64
1387.44 1319.55
1387.56 1319.46
1387.68 1319.38
1387.8 1319.29
1387.92 1319.2
1388.04 1319.12
1388.16 1319.03
1388.28 1318.94
1388.4 1318.86
1388.52 1318.77
1388.64 1318.69
1388.76 1318.6
1388.88 1318.52
1389.0 1318.43
1389.12 1318.35
1389.24 1318.26
1389.36 1318.18
1389.48 1318.09
1389.6 1318.01
1389.72 1317.93
1389.84 1317.84
1389.96 1317.76
1390.08 1317.68
1390.2 1317.59
1390.32 1317.51
1390.44 1317.43
1390.56 1317.34
1390.68 1317.26
1390.8 1317.18
1390.92 1317.1
1391.04 1317.02
1391.16 1316.93
1391.28 1316.85
1391.4 1316.77
1391.52 1316.69
1391.64 1316.61
1391.76 1316.53
1391.88 1316.45
1392.0 1316.37
1392.12 1316.29
1392.24 1316.21
1392.36 1316.13
1392.48 1316.05
1392.6 1315.97
1392.72 1315.89
1392.84 1315.81
1392.96 1315.73
1393.08 1315.65
1393.2 1315.57
1393.32 1315.49
1393.44 1315.41
1393.56 1315.33
1393.68 1315.26
1393.8 1315.18
1393.92 1315.1
1394.04 1315.02
1394.16 1314.95
1394.28 1314.87
1394.4 1314.79
1394.52 1314.71
1394.64 1314.64
1394.76 1314.56
1394.88 1314.48
1395.0 1314.41
1395.12 1314.33
1395.24 1314.26
1395.36 1314.18
1395.48 1314.1
1395.6 1314.03
1395.72 1313.95
1395.84 1313.88
1395.96 1313.8
1396.08 1313.73
1396.2 1313.65
1396.32 1313.58
1396.44 1313.5
1396.56 1313.43
1396.68 1313.36
1396.8 1313.28
1396.92 1313.21
1397.04 1313.13
1397.16 1313.06
1397.28 1312.99
1397.4 1312.92
1397.52 1312.84
1397.64 1312.77
1397.76 1312.7
1397.88 1312.62
1398.0 1312.55
1398.12 1312.48
1398.24 1312.41
1398.36 1312.34
1398.48 1312.27
1398.6 1312.19
1398.72 1312.12
1398.84 1312.05
1398.96 1311.98
1399.08 1311.91
1399.2 1311.84
1399.32 1311.77
1399.44 1311.7
1399.56 1311.63
1399.68 1311.56
1399.8 1311.49
1399.92 1311.42
1400.04 1311.35
1400.16 1311.28
1400.28 1311.21
1400.4 1311.14
1400.52 1311.07
1400.64 1311.0
1400.76 1310.93
1400.88 1310.87
1401.0 1310.8
1401.12 1310.73
1401.24 1310.66
1401.36 1310.59
1401.48 1310.53
1401.6 1310.46
1401.72 1310.39
1401.84 1310.32
1401.96 1310.26
1402.08 1310.19
1402.2 1310.12
1402.32 1310.06
1402.44 1309.99
1402.56 1309.92
1402.68 1309.86
1402.8 1309.79
1402.92 1309.73
1403.04 1309.66
1403.16 1309.6
1403.28 1309.53
1403.4 1309.47
1403.52 1309.4
1403.64 1309.34
1403.76 1309.27
1403.88 1309.21
1404.0 1309.14
1404.12 1309.08
1404.24 1309.01
1404.36 1308.95
1404.48 1308.89
1404.6 1308.82
1404.72 1308.76
1404.84 1308.69
1404.96 1308.63
1405.08 1308.57
1405.2 1308.51
1405.32 1308.44
1405.44 1308.38
1405.56 1308.32
1405.68 1308.26
1405.8 1308.19
1405.92 1308.13
1406.04 1308.07
1406.16 1308.01
1406.28 1307.95
1406.4 1307.88
1406.52 1307.82
1406.64 1307.76
1406.76 1307.7
1406.88 1307.64
1407.0 1307.58
1407.12 1307.52
1407.24 1307.46
1407.36 1307.4
1407.48 1307.34
1407.6 1307.28
1407.72 1307.22
1407.84 1307.16
1407.96 1307.1
1408.08 1307.04
1408.2 1306.98
1408.32 1306.92
1408.44 1306.86
1408.56 1306.8
1408.68 1306.75
1408.8 1306.69
1408.92 1306.63
1409.04 1306.57
1409.16 1306.51
1409.28 1306.45
1409.4 1306.4
1409.52 1306.34
1409.64 1306.28
1409.76 1306.22
1409.88 1306.17
1410.0 1306.11
1410.12 1306.05
1410.24 1306.0
1410.36 1305.94
1410.48 1305.88
1410.6 1305.83
1410.72 1305.77
1410.84 1305.71
1410.96 1305.66
1411.08 1305.6
1411.2 1305.55
1411.32 1305.49
1411.44 1305.44
1411.56 1305.38
1411.68 1305.33
1411.8 1305.27
1411.92 1305.22
1412.04 1305.16
1412.16 1305.11
1412.28 1305.05
1412.4 1305.0
1412.52 1304.94
1412.64 1304.89
1412.76 1304.84
1412.88 1304.78
1413.0 1304.73
1413.12 1304.68
1413.24 1304.62
1413.36 1304.57
1413.48 1304.52
1413.6 1304.46
1413.72 1304.41
1413.84 1304.36
1413.96 1304.31
1414.08 1304.25
1414.2 1304.2
1414.32 1304.15
1414.44 1304.1
1414.56 1304.05
1414.68 1303.99
1414.8 1303.94
1414.92 1303.89
1415.04 1303.84
1415.16 1303.79
1415.28 1303.74
1415.4 1303.69
1415.52 1303.64
1415.64 1303.59
1415.76 1303.54
1415.88 1303.49
1416.0 1303.44
1416.12 1303.39
1416.24 1303.34
1416.36 1303.29
1416.48 1303.24
1416.6 1303.19
1416.72 1303.14
1416.84 1303.09
1416.96 1303.04
1417.08 1302.99
1417.2 1302.94
1417.32 1302.89
1417.44 1302.85
1417.56 1302.8
1417.68 1302.75
1417.8 1302.7
1417.92 1302.65
1418.04 1302.61
1418.16 1302.56
1418.28 1302.51
1418.4 1302.46
1418.52 1302.42
1418.64 1302.37
1418.76 1302.32
1418.88 1302.27
1419.0 1302.23
1419.12 1302.18
1419.24 1302.13
1419.36 1302.09
1419.48 1302.04
1419.6 1302.0
1419.72 1301.95
1419.84 1301.9
1419.96 1301.86
1420.08 1301.81
1420.2 1301.77
1420.32 1301.72
1420.44 1301.68
1420.56 1301.63
1420.68 1301.59
1420.8 1301.54
1420.92 1301.5
1421.04 1301.45
1421.16 1301.41
1421.28 1301.36
1421.4 1301.32
1421.52 1301.28
1421.64 1301.23
1421.76 1301.19
1421.88 1301.15
1422.0 1301.1
1422.12 1301.06
1422.24 1301.02
1422.36 1300.97
1422.48 1300.93
1422.6 1300.89
1422.72 1300.84
1422.84 1300.8
1422.96 1300.76
1423.08 1300.72
1423.2 1300.67
1423.32 1300.63
1423.44 1300.59
1423.56 1300.55
1423.68 1300.51
1423.8 1300.47
1423.92 1300.42
1424.04 1300.38
1424.16 1300.34
1424.28 1300.3
1424.4 1300.26
1424.52 1300.22
1424.64 1300.18
1424.76 1300.14
1424.88 1300.1
1425.0 1300.06
1425.12 1300.02
1425.24 1299.98
1425.36 1299.94
1425.48 1299.9
1425.6 1299.86
1425.72 1299.82
1425.84 1299.78
1425.96 1299.74
1426.08 1299.7
1426.2 1299.66
1426.32 1299.62
1426.44 1299.58
1426.56 1299.54
1426.68 1299.5
1426.8 1299.47
1426.92 1299.43
1427.04 1299.39
1427.16 1299.35
1427.28 1299.31
1427.4 1299.27
1427.52 1299.24
1427.64 1299.2
1427.76 1299.16
1427.88 1299.12
1428.0 1299.09
1428.12 1299.05
1428.24 1299.01
1428.36 1298.98
1428.48 1298.94
1428.6 1298.9
1428.72 1298.87
1428.84 1298.83
1428.96 1298.79
1429.08 1298.76
1429.2 1298.72
1429.32 1298.68
1429.44 1298.65
1429.56 1298.61
1429.68 1298.58
1429.8 1298.54
1429.92 1298.51
1430.04 1298.47
1430.16 1298.44
1430.28 1298.4
1430.4 1298.37
1430.52 1298.33
1430.64 1298.3
1430.76 1298.26
1430.88 1298.23
1431.0 1298.19
1431.12 1298.16
1431.24 1298.12
1431.36 1298.09
1431.48 1298.06
1431.6 1298.02
1431.72 1297.99
1431.84 1297.95
1431.96 1297.92
1432.08 1297.89
1432.2 1297.85
1432.32 1297.82
1432.44 1297.79
1432.56 1297.76
1432.68 1297.72
1432.8 1297.69
1432.92 1297.66
1433.04 1297.62
1433.16 1297.59
1433.28 1297.56
1433.4 1297.53
1433.52 1297.5
1433.64 1297.46
1433.76 1297.43
1433.88 1297.4
1434.0 1297.37
1434.12 1297.34
1434.24 1297.31
1434.36 1297.27
1434.48 1297.24
1434.6 1297.21
1434.72 1297.18
1434.84 1297.15
1434.96 1297.12
1435.08 1297.09
1435.2 1297.06
1435.32 1297.03
1435.44 1297.0
1435.56 1296.97
1435.68 1296.94
1435.8 1296.91
1435.92 1296.88
1436.04 1296.85
1436.16 1296.82
1436.28 1296.79
1436.4 1296.76
1436.52 1296.73
1436.64 1296.7
1436.76 1296.67
1436.88 1296.64
1437.0 1296.61
1437.12 1296.59
1437.24 1296.56
1437.36 1296.53
1437.48 1296.5
1437.6 1296.47
1437.72 1296.44
1437.84 1296.42
1437.96 1296.39
1438.08 1296.36
1438.2 1296.33
1438.32 1296.3
1438.44 1296.28
1438.56 1296.25
1438.68 1296.22
1438.8 1296.19
1438.92 1296.17
1439.04 1296.14
1439.16 1296.11
1439.28 1296.09
1439.4 1296.06
1439.52 1296.03
1439.64 1296.01
1439.76 1295.98
1439.88 1295.95
1440.0 1295.93
1440.12 1295.9
1440.24 1295.87
1440.36 1295.85
1440.48 1295.82
1440.6 1295.8
1440.72 1295.77
1440.84 1295.74
1440.96 1295.72
1441.08 1295.69
1441.2 1295.67
1441.32 1295.64
1441.44 1295.62
1441.56 1295.59
1441.68 1295.57
1441.8 1295.54
1441.92 1295.52
1442.04 1295.49
1442.16 1295.47
1442.28 1295.44
1442.4 1295.42
1442.52 1295.4
1442.64 1295.37
1442.76 1295.35
1442.88 1295.32
1443.0 1295.3
1443.12 1295.28
1443.24 1295.25
1443.36 1295.23
1443.48 1295.21
1443.6 1295.18
1443.72 1295.16
1443.84 1295.14
1443.96 1295.11
1444.08 1295.09
1444.2 1295.07
1444.32 1295.04
1444.44 1295.02
1444.56 1295.0
1444.68 1294.98
1444.8 1294.95
1444.92 1294.93
1445.04 1294.91
1445.16 1294.89
1445.28 1294.86
1445.4 1294.84
1445.52 1294.82
1445.64 1294.8
1445.76 1294.78
1445.88 1294.75
1446.0 1294.73
1446.12 1294.71
1446.24 1294.69
1446.36 1294.67
1446.48 1294.65
1446.6 1294.63
1446.72 1294.6
1446.84 1294.58
1446.96 1294.56
1447.08 1294.54
1447.2 1294.52
1447.32 1294.5
1447.44 1294.48
1447.56 1294.46
1447.68 1294.44
1447.8 1294.42
1447.92 1294.4
1448.04 1294.38
1448.16 1294.36
1448.28 1294.34
1448.4 1294.32
1448.52 1294.3
1448.64 1294.28
1448.76 1294.26
1448.88 1294.24
1449.0 1294.22
1449.12 1294.2
1449.24 1294.18
1449.36 1294.16
1449.48 1294.14
1449.6 1294.12
1449.72 1294.1
1449.84 1294.09
1449.96 1294.07
1450.08 1294.05
1450.2 1294.03
1450.32 1294.01
1450.44 1293.99
1450.56 1293.97
1450.68 1293.96
1450.8 1293.94
1450.92 1293.92
1451.04 1293.9
1451.16 1293.88
1451.28 1293.86
1451.4 1293.85
1451.52 1293.83
1451.64 1293.81
1451.76 1293.79
1451.88 1293.78
1452.0 1293.76
1452.12 1293.74
1452.24 1293.72
1452.36 1293.71
1452.48 1293.69
1452.6 1293.67
1452.72 1293.65
1452.84 1293.64
1452.96 1293.62
1453.08 1293.6
1453.2 1293.59
1453.32 1293.57
1453.44 1293.55
1453.56 1293.54
1453.68 1293.52
1453.8 1293.5
1453.92 1293.49
1454.04 1293.47
1454.16 1293.46
1454.28 1293.44
1454.4 1293.42
1454.52 1293.41
1454.64 1293.39
1454.76 1293.38
1454.88 1293.36
1455.0 1293.34
1455.12 1293.33
1455.24 1293.31
1455.36 1293.3
1455.48 1293.28
1455.6 1293.27
1455.72 1293.25
1455.84 1293.24
1455.96 1293.22
1456.08 1293.21
1456.2 1293.19
1456.32 1293.18
1456.44 1293.16
1456.56 1293.15
1456.68 1293.13
1456.8 1293.12
1456.92 1293.1
1457.04 1293.09
1457.16 1293.07
1457.28 1293.06
1457.4 1293.05
1457.52 1293.03
1457.64 1293.02
1457.76 1293.0
1457.88 1292.99
1458.0 1292.98
1458.12 1292.96
1458.24 1292.95
1458.36 1292.93
1458.48 1292.92
1458.6 1292.91
1458.72 1292.89
1458.84 1292.88
1458.96 1292.87
1459.08 1292.85
1459.2 1292.84
1459.32 1292.83
1459.44 1292.81
1459.56 1292.8
1459.68 1292.79
1459.8 1292.77
1459.92 1292.76
1460.04 1292.75
1460.16 1292.74
1460.28 1292.72
1460.4 1292.71
1460.52 1292.7
1460.64 1292.69
1460.76 1292.67
1460.88 1292.66
1461.0 1292.65
1461.12 1292.64
1461.24 1292.62
1461.36 1292.61
1461.48 1292.6
1461.6 1292.59
1461.72 1292.58
1461.84 1292.56
1461.96 1292.55
1462.08 1292.54
1462.2 1292.53
1462.32 1292.52
1462.44 1292.51
1462.56 1292.5
1462.68 1292.48
1462.8 1292.47
1462.92 1292.46
1463.04 1292.45
1463.16 1292.44
1463.28 1292.43
1463.4 1292.42
1463.52 1292.41
1463.64 1292.4
1463.76 1292.38
1463.88 1292.37
1464.0 1292.36
1464.12 1292.35
1464.24 1292.34
1464.36 1292.33
1464.48 1292.32
1464.6 1292.31
1464.72 1292.3
1464.84 1292.29
1464.96 1292.28
1465.08 1292.27
1465.2 1292.26
1465.32 1292.25
1465.44 1292.24
1465.56 1292.23
1465.68 1292.22
1465.8 1292.21
1465.92 1292.2
1466.04 1292.19
1466.16 1292.18
1466.28 1292.17
1466.4 1292.16
1466.52 1292.15
1466.64 1292.14
1466.76 1292.13
1466.88 1292.13
1467.0 1292.12
1467.12 1292.11
1467.24 1292.1
1467.36 1292.09
1467.48 1292.08
1467.6 1292.07
1467.72 1292.06
1467.84 1292.05
1467.96 1292.05
1468.08 1292.04
1468.2 1292.03
1468.32 1292.02
1468.44 1292.01
1468.56 1292.0
1468.68 1291.99
1468.8 1291.99
1468.92 1291.98
1469.04 1291.97
1469.16 1291.96
1469.28 1291.95
1469.4 1291.95
1469.52 1291.94
1469.64 1291.93
1469.76 1291.92
1469.88 1291.91
1470.0 1291.91
1470.12 1291.9
1470.24 1291.89
1470.36 1291.88
1470.48 1291.88
1470.6 1291.87
1470.72 1291.86
1470.84 1291.85
1470.96 1291.85
1471.08 1291.84
1471.2 1291.83
1471.32 1291.83
1471.44 1291.82
1471.56 1291.81
1471.68 1291.8
1471.8 1291.8
1471.92 1291.79
1472.04 1291.78
1472.16 1291.78
1472.28 1291.77
1472.4 1291.76
1472.52 1291.76
1472.64 1291.75
1472.76 1291.74
1472.88 1291.74
1473.0 1291.73
1473.12 1291.72
1473.24 1291.72
1473.36 1291.71
1473.48 1291.71
1473.6 1291.7
1473.72 1291.69
1473.84 1291.69
1473.96 1291.68
1474.08 1291.68
1474.2 1291.67
1474.32 1291.66
1474.44 1291.66
1474.56 1291.65
1474.68 1291.65
1474.8 1291.64
1474.92 1291.64
1475.04 1291.63
1475.16 1291.62
1475.28 1291.62
1475.4 1291.61
1475.52 1291.61
1475.64 1291.6
1475.76 1291.6
1475.88 1291.59
1476.0 1291.59
1476.12 1291.58
1476.24 1291.58
1476.36 1291.57
1476.48 1291.57
1476.6 1291.56
1476.72 1291.56
1476.84 1291.55
1476.96 1291.55
1477.08 1291.54
1477.2 1291.54
1477.32 1291.53
1477.44 1291.53
1477.56 1291.53
1477.68 1291.52
1477.8 1291.52
1477.92 1291.51
1478.04 1291.51
1478.16 1291.5
1478.28 1291.5
1478.4 1291.49
1478.52 1291.49
1478.64 1291.49
1478.76 1291.48
1478.88 1291.48
1479.0 1291.47
1479.12 1291.47
1479.24 1291.47
1479.36 1291.46
1479.48 1291.46
1479.6 1291.46
1479.72 1291.45
1479.84 1291.45
1479.96 1291.44
1480.08 1291.44
1480.2 1291.44
1480.32 1291.43
1480.44 1291.43
1480.56 1291.43
1480.68 1291.42
1480.8 1291.42
1480.92 1291.42
1481.04 1291.41
1481.16 1291.41
1481.28 1291.41
1481.4 1291.4
1481.52 1291.4
1481.64 1291.4
1481.76 1291.4
1481.88 1291.39
1482.0 1291.39
1482.12 1291.39
1482.24 1291.38
1482.36 1291.38
1482.48 1291.38
1482.6 1291.38
1482.72 1291.37
1482.84 1291.37
1482.96 1291.37
1483.08 1291.37
1483.2 1291.36
1483.32 1291.36
1483.44 1291.36
1483.56 1291.36
1483.68 1291.35
1483.8 1291.35
1483.92 1291.35
1484.04 1291.35
1484.16 1291.35
1484.28 1291.34
1484.4 1291.34
1484.52 1291.34
1484.64 1291.34
1484.76 1291.34
1484.88 1291.33
1485.0 1291.33
1485.12 1291.33
1485.24 1291.33
1485.36 1291.33
1485.48 1291.33
1485.6 1291.32
1485.72 1291.32
1485.84 1291.32
1485.96 1291.32
1486.08 1291.32
1486.2 1291.32
1486.32 1291.31
1486.44 1291.31
1486.56 1291.31
1486.68 1291.31
1486.8 1291.31
1486.92 1291.31
1487.04 1291.31
1487.16 1291.31
1487.28 1291.31
1487.4 1291.3
1487.52 1291.3
1487.64 1291.3
1487.76 1291.3
1487.88 1291.3
1488.0 1291.3
1488.12 1291.3
1488.24 1291.3
1488.36 1291.3
1488.48 1291.3
1488.6 1291.3
1488.72 1291.3
1488.84 1291.3
1488.96 1291.3
1489.08 1291.3
1489.2 1291.29
1489.32 1291.29
1489.44 1291.29
1489.56 1291.29
1489.68 1291.29
1489.8 1291.29
1489.92 1291.29
1490.04 1291.29
1490.16 1291.29
1490.28 1291.29
1490.4 1291.29
1490.52 1291.29
1490.64 1291.29
1490.76 1291.29
1490.88 1291.29
1491.0 1291.29
1491.12 1291.29
1491.24 1291.29
1491.36 1291.29
1491.48 1291.29
1491.6 1291.3
1491.72 1291.3
1491.84 1291.3
1491.96 1291.3
1492.08 1291.3
1492.2 1291.3
1492.32 1291.3
1492.44 1291.3
1492.56 1291.3
1492.68 1291.3
1492.8 1291.3
1492.92 1291.3
1493.04 1291.3
1493.16 1291.3
1493.28 1291.3
1493.4 1291.31
1493.52 1291.31
1493.64 1291.31
1493.76 1291.31
1493.88 1291.31
1494.0 1291.31
1494.12 1291.31
1494.24 1291.31
1494.36 1291.31
1494.48 1291.32
1494.6 1291.32
1494.72 1291.32
1494.84 1291.32
1494.96 1291.32
1495.08 1291.32
1495.2 1291.32
1495.32 1291.33
1495.44 1291.33
1495.56 1291.33
1495.68 1291.33
1495.8 1291.33
1495.92 1291.33
1496.04 1291.34
1496.16 1291.34
1496.28 1291.34
1496.4 1291.34
1496.52 1291.34
1496.64 1291.35
1496.76 1291.35
1496.88 1291.35
1497.0 1291.35
1497.12 1291.35
1497.24 1291.36
1497.36 1291.36
1497.48 1291.36
1497.6 1291.36
1497.72 1291.36
1497.84 1291.37
1497.96 1291.37
1498.08 1291.37
1498.2 1291.37
1498.32 1291.38
1498.44 1291.38
1498.56 1291.38
1498.68 1291.38
1498.8 1291.39
1498.92 1291.39
1499.04 1291.39
1499.16 1291.39
1499.28 1291.4
1499.4 1291.4
1499.52 1291.4
1499.64 1291.41
1499.76 1291.41
1499.88 1291.41
1500.0 1291.41
